FiniteElementSpace
FiniteElementCollection: L2_2D_P8
VDim: 1
Ordering: 0

0.074142732
0.070730338
0.065201169
0.058430384
0.051375352
0.044875971
0.039536939
0.035710599
0.033554876
0.075594026
0.072114835
0.066477436
0.059574117
0.052380988
0.045754386
0.040310846
0.036409609
0.034211689
0.077967349
0.074378925
0.068564537
0.061444483
0.054025523
0.047190874
0.041576431
0.037552711
0.035285786
0.080902021
0.077178533
0.071145291
0.063757242
0.056059032
0.048967129
0.043141359
0.038966188
0.036613936
0.083976546
0.080111549
0.073849028
0.066180208
0.058189445
0.050828027
0.044780861
0.04044702
0.038005376
0.086800548
0.082805585
0.076332461
0.068405753
0.06014627
0.0525373
0.046286776
0.041807195
0.039283442
0.08909072
0.084990341
0.078346435
0.070210584
0.061733184
0.053923456
0.047508017
0.042910246
0.040319905
0.090699329
0.086524934
0.079761068
0.071478322
0.06284785
0.054897109
0.048365831
0.043685042
0.041047929
0.091587583
0.087372296
0.080542205
0.072178336
0.063463347
0.055434739
0.048839498
0.044112869
0.041449929
0.61505108
0.6088558
0.59838658
0.58494573
0.5700261
0.55531849
0.54235375
0.5324543
0.52663713
0.6042333
0.59811927
0.58778115
0.57452451
0.55981264
0.54530757
0.53252356
0.52276158
0.51702392
0.58522968
0.57927105
0.56918191
0.55624732
0.54190041
0.52776528
0.51531008
0.50579752
0.50020847
0.55924765
0.55350621
0.54378223
0.53131878
0.51749386
0.50388086
0.49189024
0.48273355
0.47735568
0.52856351
0.52309176
0.5138149
0.50193256
0.48875685
0.47578844
0.46436693
0.45564582
0.45052605
0.49650601
0.49132686
0.48254017
0.47129019
0.45881657
0.44654558
0.43574142
0.42749166
0.4226501
0.46699485
0.46209399
0.45377352
0.44312541
0.43132026
0.41970952
0.40948788
0.4016835
0.39710488
0.4438054
0.43912881
0.43118296
0.42101735
0.40974962
0.39866945
0.38891499
0.38146783
0.37709931
0.42990249
0.42536139
0.41764468
0.40777244
0.39682982
0.38607166
0.3766019
0.36937267
0.36513201
0.28972672
0.28531347
0.27790868
0.26847821
0.2581025
0.24796411
0.23910509
0.23239511
0.2284768
0.28375365
0.27941429
0.27213015
0.26286467
0.25267526
0.24271824
0.23402001
0.22743251
0.22358503
0.27344293
0.26923931
0.26217681
0.25319654
0.24332579
0.23368702
0.22527071
0.21889793
0.21517757
0.25967235
0.25565152
0.24889557
0.24031108
0.23087911
0.22167415
0.21364111
0.20756185
0.20401479
0.24380013
0.23999705
0.23360396
0.22548712
0.21657462
0.20788259
0.20030048
0.19456556
0.19122128
0.2275874
0.22401253
0.21800122
0.21037494
0.20200427
0.19384657
0.18673559
0.18135962
0.17822561
0.21294214
0.20957794
0.20391905
0.1967449
0.18887445
0.18120812
0.1745281
0.16948
0.16653813
0.20159351
0.1983955
0.19301481
0.18619624
0.17871796
0.17143729
0.16509547
0.16030396
0.15751212
0.19485147
0.19175285
0.18653881
0.1799334
0.1726901
0.16564026
0.15950137
0.15486419
0.15216246
0.073410986
0.070043466
0.064571619
0.057866894
0.050881597
0.04444514
0.039157894
0.035368079
0.033232936
0.071914721
0.068616287
0.063257173
0.056688668
0.049845788
0.043540283
0.038360746
0.034648084
0.032556306
0.069333298
0.066153383
0.060988762
0.054655405
0.048058265
0.041978763
0.036985079
0.033405576
0.031388654
0.065881725
0.062859172
0.057954452
0.051935813
0.045667287
0.039890127
0.035144988
0.031743627
0.029826868
0.061899432
0.059057363
0.05445188
0.048796875
0.042907469
0.037479387
0.033021043
0.029825336
0.028024258
0.057826826
0.055168852
0.050868382
0.04558584
0.040084051
0.035013212
0.030848171
0.027862879
0.026180226
0.054142833
0.051651453
0.047625935
0.042680728
0.037529458
0.032781943
0.028882208
0.026087299
0.024511859
0.051285431
0.048923525
0.045110684
0.040427308
0.035547841
0.031051175
0.027357213
0.024709975
0.023217739
0.049585857
0.047301098
0.04361455
0.039086956
0.034369137
0.030021692
0.026450123
0.023890714
0.022447981
0.2823483
0.27513364
0.26316523
0.24803366
0.2316296
0.21580086
0.20221257
0.19198836
0.18589058
0.26622875
0.25975852
0.24911717
0.23584833
0.22179737
0.20878192
0.19804615
0.18983522
0.18463732
0.24811957
0.24311672
0.23496612
0.22489746
0.21424821
0.20413104
0.19522028
0.18798694
0.18327818
0.24135174
0.23723397
0.23038115
0.22157085
0.21165067
0.20154513
0.19242932
0.18536493
0.18099551
0.23849906
0.234157
0.22688478
0.21753041
0.2072303
0.1972558
0.18860493
0.18195206
0.1778728
0.23324829
0.22906388
0.22207721
0.21313923
0.2032492
0.19338679
0.18462845
0.17801635
0.17411505
0.22903542
0.22480583
0.21771553
0.20860306
0.19856136
0.1888226
0.1804298
0.17408795
0.17032542
0.22468585
0.22047
0.21345537
0.20455961
0.1948791
0.18543653
0.17712468
0.17083324
0.16715411
0.22206936
0.21800394
0.21122332
0.20256624
0.19298145
0.1834353
0.17504451
0.16878411
0.16515525
0.54153511
0.53183675
0.51561463
0.49484584
0.47194366
0.44949942
0.42988801
0.4150517
0.40648899
0.50573325
0.49662679
0.48144535
0.46200619
0.44062513
0.41973122
0.40151654
0.38778228
0.37989009
0.45022008
0.44217672
0.42877858
0.41169593
0.39302589
0.37493277
0.35930037
0.34761914
0.34090707
0.4005981
0.39412809
0.38338683
0.36981723
0.35510054
0.34091168
0.32869076
0.31955737
0.31426973
0.38114803
0.37587414
0.36710385
0.35594462
0.34369929
0.33171267
0.32121926
0.31324272
0.30855476
0.37753022
0.37230854
0.3635577
0.35231553
0.33986517
0.32758305
0.31678466
0.30857603
0.30376023
0.37113612
0.36592684
0.35721166
0.34606427
0.3337862
0.32173205
0.31116967
0.30315783
0.29845924
0.36667244
0.36152841
0.35293089
0.34192005
0.32974983
0.31776705
0.30723554
0.29922632
0.2945263
0.36389669
0.35872333
0.35005517
0.33892798
0.32662444
0.31451457
0.3038768
0.29579531
0.29106268
0.009943473
0.0090043186
0.0075555111
0.0059129569
0.004370157
0.0031176268
0.0022227885
0.0016628357
0.0013793482
0.010138109
0.0091805717
0.0077034049
0.0060286988
0.0044556997
0.0031786521
0.002266298
0.0016953845
0.0014063479
0.010456402
0.0094688015
0.0079452581
0.0062179736
0.0045955892
0.0032784479
0.0023374499
0.0017486122
0.0014505011
0.010849979
0.0098252053
0.008244316
0.0064520169
0.0047685663
0.003401848
0.002425431
0.0018144296
0.0015050977
0.01126231
0.010198593
0.0085576248
0.006697213
0.0049497862
0.0035311285
0.0025176047
0.0018833833
0.0015622959
0.011641046
0.010541557
0.0088454053
0.0069224305
0.0051162403
0.0036498752
0.0026022681
0.0019467188
0.0016148336
0.011948186
0.010819687
0.0090787845
0.0071050735
0.0052512283
0.0037461744
0.0026709269
0.0019980815
0.0016574398
0.012163925
0.01101505
0.009242713
0.0072333642
0.0053460456
0.0038138161
0.0027191538
0.0020341593
0.0016873669
0.012283051
0.011122925
0.0093332309
0.0073042037
0.0053984018
0.0038511664
0.0027457836
0.0020540807
0.001703892
0.013194387
0.011948187
0.010025706
0.0078461361
0.005798934
0.0041369024
0.002949506
0.0022064824
0.0018303117
0.013188537
0.011942888
0.01002126
0.0078426573
0.0057963631
0.0041350685
0.0029481985
0.0022055044
0.0018295004
0.013160844
0.011917812
0.010000219
0.0078261911
0.0057841933
0.0041263868
0.0029420087
0.0022008739
0.0018256593
0.013091636
0.011855144
0.0099476345
0.0077850386
0.0057537785
0.0041046893
0.002926539
0.0021893012
0.0018160595
0.012969805
0.011744819
0.0098550641
0.0077125915
0.0057002351
0.0040664915
0.0028993053
0.0021689278
0.0017991595
0.012802085
0.011592934
0.0097276214
0.0076128533
0.0056265213
0.0040139043
0.0028618124
0.0021408798
0.0017758931
0.012614809
0.011423342
0.0095853181
0.0075014871
0.0055442125
0.0039551862
0.0028199477
0.0021095617
0.0017499141
0.01244703
0.01127141
0.0094578299
0.007401716
0.0054704728
0.0039025817
0.0027824416
0.0020815042
0.0017266399
0.012338033
0.011172709
0.0093750082
0.0073369005
0.0054225684
0.0038684075
0.002758076
0.0020632768
0.0017115201
0.09838252
0.093854027
0.086517281
0.077533156
0.068171708
0.059547571
0.052463002
0.047385764
0.044525271
0.09833784
0.093811249
0.086477807
0.077498354
0.068141147
0.059521091
0.052439632
0.04736474
0.044505543
0.098129922
0.093613331
0.086295289
0.077335426
0.067997875
0.059396105
0.052329533
0.047265236
0.044412136
0.097612318
0.093120768
0.085840971
0.076928501
0.067640224
0.059083702
0.052054405
0.047016626
0.044178575
0.096701909
0.092253341
0.085042039
0.076212176
0.067010775
0.05853372
0.051570035
0.046579045
0.043767289
0.09545086
0.091058876
0.083942447
0.075226092
0.066144269
0.057776602
0.050903171
0.045976711
0.043201099
0.094055352
0.089725162
0.082714432
0.074125129
0.065176682
0.056931274
0.0501585
0.045304177
0.042568967
0.092805968
0.088531173
0.081614126
0.073139039
0.064309743
0.056174058
0.049491313
0.04470169
0.042002753
0.091994208
0.087756044
0.080899156
0.072498553
0.063746474
0.055682183
0.049057849
0.044310273
0.041634962
0.43880898
0.43342737
0.4243622
0.4127633
0.39994145
0.38735498
0.37630328
0.36789545
0.36296817
0.43046511
0.42516252
0.41622624
0.40480547
0.39218455
0.37979382
0.36891606
0.36064
0.35578922
0.41594206
0.41078724
0.4020905
0.39097861
0.37870505
0.36666394
0.3560969
0.3480569
0.34334587
0.39632131
0.39136897
0.38301195
0.37233886
0.36055244
0.34899533
0.33885706
0.33114565
0.32662939
0.37342873
0.36872296
0.36077531
0.35063229
0.33943648
0.32846378
0.3188409
0.31152395
0.30724085
0.34977995
0.34533732
0.33782873
0.32825205
0.31768332
0.3073301
0.29825579
0.29135852
0.28732188
0.32821356
0.32401794
0.31692167
0.30787532
0.29789386
0.28811945
0.2795552
0.27304728
0.26924038
0.31138489
0.307386
0.30061797
0.29199347
0.28247845
0.2731636
0.26500448
0.2588051
0.2551792
0.30134202
0.29746147
0.29089162
0.28252123
0.273287
0.26424888
0.2563343
0.25032202
0.24680566
0.14906986
0.14707878
0.14368511
0.13937622
0.13462603
0.12999101
0.1259443
0.12287397
0.12108161
0.14023234
0.13835494
0.13515392
0.13109086
0.12661239
0.12224382
0.11843063
0.11553795
0.11384961
0.12575287
0.12406297
0.12117974
0.11752207
0.11349178
0.1095625
0.10613415
0.10353405
0.10201678
0.10780245
0.10634687
0.10386184
0.10071173
0.097242257
0.093862178
0.090914542
0.088679628
0.087375711
0.088943972
0.087737169
0.085675607
0.08306479
0.080190762
0.077392948
0.074954311
0.07310571
0.072027373
0.0715783
0.070603218
0.068936424
0.066827467
0.064506936
0.062249428
0.060282543
0.058791744
0.057922157
0.057468037
0.056682895
0.055340025
0.053642174
0.051774538
0.049958459
0.048376624
0.047177769
0.046478481
0.047543343
0.046892661
0.045779181
0.044372021
0.042824438
0.041320023
0.040009875
0.039016963
0.038437774
0.042058617
0.041482518
0.040496349
0.039250349
0.037880138
0.036548359
0.035388658
0.034509783
0.033997074
0.21499632
0.21269409
0.20874111
0.20368002
0.19806043
0.19254104
0.1876944
0.18399844
0.18183164
0.20235827
0.20019274
0.19647075
0.19170416
0.18641046
0.18121119
0.17664583
0.17316401
0.17112274
0.18162777
0.17968664
0.17634485
0.17206366
0.16730641
0.16263374
0.15853124
0.15540131
0.15356596
0.15589135
0.15422827
0.15136026
0.14768464
0.14359537
0.13957802
0.13605195
0.13335971
0.13178015
0.12881259
0.12744162
0.12507303
0.12203561
0.11865051
0.11532352
0.11240395
0.11017213
0.10886153
0.10383741
0.10273531
0.10082675
0.09837697
0.095641746
0.092951321
0.090589519
0.088781671
0.087719009
0.083508043
0.082623764
0.08108833
0.07911528
0.076908759
0.074736049
0.072827286
0.071364799
0.070504714
0.069183882
0.068452223
0.067178623
0.065540323
0.063706085
0.061898298
0.060309085
0.059090973
0.058374568
0.061256782
0.060609189
0.059480051
0.058026669
0.056398521
0.054792995
0.053381147
0.052298982
0.051662592
0.17161184
0.16826967
0.16269731
0.15565121
0.14796622
0.14050919
0.13404
0.12918209
0.12635874
0.16781592
0.16454101
0.15908179
0.15218166
0.14465038
0.13734733
0.13101942
0.12626604
0.12350146
0.16132099
0.15816435
0.15289822
0.14624385
0.13898577
0.13195414
0.12586012
0.121283
0.11862203
0.15273025
0.14972959
0.14472453
0.13840398
0.13151222
0.12483601
0.11905257
0.11471125
0.11218798
0.14293765
0.14011768
0.13541241
0.12947432
0.12300347
0.11673928
0.11131353
0.10724184
0.10487647
0.13303301
0.13039833
0.12600192
0.12045735
0.11441677
0.10856953
0.10350755
0.099711115
0.097506377
0.12416299
0.12169571
0.11757786
0.11238708
0.10673411
0.10126514
0.096531788
0.092982568
0.090921824
0.11733207
0.11499508
0.11109404
0.10617893
0.10082747
0.095650116
0.091170323
0.087812595
0.085863251
0.11328994
0.11103036
0.10725877
0.10250736
0.097333787
0.092329343
0.088000771
0.084756608
0.082873081
0.054432665
0.053329054
0.051483493
0.049165295
0.046644271
0.044210569
0.042109912
0.040534985
0.039621009
0.051130728
0.050093258
0.048358048
0.046178846
0.043809096
0.041521777
0.039547521
0.038067243
0.037208284
0.045743938
0.044814684
0.043259995
0.041308037
0.039185595
0.037137378
0.03536966
0.03404408
0.033274983
0.039104598
0.038309091
0.036977738
0.035306685
0.03348984
0.031737002
0.030224306
0.029089828
0.028431726
0.032173526
0.031518091
0.030420703
0.029043831
0.027546978
0.02610324
0.024857335
0.023922843
0.02338086
0.025828499
0.025301701
0.024419294
0.023312509
0.02210938
0.020949234
0.019948058
0.019197077
0.01876161
0.020697423
0.020274889
0.019566843
0.018679012
0.017713964
0.016783573
0.015980648
0.015378361
0.015029172
0.017100833
0.016751519
0.016165962
0.015431877
0.014633989
0.01386486
0.013201092
0.012703181
0.012414535
0.015117474
0.014808583
0.014290677
0.013641472
0.012935866
0.012255743
0.011668772
0.011228474
0.010973243
0.094819009
0.093269601
0.090654473
0.087353734
0.083741876
0.080237578
0.077192806
0.074895655
0.073558787
0.089122034
0.087663891
0.085202299
0.082096036
0.078697264
0.075400231
0.072535763
0.070374748
0.069117233
0.079811571
0.078503339
0.076293738
0.07350643
0.070457147
0.067499838
0.064930823
0.062992822
0.061865195
0.068309169
0.067186999
0.06529062
0.062899324
0.060283655
0.057747625
0.05554487
0.053883306
0.052916636
0.056270513
0.055344024
0.053777274
0.051802544
0.049642893
0.047549644
0.045731757
0.044360635
0.043563062
0.045222756
0.044476723
0.043214225
0.041623676
0.039884475
0.038199233
0.036735883
0.035632262
0.034990343
0.036270347
0.035671104
0.034656393
0.033378505
0.031981337
0.030627808
0.029452605
0.028566349
0.0280509
0.029985752
0.029489874
0.028649736
0.027591975
0.02643558
0.025315462
0.024342978
0.023609634
0.023183136
0.026516787
0.02607806
0.025334515
0.024398482
0.023375217
0.022384138
0.021523719
0.020874904
0.020497561
0.0098481932
0.0089180441
0.0074831267
0.0058563086
0.0043282927
0.0030877608
0.0022014961
0.0016469066
0.0013661346
0.0096477106
0.0087364927
0.0073307897
0.0057370884
0.0042401799
0.0030249016
0.0021566793
0.0016133797
0.0013383235
0.0093017334
0.0084231858
0.0070678976
0.0055313474
0.0040881212
0.0029164241
0.0020793378
0.0015555216
0.0012903292
0.0088389587
0.0080041141
0.0067162561
0.0052561522
0.0038847295
0.0027713266
0.0019758868
0.0014781317
0.0012261329
0.0083048015
0.0075204066
0.006310375
0.0049385108
0.0036499655
0.0026038491
0.0018564789
0.0013888049
0.0011520348
0.0077583453
0.007025565
0.0058951495
0.0046135571
0.0034097968
0.0024325161
0.0017343221
0.0012974217
0.001076231
0.0072639282
0.0065778479
0.0055194669
0.004319549
0.0031924998
0.0022774992
0.0016237986
0.0012147408
0.0010076461
0.0068804096
0.0062305544
0.005228051
0.0040914873
0.0030239431
0.0021572529
0.0015380658
0.0011506054
0.00095444491
0.0066522863
0.0060239783
0.0050547121
0.0039558324
0.0029236829
0.0020857283
0.0014870706
0.0011124566
0.00092279996
0.0032511324
0.0029440671
0.0024703613
0.0019333121
0.001428876
0.0010193468
0.0007267684
0.00054368486
0.0004509951
0.0030564963
0.0027678144
0.002322468
0.0018175704
0.0013433334
0.00095832148
0.00068325894
0.00051113605
0.00042399534
0.0027382044
0.0024795853
0.0020806156
0.0016282959
0.0012034442
0.00085852575
0.00061210715
0.00045790841
0.00037984216
0.0023446282
0.0021231824
0.0017815587
0.001394253
0.0010304674
0.00073512569
0.00052412607
0.00039209103
0.00032524559
0.0019322973
0.001749796
0.001468251
0.0011490573
0.00084924774
0.0006058453
0.00043195244
0.00032313728
0.00026804737
0.0015535633
0.0014068331
0.0011804715
0.00092384024
0.00068279387
0.00048709867
0.0003472891
0.00025980187
0.00021550966
0.0012464245
0.001128703
0.00094709315
0.00074119763
0.00054780602
0.0003907996
0.0002786303
0.00020843922
0.00017290354
0.0010306865
0.00093334104
0.00078316526
0.00061290719
0.00045298885
0.00032315792
0.0002304035
0.00017236146
0.00014297648
0.00091156066
0.00082546631
0.00069264776
0.00054206793
0.00040063283
0.00028580763
0.00020377368
0.00015244008
0.00012645139
0.02423975
0.023119325
0.021311237
0.019103105
0.01679623
0.014672541
0.012926646
0.011675729
0.010971296
0.02278867
0.021735435
0.020035217
0.017959438
0.015790667
0.013794132
0.012152773
0.010976711
0.010314486
0.020415598
0.019472268
0.017948592
0.016089171
0.014146266
0.012357651
0.010887247
0.0098336041
0.009240383
0.01748111
0.016673689
0.015368538
0.013776532
0.012112938
0.010581403
0.0093223882
0.0084201365
0.0079122141
0.014406707
0.013741622
0.012665651
0.011353695
0.0099827319
0.0087205151
0.0076829557
0.0069393297
0.0065207452
0.011582796
0.011048358
0.010183077
0.0091282855
0.0080261031
0.0070112582
0.0061770985
0.0055791924
0.0052426514
0.0092927384
0.0088641638
0.0081698471
0.0073235796
0.0064393526
0.005625121
0.0049559
0.0044761799
0.0042061679
0.0076842026
0.0073299333
0.0067557479
0.0060559438
0.0053247991
0.0046514851
0.0040981122
0.0037014139
0.003478132
0.006796017
0.0064827567
0.0059749174
0.0053559872
0.004709366
0.0041138657
0.003624459
0.0032736058
0.0030761275
0.42100764
0.41088558
0.39410335
0.37282184
0.34963291
0.32720845
0.30790512
0.29349435
0.28512822
0.42474686
0.41452971
0.39758656
0.37613343
0.35280772
0.33024031
0.31075298
0.29616928
0.28769509
0.42998642
0.41982562
0.40283442
0.3811376
0.35746844
0.33459929
0.31489944
0.30016457
0.29159562
0.43355703
0.42378602
0.40735988
0.38613785
0.36259702
0.33953694
0.31954091
0.30456852
0.29587034
0.43368447
0.42416361
0.40827637
0.3879007
0.36532561
0.34300206
0.32334758
0.30843248
0.29969798
0.4320467
0.42249962
0.40662196
0.38641565
0.36428947
0.342694
0.32383725
0.30953869
0.30113669
0.42822909
0.41881283
0.40313229
0.38314652
0.36124824
0.33994086
0.32145403
0.3075498
0.29943122
0.42021012
0.41111888
0.395984
0.37667727
0.35552001
0.33490086
0.31698167
0.30350181
0.29564536
0.4115907
0.40279173
0.38812589
0.36944526
0.34899427
0.32910247
0.31183618
0.29883475
0.29128449
0.032546028
0.030514456
0.027276262
0.02340967
0.019511265
0.016055649
0.013329905
0.011448367
0.010417863
0.033183093
0.031111755
0.027810175
0.023867898
0.019893184
0.016369927
0.013590828
0.011672461
0.010621785
0.034224897
0.032088528
0.028683293
0.024617245
0.020517743
0.016883871
0.014017521
0.012038925
0.010955263
0.035513115
0.033296334
0.029762926
0.025543834
0.021290026
0.017519377
0.014545137
0.012492068
0.011367617
0.036862721
0.034561695
0.030894007
0.026514576
0.022099112
0.018185166
0.015097896
0.012966804
0.01179962
0.03810236
0.035723954
0.031932928
0.027406223
0.022842273
0.018796707
0.015605617
0.013402858
0.012196425
0.039107662
0.036666503
0.032775453
0.028129315
0.023444948
0.019292643
0.016017359
0.013756483
0.012518218
0.039813797
0.037328561
0.033367254
0.028637224
0.023868275
0.019640996
0.016306572
0.014004873
0.012744249
0.04020371
0.037694135
0.033694034
0.02891768
0.024102028
0.019833348
0.016466269
0.014142028
0.012869059
0.040383707
0.037862895
0.033844884
0.029047147
0.024209934
0.019922144
0.016539989
0.014205343
0.012926675
0.040740464
0.038197383
0.034143877
0.029303756
0.02442381
0.02009814
0.016686107
0.014330836
0.013040872
0.041289624
0.038712264
0.034604119
0.029698755
0.02475303
0.020369052
0.016911027
0.014524008
0.013216656
0.041902604
0.039286981
0.035117846
0.030139658
0.025120509
0.020671448
0.017162086
0.014739629
0.013412869
0.042451574
0.039801684
0.03557793
0.030534522
0.025449617
0.020942268
0.017386929
0.014932736
0.013588593
0.042850333
0.040175551
0.035912121
0.03082134
0.025688671
0.021138983
0.017550248
0.015073002
0.013716233
0.043076834
0.040387918
0.036101952
0.030984261
0.025824461
0.021250724
0.017643019
0.015152678
0.013788737
0.043167457
0.040472884
0.036177906
0.031049448
0.025878793
0.021295433
0.017680138
0.015184558
0.013817748
0.043186598
0.040490827
0.036193942
0.03106321
0.025890266
0.021304874
0.017687976
0.01519129
0.013823874
0.091997663
0.087763493
0.080902806
0.07250149
0.063747478
0.055682928
0.049058157
0.044310366
0.041635506
0.092810372
0.088538794
0.081617513
0.07314198
0.064310636
0.056174841
0.049491547
0.044701813
0.042003321
0.094061386
0.089732248
0.082717674
0.074127892
0.065177511
0.056932047
0.050158668
0.04530437
0.042569503
0.095457834
0.091064414
0.083945687
0.075228389
0.066145124
0.057777254
0.050903315
0.045976951
0.043201484
0.096708389
0.09225742
0.085045467
0.076213958
0.067011702
0.058534199
0.051570207
0.046579304
0.043767472
0.097616838
0.093124057
0.08584432
0.07692986
0.067641156
0.059084026
0.052054617
0.047016831
0.044178591
0.09813276
0.093616208
0.086298063
0.077336486
0.067998698
0.059396336
0.052329773
0.047265367
0.044412116
0.098339035
0.09381317
0.086479563
0.077499183
0.068141734
0.059521303
0.052439858
0.047364809
0.044505563
0.098382645
0.093854515
0.086517744
0.077533427
0.068171879
0.05954765
0.052463079
0.047385779
0.044525283
0.5238614
0.51804455
0.50822982
0.4956503
0.4817165
0.46801175
0.45595691
0.44677055
0.44137996
0.51428883
0.50855252
0.49886859
0.48647126
0.47274257
0.45923729
0.44736004
0.43830865
0.43299635
0.49754822
0.49196362
0.4825246
0.47044391
0.45707321
0.44393028
0.43237523
0.42356811
0.41840076
0.47479741
0.46942304
0.46033747
0.44871348
0.43584985
0.42321328
0.41210795
0.40364486
0.39868157
0.44809353
0.44297754
0.43432094
0.42325343
0.41101147
0.39899215
0.3884316
0.38038533
0.37566895
0.42035199
0.415514
0.40732289
0.39685576
0.38527997
0.37392126
0.36394552
0.35634609
0.35189286
0.3949336
0.39035828
0.38260689
0.37270688
0.36176031
0.35102217
0.3415939
0.33441325
0.33020716
0.37502931
0.37066499
0.36326581
0.35381877
0.34337522
0.33313247
0.32414056
0.31729385
0.31328391
0.3631229
0.35888587
0.35170104
0.34252854
0.33238843
0.32244521
0.31371822
0.30707487
0.30318418
0.35736513
0.35319033
0.34610985
0.33707119
0.32707884
0.31728148
0.30868326
0.30213793
0.29830522
0.34538414
0.34133997
0.3344781
0.3257205
0.31603845
0.30654582
0.2982165
0.29187625
0.28816403
0.32514144
0.32132111
0.31483255
0.30655331
0.29740053
0.28842834
0.28055814
0.27456912
0.27106302
0.29887086
0.29534514
0.28935024
0.28170136
0.27324427
0.2649569
0.25769035
0.25216121
0.24892495
0.26962799
0.26643502
0.26099778
0.25406092
0.2463907
0.23887687
0.23229049
0.22727939
0.22434701
0.24085158
0.23799007
0.23310933
0.22688335
0.21999783
0.21325428
0.20734475
0.20284823
0.200217
0.21578017
0.21320896
0.20881848
0.20321924
0.19702429
0.19095771
0.18564282
0.1815979
0.1792308
0.19695653
0.19460458
0.19058444
0.18545894
0.1797859
0.1742305
0.16936454
0.16566049
0.16349265
0.1860185
0.18379456
0.17999074
0.17514156
0.16977269
0.16451531
0.15991118
0.15640571
0.15435382
0.42317194
0.41869727
0.4110924
0.40136352
0.39057932
0.37997788
0.37064653
0.36352271
0.35934424
0.4091521
0.40481674
0.39744547
0.38801777
0.37756679
0.36729328
0.35825152
0.35134872
0.34730038
0.38541975
0.38132333
0.37435218
0.36543862
0.35555774
0.34584532
0.33729887
0.33077538
0.32695017
0.35454601
0.35076482
0.34432465
0.33609043
0.32696005
0.31798649
0.3100932
0.30406991
0.30053865
0.32009132
0.3166679
0.31082923
0.30336422
0.29508418
0.28694679
0.27979251
0.27433558
0.27113678
0.28610726
0.28304231
0.27780591
0.27110915
0.26367863
0.25637774
0.2499624
0.24507014
0.24220216
0.25644294
0.25369402
0.24898953
0.24297074
0.23629032
0.2297279
0.22396384
0.21956861
0.2169921
0.23414042
0.23163138
0.22732985
0.22182484
0.21571374
0.20971104
0.20443946
0.20041994
0.19806371
0.22116997
0.21880114
0.21473553
0.20953095
0.20375259
0.1980771
0.19309323
0.18929276
0.18706472
0.22661327
0.22272923
0.21622998
0.20797385
0.19891652
0.19009492
0.18241085
0.17660519
0.17322037
0.22175639
0.21794267
0.21155872
0.2034582
0.19457648
0.1859262
0.17839473
0.17270688
0.16939098
0.21341144
0.20972621
0.20355283
0.19572211
0.18714195
0.178792
0.17152441
0.16603657
0.16283829
0.2023317
0.19881787
0.19293127
0.1854693
0.17729748
0.16934893
0.16243285
0.15721267
0.15417225
0.18963553
0.1863229
0.18077137
0.17373991
0.16604521
0.15856496
0.15205815
0.14714954
0.14429201
0.17674047
0.17363636
0.16843312
0.16184765
0.15464384
0.14764409
0.14155794
0.13696864
0.13429808
0.16514474
0.16223091
0.15734547
0.15116681
0.14441146
0.1378497
0.13214639
0.12784775
0.12534709
0.15619044
0.15342587
0.14878996
0.1429294
0.1365233
0.13030256
0.12489671
0.12082286
0.11845344
0.1508836
0.14820795
0.14372073
0.13804957
0.13185102
0.12583279
0.12060414
0.11666487
0.11437408
0.14832891
0.14569619
0.14128063
0.13570094
0.12960305
0.12368312
0.11854039
0.11466619
0.11241334
0.14303676
0.14049344
0.13622766
0.13083896
0.12495021
0.11923388
0.11426862
0.11052826
0.10835342
0.13416593
0.13177368
0.12776016
0.12269224
0.11715537
0.11178202
0.10711592
0.10360194
0.10155903
0.12277261
0.12057595
0.11688986
0.11223769
0.10715594
0.10222602
0.09794641
0.094724197
0.092851255
0.11023333
0.10825399
0.10493163
0.10074081
0.096163994
0.091725443
0.087873558
0.084974189
0.083289264
0.098026407
0.096260646
0.093295609
0.089557314
0.085475354
0.081518252
0.078085367
0.075501949
0.074000858
0.08748802
0.085907864
0.08325378
0.079908846
0.076256973
0.072717917
0.06964844
0.067338897
0.065997154
0.079630928
0.078189988
0.075768976
0.072718783
0.069389121
0.066163112
0.063365605
0.061261
0.060038445
0.075086077
0.073726027
0.071440421
0.068561279
0.065418503
0.062374014
0.059734236
0.057748351
0.056594802
0.19160286
0.18855257
0.1834193
0.17691712
0.16978788
0.16284975
0.15680857
0.15224537
0.14958701
0.18486487
0.18191511
0.17695063
0.17066429
0.16377263
0.15706709
0.15122951
0.14682039
0.14425194
0.17354844
0.17076942
0.16609056
0.16016866
0.15367874
0.14736656
0.14187299
0.13772478
0.13530858
0.15897789
0.15642114
0.15211511
0.1466679
0.14069991
0.13489835
0.12985112
0.1260406
0.12382144
0.14289734
0.14058879
0.1366991
0.13178158
0.12639598
0.12116331
0.11661264
0.11317785
0.11117794
0.1272015
0.12513833
0.1216602
0.11726552
0.11245394
0.1077813
0.10371911
0.10065344
0.098868705
0.11362168
0.11177275
0.10865452
0.1047163
0.10040548
0.096220782
0.092583625
0.089839076
0.088241524
0.10348047
0.10179269
0.098944972
0.095349754
0.091415164
0.087596762
0.084278508
0.081774895
0.0803178
0.097607978
0.096014005
0.093323793
0.089928072
0.086212134
0.082606556
0.079473651
0.077109929
0.075734288
0.032233942
0.030221758
0.027014652
0.023185284
0.019324268
0.015901826
0.013202182
0.011338697
0.010318061
0.031577719
0.029606534
0.026464681
0.022713291
0.018930869
0.015578105
0.012933418
0.011107868
0.010108016
0.030445259
0.028544816
0.025515594
0.021898757
0.018251975
0.015019451
0.012469608
0.010709519
0.0097455324
0.028930495
0.027124661
0.024246124
0.020809243
0.017343901
0.014272203
0.011849224
0.010176695
0.0092606755
0.027182082
0.025485438
0.02278086
0.019551676
0.016295767
0.013409694
0.01113315
0.0095616896
0.0087010274
0.025393415
0.023808468
0.021281872
0.018265158
0.015223504
0.01252733
0.01040059
0.0089325276
0.0081284928
0.023775086
0.022291194
0.019925638
0.017101157
0.014253354
0.011728995
0.0097377927
0.0083632825
0.0076104817
0.022519758
0.021114246
0.018873611
0.016198246
0.013500811
0.011109728
0.0092236616
0.0079217206
0.0072086623
0.021773071
0.020414178
0.018247848
0.01566118
0.013053186
0.010741379
0.0089178478
0.0076590723
0.0069696538
0.021413075
0.020076657
0.017946152
0.015402247
0.012837375
0.010563788
0.0087704069
0.0075324428
0.0068544216
0.020666395
0.019376589
0.01732039
0.014865181
0.01238975
0.010195439
0.008464593
0.0072697947
0.0066154136
0.019411092
0.018199642
0.016268364
0.013962273
0.011637207
0.0095761734
0.0079504612
0.0068282333
0.0062135961
0.017792824
0.016682369
0.014912133
0.012798281
0.010667057
0.0087778413
0.0072876621
0.0062589896
0.0056955894
0.016004254
0.0150054
0.013413153
0.011511775
0.009594795
0.0078954816
0.0065550998
0.0056298304
0.005123061
0.014255961
0.013366176
0.011947905
0.010254222
0.0085466626
0.007032979
0.0058390225
0.0050148297
0.0045634174
0.012741312
0.011946012
0.010678459
0.0091647207
0.0076385935
0.0062857347
0.0052186355
0.0044820126
0.0040785606
0.011608939
0.010884281
0.0097293997
0.008350193
0.0069597057
0.0057270831
0.0047548238
0.0040836698
0.003716074
0.010952766
0.010269046
0.0091794509
0.0078782022
0.0065663128
0.0054033634
0.0044860603
0.0038528434
0.0035060252
0.048766459
0.046518932
0.042893222
0.038440742
0.033800852
0.029525352
0.026012791
0.023495725
0.022076863
0.0470669
0.044896697
0.041397081
0.037100408
0.032622145
0.028495873
0.025105705
0.022676458
0.021307113
0.044209595
0.04216965
0.038881802
0.034847061
0.03064052
0.026765121
0.023580731
0.021299102
0.020013019
0.04052585
0.038654399
0.035639277
0.031942138
0.028085905
0.024533895
0.021614815
0.01952345
0.018344722
0.036453891
0.034769411
0.032055651
0.028731425
0.025262452
0.022067798
0.019442011
0.017560881
0.016500813
0.032472972
0.030971905
0.028552935
0.025592903
0.022502605
0.019657163
0.01731814
0.015642465
0.01469837
0.02902355
0.027681796
0.025518533
0.022873732
0.02011162
0.017568638
0.01547811
0.013980409
0.01313676
0.026444442
0.025221972
0.023250112
0.020840803
0.018324113
0.016007208
0.014102483
0.012737834
0.011969255
0.024949845
0.023796547
0.021935695
0.019662779
0.017288324
0.015102407
0.013305356
0.012017808
0.011292717
0.83058497
0.82359185
0.81181377
0.79658566
0.7796131
0.76276103
0.74782771
0.73638891
0.72964176
0.82711531
0.82011218
0.8083228
0.79309963
0.77612234
0.75925901
0.74431432
0.73286948
0.72612187
0.81976978
0.81275004
0.80092252
0.78566463
0.76866132
0.75178711
0.73684147
0.7253842
0.71862187
0.80712829
0.80011514
0.78828444
0.77303648
0.75605751
0.73922058
0.72432039
0.71290953
0.70618161
0.78937969
0.78242614
0.77068021
0.75555155
0.73871131
0.72202911
0.70727536
0.69598133
0.68932713
0.76827841
0.76141456
0.74981308
0.73488363
0.71827379
0.70184041
0.68731977
0.67620656
0.66965987
0.74678299
0.74003928
0.72863001
0.71395584
0.69763629
0.68150109
0.66724952
0.65634773
0.64993104
0.7285924
0.72195939
0.71073522
0.69630649
0.68026499
0.66441211
0.65041077
0.63969841
0.6333927
0.71720439
0.71064396
0.69954295
0.68526864
0.66940118
0.65373129
0.6398939
0.62931029
0.62308342
0.69583549
0.68529052
0.66758398
0.64478968
0.619473
0.59448099
0.57250208
0.55578838
0.54613516
0.65155287
0.64149795
0.62467198
0.60299957
0.57899847
0.55539749
0.53470805
0.51904116
0.51004207
0.58109117
0.57194995
0.55665192
0.53701722
0.51539924
0.49428258
0.47587955
0.46202831
0.45404784
0.50845648
0.5007544
0.48790057
0.47157204
0.45374626
0.43644405
0.42145502
0.41021103
0.40370485
0.4678535
0.46168578
0.45142052
0.43838788
0.42413511
0.41025043
0.39816664
0.38903634
0.38369935
0.45963405
0.45402771
0.44463276
0.43255457
0.41916006
0.40591435
0.39422608
0.38530355
0.38004958
0.45399878
0.44830306
0.43875228
0.42649635
0.41294176
0.39957877
0.3878259
0.3788904
0.37364772
0.44839182
0.44276088
0.43333899
0.42125943
0.4078972
0.39472791
0.38314721
0.37433315
0.36915443
0.4456792
0.44008977
0.43071585
0.41865952
0.40529569
0.39210104
0.38046939
0.37159961
0.36639019
0.44366395
0.4380512
0.42863138
0.416527
0.40313431
0.3899394
0.37832621
0.36949068
0.36431065
0.4399646
0.43435603
0.42495252
0.41289518
0.3995562
0.38641713
0.37485936
0.36606891
0.36091093
0.43307402
0.42750318
0.41815862
0.4061878
0.39295001
0.37992309
0.3684742
0.35975657
0.35463706
0.42293503
0.41743276
0.40819429
0.39636779
0.38329946
0.37044515
0.35915523
0.35056789
0.34552957
0.4100844
0.40468925
0.3956227
0.38402121
0.37120488
0.35861011
0.34755471
0.33914949
0.33422201
0.39585568
0.39058593
0.3817282
0.37040274
0.35789604
0.34561864
0.3348512
0.32666722
0.32186994
0.38210457
0.37696962
0.36833294
0.35729651
0.34511635
0.3331666
0.32269029
0.31473368
0.31007458
0.37086798
0.36584805
0.35740613
0.34662195
0.334723
0.32305581
0.31282983
0.30506257
0.30051504
0.36398712
0.35903973
0.35072101
0.34009275
0.32836557
0.31687402
0.30680346
0.29915642
0.29468132
0.5321405
0.52610782
0.5159763
0.50293391
0.4884769
0.47420129
0.46160672
0.45200491
0.44636576
0.52842354
0.52237896
0.51223186
0.49919394
0.48473518
0.47046013
0.45787876
0.4482938
0.44266272
0.52106546
0.51504075
0.50492174
0.49193645
0.47754962
0.46336517
0.45087727
0.44135295
0.43575268
0.50995673
0.50399317
0.49396803
0.48111256
0.46687936
0.45285184
0.44050839
0.43110284
0.42557683
0.49562596
0.48976094
0.47989054
0.46723903
0.45323629
0.43945029
0.42732698
0.4180931
0.41267221
0.47948791
0.47374489
0.46407768
0.45169647
0.43799818
0.42452621
0.41268825
0.40367309
0.39838088
0.46372699
0.45811787
0.44866872
0.43657334
0.42319853
0.41005269
0.39850512
0.38971681
0.38456241
0.45072779
0.44523434
0.43598106
0.42414101
0.41105308
0.39819642
0.38690488
0.37831051
0.37327047
0.44272717
0.43730868
0.4281832
0.41650385
0.40359339
0.39091875
0.37978832
0.37131892
0.36635425
0.62665467
0.62024851
0.60948123
0.59559337
0.58016484
0.56489676
0.55140578
0.54110542
0.53504609
0.6230559
0.6166343
0.60584103
0.59194258
0.57649162
0.56120101
0.54769746
0.53739125
0.53132952
0.61550936
0.60908848
0.59828822
0.58439939
0.56897618
0.55373359
0.54028508
0.53000992
0.52396059
0.6036091
0.59723314
0.58649943
0.572708
0.55740582
0.54229267
0.52896868
0.51879939
0.51281796
0.58794485
0.58165709
0.57105874
0.55744853
0.54235276
0.52745854
0.51433481
0.50432184
0.49843668
0.56998941
0.5638144
0.55340349
0.54004556
0.52523649
0.51064242
0.49779523
0.48799601
0.48223719
0.5522434
0.54619957
0.53600136
0.5229241
0.50843383
0.49416306
0.48160437
0.47203044
0.46640877
0.53748773
0.53155848
0.52155384
0.50873014
0.4945255
0.48054328
0.46824069
0.45886127
0.4533541
0.52834661
0.52249174
0.51261453
0.49995142
0.48592598
0.47213023
0.45999437
0.45074514
0.44531688
0.72640199
0.71967352
0.70835509
0.69373835
0.67747308
0.66134937
0.64708259
0.6361711
0.62974097
0.72288361
0.71614366
0.70480746
0.69019059
0.67391452
0.65777557
0.64349484
0.63257381
0.62614152
0.7153812
0.70863172
0.69726853
0.68263209
0.66634735
0.65021596
0.63595138
0.62503142
0.61859302
0.70295926
0.69623493
0.68490333
0.67032116
0.6541114
0.63806715
0.62389169
0.61305109
0.60666583
0.68614579
0.67949769
0.66827943
0.65385103
0.63781658
0.62196061
0.60795912
0.59725553
0.59095553
0.66653126
0.65998419
0.6489319
0.6347293
0.6189538
0.60337354
0.58962872
0.57912425
0.57294246
0.64686757
0.64044749
0.62959949
0.61566692
0.60019761
0.58492885
0.57146319
0.56117752
0.55512979
0.63038352
0.62407605
0.61341707
0.59973288
0.58454414
0.56956017
0.55634747
0.54625398
0.54031918
0.62011033
0.61387589
0.60334206
0.58981581
0.57480449
0.56000629
0.54695993
0.53699666
0.53114143
0.13823007
0.13325733
0.12511792
0.11499721
0.10424405
0.094115857
0.085605558
0.079381618
0.075822564
0.14093584
0.13586574
0.12756701
0.1172482
0.10628455
0.095958109
0.087281228
0.080935458
0.07730674
0.14536055
0.14013132
0.13157206
0.12092927
0.10962143
0.098970769
0.090021477
0.083476474
0.079733831
0.15083195
0.14540585
0.1365244
0.12548104
0.11374755
0.10269601
0.093409865
0.086618513
0.082734997
0.15656396
0.15093168
0.14171275
0.13024968
0.11807031
0.10659877
0.096959725
0.089910278
0.085879177
0.16182903
0.15600732
0.14647832
0.1346298
0.12204083
0.11018353
0.10022033
0.092933828
0.088767165
0.16609854
0.16012329
0.150343
0.13818188
0.12526079
0.11309064
0.10286457
0.095385818
0.091109224
0.16909707
0.16301406
0.15305753
0.1406769
0.12752251
0.11513262
0.10472191
0.097108122
0.092754283
0.17075202
0.1646098
0.15455638
0.14205455
0.1287714
0.11626013
0.10574748
0.098059141
0.093662655
0.17151891
0.16534848
0.15524847
0.1426907
0.12934788
0.11678072
0.10622094
0.098498188
0.094082087
0.17303272
0.16680824
0.15662001
0.14395118
0.1304906
0.11781237
0.10715933
0.099368354
0.094913192
0.17536523
0.16905652
0.15873109
0.1458915
0.13224958
0.11940037
0.10860377
0.10070777
0.096192517
0.17796906
0.17156691
0.16108756
0.14805749
0.13421287
0.12117303
0.11021608
0.10220286
0.097620647
0.18029932
0.1738132
0.16319789
0.14999702
0.13597127
0.12276046
0.11166004
0.10354185
0.098899503
0.18199443
0.17544746
0.16473081
0.15140612
0.13724836
0.12391364
0.11270887
0.10451442
0.09982858
0.18295152
0.17636948
0.16560083
0.15220573
0.13797387
0.1245684
0.11330461
0.10506691
0.10035608
0.18333164
0.17674054
0.16594713
0.15252523
0.13826348
0.12483046
0.11354272
0.1052881
0.10056738
0.18332233
0.17679066
0.16601504
0.15258948
0.13832315
0.12488499
0.11359223
0.10533396
0.10061187
0.28114463
0.27297725
0.25950972
0.24256141
0.22428378
0.20681412
0.19193051
0.18090668
0.17454047
0.28365873
0.27538789
0.26176635
0.24466808
0.22626325
0.20865484
0.1936317
0.18250397
0.1760809
0.2875128
0.2791406
0.26533117
0.24797351
0.22929674
0.21145687
0.19624219
0.18496503
0.1784546
0.29172798
0.28323771
0.26924845
0.25166793
0.23272258
0.21460029
0.19915112
0.18770987
0.18110407
0.29552453
0.28694764
0.27277034
0.2549328
0.23574254
0.21741024
0.20176669
0.19016953
0.18347571
0.29710761
0.28879064
0.27492238
0.25724352
0.23797587
0.21945136
0.20365237
0.19195554
0.18520043
0.29554802
0.28754615
0.27424463
0.25729354
0.23867667
0.22049368
0.20472752
0.19296818
0.18617661
0.29188998
0.28415639
0.27134508
0.25510087
0.23736323
0.22003686
0.20484586
0.19330923
0.1865545
0.28768234
0.2802176
0.26782985
0.25213952
0.23509141
0.21857045
0.20412613
0.19305147
0.1864833
0.1829042
0.17661745
0.16599058
0.15257871
0.13831948
0.12488281
0.11359099
0.1053335
0.10061091
0.18198207
0.17617312
0.16585829
0.1524925
0.13825089
0.1248241
0.11353929
0.1052868
0.10056416
0.18083596
0.17540007
0.16542691
0.15216479
0.13795555
0.12456086
0.11330042
0.1050659
0.10035135
0.17875994
0.17379411
0.16438311
0.15135735
0.13722341
0.12390597
0.11270207
0.10451384
0.099823543
0.17581477
0.17128324
0.16254125
0.14993522
0.13593655
0.12275471
0.11165056
0.10354027
0.098897779
0.17219092
0.16802172
0.15998311
0.14795888
0.13416863
0.12116863
0.11020566
0.10219791
0.097624183
0.16849112
0.1645682
0.15712273
0.14572127
0.13219967
0.11939436
0.10859434
0.10069746
0.096199468
0.16537498
0.1615983
0.15457075
0.14369446
0.13043902
0.11780348
0.1071527
0.099353908
0.094920967
0.16341083
0.15971648
0.15292118
0.1423666
0.12929599
0.11676896
0.10621625
0.098481662
0.094088971
0.16245502
0.1587881
0.15209286
0.14169361
0.12871935
0.1162468
0.10574362
0.098041706
0.093668611
0.16038704
0.15678624
0.15030305
0.14023086
0.12747019
0.11511588
0.10472008
0.09708918
0.09275785
0.15675303
0.15325219
0.14708837
0.13756444
0.12520665
0.11306737
0.10286595
0.095365555
0.091106979
0.15176239
0.1483814
0.14257659
0.1337411
0.12197852
0.11015177
0.10022507
0.092914637
0.088755353
0.14582248
0.14257729
0.13711567
0.12900231
0.11798382
0.10655917
0.096965537
0.089895608
0.085856215
0.13956913
0.13646263
0.13129449
0.12383675
0.11361407
0.10265171
0.093413393
0.086610798
0.082703065
0.13375401
0.13077931
0.12584835
0.11891823
0.10942282
0.098925058
0.090020405
0.083475588
0.079697192
0.12914526
0.12627408
0.12151566
0.11495783
0.10602011
0.09591255
0.087275406
0.080939436
0.077268822
0.12636275
0.12355409
0.11889548
0.11254584
0.1039343
0.094070709
0.085596636
0.079388214
0.07578493
0.22117798
0.21706412
0.21017477
0.20133378
0.19157921
0.18209716
0.17393949
0.16780074
0.16419009
0.21842021
0.21431039
0.20744734
0.19871062
0.18915378
0.17986563
0.17177539
0.16566683
0.16209717
0.21362125
0.20958833
0.20286164
0.19431791
0.18495718
0.17582495
0.16788189
0.16190478
0.15841837
0.20711981
0.20318282
0.19661442
0.18827273
0.17914058
0.17026692
0.16256344
0.15676008
0.15337493
0.19928655
0.19547447
0.18911667
0.18106163
0.17225246
0.16367716
0.15623064
0.15063332
0.14737381
0.19103088
0.18735479
0.18122457
0.17345344
0.16495563
0.15671461
0.14957072
0.14419339
0.14106067
0.18329551
0.17974917
0.17383507
0.16635428
0.15818819
0.15025425
0.14337002
0.13819763
0.13518881
0.1771393
0.17370238
0.16797334
0.16072122
0.15279654
0.14511193
0.13845433
0.13344938
0.1305365
0.1734316
0.17005843
0.16443322
0.15730917
0.14953518
0.14201201
0.13548865
0.13058137
0.12772722
0.40241023
0.39385565
0.37960978
0.36148348
0.3416635
0.32240201
0.30567973
0.29308657
0.28581364
0.37611787
0.36819632
0.35505107
0.33834834
0.32014725
0.30251647
0.28728003
0.27588379
0.26934315
0.33770237
0.33102339
0.31998775
0.30608437
0.29109875
0.27680009
0.26465039
0.2556881
0.25055509
0.31175082
0.30655439
0.29797522
0.28718544
0.27554289
0.2643702
0.25475795
0.24754656
0.24335038
0.30630863
0.30166236
0.29390104
0.2839456
0.27291017
0.26199273
0.25234054
0.24495185
0.24059244
0.30145542
0.29667848
0.28869237
0.27848987
0.26728205
0.25632214
0.24674953
0.23950566
0.23527086
0.29620897
0.29155393
0.28377515
0.27382519
0.26286153
0.25206647
0.24256358
0.23532868
0.23107511
0.29227429
0.28759783
0.27977841
0.26976979
0.25870704
0.24781135
0.23823835
0.23097482
0.22672186
0.28880146
0.284115
0.27627982
0.26627675
0.25530063
0.24457662
0.23522041
0.22815722
0.22403667
0.28746022
0.28283848
0.27510926
0.26522732
0.25436474
0.24371409
0.23438317
0.22730974
0.22316333
0.28450693
0.27989843
0.27219647
0.26236843
0.25154607
0.24092128
0.23160309
0.22453818
0.22040015
0.27894716
0.27438448
0.26675203
0.25701915
0.24630387
0.23579854
0.22660751
0.21964322
0.2155664
0.27106614
0.26658638
0.25909147
0.24954457
0.23904583
0.22876637
0.21978734
0.21299116
0.20901544
0.26149237
0.25712866
0.24982379
0.24052575
0.23030351
0.22030568
0.21157998
0.20497976
0.20112274
0.25117644
0.24694388
0.23986175
0.23085539
0.22096071
0.21130191
0.20288432
0.19651946
0.19280056
0.24146839
0.23736976
0.23050857
0.22178899
0.21221767
0.20288011
0.19474192
0.18859149
0.18500231
0.23365006
0.22966227
0.22298789
0.21450784
0.20520388
0.19613672
0.18824001
0.18227386
0.17879342
0.22890747
0.22498934
0.21843454
0.21010533
0.20096803
0.19207111
0.1843235
0.17846934
0.17505461
0.36183145
0.35668595
0.3480631
0.33700788
0.32481204
0.31283549
0.30233169
0.29436127
0.28969305
0.35844104
0.35331093
0.3447238
0.3337402
0.32162303
0.30972291
0.29928619
0.29136691
0.28672697
0.35219033
0.34710601
0.33859112
0.32770799
0.3157029
0.30392075
0.29359316
0.28574648
0.2811445
0.34312289
0.33811503
0.32972072
0.31899984
0.30718429
0.29559414
0.2854415
0.27773563
0.27322096
0.33187178
0.32697695
0.31876615
0.30828524
0.29673708
0.28541859
0.2755091
0.26799088
0.26358959
0.319583
0.31481603
0.30681913
0.29662042
0.28538841
0.27439248
0.26477412
0.25747924
0.25320981
0.3078549
0.30322275
0.29544805
0.28553995
0.27463588
0.26396678
0.25463752
0.247568
0.24343534
0.29834968
0.29383061
0.28624694
0.27658542
0.26595524
0.25556079
0.24647442
0.23958873
0.23556434
0.29254999
0.28810126
0.28063769
0.27112872
0.26066671
0.25044405
0.24151015
0.23474177
0.23078826
0.0012549369
0.0010208843
0.00069507069
0.00038604267
0.00016703128
5.1781161e-05
9.7377924e-06
7.4505556e-07
5.4649905e-09
0.0012795014
0.0010408674
0.0007086762
0.00039359918
0.00017030079
5.279474e-05
9.9284027e-06
7.5963952e-07
5.5719497e-09
0.0013196721
0.0010735461
0.00073092553
0.00040595647
0.00017564749
5.4452264e-05
1.0240111e-05
7.8348887e-07
5.7468893e-09
0.0013693443
0.0011139542
0.00075843742
0.00042123659
0.00018225883
5.6501836e-05
1.0625547e-05
8.1297924e-07
5.9631966e-09
0.0014213835
0.0011562878
0.00078726033
0.00043724485
0.00018918522
5.8649077e-05
1.102935e-05
8.4387489e-07
6.1898216e-09
0.0014691826
0.0011951721
0.00081373475
0.00045194876
0.00019554724
6.062136e-05
1.1400251e-05
8.7225319e-07
6.3979687e-09
0.0015079459
0.0012267057
0.00083520452
0.00046387308
0.0002007066
6.2220808e-05
1.1701038e-05
8.952669e-07
6.5667867e-09
0.0015351737
0.0012488554
0.00085028515
0.00047224887
0.0002043306
6.334428e-05
1.1912314e-05
9.1143205e-07
6.6853435e-09
0.0015502083
0.001261086
0.00085861235
0.00047687381
0.0002063317
6.3964637e-05
1.2028976e-05
9.2035807e-07
6.7508274e-09
0.0015571487
0.001266732
0.00086245642
0.0004790088
0.00020725546
6.4251012e-05
1.2082831e-05
9.2447847e-07
6.7811319e-09
0.0015709048
0.0012779225
0.00087007554
0.00048324047
0.0002090864
6.4818618e-05
1.2189573e-05
9.3264567e-07
6.8409189e-09
0.0015920798
0.0012951483
0.00088180371
0.0004897543
0.00021190478
6.569234e-05
1.2353882e-05
9.4521716e-07
6.9331971e-09
0.0016157156
0.0013143758
0.00089489482
0.00049702511
0.00021505068
6.6667598e-05
1.2537286e-05
9.5924976e-07
7.0360819e-09
0.0016368833
0.0013315957
0.00090661898
0.00050353672
0.00021786809
6.7541021e-05
1.2701539e-05
9.71817e-07
7.1282983e-09
0.0016522589
0.0013441036
0.00091513505
0.00050826654
0.00021991458
6.8175448e-05
1.2820847e-05
9.8094552e-07
7.1952302e-09
0.0016609928
0.0013512086
0.00091997247
0.00051095325
0.00022107705
6.8535824e-05
1.2888619e-05
9.8613079e-07
7.2332829e-09
0.0016644874
0.0013540514
0.00092190801
0.00051202825
0.00022154218
6.8680017e-05
1.2915735e-05
9.882053e-07
7.2486542e-09
0.0016652255
0.0013546519
0.00092231682
0.0005122553
0.00022164041
6.8710474e-05
1.2921462e-05
9.8864429e-07
7.2513069e-09
0.012338043
0.011172723
0.0093750164
0.0073369051
0.0054225708
0.0038684084
0.0027580767
0.0020632769
0.0017115204
0.01244704
0.011271425
0.0094578372
0.0074017208
0.0054704749
0.0039025827
0.0027824421
0.0020815043
0.0017266403
0.01261482
0.011423358
0.009585324
0.0075014922
0.0055442141
0.0039551875
0.002819948
0.0021095619
0.0017499146
0.012802097
0.011592948
0.0097276261
0.0076128581
0.0056265226
0.0040139056
0.0028618125
0.0021408801
0.0017758935
0.012969819
0.011744829
0.0098550693
0.0077125954
0.0057002365
0.0040664924
0.0028993055
0.0021689282
0.0017991598
0.013091648
0.01185515
0.0099476401
0.0077850415
0.0057537801
0.0041046898
0.0029265393
0.0021893014
0.0018160597
0.01316085
0.011917817
0.010000223
0.0078261933
0.0057841946
0.0041263873
0.002942009
0.002200874
0.0018256594
0.01318854
0.011942891
0.010021263
0.0078426589
0.0057963641
0.0041350688
0.0029481988
0.0022055045
0.0018295004
0.013194388
0.011948187
0.010025707
0.0078461365
0.0057989343
0.0041369024
0.0029495061
0.0022064825
0.0018303117
0.0016652255
0.0013546518
0.00092231681
0.00051225529
0.00022164041
6.8710472e-05
1.2921463e-05
9.8864336e-07
7.2519538e-09
0.0016644873
0.0013540513
0.00092190797
0.00051202822
0.00022154217
6.8680012e-05
1.2915738e-05
9.8820315e-07
7.2501216e-09
0.0016609926
0.0013512084
0.00091997238
0.0005109532
0.00022107704
6.8535819e-05
1.288862e-05
9.8612912e-07
7.2344605e-09
0.0016522588
0.0013441034
0.00091513492
0.0005082665
0.00021991456
6.8175447e-05
1.2820846e-05
9.8094654e-07
7.1946066e-09
0.0016368832
0.0013315955
0.00090661883
0.00050353667
0.00021786807
6.7541023e-05
1.2701534e-05
9.7182076e-07
7.1258e-09
0.0016157153
0.0013143756
0.00089489465
0.00049702506
0.00021505065
6.6667601e-05
1.2537279e-05
9.5925505e-07
7.032503e-09
0.0015920794
0.0012951481
0.00088180352
0.00048975424
0.00021190474
6.5692342e-05
1.2353876e-05
9.452225e-07
6.929527e-09
0.0015709043
0.0012779223
0.00087007536
0.00048324039
0.00020908637
6.4818616e-05
1.218957e-05
9.3264825e-07
6.8391082e-09
0.0015571481
0.0012667317
0.00086245625
0.00047900872
0.00020725544
6.4251005e-05
1.2082831e-05
9.2447824e-07
6.7812111e-09
0.0015502077
0.0012610857
0.00085861218
0.00047687371
0.00020633168
6.3964628e-05
1.2028979e-05
9.2035596e-07
6.7521938e-09
0.0015351731
0.001248855
0.00085028499
0.00047224876
0.00020433059
6.3344264e-05
1.1912322e-05
9.114256e-07
6.6896665e-09
0.0015079454
0.0012267053
0.00083520438
0.00046387295
0.0002007066
6.2220782e-05
1.1701053e-05
8.952539e-07
6.5755956e-09
0.0014691822
0.0011951715
0.00081373461
0.00045194862
0.00019554724
6.0621331e-05
1.1400269e-05
8.7223782e-07
6.4084592e-09
0.0014213832
0.0011562872
0.00078726014
0.00043724473
0.0001891852
5.8649057e-05
1.102936e-05
8.4386552e-07
6.1963077e-09
0.001369344
0.0011139537
0.00075843718
0.00042123648
0.00018225879
5.6501829e-05
1.0625547e-05
8.1297834e-07
5.963973e-09
0.0013196718
0.0010735457
0.00073092525
0.00040595638
0.00017564745
5.4452265e-05
1.0240104e-05
7.8349387e-07
5.7436639e-09
0.0012795011
0.001040867
0.0007086759
0.00039359909
0.00017030074
5.2794745e-05
9.9283918e-06
7.5964742e-07
5.5667411e-09
0.0012549366
0.001020884
0.00069507037
0.00038604258
0.00016703122
5.1781167e-05
9.73778e-06
7.4506472e-07
5.4589135e-09
0.012283041
0.011122911
0.0093332221
0.0073041991
0.0053983992
0.0038511655
0.0027457829
0.0020540806
0.0017038916
0.012163914
0.011015037
0.0092427035
0.0072333598
0.0053460429
0.0038138153
0.002719153
0.0020341592
0.0016873666
0.011948175
0.010819675
0.0090787738
0.0071050691
0.0052512253
0.0037461736
0.0026709261
0.0019980813
0.0016574396
0.011641033
0.010541545
0.0088453937
0.0069224259
0.005116237
0.0036498744
0.0026022672
0.0019467185
0.0016148336
0.011262293
0.010198581
0.0085576125
0.0066972081
0.0049497828
0.0035311275
0.0025176039
0.001883383
0.0015622957
0.010849953
0.0098251929
0.0082443037
0.0064520114
0.0047685629
0.0034018469
0.0024254303
0.0018144291
0.0015050973
0.010456371
0.0094687865
0.0079452464
0.0062179674
0.0045955861
0.0032784465
0.0023374493
0.0017486116
0.0014505006
0.010138077
0.0091805534
0.0077033941
0.0060286918
0.004455697
0.0031786504
0.0022662976
0.0016953839
0.0014063473
0.0099434415
0.0090042981
0.0075555011
0.0059129494
0.0043701545
0.0031176248
0.0022227882
0.001662835
0.0013793475
0.043186563
0.04049081
0.036193927
0.031063197
0.025890259
0.02130487
0.017687974
0.015191288
0.013823873
0.043167331
0.040472785
0.036177852
0.031049401
0.025878772
0.021295419
0.017680132
0.015184553
0.013817742
0.043076665
0.040387704
0.036101873
0.030984189
0.025824437
0.021250703
0.017643013
0.015152674
0.013788727
0.042850182
0.040175299
0.035912008
0.03082126
0.025688636
0.021138963
0.017550238
0.015073
0.013716222
0.042451432
0.039801469
0.035577769
0.030534448
0.025449567
0.020942252
0.017386913
0.014932733
0.013588587
0.041902419
0.039286789
0.035117649
0.030139581
0.02512045
0.020671431
0.017162069
0.014739622
0.013412868
0.04128936
0.038712067
0.034603899
0.029698666
0.024752967
0.020369031
0.016911011
0.014523997
0.013216655
0.040740112
0.038197177
0.034143655
0.029303657
0.024423746
0.020098115
0.016686093
0.014330823
0.013040867
0.040383287
0.037862673
0.033844661
0.02904704
0.024209871
0.019922115
0.016539975
0.014205329
0.012926667
0.040203256
0.0376939
0.033693809
0.02891757
0.024101964
0.019833318
0.016466255
0.014142014
0.01286905
0.039813277
0.037328298
0.033367033
0.028637104
0.023868214
0.019640963
0.016306559
0.014004858
0.012744237
0.039107074
0.036666175
0.032775243
0.028129177
0.023444891
0.019292604
0.016017348
0.013756467
0.0125182
0.038101805
0.035723516
0.031932741
0.027406058
0.022842223
0.018796659
0.015605608
0.013402844
0.012196398
0.036862284
0.034561158
0.030893827
0.026514391
0.022099065
0.018185113
0.015097886
0.012966793
0.011799589
0.035512777
0.033295786
0.029762714
0.025543652
0.021289968
0.01751933
0.014545118
0.012492062
0.011367587
0.034224593
0.032088033
0.02868303
0.024617081
0.020517666
0.016883835
0.014017492
0.012038923
0.01095524
0.033182786
0.031111313
0.027809873
0.023867746
0.019893095
0.016369898
0.013590795
0.011672459
0.01062177
0.03254571
0.030514045
0.027275941
0.023409524
0.01951117
0.016055623
0.01332987
0.011448363
0.010417853
0.091584328
0.087364966
0.080538369
0.072175412
0.063462278
0.055434019
0.048839152
0.044112787
0.041449407
0.090696455
0.086517924
0.079756853
0.071475449
0.062846642
0.054896449
0.048365411
0.043684994
0.041047472
0.089087926
0.084984252
0.078341482
0.070207858
0.061731711
0.053922904
0.047507485
0.042910187
0.040319595
0.086796543
0.082800742
0.076326754
0.068403145
0.06014453
0.052536819
0.046286189
0.041807034
0.039283347
0.083969202
0.080107277
0.073842933
0.066177529
0.058187562
0.050827513
0.04478031
0.040446695
0.038005414
0.080890105
0.077173628
0.071139305
0.063754279
0.056057161
0.048966491
0.04314089
0.038965749
0.036613911
0.077951191
0.074372563
0.068558933
0.061441173
0.054023743
0.047190095
0.041576038
0.037552239
0.035285575
0.075574841
0.072106964
0.066472168
0.059570542
0.05237929
0.045753503
0.040310499
0.03640914
0.03421131
0.074121943
0.070721497
0.065196094
0.058426668
0.051373701
0.044875034
0.039536612
0.035710144
0.033554404
0.71156713
0.70504482
0.69400804
0.67981835
0.66404159
0.64846316
0.63470985
0.62419231
0.61800463
0.69948632
0.69304599
0.68214131
0.6681396
0.65257453
0.63720177
0.62363167
0.61325303
0.6071455
0.67817318
0.67189213
0.66124035
0.64756616
0.63237367
0.61737903
0.60414466
0.59402052
0.58806487
0.6488572
0.64279989
0.6325248
0.61933618
0.60468137
0.5902259
0.57747168
0.56771518
0.56197752
0.61402142
0.60824559
0.59843591
0.58585336
0.57187601
0.55809303
0.54593264
0.53663044
0.5311619
0.57742458
0.57195668
0.56266257
0.55074471
0.53750571
0.52445666
0.51294588
0.50413931
0.49896306
0.5435833
0.53841028
0.52961013
0.51832943
0.50579721
0.49344613
0.48255153
0.47421605
0.46931772
0.51690588
0.5119713
0.50356899
0.49280108
0.48083982
0.46905143
0.45865232
0.45069596
0.44602068
0.5008777
0.49608739
0.48792964
0.47747426
0.46585927
0.45441362
0.44431726
0.43659265
0.43205326
0.49310977
0.48839046
0.48035249
0.47005004
0.45860379
0.44732518
0.43737627
0.42976399
0.42529084
0.47691454
0.47234407
0.46455576
0.45457531
0.44348484
0.43255572
0.4229153
0.41553848
0.41120397
0.4494525
0.44513748
0.43777738
0.4283474
0.41786748
0.40753793
0.39842597
0.39145379
0.38735717
0.41364761
0.40966979
0.40287898
0.39417773
0.38450385
0.37496699
0.36655396
0.36011622
0.35633335
0.37359873
0.37000353
0.36385747
0.35598248
0.34722362
0.33858573
0.33096542
0.32513426
0.32170796
0.33401735
0.33080505
0.32530515
0.31825516
0.31040969
0.30267087
0.29584488
0.29062206
0.28755312
0.29941495
0.29653941
0.29160925
0.28528622
0.27824498
0.27129901
0.26517566
0.2604914
0.25773839
0.27337408
0.27075349
0.26625366
0.26048024
0.25404802
0.24770276
0.24211195
0.23783551
0.2353217
0.25822111
0.25574928
0.25150102
0.24604844
0.23997195
0.23397785
0.22869796
0.22465922
0.22228474
0.25100681
0.24860558
0.24447719
0.23917772
0.23327101
0.22744441
0.22231274
0.21838746
0.21607951
0.23623469
0.23397847
0.23009592
0.22511034
0.21955195
0.21406903
0.2092412
0.20554815
0.20337656
0.21199368
0.20997627
0.20649867
0.20202951
0.19704462
0.1921275
0.18779902
0.1844874
0.18253967
0.18188416
0.18016404
0.17719155
0.17336649
0.16909706
0.16488494
0.16117769
0.15834079
0.15667158
0.15019059
0.14878385
0.14634489
0.14320116
0.1396878
0.13621947
0.13316711
0.13083032
0.12945461
0.12095453
0.11983634
0.11789049
0.11537669
0.11256218
0.10978108
0.10733311
0.10545743
0.10435233
0.097165491
0.096280027
0.094734559
0.092732571
0.09048601
0.088264004
0.08630728
0.084805788
0.083920151
0.080417826
0.079694326
0.078428883
0.076785819
0.074937507
0.073107599
0.071495554
0.070256336
0.069524204
0.071157793
0.0705231
0.06941146
0.067965981
0.066337018
0.064722791
0.063300276
0.062205396
0.06155768
0.066880189
0.066286317
0.06524545
0.06389096
0.062363109
0.060848215
0.059512834
0.058484363
0.057875553
0.05839646
0.057883068
0.056981882
0.055807223
0.054479295
0.053160728
0.051997467
0.051100164
0.05056824
0.045323376
0.044932491
0.044244152
0.043344289
0.042322468
0.041304297
0.040404159
0.039707666
0.039293665
0.030710127
0.030453112
0.029997929
0.029399793
0.028715879
0.028030045
0.027420811
0.026947192
0.026664758
0.017602863
0.017461305
0.017208286
0.016873064
0.016486447
0.016095162
0.015744753
0.015470911
0.015307257
0.0080689704
0.0080067142
0.0078940758
0.0077435417
0.0075684488
0.0073893649
0.0072275408
0.007100605
0.0070247157
0.0026473738
0.0026275556
0.002591329
0.0025426242
0.0024856045
0.0024267975
0.002373333
0.0023313228
0.0023062165
0.00047659565
0.00047307655
0.00046661312
0.0004578998
0.00044766464
0.00043706778
0.0004274106
0.00041981786
0.00041528139
1.7974385e-05
1.7842086e-05
1.7598656e-05
1.7270491e-05
1.6884817e-05
1.648502e-05
1.6120493e-05
1.5833962e-05
1.5662801e-05
0.36061965
0.35570876
0.34744993
0.33690161
0.32526233
0.31385766
0.30386469
0.29627811
0.29183987
0.35347934
0.34864534
0.34051192
0.33013588
0.31869109
0.30747603
0.29765206
0.29019364
0.2858296
0.34110569
0.33641388
0.32851155
0.31843341
0.30732222
0.29644154
0.2869146
0.27968259
0.27545257
0.3244832
0.31998445
0.3124056
0.30274587
0.29209857
0.28167787
0.27255848
0.26563853
0.26159318
0.30520754
0.30094092
0.29374853
0.28458851
0.27449677
0.26462602
0.2559917
0.24944231
0.24561549
0.28540732
0.2813861
0.27460354
0.265972
0.25646497
0.24717245
0.23904967
0.23289047
0.22929266
0.26743632
0.26364321
0.25724189
0.24910092
0.24013807
0.23138201
0.2237313
0.21793208
0.21454591
0.25346224
0.24984992
0.24375085
0.23599781
0.22746428
0.21913164
0.21185334
0.20633754
0.20311758
0.24514095
0.24163723
0.2357199
0.22820003
0.21992448
0.21184612
0.20479208
0.19944744
0.19632775
0.24112622
0.23767538
0.23184648
0.22443973
0.21628961
0.20833478
0.20138921
0.19612701
0.19305585
0.23279014
0.22944934
0.22380517
0.21663559
0.20874745
0.20105005
0.19433058
0.18924018
0.18626969
0.2187599
0.21560662
0.21027581
0.20350778
0.19606435
0.18880405
0.18246842
0.17767056
0.17487143
0.20064246
0.19773422
0.19281496
0.18657305
0.17971089
0.17302177
0.1671875
0.16277063
0.16019453
0.18058308
0.17794987
0.1734931
0.16784233
0.16163335
0.15558492
0.15031202
0.1463217
0.14399522
0.16094161
0.15858185
0.1545853
0.14952201
0.14396111
0.1385476
0.13383067
0.13026214
0.12818211
0.14390065
0.14178097
0.13818967
0.13364276
0.12865092
0.12379419
0.1195641
0.1163646
0.11450006
0.13114791
0.12920987
0.1259249
0.12176814
0.11720604
0.11276921
0.10890586
0.10598425
0.10428192
0.1237535
0.12192161
0.11881568
0.11488658
0.1105749
0.10638259
0.10273282
0.099972824
0.098364719
0.296491
0.29266821
0.286195
0.27794814
0.26885042
0.25994704
0.25215095
0.24622854
0.24276534
0.2864078
0.28270538
0.27643409
0.26844683
0.25963519
0.25101279
0.24346407
0.23772938
0.23437631
0.26940568
0.26590866
0.25998035
0.2524332
0.2441081
0.23596368
0.22883551
0.22342136
0.22025607
0.24739675
0.24416847
0.23869138
0.23172184
0.2240335
0.21651494
0.20993747
0.20494165
0.20202137
0.2229638
0.22003749
0.21506783
0.20874756
0.20177577
0.19496069
0.18900117
0.18447538
0.18183055
0.19897752
0.19635175
0.19188709
0.18621187
0.17995196
0.17383556
0.1684895
0.16443026
0.16205872
0.17811696
0.17575477
0.17173456
0.16662635
0.1609926
0.15549067
0.15068367
0.14703469
0.14490356
0.16247367
0.16031076
0.15662654
0.15194717
0.14678763
0.14175095
0.13735189
0.13401356
0.13206443
0.15339008
0.15134364
0.14785602
0.14342739
0.13854491
0.13378012
0.1296196
0.12646266
0.12461963
0.12023941
0.11845801
0.11543757
0.11161703
0.1074247
0.10334887
0.099800765
0.097117763
0.095554554
0.11305662
0.11137881
0.10853346
0.10493546
0.10098779
0.0971506
0.093810672
0.09128528
0.089814055
0.10130477
0.099797565
0.097240291
0.094008098
0.090462529
0.08701731
0.084019213
0.08175254
0.080432184
0.086764414
0.085469772
0.083271895
0.080495407
0.077450339
0.074492636
0.071919447
0.069974254
0.068841276
0.071522408
0.070452266
0.068634206
0.066338803
0.063821792
0.061377881
0.059252142
0.057645341
0.056709571
0.057515425
0.056652979
0.055186543
0.053335944
0.051306917
0.049337401
0.047624602
0.046330023
0.045576119
0.046151724
0.045458517
0.04427899
0.042791052
0.041159788
0.039576741
0.038200225
0.037159876
0.036554052
0.038167352
0.037593483
0.036616413
0.035384208
0.034033429
0.032722787
0.031583223
0.030721978
0.030220447
0.033757799
0.033249979
0.032385048
0.031294404
0.030098857
0.028938931
0.027930444
0.027168271
0.026724411
0.03172209
0.031244769
0.030431669
0.029406461
0.028282656
0.027192372
0.026244445
0.025528046
0.025110843
0.02768694
0.02727014
0.026559916
0.02566453
0.024683056
0.023730922
0.022903132
0.022277533
0.021913199
0.021474813
0.021151309
0.020599792
0.019904599
0.019142583
0.018403427
0.017760839
0.017275222
0.016992383
0.014539548
0.014320342
0.013946441
0.013475231
0.012958741
0.012457817
0.012022379
0.011693328
0.011501655
0.0083273857
0.0082017444
0.0079873489
0.0077172107
0.0074211227
0.0071340044
0.0068844452
0.0066958628
0.006585998
0.0038145647
0.0037569847
0.0036587036
0.0035348809
0.003399163
0.0032675704
0.003153193
0.0030667609
0.0030164039
0.001250961
0.0012320747
0.0011998316
0.0011592091
0.0011146824
0.0010715098
0.0010339834
0.0010056255
0.00098910401
0.00022516163
0.00022176208
0.00021595817
0.00020864548
0.00020062921
0.00019285655
0.00018610022
0.00018099452
0.00017801996
8.4914091e-06
8.3631902e-06
8.1443594e-06
7.8686203e-06
7.5662962e-06
7.2731477e-06
7.0183182e-06
6.8257354e-06
6.713543e-06
0.03952573
0.038984102
0.038056835
0.036885388
0.035597208
0.034345248
0.033255092
0.032428933
0.031946974
0.034503586
0.03403043
0.033220185
0.032196768
0.031071441
0.029977914
0.029025787
0.028304241
0.027883286
0.026768429
0.026400984
0.025771503
0.024976602
0.024102606
0.023253495
0.022514264
0.021954066
0.021627191
0.018128426
0.017879334
0.017452399
0.016913403
0.016320784
0.015745158
0.015244085
0.014864375
0.014642782
0.010385468
0.010242659
0.0099977646
0.0096886459
0.009348757
0.0090186576
0.0087313401
0.0085136205
0.0083865502
0.0047581139
0.0046926635
0.004580374
0.0044386497
0.0042828174
0.0041314793
0.0039997512
0.003899936
0.0038416787
0.0015604861
0.001539023
0.0015021858
0.0014556941
0.0014045779
0.0013549341
0.0013117163
0.0012789685
0.0012598547
0.00028087549
0.00027701289
0.00027038256
0.00026201435
0.00025281383
0.00024387817
0.00023609853
0.0002302035
0.00022676263
1.0592537e-05
1.0446845e-05
1.0196794e-05
9.8812026e-06
9.5341976e-06
9.1971986e-06
8.9038187e-06
8.6815228e-06
8.5517905e-06
0.18081437
0.1786512
0.17495064
0.17023323
0.16500934
0.15989401
0.15541464
0.15200388
0.15000737
0.17016491
0.16812647
0.16463737
0.1601899
0.15526333
0.15043921
0.1462154
0.14299877
0.14111592
0.15270574
0.15087264
0.14773117
0.14372693
0.13928946
0.13494444
0.13114069
0.12824349
0.1265477
0.13104102
0.1294633
0.12675471
0.12330199
0.11947427
0.11572683
0.1124468
0.10994856
0.10848665
0.10824949
0.10694075
0.10468925
0.10181933
0.098637418
0.095523363
0.092798698
0.090724222
0.089510899
0.087223792
0.086163564
0.084336271
0.082008007
0.07942736
0.076903493
0.074696782
0.073017737
0.072036173
0.070104621
0.06924742
0.067768497
0.06588563
0.063799874
0.061761832
0.059981461
0.058627698
0.057836578
0.058041773
0.057328576
0.056097492
0.054531474
0.052797852
0.051105293
0.049627797
0.048504847
0.047848701
0.051367201
0.050734169
0.049641275
0.048251802
0.046714311
0.045214021
0.043904911
0.042910182
0.042328961
0.048282801
0.047686921
0.046658151
0.04535059
0.043904063
0.042492883
0.041261758
0.040326395
0.039779879
0.04216334
0.041641474
0.040740502
0.039596044
0.038330559
0.037096648
0.036020571
0.035203173
0.034725589
0.032728349
0.032321413
0.031618983
0.0307276
0.029742737
0.028783275
0.027946991
0.027311899
0.026940819
0.022176469
0.021899334
0.021421138
0.02081505
0.020146026
0.019494891
0.018927641
0.018496935
0.018245264
0.012709776
0.012550258
0.012275132
0.011926825
0.011542658
0.011169082
0.010843771
0.010596782
0.01045244
0.0058245674
0.0057512485
0.0056248202
0.0054649047
0.0052886281
0.0051173162
0.0049681919
0.0048549781
0.0047888038
0.0019105247
0.0018864377
0.0018449013
0.0017923878
0.0017345249
0.0016783132
0.0016293941
0.0015922598
0.001570551
0.00034389908
0.00033956061
0.00033207896
0.00032262176
0.0003122031
0.00030208362
0.00029327822
0.00028659461
0.00028268699
1.2969462e-05
1.2805778e-05
1.2523529e-05
1.2166854e-05
1.1773922e-05
1.1392275e-05
1.1060219e-05
1.080818e-05
1.0660847e-05
0.057592812
0.056983955
0.055921488
0.054553556
0.053020747
0.051508843
0.050179169
0.049160078
0.048560851
0.050321362
0.049789174
0.048858953
0.047660626
0.04631722
0.04499154
0.043825499
0.042932065
0.042406872
0.039101728
0.038687345
0.037961162
0.037024986
0.035974862
0.034938135
0.034026417
0.033328378
0.032918295
0.026533983
0.02625125
0.02575451
0.025113822
0.024395044
0.023685573
0.023062223
0.022585603
0.02230587
0.015231567
0.015067812
0.014779691
0.014408129
0.013991526
0.013580812
0.013220564
0.012945541
0.012784283
0.0069896555
0.0069137842
0.006780243
0.0066081628
0.0064154231
0.0062257176
0.0060596377
0.0059330121
0.0058588154
0.0022946283
0.0022695506
0.0022254157
0.002168587
0.0021049871
0.0020424667
0.0019878089
0.0019461673
0.0019217757
0.00041318862
0.00040865915
0.00040068812
0.00039042899
0.00037895159
0.000367675
0.00035782284
0.00035031947
0.00034592535
1.5583862e-05
1.5412896e-05
1.5111928e-05
1.4724782e-05
1.4291757e-05
1.3866249e-05
1.3494539e-05
1.3211537e-05
1.3045863e-05
0.12500866
0.1222313
0.11762067
0.11136851
0.1029123
0.093169398
0.08477506
0.078628941
0.075059021
0.12217893
0.11946501
0.11495309
0.10889714
0.10075889
0.091272136
0.083045808
0.077030452
0.073531539
0.11734802
0.11474194
0.11039657
0.10465506
0.097036649
0.087997383
0.08006189
0.074270859
0.070897016
0.11097997
0.10851439
0.10438706
0.099028241
0.09205029
0.083614816
0.076071639
0.070577405
0.067375018
0.10374435
0.1014357
0.097559103
0.092602027
0.086292279
0.078551504
0.071467909
0.066311488
0.063310812
0.096451795
0.094299558
0.090680438
0.086102993
0.080408115
0.073365435
0.066760505
0.061945107
0.059152573
0.089936629
0.087923419
0.084539052
0.080286039
0.075096916
0.068667892
0.062503175
0.057993384
0.05538899
0.084931682
0.083025234
0.07982369
0.075813428
0.07098865
0.06502095
0.059201665
0.054927726
0.052468433
0.081973308
0.080130101
0.077037492
0.073168816
0.068550707
0.062850657
0.057238148
0.053104208
0.050730736
0.080551645
0.078738865
0.0756989
0.071897863
0.067376972
0.061804077
0.056291543
0.052225059
0.049892812
0.077612663
0.075862897
0.072931901
0.069270027
0.064946088
0.059632923
0.054328227
0.050401621
0.048154559
0.07269922
0.071055288
0.068307452
0.064876637
0.060870997
0.055982016
0.051027717
0.047336313
0.045231428
0.066412999
0.064905516
0.062393231
0.059256226
0.055640606
0.051275127
0.046772892
0.04338531
0.041461714
0.059523486
0.058167004
0.055913832
0.053097852
0.049891707
0.046074603
0.042069927
0.039019591
0.03729388
0.052843743
0.051635165
0.049633816
0.047129081
0.044305931
0.040995382
0.03747224
0.034753408
0.033218971
0.047097385
0.04601718
0.044232712
0.041996236
0.039494081
0.036600191
0.033488471
0.031058348
0.029688262
0.04282459
0.041840508
0.040217406
0.038180875
0.035913418
0.03331842
0.030509914
0.028296441
0.027048604
0.040357399
0.039429055
0.037899154
0.035978305
0.033845092
0.031418626
0.028783888
0.026696217
0.025519035
0.1113473
0.10912496
0.105415
0.1007415
0.095653645
0.090733769
0.086478005
0.083288086
0.081436206
0.10732464
0.10517972
0.10159883
0.097089558
0.092180954
0.087433844
0.08332825
0.080251602
0.078465533
0.10059297
0.098578435
0.095214544
0.09097991
0.086370979
0.081914729
0.078061938
0.075174996
0.073499038
0.091966006
0.090119475
0.087035479
0.083154815
0.07893194
0.0748502
0.071322455
0.068679155
0.06714466
0.082493275
0.080832441
0.078057971
0.07456847
0.070771885
0.067103197
0.063933724
0.061558831
0.060180119
0.073292168
0.071813028
0.069341169
0.06623361
0.062853217
0.059587825
0.056767674
0.054654171
0.053427311
0.065363993
0.064042177
0.061832744
0.059056098
0.056035964
0.053119293
0.050601046
0.048713528
0.047617928
0.059461785
0.058257613
0.056244236
0.053714726
0.050963761
0.048307694
0.046014718
0.044295783
0.043298173
0.056050864
0.054914894
0.053015207
0.050628916
0.048033882
0.045528617
0.043366044
0.04174473
0.040803829
0.03918745
0.038285591
0.036799887
0.034933959
0.032864122
0.030516571
0.027963859
0.02593601
0.024792358
0.036801008
0.035953297
0.034557766
0.032803991
0.030862913
0.02867438
0.026288179
0.024382665
0.023307462
0.032910594
0.032151455
0.030902963
0.029332413
0.02759994
0.025665236
0.023547982
0.021842708
0.020879302
0.028120197
0.027470577
0.026403213
0.025058977
0.023581559
0.021950721
0.020159948
0.018702368
0.017877071
0.023124526
0.022589592
0.021711243
0.020603867
0.019390808
0.018067438
0.016611097
0.015412757
0.01473214
0.018555812
0.018126115
0.017420779
0.016530786
0.015558427
0.014508582
0.013352275
0.012391451
0.011843827
0.01486425
0.01451979
0.013954392
0.013240572
0.012462162
0.011628464
0.010710316
0.0099414399
0.0095017909
0.012278268
0.011993611
0.011526332
0.010936199
0.010293438
0.0096087724
0.008855109
0.0082205929
0.0078568681
0.010852779
0.010601112
0.010187957
0.0096660998
0.0090980556
0.0084947544
0.0078309186
0.0072704014
0.0069486311
0.010195309
0.0099588665
0.0095706842
0.0090803389
0.0085467436
0.0079807882
0.0073581795
0.0068317722
0.0065293769
0.0088932424
0.0086869592
0.0083482525
0.0079203554
0.0074549637
0.0069626408
0.0064212978
0.0059623994
0.0056984205
0.0068917085
0.0067318094
0.0064692085
0.0061374109
0.0057768181
0.0053968614
0.0049794467
0.0046241931
0.0044193858
0.0046614523
0.0045532708
0.0043755542
0.00415098
0.0039071134
0.0036512475
0.0033704958
0.0031305108
0.0029918037
0.0026674993
0.0026055789
0.00250383
0.0023752427
0.0022357035
0.0020898407
0.0019299924
0.0017928318
0.0017133676
0.0012211544
0.0011928036
0.0011462065
0.001087316
0.0010234395
0.00095684328
0.0008839358
0.0008212054
0.00078479826
0.00040032371
0.00039102891
0.00037574993
0.00035643972
0.00033549991
0.00031370052
0.00028984984
0.00026929702
0.00025735652
7.2043335e-05
7.0370592e-05
6.7620697e-05
6.4145266e-05
6.0376906e-05
5.6456135e-05
5.2167511e-05
4.8469625e-05
4.6320399e-05
2.7168247e-06
2.6537509e-06
2.5500475e-06
2.4189821e-06
2.2768733e-06
2.129035e-06
1.9673354e-06
1.8278908e-06
1.7468381e-06
0.014202526
0.013912285
0.013425609
0.012815588
0.012152578
0.011513529
0.010962004
0.010548294
0.010308482
0.012390204
0.012136931
0.011712159
0.011179791
0.01060119
0.010043538
0.0095622548
0.0092012335
0.0089919733
0.0096034251
0.0094070443
0.0090775751
0.0086647195
0.00821603
0.0077836258
0.0074104252
0.0071304845
0.0069682338
0.0064969625
0.0063640521
0.0061409867
0.0058615078
0.0055577853
0.0052651196
0.0050125124
0.0048230358
0.0047132252
0.0037185483
0.0036424505
0.0035146919
0.0033546445
0.0031807204
0.0030131444
0.0028684976
0.0027600056
0.0026971336
0.0017025398
0.0016676904
0.0016091686
0.0015358625
0.0014562019
0.0013794541
0.0013132051
0.0012635168
0.0012347232
0.00055817492
0.00054674851
0.00052755691
0.00050351856
0.00047739686
0.00045223078
0.00043050684
0.00041421379
0.00040477237
0.00010045353
9.8397137e-05
9.4942985e-05
9.0616534e-05
8.5915053e-05
8.13856e-05
7.7475721e-05
7.4543251e-05
7.2843942e-05
3.7882176e-06
3.710665e-06
3.5804263e-06
3.4172747e-06
3.2399622e-06
3.0691434e-06
2.9217022e-06
2.8111063e-06
2.7470133e-06
0.072928888
0.071607236
0.069386099
0.066588303
0.063534394
0.060576159
0.05801128
0.056081829
0.054961101
0.068524905
0.067281798
0.065192344
0.062560893
0.059688678
0.05690684
0.054495121
0.052681036
0.0516274
0.061334385
0.060220014
0.058346207
0.055987029
0.053412307
0.050919171
0.048758077
0.047132657
0.046188686
0.052461912
0.051506966
0.049900558
0.047878688
0.045672373
0.043536599
0.04168559
0.04029357
0.039485228
0.043188214
0.042400635
0.041075047
0.039407286
0.03758761
0.035826626
0.034300675
0.033153232
0.032487007
0.034688918
0.03405536
0.03298836
0.031646394
0.030182374
0.028765956
0.027538752
0.026616058
0.026080372
0.02780905
0.027300518
0.026443638
0.025366288
0.024191077
0.02305434
0.022069555
0.021329181
0.020899379
0.022983151
0.022562536
0.021853477
0.020962205
0.019990067
0.019049901
0.018235459
0.017623178
0.017267752
0.020320687
0.019948645
0.019321313
0.018532861
0.017672914
0.016841325
0.016120962
0.015579428
0.015265065
0.019092172
0.018742551
0.01815296
0.017411999
0.016603859
0.015822399
0.015145473
0.014636595
0.014341194
0.016658215
0.016353053
0.015838308
0.015191493
0.014486065
0.013803978
0.013213153
0.01276901
0.012511193
0.012914226
0.012677519
0.012278088
0.011776268
0.011229013
0.010699935
0.010241668
0.009897191
0.0096972233
0.0087388479
0.0085785693
0.0083079968
0.0079681352
0.0075975381
0.0072393056
0.0069290353
0.006695821
0.0065604366
0.0050027169
0.0049109082
0.0047558693
0.0045611661
0.0043488733
0.0041436924
0.0039659897
0.0038324272
0.0037548873
0.0022908361
0.0022487779
0.0021777359
0.0020885306
0.0019912708
0.0018972788
0.0018158781
0.0017546996
0.0017191807
0.0007511119
0.00073731942
0.00071401726
0.00068475976
0.00065286113
0.0006220359
0.00059534133
0.00057527913
0.00056363093
0.00013518095
0.00013269852
0.00012850415
0.00012323784
0.00011749605
0.00011194772
0.00010714307
0.00010353208
0.00010143546
5.0978918e-06
5.0042662e-06
4.8461022e-06
4.6474991e-06
4.430943e-06
4.221699e-06
4.040505e-06
3.9043136e-06
3.8252499e-06
0.024915722
0.024503376
0.023804455
0.022924666
0.021962904
0.021031433
0.020222778
0.019613003
0.019258373
0.021742867
0.021382857
0.020772472
0.020004239
0.01916447
0.018351215
0.017645213
0.01711286
0.016803261
0.016860224
0.016580863
0.016107004
0.01551072
0.014858967
0.014227873
0.013680032
0.013266958
0.013026719
0.011412146
0.011222916
0.010901783
0.010497763
0.010056193
0.0096286716
0.0092575554
0.0089777497
0.0088150104
0.0065347192
0.0064262987
0.0062422209
0.0060106631
0.0057575922
0.0055125982
0.0052999317
0.0051395985
0.0050463407
0.0029929087
0.0029432272
0.0028588524
0.0027527256
0.0026367433
0.0025244748
0.0024270228
0.0023535544
0.0023108196
0.00098139778
0.00096510156
0.00093742015
0.00090260655
0.00086456292
0.00082774036
0.00079577778
0.00077168161
0.00075766483
0.00017663275
0.00017369928
0.00016871612
0.00016244935
0.00015560142
0.00014897366
0.00014322067
0.00013888344
0.00013636038
6.6612111e-06
6.5505508e-06
6.3626181e-06
6.1262735e-06
5.8680018e-06
5.6180529e-06
5.4010939e-06
5.2375222e-06
5.1423753e-06
0.0012429154
0.0010111049
0.00068841225
0.00038234466
0.00016543122
5.1285153e-05
9.6445005e-06
7.3792831e-07
5.4061979e-09
0.0012176128
0.00099052135
0.00067439791
0.00037456109
0.00016206346
5.0241119e-05
9.4481618e-06
7.2290706e-07
5.2953779e-09
0.0011739474
0.00095499986
0.00065021303
0.0003611288
0.00015625163
4.8439402e-05
9.1093356e-06
6.9698411e-07
5.104404e-09
0.0011155412
0.00090748686
0.00061786372
0.00034316197
0.00014847782
4.6029453e-05
8.6561287e-06
6.6230868e-07
4.849843e-09
0.0010481262
0.00085264525
0.00058052477
0.00032242387
0.00013950496
4.3247782e-05
8.1330209e-06
6.222821e-07
4.5578578e-09
0.00097915927
0.00079654106
0.00054232622
0.00030120834
0.00013032553
4.0402066e-05
7.5978744e-06
5.8133051e-07
4.2615884e-09
0.00091676027
0.00074577973
0.00050776538
0.00028201319
0.00012202028
3.7827349e-05
7.1136937e-06
5.4427624e-07
3.9952972e-09
0.00086835756
0.00070640426
0.00048095661
0.00026712355
0.00011557792
3.5830146e-05
6.738116e-06
5.1553294e-07
3.7890043e-09
0.00083956683
0.00068298308
0.0004650103
0.00025826695
0.00011174589
3.4642177e-05
6.5147156e-06
4.9843645e-07
3.6659605e-09
0.00082568608
0.00067169112
0.00045732218
0.00025399695
0.00010989837
3.4069427e-05
6.4070081e-06
4.9019399e-07
3.6065086e-09
0.00079689535
0.00064826996
0.00044137587
0.00024514035
0.00010606634
3.2881459e-05
6.1836064e-06
4.7309848e-07
3.4828007e-09
0.00074849266
0.00060889453
0.00041456708
0.00023025072
9.9623962e-05
3.0884263e-05
5.8080233e-06
4.4435962e-07
3.2735127e-09
0.00068609376
0.00055813329
0.0003800062
0.0002110556
9.1318695e-05
2.8309559e-05
5.3238318e-06
4.0731396e-07
3.0014089e-09
0.00061712703
0.00050202922
0.00034180762
0.0001898401
8.2139251e-05
2.546386e-05
4.7886726e-06
3.6637251e-07
2.6983098e-09
0.00054971227
0.00044718771
0.00030446863
0.00016910203
7.3166376e-05
2.2682202e-05
4.2655544e-06
3.2635401e-07
2.4009177e-09
0.00049130625
0.00039967477
0.00027211931
0.00015113523
6.5392561e-05
2.0272261e-05
3.8123417e-06
2.9168312e-07
2.1433477e-09
0.00044764094
0.00036415331
0.00024793444
0.00013770295
5.958073e-05
1.8470548e-05
3.473513e-06
2.6576207e-07
1.9511239e-09
0.00042233835
0.00034356981
0.00023392011
0.00012991939
5.6212969e-05
1.7426516e-05
3.2771734e-06
2.5074142e-07
1.8399161e-09
0.0065423021
0.0059243825
0.004971141
0.0038904296
0.0028753448
0.0020512444
0.0014624845
0.001094064
0.0009075431
0.0063141788
0.0057178062
0.0047978023
0.0037547746
0.0027750846
0.0019797198
0.0014114892
0.0010559152
0.00087589813
0.0059306602
0.0053705119
0.0045063871
0.0035267127
0.0026065282
0.0018594733
0.0013257566
0.00099177973
0.00082269688
0.0054362428
0.0049227931
0.0041307063
0.003232704
0.0023892318
0.0017044561
0.0012152334
0.00090909878
0.00075411182
0.0048897858
0.0044279493
0.0037154835
0.0029077493
0.002149064
0.0015331225
0.0010930771
0.00081771528
0.00067830778
0.0043556261
0.0039442412
0.003309605
0.0025901074
0.0019143009
0.0013656446
0.0009736697
0.00072838827
0.00060420959
0.0038928471
0.0035251718
0.0029579648
0.0023149124
0.0017109096
0.001220547
0.00087021894
0.00065099818
0.00054001325
0.0035468659
0.0032118685
0.0026950728
0.0021091722
0.0015588509
0.0011120697
0.00079287743
0.00059314008
0.00049201901
0.0033463814
0.0030303198
0.0025427357
0.0019899526
0.0014707379
0.0010492107
0.0007480606
0.00055961325
0.00046420796
0.00041031725
0.00033379072
0.00022726199
0.00012622147
5.4612966e-05
1.6930502e-05
3.1838938e-06
2.4360513e-07
1.7871345e-09
0.00038575276
0.00031380766
0.00021365648
0.00011866496
5.1343447e-05
1.5916924e-05
2.9932821e-06
2.2902235e-07
1.6793751e-09
0.00034558204
0.00028112902
0.00019140715
0.00010630768
4.5996746e-05
1.4259403e-05
2.681572e-06
2.0517442e-07
1.5034603e-09
0.00029590987
0.00024072101
0.00016389527
9.102757e-05
3.9385411e-05
1.2209833e-05
2.2961352e-06
1.7568509e-07
1.2864315e-09
0.00024387069
0.00019838744
0.00013507239
7.5019319e-05
3.2459028e-05
1.0062593e-05
1.8923321e-06
1.4478975e-07
1.0595716e-09
0.00019607166
0.0001595032
0.00010859799
6.0315418e-05
2.6097008e-05
8.0903104e-06
1.5214315e-06
1.1641122e-07
8.5156374e-10
0.00015730843
0.00012796953
8.712824e-05
4.8391103e-05
2.0937648e-05
6.4908621e-06
1.2206454e-06
9.3397011e-08
6.8306737e-10
0.00013008065
0.00010581989
7.2047622e-05
4.0015315e-05
1.7313649e-05
5.3673894e-06
1.0093695e-06
7.723144e-08
5.6478384e-10
0.00011504605
9.3589326e-05
6.3720425e-05
3.5390382e-05
1.5312553e-05
4.7470316e-06
8.9270752e-07
6.8305129e-08
4.9948775e-10
0.00010810567
8.794336e-05
5.9876361e-05
3.3255386e-05
1.4388793e-05
4.4606573e-06
8.3885312e-07
6.4184492e-08
4.6934878e-10
9.4349503e-05
7.6752799e-05
5.2257251e-05
2.9023725e-05
1.2557856e-05
3.8930504e-06
7.3211125e-07
5.6017195e-08
4.0961711e-10
7.317453e-05
5.9527075e-05
4.0529092e-05
2.2509895e-05
9.7394815e-06
3.0193283e-06
5.6780264e-07
4.3445194e-08
3.1768138e-10
4.9538793e-05
4.0299535e-05
2.7437994e-05
1.5239087e-05
6.5935807e-06
2.0440703e-06
3.8439958e-07
2.9412178e-08
2.1506954e-10
2.8371062e-05
2.3079702e-05
1.5713847e-05
8.7274851e-06
3.7761696e-06
1.1706471e-06
2.2014716e-07
1.6844466e-08
1.2317359e-10
1.2995477e-05
1.0571749e-05
7.19779e-06
3.9976592e-06
1.7296895e-06
5.3621954e-07
1.0083928e-07
7.7156725e-09
5.6421406e-11
4.2616185e-06
3.4668031e-06
2.3603777e-06
1.3109559e-06
5.6721861e-07
1.7584295e-07
3.3068316e-08
2.5302069e-09
1.8502607e-11
7.6703246e-07
6.2397667e-07
4.2483538e-07
2.3595396e-07
1.0209151e-07
3.1649302e-08
5.9518403e-09
4.5540226e-10
3.3302338e-12
2.8926413e-08
2.3531477e-08
1.6021439e-08
8.8983217e-09
3.8500865e-09
1.193562e-09
2.2445646e-10
1.717418e-11
1.2559014e-13
0.00085656887
0.00077566836
0.00065086238
0.00050936658
0.00037646384
0.0002685657
0.00019148062
0.00014324382
0.00011882295
0.00074757266
0.00067696655
0.00056804186
0.000444551
0.00032855981
0.00023439142
0.00016711522
0.00012501642
0.00010370304
0.00057979394
0.00052503407
0.00044055554
0.00034477986
0.00025482073
0.00018178666
0.00012960935
9.6958833e-05
8.042884e-05
0.00039251757
0.00035544542
0.00029825392
0.00023341424
0.00017251237
0.00012306867
8.7744887e-05
6.5640648e-05
5.4449924e-05
0.00022479634
0.00020356496
0.00017081119
0.00013367725
9.8798516e-05
7.0481906e-05
5.0251843e-05
3.7592657e-05
3.1183685e-05
0.00010296885
9.3243731e-05
7.8240748e-05
6.1231392e-05
4.5255053e-05
3.2284516e-05
2.3018057e-05
1.7219466e-05
1.4283811e-05
3.3766666e-05
3.0577498e-05
2.5657558e-05
2.0079664e-05
1.484053e-05
1.058709e-05
7.5483318e-06
5.6467946e-06
4.6841027e-06
6.0775334e-06
5.5035272e-06
4.6180061e-06
3.6140622e-06
2.6710904e-06
1.90553e-06
1.3585955e-06
1.016345e-06
8.4307378e-07
2.2919661e-07
2.0754962e-07
1.7415475e-07
1.3629391e-07
1.0073246e-07
7.1861555e-08
5.1235502e-08
3.8328516e-08
3.1794091e-08
0.010641022
0.009976752
0.0089181735
0.0076539625
0.0063794142
0.0052495663
0.0043583725
0.0037431793
0.0034062324
0.010003988
0.009379467
0.0083842669
0.0071957409
0.0059974968
0.0049352901
0.0040974491
0.0035190864
0.0032023112
0.0089622326
0.0084027204
0.0075111596
0.0064464043
0.0053729405
0.0044213491
0.0036707565
0.0031526235
0.0028688356
0.0076740669
0.0071949534
0.0064315389
0.005519831
0.00460066
0.0037858479
0.0031431399
0.0026994824
0.0024564843
0.0063245077
0.005929638
0.0053004719
0.0045491051
0.0037915783
0.0031200635
0.0025903811
0.0022247476
0.0020244836
0.0050849034
0.0047674227
0.0042615655
0.0036574742
0.0030484211
0.002508527
0.0020826614
0.001788694
0.0016276822
0.0040796262
0.0038249097
0.0034190529
0.0029343949
0.002445749
0.0020125936
0.00167092
0.0014350707
0.001305891
0.0033735051
0.0031628762
0.0028272626
0.0024264947
0.0020224249
0.0016642436
0.001381708
0.0011866811
0.0010798607
0.0029835994
0.0027973151
0.002500489
0.002146043
0.0017886745
0.0014718921
0.0012220113
0.0010495257
0.0009550516
0.002803608
0.0026285619
0.0023496414
0.0020165787
0.0016807689
0.0013830973
0.0011482909
0.00098621092
0.00089743623
0.0024468568
0.0022940852
0.0020506547
0.0017599745
0.0014668952
0.0012071019
0.0010021737
0.00086071819
0.00078323994
0.0018977062
0.001779222
0.0015904226
0.0013649815
0.0011376777
0.0009361907
0.00077725452
0.00066754617
0.00060745658
0.0012847379
0.0012045254
0.0010767074
0.00092408588
0.00077020187
0.00063379656
0.00052619734
0.00045192544
0.0004112452
0.00073577449
0.00068983688
0.00061663412
0.00052922769
0.00044109749
0.00036297783
0.00030135523
0.00025881947
0.0002355218
0.00033702442
0.00031598268
0.00028245156
0.00024241487
0.00020204641
0.00016626346
0.00013803694
0.00011855328
0.00010788172
0.00011052071
0.00010362051
9.2624565e-05
7.9495329e-05
6.6257251e-05
5.4522926e-05
4.5266575e-05
3.8877283e-05
3.537775e-05
1.9892202e-05
1.8650263e-05
1.6671141e-05
1.4308061e-05
1.1925389e-05
9.8133737e-06
8.1473581e-06
6.9973739e-06
6.3675067e-06
7.5017689e-07
7.0334079e-07
6.2870387e-07
5.3958719e-07
4.4973159e-07
3.7008303e-07
3.0725406e-07
2.6388573e-07
2.4013211e-07
0.0063860097
0.0060916751
0.0056144655
0.0050328692
0.0044252649
0.0038656861
0.0034058073
0.0030761179
0.0028905515
0.0055733643
0.0053165312
0.0049000352
0.004392437
0.0038621634
0.0033737837
0.0029724293
0.0026846885
0.0025227321
0.004322474
0.0041233407
0.0038003104
0.0034066213
0.0029953758
0.0026165965
0.0023053258
0.002082159
0.001956547
0.0029262507
0.0027914833
0.0025727894
0.0023062534
0.0020278565
0.0017714191
0.001560696
0.0014096103
0.0013245684
0.0016758522
0.0015986936
0.0014734462
0.0013207939
0.0011613625
0.0010144967
0.00089381762
0.0008072889
0.00075858329
0.00076762279
0.0007322878
0.00067491786
0.00060499266
0.0005319671
0.0004646936
0.00040941701
0.00036978176
0.00034747132
0.00025172571
0.00024013973
0.00022132643
0.00019839536
0.00017444852
0.00015238726
0.00013426054
0.00012126284
0.00011394644
4.530704e-05
4.3221828e-05
3.9835702e-05
3.5708394e-05
3.1398329e-05
2.7427593e-05
2.4165046e-05
2.1825635e-05
2.0508774e-05
1.7086232e-06
1.6299863e-06
1.5022884e-06
1.3466387e-06
1.1840973e-06
1.0343523e-06
9.1131492e-07
8.2309076e-07
7.7342905e-07
