FiniteElementSpace
FiniteElementCollection: L2_2D_P8
VDim: 1
Ordering: 0

-1.613566
-1.6347383
-1.6711992
-1.7176452
-1.7695139
-1.8192804
-1.8618052
-1.8927209
-1.9103005
-1.6367188
-1.6501628
-1.6872126
-1.7353667
-1.7886103
-1.8406092
-1.8841806
-1.9167632
-1.9351758
-1.678348
-1.6877583
-1.7146751
-1.7657743
-1.8218334
-1.8766168
-1.9236313
-1.9573831
-1.97739
-1.7287837
-1.7419544
-1.7627869
-1.8048941
-1.8662604
-1.9246561
-1.9749983
-2.012616
-2.0333887
-1.7836346
-1.7980755
-1.8242006
-1.8590933
-1.9148765
-1.9800067
-2.0338496
-2.0741356
-2.0979177
-1.8351802
-1.8516447
-1.8814542
-1.9214082
-1.9701086
-2.0334162
-2.0939278
-2.1367315
-2.1616904
-1.8783536
-1.8970596
-1.9294078
-1.9747998
-2.0264226
-2.0839288
-2.1452285
-2.1932598
-2.2196829
-1.9100914
-1.929939
-1.965048
-2.0133636
-2.0699001
-2.1274414
-2.1850764
-2.2347313
-2.2640552
-1.928004
-1.9488493
-1.9853156
-2.035608
-2.0947453
-2.1541854
-2.2105121
-2.2588706
-2.2890111
-2.1993094
-2.1977352
-2.1951937
-2.1918432
-2.1879393
-2.1838325
-2.1800117
-2.1769536
-2.175083
-2.2463306
-2.2447925
-2.2423087
-2.2390276
-2.2352
-2.2311644
-2.227401
-2.224384
-2.2225369
-2.3270509
-2.3255718
-2.3231934
-2.3200334
-2.3163317
-2.3124128
-2.3087457
-2.305798
-2.3039893
-2.4342514
-2.4328309
-2.4305744
-2.4275726
-2.4240409
-2.4202799
-2.4167413
-2.4138862
-2.4121291
-2.557073
-2.5556909
-2.553546
-2.5507052
-2.5473496
-2.5437635
-2.5403735
-2.5376257
-2.5359296
-2.6819198
-2.680543
-2.6785003
-2.6758239
-2.6726374
-2.6692131
-2.6659623
-2.6633206
-2.661686
-2.7944324
-2.7930262
-2.7910381
-2.7884992
-2.7854664
-2.7821899
-2.779065
-2.7765159
-2.7749345
-2.8815685
-2.880129
-2.8781695
-2.8757326
-2.8728103
-2.869628
-2.8665928
-2.864116
-2.8625765
-2.9333784
-2.9319075
-2.9299573
-2.9275858
-2.9247537
-2.9216387
-2.9186419
-2.9161939
-2.9146741
-2.180471
-2.2320651
-2.3246181
-2.4539489
-2.6085794
-2.7690419
-2.9137294
-3.0244139
-3.0890247
-2.1758126
-2.2278092
-2.3211794
-2.4516445
-2.6077032
-2.7697611
-2.9157673
-3.0278781
-3.0936237
-2.1673874
-2.2200358
-2.3146723
-2.4470066
-2.6053304
-2.7699834
-2.9182966
-3.0321765
-3.099421
-2.1554166
-2.2088802
-2.3050134
-2.439587
-2.6006972
-2.768412
-2.9197715
-3.0358401
-3.1043058
-2.140762
-2.1950393
-2.2927064
-2.4295181
-2.593489
-2.7643559
-2.9187838
-3.0374315
-3.1073364
-2.1249839
-2.1799605
-2.278966
-2.4177736
-2.5842566
-2.7579951
-2.915208
-3.0360584
-3.107379
-2.1100847
-2.1656029
-2.2656377
-2.4059888
-2.5744496
-2.7504328
-2.9099293
-3.032625
-3.1049733
-2.0981529
-2.1540232
-2.2547506
-2.3961358
-2.5659313
-2.7434777
-2.9045205
-3.0285111
-3.1016915
-2.0909033
-2.1469631
-2.2480516
-2.3899878
-2.5605017
-2.7388865
-2.9008034
-3.0254908
-3.0990731
-4.8385189
-4.8365067
-4.8348613
-4.8339068
-4.8335241
-4.8326628
-4.8316599
-4.8307614
-4.8300257
-4.8597347
-4.8567179
-4.8546291
-4.8539906
-4.8541377
-4.8541751
-4.8534389
-4.8525116
-4.8517421
-4.8944035
-4.8909089
-4.8876519
-4.8859904
-4.8857628
-4.8859926
-4.8861392
-4.885853
-4.8854501
-4.9339422
-4.9307945
-4.9280116
-4.9263102
-4.9254063
-4.9247902
-4.9241331
-4.9237452
-4.9233553
-4.9687848
-4.9664697
-4.9646437
-4.9643431
-4.9649056
-4.9651736
-4.9647632
-4.9638424
-4.9630905
-4.9939261
-4.9924705
-4.9916459
-4.9922859
-4.9940156
-4.9959048
-4.9970371
-4.9977253
-4.9976742
-5.0062892
-5.0070407
-5.0080147
-5.0101425
-5.0131104
-5.0159006
-5.0177665
-5.0186019
-5.0190346
-5.0082697
-5.0107496
-5.0140406
-5.0176338
-5.0216779
-5.025818
-5.028945
-5.0312453
-5.031838
-5.0066568
-5.0106614
-5.0149278
-5.0196434
-5.024385
-5.0287091
-5.0315624
-5.0337749
-5.0354806
-1.7135309
-1.7591498
-1.8415811
-1.9573756
-2.0972585
-2.2451747
-2.3813609
-2.4886916
-2.5530228
-1.7045278
-1.7496474
-1.8309897
-1.9452594
-2.0834113
-2.2291985
-2.3637017
-2.4698693
-2.5331063
-1.6892787
-1.7334174
-1.8127932
-1.9246423
-2.0596247
-2.201806
-2.3337238
-2.437188
-2.4983487
-1.6690004
-1.7116655
-1.7887875
-1.8973526
-2.0277461
-2.1658555
-2.2936018
-2.3926857
-2.4519065
-1.6454535
-1.686769
-1.7613254
-1.8655516
-1.9913166
-2.1244781
-2.2462362
-2.3419543
-2.40008
-1.621423
-1.6612955
-1.7326756
-1.8329141
-1.9541139
-2.0809905
-2.1981281
-2.2917779
-2.347929
-1.5993023
-1.6375454
-1.7063132
-1.8033536
-1.9194524
-2.0412692
-2.1556822
-2.2458668
-2.2988374
-1.5815468
-1.6186521
-1.6857891
-1.7798747
-1.8918251
-2.0108897
-2.1224498
-2.2084527
-2.2587962
-1.5707777
-1.6073429
-1.673457
-1.7654908
-1.8753069
-1.9929165
-2.102031
-2.185372
-2.234415
-3.843238
-3.8466207
-3.8478273
-3.8448286
-3.8378018
-3.8279449
-3.8174688
-3.8084892
-3.802732
-3.8017891
-3.8045911
-3.8053855
-3.8018229
-3.7939301
-3.7834707
-3.7725869
-3.7634915
-3.7578352
-3.7314399
-3.733341
-3.7328353
-3.7281342
-3.7195492
-3.7087754
-3.6977795
-3.6884276
-3.6825473
-3.6387898
-3.6395941
-3.6378633
-3.632049
-3.6225934
-3.6111988
-3.599762
-3.5902569
-3.5843461
-3.53319
-3.532944
-3.5298593
-3.5228862
-3.5126359
-3.5007591
-3.4890884
-3.4794051
-3.4733903
-3.4255066
-3.4243277
-3.4201912
-3.4123571
-3.401551
-3.3893207
-3.377405
-3.3676247
-3.3615801
-3.3281648
-3.3262813
-3.3212938
-3.3127574
-3.3014604
-3.2889534
-3.276921
-3.2670675
-3.2609885
-3.2523977
-3.2499976
-3.2443839
-3.2353602
-3.2238296
-3.2111829
-3.1990546
-3.1891785
-3.183095
-3.2070763
-3.2043917
-3.1985359
-3.1893458
-3.1776473
-3.1648667
-3.1526552
-3.1427646
-3.1367028
-2.1234937
-2.1332738
-2.1488338
-2.1672227
-2.1852711
-2.2004745
-2.2115023
-2.2182928
-2.2216038
-2.1583786
-2.1687289
-2.1852362
-2.2048386
-2.2241867
-2.2406163
-2.2526888
-2.260236
-2.2639773
-2.2183175
-2.2296704
-2.2478102
-2.2694671
-2.2910462
-2.3095845
-2.3234449
-2.3323137
-2.3368012
-2.2979019
-2.3105799
-2.3309208
-2.355318
-2.3798506
-2.4012478
-2.4175224
-2.4281641
-2.4336621
-2.3889293
-2.4031067
-2.425958
-2.4535796
-2.4815921
-2.5063211
-2.525436
-2.5381279
-2.5447841
-2.4811223
-2.4968989
-2.5223662
-2.5533177
-2.5849935
-2.6131736
-2.6351745
-2.6499879
-2.6578286
-2.5638189
-2.5810702
-2.6090233
-2.6430598
-2.6780282
-2.7093922
-2.7340268
-2.7507416
-2.7596722
-2.6276468
-2.6460309
-2.675892
-2.7123985
-2.7499617
-2.7837692
-2.810527
-2.828731
-2.8385023
-2.6654901
-2.6845749
-2.715567
-2.7535242
-2.7926879
-2.827953
-2.8559665
-2.8751017
-2.8853699
-3.2301309
-3.2609642
-3.3106755
-3.3724748
-3.4377224
-3.4973156
-3.5459293
-3.5800862
-3.5987749
-3.2629311
-3.2947504
-3.3462123
-3.409271
-3.4761737
-3.5375996
-3.5872483
-3.6224975
-3.6418681
-3.3177485
-3.350283
-3.404353
-3.4706869
-3.5397984
-3.6041334
-3.6562177
-3.6927448
-3.713096
-3.3896209
-3.4223335
-3.4773553
-3.5474958
-3.6209097
-3.6880989
-3.7433167
-3.7821253
-3.8035074
-3.4694992
-3.5033521
-3.5591417
-3.6303897
-3.7079804
-3.7796308
-3.8375805
-3.878816
-3.9016816
-3.5450572
-3.581152
-3.6399707
-3.7127726
-3.7914134
-3.8668239
-3.928552
-3.9717215
-3.995766
-3.6081447
-3.6460238
-3.7081419
-3.7848222
-3.8650702
-3.941114
-4.0056174
-4.0514432
-4.0765441
-3.6544525
-3.6935531
-3.7576754
-3.8374158
-3.9208484
-3.9977733
-4.0624074
-4.1097067
-4.1361994
-3.680769
-3.7207247
-3.7860863
-3.8673571
-3.9527696
-4.0311034
-4.0959026
-4.1431491
-4.1699643
-2.1373088
-2.1705556
-2.2292289
-2.3094488
-2.4037824
-2.5008572
-2.5881839
-2.654486
-2.693004
-2.1457964
-2.1796032
-2.2398207
-2.322197
-2.4188937
-2.5181846
-2.6071923
-2.6753759
-2.7149938
-2.1595085
-2.1939045
-2.2560654
-2.3421958
-2.442992
-2.5461942
-2.6382474
-2.7087347
-2.7503418
-2.1756001
-2.2113038
-2.2751254
-2.3650635
-2.4716643
-2.5800705
-2.6766089
-2.749933
-2.7932031
-2.1892079
-2.2276981
-2.2947681
-2.3875877
-2.4996418
-2.6147059
-2.716249
-2.7935957
-2.8387291
-2.1980776
-2.2388364
-2.3108921
-2.4082533
-2.5238053
-2.6450252
-2.7523687
-2.8334262
-2.8811173
-2.2044268
-2.2457188
-2.3207318
-2.4240345
-2.5437818
-2.6682784
-2.7811095
-2.8659731
-2.9155176
-2.2086773
-2.2505597
-2.3263283
-2.4332444
-2.5580311
-2.6849209
-2.8004518
-2.8888007
-2.9403055
-2.2103744
-2.2531239
-2.3293901
-2.4375623
-2.5655425
-2.6945322
-2.811171
-2.9010739
-2.9537578
-2.1425776
-2.1402321
-2.1361918
-2.1308235
-2.1246559
-2.118269
-2.1123688
-2.1076828
-2.1048491
-2.1902701
-2.187931
-2.1838996
-2.1785396
-2.1723769
-2.1659893
-2.1600822
-2.1553869
-2.1525462
-2.2721311
-2.2698022
-2.2657842
-2.2604342
-2.2542739
-2.2478803
-2.2419607
-2.2372505
-2.2343985
-2.3807991
-2.3784853
-2.3744873
-2.3691534
-2.3629974
-2.3565936
-2.350653
-2.3459196
-2.3430508
-2.505215
-2.5029176
-2.4989426
-2.4936284
-2.4874807
-2.4810706
-2.4751108
-2.470353
-2.467466
-2.6316293
-2.6293506
-2.6254002
-2.6201064
-2.6139668
-2.6075497
-2.6015716
-2.5967922
-2.5938889
-2.7454734
-2.743215
-2.7392946
-2.7340296
-2.7279073
-2.7214915
-2.7155002
-2.7107011
-2.7077828
-2.8336018
-2.8313566
-2.8274546
-2.8222089
-2.8161017
-2.8096931
-2.8037012
-2.7988961
-2.7959709
-2.8860044
-2.8837706
-2.8798831
-2.8746476
-2.8685452
-2.8621371
-2.8561398
-2.8513283
-2.8483995
-3.6871909
-3.6851172
-3.6814859
-3.6765412
-3.6707242
-3.6645526
-3.6586885
-3.6539283
-3.6510139
-3.7359175
-3.7338663
-3.7302668
-3.7253445
-3.7195221
-3.7133365
-3.7074791
-3.702732
-3.6998181
-3.8169076
-3.8148739
-3.8113088
-3.8064398
-3.8006677
-3.7945045
-3.7886428
-3.783889
-3.7809746
-3.9198857
-3.9178769
-3.9143387
-3.9094875
-3.903742
-3.8976171
-3.8917905
-3.8870542
-3.8841439
-4.0320705
-4.0301007
-4.026625
-4.0218366
-4.0161296
-4.0100085
-4.0041766
-3.9994415
-3.9965256
-4.1403324
-4.1384089
-4.1349958
-4.1302673
-4.1246283
-4.1185741
-4.1127732
-4.1080393
-4.1051174
-4.2332433
-4.231357
-4.2280194
-4.223383
-4.2177941
-4.2117553
-4.2059886
-4.2012914
-4.1983767
-4.3024063
-4.3005281
-4.2971955
-4.2925945
-4.2870982
-4.2811358
-4.2753629
-4.2706252
-4.267694
-4.342279
-4.3405066
-4.3372536
-4.3326162
-4.3270271
-4.3210711
-4.3154414
-4.3108259
-4.307917
-3.7264102
-3.7240457
-3.7217098
-3.719839
-3.7181553
-3.7162612
-3.7142842
-3.7126036
-3.7114975
-3.7745627
-3.7721035
-3.7697118
-3.7678907
-3.7663186
-3.7645204
-3.7626062
-3.7609557
-3.7598602
-3.8545545
-3.8519767
-3.8495047
-3.8477099
-3.8462818
-3.8446741
-3.8429153
-3.8413727
-3.8403322
-3.9560826
-3.9533386
-3.9507822
-3.9490346
-3.9477683
-3.946389
-3.9448288
-3.9434345
-3.9424866
-4.0666018
-4.0636852
-4.0609911
-4.0592648
-4.0581818
-4.0570637
-4.0557253
-4.0544796
-4.0536166
-4.1728562
-4.1698508
-4.1671203
-4.1654839
-4.1645934
-4.1637371
-4.1626459
-4.1615807
-4.1608263
-4.2638997
-4.2607418
-4.2578789
-4.2562895
-4.2556291
-4.2550645
-4.2542324
-4.2533564
-4.2527045
-4.3314703
-4.32836
-4.3254853
-4.3238242
-4.3231129
-4.3226505
-4.3220116
-4.3213038
-4.320756
-4.3700247
-4.3670124
-4.3643054
-4.3628816
-4.3622755
-4.3617217
-4.3610548
-4.3603812
-4.3598556
-3.9975083
-4.0474449
-4.1272037
-4.2268142
-4.3326721
-4.4284479
-4.5093662
-4.5676376
-4.5988162
-4.0103271
-4.0609523
-4.1429158
-4.2429081
-4.3493731
-4.4473033
-4.5263803
-4.5848767
-4.6173449
-4.0307374
-4.0816377
-4.1656406
-4.268715
-4.3755261
-4.4752175
-4.5558962
-4.6123017
-4.6445743
-4.0544022
-4.1057918
-4.1903524
-4.2961814
-4.4065267
-4.5064165
-4.5886461
-4.6464375
-4.6778414
-4.0793785
-4.1304813
-4.214895
-4.320476
-4.4329447
-4.5363888
-4.6182478
-4.6762281
-4.7086864
-4.0992408
-4.1521864
-4.2370705
-4.3419584
-4.4527871
-4.5562062
-4.6412946
-4.6990513
-4.7303468
-4.1074178
-4.1629773
-4.2523885
-4.358587
-4.4685823
-4.5696117
-4.6512288
-4.710996
-4.7436518
-4.1118024
-4.1661368
-4.2570272
-4.3682224
-4.4783312
-4.5788576
-4.6597619
-4.7130932
-4.7437082
-4.1145099
-4.1686608
-4.2578662
-4.3701723
-4.4840786
-4.5818007
-4.6635445
-4.7198648
-4.7471171
-4.0546206
-4.1085775
-4.1951809
-4.2993951
-4.4034166
-4.4906916
-4.5549358
-4.5957585
-4.6101695
-4.0440836
-4.0980616
-4.1842872
-4.287925
-4.390687
-4.4764999
-4.5428796
-4.5785697
-4.5840158
-4.0252259
-4.0787323
-4.1638272
-4.2668659
-4.3667866
-4.4526264
-4.5176219
-4.5428596
-4.5517403
-3.9973766
-4.0493295
-4.1349273
-4.2349507
-4.3327723
-4.4207757
-4.4726873
-4.4976189
-4.5197262
-3.9611021
-4.0140403
-4.0973205
-4.1935759
-4.294439
-4.3738532
-4.4190298
-4.4571036
-4.4765423
-3.9222346
-3.9736917
-4.0527135
-4.1514744
-4.2491636
-4.31731
-4.3715519
-4.411061
-4.4217459
-3.8827489
-3.9314724
-4.0117729
-4.1116361
-4.199208
-4.2680241
-4.3291319
-4.3589952
-4.3677
-3.848553
-3.8976751
-3.9804952
-4.0756565
-4.1575151
-4.2321412
-4.2909573
-4.315287
-4.3263373
-3.8280051
-3.878103
-3.9608608
-4.0518223
-4.1328928
-4.2106331
-4.2659217
-4.2888865
-4.3016004
-1.9678311
-2.0243911
-2.126671
-2.270805
-2.4447095
-2.6279158
-2.7957648
-2.9259184
-3.0029337
-1.9596268
-2.0160627
-2.1181317
-2.2619896
-2.4355957
-2.6185529
-2.7862627
-2.9163795
-2.9933934
-1.945772
-2.0019591
-2.103593
-2.246872
-2.4198335
-2.6022107
-2.7695434
-2.8994772
-2.976411
-1.9277453
-1.983531
-2.0844562
-2.2267725
-2.3986299
-2.5799643
-2.7465194
-2.8759947
-2.9527218
-1.9074943
-1.9627302
-2.0626724
-2.2036281
-2.3739014
-2.553675
-2.7189824
-2.8476645
-2.9239806
-1.8872199
-1.9418007
-2.0405613
-2.1798713
-2.3481941
-2.5259992
-2.68967
-2.8172297
-2.892948
-1.8691204
-1.9230295
-2.0205794
-2.1581869
-2.3244717
-2.5001976
-2.662078
-2.7883775
-2.8634196
-1.855158
-1.9084997
-2.0050186
-2.1411633
-2.3056974
-2.4796125
-2.6399077
-2.7650748
-2.8394843
-1.8468603
-1.899846
-1.9957105
-2.130929
-2.294351
-2.4671061
-2.6263821
-2.7508032
-2.824803
-4.8102465
-4.8079126
-4.8042374
-4.7998684
-4.7947053
-4.7883025
-4.7815335
-4.7759571
-4.7725007
-4.8318263
-4.8297659
-4.8258583
-4.8205052
-4.8145501
-4.8082745
-4.8015887
-4.795381
-4.7913018
-4.8646029
-4.8627215
-4.8593693
-4.8542483
-4.8470163
-4.8385684
-4.830268
-4.8229898
-4.8181789
-4.9037683
-4.9013955
-4.8971717
-4.8912523
-4.8833697
-4.872933
-4.8609555
-4.8507413
-4.84475
-4.9420166
-4.9393784
-4.9340902
-4.925304
-4.9131004
-4.898829
-4.8842726
-4.8730453
-4.8677255
-4.9726104
-4.9686553
-4.9610109
-4.9490766
-4.9326315
-4.9173981
-4.9090893
-4.9057864
-4.904952
-4.9903464
-4.9862385
-4.9771031
-4.9645321
-4.954456
-4.9496019
-4.9496312
-4.9511128
-4.9519767
-5.0013767
-4.9967765
-4.9911351
-4.9858754
-4.9839847
-4.9848894
-4.986039
-4.9865491
-4.9859913
-5.0129279
-5.0082982
-5.0037055
-5.0024103
-5.002791
-5.0029578
-5.0024276
-5.0015551
-5.0003094
-5.0161182
-5.024306
-5.03233
-5.0471061
-5.0531155
-5.0485897
-5.0447847
-5.0385791
-5.0351292
-5.0354076
-5.0382202
-5.0402461
-5.0453645
-5.0429895
-5.0343265
-5.0230941
-5.0113326
-5.0034232
-5.0340266
-5.0304145
-5.022506
-5.0083825
-4.9871127
-4.9600369
-4.9310979
-4.9066915
-4.8920222
-4.9255024
-4.911405
-4.8856041
-4.8489218
-4.8052539
-4.7606386
-4.7209691
-4.6907063
-4.6730304
-4.6812301
-4.6631862
-4.6337444
-4.5974742
-4.559641
-4.5212767
-4.4840589
-4.4526721
-4.4332884
-4.4857152
-4.4729153
-4.4525022
-4.4274659
-4.3969739
-4.359538
-4.3219492
-4.2916686
-4.2743267
-4.4040108
-4.390527
-4.366976
-4.3360161
-4.3026298
-4.2716468
-4.2447332
-4.2229759
-4.2090695
-4.3457145
-4.334086
-4.314615
-4.289212
-4.2585425
-4.2242664
-4.1926721
-4.168789
-4.1550522
-4.3202826
-4.3079231
-4.2871056
-4.2604148
-4.2281732
-4.1928944
-4.1610358
-4.1368402
-4.1223374
-4.9238274
-4.9223161
-4.920256
-4.9112409
-4.8896282
-4.8592106
-4.8692279
-4.8798518
-4.8938586
-4.9313678
-4.9165446
-4.908579
-4.8987134
-4.8842415
-4.8841857
-4.8977457
-4.9055283
-4.9123368
-5.0015116
-4.980055
-4.9535281
-4.9408195
-4.9389521
-4.9508674
-4.9655224
-4.9769981
-4.9838943
-4.9997378
-5.0202743
-5.0305143
-5.0267502
-5.0260207
-5.0267474
-5.0298189
-5.0364247
-5.0373571
-4.8709759
-4.8975279
-4.9323903
-4.9566083
-4.9649126
-4.9624366
-4.9523596
-4.9387723
-4.9284092
-4.7343463
-4.7515556
-4.7682037
-4.787472
-4.7919746
-4.7726702
-4.7497758
-4.7282192
-4.7178579
-4.6041322
-4.6241004
-4.6430202
-4.6518834
-4.6511378
-4.6420326
-4.6261832
-4.6090045
-4.5973626
-4.5292054
-4.5358928
-4.5439203
-4.5473293
-4.5459577
-4.540642
-4.529848
-4.5195713
-4.5125634
-4.4901063
-4.4964794
-4.4990172
-4.5013793
-4.5021228
-4.492935
-4.4813482
-4.4705989
-4.4623747
-3.4349065
-3.4786148
-3.5449011
-3.6188508
-3.6904313
-3.749814
-3.7922528
-3.8195787
-3.8330239
-3.4064949
-3.4488844
-3.5130157
-3.5858296
-3.6569007
-3.7154415
-3.7577756
-3.7848979
-3.7982684
-3.3563441
-3.3964044
-3.4578448
-3.529484
-3.5992346
-3.6565351
-3.6986436
-3.7252863
-3.7386471
-3.2870294
-3.3249926
-3.3846098
-3.4547733
-3.5222738
-3.5784438
-3.6199151
-3.6458854
-3.6588014
-3.2057334
-3.2425984
-3.3007768
-3.368506
-3.4337055
-3.4888479
-3.5291244
-3.5539554
-3.5661543
-3.1225537
-3.1584893
-3.2147677
-3.2797963
-3.3433661
-3.3971472
-3.4356519
-3.4591705
-3.4708291
-3.0468834
-3.0817781
-3.1360922
-3.1992243
-3.2615804
-3.3134745
-3.3501863
-3.372674
-3.383754
-2.9874197
-3.0214869
-3.0744265
-3.1365943
-3.1977159
-3.2478045
-3.2832282
-3.3048865
-3.3154156
-2.9516494
-2.9852316
-3.0375225
-3.0992419
-3.1593977
-3.2083861
-3.2430738
-3.2641915
-3.274392
-2.3692706
-2.3968082
-2.4392136
-2.4869082
-2.5308173
-2.5645569
-2.586782
-2.5990617
-2.6043164
-2.3311363
-2.358043
-2.3994097
-2.4462938
-2.4892902
-2.5222027
-2.5437387
-2.5554566
-2.560433
-2.2667753
-2.2923849
-2.3322748
-2.3776655
-2.4190845
-2.4507137
-2.4710827
-2.4819458
-2.4864851
-2.1828729
-2.2071234
-2.2451629
-2.2882496
-2.3277016
-2.357676
-2.3766514
-2.3865188
-2.3904515
-2.0892267
-2.1120565
-2.1475522
-2.1879624
-2.2251142
-2.2532204
-2.27079
-2.2795856
-2.2829062
-1.9964456
-2.017467
-2.0504257
-2.0880913
-2.1227175
-2.1489536
-2.1651114
-2.1729487
-2.17576
-1.9142052
-1.9338629
-1.964629
-1.9996367
-2.0319563
-2.0563821
-2.0712697
-2.0783189
-2.0806749
-1.8516385
-1.870211
-1.899114
-1.9321316
-1.9625806
-1.9855337
-1.999424
-2.0058373
-2.0078819
-1.8148222
-1.8326675
-1.8605579
-1.8923777
-1.9216859
-1.9437469
-1.9570139
-1.9630578
-1.9649187
-1.3811488
-1.4071783
-1.4526054
-1.5160244
-1.5944565
-1.6775178
-1.7522018
-1.8101768
-1.8448714
-1.3670968
-1.3920983
-1.4361256
-1.4985367
-1.5754844
-1.6557964
-1.7280209
-1.7844746
-1.8183027
-1.3423636
-1.3659195
-1.4083327
-1.4692094
-1.542814
-1.6183487
-1.6869496
-1.7409651
-1.7733356
-1.3090169
-1.3314904
-1.3725937
-1.4306151
-1.4987249
-1.5686857
-1.6332494
-1.684068
-1.7144295
-1.271477
-1.2931975
-1.3321923
-1.3854693
-1.447456
-1.5123274
-1.5724557
-1.6194105
-1.6474107
-1.2340643
-1.2544298
-1.2900536
-1.3382553
-1.3951848
-1.4554279
-1.5106922
-1.5539859
-1.5803878
-1.1998066
-1.2183459
-1.250759
-1.2950351
-1.3481451
-1.4039136
-1.4550141
-1.496607
-1.5229293
-1.1723357
-1.1894658
-1.2196979
-1.2613671
-1.3115603
-1.3636488
-1.412771
-1.4545303
-1.4809908
-1.1555902
-1.1719992
-1.2010306
-1.2412912
-1.2896067
-1.3396997
-1.3885155
-1.4305804
-1.4567035
-3.6849107
-3.6755445
-3.6590301
-3.6364978
-3.6099562
-3.5820481
-3.5563954
-3.5363888
-3.5244139
-3.6399823
-3.6308268
-3.614913
-3.5933456
-3.567731
-3.5405151
-3.515042
-3.4947007
-3.4824091
-3.565406
-3.5560424
-3.5399154
-3.5184008
-3.4934668
-3.4674438
-3.4431876
-3.4237418
-3.4118475
-3.4679982
-3.458925
-3.4431289
-3.421799
-3.396862
-3.3709001
-3.3469722
-3.3280003
-3.316511
-3.3570986
-3.3481272
-3.3326663
-3.3119487
-3.2877911
-3.2625386
-3.2390971
-3.2204143
-3.2090503
-3.2458345
-3.2369722
-3.2216516
-3.2011054
-3.1772633
-3.1525592
-3.1297897
-3.1116973
-3.1007082
-3.1460336
-3.1373377
-3.1223282
-3.1021827
-3.0787107
-3.0542671
-3.0317104
-3.0138442
-3.0030264
-3.0688306
-3.060182
-3.045314
-3.0254441
-3.0024339
-2.9785201
-2.9563595
-2.9387366
-2.9280524
-3.0230593
-3.0144928
-2.9997039
-2.979903
-2.9569477
-2.9332244
-2.9113783
-2.8940115
-2.8834863
-2.3090792
-2.3016779
-2.2889753
-2.2720782
-2.2526101
-2.2325754
-2.2142212
-2.1997377
-2.1910057
-2.2643197
-2.2570021
-2.2444604
-2.227791
-2.2085707
-2.1887738
-2.1706524
-2.1563713
-2.1477649
-2.1893752
-2.182199
-2.1699053
-2.1535856
-2.1348009
-2.1154635
-2.0977535
-2.0837976
-2.0753915
-2.092973
-2.0859972
-2.0740534
-2.0582016
-2.0399626
-2.0212142
-2.0040674
-1.9905604
-1.9824272
-1.9862503
-1.9795005
-1.9679502
-1.9526403
-1.935047
-1.9169731
-1.9004504
-1.8874457
-1.8796212
-1.881164
-1.8746508
-1.8635116
-1.8487565
-1.8318125
-1.814424
-1.798544
-1.7860528
-1.7785399
-1.7889848
-1.7826875
-1.771925
-1.75768
-1.7413288
-1.7245575
-1.7092536
-1.6972251
-1.6899953
-1.7190445
-1.712918
-1.7024495
-1.6885976
-1.6727105
-1.6564279
-1.6415734
-1.6298999
-1.6228855
-1.6779913
-1.6719681
-1.6616795
-1.6480644
-1.6324478
-1.6164511
-1.6018679
-1.5904116
-1.5835276
-2.4877426
-2.483091
-2.4751502
-2.4645391
-2.4521814
-2.4392637
-2.4272439
-2.4176541
-2.4118322
-2.4417449
-2.437072
-2.4291295
-2.4185477
-2.4062372
-2.3933804
-2.3814339
-2.3719077
-2.3661219
-2.3644828
-2.3597965
-2.3518703
-2.3413545
-2.3291508
-2.3164179
-2.3045983
-2.2951846
-2.2894708
-2.264739
-2.2600698
-2.2522125
-2.2418241
-2.2297826
-2.2172325
-2.2056035
-2.1963533
-2.1907443
-2.1538484
-2.1492366
-2.1415079
-2.1313024
-2.119476
-2.1071645
-2.0957771
-2.0867322
-2.0812539
-2.0442088
-2.0396867
-2.032126
-2.0221385
-2.0105617
-1.9985214
-1.9874036
-1.9785884
-1.9732555
-1.9476949
-1.9432769
-1.9358901
-1.9261134
-1.9147798
-1.9030099
-1.8921564
-1.8835609
-1.8783658
-1.8742749
-1.8699462
-1.8627024
-1.8530963
-1.8419616
-1.8304135
-1.8197739
-1.8113533
-1.8062673
-1.8311117
-1.8268382
-1.8196822
-1.8101821
-1.79917
-1.7877564
-1.7772472
-1.7689334
-1.7639135
-1.9189105
-1.9358733
-1.963297
-1.9968754
-2.0317479
-2.06362
-2.0896215
-2.1081332
-2.1185162
-1.9438442
-1.9614973
-1.9901596
-2.0252594
-2.0617779
-2.095249
-2.1225943
-2.1421347
-2.1531184
-1.9868784
-2.0057923
-2.0363866
-2.0740293
-2.1134063
-2.1496222
-2.1792878
-2.2005536
-2.2125612
-2.0436259
-2.0642215
-2.0977617
-2.1388671
-2.181926
-2.2218047
-2.2545967
-2.2781589
-2.2914972
-2.1089667
-2.1312188
-2.1676092
-2.2128245
-2.260257
-2.3042199
-2.3406296
-2.3668882
-2.3817822
-2.1739283
-2.1985797
-2.2383521
-2.2873875
-2.3393525
-2.3876339
-2.4276435
-2.4566758
-2.4731844
-2.2323322
-2.2581859
-2.301193
-2.3541679
-2.4099598
-2.4622854
-2.5056781
-2.5371833
-2.5551721
-2.277726
-2.3046059
-2.3491016
-2.4053286
-2.4643432
-2.5195966
-2.5658107
-2.5992757
-2.6184387
-2.3036569
-2.3322135
-2.3776578
-2.4353424
-2.4965703
-2.553508
-2.6013771
-2.6361112
-2.655927
-2.3157974
-2.3453097
-2.3915944
-2.449845
-2.5121134
-2.5699317
-2.6185706
-2.653926
-2.6740389
-2.3408866
-2.3715069
-2.4202843
-2.4796708
-2.5440126
-2.6038462
-2.6538155
-2.690679
-2.7115402
-2.384982
-2.4150445
-2.4669808
-2.5303462
-2.5969704
-2.6606066
-2.7133414
-2.7518668
-2.7741872
-2.4460272
-2.4750335
-2.5260748
-2.5941806
-2.6658555
-2.732806
-2.789808
-2.8311629
-2.8547666
-2.5155551
-2.5456478
-2.5959381
-2.6636418
-2.7408886
-2.813239
-2.8736253
-2.9184729
-2.9441315
-2.5816233
-2.6142937
-2.6679394
-2.7357331
-2.8134335
-2.8912898
-2.9564229
-3.003818
-3.0313191
-2.6368339
-2.6717956
-2.7294944
-2.8014957
-2.8794998
-2.9583803
-3.0280786
-3.0788227
-3.1076889
-2.677387
-2.7139803
-2.7744134
-2.850442
-2.9315617
-3.0104204
-3.081261
-3.1349122
-3.1655222
-2.7006028
-2.7381488
-2.8002261
-2.8784629
-2.9620421
-3.0419345
-3.1127142
-3.1671595
-3.1988191
-1.9366635
-1.9577931
-1.9951198
-2.0462109
-2.106649
-2.1672189
-2.223271
-2.2710103
-2.3010364
-1.9538147
-1.9757552
-2.0146079
-2.0676295
-2.1304299
-2.1937793
-2.2502348
-2.296674
-2.3261969
-1.9814455
-2.0047158
-2.0460399
-2.1025326
-2.1690459
-2.2370975
-2.2965324
-2.3423611
-2.3707018
-2.0153483
-2.0400879
-2.084266
-2.1453096
-2.216862
-2.2902529
-2.3551041
-2.4035854
-2.4320428
-2.0505437
-2.0770455
-2.1241188
-2.1896661
-2.2672311
-2.3463568
-2.4167417
-2.4698881
-2.5007148
-2.082063
-2.1106668
-2.1610745
-2.2306608
-2.3137296
-2.3990339
-2.4745046
-2.5318677
-2.5653712
-2.1069586
-2.13738
-2.1911302
-2.2647907
-2.3521297
-2.4427453
-2.5231284
-2.583915
-2.6195768
-2.1239339
-2.1558869
-2.2121599
-2.2892868
-2.3801451
-2.4742391
-2.5585464
-2.6220758
-2.6593435
-2.1330429
-2.1659209
-2.223796
-2.3029693
-2.3961317
-2.4921924
-2.5786032
-2.6439777
-2.6820718
-2.1743098
-2.1724286
-2.1691849
-2.1648593
-2.1598408
-2.1546007
-2.1497587
-2.1459113
-2.1435776
-2.2217794
-2.2199207
-2.2167127
-2.2124289
-2.2074497
-2.202241
-2.1974214
-2.1935887
-2.1912626
-2.3032571
-2.3014341
-2.2982835
-2.2940682
-2.2891576
-2.2840075
-2.2792305
-2.2754241
-2.2731111
-2.4114305
-2.4096549
-2.4065784
-2.4024492
-2.397623
-2.3925465
-2.3878256
-2.3840557
-2.3817615
-2.5352701
-2.5335504
-2.5305632
-2.5265385
-2.5218136
-2.5168218
-2.5121623
-2.5084318
-2.5061577
-2.6610654
-2.6594023
-2.6565054
-2.6525878
-2.6479702
-2.6430731
-2.6384856
-2.6348013
-2.6325507
-2.7743486
-2.7727365
-2.769922
-2.7661031
-2.7615824
-2.756768
-2.7522435
-2.7486021
-2.7463747
-2.8620179
-2.8604455
-2.857695
-2.8539553
-2.8495173
-2.844777
-2.8403072
-2.8366993
-2.8344885
-2.9141304
-2.9125809
-2.9098702
-2.9061782
-2.9017866
-2.8970889
-2.8926564
-2.8890763
-2.8868802
-2.9393174
-2.937771
-2.9350702
-2.9314015
-2.9270397
-2.9223648
-2.9179463
-2.9143753
-2.9121852
-2.991486
-2.9899631
-2.9872919
-2.9836535
-2.9793289
-2.9746972
-2.9703163
-2.9667705
-2.9645934
-3.0792873
-3.0778049
-3.0752019
-3.0716403
-3.0673889
-3.0628223
-3.0584966
-3.0549911
-3.0528357
-3.1929434
-3.1914997
-3.1889682
-3.1854989
-3.1813492
-3.1768771
-3.1726269
-3.1691765
-3.1670521
-3.3195427
-3.3181542
-3.3157121
-3.312339
-3.308284
-3.303901
-3.2997264
-3.2963354
-3.2942461
-3.4447538
-3.4434178
-3.4410665
-3.4378094
-3.433876
-3.4295905
-3.425485
-3.4221368
-3.4200724
-3.5549016
-3.5536211
-3.5513502
-3.548172
-3.5443213
-3.5401322
-3.5361139
-3.5328202
-3.530783
-3.638525
-3.6372847
-3.6350909
-3.6320205
-3.6282593
-3.624118
-3.6201313
-3.6168665
-3.6148492
-3.6876467
-3.6864302
-3.6842374
-3.6811747
-3.6774919
-3.6734432
-3.6694988
-3.6662453
-3.6642257
-2.9584371
-2.9569495
-2.9549971
-2.9526425
-2.9498441
-2.9467746
-2.9438164
-2.9413866
-2.9398718
-3.0102914
-3.0087724
-3.0068278
-3.0045256
-3.0017938
-2.9987846
-2.9958867
-2.9935095
-2.9920235
-3.0976386
-3.0960452
-3.0940912
-3.0918744
-3.0892706
-3.086373
-3.0835597
-3.0812474
-3.0798005
-3.2107356
-3.2090333
-3.207038
-3.2049096
-3.2024731
-3.1997397
-3.1970547
-3.194828
-3.193428
-3.3367183
-3.3348763
-3.3328104
-3.3307667
-3.3285245
-3.325979
-3.3234457
-3.3213293
-3.3199899
-3.4613686
-3.4593676
-3.4572061
-3.4552186
-3.4531635
-3.4508195
-3.4484531
-3.4464558
-3.4451705
-3.5709452
-3.5688094
-3.5665827
-3.5646534
-3.5627607
-3.5605926
-3.5583737
-3.5564995
-3.5552819
-3.6541566
-3.6518801
-3.6495745
-3.6476846
-3.645939
-3.643946
-3.6418541
-3.6400571
-3.63888
-3.7030159
-3.7006733
-3.69832
-3.696416
-3.6947116
-3.6928038
-3.6908175
-3.6891149
-3.6879817
-3.1200876
-3.1840135
-3.2923859
-3.4304947
-3.5757697
-3.7135381
-3.8329867
-3.9213221
-3.9727426
-3.1251256
-3.1894999
-3.2976733
-3.4375041
-3.5863762
-3.7249025
-3.8446112
-3.9339534
-3.9855482
-3.1317366
-3.1978578
-3.3069275
-3.4471208
-3.6009212
-3.7439302
-3.8633292
-3.953317
-4.0055784
-3.1373084
-3.2052398
-3.3177077
-3.4590266
-3.6140914
-3.7638623
-3.8872509
-3.9769483
-4.0292033
-3.1409925
-3.2100165
-3.325285
-3.4709354
-3.6268519
-3.7777539
-3.9077106
-4.0012793
-4.0542485
-3.1417192
-3.212282
-3.3292491
-3.4779026
-3.6382536
-3.7892398
-3.9188592
-4.0166836
-4.0726704
-3.1398007
-3.2113912
-3.3305446
-3.4809908
-3.6437327
-3.7985896
-3.9277455
-4.0236916
-4.0802787
-3.1369374
-3.2092377
-3.3294666
-3.4818142
-3.6458507
-3.8021585
-3.9341103
-4.0297827
-4.0850395
-3.1344993
-3.2072978
-3.3282701
-3.4813521
-3.6464037
-3.8033525
-3.9361107
-4.0330524
-4.0881413
-3.1332027
-3.2061764
-3.327458
-3.4809774
-3.6464278
-3.8036515
-3.9367376
-4.0342431
-4.0896876
-3.1301303
-3.2034979
-3.3254494
-3.4797387
-3.6460238
-3.8039203
-3.9373713
-4.035606
-4.0918093
-3.1239329
-3.1979134
-3.3208905
-3.4763873
-3.6439023
-3.8029205
-3.9369589
-4.0355619
-4.092356
-3.1140013
-3.1886889
-3.3127792
-3.4696596
-3.6385634
-3.7987205
-3.9336014
-4.0325048
-4.0893372
-3.100388
-3.1756961
-3.300813
-3.4589802
-3.6291288
-3.7902219
-3.9257553
-4.0250767
-4.0820005
-3.0841828
-3.1599416
-3.2858686
-3.4449988
-3.6160031
-3.7777778
-3.9136125
-4.012983
-4.0699078
-3.0675801
-3.1436516
-3.2700706
-3.4297691
-3.6012926
-3.7633451
-3.8992832
-3.9985925
-4.0553617
-3.0534432
-3.129664
-3.2563113
-3.4162921
-3.5880248
-3.7501199
-3.8859604
-3.9850194
-4.0416347
-3.0445108
-3.1207676
-3.2475055
-3.4075891
-3.5793484
-3.7414157
-3.8771316
-3.9760048
-4.0324775
-2.0873724
-2.1435157
-2.2447677
-2.386951
-2.5577905
-2.7365598
-2.8988674
-3.0238849
-3.0976743
-2.0799581
-2.136262
-2.237827
-2.3804883
-2.5519618
-2.731482
-2.8945708
-3.0202408
-3.0944174
-2.067242
-2.1237746
-2.2257873
-2.3691464
-2.5415542
-2.7221985
-2.8864788
-3.0131545
-3.0879314
-2.0503703
-2.1071193
-2.2095672
-2.3536261
-2.5269897
-2.7088257
-2.8744147
-3.0022083
-3.0776653
-2.0310527
-2.0879356
-2.1906781
-2.3352387
-2.5093245
-2.6921321
-2.8588528
-2.9876511
-3.0637388
-2.0114133
-2.0683168
-2.1711444
-2.3159026
-2.4903396
-2.6737195
-2.8412048
-2.9707412
-3.0473053
-1.9937015
-2.0505289
-2.153253
-2.2979302
-2.4723673
-2.6559137
-2.8237702
-2.9537302
-3.0305705
-1.9799664
-2.0366745
-2.1392058
-2.2836566
-2.4578897
-2.6413416
-2.8092756
-2.9394029
-3.016367
-1.9717864
-2.0283993
-2.1307697
-2.2750197
-2.449047
-2.6323508
-2.8002442
-2.9304015
-3.0074084
-4.8299474
-4.829098
-4.8276553
-4.8259995
-4.8235382
-4.8197464
-4.8161589
-4.8133214
-4.8110891
-4.8517079
-4.8508508
-4.8491577
-4.8467516
-4.8440624
-4.840923
-4.8372612
-4.8342242
-4.8324362
-4.8855493
-4.8849948
-4.8836767
-4.881244
-4.8777044
-4.8738405
-4.8703044
-4.8671935
-4.8652042
-4.9235387
-4.9231223
-4.9222139
-4.9206873
-4.9182036
-4.9144318
-4.9101493
-4.90669
-4.9045473
-4.9630849
-4.9623232
-4.9608024
-4.958477
-4.955622
-4.952566
-4.9491787
-4.945496
-4.9428771
-4.9980497
-4.9976288
-4.9964141
-4.9941336
-4.990477
-4.9854507
-4.9804316
-4.9765912
-4.9738865
-5.0196618
-5.0201259
-5.0205272
-5.0198795
-5.0173462
-5.0124356
-5.0047588
-4.9964806
-4.9918003
-5.0325327
-5.0326804
-5.0326918
-5.0326936
-5.0310798
-5.0265096
-5.0196851
-5.011067
-5.0040973
-5.036702
-5.0381832
-5.0387305
-5.0381881
-5.0375097
-5.0336675
-5.0265542
-5.019513
-5.0146819
-5.039077
-5.0404281
-5.0421905
-5.0418883
-5.0409865
-5.0386747
-5.0318217
-5.0252142
-5.0208815
-5.0430956
-5.0444492
-5.0469456
-5.0490095
-5.0467066
-5.0424444
-5.0384262
-5.0348156
-5.033722
-5.0357479
-5.0378477
-5.0412089
-5.0466425
-5.0515881
-5.0519238
-5.0515916
-5.0522517
-5.0525987
-5.032534
-5.0364946
-5.0419599
-5.0461913
-5.0492557
-5.0529883
-5.0557951
-5.0574673
-5.0585229
-4.9853769
-4.9901403
-4.9977208
-5.0065995
-5.0152667
-5.0222624
-5.0292945
-5.0359832
-5.0398205
-4.9233423
-4.9292943
-4.9390289
-4.9505033
-4.9648366
-4.9843757
-5.0000135
-5.0096547
-5.0154475
-4.8788202
-4.8869111
-4.9012873
-4.9256304
-4.9419476
-4.9598085
-4.9807365
-4.9912066
-4.9999911
-4.8751887
-4.8788213
-4.8908011
-4.9108317
-4.9364936
-4.9637601
-4.977189
-4.9887192
-4.9989906
-4.8886222
-4.8904591
-4.899149
-4.9189313
-4.9491607
-4.9724107
-4.9836927
-4.9936461
-5.0031221
-5.0057271
-5.0111525
-5.0171841
-5.0224667
-5.0267599
-5.0311357
-5.0354963
-5.0374377
-5.0381632
-4.9972164
-5.0018972
-5.0088792
-5.0170912
-5.0247575
-5.031469
-5.0358243
-5.0396836
-5.0417525
-4.9822296
-4.994776
-5.0051115
-5.0121074
-5.0181425
-5.0238784
-5.0294722
-5.0327904
-5.0343208
-4.9161026
-4.9369899
-4.9643317
-4.9864034
-4.9996147
-5.0090467
-5.0162145
-5.0245056
-5.0297736
-4.832598
-4.8540836
-4.8757725
-4.9031884
-4.9287568
-4.9507007
-4.9690506
-4.9785931
-4.9827773
-4.7876119
-4.7927655
-4.8056564
-4.8257194
-4.8506828
-4.8733698
-4.8952739
-4.9119842
-4.9199238
-4.8583115
-4.8445472
-4.8255089
-4.8188031
-4.8224673
-4.8352078
-4.8537507
-4.8684198
-4.8757333
-4.9287179
-4.928685
-4.9125806
-4.8780511
-4.8527141
-4.842327
-4.8459723
-4.8625187
-4.8738308
-4.9372892
-4.9313781
-4.926324
-4.9031464
-4.8809324
-4.8524232
-4.8615194
-4.878542
-4.8882397
-2.5840544
-2.6479009
-2.7540755
-2.8916288
-3.0422056
-3.1777273
-3.2854597
-3.365945
-3.4126651
-2.5635811
-2.6262562
-2.7313356
-2.8684737
-3.0166594
-3.1490399
-3.2570651
-3.3383498
-3.3847001
-2.5279507
-2.5891275
-2.6932097
-2.8285392
-2.9711578
-3.1001804
-3.2098931
-3.2909275
-3.3356266
-2.4808231
-2.5410398
-2.6435879
-2.7732964
-2.9088067
-3.0375864
-3.148176
-3.2257153
-3.2676479
-2.4284251
-2.4871872
-2.5849725
-2.7064304
-2.8383077
-2.968053
-3.0747791
-3.1473506
-3.1871422
-2.375014
-2.4304743
-2.5215989
-2.6377786
-2.7690807
-2.8956157
-2.9960551
-3.0656278
-3.1043476
-2.3242465
-2.3762051
-2.4630931
-2.5776775
-2.706579
-2.8268383
-2.9230831
-2.9912725
-3.0291424
-2.283048
-2.3330765
-2.4185126
-2.5318786
-2.656481
-2.7717406
-2.8660084
-2.9330475
-2.9701278
-2.2581812
-2.3075251
-2.3924592
-2.5044352
-2.6258143
-2.7385378
-2.831818
-2.8980267
-2.9346198
-2.2461115
-2.2952143
-2.3798868
-2.4909587
-2.6107032
-2.7223522
-2.8151634
-2.8809495
-2.9173161
-2.2213156
-2.2700617
-2.3540367
-2.4628084
-2.5791943
-2.6888451
-2.7805566
-2.8454044
-2.8812831
-2.1801159
-2.2282424
-2.3101007
-2.4140369
-2.5253035
-2.6320123
-2.7214982
-2.784738
-2.8198135
-2.1274502
-2.1738451
-2.251184
-2.3486237
-2.4546286
-2.5573897
-2.6434305
-2.7047633
-2.7391019
-2.0674175
-2.1106157
-2.1823259
-2.2738423
-2.3748169
-2.4723125
-2.5545429
-2.6144121
-2.6483536
-2.00467
-2.0446837
-2.1117677
-2.1985293
-2.2940824
-2.3860983
-2.4655143
-2.5243273
-2.5574931
-1.9468346
-1.9846228
-2.0483275
-2.1308857
-2.2211527
-2.3093235
-2.3869023
-2.4439271
-2.4755666
-1.9017393
-1.9380131
-1.9992488
-2.0782314
-2.1647685
-2.2509705
-2.3266709
-2.3814189
-2.4117472
-1.8748631
-1.9102394
-1.9699879
-2.0467361
-2.1314926
-2.2167167
-2.2908478
-2.3440878
-2.3737694
-1.565524
-1.6018404
-1.6673996
-1.7584031
-1.8673084
-1.9841765
-2.0919234
-2.174011
-2.2225199
-1.5546289
-1.5904207
-1.6546867
-1.7436027
-1.8508692
-1.9659101
-2.0705266
-2.1503128
-2.1979818
-1.5360597
-1.5707765
-1.6325212
-1.7183801
-1.8232317
-1.9340668
-2.0332408
-2.110253
-2.1570621
-1.5110779
-1.5439882
-1.6026338
-1.6857014
-1.7865714
-1.8902338
-1.983955
-2.059116
-2.1049641
-1.4812993
-1.5124251
-1.5688316
-1.6487139
-1.7427048
-1.839065
-1.929633
-2.0025884
-2.0462536
-1.4504572
-1.4805005
-1.5348236
-1.6094529
-1.6961595
-1.7882901
-1.8759947
-1.9446621
-1.985143
-1.4228211
-1.4517625
-1.5029135
-1.5719483
-1.6542391
-1.7437339
-1.8269112
-1.890775
-1.9285421
-1.4011148
-1.4286652
-1.4766852
-1.542212
-1.6224092
-1.7090051
-1.7876695
-1.848162
-1.8842007
-1.3877722
-1.4143128
-1.4605404
-1.5245627
-1.6036152
-1.6879191
-1.7638666
-1.8226162
-1.8577333
-3.8000881
-3.7938371
-3.7826802
-3.7675852
-3.7495733
-3.7303156
-3.7124387
-3.698019
-3.6890519
-3.7553087
-3.7493826
-3.7387644
-3.7237662
-3.7055982
-3.6861504
-3.6678131
-3.6530725
-3.6440462
-3.6798751
-3.6736952
-3.6629202
-3.6482262
-3.630577
-3.6115213
-3.5933836
-3.5786484
-3.5695849
-3.5816543
-3.575467
-3.5645677
-3.5495914
-3.5318309
-3.5130098
-3.4952517
-3.4808802
-3.4720502
-3.4706435
-3.4643777
-3.4534576
-3.4385622
-3.4208018
-3.4019053
-3.3841605
-3.3698782
-3.3611426
-3.3588145
-3.3525135
-3.3414972
-3.3265003
-3.3088095
-3.2901326
-3.2726009
-3.2584792
-3.2498345
-3.2582104
-3.2519178
-3.2409656
-3.226061
-3.2084032
-3.1897847
-3.1724058
-3.1584731
-3.1499739
-3.1803091
-3.1739962
-3.1630193
-3.1481968
-3.1307637
-3.1123322
-3.0950516
-3.0811918
-3.0727485
-3.1339318
-3.1276688
-3.1167199
-3.1018223
-3.0844102
-3.0661818
-3.0490746
-3.0353203
-3.0269386
-3.1114732
-3.1051995
-3.094325
-3.0795352
-3.0620599
-3.0437846
-3.0267883
-3.013136
-3.0048013
-3.0649752
-3.0586898
-3.047792
-3.0330832
-3.0157564
-2.9975195
-2.9805557
-2.9670114
-2.9587733
-2.9864641
-2.9801977
-2.9693335
-2.9546756
-2.937516
-2.91953
-2.9027436
-2.8893078
-2.8811399
-2.8844556
-2.8782104
-2.8674186
-2.8529012
-2.8358914
-2.8180902
-2.8015682
-2.788387
-2.7803752
-2.7701606
-2.7639628
-2.7532567
-2.7388712
-2.722078
-2.7045463
-2.6882847
-2.6753353
-2.6674783
-2.6561316
-2.6499944
-2.6394129
-2.6252212
-2.6086652
-2.591419
-2.5754694
-2.5627848
-2.5550933
-2.5548545
-2.548788
-2.5383344
-2.5243327
-2.5080372
-2.4910826
-2.4754115
-2.4629702
-2.4554405
-2.4771934
-2.471186
-2.4608456
-2.4470123
-2.430929
-2.4142296
-2.3988154
-2.3865754
-2.3791664
-2.4312746
-2.4253066
-2.4150399
-2.4013242
-2.3853756
-2.3688141
-2.3535596
-2.3414665
-2.334147
-3.1851783
-3.1824007
-3.1764179
-3.1671038
-3.1552722
-3.1424414
-3.1302596
-3.1203461
-3.1142522
-3.1397347
-3.1367096
-3.1304044
-3.1208238
-3.1088966
-3.0960162
-3.0837734
-3.0738512
-3.0677587
-3.0626864
-3.0592977
-3.0525972
-3.0427333
-3.0306147
-3.0176047
-3.0052937
-2.9953413
-2.989247
-2.9621336
-2.9583692
-2.9512537
-2.9410643
-2.9287396
-2.9156181
-2.9032654
-2.8933174
-2.8872381
-2.848826
-2.8447212
-2.8372568
-2.8268328
-2.8143951
-2.8012348
-2.7888903
-2.7789785
-2.7729322
-2.7352366
-2.7308913
-2.7232006
-2.7126399
-2.700152
-2.6870063
-2.6747182
-2.6648768
-2.6588835
-2.633985
-2.6294733
-2.6216301
-2.6109992
-2.5985246
-2.585449
-2.5732581
-2.5635086
-2.5575794
-2.5561052
-2.5515046
-2.5435957
-2.532963
-2.5205396
-2.5075445
-2.4954447
-2.4857755
-2.4798971
-2.5099806
-2.5053474
-2.497418
-2.4867945
-2.4744125
-2.461469
-2.4494215
-2.4398055
-2.4339635
-2.2231312
-2.2256259
-2.2285584
-2.2299468
-2.2281859
-2.2228186
-2.2149302
-2.2068195
-2.2010854
-2.265713
-2.2686207
-2.2722181
-2.2743996
-2.2734342
-2.2687584
-2.2613803
-2.2536091
-2.2480562
-2.3388978
-2.342516
-2.3472551
-2.3508035
-2.3511924
-2.3476874
-2.3411778
-2.333963
-2.3286981
-2.4362469
-2.4408217
-2.4470812
-2.4524411
-2.4546182
-2.4526423
-2.4472572
-2.4407699
-2.4358307
-2.5479312
-2.5536028
-2.5616138
-2.5690454
-2.5732541
-2.5730274
-2.5689045
-2.5632391
-2.5586204
-2.6615538
-2.6683361
-2.6781326
-2.6876948
-2.6939793
-2.6955383
-2.6927152
-2.6878665
-2.6834906
-2.7639296
-2.771743
-2.7831677
-2.7946697
-2.8028629
-2.8060444
-2.8044111
-2.8003018
-2.7960693
-2.8431729
-2.8517917
-2.864511
-2.8775384
-2.8872223
-2.8916886
-2.890989
-2.887443
-2.8832767
-2.8902928
-2.8993823
-2.9128714
-2.9268271
-2.9374048
-2.942642
-2.9425144
-2.9392972
-2.9351515
-2.9130773
-2.9224001
-2.9362605
-2.950666
-2.9616843
-2.9672921
-2.9674496
-2.9643836
-2.9602501
-2.9602162
-2.9700189
-2.9846489
-2.999985
-3.0119308
-3.0183078
-3.0190538
-3.0163234
-3.0121698
-3.0395252
-3.0501727
-3.0661431
-3.0830373
-3.0965584
-3.10428
-3.1060055
-3.1038404
-3.0996509
-3.1420782
-3.153811
-3.1715808
-3.1905666
-3.20613
-3.2156446
-3.2186963
-3.217203
-3.212928
-3.2562057
-3.2691624
-3.2889189
-3.3102993
-3.3282364
-3.3397652
-3.3443608
-3.3436077
-3.3391425
-3.3688269
-3.3831065
-3.4049263
-3.4286677
-3.4490214
-3.4626447
-3.4687715
-3.4687382
-3.4640431
-3.4676836
-3.4830696
-3.5067879
-3.5327572
-3.555222
-3.570743
-3.5783098
-3.5788499
-3.573869
-3.542711
-3.5589547
-3.5839942
-3.6117042
-3.6359103
-3.6528094
-3.6615289
-3.6625307
-3.6573059
-3.5866139
-3.6034516
-3.6293194
-3.6579598
-3.6832525
-3.7009945
-3.7103479
-3.7116467
-3.7062478
-2.6837706
-2.7032107
-2.7347626
-2.773404
-2.8133459
-2.8493361
-2.8779406
-2.8975391
-2.9080489
-2.7215616
-2.7416321
-2.7743386
-2.8144713
-2.8559992
-2.8935226
-2.9233591
-2.943887
-2.9549461
-2.7848656
-2.8062244
-2.8408729
-2.8834372
-2.9276822
-2.9678176
-2.9998132
-3.0218547
-3.0338209
-2.8661793
-2.8891193
-2.9265536
-2.9724789
-3.0202054
-3.0637283
-3.0986172
-3.1227212
-3.1358246
-2.9564338
-2.9810627
-3.0213141
-3.0711055
-3.122962
-3.1702543
-3.2083547
-3.2348493
-3.2493279
-3.0445927
-3.0712721
-3.1146367
-3.1680672
-3.224094
-3.2753371
-3.3166419
-3.3454701
-3.361289
-3.1216069
-3.149736
-3.1960267
-3.2530341
-3.3125612
-3.3673861
-3.4116522
-3.4426108
-3.45961
-3.1801415
-3.2093241
-3.2572931
-3.3171728
-3.3796074
-3.4369634
-3.4836242
-3.516184
-3.5341777
-3.2140294
-3.2442989
-3.2933095
-3.3545204
-3.4188952
-3.4777144
-3.5257319
-3.5593351
-3.5777998
-3.6076798
-3.6247712
-3.6510948
-3.6801792
-3.7059603
-3.7241577
-3.7337715
-3.7352581
-3.7297281
-3.6510346
-3.6685843
-3.6957255
-3.7258267
-3.7525729
-3.7717279
-3.7819361
-3.7836544
-3.7780579
-3.7227528
-3.7412888
-3.7698777
-3.8016464
-3.8300495
-3.8506783
-3.8620948
-3.8641028
-3.8582268
-3.8136725
-3.8333125
-3.8637927
-3.8978196
-3.9284311
-3.9508926
-3.963745
-3.9663827
-3.9600405
-3.9125124
-3.9333685
-3.9657382
-4.0021844
-4.0353165
-4.0599189
-4.0742407
-4.0773804
-4.0708202
-4.0072256
-4.0294873
-4.0639217
-4.102557
-4.1380448
-4.1647946
-4.1806794
-4.1842267
-4.1772053
-4.0884134
-4.1114751
-4.1476677
-4.1885362
-4.2258297
-4.2543737
-4.2715471
-4.2755862
-4.2684764
-4.1487082
-4.1726609
-4.2096275
-4.2520036
-4.291019
-4.3205249
-4.338812
-4.3429155
-4.3358617
-4.1828124
-4.2077382
-4.2456636
-4.2884392
-4.3285286
-4.3587129
-4.3773277
-4.3818857
-4.3743798
-4.1990295
-4.2242297
-4.2627975
-4.3058729
-4.3462855
-4.3769586
-4.395535
-4.4004002
-4.3928843
-4.2321212
-4.2575113
-4.2972891
-4.341467
-4.3821398
-4.4139388
-4.4327732
-4.4374552
-4.4305118
-4.2872746
-4.3124558
-4.3526845
-4.3991312
-4.4411569
-4.4734162
-4.4935291
-4.4978808
-4.4909211
-4.3571169
-4.3825261
-4.422278
-4.4689973
-4.513526
-4.547055
-4.5673543
-4.572309
-4.5650963
-4.4298672
-4.4565484
-4.4976449
-4.5438838
-4.5879718
-4.6235626
-4.6445074
-4.649053
-4.6425013
-4.494994
-4.5229026
-4.5662774
-4.6148864
-4.6585355
-4.6927439
-4.714918
-4.719802
-4.7126886
-4.5476273
-4.5760523
-4.6204894
-4.6711674
-4.7175214
-4.7513752
-4.7712504
-4.777024
-4.7706378
-4.5844101
-4.613431
-4.6585637
-4.7098976
-4.7576049
-4.7937852
-4.8133238
-4.8165368
-4.8107978
-4.6043519
-4.6337493
-4.6794831
-4.7312889
-4.779485
-4.8163835
-4.8372895
-4.8398893
-4.8320763
-3.6933058
-3.7336919
-3.7996895
-3.8816241
-3.9680056
-4.0471014
-4.1120502
-4.1593427
-4.1861525
-3.7186947
-3.759538
-3.8268421
-3.9103764
-3.9983901
-4.0794655
-4.1451764
-4.1924315
-4.2192407
-3.7599812
-3.8019566
-3.8708236
-3.9567875
-4.0475516
-4.1315193
-4.1997338
-4.2476119
-4.2744486
-3.809129
-3.8530954
-3.9248395
-4.0136129
-4.1075213
-4.194711
-4.2660607
-4.3163309
-4.3439789
-3.8609126
-3.9056199
-3.9799241
-4.0725917
-4.1698134
-4.260099
-4.3341548
-4.3867068
-4.4159766
-3.9095472
-3.9555844
-4.0307383
-4.1255302
-4.2266408
-4.3197632
-4.3962425
-4.4504159
-4.4805405
-3.9477756
-3.9955387
-4.0736699
-4.1694328
-4.2717442
-4.3680817
-4.4461854
-4.5019881
-4.5328911
-3.9759463
-4.0235023
-4.1027855
-4.2017895
-4.3043197
-4.401149
-4.4816269
-4.5375846
-4.5693337
-3.9911057
-4.0401072
-4.119104
-4.2188995
-4.3236163
-4.4193269
-4.5008142
-4.5578104
-4.5891363
-2.7117324
-2.749746
-2.8125857
-2.8918576
-2.9767058
-3.0572759
-3.128096
-3.1827443
-3.214712
-2.7341372
-2.773
-2.8374312
-2.918811
-3.0062287
-3.0888577
-3.1600244
-3.2147712
-3.2471847
-2.7703957
-2.8109416
-2.8779359
-2.9626953
-3.0542488
-3.1410074
-3.2143328
-3.2692651
-3.3018139
-2.8142889
-2.8571626
-2.927945
-3.0170875
-3.1135218
-3.2056067
-3.2833981
-3.3405315
-3.3735469
-2.8606333
-2.9053024
-2.9799603
-3.074543
-3.176354
-3.273758
-3.3566052
-3.4176074
-3.4526397
-2.9041435
-2.9508471
-3.0283782
-3.1276494
-3.2354035
-3.3378458
-3.4252312
-3.4897663
-3.5270212
-2.9394323
-2.9884481
-3.0694462
-3.1719454
-3.2842233
-3.3918
-3.4827816
-3.5504343
-3.5892982
-2.9649447
-3.0151485
-3.098932
-3.2048419
-3.3195676
-3.4308255
-3.5250788
-3.5945348
-3.6350058
-2.9791526
-3.0304624
-3.1154729
-3.2235165
-3.3401197
-3.4527021
-3.5493565
-3.6198232
-3.6608884
-2.9856493
-3.0376446
-3.1234138
-3.2323827
-3.3500788
-3.4632223
-3.56087
-3.632095
-3.6732591
-2.9983525
-3.0516365
-3.1392378
-3.2499377
-3.3699141
-3.4844721
-3.5833534
-3.656748
-3.6984576
-3.0183002
-3.0732174
-3.1641668
-3.2783152
-3.401578
-3.5195151
-3.6198969
-3.6953296
-3.7390021
-3.0423533
-3.0985534
-3.1927967
-3.312193
-3.4400529
-3.5620625
-3.6658851
-3.7425052
-3.7873237
-3.0680893
-3.1254106
-3.2214967
-3.3451518
-3.479214
-3.6058822
-3.7134806
-3.7931517
-3.8388271
-3.0900616
-3.1501515
-3.2487841
-3.3744348
-3.5128101
-3.6453961
-3.7566738
-3.8387668
-3.8865522
-3.1035209
-3.1669872
-3.2707147
-3.399411
-3.5393703
-3.6754953
-3.7914389
-3.8760631
-3.9243534
-3.1121199
-3.1761931
-3.2837625
-3.4173137
-3.5589861
-3.6962939
-3.8142591
-3.9019527
-3.9522105
-3.1175301
-3.1814295
-3.2897266
-3.4265837
-3.5703574
-3.7080037
-3.8270467
-3.9149544
-3.9664402
-2.2109532
-2.2542008
-2.3308717
-2.4394392
-2.5688572
-2.6991213
-2.8162291
-2.9068523
-2.9599691
-2.2115543
-2.255845
-2.3337752
-2.4430059
-2.574923
-2.708298
-2.8263754
-2.9182652
-2.9722282
-2.2115465
-2.2569433
-2.3376393
-2.4487606
-2.5830363
-2.7221637
-2.8432883
-2.9362215
-2.9915784
-2.2102853
-2.2565128
-2.33985
-2.45516
-2.5918478
-2.7356164
-2.8636391
-2.9588067
-3.0151201
-2.2065909
-2.2543214
-2.3396071
-2.4590584
-2.6006582
-2.7469187
-2.8805107
-2.98185
-3.0401283
-2.2003925
-2.2495605
-2.337468
-2.4598298
-2.6063712
-2.7572959
-2.8925648
-2.9982022
-3.0604065
-2.1934069
-2.2434242
-2.3334026
-2.4588705
-2.6085146
-2.7641701
-2.9030104
-3.0090212
-3.0726747
-2.1868887
-2.2378213
-2.3290954
-2.4567161
-2.6090834
-2.7672354
-2.9096649
-3.0177482
-3.081259
-2.1826111
-2.2339876
-2.3261489
-2.4549302
-2.6088204
-2.7685561
-2.9125442
-3.022388
-3.0865553
-2.9113013
-2.9090742
-2.9051983
-2.8999735
-2.8938746
-2.887465
-2.8814661
-2.8766516
-2.8737197
-2.9637192
-2.9615037
-2.9576452
-2.9524416
-2.9463615
-2.9399593
-2.9339578
-2.9291375
-2.9262004
-3.0519774
-3.0497806
-3.0459504
-3.0407773
-3.034725
-3.028344
-3.0223513
-3.0175293
-3.014588
-3.1662161
-3.164047
-3.1602584
-3.1551286
-3.1491097
-3.1427478
-3.1367639
-3.1319435
-3.1290003
-3.2934353
-3.2912986
-3.2875611
-3.2824907
-3.2765266
-3.2702032
-3.264236
-3.2594175
-3.256472
-3.4192842
-3.4171728
-3.4134785
-3.4084605
-3.4025498
-3.3962713
-3.3903371
-3.3855375
-3.3825983
-3.5300151
-3.5279254
-3.5242656
-3.5192857
-3.5134163
-3.5071737
-3.5012594
-3.4964703
-3.4935374
-3.6140944
-3.6120237
-3.6084014
-3.6034616
-3.597627
-3.5914191
-3.5855347
-3.580761
-3.5778305
-3.663474
-3.6613984
-3.6577773
-3.6528561
-3.6470463
-3.6408516
-3.6349722
-3.630213
-3.6272969
-4.3609675
-4.3592235
-4.3561005
-4.3516511
-4.3461307
-4.340113
-4.3344025
-4.329783
-4.3269121
-4.3992836
-4.397507
-4.3943497
-4.3900036
-4.3847457
-4.3789197
-4.3732312
-4.3685501
-4.3656444
-4.4614076
-4.4597221
-4.4566439
-4.4523139
-4.4471077
-4.4414452
-4.4359838
-4.4314746
-4.4286411
-4.5365946
-4.5349537
-4.5320043
-4.527878
-4.5228233
-4.5172603
-4.5119238
-4.5075868
-4.5048988
-4.6131167
-4.6115076
-4.608563
-4.6044308
-4.5994712
-4.5941092
-4.5888911
-4.5845905
-4.5819547
-4.6817302
-4.6800955
-4.6771473
-4.6729464
-4.6677779
-4.6621536
-4.6567592
-4.6524268
-4.6498283
-4.7378129
-4.7359505
-4.7325752
-4.7280321
-4.722745
-4.717014
-4.7114531
-4.7068832
-4.7040651
-4.7773718
-4.7757388
-4.7726364
-4.767887
-4.761884
-4.7557195
-4.7500528
-4.7453319
-4.7423645
-4.7991385
-4.7972487
-4.7941897
-4.7900393
-4.7844927
-4.7777312
-4.7711881
-4.7660229
-4.7629073
-3.7111689
-3.7099957
-3.7078706
-3.7048214
-3.701093
-3.6970547
-3.6931652
-3.6899505
-3.6879486
-3.7595396
-3.7583817
-3.756308
-3.7533644
-3.7497274
-3.7457066
-3.7418252
-3.7386382
-3.7366605
-3.8400395
-3.83892
-3.8368977
-3.8340156
-3.8304834
-3.8265723
-3.8227524
-3.8196
-3.8176388
-3.9422398
-3.941207
-3.9393264
-3.9365842
-3.9331452
-3.9293208
-3.9256001
-3.9225208
-3.9205964
-4.0534164
-4.0524558
-4.050698
-4.048145
-4.0449343
-4.0412753
-4.03765
-4.0346414
-4.0327555
-4.160686
-4.1598184
-4.1582075
-4.1557925
-4.1526927
-4.1491833
-4.1457216
-4.1428227
-4.1409901
-4.2526086
-4.2518253
-4.2503523
-4.2481672
-4.245338
-4.2419596
-4.238531
-4.2356792
-4.2338759
-4.3207221
-4.3200342
-4.3187017
-4.3165926
-4.3138422
-4.3107385
-4.3075715
-4.3048067
-4.3030268
-4.3598485
-4.3592013
-4.3579769
-4.356121
-4.3534624
-4.3501659
-4.3470487
-4.3445004
-4.3428398
-4.3784498
-4.3778019
-4.3765431
-4.3746423
-4.3722359
-4.3692038
-4.3659026
-4.3632118
-4.3615397
-4.4164216
-4.415776
-4.4145316
-4.4126166
-4.4101189
-4.4072419
-4.4042405
-4.4015749
-4.3998651
-4.4776992
-4.4771668
-4.4760744
-4.4743217
-4.4719024
-4.468958
-4.4660088
-4.4635376
-4.4619309
-4.5521795
-4.5516604
-4.5506308
-4.5489723
-4.5467541
-4.5440798
-4.5411886
-4.5386852
-4.5371026
-4.629103
-4.6285426
-4.6274175
-4.6256542
-4.6232188
-4.620344
-4.6175362
-4.6151442
-4.6135875
-4.6988521
-4.6982603
-4.6971035
-4.6952381
-4.6927403
-4.6897559
-4.6865487
-4.6838578
-4.6822225
-4.7563841
-4.7556161
-4.7541409
-4.7519968
-4.7491664
-4.7459412
-4.7429049
-4.7402137
-4.7383919
-4.7971316
-4.7966217
-4.795386
-4.7930507
-4.789893
-4.7861728
-4.7822622
-4.7794041
-4.7778352
-4.8191505
-4.81854
-4.8175397
-4.8157706
-4.8126257
-4.8091418
-4.8057727
-4.802076
-4.7997938
-4.3883797
-4.3853059
-4.3825718
-4.3812255
-4.3808347
-4.3804515
-4.3797478
-4.3790171
-4.3784731
-4.4260012
-4.4228677
-4.4199689
-4.418496
-4.418143
-4.4180094
-4.4175763
-4.416949
-4.4164359
-4.4867394
-4.4838131
-4.4810198
-4.4795024
-4.4790477
-4.4788443
-4.4785003
-4.4780499
-4.4776533
-4.5609536
-4.5581309
-4.555436
-4.554016
-4.5536714
-4.5535115
-4.553086
-4.5525469
-4.5521214
-4.6385104
-4.6357842
-4.6329781
-4.631239
-4.6306305
-4.6303716
-4.629988
-4.6294826
-4.6290468
-4.7088465
-4.7063311
-4.703863
-4.7022786
-4.7015337
-4.7009338
-4.7001418
-4.6993662
-4.6988166
-4.766355
-4.7635788
-4.7608751
-4.7592605
-4.7587211
-4.7584038
-4.7578453
-4.7570803
-4.7564119
-4.8072325
-4.8046765
-4.8021149
-4.800213
-4.7991729
-4.7985663
-4.7979453
-4.7974371
-4.7970271
-4.828762
-4.8265377
-4.8245137
-4.8233506
-4.8225722
-4.8218029
-4.8208955
-4.819855
-4.8191483
-4.6139416
-4.643146
-4.6892111
-4.7413909
-4.7896495
-4.8270197
-4.8482091
-4.8511626
-4.8427829
-4.6327792
-4.6621927
-4.7081082
-4.7606755
-4.8094621
-4.847222
-4.8699209
-4.8735868
-4.8647136
-4.6601185
-4.6901536
-4.7370055
-4.7901906
-4.8397117
-4.8779218
-4.9014375
-4.9074369
-4.8995067
-4.6929617
-4.7220504
-4.7682783
-4.8216312
-4.8717373
-4.9111909
-4.9359778
-4.9435467
-4.9381595
-4.7240781
-4.7531802
-4.7982228
-4.849651
-4.8978574
-4.9365495
-4.9631417
-4.9742346
-4.9718115
-4.7454178
-4.7742053
-4.8198876
-4.8703722
-4.9155449
-4.95126
-4.9763524
-4.9912058
-4.994832
-4.7587294
-4.7865039
-4.8297554
-4.8777628
-4.9207233
-4.953139
-4.9765765
-4.9947631
-5.0039372
-4.7582311
-4.7885707
-4.8336224
-4.8774316
-4.9143339
-4.9410621
-4.9637642
-4.9886338
-5.0037247
-4.7596634
-4.7852051
-4.8271873
-4.8730337
-4.9083613
-4.9312788
-4.9507235
-4.9806167
-4.9995353
-4.7638352
-4.7889459
-4.824562
-4.8636151
-4.9001277
-4.9237966
-4.9398763
-4.975185
-4.9994583
-4.7628745
-4.7897069
-4.8262862
-4.8614474
-4.8851268
-4.8973178
-4.9157809
-4.9574053
-4.9888849
-4.7601312
-4.784304
-4.8189483
-4.8464278
-4.8699575
-4.8739087
-4.8693464
-4.9129008
-4.9637352
-4.7536756
-4.7758131
-4.7988438
-4.8227327
-4.8263979
-4.796858
-4.791808
-4.8287477
-4.8901469
-4.7221017
-4.7439747
-4.7647465
-4.7876744
-4.7604208
-4.7325784
-4.7539949
-4.7776145
-4.8040444
-4.6893496
-4.7113244
-4.7187984
-4.7223353
-4.6951992
-4.6947156
-4.7614396
-4.8219829
-4.7982848
-4.6688162
-4.6832488
-4.6895795
-4.6768943
-4.6491453
-4.6885968
-4.802222
-4.8801383
-4.8635013
-4.6429028
-4.6437907
-4.6577069
-4.6451323
-4.6229217
-4.7096745
-4.8149947
-4.9052788
-4.931099
-4.62279
-4.6275482
-4.6417486
-4.6215055
-4.6156418
-4.7136335
-4.8151531
-4.9336667
-4.9695601
-4.1159418
-4.1695279
-4.2584499
-4.3703115
-4.4855426
-4.5845369
-4.6629325
-4.7198521
-4.7501716
-4.1184508
-4.1719728
-4.2595765
-4.3699648
-4.4864958
-4.5886321
-4.6656297
-4.7190959
-4.7489216
-4.1194447
-4.1740837
-4.2617122
-4.3692292
-4.4834136
-4.588023
-4.668846
-4.7207852
-4.7475187
-4.1164569
-4.1712901
-4.2605576
-4.3681565
-4.4778355
-4.5784507
-4.6587564
-4.7125706
-4.7404376
-4.1090967
-4.1637525
-4.2524514
-4.3609806
-4.4708625
-4.5662611
-4.6400464
-4.6883174
-4.7120663
-4.0969538
-4.1517328
-4.2399647
-4.3467121
-4.4558645
-4.551086
-4.6204671
-4.6620819
-4.6822446
-4.0823848
-4.1365324
-4.2245104
-4.3308373
-4.4370491
-4.5297402
-4.5962833
-4.6365691
-4.6592885
-4.0684586
-4.12274
-4.2099612
-4.3148483
-4.4209699
-4.5095819
-4.5742623
-4.618766
-4.6386585
-4.0592706
-4.1132254
-4.2003886
-4.3045506
-4.4093546
-4.4972708
-4.5601676
-4.6045658
-4.6228562
-4.6109589
-4.6196433
-4.6336519
-4.6110931
-4.6120943
-4.7121522
-4.8251072
-4.9489322
-4.9677218
-4.5870655
-4.6065265
-4.6164581
-4.5897634
-4.6050804
-4.7042137
-4.8384178
-4.9584854
-4.9617791
-4.559549
-4.5808599
-4.5822826
-4.5592158
-4.5905441
-4.6889951
-4.8292014
-4.955952
-5.001099
-4.5297016
-4.539975
-4.5342764
-4.5252721
-4.5631618
-4.65929
-4.7802931
-4.8995424
-4.978304
-4.4823114
-4.4867168
-4.4837439
-4.4854107
-4.5223773
-4.6078763
-4.7079223
-4.7905933
-4.8462147
-4.425472
-4.4300552
-4.4337159
-4.4413977
-4.4771343
-4.5510867
-4.6230537
-4.6811007
-4.7191524
-4.3726534
-4.3803939
-4.3867256
-4.3986716
-4.4324364
-4.4958879
-4.5506155
-4.5808486
-4.5959572
-4.3320994
-4.3401914
-4.3482913
-4.3637467
-4.3934035
-4.4470863
-4.4955264
-4.5190519
-4.5268221
-4.3074123
-4.3155946
-4.3248905
-4.3415983
-4.3694365
-4.4172831
-4.4585658
-4.4767164
-4.4857387
-4.2952185
-4.3033648
-4.3132709
-4.330724
-4.357243
-4.4039465
-4.4435658
-4.4584338
-4.462788
-4.2696919
-4.2776497
-4.2889022
-4.307233
-4.3320721
-4.3749994
-4.4096445
-4.4206102
-4.4202668
-4.2244889
-4.2330487
-4.2463572
-4.2653806
-4.2882469
-4.3240582
-4.3513802
-4.3567626
-4.3509883
-4.1630533
-4.1729839
-4.1879215
-4.2071121
-4.2280467
-4.2550483
-4.2734087
-4.2724602
-4.2620178
-4.0914364
-4.1022088
-4.1179314
-4.1368616
-4.1555754
-4.1746355
-4.1847471
-4.1782077
-4.1638653
-4.0163244
-4.0273596
-4.0435023
-4.0616548
-4.0778213
-4.0911964
-4.0947022
-4.0832856
-4.0658101
-3.9460818
-3.9572844
-3.9735776
-3.9905486
-4.004438
-4.0138708
-4.0124314
-3.9975736
-3.9780143
-3.8899934
-3.901344
-3.9174343
-3.9333317
-3.9455985
-3.9521595
-3.9477674
-3.9310254
-3.9096939
-3.855956
-3.8673499
-3.883173
-3.8984473
-3.909765
-3.9146791
-3.9089152
-3.8909998
-3.8688437
-3.8181479
-3.8686277
-3.9509199
-4.039761
-4.1211033
-4.1998778
-4.2531029
-4.2761646
-4.2893458
-3.7978689
-3.8488721
-3.9290174
-4.014042
-4.0972771
-4.1768335
-4.2260157
-4.2498517
-4.2637207
-3.7634217
-3.8134698
-3.8880414
-3.9698996
-4.0576876
-4.1345634
-4.1787252
-4.2052266
-4.218835
-3.7146658
-3.7607536
-3.8295304
-3.9137649
-4.0043322
-4.0733994
-4.1163565
-4.1447318
-4.1568837
-3.6513886
-3.6939656
-3.7630336
-3.8517893
-3.9374888
-3.9999636
-4.0448135
-4.0719977
-4.0846467
-3.5826527
-3.6257327
-3.6984368
-3.7856479
-3.86336
-3.924474
-3.9693795
-3.9957566
-4.0096769
-3.5217382
-3.5666332
-3.6393591
-3.7205492
-3.793951
-3.8551512
-3.8986737
-3.9256419
-3.9396291
-3.4758231
-3.5208274
-3.5905763
-3.6672148
-3.7393851
-3.7998551
-3.8426
-3.869951
-3.8836233
-3.4484211
-3.4926697
-3.5600869
-3.6347555
-3.7065069
-3.766257
-3.8087454
-3.8361322
-3.8496412
-3.0400454
-3.1163121
-3.2430817
-3.4031881
-3.5749389
-3.7369809
-3.8725946
-3.971341
-4.0277796
-3.0305044
-3.106775
-3.2335833
-3.3936947
-3.5654118
-3.7273312
-3.8626942
-3.9613482
-4.0176126
-3.0134888
-3.0897423
-3.2164792
-3.3764895
-3.5480298
-3.7095774
-3.8445198
-3.9426195
-3.9985363
-2.989715
-3.0657812
-3.1922451
-3.3519144
-3.5229636
-3.683812
-3.8179592
-3.9155136
-3.9710536
-2.9607818
-3.0364931
-3.1624089
-3.3214054
-3.4915575
-3.6513678
-3.784536
-3.8807947
-3.9353206
-2.9294885
-3.0046587
-3.1297798
-3.2877359
-3.4566758
-3.6152562
-3.7467229
-3.8418555
-3.8964112
-2.8996311
-2.9742115
-3.0983743
-3.2550971
-3.4228448
-3.5797739
-3.7098474
-3.8046215
-3.8579521
-2.8754011
-2.949471
-3.0726448
-3.2283669
-3.3949366
-3.5503646
-3.6799028
-3.7730482
-3.8242764
-2.8605606
-2.934235
-3.0567499
-3.2118909
-3.3775259
-3.532267
-3.6612641
-3.7525723
-3.8033546
-2.8532663
-2.9267018
-3.0489279
-3.2037587
-3.3688844
-3.5233938
-3.6518593
-3.7423517
-3.7933391
-2.8379366
-2.9107941
-3.0324485
-3.1865269
-3.3506255
-3.5046911
-3.6316181
-3.7210293
-3.7728102
-2.8109846
-2.8830941
-3.0039003
-3.1561241
-3.3189345
-3.4716441
-3.5954688
-3.6853799
-3.7383646
-2.7746566
-2.8460468
-2.9646184
-3.1146121
-3.2760547
-3.4248847
-3.5475328
-3.639298
-3.6909194
-2.7323531
-2.8018707
-2.917895
-3.0662342
-3.2237819
-3.3697207
-3.4938498
-3.5823684
-3.6296244
-2.6874049
-2.7552198
-2.8696681
-3.0144075
-3.1678934
-3.3143547
-3.4353626
-3.5168134
-3.5614696
-2.6458681
-2.7127262
-2.8245189
-2.9648894
-3.1174792
-3.2625326
-3.376387
-3.4546068
-3.4998509
-2.6134413
-2.6790022
-2.7876261
-2.925883
-3.0782443
-3.2188858
-3.3281664
-3.407098
-3.4534441
-2.5937632
-2.6581901
-2.7650765
-2.9027962
-3.0541622
-3.1913823
-3.2993698
-3.3793542
-3.4260637
-1.8428419
-1.8956513
-1.9911892
-2.1259434
-2.2888115
-2.4609813
-2.6197458
-2.7437967
-2.8175843
-1.8345347
-1.8869557
-1.9817935
-2.1155693
-2.2772327
-2.448169
-2.6058161
-2.7290378
-2.802443
-1.8204822
-1.8722285
-1.9658405
-2.0978459
-2.2573948
-2.4260842
-2.5817421
-2.7035707
-2.7760214
-1.8021552
-1.852967
-1.9448449
-2.0744204
-2.2309737
-2.3965456
-2.5494294
-2.6689318
-2.7401581
-1.7814333
-1.831101
-1.9209386
-2.0475318
-2.2004866
-2.3622924
-2.5115505
-2.6285945
-2.6985545
-1.7604638
-1.8089631
-1.8965597
-2.0199815
-2.1691223
-2.3267017
-2.4723705
-2.5866404
-2.654554
-1.7415541
-1.7888893
-1.8743783
-1.9948894
-2.1402827
-2.2940509
-2.4362594
-2.5473095
-2.6136163
-1.7267711
-1.7731523
-1.8570528
-1.9751382
-2.1175463
-2.2683719
-2.4073842
-2.516222
-2.581698
-1.7178693
-1.7637268
-1.8466608
-1.9632036
-2.1039012
-2.2528121
-2.3898756
-2.4977063
-2.5624866
-5.0196261
-5.016726
-5.0132114
-5.011536
-5.0116147
-5.0110703
-5.0094441
-5.0073815
-5.0056602
-5.0337859
-5.0332042
-5.0323961
-5.0322796
-5.0318063
-5.0292222
-5.0245852
-5.0196559
-5.0163829
-5.0532358
-5.0534844
-5.0540275
-5.0539761
-5.0526049
-5.0492848
-5.0437021
-5.0372585
-5.0328996
-5.0594916
-5.0605508
-5.0617197
-5.0626913
-5.062307
-5.0598145
-5.0557843
-5.0512074
-5.0480295
-5.0420745
-5.0454629
-5.0515886
-5.0581441
-5.0626822
-5.0638183
-5.0618012
-5.0585439
-5.0561654
-5.0180434
-5.0240674
-5.0338327
-5.0451156
-5.0550702
-5.060517
-5.0617354
-5.0601998
-5.058348
-5.0032358
-5.0082542
-5.0223569
-5.0369652
-5.0486263
-5.056413
-5.0580058
-5.0569337
-5.0551929
-5.0033858
-5.0091646
-5.0208489
-5.039658
-5.0487187
-5.0540519
-5.0535964
-5.0512146
-5.0487004
-5.0063474
-5.0166431
-5.0260469
-5.0421808
-5.0507706
-5.0509139
-5.049504
-5.0445178
-5.0412986
-4.3057959
-4.2941161
-4.2742708
-4.2460691
-4.2150881
-4.1834187
-4.1533348
-4.1291522
-4.1140958
-4.2584437
-4.2475304
-4.2299612
-4.2067668
-4.1792174
-4.1501133
-4.1225313
-4.1002264
-4.0864772
-4.1914219
-4.1807087
-4.16158
-4.1365967
-4.1086432
-4.0803946
-4.0548281
-4.0344553
-4.0220741
-4.1073726
-4.0968646
-4.0790323
-4.0549092
-4.0266584
-3.9974345
-3.9706892
-3.9496833
-3.9369595
-4.0097629
-3.999472
-3.9813962
-3.9575545
-3.9303645
-3.902489
-3.8769415
-3.8565506
-3.8441392
-3.9117208
-3.9015285
-3.883923
-3.8600531
-3.8321707
-3.8034904
-3.777501
-3.7571739
-3.7449471
-3.8195392
-3.8098393
-3.7929635
-3.7703586
-3.7438599
-3.7159392
-3.6898777
-3.6691296
-3.6566161
-3.7479066
-3.7380788
-3.7210082
-3.6980955
-3.6717639
-3.6447284
-3.6198675
-3.5999573
-3.5878033
-3.7062569
-3.6963212
-3.6793591
-3.6565031
-3.6295299
-3.6017488
-3.5765538
-3.5568543
-3.545014
-4.8919664
-4.8957415
-4.9092062
-4.9338559
-4.9599092
-4.9786048
-4.9897528
-5.0028489
-5.0128446
-4.9150326
-4.9250691
-4.9425024
-4.9632285
-4.9846415
-5.0002493
-5.0159342
-5.0278338
-5.033175
-4.9870148
-4.9928777
-5.0032509
-5.0156043
-5.0244573
-5.0317852
-5.0391528
-5.0374502
-5.0352375
-5.0371381
-5.0361012
-5.0299679
-5.020055
-5.0056319
-4.9865106
-4.9638238
-4.9445802
-4.9320011
-4.9235911
-4.9118898
-4.8924503
-4.8612099
-4.8202377
-4.7762408
-4.7375595
-4.7073975
-4.6899278
-4.7102083
-4.7085101
-4.6975142
-4.6477805
-4.60614
-4.5648359
-4.5309549
-4.5046833
-4.4914495
-4.5921024
-4.5789671
-4.5573377
-4.531252
-4.4998755
-4.4693985
-4.4435642
-4.4230415
-4.4100493
-4.5087585
-4.5016875
-4.4885851
-4.4666611
-4.4400112
-4.4103182
-4.3827856
-4.3625497
-4.3509192
-4.4590071
-4.4488871
-4.4343454
-4.4206513
-4.4040583
-4.3828066
-4.3589191
-4.3382828
-4.3255748
-4.4389483
-4.4300327
-4.4130732
-4.3923847
-4.3720472
-4.352992
-4.3361916
-4.3213759
-4.3113137
-4.3971119
-4.3898346
-4.3766087
-4.3573009
-4.3339721
-4.310137
-4.2887661
-4.2726015
-4.2630912
-4.3265278
-4.3198507
-4.3077356
-4.2910102
-4.2704733
-4.2477042
-4.2257154
-4.2074877
-4.1962108
-4.2399882
-4.2330663
-4.2206123
-4.2029663
-4.1817681
-4.1594323
-4.1386062
-4.1221014
-4.1120362
-4.1377195
-4.1314242
-4.1200953
-4.1042424
-4.084631
-4.0629151
-4.0419781
-4.0248143
-4.0143028
-4.0342108
-4.0278152
-4.0164402
-4.0005401
-3.9814483
-3.9610863
-3.9417655
-3.926041
-3.9162328
-3.9395614
-3.9335373
-3.922706
-3.9074571
-3.8886625
-3.8681826
-3.848842
-3.8332801
-3.8237844
-3.8649597
-3.8589264
-3.8483309
-3.8335676
-3.8158141
-3.7964915
-3.7776486
-3.7620641
-3.7523312
-3.8213296
-3.8149088
-3.8037358
-3.7885576
-3.7706212
-3.7517976
-3.7340174
-3.7194867
-3.7105057
-4.4667766
-4.4761078
-4.4789452
-4.4768472
-4.479484
-4.4788472
-4.4666972
-4.4520824
-4.4432666
-4.4227884
-4.4324935
-4.4378974
-4.4359816
-4.4299216
-4.4234543
-4.4159594
-4.4067518
-4.3999244
-4.3508653
-4.3602842
-4.3694202
-4.3718801
-4.3668919
-4.3566647
-4.34531
-4.33557
-4.3292789
-4.2608667
-4.269862
-4.2775204
-4.2799309
-4.2766539
-4.2686862
-4.25865
-4.2490668
-4.2427076
-4.1610807
-4.1691931
-4.1765951
-4.1785196
-4.1740855
-4.165414
-4.1552899
-4.1462261
-4.1403236
-4.0617763
-4.0683667
-4.0738066
-4.0746047
-4.0700351
-4.0615665
-4.0516359
-4.0426406
-4.0367988
-3.9732235
-3.9786436
-3.9822632
-3.9812027
-3.9753654
-3.9663993
-3.956472
-3.947735
-3.9420946
-3.9038975
-3.9081773
-3.9111092
-3.9093149
-3.9025284
-3.8927943
-3.8822406
-3.8731903
-3.8675218
-3.8631464
-3.8668709
-3.8684612
-3.8658911
-3.8587964
-3.8491452
-3.8391303
-3.8299989
-3.8240067
-3.8393197
-3.8507105
-3.8663806
-3.8813772
-3.8922233
-3.8963861
-3.8899718
-3.8714635
-3.8492733
-3.8045466
-3.8158019
-3.8311123
-3.8455466
-3.855382
-3.8581051
-3.8502696
-3.8309354
-3.8082104
-3.7446598
-3.7555245
-3.770306
-3.7837154
-3.7919478
-3.792286
-3.7822716
-3.7618054
-3.7382831
-3.6644014
-3.6748377
-3.6889008
-3.7008923
-3.7071606
-3.7045768
-3.6920091
-3.6701141
-3.6460321
-3.5714942
-3.5814273
-3.5945158
-3.6049068
-3.6090162
-3.6035152
-3.588197
-3.5649805
-3.5407211
-3.4758943
-3.4851777
-3.4971375
-3.5059974
-3.5079444
-3.4998161
-3.4821161
-3.457733
-3.4332816
-3.388534
-3.3971319
-3.4080948
-3.4155981
-3.415608
-3.405393
-3.3858814
-3.360504
-3.3360579
-3.3199742
-3.3280629
-3.3382762
-3.3446749
-3.3432574
-3.3315638
-3.3107782
-3.284861
-3.2604514
-3.2788037
-3.2866253
-3.2963694
-3.302096
-3.2998792
-3.2873236
-3.2658697
-3.2396975
-3.2152146
-3.2588095
-3.2665121
-3.2760138
-3.2814162
-3.2788253
-3.2658534
-3.244112
-3.217788
-3.1932772
-3.2171787
-3.2246424
-3.2335997
-3.2383599
-3.2349946
-3.2211975
-3.1988896
-3.1722321
-3.1478242
-3.1464807
-3.153392
-3.1614316
-3.1651694
-3.1604823
-3.1454474
-3.1221612
-3.0950958
-3.070837
-3.0535325
-3.0596629
-3.0666728
-3.0690239
-3.0627389
-3.0462324
-3.021763
-2.9942996
-2.9702575
-2.9479073
-2.9533404
-2.9591945
-2.9599726
-2.95207
-2.934021
-2.908417
-2.8806141
-2.8569014
-2.8413323
-2.8460701
-2.8506495
-2.8500017
-2.8405532
-2.8211232
-2.7945892
-2.7665243
-2.7431926
-2.7457123
-2.7497158
-2.7532685
-2.7514055
-2.7406388
-2.7201523
-2.6929117
-2.6647026
-2.6417969
-2.6717004
-2.6752343
-2.6780468
-2.6752282
-2.6635465
-2.6423208
-2.6146253
-2.5863781
-2.5637976
-2.6277173
-2.63099
-2.6333312
-2.6299762
-2.6177805
-2.5961479
-2.568223
-2.5399663
-2.5175803
-2.9342334
-2.9675992
-3.0196513
-3.0811413
-3.1407637
-3.1892445
-3.2235753
-3.2444202
-3.2544576
-2.8979551
-2.9308991
-2.9825623
-3.0435289
-3.101968
-3.1494048
-3.1829797
-3.2032402
-3.212945
-2.8361726
-2.8686074
-2.9198974
-2.9796004
-3.0359239
-3.0817048
-3.113914
-3.1331683
-3.1424313
-2.7552656
-2.7874221
-2.8380076
-2.8953596
-2.9491782
-2.9927802
-3.0231203
-3.0412154
-3.0498667
-2.664334
-2.6960128
-2.7447121
-2.7994426
-2.8507808
-2.8917733
-2.920166
-2.9369088
-2.9446424
-2.5729536
-2.6032618
-2.6497369
-2.7024418
-2.7511914
-2.7897706
-2.8162306
-2.8314254
-2.8383684
-2.4902837
-2.5191882
-2.5642469
-2.6149917
-2.6615504
-2.698198
-2.7227833
-2.7367602
-2.7430942
-2.4259443
-2.4541265
-2.4979669
-2.5470053
-2.5921594
-2.6272432
-2.6505086
-2.6636229
-2.6693641
-2.3877172
-2.4154864
-2.4583844
-2.5064994
-2.550823
-2.5849904
-2.6075502
-2.6201018
-2.6255096
-2.6064699
-2.6096136
-2.6117291
-2.6081186
-2.5956815
-2.573859
-2.5458317
-2.5175707
-2.4952924
-2.5624655
-2.5653217
-2.5669736
-2.5628582
-2.5499341
-2.5277479
-2.4995205
-2.4712759
-2.449218
-2.4882798
-2.4906468
-2.4915663
-2.4866278
-2.4729376
-2.4501927
-2.4216749
-2.3935125
-2.3718155
-2.3919534
-2.3937653
-2.3937921
-2.3878427
-2.3732652
-2.3498797
-2.3210958
-2.2931028
-2.2718771
-2.284138
-2.2853934
-2.2844995
-2.277542
-2.2620832
-2.2381124
-2.2091682
-2.1814305
-2.1607574
-2.1767255
-2.1774754
-2.1758047
-2.1679885
-2.1517703
-2.1273644
-2.0983942
-2.0709828
-2.0508784
-2.0814357
-2.0818127
-2.0795563
-2.0711039
-2.0543398
-2.0296732
-2.0007913
-1.9737172
-1.9541361
-2.0085057
-2.0086144
-2.005953
-1.9970979
-1.9800074
-1.9552331
-1.9264831
-1.8996948
-1.8805338
-1.9654559
-1.9654101
-1.9625294
-1.9534626
-1.9362206
-1.9114231
-1.8827749
-1.8561723
-1.8372633
-1.9447402
-1.9446203
-1.9416344
-1.9324701
-1.9151643
-1.8903641
-1.8617694
-1.8352598
-1.8164711
-1.902002
-1.9017302
-1.8985356
-1.8891834
-1.8717705
-1.8469911
-1.818526
-1.7922225
-1.7736883
-1.830556
-1.8300256
-1.8264836
-1.8168443
-1.7993063
-1.774621
-1.7464237
-1.7204996
-1.7023954
-1.7390876
-1.7382153
-1.7342143
-1.7242323
-1.7066065
-1.6821351
-1.654379
-1.6290047
-1.6114523
-1.6386761
-1.6374055
-1.6328849
-1.6225191
-1.6048433
-1.5806966
-1.5535341
-1.5288586
-1.5119182
-1.5410955
-1.5394101
-1.5343664
-1.523603
-1.5058827
-1.4820957
-1.4555909
-1.4316841
-1.4153615
-1.4569381
-1.4548822
-1.4493609
-1.4382362
-1.4204615
-1.3969899
-1.3711009
-1.3478975
-1.3321159
-1.3942253
-1.3918888
-1.3859972
-1.3745928
-1.3567634
-1.3335232
-1.3081148
-1.2854429
-1.2700568
-1.3579628
-1.3554617
-1.3493526
-1.3377829
-1.3199166
-1.2968083
-1.271681
-1.2493158
-1.2341572
-1.7971069
-1.8146412
-1.8420283
-1.8732689
-1.9020238
-1.923642
-1.936606
-1.9424645
-1.9442349
-1.7606102
-1.7774957
-1.803864
-1.8339004
-1.8615029
-1.8821962
-1.8945221
-1.8999976
-1.9015799
-1.6997451
-1.7155657
-1.7402201
-1.7682327
-1.7938819
-1.8129837
-1.8242067
-1.8290179
-1.8302755
-1.6220841
-1.6365343
-1.6589912
-1.6844081
-1.7075173
-1.7245205
-1.7342664
-1.7381787
-1.7389959
-1.5370746
-1.5500233
-1.5700866
-1.5926496
-1.6129433
-1.6275892
-1.6356417
-1.6385103
-1.6388109
-1.4546239
-1.4661311
-1.4838762
-1.503667
-1.5212138
-1.5335315
-1.5398859
-1.5416957
-1.54147
-1.383613
-1.3938743
-1.409623
-1.4270282
-1.4421976
-1.4524876
-1.4573477
-1.4582178
-1.4575238
-1.3307417
-1.340077
-1.3543404
-1.3699651
-1.3833584
-1.3921274
-1.3958607
-1.3960182
-1.3949686
-1.3001921
-1.3089913
-1.3223929
-1.3369865
-1.3493501
-1.3572357
-1.3603132
-1.360055
-1.3587981
-1.8618186
-1.8967635
-1.9557813
-2.031462
-2.1155217
-2.2002383
-2.273485
-2.3260219
-2.3554318
-1.8348355
-1.8688595
-1.9262825
-1.9998433
-2.0827101
-2.1662319
-2.2374601
-2.2886194
-2.3175319
-1.7891133
-1.8215839
-1.8761587
-1.9468042
-2.0282916
-2.1088925
-2.1765774
-2.2258531
-2.2537616
-1.7291204
-1.7595315
-1.8107095
-1.8795818
-1.9585619
-2.0340887
-2.097898
-2.1446069
-2.1706821
-1.6610392
-1.689456
-1.7390726
-1.8065171
-1.8802487
-1.9504851
-2.0102655
-2.0534485
-2.0777279
-1.5935489
-1.6214025
-1.6707033
-1.7339149
-1.8020477
-1.8677209
-1.9229072
-1.9630065
-1.9858075
-1.5360886
-1.5640484
-1.6106269
-1.6690401
-1.7332222
-1.7942852
-1.8457835
-1.8833703
-1.9043645
-1.4939918
-1.52069
-1.5639642
-1.6197936
-1.6805224
-1.7382228
-1.7871159
-1.8223903
-1.8422237
-1.4693585
-1.4946173
-1.5365077
-1.5908151
-1.6493765
-1.7053041
-1.752472
-1.7865303
-1.8057886
-1.4573791
-1.4819405
-1.5233578
-1.5768435
-1.6344059
-1.689468
-1.7358169
-1.7693066
-1.7882391
-1.4321591
-1.4558519
-1.496397
-1.5479635
-1.6036081
-1.6568333
-1.7015095
-1.7338622
-1.7520849
-1.3898549
-1.4128414
-1.4512503
-1.4996688
-1.5522655
-1.6023221
-1.6443286
-1.6747197
-1.6917455
-1.3366098
-1.3579611
-1.3931593
-1.4380302
-1.4866159
-1.5326952
-1.5713374
-1.599165
-1.6147559
-1.2779696
-1.2971987
-1.3294728
-1.3704685
-1.4146178
-1.4564498
-1.4913703
-1.5164619
-1.5305006
-1.2205242
-1.2382795
-1.2676714
-1.3047843
-1.3447482
-1.3824385
-1.4138008
-1.4362591
-1.4487659
-1.1713533
-1.1874752
-1.2142838
-1.2481941
-1.2845177
-1.3186731
-1.3469853
-1.3671629
-1.3783743
-1.1344426
-1.1495538
-1.1745765
-1.2060359
-1.2396744
-1.2712014
-1.2972358
-1.315729
-1.3259644
-1.1132834
-1.1277122
-1.1516056
-1.1816831
-1.2137675
-1.2437726
-1.2684941
-1.286005
-1.2956811
-1.147335
-1.1634797
-1.1918995
-1.2315613
-1.2788856
-1.3281933
-1.3770808
-1.4191885
-1.4450136
-1.1302654
-1.1457077
-1.1731014
-1.2113329
-1.256641
-1.3046768
-1.3540524
-1.3959687
-1.4205899
-1.1010169
-1.1156054
-1.1410904
-1.1770441
-1.2188572
-1.2667035
-1.3169215
-1.3563809
-1.3788688
-1.062788
-1.0757912
-1.099455
-1.1314621
-1.1712848
-1.2213493
-1.2691438
-1.3046896
-1.3261123
-1.0191711
-1.0308556
-1.0518349
-1.0805049
-1.1235999
-1.1727133
-1.2154408
-1.2487656
-1.2686467
-0.97494769
-0.9856549
-1.0031881
-1.0355092
-1.0801327
-1.1241495
-1.163834
-1.194356
-1.2118553
-0.93567542
-0.9439507
-0.96470281
-1.0009706
-1.0415733
-1.0826467
-1.1192265
-1.1468094
-1.1634387
-0.90436965
-0.91483992
-0.94067072
-0.97461446
-1.0130714
-1.0516991
-1.0856895
-1.111926
-1.127151
-0.88690763
-0.90148407
-0.92667034
-0.95942116
-0.99665597
-1.0336555
-1.0665631
-1.0914944
-1.1061323
-3.0009441
-2.9924156
-2.9776931
-2.9579851
-2.9351046
-2.9113986
-2.8896112
-2.8723452
-2.8618773
-2.9549588
-2.9465189
-2.9319709
-2.9124615
-2.8897913
-2.8662471
-2.8445501
-2.8273947
-2.8170286
-2.8773663
-2.8690333
-2.8546825
-2.835508
-2.8132526
-2.790153
-2.7688427
-2.7519324
-2.7417029
-2.7766649
-2.7684792
-2.7543869
-2.7355656
-2.7137667
-2.6911996
-2.6704301
-2.6539767
-2.6440276
-2.6638408
-2.655836
-2.6420715
-2.6237185
-2.6024682
-2.5804787
-2.5602568
-2.5442524
-2.5345917
-2.5515258
-2.5436879
-2.5302269
-2.5123071
-2.4916128
-2.4702402
-2.4506073
-2.435085
-2.4257181
-2.4519475
-2.4442859
-2.4311337
-2.4136255
-2.3934119
-2.3725584
-2.3534325
-2.3383382
-2.3292374
-2.3757276
-2.3681957
-2.3552784
-2.3381088
-2.3183072
-2.2978793
-2.2791432
-2.2643606
-2.2554488
-2.3307452
-2.3232901
-2.3105039
-2.293513
-2.2739497
-2.2537955
-2.2353133
-2.2207324
-2.2119423
-1.6583036
-1.6523279
-1.6421229
-1.628625
-1.6131438
-1.5972809
-1.5828228
-1.5714718
-1.5646532
-1.6177827
-1.6119093
-1.6018778
-1.5886118
-1.573409
-1.5578385
-1.5436459
-1.532506
-1.5258167
-1.5503503
-1.5446475
-1.5349108
-1.5220421
-1.5073025
-1.4922194
-1.4784832
-1.4677066
-1.4612366
-1.4645115
-1.4590306
-1.4496787
-1.4373299
-1.4231972
-1.4087459
-1.3955973
-1.38529
-1.3791053
-1.3707914
-1.3655629
-1.3566475
-1.3448825
-1.331428
-1.3176826
-1.3051861
-1.2953955
-1.2895237
-1.2800806
-1.2751025
-1.2666183
-1.2554299
-1.2426425
-1.2295878
-1.2177294
-1.2084463
-1.2028823
-1.2020147
-1.1972545
-1.1891452
-1.178458
-1.166252
-1.1538008
-1.1424994
-1.1336587
-1.1283626
-1.1438788
-1.1392814
-1.1314532
-1.1211434
-1.1093757
-1.0973785
-1.0864959
-1.0779877
-1.0728924
-1.1102614
-1.1057588
-1.0980942
-1.0880032
-1.0764898
-1.0647558
-1.0541152
-1.0457994
-1.040821
-2.4091617
-2.4032187
-2.392989
-2.3793127
-2.3634423
-2.3469662
-2.3317673
-2.3197284
-2.3124514
-2.3634658
-2.3575635
-2.3474145
-2.3338563
-2.3181253
-2.3018203
-2.286788
-2.2748674
-2.2676595
-2.2868453
-2.2810219
-2.2710134
-2.2576622
-2.2421876
-2.2261599
-2.2114051
-2.1997174
-2.1926526
-2.188164
-2.1824527
-2.1726464
-2.1595784
-2.1444561
-2.1288159
-2.1144272
-2.1030397
-2.0961641
-2.0787308
-2.0731576
-2.0635988
-2.0508806
-2.0361779
-2.0209856
-2.0070292
-1.9959982
-1.9893423
-1.9707962
-1.9653752
-1.9560839
-1.9437309
-1.9294661
-1.9147465
-1.9012415
-1.8905797
-1.8841519
-1.8759672
-1.8706876
-1.8616437
-1.8496324
-1.8357781
-1.8215002
-1.8084168
-1.7980968
-1.7918779
-1.8039171
-1.7987506
-1.7899058
-1.778168
-1.7646433
-1.7507172
-1.7379655
-1.7279149
-1.7218617
-1.7615925
-1.7564949
-1.7477724
-1.7362009
-1.7228736
-1.709161
-1.6966097
-1.6867183
-1.6807632
-1.7412785
-1.7362142
-1.72755
-1.7160607
-1.7028297
-1.6892181
-1.6767653
-1.6669535
-1.6610457
-1.6994636
-1.6944707
-1.6859309
-1.6746104
-1.6615822
-1.6481857
-1.6359345
-1.6262864
-1.6204792
-1.6298351
-1.6249644
-1.6166372
-1.6056072
-1.5929247
-1.5798958
-1.5679874
-1.5586121
-1.5529713
-1.5411235
-1.5364164
-1.528371
-1.5177229
-1.5054927
-1.4929406
-1.4814769
-1.472458
-1.4670344
-1.444155
-1.4396332
-1.4319088
-1.4216942
-1.4099745
-1.3979599
-1.3869978
-1.3783815
-1.3732031
-1.3501735
-1.3458403
-1.3384423
-1.3286679
-1.3174632
-1.3059876
-1.2955284
-1.2873148
-1.282381
-1.2692197
-1.2650575
-1.257951
-1.2485658
-1.2378166
-1.2268163
-1.2167985
-1.2089372
-1.2042174
-1.2089126
-1.2048783
-1.197993
-1.1889015
-1.1784954
-1.1678525
-1.1581653
-1.1505678
-1.1460085
-1.1740349
-1.1700746
-1.1633182
-1.1543975
-1.1441902
-1.133754
-1.1242583
-1.1168144
-1.1123486
-1.8103805
-1.8061349
-1.7990213
-1.7895717
-1.7786191
-1.7672721
-1.7568268
-1.7485648
-1.7435769
-1.767703
-1.7635138
-1.7564858
-1.7471448
-1.7363222
-1.7251157
-1.7148044
-1.7066522
-1.7017319
-1.69658
-1.6924839
-1.6856049
-1.6764542
-1.665858
-1.6548946
-1.6448155
-1.6368554
-1.6320521
-1.605851
-1.6018842
-1.5952007
-1.5863033
-1.5760141
-1.5653813
-1.5556175
-1.547916
-1.5432706
-1.5065372
-1.5027115
-1.4962501
-1.4876568
-1.4777311
-1.4674856
-1.458091
-1.4506841
-1.4462205
-1.4101801
-1.4064761
-1.4002404
-1.3919626
-1.3824115
-1.3725661
-1.3635461
-1.3564367
-1.3521565
-1.3271099
-1.3235185
-1.3174768
-1.3094736
-1.3002587
-1.2907705
-1.2820854
-1.2752465
-1.2711296
-1.2651841
-1.2616862
-1.2557932
-1.2479991
-1.2390397
-1.2298232
-1.221394
-1.21476
-1.2107674
-1.2293607
-1.2259172
-1.220115
-1.2124438
-1.2036331
-1.1945755
-1.1862946
-1.1797787
-1.175858
