FiniteElementSpace
FiniteElementCollection: L2_2D_P8
VDim: 1
Ordering: 0

5.0261187
5.0280751
5.0312926
5.0353035
5.0395967
5.0436965
5.0471708
5.0497588
5.0512612
5.2374345
5.2396755
5.2433685
5.2479877
5.2529537
5.2577209
5.2617847
5.2648279
5.2666005
5.5984255
5.6011851
5.6057435
5.6114657
5.6176471
5.6236155
5.6287363
5.632594
5.6348513
6.0767762
6.0802788
6.086081
6.0933932
6.1013301
6.1090328
6.1156744
6.1207001
6.1236514
6.6268233
6.631246
6.6385888
6.6478754
6.6580008
6.6678754
6.6764317
6.6829334
6.6867619
7.1916139
7.1970549
7.206103
7.2175718
7.2301117
7.2423822
7.2530501
7.2611807
7.2659807
7.7076411
7.7140703
7.7247753
7.7383722
7.7532737
7.7678871
7.7806215
7.7903465
7.7960937
8.1129233
8.1201623
8.1322253
8.1475609
8.164395
8.1809368
8.1953708
8.2064071
8.2129384
8.3565744
8.3643168
8.3772261
8.39365
8.4116777
8.4293942
8.4448743
8.4567287
8.4637489
4.9948373
4.9879321
4.9757513
4.9588749
4.9385134
4.9167294
4.8961266
4.879482
4.8692897
5.2275491
5.2207447
5.2086688
5.1918275
5.1714554
5.1495586
5.1287259
5.1118529
5.1015143
5.6282668
5.6216565
5.6098287
5.593227
5.5729605
5.5509292
5.5298287
5.5126762
5.5021289
6.1652653
6.1590299
6.1477628
6.1316969
6.1117367
6.0897797
6.0685554
6.0511495
6.0403851
6.7909158
6.7852664
6.7748453
6.7596384
6.7403959
6.7188522
6.6976968
6.6801741
6.6692793
7.4418349
7.4369064
7.4275953
7.4136459
7.3954667
7.3746122
7.3538136
7.3363921
7.3254737
8.0435527
8.0394491
8.0314088
8.0188087
8.0018309
7.981918
7.9616719
7.9444799
7.9336353
8.5205705
8.5171642
8.5101571
8.4987787
8.4829972
8.4639521
8.4442528
8.4273944
8.4167027
8.809058
8.8060768
8.7997832
8.7892621
8.7742183
8.7557508
8.7364935
8.7198949
8.7093085
18.877489
18.932969
19.035271
19.178309
19.351571
19.529015
19.683077
19.796784
19.859649
19.044447
19.106044
19.216763
19.366407
19.535272
19.697415
19.835393
19.93843
19.996115
19.334275
19.400358
19.509093
19.643884
19.785208
19.918027
20.035622
20.129129
20.184013
19.647361
19.700688
19.786514
19.894119
20.014304
20.136495
20.248579
20.339164
20.395318
19.867244
19.912057
19.988601
20.092496
20.216254
20.346715
20.466016
20.559801
20.619561
20.027803
20.079296
20.165708
20.280612
20.412479
20.548387
20.672014
20.769408
20.831605
20.164783
20.221205
20.313155
20.435485
20.575363
20.718152
20.846926
20.947305
21.010669
20.26755
20.324504
20.419147
20.547335
20.694186
20.843143
20.976777
21.07941
21.143627
20.330496
20.387568
20.483181
20.612655
20.762029
20.914013
21.050462
21.155867
21.221167
23.210086
23.245596
23.301403
23.366299
23.427683
23.475438
23.506786
23.524369
23.532085
23.456148
23.492355
23.54857
23.61312
23.674851
23.724807
23.758305
23.776905
23.785078
23.846927
23.88547
23.945527
24.013932
24.0779
24.129192
24.164363
24.18431
24.193155
24.322037
24.361948
24.424408
24.496842
24.565693
24.620544
24.657748
24.679157
24.688871
24.793937
24.841602
24.912941
24.991062
25.062904
25.12062
25.160554
25.183841
25.194629
25.143163
25.204877
25.299667
25.404218
25.496401
25.564836
25.60933
25.634537
25.646063
25.375793
25.441636
25.546579
25.670053
25.78842
25.882376
25.944631
25.97963
25.995519
25.534741
25.59909
25.702819
25.82821
25.95474
26.063536
26.14235
26.189727
26.212289
25.625045
25.68863
25.790956
25.91466
26.04021
26.150641
26.234631
26.288371
26.315144
22.767799
22.780383
22.799596
22.821972
22.843826
22.862068
22.874929
22.882201
22.885259
22.419563
22.432408
22.451995
22.475382
22.498635
22.518404
22.532954
22.541503
22.545222
21.816085
21.829167
21.849179
21.873293
21.897671
21.918861
21.93507
21.945174
21.949867
21.004884
21.017896
21.038019
21.062174
21.086951
21.109176
21.126825
21.138349
21.143937
20.068839
20.08103
20.099984
20.122959
20.146432
20.167876
20.185948
20.198361
20.204607
19.114368
19.126107
19.143942
19.164808
19.185772
19.20494
19.221325
19.232978
19.23914
18.251709
18.26314
18.280273
18.300259
18.320091
18.337517
18.351954
18.362154
18.367494
17.582736
17.593877
17.610718
17.630342
17.649638
17.666259
17.679651
17.688904
17.693657
17.18509
17.196144
17.212892
17.23217
17.251032
17.267289
17.280215
17.288973
17.293437
22.261492
22.232649
22.18056
22.111386
22.030278
21.946781
21.869834
21.808823
21.772271
21.935459
21.906806
21.854821
21.786131
21.705821
21.623249
21.547199
21.486731
21.450459
21.370255
21.34221
21.290897
21.22307
21.143828
21.06238
20.987458
20.927968
20.89236
20.607806
20.580651
20.531067
20.465337
20.38833
20.309112
20.236096
20.178005
20.14322
19.723402
19.69709
19.648877
19.585211
19.510871
19.434483
19.364146
19.308174
19.274642
18.813149
18.788235
18.742403
18.681532
18.61008
18.536385
18.468494
18.414526
18.382206
17.98222
17.958834
17.915728
17.858319
17.790692
17.720598
17.655708
17.603928
17.572841
17.333887
17.311506
17.27018
17.215265
17.150712
17.083752
17.02176
16.972261
16.942467
16.947128
16.925367
16.885193
16.831659
16.768654
16.703298
16.642879
16.594707
16.565697
5.0784467
5.0797033
5.0811776
5.0819351
5.081172
5.0787457
5.0751808
5.0715397
5.0690001
5.3003993
5.3022517
5.3046823
5.3066298
5.3071197
5.3058391
5.3032094
5.3002375
5.2980723
5.6807129
5.6836631
5.6878492
5.6919883
5.6947869
5.6956476
5.694768
5.6930538
5.691603
6.1868929
6.1914298
6.1981926
6.2055524
6.2117277
6.215751
6.2175017
6.2176764
6.2172904
6.7719215
6.7784801
6.7885082
6.7999779
6.8105095
6.8186118
6.8237594
6.8264032
6.8274256
7.3757206
7.3845488
7.3982693
7.4143896
7.4298609
7.4426292
7.4516804
7.4571682
7.4598145
7.9299438
7.9410167
7.9583805
7.9791094
7.999483
8.0168938
8.029863
8.0381979
8.0424685
8.3667887
8.3797324
8.4001234
8.4246795
8.4491674
8.4704703
8.4866819
8.4974349
8.5031184
8.6299817
8.6440988
8.6664306
8.6933822
8.7204276
8.744154
8.7624401
8.7747249
8.7812568
13.049975
13.086985
13.146702
13.221551
13.299928
13.372645
13.432751
13.475897
13.500197
13.345516
13.384305
13.447066
13.525404
13.607498
13.684133
13.747437
13.79277
13.81838
13.844782
13.886582
13.954064
14.038444
14.127364
14.210326
14.278945
14.328452
14.356537
14.49342
14.538994
14.612755
14.705434
14.803197
14.894575
14.970576
15.025558
15.056723
15.218274
15.268433
15.349699
15.451612
15.559421
15.660771
15.745046
15.805935
15.840566
15.937588
15.992239
16.080827
16.192466
16.31073
16.421544
16.514075
16.581494
16.619943
16.571024
16.629868
16.72538
16.845474
16.972606
17.092561
17.19301
17.265965
17.307538
17.05199
17.114533
17.215257
17.341459
17.475799
17.602961
17.709197
17.786407
17.830512
17.334235
17.398483
17.502044
17.632664
17.771666
17.90242
18.011872
18.091924
18.137652
12.400126
12.417128
12.445601
12.482209
12.522697
12.562951
12.598559
12.625929
12.642219
12.668273
12.686066
12.715685
12.753624
12.79576
12.837577
12.874458
12.903034
12.920053
13.120279
13.139333
13.170997
13.211477
13.25643
13.301123
13.340423
13.370804
13.388911
13.704039
13.724934
13.759584
13.803917
13.853032
13.901799
13.944844
13.978
13.997727
14.346676
14.370082
14.408829
14.458404
14.513527
14.568107
14.615979
14.652912
14.674893
14.963527
14.989556
15.033096
15.089093
15.151227
15.213366
15.268113
15.309629
15.334087
15.482861
15.511522
15.558909
15.619925
15.688855
15.757672
15.817839
15.86361
15.890591
15.863955
15.894195
15.944161
16.008864
16.081341
16.152545
16.214802
16.262771
16.291533
16.083432
16.114501
16.166275
16.233277
16.305936
16.377115
16.440526
16.4891
16.518299
13.74886
13.756308
13.766489
13.775159
13.778905
13.776546
13.769204
13.76011
13.753309
14.084592
14.092852
14.104287
14.11451
14.119941
14.119032
14.112741
14.104329
14.097895
14.652437
14.662103
14.67582
14.688938
14.697286
14.698745
14.694263
14.687128
14.681359
15.392018
15.403711
15.420742
15.437731
15.449804
15.454539
15.452545
15.446978
15.442019
16.221871
16.235859
16.256501
16.277804
16.294263
16.302751
16.303582
16.299973
16.296131
17.047932
17.064189
17.088456
17.114111
17.134919
17.147335
17.151524
17.150412
17.147937
17.777594
17.795936
17.823538
17.853069
17.877925
17.894447
17.902021
17.902966
17.901462
18.333261
18.353095
18.383076
18.415897
18.444566
18.464197
18.473776
18.47599
18.475168
18.659556
18.680383
18.712041
18.74696
18.777758
18.799067
18.809704
18.812629
18.812238
20.997938
21.11692
21.308994
21.548201
21.797592
22.022245
22.202043
22.328241
22.398686
21.135715
21.254669
21.450259
21.697413
21.961247
22.205968
22.403664
22.54087
22.616383
21.361827
21.480663
21.677695
21.928506
22.203316
22.467838
22.689252
22.847162
22.935293
21.647321
21.766672
21.962649
22.213521
22.48985
22.757693
22.988118
23.159262
23.257851
21.957636
22.075917
22.271396
22.522842
22.797753
23.062857
23.290967
23.461217
23.560346
22.256827
22.374628
22.570682
22.820442
23.091398
23.352864
23.578286
23.746751
23.844858
22.514516
22.631894
22.826486
23.073133
23.340992
23.599979
23.823567
23.990717
24.087827
22.707569
22.823971
23.01705
23.261653
23.52755
23.784636
24.005924
24.17108
24.266912
22.818885
22.934974
23.127198
23.370706
23.635052
23.890476
24.110355
24.274543
24.369914
25.119273
25.202665
25.339378
25.511126
25.694694
25.867337
26.011764
26.116755
26.174816
25.597197
25.669174
25.787577
25.934576
26.089413
26.232986
26.351678
26.436842
26.483261
26.256487
26.309084
26.393917
26.497684
26.604496
26.701067
26.778711
26.832802
26.861956
26.794773
26.823618
26.870307
26.924847
26.978172
27.022973
27.055927
27.07673
27.087139
27.008733
27.023754
27.039557
27.056533
27.069628
27.076347
27.077646
27.075442
27.073141
26.965908
26.967647
26.96923
26.968133
26.963079
26.953981
26.942615
26.931976
26.925056
26.807608
26.806731
26.802876
26.795392
26.783288
26.767557
26.750495
26.735483
26.726148
26.635282
26.631982
26.624714
26.612686
26.595964
26.575771
26.55467
26.536741
26.525788
26.514686
26.509921
26.500306
26.485714
26.466151
26.443619
26.420583
26.40127
26.389498
21.893025
21.977807
22.136139
22.373084
22.674438
22.990347
23.264798
23.467136
23.580234
22.496304
22.611318
22.815435
23.093143
23.405226
23.702879
23.952423
24.134277
24.234318
23.764149
23.882711
24.07831
24.320161
24.571698
24.804161
24.998204
25.13873
25.216672
25.189392
25.267547
25.395183
25.552365
25.718303
25.873469
26.002913
26.096507
26.148655
26.128746
26.176758
26.255264
26.351412
26.450507
26.541169
26.614969
26.667541
26.696429
26.529961
26.556952
26.599134
26.651343
26.704177
26.752383
26.790776
26.818218
26.833276
26.549296
26.568068
26.597813
26.632619
26.667689
26.698505
26.722646
26.73903
26.748272
26.456529
26.46994
26.491
26.516882
26.543585
26.567517
26.586039
26.598842
26.606074
26.374774
26.386329
26.403981
26.424787
26.44652
26.466755
26.483159
26.494524
26.500919
26.888995
26.858272
26.802079
26.721176
26.619459
26.505847
26.393644
26.300349
26.242951
26.781111
26.745193
26.681021
26.590482
26.479505
26.358432
26.241857
26.147265
26.089948
26.555557
26.515393
26.445041
26.34933
26.23696
26.119835
26.011736
25.926741
25.876107
26.308621
26.269954
26.203277
26.114369
26.011661
25.905816
25.80853
25.731468
25.685025
26.100284
26.061916
25.994961
25.904492
25.797483
25.684249
25.57814
25.49305
25.441462
25.818809
25.776606
25.70315
25.605099
25.490874
25.372257
25.262988
25.176481
25.124474
25.514256
25.470947
25.395638
25.294671
25.176676
25.053679
24.939551
24.848956
24.794486
25.245796
25.200594
25.121933
25.016979
24.894609
24.767595
24.650371
24.55806
24.503036
25.063944
25.01781
24.937629
24.831221
24.708254
24.58177
24.465738
24.374565
24.320281
26.870481
26.899686
26.944781
26.995145
27.041025
27.075067
27.095089
27.103908
27.106279
27.010887
27.029927
27.057923
27.086845
27.108879
27.119539
27.119602
27.113704
27.107933
27.125967
27.129467
27.131827
27.12802
27.114402
27.091338
27.063043
27.036517
27.019174
27.082839
27.072297
27.051612
27.019545
26.977313
26.928908
26.880538
26.840383
26.815625
26.918447
26.901748
26.87161
26.829431
26.77796
26.722335
26.669495
26.626788
26.60091
26.721786
26.702996
26.669309
26.622782
26.566472
26.505789
26.448103
26.401501
26.3732
26.481183
26.459704
26.421322
26.368594
26.305433
26.238357
26.175271
26.124818
26.094448
26.254752
26.231717
26.190625
26.13473
26.068394
25.998376
25.932526
25.879873
25.848388
26.105955
26.082015
26.039365
25.981485
25.912989
25.840749
25.772698
25.718383
25.68591
22.831438
22.82216
22.80329
22.77697
22.744355
22.709263
22.675542
22.647579
22.630221
22.500523
22.491633
22.472982
22.446811
22.414124
22.378978
22.345446
22.31764
22.300409
21.922045
21.914195
21.896922
21.872347
21.840964
21.806402
21.773024
21.745194
21.727964
21.135215
21.128674
21.113823
21.091957
21.063489
21.031691
21.000354
20.973802
20.957212
20.214346
20.209134
20.196556
20.177733
20.152683
20.124079
20.095618
20.071291
20.055968
19.262897
19.258988
19.248863
19.232956
19.211091
19.185487
19.159631
19.137379
19.123257
18.394978
18.392285
18.384399
18.371276
18.352468
18.329762
18.30647
18.286185
18.273153
17.71823
17.716182
17.70967
17.698551
17.68211
17.661689
17.640478
17.621839
17.60976
17.315043
17.313186
17.307253
17.296957
17.281654
17.262578
17.242643
17.224998
17.213501
11.241587
11.237618
11.229843
11.218589
11.204431
11.188704
11.173838
11.161628
11.153857
10.882297
10.878343
10.870677
10.859602
10.84561
10.829949
10.815036
10.802743
10.794907
10.287924
10.283978
10.276473
10.265743
10.252213
10.236947
10.222218
10.209966
10.202139
9.5386223
9.5347139
9.5274022
9.5170127
9.5040141
9.4893139
9.4750477
9.4632227
9.4556759
8.7302789
8.7264915
8.719532
8.7095582
8.6970888
8.6830554
8.6694583
8.6582515
8.6511172
7.9582697
7.9545381
7.9478116
7.9381935
7.9262294
7.9129494
7.9001915
7.8896814
7.8830067
7.3022347
7.2985423
7.2919531
7.2825734
7.2710031
7.2583173
7.246222
7.2362957
7.2300308
6.8183297
6.8146874
6.8082171
6.799026
6.7877796
6.7755255
6.7638538
6.7543075
6.7483102
6.5401109
6.5364854
6.5300566
6.5209614
6.5099125
6.4979345
6.4865359
6.4772203
6.4713749
11.184634
11.192115
11.2039
11.21752
11.230658
11.241514
11.249354
11.254055
11.256143
10.830289
10.837382
10.84853
10.861361
10.873719
10.883956
10.891357
10.895768
10.897719
10.244871
10.251305
10.261363
10.272873
10.283884
10.292946
10.299441
10.303251
10.304918
9.5077951
9.5133392
9.5219388
9.5317204
9.541021
9.5485628
9.5538213
9.556781
9.5580222
8.7140759
8.7185906
8.7255368
8.7333652
8.7407339
8.7465601
8.7504328
8.7524455
8.753189
7.9567953
7.9603205
7.9656962
7.9716642
7.9771392
7.9812287
7.9836832
7.9847281
7.9849641
7.3132977
7.3159863
7.3200271
7.324419
7.3282784
7.3308914
7.3321679
7.3324105
7.3322124
6.8385391
6.8406184
6.8436827
6.8469008
6.8495456
6.851078
6.8515291
6.8512173
6.8507108
6.565444
6.5671845
6.5697086
6.5722653
6.5742164
6.5751324
6.5751078
6.5744697
6.5737819
21.110148
21.063198
20.980868
20.873329
20.749692
20.623953
20.509664
20.42045
20.36763
20.792999
20.746504
20.664734
20.558194
20.435838
20.31144
20.198441
20.110128
20.057737
20.246435
20.200694
20.119991
20.015013
19.894746
19.772702
19.661948
19.575371
19.524096
19.515095
19.47068
19.392278
19.29012
19.172849
19.053906
18.946086
18.861822
18.811914
18.66899
18.626324
18.550834
18.452603
18.339858
18.225436
18.121579
18.040298
17.992158
17.801735
17.76084
17.688438
17.594288
17.486257
17.376781
17.277515
17.199806
17.153766
17.015185
16.976059
16.906715
16.816492
16.712885
16.607917
16.512741
16.438226
16.394103
16.40362
16.365838
16.298826
16.211776
16.111886
16.010616
15.918715
15.846742
15.80412
16.039465
16.002412
15.936753
15.851479
15.753687
15.654639
15.564802
15.494455
15.45275
10.460751
10.4379
10.39702
10.343471
10.28178
10.218877
10.161782
10.11695
10.090218
10.125951
10.103944
10.06457
10.012968
9.9535164
9.8928754
9.8378331
9.7945985
9.7688023
9.5716885
9.5510996
9.5142313
9.4658238
9.4100171
9.3530673
9.3013976
9.2608123
9.2365769
8.871586
8.8528373
8.8192503
8.7750298
8.7239444
8.6716961
8.6242556
8.5869699
8.5646759
8.1151762
8.0983578
8.0682642
8.0285747
7.9826849
7.9356793
7.8929514
7.8593175
7.8391617
7.3919747
7.3769703
7.3501313
7.3146459
7.2735884
7.2315163
7.1932871
7.1631845
7.1451155
6.7766439
6.7631895
6.7391336
6.707241
6.6702858
6.6323511
6.597864
6.5706969
6.554371
6.3224473
6.3100988
6.2880458
6.2587818
6.2248775
6.1900344
6.1583368
6.1333451
6.1183056
6.0612754
6.0495455
6.0285986
6.0007997
5.9686156
5.9355325
5.905447
5.8817248
5.8674382
11.002677
10.990841
10.968839
10.938672
10.902528
10.864239
10.828782
10.800315
10.782863
10.646275
10.634859
10.613715
10.584734
10.550024
10.513288
10.479341
10.452103
10.43539
10.056863
10.046063
10.026234
9.9991179
9.966715
9.9324917
9.9009321
9.8756013
9.860035
9.3145373
9.3043114
9.2858093
9.2606944
9.2309412
9.1997295
9.1710796
9.1481082
9.1339618
8.5159495
8.5061969
8.4888172
8.4653857
8.4379211
8.409432
8.3835362
8.3629067
8.3502007
7.7552504
7.7459781
7.729604
7.7076264
7.6820294
7.6556793
7.6319238
7.6131403
7.60161
7.1098229
7.1010193
7.0855447
7.064855
7.040858
7.0162015
6.9940348
6.9766275
6.9659981
6.634263
6.6258448
6.611086
6.5914101
6.5686388
6.5452221
6.5241876
6.5077576
6.4977538
6.3609591
6.3527909
6.3384857
6.3194466
6.2974156
6.2747273
6.2543462
6.2384568
6.2287894
5.0519828
5.0534009
5.0557471
5.0585643
5.0619005
5.0670235
5.0725989
5.0760133
5.0776815
5.2674519
5.2691309
5.271917
5.2752787
5.2792954
5.2855514
5.2925566
5.2970439
5.2993212
5.6359355
5.6380863
5.6416694
5.6460325
5.6512918
5.6596184
5.6692231
5.675652
5.6790506
6.1250692
6.1278945
6.1326157
6.1384038
6.1454351
6.156749
6.1701235
6.1793675
6.1843879
6.6886006
6.6922775
6.6984346
6.70602
6.7152851
6.7303416
6.7484589
6.76127
6.768346
7.2682873
7.2729118
7.2806731
7.2902734
7.3020452
7.3213212
7.3447571
7.3615532
7.3709408
7.7988546
7.8043988
7.8137126
7.825261
7.8394726
7.8628708
7.8915703
7.9123238
7.9239813
8.2160764
8.2223892
8.2329993
8.2461794
8.2623982
8.2891867
8.3221978
8.3462341
8.3598188
8.4671231
8.4739031
8.4853156
8.4994755
8.5169714
8.5458946
8.5815771
8.6076515
8.6224134
8.5891388
8.5961441
8.6079357
8.6226152
8.6407387
8.67068
8.7077236
8.7347872
8.7501032
8.8438756
8.851385
8.8640169
8.8797451
8.8991452
8.9313321
8.9712147
9.0004003
9.0169658
9.2785597
9.2869362
9.30104
9.3185969
9.3403096
9.3763685
9.4211847
9.4541545
9.4729108
9.8523684
9.8619349
9.8780552
9.8981714
9.9230517
9.9644416
10.016061
10.054154
10.075892
10.507375
10.51835
10.53685
10.559937
10.588563
10.636328
10.696052
10.740285
10.765586
11.172682
11.185131
11.206145
11.232428
11.265014
11.319406
11.387678
11.438414
11.46749
11.772814
11.786651
11.810005
11.839187
11.875447
11.93617
12.01241
12.069155
12.101753
12.238617
12.253467
12.278578
12.310069
12.349291
12.414843
12.497495
12.559125
12.59448
12.515973
12.531532
12.557823
12.590808
12.631564
12.700075
12.786577
12.851079
12.888239
8.4749559
8.4829414
8.4962544
8.5132087
8.531829
8.5501361
8.5661436
8.5783999
8.5856557
8.7219493
8.7304596
8.7446568
8.7627393
8.7826269
8.8022038
8.8193077
8.8323964
8.8401494
9.1430396
9.1524551
9.1681805
9.1882385
9.2103238
9.232087
9.2511389
9.2657458
9.2744024
9.6985562
9.7091797
9.7269457
9.7496489
9.7746921
9.7994225
9.8211111
9.8377514
9.8476241
10.331935
10.343998
10.36419
10.390021
10.418565
10.446797
10.471587
10.490633
10.501939
10.97471
10.988261
11.010928
11.039991
11.072153
11.104019
11.132092
11.153685
11.166515
11.554285
11.569239
11.594231
11.626253
11.661734
11.696909
11.727903
11.75178
11.765978
12.003388
12.019498
12.046385
12.080847
12.119027
12.156872
12.190225
12.215981
12.23129
12.270866
12.28759
12.315533
12.351408
12.391194
12.430774
12.465612
12.492375
12.508312
8.9496078
8.9468581
8.9409441
8.9308332
8.9161584
8.8980118
8.8789801
8.8625024
8.8519684
9.2439373
9.2417056
9.2365877
9.2273402
9.2134873
9.1960636
9.1775478
9.1613423
9.1509157
9.7486147
9.7472809
9.7435255
9.7358694
9.7236395
9.707561
9.6899148
9.674178
9.6639662
10.419215
10.419133
10.417402
10.412178
10.402262
10.387979
10.371589
10.35668
10.346909
11.190351
11.191886
11.192694
11.190361
11.183173
11.171243
11.156692
11.14296
11.133756
11.979387
11.982615
11.986052
11.986816
11.982818
11.973705
11.961161
11.948629
11.940026
12.695505
12.700319
12.706368
12.710352
12.709509
12.702912
12.692221
12.680986
12.673105
13.253783
13.259985
13.268217
13.274721
13.276257
13.271746
13.262797
13.252748
13.24545
13.587434
13.594477
13.604024
13.61198
13.614979
13.611907
13.604047
13.594646
13.587678
19.888646
19.950902
20.049034
20.172455
20.305097
20.44547
20.629879
20.818928
20.939069
20.022617
20.079765
20.171697
20.289396
20.418063
20.563652
20.761367
20.955107
21.076093
20.210007
20.265676
20.355791
20.470783
20.599594
20.76232
20.982163
21.181619
21.30209
20.424257
20.480957
20.57251
20.69043
20.826939
21.022239
21.265569
21.467569
21.587656
20.651579
20.709568
20.802081
20.923624
21.081815
21.316005
21.576167
21.777726
21.898239
20.863466
20.923584
21.019286
21.149609
21.34149
21.609342
21.87652
22.077175
22.197981
21.042105
21.104005
21.205262
21.350805
21.576508
21.866679
22.134119
22.335115
22.456531
21.17554
21.239757
21.345717
21.508476
21.762124
22.060831
22.327862
22.530116
22.650416
21.252814
21.317707
21.427434
21.604109
21.872398
22.173404
22.440427
22.643201
22.761748
21.288539
21.353462
21.465721
21.649476
21.923344
22.225432
22.492084
22.695235
22.813566
21.362464
21.427834
21.546728
21.745255
22.029175
22.332819
22.599408
22.80166
22.920256
21.482626
21.552045
21.685883
21.907831
22.204838
22.510112
22.776772
22.97697
23.093816
21.638665
21.718018
21.874569
22.123049
22.430556
22.735512
22.999891
23.197744
23.312693
21.833344
21.929479
22.115955
22.386952
22.69562
22.995191
23.254217
23.447864
23.561089
22.123124
22.241255
22.450916
22.724871
23.022715
23.311043
23.560416
23.747305
23.855491
22.574473
22.69919
22.906316
23.165918
23.447208
23.719525
23.954502
24.130562
24.232829
23.059302
23.177789
23.37293
23.61861
23.884631
24.141056
24.361691
24.526597
24.620084
23.388871
23.503501
23.692915
23.930061
24.185771
24.431261
24.641864
24.798787
24.886478
20.357892
20.415851
20.511811
20.642105
20.793957
20.947378
21.084455
21.190774
21.256711
20.41303
20.472935
20.571269
20.702599
20.855407
21.013115
21.155701
21.264175
21.330404
20.498951
20.561233
20.665689
20.802444
20.958827
21.121726
21.269046
21.380476
21.448989
20.610525
20.673044
20.781717
20.927653
21.091823
21.257564
21.408965
21.527018
21.601207
20.747178
20.810316
20.919725
21.07062
21.244768
21.420542
21.580089
21.707262
21.789874
20.925157
20.992939
21.108376
21.266416
21.45127
21.635284
21.808862
21.964107
22.06899
21.189136
21.259985
21.381715
21.545594
21.739335
21.956485
22.188091
22.390809
22.514945
21.492775
21.565581
21.6924
21.870975
22.105803
22.38815
22.667041
22.881439
23.002405
21.720976
21.796946
21.934447
22.140704
22.419324
22.732255
23.012603
23.218645
23.334501
25.667326
25.730407
25.831781
25.954318
26.079001
26.189401
26.274542
26.330143
26.358443
25.752526
25.814542
25.914154
26.034315
26.156684
26.265412
26.350336
26.407443
26.437475
25.890094
25.950371
26.046918
26.16302
26.280906
26.385463
26.467005
26.522239
26.551847
26.055736
26.11371
26.206388
26.317276
26.429004
26.52741
26.603564
26.654451
26.68143
26.226057
26.280954
26.368754
26.473434
26.577923
26.668678
26.738045
26.783944
26.807964
26.389407
26.440351
26.521356
26.617635
26.713171
26.795014
26.856265
26.895781
26.916082
26.552881
26.597918
26.669456
26.753309
26.835575
26.904914
26.95534
26.986744
27.002125
26.705024
26.743128
26.803208
26.872616
26.939177
26.9936
27.031252
27.053246
27.063181
26.804266
26.837306
26.888902
26.947498
27.002335
27.045358
27.073202
27.087873
27.093656
22.886712
22.888562
22.888612
22.885789
22.878579
22.867786
22.855153
22.843191
22.835177
22.547121
22.549806
22.550819
22.549355
22.543689
22.534376
22.523042
22.511759
22.503997
21.952302
21.956179
21.959165
21.960386
21.95758
21.950786
21.941588
21.931858
21.924985
21.146712
21.151654
21.156832
21.160652
21.160943
21.157364
21.150893
21.143271
21.137643
20.207784
20.213756
20.220886
20.227414
20.230754
20.230017
20.226175
20.220664
20.216209
19.242304
19.248501
19.256544
19.264566
19.270137
19.272074
19.270859
19.267476
19.264249
18.370255
18.375845
18.383285
18.390874
18.396464
18.399325
18.399835
18.398081
18.395846
17.696096
17.701045
17.707606
17.714172
17.718787
17.721126
17.721799
17.720582
17.71884
17.295692
17.300251
17.306248
17.312041
17.316019
17.317979
17.318437
17.317228
17.315614
17.102706
17.107087
17.11273
17.118134
17.12176
17.123492
17.123891
17.122676
17.121053
16.70275
16.706716
16.711758
16.716462
16.719339
16.720408
16.720455
16.719172
16.717574
16.030884
16.034174
16.038154
16.041527
16.043061
16.042898
16.042024
16.040334
16.038645
15.163479
15.166264
15.169304
15.171479
15.171674
15.169949
15.167542
15.164769
15.162523
14.200014
14.202396
14.205005
14.20668
14.206266
14.203622
14.199977
14.196072
14.193094
13.251871
13.253893
13.256081
13.257396
13.256703
13.253688
13.249493
13.245009
13.24158
12.423023
12.424851
12.426808
12.42789
12.427055
12.423832
12.419298
12.414542
12.410919
11.797072
11.798756
11.800639
11.801577
11.800657
11.797432
11.7928
11.787935
11.784272
11.431515
11.433071
11.434816
11.435566
11.434514
11.431284
11.426673
11.421843
11.418238
16.993299
17.004255
17.020808
17.040059
17.058895
17.075008
17.087777
17.096302
17.100542
16.59548
16.606361
16.622854
16.642066
16.660746
16.676511
16.688823
16.696899
16.700795
15.9255
15.93624
15.952754
15.972035
15.990785
16.006374
16.018178
16.025744
16.029235
15.060845
15.071211
15.087199
15.105962
15.124393
15.139836
15.151467
15.15878
15.162015
14.102268
14.112181
14.127667
14.145644
14.163187
14.177926
14.188902
14.195702
14.198717
13.16032
13.16957
13.184163
13.201132
13.217693
13.231587
13.241781
13.247969
13.250716
12.338506
12.347068
12.360543
12.376192
12.391511
12.404322
12.413653
12.419371
12.421959
11.718904
11.726929
11.739585
11.754216
11.768394
11.780108
11.788576
11.79377
11.796126
11.357255
11.364914
11.377001
11.390998
11.404499
11.415624
11.423658
11.428501
11.430656
21.754863
21.716372
21.64809
21.558322
21.454502
21.348768
21.252345
21.176648
21.131606
21.433311
21.395245
21.327371
21.238267
21.135189
21.030122
20.934319
20.859018
20.814207
20.875646
20.838434
20.771779
20.684376
20.583271
20.480024
20.385684
20.311418
20.267252
20.126894
20.090635
20.025759
19.940636
19.842197
19.741912
19.650363
19.57823
19.535308
19.258979
19.224107
19.161454
19.079321
18.984347
18.887567
18.799254
18.729709
18.688374
18.367136
18.33367
18.273601
18.194955
18.104032
18.011364
17.926731
17.860006
17.820318
17.558353
17.526203
17.468427
17.392715
17.305227
17.216197
17.134985
17.071
17.032961
16.928606
16.897788
16.842177
16.769168
16.684601
16.598306
16.51957
16.457615
16.420795
16.552192
16.522234
16.468191
16.397142
16.314675
16.23032
16.153214
16.092479
16.056338
16.370218
16.340664
16.287367
16.217251
16.135832
16.05252
15.976291
15.916188
15.88041
15.992179
15.963414
15.911512
15.843311
15.764145
15.683072
15.60882
15.550185
15.515237
15.354603
15.327116
15.277447
15.2122
15.136542
15.059081
14.988214
14.932271
14.898892
14.528259
14.502479
14.455838
14.394402
14.323078
14.249979
14.183171
14.130496
14.099056
13.607437
13.583632
13.54048
13.483536
13.417288
13.349184
13.286923
13.237798
13.208435
12.697663
12.675832
12.636211
12.583767
12.522661
12.459707
12.402137
12.356681
12.329455
11.90008
11.87993
11.843342
11.794789
11.738148
11.679698
11.626261
11.584058
11.558743
11.296699
11.277836
11.243544
11.197913
11.144609
11.089533
11.039198
10.999438
10.97556
10.943603
10.925522
10.892626
10.848735
10.79739
10.744284
10.695751
10.657415
10.634377
16.760168
16.738746
16.699166
16.646317
16.584067
16.519497
16.45981
16.412222
16.383562
16.371786
16.351057
16.312674
16.261357
16.200788
16.137807
16.079572
16.033139
16.005172
15.716318
15.696744
15.660401
15.611689
15.55406
15.493913
15.43824
15.39383
15.367038
14.865737
14.847727
14.814182
14.768956
14.715248
14.658971
14.606816
14.565155
14.539957
13.917757
13.901358
13.870768
13.829365
13.780044
13.728154
13.680052
13.641582
13.618253
12.981677
12.966868
12.93916
12.901376
12.856207
12.80855
12.764399
12.729086
12.707619
12.16057
12.147145
12.122015
12.087562
12.046201
12.002367
11.961712
11.929151
11.909298
11.539315
11.5268
11.503456
11.471437
11.432994
11.392193
11.354324
11.323929
11.305341
11.176188
11.16414
11.14172
11.110964
11.074096
11.035022
10.998802
10.969716
10.951898
4.9921188
4.9945927
4.9986952
5.0038755
5.0094785
5.0148989
5.0195793
5.0230951
5.0251391
5.1988609
5.2016454
5.2062714
5.2121262
5.2184773
5.2246374
5.2299677
5.2339794
5.2363158
5.5516186
5.554957
5.5605156
5.5675741
5.5752627
5.5827553
5.5892665
5.5941834
5.5970535
6.0182962
6.0224195
6.0292993
6.0380633
6.0476456
6.0570217
6.0652053
6.0714098
6.0750418
6.5539224
6.559004
6.5675044
6.5783679
6.5902933
6.6020082
6.6122662
6.6200651
6.6246403
7.1029468
7.1090641
7.1193156
7.132458
7.1469346
7.1612119
7.1737549
7.1833165
7.1889357
7.6038069
7.6109171
7.6228553
7.638183
7.6551044
7.6718478
7.6865911
7.6978534
7.7044826
7.9967154
8.0046328
8.0179423
8.0350596
8.0539681
8.0727178
8.0892637
8.1019189
8.1093734
8.2327575
8.2411702
8.2553188
8.2735317
8.2936669
8.3136498
8.3313026
8.3448159
8.35278
8.3473847
8.3560374
8.3706031
8.3893523
8.4100922
8.4306924
8.4488932
8.4628278
8.4710432
8.5864612
8.5956369
8.6110752
8.6309619
8.6529761
8.6748401
8.6941882
8.709028
8.717782
8.9938238
9.003912
9.0209002
9.0427901
9.0670258
9.0910975
9.1124167
9.1287826
9.1384383
9.5305429
9.5418603
9.5609503
9.5855665
9.6128542
9.6399811
9.6640059
9.6824765
9.6933742
10.141769
10.154569
10.176141
10.203961
10.23483
10.265535
10.292747
10.313698
10.326061
10.761233
10.775614
10.799846
10.831076
10.865724
10.900209
10.930762
10.954257
10.968113
11.318782
11.33464
11.361342
11.395756
11.433992
11.472041
11.505771
11.531731
11.547016
11.750749
11.767753
11.796411
11.833331
11.874326
11.915137
11.951355
11.979203
11.995571
12.007856
12.025579
12.05537
12.093805
12.136521
12.178965
12.216649
12.245684
12.262734
12.131875
12.149999
12.180401
12.219576
12.263164
12.306438
12.344774
12.374406
12.391846
12.388913
12.407763
12.43953
12.48042
12.525784
12.570928
12.610891
12.641593
12.659651
12.821185
12.841321
12.875255
12.919011
12.967579
13.015873
13.058793
13.091743
13.111037
13.377182
13.399185
13.436111
13.483869
13.537064
13.589723
13.636521
13.672655
13.693873
13.984708
14.008921
14.049678
14.102437
14.161182
14.219653
14.271695
14.311749
14.335317
14.565334
14.591718
14.636073
14.693537
14.757761
14.822054
14.879621
14.924322
14.950827
15.057276
15.085301
15.132449
15.193507
15.261813
15.330436
15.391966
15.440075
15.468927
15.421343
15.450367
15.49934
15.562735
15.633363
15.704641
15.768798
15.818954
15.849202
15.632451
15.661844
15.711541
15.776348
15.848414
15.920693
15.986084
16.037247
16.068184
15.733095
15.76285
15.812837
15.877855
15.95074
16.023643
16.089309
16.141204
16.172506
15.938072
15.968636
16.019835
16.086018
16.159994
16.234254
16.30096
16.353512
16.385386
16.275413
16.306635
16.359378
16.427981
16.504323
16.580715
16.649383
16.702787
16.734887
16.696985
16.729442
16.784009
16.85486
16.93417
17.01355
17.084354
17.138831
17.17105
17.144787
17.17887
17.235905
17.310098
17.392115
17.472199
17.542244
17.594855
17.625234
17.565004
17.600193
17.659541
17.736154
17.817614
17.893453
17.956568
18.002256
18.028864
17.913497
17.949274
18.008851
18.084382
18.161027
18.228362
18.283444
18.325715
18.354271
18.164195
18.198245
18.254352
18.3268
18.399535
18.460082
18.515842
18.569784
18.608904
18.304834
18.337856
18.390819
18.459346
18.528888
18.590402
18.655991
18.724856
18.773384
5.0676788
5.0647418
5.0591877
5.0508521
5.0399539
5.0274853
5.0150605
5.0046278
4.9980877
5.2969266
5.2943457
5.2893515
5.2816389
5.2713737
5.2594385
5.2473654
5.2371585
5.2307446
5.6907901
5.6888775
5.6849245
5.678456
5.6694277
5.6585063
5.6471995
5.6375101
5.6313537
6.2169723
6.2160597
6.2137201
6.2091779
6.2020397
6.192783
6.1827597
6.1738918
6.1681604
6.827768
6.8281924
6.8279822
6.8259773
6.8214471
6.8144907
6.8062315
6.7985761
6.7935093
7.460915
7.4628761
7.4651493
7.4661824
7.4647161
7.4604927
7.4544487
7.4483167
7.44406
8.0443357
8.0478623
8.0526788
8.0567503
8.0584338
8.0571089
8.0533299
8.0487494
8.0453684
8.5056457
8.510497
8.5173913
8.5240552
8.5285014
8.5295806
8.5277426
8.5246074
8.522025
8.7841727
8.7898212
8.7980787
8.8064628
8.8125512
8.8151578
8.8146612
8.8124227
8.8103001
8.9197504
8.9258142
8.9347835
8.9439917
8.9508836
8.9542917
8.9544514
8.9526296
8.9507374
9.2034286
9.2104051
9.2208306
9.2317267
9.2404451
9.2455842
9.2470658
9.246163
9.2448111
9.6891199
9.6976569
9.7105472
9.7245365
9.7366016
9.7446919
9.7485347
9.7493909
9.7490336
10.333119
10.343802
10.360253
10.378653
10.395198
10.407437
10.414755
10.418042
10.419017
11.071907
11.085249
11.105983
11.129557
11.151586
11.168942
11.180407
11.186671
11.189349
11.825949
11.842076
11.867341
11.896604
11.924588
11.947376
11.963401
11.972994
11.977525
12.508914
12.527687
12.557375
12.592005
12.625557
12.653692
12.674102
12.686682
12.692868
13.040674
13.061586
13.094587
13.133412
13.171734
13.204094
13.227773
13.24282
13.250458
13.358055
13.380188
13.415263
13.456848
13.497908
13.532705
13.55853
13.575164
13.583689
8.7579833
8.7727055
8.7959643
8.8241256
8.8524287
8.8773495
8.896695
8.9097092
8.9166376
9.0254992
9.0414198
9.0666849
9.0974187
9.1284079
9.155928
9.177444
9.1920142
9.1998701
9.4825763
9.5006436
9.5294124
9.5645854
9.6004371
9.6325103
9.6578113
9.6752548
9.6847841
10.087126
10.108171
10.141765
10.183087
10.225516
10.263909
10.294622
10.315988
10.327737
10.778675
10.803225
10.842598
10.891248
10.941544
10.987501
11.024613
11.05071
11.065221
11.482564
11.510879
11.556314
11.612717
11.671422
11.725329
11.769251
11.800456
11.817891
12.118662
12.150441
12.201663
12.265383
12.331784
12.393281
12.443665
12.479473
12.49958
12.612859
12.647455
12.703175
12.772585
12.845461
12.912891
12.968176
13.007872
13.030278
12.907579
12.943867
13.002156
13.075178
13.151873
13.2228
13.281288
13.323361
13.347054
13.51149
13.534239
13.570421
13.61331
13.655614
13.691658
13.718571
13.73596
13.744913
13.830317
13.854444
13.892951
13.938515
13.983457
14.022097
14.051314
14.070362
14.080229
14.369634
14.396071
14.43815
14.488088
14.537898
14.581175
14.614218
14.636
14.647376
15.071258
15.100608
15.147476
15.203525
15.259962
15.309359
15.347279
15.37256
15.385979
15.856765
15.889589
15.942295
16.005559
16.069327
16.125462
16.169193
16.198806
16.214687
16.637929
16.674335
16.732689
16.80286
16.87415
16.937555
16.987366
17.02132
17.039618
17.327003
17.366484
17.430042
17.506746
17.585025
17.655021
17.710128
17.747806
17.768257
17.851157
17.893069
17.96061
18.042544
18.12629
18.200971
18.260175
18.300995
18.323149
18.159025
18.202444
18.272427
18.3573
18.444054
18.521712
18.583345
18.625847
18.648975
18.306333
18.350545
18.421888
18.508261
18.596418
18.675444
18.738157
18.781415
18.805032
18.61013
18.655805
18.729407
18.818474
18.909844
18.992083
19.057196
19.102047
19.126636
19.114751
19.162779
19.240313
19.334325
19.430757
19.517502
19.586822
19.635126
19.661699
19.753893
19.804966
19.887568
19.987968
20.091086
20.184288
20.259414
20.312076
20.341072
20.446444
20.50091
20.58882
20.695884
20.806991
20.908475
20.989933
21.04651
21.077571
21.108109
21.166077
21.260252
21.375561
21.494604
21.602158
21.688497
21.748951
21.782263
21.670756
21.731907
21.830973
21.952156
22.077387
22.190819
22.281881
22.345718
22.381147
22.086345
22.15007
22.252459
22.3767
22.504889
22.622091
22.717323
22.784395
22.821592
22.322548
22.387979
22.49293
22.620286
22.751149
22.870075
22.966776
23.035375
23.073576
17.46985
17.535149
17.63996
17.772273
17.913189
18.045876
18.156999
18.238196
18.284599
17.74636
17.814217
17.923058
18.059945
18.204826
18.341323
18.455978
18.53969
18.58763
18.207831
18.278948
18.393145
18.535931
18.688037
18.831705
18.952381
19.040562
19.091064
18.792544
18.86821
18.989117
19.139471
19.300534
19.453049
19.581478
19.675192
19.728717
19.423266
19.502836
19.631964
19.792448
19.96417
20.126061
20.262604
20.362412
20.419469
20.024551
20.110218
20.248191
20.416745
20.597882
20.76907
20.913387
21.019058
21.079451
20.490131
20.59156
20.750705
20.93956
21.13471
21.315041
21.46645
21.577209
21.640551
20.779954
20.894363
21.074837
21.291426
21.512569
21.710155
21.871308
21.988068
22.054705
20.929433
21.047666
21.236761
21.469738
21.710711
21.925874
22.098487
22.220995
22.290021
12.650093
12.665996
12.692846
12.72629
12.767927
12.83798
12.926238
12.992233
13.03026
12.928197
12.944696
12.972617
13.007592
13.05112
13.124125
13.216361
13.285294
13.324917
13.397599
13.41525
13.445055
13.482391
13.528782
13.607024
13.706005
13.779942
13.822569
14.007238
14.026364
14.058642
14.098921
14.148883
14.233787
14.341736
14.422557
14.469166
14.685549
14.70689
14.742664
14.786847
14.841018
14.934064
15.05216
15.140532
15.191681
15.346515
15.371683
15.412203
15.461899
15.524143
15.628023
15.756559
15.852823
15.90871
15.904451
15.933447
15.979151
16.038404
16.11797
16.237968
16.376754
16.480421
16.540332
16.305969
16.336948
16.387389
16.457686
16.56046
16.701053
16.84757
16.956712
17.020096
16.532614
16.564099
16.617638
16.69721
16.818079
16.97199
17.123632
17.23706
17.302067
16.638177
16.670159
16.726621
16.81236
16.941956
17.102278
17.256673
17.372106
17.437621
16.853768
16.887385
16.950604
17.050122
17.195839
17.367928
17.527821
17.646286
17.713322
17.208835
17.249621
17.329797
17.457143
17.627811
17.812988
17.980074
18.104258
18.173843
17.678408
17.735527
17.843264
17.999498
18.185838
18.377212
18.550922
18.68361
18.757245
18.234434
18.30595
18.433653
18.603037
18.794044
18.990295
19.168647
19.307962
19.386629
18.801293
18.880044
19.016546
19.191457
19.388488
19.580447
19.750452
19.897907
19.985713
19.293007
19.37484
19.509854
19.675691
19.853031
20.016032
20.175839
20.339161
20.443024
19.639656
19.714173
19.831089
19.972347
20.121337
20.26323
20.42969
20.609606
20.725285
19.814517
19.880768
19.984112
20.111279
20.247614
20.387087
20.565665
20.75254
20.871615
16.187984
16.219441
16.27165
16.339082
16.412222
16.484031
16.547249
16.595058
16.62407
16.401107
16.433185
16.486657
16.555519
16.629006
16.699887
16.762107
16.809555
16.839141
16.75095
16.784062
16.838686
16.9084
16.981135
17.048122
17.107518
17.157051
17.190958
17.18724
17.220432
17.272224
17.337552
17.406121
17.469851
17.536593
17.603386
17.652162
17.639477
17.669158
17.715561
17.773718
17.844362
17.929052
18.032864
18.133608
18.200448
18.040396
18.066619
18.115232
18.185057
18.288687
18.423077
18.567881
18.690695
18.765061
18.368176
18.401612
18.470239
18.576008
18.722398
18.889293
19.049369
19.178798
19.255626
18.629378
18.677013
18.768999
18.900101
19.063499
19.238946
19.402354
19.531107
19.604905
18.797797
18.852043
18.95133
19.089079
19.258165
19.436599
19.596617
19.716882
19.78371
18.815864
18.837232
18.86981
18.905774
18.937467
18.959527
18.970746
18.974029
18.973836
19.13795
19.160366
19.194797
19.232944
19.266428
19.289879
19.302288
19.306413
19.306684
19.673932
19.698185
19.735397
19.776623
19.812943
19.838807
19.853311
19.859042
19.8602
20.354396
20.380763
20.421074
20.465749
20.50578
20.535303
20.5528
20.560666
20.563044
21.09181
21.120129
21.163771
21.212746
21.257381
21.29126
21.312406
21.322809
21.326564
21.797572
21.828123
21.875354
21.928923
21.978512
22.016855
22.041576
22.054529
22.059672
22.397472
22.430121
22.480817
22.538475
22.59238
22.634856
22.6627
22.677644
22.68389
22.838718
22.873035
22.926621
22.98786
23.044838
23.089859
23.120155
23.136796
23.143859
23.091193
23.126566
23.18176
23.245241
23.304668
23.351127
23.382274
23.399843
23.407475
18.370034
18.402909
18.453802
18.519689
18.589307
18.655572
18.728411
18.801951
18.852261
18.496289
18.529074
18.57962
18.640811
18.710752
18.789779
18.877741
18.960867
19.016133
18.686357
18.718514
18.773648
18.841249
18.925264
19.028573
19.141053
19.240916
19.303051
18.919971
18.953277
19.016166
19.105536
19.220343
19.348992
19.471127
19.566942
19.621505
19.173712
19.215799
19.290922
19.393652
19.510764
19.625487
19.725421
19.801984
19.846159
19.408391
19.44941
19.516449
19.600632
19.692667
19.785767
19.875707
19.953654
20.003064
19.53686
19.570048
19.626565
19.70389
19.799086
19.902271
19.999802
20.082103
20.136392
19.596069
19.631261
19.691777
19.774218
19.877216
19.992421
20.099072
20.18335
20.238536
19.633254
19.671101
19.735873
19.820776
19.922458
20.040172
20.154428
20.243874
20.301125
19.645305
19.685175
19.754129
19.845399
19.949232
20.06411
20.178287
20.269562
20.327957
19.673317
19.715148
19.788625
19.887929
19.999863
20.115076
20.227818
20.322201
20.382498
19.723353
19.769233
19.847493
19.954579
20.077784
20.201348
20.313549
20.406808
20.467987
19.791918
19.84156
19.92593
20.03876
20.169834
20.305079
20.425742
20.519495
20.579906
19.874556
19.926482
20.014785
20.133989
20.272929
20.417642
20.551089
20.65377
20.71607
19.998201
20.04965
20.140855
20.265542
20.412655
20.567013
20.710137
20.82373
20.892106
20.189328
20.245892
20.339551
20.473159
20.634694
20.802945
20.960007
21.082959
21.155249
20.409686
20.480895
20.591559
20.73176
20.910934
21.093141
21.261803
21.38722
21.459055
20.594611
20.659319
20.785333
20.935367
21.120986
21.314824
21.48687
21.613478
21.686014
20.723796
20.795602
20.931025
21.096665
21.288273
21.483254
21.64963
21.778717
21.855509
21.140423
21.2241
21.364419
21.544947
21.749755
21.961769
22.167599
22.34064
22.444873
22.038341
22.136138
22.307834
22.54295
22.821809
23.115708
23.385487
23.591599
23.708498
23.606626
23.725399
23.927614
24.186989
24.464607
24.719364
24.926084
25.072073
25.152062
25.220147
25.299988
25.425685
25.571862
25.716976
25.85418
25.971646
26.057696
26.106022
25.969874
26.007072
26.069705
26.150935
26.252389
26.361275
26.43725
26.489216
26.517112
26.225849
26.252321
26.294786
26.345294
26.394731
26.441233
26.485457
26.519666
26.539785
26.195563
26.213398
26.242068
26.279415
26.325184
26.372361
26.409237
26.435138
26.44967
26.110005
26.128649
26.162375
26.207694
26.254044
26.295973
26.331247
26.355358
26.368823
26.076438
26.096803
26.130927
26.173098
26.215243
26.251807
26.282475
26.30565
26.318848
25.991177
26.009876
26.039492
26.074665
26.109836
26.143032
26.172383
26.193818
26.205849
25.788115
25.803602
25.828097
25.858584
25.891359
25.922537
25.948014
25.965947
25.976191
25.412828
25.428298
25.45303
25.483726
25.515675
25.544935
25.569685
25.587679
25.597546
24.878231
24.89379
24.917985
24.948343
24.981117
25.012204
25.037868
25.055617
25.065274
24.230574
24.247483
24.274609
24.308516
24.344496
24.377874
24.405597
24.425034
24.435337
23.574312
23.59255
23.621413
23.657247
23.695947
23.732973
23.7643
23.786344
23.798107
23.032068
23.049581
23.077875
23.113974
23.153775
23.192285
23.224927
23.24826
23.261006
22.695749
22.713506
22.743135
22.780302
22.819467
22.856493
22.889068
22.913302
22.926485
22.431773
22.498415
22.605014
22.734798
22.868621
22.989407
23.086208
23.154384
23.192457
22.651485
22.721563
22.831791
22.96393
23.100333
23.225583
23.327254
23.398577
23.438022
22.976256
23.057785
23.184925
23.332606
23.478115
23.607255
23.711782
23.78615
23.827721
23.30446
23.398993
23.550766
23.731857
23.910744
24.063524
24.179824
24.258848
24.302135
23.60758
23.704373
23.863747
24.062817
24.272555
24.463569
24.614043
24.715464
24.769563
23.891564
23.987387
24.145418
24.343938
24.556541
24.757266
24.9248
25.045069
25.112186
24.133967
24.228645
24.384285
24.579081
24.787739
24.985592
25.152228
25.273944
25.34329
24.312437
24.405917
24.559642
24.752365
24.958815
25.153971
25.31725
25.435701
25.503094
24.415234
24.50834
24.661355
24.852822
25.056978
25.249217
25.410163
25.52715
25.593763
24.463116
24.555993
24.708565
24.899268
25.102483
25.293667
25.453773
25.570128
25.636256
24.5611
24.653333
24.804962
24.993938
25.19491
25.383853
25.541904
25.656809
25.721994
24.721515
24.812511
24.96189
25.14792
25.345288
25.530444
25.684882
25.796842
25.860363
24.91946
25.008715
25.154888
25.336668
25.529175
25.708954
25.858273
25.966094
26.027125
25.132883
25.219434
25.36116
25.536805
25.722235
25.895038
26.037974
26.140868
26.198954
25.36126
25.443254
25.577267
25.743171
25.917766
26.080128
26.214208
26.310186
26.364165
25.626962
25.701571
25.823528
25.973749
26.131331
26.277236
26.397414
26.483208
26.530858
25.893727
25.960349
26.068602
26.201397
26.340079
26.467696
26.572009
26.645894
26.686431
26.074526
26.135411
26.234147
26.354832
26.480312
26.594899
26.687738
26.752987
26.788222
22.870107
22.986105
23.178042
23.421041
23.684825
23.939657
24.159056
24.322797
24.417905
22.97654
23.091732
23.282751
23.524564
23.787
24.040363
24.258617
24.421584
24.516186
23.150229
23.264848
23.45427
23.693846
23.954184
24.205619
24.422075
24.58351
24.677135
23.367817
23.480878
23.668468
23.905781
24.163423
24.412135
24.625524
24.784233
24.875957
23.615293
23.725894
23.909327
24.142438
24.395293
24.638501
24.846853
25.00135
25.090668
23.906904
24.014242
24.19104
24.413962
24.657106
24.890175
25.089557
25.236535
25.321213
24.279708
24.378611
24.545788
24.753323
24.979226
25.195301
25.378962
25.514091
25.590817
24.663321
24.756877
24.910559
25.101666
25.308844
25.505533
25.671789
25.793368
25.861536
24.927478
25.016682
25.160176
25.340074
25.533876
25.716869
25.870718
25.982831
26.045325
26.201774
26.258412
26.3502
26.462028
26.577655
26.68248
26.766612
26.825098
26.856272
26.504922
26.550536
26.623698
26.711874
26.801056
26.879434
26.940012
26.980531
27.00146
26.8755
26.90341
26.947079
26.99719
27.04397
27.080591
27.104863
27.118187
27.123805
27.09165
27.100309
27.111897
27.121166
27.123914
27.118951
27.108193
27.095998
27.087396
27.071641
27.067696
27.058779
27.043421
27.021173
26.993882
26.965501
26.941188
26.926018
26.921518
26.91316
26.897213
26.873789
26.843615
26.809333
26.775493
26.747479
26.730291
26.72143
26.710419
26.689802
26.660241
26.623247
26.582497
26.542935
26.510549
26.490887
26.520305
26.507436
26.483576
26.450065
26.408947
26.364254
26.321146
26.28613
26.265089
26.383554
26.369789
26.34442
26.309037
26.266018
26.219471
26.174663
26.138472
26.116712
26.312241
26.298038
26.271985
26.23546
26.191
26.143111
26.097207
26.060241
26.037863
26.155075
26.140075
26.112428
26.074148
26.027618
25.977717
25.930111
25.89162
25.868303
25.861093
25.844826
25.814514
25.773151
25.723153
25.669963
25.619776
25.579212
25.554772
25.421974
25.404449
25.371934
25.327697
25.274511
25.218343
25.165641
25.123292
25.097728
24.859623
24.840806
24.805701
24.758548
24.702454
24.643783
24.58903
24.545041
24.518566
24.227144
24.207797
24.171637
24.122948
24.064903
24.004293
23.947905
23.902753
23.875558
23.605147
23.585886
23.549806
23.501205
23.443191
23.382611
23.326058
23.280587
23.253163
23.093387
23.074073
23.037792
22.989248
22.931571
22.871473
22.815443
22.770359
22.743178
22.77766
22.758424
22.722434
22.674014
22.616362
22.55634
22.500511
22.455793
22.428787
26.450213
26.445822
26.435464
26.419403
26.398546
26.374649
26.350685
26.330756
26.318451
26.306499
26.301004
26.289705
26.272439
26.249445
26.223199
26.196922
26.17506
26.161654
26.030064
26.023352
26.009287
25.989372
25.963743
25.934932
25.906543
25.882687
25.868056
25.615036
25.606506
25.589439
25.565287
25.535038
25.502263
25.470866
25.445175
25.429505
25.068766
25.059645
25.040848
25.014738
24.982156
24.946735
24.912741
24.884737
24.86766
24.44172
24.432087
24.412569
24.385506
24.351973
24.315878
24.281347
24.252888
24.235409
23.821332
23.811943
23.792464
23.765185
23.731166
23.694563
23.659645
23.630948
23.613384
23.306427
23.297274
23.278237
23.251802
23.218694
23.182672
23.147997
23.119254
23.101604
22.98787
22.978512
22.959604
22.933419
22.900785
22.865488
22.831503
22.803336
22.78591
23.632893
23.74463
23.928611
24.158355
24.40588
24.642718
24.845403
24.995422
25.079479
24.281267
24.381563
24.546026
24.75231
24.973381
25.183276
25.361004
25.49139
25.563506
25.253611
25.331853
25.460736
25.621621
25.791918
25.950847
26.08336
26.178823
26.231448
26.173141
26.224684
26.308811
26.411745
26.518233
26.615564
26.694594
26.750314
26.780902
26.709859
26.737978
26.782527
26.836081
26.888782
26.935666
26.970304
26.994682
27.003662
26.840332
26.854425
26.876122
26.900989
26.924006
26.942191
26.954427
26.961416
26.964832
26.7525
26.760327
26.771792
26.784122
26.794715
26.802003
26.805815
26.807213
26.807469
26.609455
26.615253
26.623154
26.631173
26.637132
26.639945
26.639654
26.63772
26.636316
26.503786
26.508646
26.515071
26.521006
26.524547
26.524897
26.522228
26.518572
26.516064
26.447135
26.451459
26.45703
26.461812
26.464149
26.463358
26.459699
26.455252
26.452027
26.319005
26.321739
26.324462
26.32632
26.325979
26.323035
26.317897
26.312306
26.30848
26.068897
26.07042
26.070477
26.068683
26.063521
26.055627
26.046547
26.038
26.032542
25.671533
25.671989
25.6702
25.665892
25.658039
25.647468
25.635756
25.625151
25.618332
25.137229
25.13693
25.133335
25.12706
25.11719
25.104794
25.091673
25.079828
25.072222
24.512288
24.512342
24.509256
24.503178
24.493029
24.48002
24.466134
24.453599
24.445465
23.888361
23.888633
23.885777
23.880011
23.870453
23.858238
23.845042
23.832902
23.824941
23.370449
23.371242
23.369111
23.364155
23.355026
23.342868
23.329785
23.317758
23.309903
23.046878
23.048412
23.047862
23.044364
23.036306
23.024682
23.011606
22.999534
22.991558
26.324997
26.337042
26.35558
26.376323
26.396084
26.413928
26.428555
26.438891
26.444614
26.211677
26.222832
26.239752
26.259798
26.279308
26.295196
26.306364
26.313415
26.317202
25.98118
25.990439
26.004133
26.020425
26.036083
26.049223
26.058907
26.064631
26.067453
25.602223
25.61086
25.622976
25.636399
25.648613
25.658324
25.66504
25.66889
25.670657
25.070007
25.07859
25.090422
25.104119
25.1167
25.126362
25.13266
25.135592
25.136578
24.440235
24.449443
24.462292
24.476662
24.489651
24.499834
24.506807
24.510337
24.511552
23.803755
23.814494
23.829615
23.846602
23.862193
23.874296
23.882277
23.886184
23.887532
23.267102
23.278905
23.296412
23.316994
23.336187
23.351263
23.361696
23.3672
23.369291
22.932612
22.944897
22.963726
22.985729
23.006702
23.023731
23.035772
23.04265
23.045514
24.977611
24.931723
24.852133
24.745875
24.622702
24.495579
24.37823
24.285641
24.230243
24.787293
24.740846
24.660124
24.552663
24.427859
24.298988
24.180146
24.086528
24.030645
24.441849
24.394623
24.311855
24.202485
24.075901
23.945747
23.826386
23.732397
23.676427
23.951618
23.903599
23.819641
23.708973
23.581158
23.450185
23.330402
23.236418
23.180529
23.349203
23.300953
23.216151
23.104803
22.976578
22.845599
22.725956
22.632176
22.57653
22.695104
22.646778
22.561973
22.451001
22.323391
22.193314
22.074784
21.982034
21.927002
22.072091
22.024191
21.940043
21.83002
21.703509
21.574731
21.457523
21.365864
21.311569
21.568333
21.520935
21.437518
21.328583
21.203538
21.076426
20.96074
20.870262
20.816653
21.260645
21.2135
21.1308
21.022755
20.898698
20.772571
20.657824
20.568216
20.515176
27.1067
27.106406
27.101555
27.086888
27.058845
27.018545
26.972375
26.930164
26.902789
27.104554
27.096119
27.077758
27.045973
26.999703
26.942521
26.882337
26.830145
26.797476
27.010249
26.990231
26.952912
26.898066
26.828409
26.750683
26.674645
26.61228
26.574271
26.803298
26.776645
26.729301
26.664117
26.586231
26.503643
26.426105
26.364169
26.32687
26.58823
26.560909
26.513053
26.448248
26.371682
26.290902
26.215361
26.154844
26.1182
26.359324
26.329182
26.276031
26.204082
26.118945
26.029162
25.945418
25.878677
25.838442
26.079546
26.047302
25.990804
25.914593
25.825144
25.731661
25.644796
25.575877
25.534475
25.833026
25.799409
25.74035
25.661059
25.568149
25.471188
25.380973
25.309393
25.266644
25.669993
25.635086
25.57378
25.491521
25.395344
25.2953
25.2025
25.129095
25.085282
25.583899
25.548786
25.487382
25.404821
25.308397
25.208391
25.115822
25.042781
24.999038
25.402662
25.367074
25.304594
25.220949
25.123174
25.021736
24.927799
24.853472
24.808937
25.072059
25.035478
24.970746
24.884771
24.784498
24.680703
24.584917
24.509003
24.463595
24.595968
24.55826
24.491569
24.403104
24.300094
24.193949
24.096462
24.019597
23.973697
24.003124
23.964709
23.896395
23.80617
23.701502
23.594058
23.495448
23.417659
23.371294
23.352206
23.313355
23.244315
23.153374
23.047955
22.939999
22.84121
22.763475
22.717178
22.726435
22.687695
22.618788
22.528057
22.42292
22.315494
22.21726
22.139948
22.093953
22.218296
22.179643
22.110809
22.020437
21.916039
21.809515
21.712115
21.635473
21.589925
21.907287
21.868657
21.800082
21.710007
21.605977
21.499967
21.403215
21.327292
21.282165
26.026719
26.002254
25.958875
25.899814
25.82993
25.756531
25.687703
25.632977
25.600103
25.856942
25.831909
25.787188
25.726617
25.654839
25.579509
25.509042
25.452877
25.419089
25.543096
25.516932
25.469862
25.40673
25.332136
25.254124
25.181493
25.123495
25.088714
25.085432
25.057874
25.008307
24.941993
24.863981
24.783005
24.708143
24.648726
24.613099
24.506009
24.47764
24.426268
24.357876
24.277668
24.194672
24.117949
24.056969
24.020482
23.862647
23.833511
23.780883
23.711133
23.629558
23.545466
23.467982
23.406527
23.369733
23.240177
23.210854
23.157747
23.087247
23.004808
22.920154
22.84235
22.780721
22.743901
22.730374
22.701304
22.648454
22.578375
22.496357
22.41192
22.334151
22.272494
22.235695
22.415962
22.387013
22.334615
22.265114
22.183731
22.099872
22.022574
21.961357
21.924732
22.530806
22.549151
22.579057
22.61577
22.654594
22.691664
22.724203
22.748355
22.761585
22.183529
22.202305
22.231999
22.268321
22.307229
22.344546
22.376721
22.400267
22.413261
21.578213
21.597504
21.628048
21.665672
21.704999
21.74176
21.773513
21.796783
21.809694
20.765908
20.78597
20.817398
20.855367
20.895016
20.931974
20.963233
20.985928
20.998617
19.8265
19.847193
19.879893
19.919559
19.96042
19.997702
20.028721
20.050848
20.062941
18.866278
18.887505
18.921077
18.961833
19.004029
19.042536
19.074251
19.096612
19.108636
18.001404
18.02267
18.056349
18.097185
18.139788
18.179
18.211291
18.234
18.246056
17.33209
17.353313
17.387344
17.428622
17.47149
17.510698
17.542741
17.565229
17.577197
16.934619
16.955783
16.989807
17.031091
17.07411
17.113469
17.145381
17.167667
17.179591
16.743447
16.764415
16.79817
16.839374
16.88234
16.92168
16.953691
16.975975
16.987816
16.347445
16.368138
16.401537
16.44233
16.484833
16.523915
16.555894
16.578169
16.590009
15.682486
15.702837
15.735755
15.775759
15.817406
15.855641
15.886727
15.90844
15.920121
14.826478
14.846043
14.877784
14.91646
14.95675
14.993621
15.023484
15.044367
15.055647
13.88092
13.899377
13.929293
13.965685
14.003627
14.03845
14.066705
14.086529
14.097323
12.954769
12.971913
12.999676
13.033485
13.068671
13.100961
13.127215
13.14563
13.155704
12.148678
12.164477
12.190029
12.221176
12.253627
12.283481
12.307825
12.324893
12.334227
11.542257
11.556952
11.580692
11.609583
11.639729
11.667535
11.690226
11.706158
11.714898
11.18867
11.202694
11.225358
11.252966
11.281754
11.308275
11.329906
11.345087
11.353423
11.019918
11.03363
11.055783
11.082765
11.110889
11.136789
11.157917
11.172745
11.180887
10.67375
10.686766
10.707796
10.733463
10.760226
10.784848
10.804925
10.819006
10.826733
10.102325
10.114165
10.13331
10.156699
10.181074
10.20349
10.221783
10.234609
10.241637
9.3833775
9.393765
9.4105721
9.4310822
9.4523917
9.4719139
9.4878084
9.498934
9.5050029
8.6095847
8.6184014
8.6326334
8.6499651
8.667935
8.6843323
8.697603
8.7068207
8.7117976
7.8714941
7.8788093
7.8905954
7.9048765
7.9196091
7.932983
7.9437091
7.9510681
7.9550031
7.244313
7.2503451
7.2600527
7.2717726
7.2837862
7.2945808
7.3031134
7.308874
7.3119165
6.7815183
6.7866143
6.7947946
6.8046207
6.8146193
6.8235179
6.8304531
6.8350523
6.8374532
6.5152375
6.5198082
6.5271368
6.5358889
6.5447208
6.55252
6.5585396
6.5624803
6.5645228
6.389051
6.3933715
6.4002971
6.4085524
6.4168476
6.4241287
6.4297122
6.4333421
6.4352106
6.1320187
6.1358303
6.1419208
6.1491499
6.1563681
6.1626251
6.1673401
6.1703478
6.1718635
5.712931
5.7159397
5.7207061
5.7262836
5.7317482
5.7363617
5.7397156
5.7417539
5.7427205
5.1948435
5.196894
5.200086
5.2037112
5.2070989
5.2097588
5.2114916
5.212371
5.2126887
4.6482209
4.6493137
4.6509241
4.6525947
4.6539253
4.6546629
4.6548017
4.654547
4.6542341
4.1367964
4.137055
4.1373066
4.1372998
4.1368537
4.1359329
4.1347092
4.1334934
4.1326503
3.7091627
3.7087834
3.7080011
3.706728
3.7049477
3.7027805
3.7005287
3.6985832
3.6973347
3.3971348
3.3963358
3.3948682
3.3927509
3.3900854
3.3870998
3.3841761
3.3817552
3.3802443
3.2187423
3.21772
3.2158922
3.2133274
3.2101895
3.2067716
3.2034944
3.2008224
3.1991762
22.62199
22.602912
22.567269
22.519109
22.46156
22.401658
22.345948
22.301302
22.274316
22.2924
22.273729
22.238523
22.191159
22.134452
22.075124
22.019756
21.975153
21.948157
21.720077
21.701676
21.666793
21.620199
21.564799
21.506927
21.452841
21.409125
21.382623
20.949564
20.931813
20.89806
20.852436
20.797956
20.741184
20.688286
20.645644
20.619843
20.048995
20.032679
20.001212
19.958498
19.906998
19.852624
19.801556
19.760176
19.735055
19.116808
19.101829
19.072865
19.033351
18.985531
18.934794
18.886931
18.847968
18.824186
18.267198
18.253448
18.226648
18.189736
18.144819
18.096974
18.05182
18.015069
17.992612
17.604254
17.591518
17.566493
17.531868
17.489466
17.443865
17.400651
17.36543
17.343851
17.208225
17.196068
17.172161
17.138876
17.097977
17.053875
17.01201
16.977839
16.956848
17.016754
17.004932
16.981568
16.948903
16.908699
16.865321
16.824126
16.790462
16.769759
16.61879
16.607608
16.585393
16.554181
16.515523
16.473589
16.433737
16.40114
16.381065
15.94706
15.936758
15.916283
15.887407
15.851461
15.812199
15.774771
15.744066
15.725087
15.07688
15.067642
15.049169
15.022854
14.989956
14.953913
14.919573
14.891358
14.87384
14.108131
14.09992
14.083552
14.06006
14.030493
13.997883
13.966772
13.941147
13.925162
13.153407
13.145765
13.130805
13.109458
13.08282
13.053611
13.025819
13.002831
12.988393
12.319819
12.31229
12.29791
12.277661
12.252757
12.225856
12.200608
12.179802
12.166688
11.691631
11.684071
11.669937
11.650221
11.626215
11.600595
11.576814
11.557318
11.545046
11.325126
11.317518
11.303446
11.28393
11.260361
11.235409
11.21238
11.193558
11.181723
17.120503
17.118757
17.112989
17.102956
17.088084
17.069578
17.050274
17.033129
17.0219
16.717037
16.715411
16.710002
16.700489
16.686321
16.668724
16.650488
16.634299
16.623658
16.038047
16.036438
16.03142
16.022578
16.009387
15.993069
15.976286
15.961387
15.951562
15.161662
15.159677
15.154401
15.145615
15.133111
15.118171
15.103154
15.089822
15.080951
14.191801
14.189031
14.182849
14.173219
14.160323
14.145762
14.131826
14.119772
14.111795
13.239991
13.2366
13.229548
13.21896
13.205271
13.190222
13.176222
13.164494
13.156892
12.409164
12.405397
12.397822
12.386727
12.372675
12.35721
12.342789
12.330922
12.323326
11.782456
11.778524
11.770763
11.759478
11.745289
11.729632
11.71493
11.702874
11.6952
11.416439
11.412486
11.404709
11.393415
11.379211
11.363491
11.348666
11.336485
11.32874
11.150213
11.142568
11.128494
11.109049
11.085659
11.06097
11.038262
11.019759
11.008128
10.791213
10.783501
10.769447
10.750141
10.727072
10.702872
10.68074
10.662805
10.651554
10.19842
10.190655
10.176633
10.15749
10.134816
10.111205
10.089785
10.072607
10.061897
9.4520486
9.4444162
9.4306726
9.4119886
9.389949
9.3669788
9.3461606
9.3296136
9.3193663
8.6476448
8.6402921
8.6271287
8.6093201
8.588377
8.5664527
8.5464167
8.5304595
8.5206085
7.8797292
7.8727367
7.8603059
7.8435608
7.8238956
7.8032053
7.7841749
7.7690205
7.7596895
7.2269447
7.2203446
7.2086874
7.1930201
7.174591
7.1551035
7.1371302
7.1228435
7.1140397
6.7453493
6.7390396
6.7279647
6.7131075
6.6956574
6.6772214
6.660205
6.6466597
6.6382917
6.468483
6.4623411
6.4515897
6.4371538
6.4202387
6.402433
6.3860112
6.3729359
6.3648583
6.3373536
6.3313009
6.3207172
6.306481
6.2898119
6.2723002
6.2561562
6.2433041
6.235368
6.0703703
6.0645027
6.0542625
6.0404571
6.0242954
6.0073613
5.9917703
5.9793681
5.9717191
5.6355643
5.630004
5.6203388
5.6072892
5.5920209
5.5760618
5.5613709
5.549685
5.5424915
5.0993507
5.0941574
5.0851988
5.0730984
5.0589617
5.0442429
5.0307073
5.01995
5.0133438
4.5356956
4.5308945
4.5226656
4.5115878
4.4986826
4.485276
4.4729573
4.4631955
4.4572202
4.010873
4.0064613
3.9989094
3.9887842
3.9770719
3.9649621
3.9538305
3.9450181
3.9396422
3.5743846
3.5703147
3.5633645
3.5540648
3.543341
3.5323272
3.5222416
3.5142658
3.5094202
3.257472
3.2536657
3.2471717
3.2385231
3.2285575
3.2183359
3.2090044
3.201648
3.1972032
3.0769531
3.0733042
3.0670687
3.0588036
3.0493048
3.0395558
3.0306543
3.0236541
3.0194425
6.4083539
6.4047364
6.3983233
6.3892682
6.3783041
6.3664523
6.3551859
6.3459818
6.3402105
6.1401004
6.1364981
6.1301124
6.1211429
6.1103458
6.0987315
6.0877265
6.0787573
6.0731475
5.7031835
5.699618
5.6933163
5.6845377
5.6740301
5.6627804
5.6521617
5.6435467
5.6382027
5.1641269
5.1606214
5.1544532
5.1459562
5.1358604
5.125119
5.1150191
5.1068504
5.1018255
4.5971427
4.5937307
4.5877389
4.5795715
4.5699461
4.5597855
4.5502964
4.5426624
4.5379917
4.0688003
4.0655133
4.0597688
4.0519755
4.0428391
4.0332751
4.024399
4.0172999
4.0129847
3.6289662
3.6257988
3.6203059
3.6128947
3.6042439
3.5952461
3.5869381
3.5803301
3.5763345
3.3093687
3.3062891
3.3009819
3.2938815
3.2856407
3.2771031
3.2692501
3.2630376
3.2592935
3.1272182
3.1241936
3.1189999
3.112084
3.1040928
3.0958426
3.0882707
3.0822957
3.0786976
11.256966
11.258448
11.260098
11.260737
11.259612
11.256341
11.251716
11.246929
11.243378
10.898477
10.899828
10.901313
10.901732
10.900374
10.89695
10.892286
10.887552
10.884072
10.305555
10.306684
10.307899
10.308026
10.306346
10.302672
10.297884
10.293126
10.289689
9.5584743
9.5592324
9.5598978
9.5594415
9.5572979
9.5533663
9.5484883
9.5437433
9.5403734
8.7534218
8.7537443
8.7537185
8.7524817
8.7496481
8.74527
8.7401795
8.7353664
8.7320174
7.9849721
7.9848463
7.9841164
7.9821023
7.978608
7.9737733
7.9683726
7.9633853
7.9600074
7.3320285
7.3315023
7.3301179
7.3274089
7.3233408
7.3181029
7.3124515
7.3073538
7.3039664
6.8503884
6.8495688
6.8477222
6.8445417
6.8400425
6.834464
6.8286134
6.8234383
6.8200492
6.5733752
6.5723884
6.5702995
6.5668716
6.5621508
6.5564044
6.5504458
6.5452192
6.5418245
6.4421546
6.4410928
6.4388948
6.4353441
6.4305163
6.4247001
6.4187026
6.4134618
6.4100651
6.1749438
6.1737307
6.1713119
6.1675185
6.1624785
6.1565213
6.1504495
6.1451902
6.1418015
5.7396554
5.7382118
5.7354437
5.731271
5.7258958
5.7197016
5.7135038
5.7082245
5.7048625
5.2023854
5.2006718
5.1975007
5.1929068
5.187168
5.1807214
5.1743963
5.1691054
5.1657763
4.6368632
4.6348844
4.6313307
4.6263451
4.620273
4.613635
4.6072659
4.6020206
4.5987483
4.1094026
4.1072327
4.1034031
4.0981331
4.0918221
4.0850632
4.0787009
4.073545
4.0703561
3.669873
3.6675856
3.6635928
3.6581645
3.6517547
3.6449768
3.6386457
3.6335739
3.6304725
3.3501693
3.3478174
3.3437435
3.3382512
3.3318232
3.3250928
3.3188399
3.3138568
3.3108327
3.1678012
3.1654267
3.1613267
3.1558219
3.149403
3.142719
3.1365378
3.131628
3.1286563
6.436053
6.437635
6.4399078
6.4421583
6.4437897
6.444421
6.4441729
6.4433779
6.4426013
6.1725385
6.1737897
6.1755427
6.1771737
6.178172
6.1782444
6.1775478
6.1764271
6.1754706
5.7431339
5.743862
5.7447828
5.745406
5.7453829
5.7445617
5.7431467
5.7415202
5.7402978
5.2127972
5.2129174
5.2128756
5.212332
5.2111108
5.2092043
5.2069071
5.2046878
5.2031624
4.6540482
4.6535759
4.6525911
4.6509046
4.6484996
4.6455288
4.6423842
4.6395934
4.6377725
4.1322214
4.1312564
4.1294771
4.1268263
4.1234169
4.1195514
4.1157138
4.1124656
4.1104114
3.6967206
3.6953801
3.6930013
3.6896539
3.6855404
3.6810399
3.6767119
3.6731569
3.6709485
3.3795095
3.377922
3.3751466
3.371338
3.3667786
3.361902
3.3572923
3.3535661
3.3512788
3.1983822
3.1966728
3.1936948
3.1896416
3.1848454
3.1797808
3.1750395
3.1712376
3.1689211
15.863697
15.827026
15.762052
15.677615
15.580785
15.482796
15.393934
15.324334
15.283084
15.498929
15.463106
15.399517
15.316836
15.222012
15.126094
15.039196
14.971171
14.930883
14.883344
14.849162
14.78832
14.709068
14.617958
14.525585
14.441849
14.376329
14.33752
14.084431
14.052356
13.995249
13.920824
13.835184
13.748178
13.66911
13.607099
13.5703
13.194795
13.164919
13.111658
13.042271
12.962526
12.881545
12.808035
12.750373
12.716109
12.316816
12.289183
12.239826
12.17539
12.101265
12.025912
11.957564
11.903991
11.872153
11.546995
11.521354
11.475522
11.41561
11.346628
11.276386
11.212625
11.162593
11.132818
10.964482
10.94034
10.897157
10.840657
10.775589
10.709298
10.649136
10.6019
10.573753
10.623688
10.600427
10.558812
10.504309
10.441519
10.377513
10.319422
10.273807
10.246617
5.9375732
5.9261372
5.9057103
5.8785995
5.8472215
5.8149586
5.7856252
5.7624994
5.7485686
5.6857316
5.6748841
5.65552
5.6298024
5.600044
5.5694379
5.5416233
5.5196999
5.5064915
5.2756756
5.2657629
5.2481186
5.2246581
5.1975064
5.1695682
5.1441887
5.1241764
5.1121159
4.7702163
4.761383
4.7457656
4.7250019
4.7010049
4.6763408
4.6539541
4.636277
4.6256093
4.2396161
4.2318165
4.2181726
4.2000465
4.179166
4.1578005
4.138471
4.1232124
4.1139919
3.7465627
3.7396709
3.7277504
3.711947
3.6937967
3.6752983
3.6586216
3.6454916
3.6375577
3.3373301
3.3311673
3.3206026
3.3066628
3.290718
3.2745007
3.2598892
3.2484205
3.2415069
3.0407428
3.0351043
3.0254887
3.0128511
2.9984669
2.9838588
2.9706785
2.9603722
2.9541862
2.8720012
2.866669
2.8575971
2.8456936
2.8321845
2.8184721
2.8060805
2.7964209
2.7906441
10.77473
10.75702
10.724793
10.68176
10.631377
10.579225
10.531558
10.493902
10.471264
10.427597
10.410646
10.379803
10.338556
10.290188
10.240032
10.194165
10.157907
10.136086
9.8527662
9.8369992
9.8083473
9.7699803
9.7249618
9.6782228
9.6354606
9.6016049
9.5811816
9.127334
9.1129992
9.0869898
9.0520895
9.0111042
8.9685392
8.929653
8.8988575
8.8802444
8.3442203
8.3313678
8.308166
8.2769919
8.2403327
8.2021831
8.1673196
8.139691
8.1229653
7.5961699
7.584588
7.5638504
7.5360273
7.5033993
7.4694753
7.4384681
7.413868
7.3989403
6.9609772
6.9503642
6.931496
6.9062323
6.8767299
6.8461861
6.8183596
6.7963079
6.7829079
6.4930188
6.4830647
6.4654797
6.4419947
6.4146474
6.386428
6.3608039
6.3405336
6.3282138
6.2242074
6.2146052
6.1977123
6.175209
6.1490671
6.1221497
6.0977535
6.078476
6.0667609
6.0969815
6.0875422
6.0709636
6.0489077
6.0233194
5.9970021
5.973174
5.9543591
5.9429274
5.8381004
5.8289845
5.8130295
5.7918674
5.7673884
5.7422671
5.7195705
5.7016856
5.6908228
5.4170782
5.4084829
5.3935081
5.3737333
5.350957
5.3276753
5.3067363
5.2903091
5.2803504
4.8985571
4.8906771
4.8769724
4.8589326
4.8382052
4.8170649
4.7981273
4.783342
4.7744141
4.3541798
4.3471184
4.3348092
4.3186551
4.3001785
4.2813362
4.264442
4.2512826
4.2433603
3.8480113
3.8417381
3.8307865
3.8164634
3.8001451
3.7834956
3.7685374
3.7568892
3.749892
3.4274806
3.4218775
3.4121534
3.3994721
3.3850042
3.3702189
3.356916
3.3465356
3.3403087
3.1224208
3.1173083
3.1085289
3.0970549
3.0839678
3.0706054
3.0585407
3.0491147
3.0434649
2.9487991
2.9439708
2.9357399
2.9249313
2.9126244
2.9000905
2.8887406
2.8798784
2.8745729
6.2315329
6.2234915
6.2094156
6.1906945
6.1690315
6.146703
6.1266359
6.1109995
6.1014911
5.9680175
5.9602482
5.9466651
5.9286236
5.9077556
5.8861995
5.8667829
5.8516592
5.8424662
5.5390028
5.5316715
5.5188984
5.5019943
5.4824883
5.4623119
5.4440803
5.4298593
5.4212026
5.0101284
5.0033661
4.9916475
4.9761845
4.9583535
4.9399167
4.9232582
4.9102616
4.9023388
4.4543065
4.4482005
4.4376805
4.4238122
4.4078195
4.3912875
4.376333
4.3646686
4.3575659
3.9370234
3.9315615
3.9221844
3.9098139
3.8955829
3.8809326
3.8676623
3.8572942
3.851005
3.5070656
3.5021639
3.4937669
3.4826693
3.4699165
3.4568437
3.4450031
3.4357413
3.4301476
3.1950485
3.1905631
3.1828921
3.1727535
3.1611236
3.149219
3.1384138
3.1299555
3.1248665
3.0174006
3.0131469
3.0058844
2.9962944
2.9853206
2.974103
2.9639036
2.9559144
2.9511208
