FiniteElementSpace
FiniteElementCollection: L2_2D_P8
VDim: 1
Ordering: 0

3.8995374e-05
3.8945893e-05
4.0343636e-05
4.2361192e-05
4.4779769e-05
4.7420234e-05
4.9722489e-05
5.1637587e-05
5.2809385e-05
0.0010204417
0.0010375179
0.0010765763
0.0011297985
0.0011937511
0.0012623382
0.001324148
0.0013745599
0.0014053668
0.0056430091
0.0057637006
0.0059804825
0.0062736802
0.0066295469
0.0070078106
0.0073534652
0.0076318246
0.0078025823
0.017210579
0.017566511
0.018221074
0.019111692
0.020196915
0.021352878
0.022407462
0.023254753
0.023773378
0.037501046
0.038284735
0.039717287
0.041658716
0.044022754
0.04654352
0.048844787
0.050689494
0.051816768
0.065360095
0.066702862
0.069194744
0.072579716
0.076700991
0.081100168
0.08511398
0.088325631
0.090282712
0.096287254
0.098288582
0.10195742
0.10694191
0.11301705
0.11950378
0.12542693
0.1301555
0.13302911
0.12386963
0.12644455
0.13115718
0.13757956
0.14540109
0.15374955
0.16138352
0.16746123
0.17115076
0.14174294
0.14468041
0.15006153
0.15741077
0.1663625
0.17591816
0.18466143
0.19161278
0.19582941
5.0827045e-05
4.9256604e-05
4.6674482e-05
4.5160078e-05
4.4177e-05
4.3055141e-05
4.2232714e-05
4.1556649e-05
4.1166985e-05
0.0013458141
0.0013113086
0.001243622
0.0011950997
0.0011646162
0.0011338556
0.0011118046
0.0010953287
0.0010855322
0.0074623287
0.0073067277
0.006946324
0.0066474948
0.0064707941
0.0063138637
0.0061882007
0.0061004093
0.0060472369
0.022713979
0.022319024
0.021333975
0.020365613
0.019765119
0.019319712
0.018940086
0.018682576
0.018530967
0.04958663
0.048755346
0.046849967
0.04478165
0.043351429
0.042392751
0.041612221
0.041066664
0.040755122
0.086690426
0.085150478
0.082122579
0.078732973
0.076132377
0.074428223
0.073158753
0.072239043
0.071716491
0.12825368
0.12578548
0.12155004
0.11688587
0.11305653
0.11048361
0.10868408
0.10737352
0.10662491
0.16558517
0.16218747
0.15687785
0.15118019
0.14632652
0.14296278
0.14067936
0.13903339
0.13809133
0.18988815
0.18583108
0.17982543
0.17351069
0.1680354
0.16416368
0.16155151
0.15968456
0.158614
1.3764354
1.4074204
1.4620371
1.5370701
1.6258357
1.7182083
1.8025913
1.8682889
1.9073782
1.3950193
1.4265229
1.4820256
1.5581818
1.6481472
1.7416112
1.8268216
1.8930424
1.932386
1.4241232
1.4564699
1.513377
1.5913121
1.6831443
1.778257
1.8646691
1.9315935
1.9712486
1.457664
1.4910356
1.549629
1.6296476
1.7235996
1.8204808
1.9080577
1.9755498
2.0153809
1.4894388
1.5238485
1.5841311
1.6661708
1.762061
1.860416
1.9487847
2.0164785
2.0562387
1.5149557
1.550294
1.6120516
1.6957967
1.793198
1.8925184
1.9811735
2.0486373
2.0880566
1.5325109
1.5685808
1.6314896
1.7165004
1.8149027
1.9146638
2.0031285
2.0699981
2.1088516
1.5427663
1.5793419
1.6430233
1.7288252
1.8277494
1.9275566
2.0155511
2.081677
2.1199052
1.5475139
1.5843678
1.6484563
1.7346392
1.8337616
1.9334562
2.0210296
2.0865924
2.124366
2.5471643
2.5095515
2.4464663
2.3699845
2.3065576
2.2657235
2.2449939
2.2331163
2.2259687
2.5807917
2.5449937
2.4891716
2.4217064
2.3590619
2.318557
2.2977593
2.2869897
2.279707
2.6151593
2.5955244
2.5518508
2.4962335
2.4425072
2.402821
2.3818123
2.3709648
2.3646072
2.6186734
2.6206415
2.6070879
2.571712
2.5309199
2.4993098
2.4798199
2.4688149
2.4625717
2.5763007
2.6000552
2.6161117
2.6153936
2.5972537
2.5775388
2.5630111
2.5546653
2.5497485
2.4404452
2.5051618
2.5662208
2.5995511
2.6126084
2.6113175
2.6071104
2.6022978
2.5997567
2.2566156
2.3321398
2.4369666
2.5227653
2.564947
2.5846447
2.5917656
2.5959852
2.5967771
2.0951505
2.1817299
2.2825542
2.3909373
2.4738273
2.5118231
2.5328587
2.540666
2.5466235
1.9699647
2.0712197
2.1938492
2.2892951
2.3816715
2.4354167
2.4658182
2.4857647
2.4939843
0.9187142
0.9455452
0.98836978
1.0380411
1.0830528
1.1147598
1.1322828
1.1399772
1.1422848
0.89509802
0.92132164
0.96303202
1.0110453
1.0540168
1.0841241
1.1008968
1.1081603
1.1102332
0.85470013
0.8798677
0.91967473
0.96505649
1.0051612
1.032921
1.0481955
1.0547234
1.0565535
0.80224917
0.82604486
0.86346265
0.90561527
0.94203288
0.96664964
0.98030512
0.9862831
0.98790459
0.74387005
0.76609281
0.8007546
0.83910309
0.87142957
0.89315085
0.90558946
0.91104111
0.91241247
0.68587074
0.70650498
0.73839905
0.77304478
0.80174268
0.82112932
0.83256463
0.83752705
0.83865705
0.63490889
0.65413317
0.68357847
0.71499973
0.7407069
0.75837235
0.76910054
0.7736305
0.77453841
0.59624862
0.61438963
0.64193228
0.67091155
0.69456638
0.71118992
0.72139052
0.72554709
0.72628582
0.57353501
0.59103805
0.61746655
0.6450869
0.6676588
0.68369522
0.69355488
0.69750287
0.69814943
1.4275677
1.4385146
1.4493149
1.4549782
1.4545211
1.4501585
1.4443609
1.4386723
1.4348458
1.3997934
1.4121605
1.4247425
1.432029
1.4326126
1.4281723
1.4219313
1.4159947
1.4120554
1.3499778
1.3642113
1.3796432
1.3894629
1.392325
1.3897704
1.3844584
1.3790872
1.3754514
1.2814668
1.2973802
1.3154741
1.3283954
1.3335138
1.3325712
1.3286591
1.3241184
1.3209219
1.2001214
1.2176655
1.2381996
1.2539007
1.2616599
1.2625742
1.2598731
1.2562483
1.2535529
1.1162753
1.1345208
1.156289
1.1739134
1.1836585
1.1861509
1.1846456
1.1818285
1.1795914
1.0404134
1.0588997
1.0811022
1.0996472
1.1107942
1.1144721
1.1138052
1.1116396
1.1097874
0.98165516
1.0000583
1.0222217
1.0408711
1.0526366
1.05715
1.0570471
1.0553089
1.0537343
0.94690484
0.96507265
0.98717825
1.0059989
1.0178938
1.0226853
1.0229595
1.0214409
1.0199948
7.0056822e-05
7.1006742e-05
7.2305395e-05
7.3867741e-05
7.548073e-05
7.651521e-05
7.6806632e-05
7.6617715e-05
7.6315461e-05
0.0018608664
0.0018846687
0.0019229209
0.0019645537
0.0020061391
0.0020342946
0.002041939
0.0020378885
0.0020290065
0.010332193
0.010463731
0.010682452
0.010913635
0.011144633
0.011301486
0.011345031
0.011325762
0.011273431
0.031496747
0.031903021
0.032564774
0.03327625
0.03398978
0.034469034
0.034611335
0.034559412
0.034407357
0.068710315
0.069599345
0.071051321
0.072638768
0.074207796
0.075267728
0.075606572
0.075515283
0.075227661
0.11985541
0.1214218
0.12397141
0.12681975
0.12958213
0.13145994
0.13212208
0.13202564
0.13162723
0.17682459
0.17917375
0.18295611
0.18727208
0.1914005
0.19422763
0.1953211
0.19528164
0.1948378
0.22774595
0.23081542
0.23571797
0.24138655
0.24677419
0.25050146
0.25203568
0.25210517
0.251679
0.26075311
0.26429618
0.26993077
0.27648795
0.28271105
0.28704682
0.2888932
0.28906646
0.28867427
0.99419197
1.0091601
1.0333105
1.062507
1.0913911
1.1147711
1.1301342
1.138536
1.1418843
1.0510408
1.0669505
1.0926564
1.1237647
1.1546563
1.1798663
1.196759
1.2062616
1.2101402
1.1480304
1.165516
1.1938391
1.2282134
1.2625958
1.2910543
1.3107189
1.3222269
1.3270948
1.2754871
1.2950609
1.3268389
1.3655883
1.4047435
1.4376969
1.4612004
1.4755244
1.4819075
1.4192861
1.4411605
1.4767173
1.5202792
1.5647703
1.6028834
1.6309206
1.6486433
1.6569304
1.5618854
1.5859234
1.6250583
1.6732221
1.722816
1.7660647
1.7987424
1.8199714
1.8304124
1.6865089
1.7123434
1.7544447
1.8064918
1.8603167
1.9078628
1.9444733
1.9686747
1.9810988
1.780121
1.8072085
1.8513599
1.9060521
1.9626826
2.0129659
2.0521144
2.0783398
2.0920473
1.8343705
1.862117
1.9073392
1.9633613
2.0213591
2.0729391
2.1133197
2.1406338
2.1550316
0.53384155
0.54507296
0.56507312
0.59314767
0.62713391
0.66311003
0.69651834
0.72293635
0.73885438
0.56401144
0.57587861
0.5970475
0.6267118
0.66262256
0.70064594
0.73593364
0.76386656
0.78069695
0.6154965
0.62846661
0.65163647
0.68404468
0.7232539
0.76477805
0.80329392
0.83382109
0.85222079
0.68330966
0.69774593
0.72354678
0.75959124
0.80314351
0.84926718
0.89204026
0.92594847
0.94641018
0.75989575
0.77601778
0.80481748
0.84499865
0.89344654
0.94476337
0.99237087
1.0300809
1.0528771
0.83637355
0.85420296
0.88601923
0.93036598
0.98373716
1.0402465
1.0926993
1.134225
1.159342
0.90390333
0.92325651
0.95776438
1.0057993
1.0635316
1.1246076
1.1812986
1.2261779
1.2533041
0.95506239
0.97559361
1.0121527
1.0629987
1.1240411
1.1885661
1.2484494
1.2958465
1.3244688
0.98495836
1.0061809
1.0439519
1.0964446
1.1594296
1.2259768
1.2877271
1.3365933
1.3660844
3.6185555e-05
3.5913082e-05
3.5446902e-05
3.4886046e-05
3.4260671e-05
3.3649031e-05
3.3133164e-05
3.2729848e-05
3.2514782e-05
0.00096468003
0.00095826214
0.0009473954
0.00093356337
0.00091857487
0.00090372618
0.0008904977
0.00088058861
0.00087521551
0.005373009
0.0053380116
0.0052784844
0.0052014154
0.0051174586
0.0050337637
0.0049596364
0.0049052179
0.0048748748
0.016500168
0.016396676
0.016218217
0.015987077
0.01573354
0.015477796
0.015252239
0.015089121
0.014998393
0.036415143
0.036191656
0.035809333
0.035314839
0.034767737
0.034212745
0.033726668
0.03337923
0.033186401
0.06437683
0.0639858
0.063330736
0.062493124
0.061551086
0.060594659
0.059766931
0.059167379
0.058829481
0.096111485
0.095539605
0.094585742
0.093359701
0.091989683
0.090613227
0.089415203
0.088535485
0.088036641
0.12488598
0.12415308
0.12293233
0.12135522
0.1196065
0.11786656
0.1163472
0.11522184
0.11457813
0.14369396
0.14285362
0.14145545
0.13965379
0.1376588
0.13568163
0.13395964
0.1326767
0.13193752
0.59214536
0.58885513
0.58337934
0.57622883
0.56837195
0.56047964
0.55343102
0.5480577
0.54480091
0.63005449
0.62651152
0.62063588
0.61301847
0.60467604
0.59630811
0.58884184
0.58311954
0.57963074
0.69627302
0.69234738
0.68581229
0.67732785
0.6680925
0.65884444
0.65057369
0.64424187
0.64035928
0.78643336
0.78201001
0.77461508
0.7649388
0.75443932
0.74398233
0.73460167
0.72738194
0.72295322
0.89334678
0.88834337
0.8799453
0.86888303
0.85677247
0.8447391
0.83398809
0.82565179
0.820514
1.0060282
1.0004437
0.99104333
0.97859984
0.9649278
0.95131571
0.93910547
0.92952972
0.9235435
1.1112256
1.1050946
1.0947723
1.0810828
1.0658745
1.0507226
1.0372467
1.0266137
1.0199108
1.1947942
1.1883037
1.1773864
1.1628635
1.1466781
1.1303422
1.1156997
1.1041771
1.0968275
1.2457311
1.2389063
1.2274525
1.2121605
1.1952612
1.1784589
1.1634441
1.1515018
1.1438746
0.76952306
0.74263881
0.71402009
0.69171484
0.67600538
0.66378991
0.65442193
0.64805136
0.64422271
0.81913029
0.79004238
0.75909218
0.73478993
0.71801483
0.70534615
0.69556375
0.68892629
0.68492105
0.90644831
0.87316217
0.83760875
0.80989421
0.79128958
0.77786395
0.76737794
0.76025533
0.75595197
1.0257399
0.98708056
0.94508287
0.91208761
0.89073606
0.87631123
0.8650284
0.85731701
0.85268941
1.1672993
1.1221764
1.0726011
1.033309
1.0081348
0.99240413
0.98037002
0.97199248
0.96692642
1.316612
1.2652582
1.2073096
1.160699
1.1311895
1.1141219
1.1017375
1.0926935
1.0871722
1.4551722
1.3984007
1.3334949
1.2800547
1.2456696
1.2269272
1.214239
1.2047019
1.1987888
1.56565
1.5046623
1.4335683
1.3750236
1.3372112
1.3169353
1.3040998
1.2941805
1.287957
1.6315121
1.5693187
1.4949434
1.4323285
1.3919231
1.370745
1.3580232
1.3481078
1.3418652
2.4534589
2.4796485
2.5202374
2.5656703
2.6054216
2.6320258
2.6438666
2.6447432
2.6416913
2.4734637
2.4985697
2.5370335
2.5789928
2.6140411
2.6347664
2.6395251
2.6338246
2.6268558
2.5009975
2.5240153
2.5584123
2.593858
2.6192061
2.6275591
2.6201968
2.6048432
2.5914317
2.5253028
2.5449453
2.5726097
2.5971601
2.6082399
2.600535
2.5746281
2.5400071
2.5136058
2.5360277
2.5509286
2.5696897
2.5814138
2.5751947
2.5428827
2.4884732
2.4322423
2.3948889
2.529887
2.5397835
2.5492352
2.5460609
2.5161532
2.4554535
2.3788355
2.3078352
2.2604711
2.5116422
2.5164546
2.5157865
2.4952096
2.4432221
2.3643218
2.2722102
2.1836453
2.1237981
2.4888869
2.4889184
2.4789116
2.4446263
2.3803575
2.2902489
2.1810767
2.0770016
2.0113381
2.4713518
2.4683107
2.4527243
2.4117374
2.3419012
2.2434406
2.122433
2.0124423
1.9467966
1.9787208
1.9463063
1.8819495
1.7825178
1.6558054
1.5165063
1.4299875
1.4363286
1.4748592
1.939418
1.9078607
1.8435769
1.7431484
1.6169335
1.4844933
1.4119688
1.4321309
1.4764245
1.8768706
1.8460097
1.7789674
1.6773627
1.5559103
1.4334962
1.3870131
1.4261053
1.4788868
1.7993338
1.7648014
1.693411
1.5980861
1.481633
1.3762358
1.3610628
1.4191878
1.4826469
1.7083366
1.6707888
1.6033198
1.5145144
1.4053647
1.3260045
1.3367012
1.410886
1.4831189
1.617507
1.5816657
1.5190989
1.435108
1.337629
1.2814327
1.3135017
1.3981758
1.4743624
1.5403388
1.5059789
1.446498
1.3684784
1.2835117
1.2463706
1.2914267
1.3815135
1.4584425
1.48191
1.448742
1.3928387
1.3198948
1.244714
1.2199179
1.2727226
1.3651133
1.4406368
1.4477869
1.4157367
1.3619183
1.2920439
1.222688
1.2047131
1.2609975
1.3537351
1.4279807
1.4957402
1.534046
1.5990683
1.6831827
1.7749881
1.8611224
1.9305567
1.9779134
2.0030371
1.4845755
1.5227754
1.5874639
1.6709032
1.7615679
1.8461841
1.9140293
1.9600376
1.984379
1.4637167
1.5016771
1.5657444
1.6480018
1.736778
1.8190088
1.8843773
1.9283215
1.9514735
1.4335022
1.4710626
1.5342539
1.6149691
1.7014662
1.7809455
1.8434111
1.884722
1.9060512
1.396818
1.4338524
1.4960093
1.5749887
1.6589657
1.7350969
1.7934844
1.8306943
1.8490969
1.357754
1.3941792
1.4550985
1.5319427
1.612637
1.6841924
1.737257
1.7696878
1.7850259
1.3200118
1.3557773
1.415285
1.4896907
1.5667107
1.6335614
1.6817328
1.7100488
1.7227999
1.2885441
1.3237051
1.3819593
1.4542791
1.5283207
1.5915801
1.6360701
1.6612845
1.6721708
1.2689233
1.3036955
1.3611675
1.4322187
1.5044921
1.5655989
1.6078838
1.6314054
1.6414694
2.1113204
2.1020058
2.0855779
2.0609577
2.0318614
2.0015107
1.9694996
1.9385061
1.9169906
2.1654269
2.1552713
2.1382003
2.1153719
2.0857843
2.0499247
2.0125135
1.9767574
1.9520102
2.2556817
2.2452993
2.2266346
2.2009262
2.1671706
2.1256439
2.0825746
2.0409599
2.0111644
2.3605437
2.3507001
2.3314849
2.3022096
2.2649063
2.2162302
2.1559941
2.0973334
2.0595828
2.4601415
2.4496821
2.4302313
2.3990744
2.3499994
2.2825353
2.2119286
2.1591459
2.1324745
2.5354242
2.5247538
2.5024102
2.4634878
2.4093629
2.3581038
2.3271137
2.3159483
2.3143142
2.5690292
2.5608595
2.5431111
2.5169355
2.4931928
2.4831233
2.4856203
2.4917569
2.4953125
2.5803464
2.5766051
2.5694337
2.5620854
2.559087
2.5592555
2.5596642
2.5595881
2.558965
2.5790144
2.5786258
2.576534
2.5738989
2.5712181
2.5684241
2.5660489
2.5640045
2.5628377
1.9399191
1.9421801
1.9546471
1.9715724
1.9913186
2.0145023
2.0388446
2.0580059
2.0716339
1.9663377
1.9619117
1.9674288
1.9892133
2.015263
2.0416574
2.0720618
2.1020653
2.1212547
2.0144709
2.0275398
2.0450713
2.0744574
2.1172206
2.1680235
2.2173451
2.2532
2.2734901
2.1833716
2.201959
2.2358653
2.2811227
2.3269179
2.3621717
2.3834014
2.3939734
2.3974181
2.3718893
2.3776814
2.3815171
2.3763641
2.3587815
2.3310265
2.2980431
2.2672123
2.2475267
2.2443653
2.2251002
2.1901168
2.144326
2.0900722
2.0296406
1.9766115
1.9365515
1.9140812
1.9651829
1.9476466
1.9087503
1.8600562
1.7999263
1.7543399
1.7371353
1.7108297
1.6996592
1.8633641
1.8285799
1.7657517
1.730618
1.691979
1.6688635
1.6415979
1.6236586
1.6113506
1.7653247
1.7410861
1.7127564
1.6899999
1.6630388
1.6279105
1.5936338
1.5735992
1.5586828
2.1460794
2.1533064
2.1683363
2.1752794
2.1594128
2.1329614
2.0785543
2.054958
2.0456907
2.1168079
2.1264465
2.1450665
2.1447499
2.129853
2.1074948
2.07656
2.0607644
2.0480899
2.091019
2.0985457
2.105315
2.1028435
2.0880942
2.0714209
2.0548478
2.042276
2.0344563
2.0804425
2.0697595
2.0642596
2.0575585
2.0499624
2.0387144
2.0310355
2.0261423
2.0253687
2.2054533
2.1734006
2.1390975
2.1107192
2.1031067
2.1076137
2.1216117
2.1393507
2.1511308
2.3338161
2.3257078
2.3081419
2.2938422
2.2919231
2.3028991
2.3190585
2.3331663
2.3417003
2.2585847
2.2867785
2.3131304
2.3271021
2.3328032
2.3325497
2.3261185
2.3162907
2.3075043
2.1058581
2.1350664
2.1647941
2.1850012
2.1963334
2.1968177
2.1826409
2.1642916
2.1502349
2.0018064
2.0292266
2.0520947
2.0682429
2.0842448
2.0861125
2.0693363
2.0479444
2.0321083
0.97347679
0.95834081
0.93529277
0.91283221
0.90726245
0.93552792
0.99393415
1.0578966
1.101791
0.94610481
0.93191399
0.91051827
0.89031114
0.88685513
0.91565898
0.97265153
1.0342958
1.0763586
0.90064318
0.88797746
0.86921915
0.85251775
0.85218836
0.88155499
0.93606652
0.99390384
1.0330233
0.84281544
0.83199532
0.81638682
0.80370175
0.80668663
0.83623961
0.88741659
0.94051468
0.9760777
0.77953321
0.77059638
0.75813993
0.74927774
0.75510734
0.78428003
0.83165737
0.87972888
0.91161501
0.71789506
0.71064052
0.70093979
0.69523818
0.70312952
0.73143888
0.77501668
0.81837139
0.84687856
0.66433851
0.65841591
0.65085099
0.6474628
0.65663603
0.68385931
0.72408169
0.76349074
0.78923843
0.62401924
0.61901587
0.6128998
0.61100154
0.62085628
0.64707951
0.68475655
0.72129363
0.74507005
0.60048602
0.59598545
0.59065186
0.58952808
0.59967555
0.62524932
0.66143833
0.69633821
0.71900318
0.27769589
0.27744998
0.27832642
0.28180261
0.28980874
0.30303365
0.31916253
0.33377133
0.34304589
0.26039893
0.26024148
0.26122136
0.26467295
0.27231439
0.28475324
0.29984295
0.31347021
0.32211243
0.23232099
0.23227864
0.23337995
0.23673843
0.24374728
0.25489797
0.26830999
0.28036076
0.28799266
0.19794306
0.19799615
0.19916669
0.20232177
0.20849355
0.2180494
0.22942066
0.23957113
0.2459932
0.16231165
0.16241538
0.16356261
0.16640388
0.1716436
0.17952556
0.18879444
0.19701603
0.20221285
0.12991501
0.13002709
0.13106657
0.13353361
0.13787315
0.1442113
0.15157891
0.15808606
0.16219176
0.10386724
0.1039635
0.1048577
0.10696267
0.11053969
0.11562015
0.1214682
0.12662313
0.12986847
0.08568743
0.085763089
0.086527824
0.088346201
0.091366349
0.095561188
0.10035638
0.10458096
0.1072369
0.075688805
0.075750879
0.076435985
0.078084007
0.080787661
0.084493113
0.08871294
0.092430589
0.094767178
0.26053409
0.26864057
0.27981808
0.29177123
0.30320974
0.31192382
0.31613041
0.31726553
0.3171003
0.24385609
0.25145353
0.26189265
0.27319575
0.28409856
0.29229979
0.29618797
0.29720824
0.29703387
0.21685926
0.22363108
0.23290503
0.24316404
0.25316251
0.2605003
0.2638884
0.26472996
0.2645483
0.18395639
0.1897145
0.19761326
0.20659885
0.21542141
0.22165754
0.2244643
0.22510123
0.22492147
0.15006149
0.1547733
0.16129365
0.16893297
0.17644005
0.18150073
0.18374328
0.18418925
0.1840192
0.1194688
0.12323491
0.12852017
0.13487699
0.14109371
0.14507628
0.14683911
0.14713586
0.14697682
0.095044534
0.098064707
0.10235494
0.10761528
0.11272407
0.11584911
0.11724615
0.11744494
0.1172946
0.078112702
0.080609815
0.084198725
0.088645877
0.092943687
0.095482118
0.096632393
0.096776731
0.096632077
0.068844046
0.071055739
0.07425151
0.078232706
0.082070586
0.084292451
0.085309288
0.085428923
0.085288372
1.3477465
1.3412662
1.3302966
1.3157966
1.2994353
1.2834371
1.2693833
1.2582096
1.2514932
1.3299201
1.3236755
1.3131331
1.2992641
1.2834703
1.2672486
1.2523842
1.2408165
1.2338959
1.2966314
1.2906104
1.280218
1.2664999
1.2508339
1.2349442
1.2206669
1.2095214
1.202855
1.2477038
1.2419931
1.2322295
1.2192997
1.2045497
1.1894739
1.1757439
1.1650005
1.1585431
1.1868764
1.18155
1.1724028
1.1602874
1.1464117
1.1322643
1.1194492
1.1093819
1.1033163
1.119924
1.115082
1.1067289
1.0956223
1.0829081
1.0698737
1.0579669
1.048588
1.0429168
1.0563049
1.0518339
1.044177
1.033972
1.0222376
1.010203
0.99921274
0.99053253
0.98527669
1.0050582
1.0009682
0.9938645
0.98439405
0.97351425
0.96229901
0.95199941
0.94384666
0.93890652
0.97400724
0.97010627
0.96335697
0.95429715
0.94385542
0.9331033
0.92322734
0.9154025
0.91065999
0.48103577
0.4796035
0.47708982
0.47367064
0.46965663
0.4654296
0.46146379
0.45824864
0.45626601
0.45208357
0.45076597
0.44844637
0.44528638
0.44157546
0.43766035
0.43398096
0.43099469
0.42915003
0.4047232
0.40357912
0.40156766
0.39881783
0.39558255
0.39216293
0.38893927
0.38631728
0.38469435
0.34617141
0.34523264
0.34357606
0.34130797
0.33863267
0.33579689
0.33311593
0.33092461
0.32956512
0.28489263
0.28415408
0.28284769
0.28105189
0.27893111
0.27667455
0.27452991
0.27277075
0.271676
0.22870769
0.22813979
0.22713344
0.22574873
0.22410598
0.22234818
0.22067217
0.21929178
0.21843043
0.18324182
0.1828028
0.18202518
0.18095354
0.17967684
0.17830289
0.17698876
0.17590385
0.17522498
0.15137101
0.15101828
0.15039194
0.14952591
0.14849486
0.14738181
0.14631198
0.14542771
0.14487393
0.13379758
0.13349115
0.13294493
0.13218829
0.13128815
0.13031567
0.12937851
0.12860222
0.12811604
0.44619111
0.45642081
0.46945207
0.48120111
0.48940923
0.49376796
0.49526774
0.49541833
0.49523948
0.41864504
0.42827775
0.44057232
0.45168301
0.45945585
0.4635889
0.46502408
0.46518775
0.46503412
0.37384892
0.38249406
0.39356039
0.40359239
0.41062681
0.41436889
0.41568004
0.4158577
0.41574137
0.31887954
0.32628638
0.33580496
0.34446634
0.35054475
0.35376256
0.35489417
0.35507336
0.35499673
0.26178554
0.26788536
0.27575955
0.28295171
0.28799119
0.29061048
0.29152042
0.29169484
0.29165309
0.20978209
0.21467963
0.22103258
0.22685931
0.23091054
0.23294216
0.23363289
0.23379187
0.23377202
0.16791117
0.17183803
0.17695516
0.18166233
0.1848818
0.18642792
0.18695161
0.18708717
0.18707133
0.13864928
0.14189611
0.14614871
0.15006841
0.15268489
0.15389398
0.15431527
0.15442275
0.15440602
0.1225318
0.12540806
0.12919005
0.13267537
0.13495211
0.13597884
0.13634843
0.13643499
0.13641767
5.3315526e-05
5.4435624e-05
5.6341122e-05
5.8845721e-05
6.1630899e-05
6.4414086e-05
6.6836269e-05
6.8538301e-05
6.9535544e-05
0.0014193891
0.001448652
0.0014991209
0.0015655301
0.0016394535
0.0017130497
0.0017770033
0.0018222907
0.0018488874
0.00788196
0.0080440317
0.0083243932
0.0086937075
0.009104407
0.0095135358
0.0098689816
0.010121001
0.010268722
0.024016288
0.024512184
0.025366671
0.026492835
0.027745188
0.028994586
0.030080071
0.030851195
0.031300599
0.052348587
0.053436606
0.055301835
0.057758342
0.060496734
0.063228142
0.065602387
0.067296408
0.068278763
0.091212682
0.093125867
0.096381284
0.10066487
0.10545618
0.11023292
0.11439019
0.11736598
0.11908445
0.13440554
0.13724837
0.14205478
0.14837474
0.15546413
0.16253067
0.16868824
0.17311008
0.17565304
0.1729295
0.17660643
0.18280281
0.19094748
0.20010028
0.20922325
0.21717998
0.22291361
0.2262033
0.19786856
0.20208765
0.20918689
0.21851625
0.22900911
0.23946704
0.24859232
0.25518409
0.25896503
0.21042062
0.2149127
0.22246609
0.23239092
0.24355723
0.25468602
0.26439904
0.27142563
0.27545766
0.23753685
0.24262042
0.25116054
0.26238427
0.27502069
0.28761596
0.29861679
0.30659912
0.31118473
0.28646843
0.29261794
0.30294441
0.31651913
0.33181114
0.34704816
0.360371
0.37009247
0.3756857
0.35559496
0.36324529
0.37611275
0.39303335
0.41210269
0.43109251
0.44773126
0.45996986
0.46701828
0.44003611
0.44951384
0.46551385
0.48656922
0.51029618
0.53389939
0.55463593
0.57002831
0.57889505
0.53090788
0.54235195
0.56174181
0.58728601
0.61605011
0.64462762
0.66981165
0.68867109
0.6995236
0.61651507
0.62983535
0.65243938
0.68225844
0.71579654
0.74907997
0.77850513
0.8006873
0.81343423
0.68495053
0.69978925
0.72497376
0.75823451
0.79560056
0.83265001
0.8654868
0.89034011
0.90462036
0.7264478
0.74220785
0.76896016
0.80430751
0.84398972
0.88331498
0.9182194
0.94469225
0.95990544
0.15070372
0.15385895
0.15958668
0.1673976
0.17691642
0.18707818
0.19637898
0.20377055
0.208251
0.17010726
0.17366469
0.18012836
0.18895537
0.19970285
0.21117628
0.22168688
0.23002847
0.23508223
0.20512618
0.20941209
0.21718036
0.22784373
0.2408113
0.25465061
0.26735525
0.27740603
0.28349567
0.25455337
0.25990711
0.26951475
0.28278022
0.29888229
0.31605534
0.33187303
0.34433574
0.3518904
0.31492119
0.32153697
0.33335731
0.34983382
0.36977808
0.39101217
0.41065276
0.42607343
0.43543366
0.37983367
0.38784938
0.40203646
0.421965
0.4460679
0.47165279
0.49540197
0.514038
0.5253451
0.44097636
0.45028129
0.4667369
0.48990043
0.51793253
0.54762452
0.57521895
0.59693487
0.61006483
0.48982461
0.50014426
0.51845568
0.54419563
0.57535727
0.60835002
0.63900667
0.66320256
0.67779261
0.51941864
0.53035952
0.54980884
0.57711899
0.61017829
0.64517559
0.67768384
0.70337557
0.71885749
4.1017265e-05
4.0643826e-05
4.0049882e-05
3.9273411e-05
3.8407995e-05
3.7623399e-05
3.7003695e-05
3.6555918e-05
3.6302944e-05
0.0010815181
0.001072624
0.00105896
0.0010403397
0.0010194098
0.001000541
0.00098508941
0.00097374097
0.00096758498
0.0060225095
0.0059750667
0.0058993398
0.0057950457
0.0056790397
0.0055741556
0.0054874784
0.0054241166
0.0053894162
0.018455369
0.018317592
0.018084857
0.017770179
0.017428194
0.01711437
0.016850371
0.016657225
0.016549886
0.04060011
0.040306456
0.039800368
0.039131648
0.038417605
0.037752596
0.037180966
0.036759034
0.036523688
0.071464349
0.070961841
0.07010335
0.068994841
0.067806961
0.066675219
0.065697213
0.064975095
0.064567107
0.10627164
0.10554778
0.10432773
0.10277393
0.10108869
0.099453166
0.09803913
0.096992306
0.09639303
0.13765224
0.13674505
0.1352299
0.13330476
0.13119675
0.12913386
0.12734801
0.1260178
0.12524921
0.15811708
0.15709316
0.15538997
0.15322447
0.15084587
0.1485127
0.14649306
0.14498637
0.14411012
0.16848622
0.16740784
0.1656156
0.16333251
0.16081775
0.15834409
0.15620124
0.15460311
0.15367141
0.19093582
0.18973567
0.18775087
0.18522094
0.18242512
0.17966938
0.1772812
0.17549544
0.17445021
0.23178776
0.23036304
0.22802521
0.22504695
0.22174579
0.21847526
0.2156309
0.21350097
0.21224909
0.29029872
0.28855295
0.28572143
0.28212712
0.27814451
0.27417137
0.27068622
0.26806151
0.26650534
0.36308137
0.36092512
0.35745168
0.35307768
0.34827214
0.34346508
0.33922488
0.33601146
0.33408082
0.44326261
0.44066091
0.4364765
0.43122034
0.42549948
0.41978534
0.41473248
0.4108887
0.40854759
0.52067704
0.51766448
0.51283435
0.50673186
0.50009606
0.49350694
0.48770388
0.4832687
0.4805421
0.58401074
0.580701
0.57537825
0.56863807
0.56127991
0.55392062
0.54744285
0.54250242
0.53944538
0.62303986
0.61954375
0.6139253
0.60683624
0.59910682
0.59132135
0.58444651
0.57921273
0.5759585
0.20213831
0.19775378
0.19139997
0.18476423
0.1789937
0.1748804
0.17211207
0.17014143
0.16901161
0.22877532
0.2235942
0.21647766
0.20919146
0.20278343
0.19813157
0.19498911
0.19278453
0.1915232
0.27712487
0.27044903
0.26192504
0.25350216
0.24603942
0.2404532
0.23662921
0.23399348
0.23249177
0.34633782
0.33733956
0.32672697
0.31672172
0.30790315
0.3010644
0.29627096
0.29301224
0.29116653
0.4327464
0.42049681
0.4069544
0.394963
0.38468466
0.3764425
0.37049308
0.36644901
0.36415402
0.52835205
0.51218411
0.49498025
0.48056562
0.46882605
0.45925921
0.45219767
0.44736581
0.44456871
0.62158022
0.60132891
0.57998922
0.5628308
0.54963459
0.53894409
0.53092565
0.52544593
0.52221305
0.69834553
0.67473276
0.64981598
0.63002283
0.615497
0.60395547
0.5952173
0.58928137
0.58572921
0.74602764
0.7200757
0.69283649
0.67151555
0.65609832
0.6440666
0.6348477
0.62863432
0.62487099
1.926242
1.9651863
2.0304162
2.1138204
2.2038563
2.2893012
2.3608675
2.411935
2.4402949
1.9513513
1.9904801
2.0558849
2.1392234
2.2288108
2.3133177
2.3835543
2.4333066
2.4607771
1.9903261
2.0296319
2.0950893
2.1779728
2.2663972
2.3488971
2.416448
2.4635607
2.4892399
2.0344919
2.0737875
2.1388889
2.2205996
2.3067978
2.3858998
2.4491794
2.4921861
2.5150424
2.0752501
2.1142513
2.1784476
2.2581455
2.3409536
2.4150663
2.4721624
2.5091522
2.5278949
2.1068401
2.1452459
2.2080006
2.2848725
2.3630377
2.4305246
2.4798465
2.5098092
2.5240214
2.1273056
2.1648845
2.2257913
2.2992672
2.3720974
2.4326348
2.4745192
2.4980449
2.5080217
2.137999
2.1747329
2.2338222
2.3041303
2.372392
2.4273813
2.4633801
2.4813998
2.4874465
2.142203
2.1783564
2.2362285
2.3045173
2.3700227
2.4216478
2.4538298
2.4680387
2.471347
2.1436525
2.1795069
2.2367647
2.3040648
2.3682321
2.4181691
2.4483766
2.4606054
2.4625401
2.1454852
2.1806853
2.2366454
2.3018857
2.3632299
2.4094736
2.4351759
2.4429997
2.4420325
2.1451044
2.1791497
2.2328484
2.2945414
2.3506762
2.3897394
2.4070055
2.4073722
2.4019194
2.1385836
2.1710334
2.2215605
2.2779481
2.325884
2.3541169
2.3602978
2.3523247
2.3424833
2.1234455
2.1536884
2.1997821
2.2486792
2.2859545
2.3023991
2.2988928
2.2846641
2.2714306
2.0990569
2.1265346
2.167279
2.2079669
2.2355858
2.2432139
2.2325869
2.2120242
2.1937857
2.0690324
2.0939399
2.1299465
2.1643387
2.1854985
2.1865153
2.1682274
2.1396551
2.1154319
2.0412858
2.0644231
2.097274
2.1278999
2.1445552
2.1393509
2.1136255
2.079047
2.0514389
2.0233642
2.0455834
2.0767898
2.1054041
2.1189767
2.1093415
2.0793596
2.0419015
2.0133725
1.549445
1.5864255
1.6506964
1.7370392
1.8362247
1.9358255
2.0231559
2.0884157
2.1259501
1.5527081
1.5899369
1.6545488
1.7411763
1.8404201
1.9397486
2.0265026
2.0910657
2.1280726
1.5558953
1.5934925
1.6585814
1.7455349
1.8446761
1.9433196
2.0289094
2.092143
2.1281847
1.555692
1.5936626
1.6591947
1.746303
1.8449761
1.9424248
2.0262543
2.0876199
2.1223499
1.5498922
1.5881538
1.6539701
1.7409715
1.8388178
1.9346531
2.0161995
2.0751628
2.1081681
1.5387741
1.5772058
1.6430931
1.7296888
1.8263394
1.9200058
1.9985285
2.0543276
2.0850437
1.5244939
1.5629647
1.6286873
1.7145594
1.8096095
1.9005778
1.9755892
2.0279318
2.0562434
1.5104491
1.5488626
1.6142777
1.6993119
1.792736
1.8811963
1.9532101
2.0028066
2.0293086
1.5007663
1.5391117
1.604275
1.6887022
1.7810466
1.8679403
1.938198
1.9862605
2.0118048
2.2227631
2.2162925
2.2052951
2.1905683
2.1738798
2.156524
2.1399637
2.1257432
2.1162157
2.2766558
2.2702498
2.2595328
2.2454989
2.2294941
2.2119715
2.1948971
2.1803338
2.1704927
2.3615132
2.3554735
2.3454125
2.3319882
2.3168447
2.3006362
2.2843708
2.2701353
2.2606062
2.4597017
2.4543715
2.4455045
2.4338172
2.4197944
2.4039433
2.3883127
2.3746703
2.3653501
2.5474655
2.5430672
2.5357654
2.5260846
2.5149115
2.5020309
2.4878181
2.4743906
2.4649855
2.5982536
2.5955079
2.5910503
2.5852205
2.577499
2.5680969
2.5581358
2.547783
2.5397769
2.5974993
2.5980067
2.5978627
2.5965043
2.5944834
2.5912901
2.5854555
2.5782191
2.5723031
2.5487831
2.553512
2.5609191
2.5691856
2.5747678
2.5791399
2.5833812
2.584023
2.5818618
2.4985885
2.5063695
2.5177547
2.5327293
2.5498678
2.5615983
2.568556
2.5759179
2.5785495
2.4708535
2.4804622
2.4956148
2.5111287
2.5282613
2.5481228
2.5606152
2.5662224
2.5698082
2.370916
2.3847013
2.4094078
2.444994
2.4857268
2.5182796
2.5374305
2.5430773
2.543482
2.1975489
2.218992
2.2565303
2.3104796
2.369122
2.4076623
2.4192405
2.4178827
2.4143561
2.0068405
2.0273495
2.0614496
2.0980729
2.1260902
2.1432944
2.1534768
2.1592507
2.1639318
1.8582985
1.8654581
1.8787527
1.8943045
1.9114606
1.9173735
1.9302659
1.954864
1.9686632
1.8944504
1.8885092
1.8810185
1.8746592
1.8721406
1.8777682
1.8856462
1.8948927
1.9025521
1.9898581
1.9795158
1.9608959
1.9377953
1.9156718
1.902394
1.9028667
1.9070998
1.9099083
2.0266061
2.0143474
1.9934585
1.9675795
1.9477779
1.9293749
1.9183653
1.9210758
1.9258275
2.0348603
2.0240051
2.0061264
1.9824226
1.9635517
1.950281
1.9372133
1.9318292
1.9326987
1.9331764
2.0069369
2.1385747
2.2445059
2.3185376
2.3843422
2.429013
2.4541141
2.4652178
1.8691453
1.9170181
2.0190106
2.1446403
2.2292349
2.2854251
2.3289873
2.3519399
2.3642131
1.799033
1.8190886
1.8559757
1.9493174
2.046968
2.1002755
2.1377807
2.1667776
2.1871838
1.8413422
1.8216713
1.8059443
1.8106666
1.837705
1.8895528
1.9402105
1.972248
1.9968016
1.9588728
1.9357838
1.9044708
1.8769717
1.8547211
1.8407694
1.8409748
1.8487616
1.8551116
2.0953392
2.0696546
2.0376531
2.0017494
1.9685075
1.9413898
1.9183322
1.9036326
1.8974274
2.2056601
2.1938071
2.1677233
2.131944
2.0828348
2.0395357
2.0177917
2.0044721
1.9947451
2.162926
2.1756008
2.1949766
2.1816396
2.1560756
2.0987637
2.0629442
2.0456746
2.0306395
2.1483832
2.1524141
2.1714792
2.1843049
2.1628846
2.1304638
2.0796353
2.0530662
2.0390164
1.1427852
1.1425194
1.1380133
1.1243619
1.0983218
1.0623383
1.0255064
0.99721716
0.98106898
1.1106389
1.1102387
1.1056204
1.0920174
1.0663938
1.0312521
0.99559157
0.9685381
0.95326242
1.0568716
1.0563518
1.0516135
1.0380815
1.0132357
0.97963282
0.94595363
0.92094652
0.90708794
0.98813795
0.98745869
0.98253339
0.96917808
0.94554725
0.91405753
0.88295187
0.86050728
0.84838813
0.91254121
0.9116676
0.9066076
0.89364276
0.87153845
0.84251293
0.81426708
0.79452349
0.7842065
0.83869009
0.83765534
0.83256078
0.82013041
0.79966292
0.7731618
0.7476945
0.7304429
0.7217574
0.77448519
0.77332756
0.76827662
0.75643641
0.73748453
0.7132358
0.69015318
0.67493413
0.6675542
0.72616845
0.72494335
0.71998597
0.70865887
0.69088175
0.66835064
0.6470352
0.63325695
0.62678611
0.69799933
0.69674764
0.69186145
0.68085249
0.6637739
0.64224958
0.62195118
0.60897743
0.60300612
0.68456342
0.68329824
0.67844919
0.66760129
0.65085895
0.62981396
0.60999815
0.5973983
0.59165767
0.65697284
0.65568931
0.65093221
0.64042501
0.6243742
0.60431523
0.58548224
0.57363106
0.56834752
0.61140886
0.61011532
0.60553747
0.59562179
0.58072262
0.5622887
0.54505619
0.53438489
0.52980768
0.5540847
0.55280739
0.54849884
0.53937888
0.52593834
0.50953277
0.4942727
0.48498699
0.48121202
0.49242063
0.49119619
0.48722832
0.47902025
0.4671515
0.45289426
0.439701
0.43178752
0.42876697
0.43371497
0.43256951
0.4289687
0.42167515
0.41129934
0.3990404
0.3877572
0.38104391
0.37863771
0.38401071
0.38294746
0.37968782
0.3731987
0.36408031
0.35346724
0.34375213
0.33798196
0.33601885
0.34750798
0.34650974
0.34351756
0.33763384
0.32943347
0.31999755
0.31140178
0.30628666
0.30460595
0.32660139
0.3256407
0.32280801
0.31727598
0.30959884
0.30082387
0.29285564
0.28810291
0.28656855
0.56269106
0.57988822
0.6057905
0.63276777
0.65480281
0.67056201
0.68028643
0.6841294
0.68473058
0.54039642
0.55695761
0.58175508
0.60738249
0.62837609
0.64364139
0.65304643
0.65666248
0.65717489
0.50338612
0.51887608
0.54182561
0.56530496
0.58474109
0.59922112
0.60804499
0.61128853
0.61166164
0.45656978
0.47068104
0.49129799
0.51220431
0.52985374
0.543367
0.5513969
0.55417564
0.55439393
0.4059502
0.41853636
0.43663248
0.45493864
0.4708632
0.48331288
0.49040217
0.49270137
0.49277743
0.35753138
0.36863154
0.38435124
0.40037428
0.41478127
0.42612196
0.43225781
0.43413339
0.43410027
0.31639432
0.32622188
0.33996916
0.3541934
0.36735334
0.37765352
0.38296304
0.38450794
0.38440333
0.28610558
0.29499849
0.30733521
0.32030997
0.33254863
0.34201315
0.34671876
0.34803642
0.34789356
0.26873521
0.27709498
0.28864301
0.30092289
0.31261955
0.32157781
0.3259437
0.32713658
0.32697783
1.4329114
1.4285847
1.4207214
1.4097232
1.3964474
1.3820127
1.3683321
1.3574836
1.3509016
1.4101234
1.4058909
1.3982597
1.3875899
1.3747732
1.361304
1.3488455
1.3389031
1.332893
1.3735882
1.369599
1.3624223
1.3523835
1.3403123
1.327395
1.3152284
1.3054626
1.2995006
1.3192936
1.3157022
1.3091486
1.2998456
1.2885542
1.2764967
1.2651611
1.2560329
1.2504444
1.2521461
1.2490333
1.2432379
1.2348979
1.2246604
1.2135888
1.2030921
1.1945995
1.1894052
1.1783967
1.1757184
1.1706785
1.1632892
1.1541203
1.1441697
1.1347048
1.1270078
1.1222487
1.1087843
1.106487
1.1020587
1.0955132
1.0873238
1.0783523
1.0697611
1.0627482
1.0584317
1.0528455
1.0508288
1.0468911
1.0409693
1.0335202
1.0253329
1.0174535
1.0109965
1.007004
1.0191772
1.0173011
1.0136412
1.0080877
1.0010597
0.99332206
0.98585466
0.97971284
0.97588495
1.0027484
1.0009413
0.99739238
0.99202885
0.98521433
0.97768353
0.97042148
0.96444963
0.96074694
0.96849184
0.96683164
0.96352869
0.95850984
0.95211958
0.94502922
0.93816329
0.93250328
0.92899625
0.91028956
0.90885781
0.90596755
0.90150736
0.89579128
0.88941882
0.88321286
0.87807101
0.87486412
0.83442681
0.83324656
0.83082665
0.82705359
0.82215671
0.81664347
0.81124748
0.80675638
0.80394569
0.74986225
0.74893765
0.74698789
0.7438786
0.73980125
0.73517433
0.7306096
0.72678305
0.72437161
0.66683981
0.66611578
0.66455448
0.6620256
0.65866906
0.65482681
0.65101148
0.64779166
0.64575349
0.59482301
0.59424553
0.59297332
0.59088528
0.58809395
0.58487564
0.58165583
0.57892072
0.57718257
0.54101026
0.540529
0.53945056
0.53766006
0.53525435
0.5324685
0.52966738
0.52727427
0.52574535
0.50986514
0.5094299
0.50845154
0.50682641
0.50463241
0.50208152
0.49951239
0.4973117
0.49590396
0.93014376
0.94818381
0.97019787
0.98898214
1.0009969
1.0059207
1.0062858
1.0049002
1.0035336
0.8955337
0.91328031
0.93498934
0.95366842
0.96582881
0.97102966
0.97162499
0.97043188
0.96920718
0.83763767
0.85479636
0.87587213
0.89416736
0.90631141
0.91184351
0.91282847
0.91192889
0.91090213
0.76359977
0.77976049
0.79981362
0.81738585
0.82923445
0.83493079
0.83625935
0.83570942
0.8349248
0.68273164
0.69758601
0.71616454
0.7326183
0.74387419
0.74951847
0.7510865
0.7508176
0.75024536
0.60468827
0.61812112
0.63504283
0.65012853
0.6605505
0.66593242
0.66759452
0.66753911
0.66713518
0.53782766
0.54996266
0.56531587
0.5790687
0.5886217
0.59363565
0.59528155
0.59534291
0.59505246
0.48826713
0.49939224
0.51351117
0.52620003
0.53504539
0.53972817
0.54131188
0.54142832
0.54120079
0.45971264
0.47023179
0.48362116
0.49567453
0.50409087
0.50855786
0.5100845
0.51023059
0.51003764
7.6558193e-05
7.5972871e-05
7.4624385e-05
7.3372847e-05
6.9954956e-05
6.6663871e-05
6.1551099e-05
5.5158619e-05
5.1596464e-05
0.002034416
0.0020197972
0.0019857197
0.0019504951
0.0018593086
0.0017711119
0.0016287622
0.0014616482
0.0013696798
0.011299618
0.011221703
0.011037114
0.010842063
0.010340825
0.0098552063
0.00907173
0.0081282099
0.0075905975
0.034484568
0.034250786
0.033700584
0.033116927
0.031616552
0.030165842
0.027791558
0.024815799
0.023106849
0.075373168
0.074876507
0.07374024
0.072474453
0.069321354
0.066232949
0.061052721
0.054332961
0.050472812
0.13179778
0.13097569
0.12918516
0.12692813
0.12173506
0.11643241
0.10732732
0.095381285
0.088382451
0.19496374
0.1938391
0.19148998
0.18808419
0.18090007
0.17312655
0.15960979
0.1418662
0.13105051
0.25172424
0.25038542
0.24765325
0.24320883
0.23444825
0.22445342
0.20698703
0.18411523
0.16957992
0.28865398
0.28721472
0.28428715
0.27918439
0.2695033
0.25807102
0.23806103
0.21185639
0.19474788
0.30729026
0.30581158
0.30278934
0.29735199
0.28723951
0.2750972
0.25382563
0.22596339
0.20747819
0.34778491
0.34625238
0.3430532
0.33690271
0.32587368
0.31215183
0.28813445
0.25670177
0.23522036
0.42123629
0.41967541
0.41625829
0.40891529
0.39645807
0.37991037
0.35098821
0.31310594
0.28577451
0.52613369
0.52468177
0.52109172
0.51228328
0.49816276
0.47767159
0.44205601
0.39509709
0.35862569
0.65602991
0.65489682
0.65132529
0.64129132
0.6255537
0.60047152
0.55709387
0.49873363
0.44999735
0.79788074
0.7971743
0.79393634
0.78345257
0.76635145
0.7370394
0.68602694
0.61457243
0.55141624
0.93354608
0.93342391
0.93073078
0.92064765
0.90259812
0.87003816
0.81243221
0.72782197
0.6502745
1.0431227
1.0436863
1.0416306
1.0324183
1.0140157
0.97963049
0.91695722
0.82108133
0.73167227
1.1100038
1.1110385
1.109467
1.1009671
1.0824528
1.0473656
0.9819073
0.87884104
0.78207263
0.27736948
0.28115136
0.28716029
0.29417265
0.30082727
0.30547992
0.30749079
0.3077234
0.30734649
0.3133662
0.31767103
0.32450593
0.3325136
0.34011478
0.34547171
0.34786058
0.34825115
0.34791835
0.37835366
0.38361093
0.39195519
0.40178278
0.41113748
0.41783136
0.42097063
0.4217129
0.42151126
0.47038181
0.47702612
0.487576
0.50006191
0.51202295
0.52076307
0.52513188
0.52651885
0.52657422
0.58310856
0.59148589
0.60484537
0.62070433
0.63600222
0.6474851
0.65365951
0.65607989
0.65656108
0.70466351
0.71494481
0.73142144
0.75108748
0.77013588
0.78484769
0.79334881
0.79712038
0.79828741
0.81947284
0.83159937
0.85106514
0.87448083
0.8972699
0.91524868
0.92627679
0.93158998
0.93356537
0.91137051
0.92498762
0.94688978
0.97333265
0.99926622
1.0199949
1.0332278
1.0400638
1.0427027
0.96707788
0.98159984
1.0050072
1.033287
1.0611867
1.0836685
1.0983128
1.1061939
1.1092822
1.1427781
1.1440425
1.1427453
1.1346648
1.1161555
1.080703
1.0138477
0.90736489
0.80681358
1.2114492
1.2132486
1.2125956
1.2055067
1.1872153
1.151525
1.0816666
0.96768217
0.85953808
1.3292126
1.332051
1.3327028
1.3276343
1.3100182
1.2746835
1.2001304
1.0729016
0.95173401
1.4852234
1.4895278
1.4924239
1.4906974
1.4748073
1.4412506
1.3605904
1.215704
1.0774152
1.6615893
1.6675846
1.6737223
1.6765794
1.663997
1.6344891
1.5474996
1.3828109
1.2260649
1.8362946
1.8439945
1.8540224
1.8619027
1.8540357
1.8300348
1.7378797
1.5556106
1.3817755
1.9879469
1.9972079
2.0108869
2.0231865
2.0205955
2.0022968
1.9067532
1.7121593
1.5259804
2.0994224
2.1098812
2.1260188
2.141438
2.1431741
2.1293094
2.0336181
1.8328388
1.6391338
2.1626614
2.1737748
2.1913287
2.2085388
2.2128851
2.2012267
2.1060304
1.9042164
1.7065094
2.1924687
2.2039209
2.2222334
2.2402839
2.2458529
2.2352398
2.1400795
1.9382736
1.7393875
2.2528419
2.2649087
2.2842862
2.3036287
2.3114956
2.3030708
2.2091199
2.00785
1.8080724
2.34766
2.3604901
2.3811305
2.4020778
2.4129971
2.4075919
2.3186496
2.1218939
1.9226778
2.455672
2.4687308
2.4892617
2.5100606
2.5224478
2.5193781
2.4429408
2.2621795
2.0679297
2.5514767
2.5633421
2.5809126
2.59803
2.6077922
2.6050109
2.5501341
2.4026118
2.2243236
2.6170571
2.6259265
2.6373948
2.6464147
2.6479223
2.6433915
2.6164836
2.5159359
2.3674771
2.6475421
2.6517573
2.6539912
2.6506372
2.6396923
2.6332685
2.6371518
2.5872881
2.4758051
2.6510124
2.6500944
2.6426675
2.6268885
2.6045268
2.5963244
2.6253847
2.6201697
2.5417472
2.6444519
2.6397906
2.6260946
2.6023219
2.5727799
2.5640393
2.6066379
2.6292024
2.5731877
1.8600928
1.8881357
1.9338333
1.9904306
2.0489892
2.1011004
2.1420283
2.1698815
2.184674
1.9125048
1.9410672
1.9875954
2.0451941
2.1048844
2.1582767
2.2004913
2.2293924
2.2448221
1.9973349
2.0266707
2.0745183
2.1338032
2.1952446
2.2502098
2.2936742
2.3234958
2.3395444
2.1011923
2.1313509
2.180447
2.2409852
2.3032271
2.3585435
2.4021109
2.4318619
2.4478738
2.2077971
2.2382217
2.2874787
2.3475855
2.4085082
2.4617612
2.5028563
2.5302626
2.5447203
2.3014638
2.3313856
2.3794266
2.4370952
2.4941374
2.5424073
2.578099
2.6007138
2.6120714
2.3726343
2.4014591
2.4472218
2.5009601
2.5524289
2.5938942
2.6222013
2.6380961
2.6449851
2.4189882
2.4465409
2.4897925
2.5394845
2.5853578
2.6198533
2.6403085
2.6489138
2.6509643
2.4429003
2.4695484
2.5110414
2.5579382
2.5998472
2.6292673
2.6439994
2.6473841
2.6460439
0.7466553
0.76286242
0.79037979
0.82674239
0.86754835
0.90797652
0.94388526
0.97114715
0.98681213
0.78893856
0.80608068
0.83519696
0.87368913
0.91686048
0.95962008
0.99766442
1.0266021
1.0432209
0.86122434
0.87997265
0.91183443
0.95397768
1.0011812
1.0478888
1.0895348
1.1212784
1.1394793
0.956429
0.97726737
1.0126995
1.0596122
1.1120577
1.163899
1.21027
1.2456914
1.2659645
1.0640563
1.0872429
1.1266886
1.1789813
1.2373291
1.2949573
1.3466303
1.3860906
1.4086624
1.171656
1.1971624
1.2405913
1.2981337
1.3622014
1.4254656
1.4822167
1.5254349
1.5501873
1.2665787
1.2940834
1.3409532
1.4029574
1.4718705
1.5399485
1.6009828
1.6473156
1.6738904
1.3384586
1.3674579
1.4168781
1.4821725
1.5546735
1.6263013
1.6904313
1.738986
1.7668558
1.3804888
1.4103591
1.4612518
1.5284239
1.6029772
1.6766107
1.7424423
1.7922005
1.8207659
1.4005628
1.4308461
1.4824377
1.5504898
1.6259991
1.7005575
1.7671583
1.8174598
1.8463366
1.4417838
1.4729013
1.5258981
1.5957163
1.6731482
1.7495703
1.8176882
1.8690226
1.8984807
1.5098071
1.5422751
1.597526
1.6701232
1.7504974
1.8296549
1.8998838
1.9526362
1.9829208
1.5947901
1.6288328
1.6866564
1.7623528
1.8459773
1.9281748
2.0007796
2.055148
2.0863517
1.6845817
1.7202029
1.7805741
1.8593252
1.946142
2.0311741
2.1057075
2.1611114
2.1927802
1.7682799
1.8053035
1.8678793
1.9491094
2.0382452
2.1248948
2.1999791
2.255245
2.2866405
1.8373483
1.8753641
1.9394001
2.0220461
2.1121989
2.1991015
2.2735182
2.3277228
2.358289
1.8863893
1.9249662
1.9897574
2.0729792
2.1633
2.2497118
2.3229063
2.3756744
2.4052056
1.9136246
1.9524625
2.0175732
2.1009546
2.191131
2.2769448
2.349094
2.4007523
2.4295181
0.99923636
1.0207836
1.0591365
1.1124193
1.1763323
1.2438472
1.3064893
1.3560559
1.385962
1.0285519
1.0507911
1.0903328
1.1452502
1.2110802
1.2805799
1.3450482
1.3960379
1.4267838
1.076917
1.1003108
1.1418439
1.1994654
1.2684706
1.3412527
1.4087225
1.4620424
1.4941577
1.1375706
1.1624218
1.2064832
1.2675286
1.3405185
1.4173781
1.4885192
1.5446373
1.5783753
1.2019752
1.228406
1.2751994
1.3399012
1.4170985
1.498199
1.5730922
1.6320425
1.6674044
1.2619392
1.2898673
1.3392739
1.4074528
1.4886088
1.5736763
1.6520375
1.7135776
1.7504183
1.3115421
1.3407633
1.3923867
1.4635198
1.5480019
1.6363432
1.7174905
1.7810257
1.8189809
1.3471615
1.3773393
1.430596
1.5038677
1.5907192
1.681321
1.7643109
1.8290989
1.8677247
1.3671396
1.3978639
1.4520453
1.5265179
1.6146772
1.7064948
1.7904474
1.8558679
1.8948191
0.15322833
0.15233362
0.15084293
0.14892332
0.14680124
0.14469994
0.14286803
0.14150145
0.14071432
0.17395146
0.17294167
0.17125459
0.16908011
0.16668618
0.16432526
0.16226623
0.1607253
0.15983382
0.21164894
0.21043572
0.20840483
0.20577573
0.20287911
0.20003067
0.19755517
0.19570238
0.19462323
0.26575534
0.26424678
0.26172361
0.25845097
0.2548342
0.25127004
0.24817416
0.24585347
0.24449488
0.33314181
0.33126142
0.32811706
0.32403874
0.31953629
0.31508337
0.31120067
0.30827962
0.30655657
0.40739605
0.40511095
0.40129535
0.39633145
0.39085447
0.38541174
0.38063388
0.37702707
0.37488055
0.47919206
0.47652262
0.47207549
0.46627793
0.45987443
0.45348061
0.44783497
0.4435506
0.4409779
0.53792549
0.53492598
0.52992857
0.52343547
0.51628489
0.50911958
0.50276526
0.49792468
0.49499917
0.57433041
0.57112843
0.56578211
0.55880893
0.55114731
0.54348149
0.53667627
0.53149679
0.5283574
1.2710571
1.264084
1.252432
1.2367995
1.2192765
1.2018389
1.1863117
1.1739581
1.1662565
1.3228531
1.315694
1.3037182
1.2879729
1.2702245
1.2519304
1.2355477
1.2227286
1.2144896
1.412253
1.4045999
1.3917647
1.3748947
1.3561641
1.3370984
1.3198598
1.3061513
1.2973567
1.5327285
1.5245314
1.5107177
1.4924749
1.4719582
1.4510051
1.4320796
1.416979
1.4073587
1.6698628
1.6612645
1.6465814
1.6272777
1.605591
1.5829581
1.5621775
1.5455872
1.5348921
1.8104188
1.801257
1.7854963
1.7643388
1.7405856
1.7160785
1.6929841
1.6738197
1.6616335
1.9360402
1.9267665
1.9106705
1.8892963
1.8643067
1.8366231
1.8100224
1.787894
1.7729814
2.0298577
2.0202851
2.0035866
1.9809114
1.9554803
1.9273482
1.8976373
1.8714774
1.8546318
2.0855373
2.0760975
2.0593719
2.0348771
2.0068682
1.9773686
1.9461774
1.9175263
1.8984519
0.64232534
0.63872823
0.63295988
0.62566655
0.61770506
0.60967306
0.60257465
0.59717763
0.59382548
0.68291704
0.67915699
0.6731388
0.66550982
0.65717786
0.6487266
0.64120271
0.63545249
0.63186111
0.75375408
0.74969229
0.74320213
0.73492164
0.72589259
0.71672345
0.70852718
0.70224314
0.69828053
0.85025278
0.84580288
0.83869301
0.82955264
0.81953345
0.80931512
0.80017168
0.79314335
0.7886954
0.96423301
0.95932089
0.95147924
0.94141142
0.9303774
0.91904899
0.90882586
0.90090506
0.89588935
1.0842375
1.0788089
1.0701547
1.0590934
1.0470412
1.0346371
1.0233535
1.0145018
1.0088689
1.1957054
1.1898529
1.1804952
1.168577
1.1556312
1.1422849
1.1301467
1.1205089
1.1143259
1.2847494
1.2785168
1.268597
1.2559289
1.2421853
1.227923
1.2149837
1.2047293
1.1981091
1.3386857
1.3323838
1.3222818
1.3093191
1.2953044
1.2805293
1.2669711
1.2561851
1.2492181
1.3642932
1.3580066
1.3478887
1.3348999
1.3208912
1.3061168
1.2925414
1.2816263
1.2745808
1.4187539
1.4122158
1.4017712
1.388269
1.3739362
1.3587974
1.3449075
1.3337749
1.3264806
1.5133218
1.5065573
1.4957243
1.4815365
1.4664886
1.4504575
1.4357493
1.4239898
1.4161629
1.6370451
1.6302504
1.6192901
1.604741
1.5892014
1.5727737
1.5574742
1.5450785
1.5368607
1.7779673
1.7709192
1.7598658
1.7447632
1.7285718
1.711844
1.695801
1.6827346
1.6741885
1.9212533
1.9141028
1.9029308
1.8880913
1.8716647
1.8543842
1.8378114
1.824051
1.8150109
2.0462809
2.0394381
2.0280552
2.013312
1.9970842
1.9800228
1.9636948
1.9498536
1.9406377
2.1406771
2.1340382
2.1228462
2.1081525
2.0916221
2.0741515
2.0577037
2.0439194
2.0346636
2.1962166
2.189476
2.1780795
2.1633535
2.1474322
2.1303567
2.1135858
2.0996517
2.0904005
1.6630077
1.6003852
1.5250121
1.4606877
1.4187533
1.396641
1.3838524
1.3736871
1.3674665
1.72958
1.6646153
1.5872435
1.5204631
1.4756732
1.4521897
1.439074
1.4286414
1.4220238
1.8437305
1.7755678
1.6927977
1.6215631
1.572996
1.5474421
1.5340357
1.5234548
1.5166513
1.9895916
1.9209823
1.8337658
1.7553793
1.7008371
1.671852
1.6581565
1.6473067
1.640328
2.1480592
2.0798532
1.9916454
1.9091831
1.848365
1.8149746
1.7997631
1.7888074
1.7814112
2.2981133
2.2333798
2.1450063
2.0603567
1.9967316
1.959293
1.9424911
1.9319086
1.9247792
2.4173172
2.359791
2.2773933
2.1923366
2.1253422
2.0853113
2.0668947
2.0567116
2.0495219
2.4955115
2.4460223
2.3705806
2.2908533
2.223944
2.1815107
2.1618709
2.1509434
2.1439236
2.5324783
2.4911891
2.4219908
2.3447561
2.2811973
2.238272
2.2177579
2.2065122
2.1995317
2.6391738
2.6324646
2.6154034
2.5877186
2.5547105
2.545573
2.5947412
2.6303342
2.5867403
2.622589
2.6125548
2.5895263
2.5522855
2.5071478
2.4973902
2.5648204
2.6254866
2.6088662
2.5838524
2.5656982
2.5247754
2.465278
2.4063221
2.3955717
2.4878735
2.600698
2.6228486
2.5005161
2.4680229
2.4078864
2.3336823
2.2670395
2.2526544
2.3494593
2.519661
2.6107456
2.3778221
2.3355491
2.2601365
2.1717559
2.0884007
2.0666294
2.1649443
2.3615751
2.5288748
2.2379814
2.1847837
2.093458
1.9895703
1.8961792
1.8663014
1.9521497
2.1559217
2.3606681
2.0947828
2.033937
1.9400874
1.830195
1.7488383
1.7427004
1.7932095
1.9488906
2.1680497
1.9794755
1.9220287
1.828795
1.7250217
1.6803003
1.7100624
1.7524992
1.8232582
1.9914905
1.9164017
1.8596683
1.7662888
1.6740869
1.6640038
1.7228373
1.7572696
1.7951515
1.9050888
1.8858225
1.8282692
1.7345269
1.6519918
1.6645847
1.7308122
1.7628393
1.7876358
1.8809546
1.8247841
1.7682647
1.677234
1.6213212
1.6745935
1.7542161
1.7891397
1.7794811
1.8274614
1.7260795
1.6823137
1.6149562
1.6107257
1.7163595
1.8175177
1.8653172
1.8265673
1.793879
1.6399538
1.5963558
1.5642516
1.6482678
1.7942594
1.9022166
1.952558
1.9293545
1.8685597
1.5443917
1.5400713
1.572972
1.7219275
1.8672166
1.9661398
2.0451008
2.0356355
1.9815498
1.4865202
1.5248702
1.6139944
1.7898894
1.9022074
2.0299858
2.1660645
2.1711032
2.1173158
1.4838265
1.5439829
1.6588267
1.8267388
1.9150903
2.0932075
2.2448674
2.2236428
2.2145593
1.491149
1.5595069
1.6872408
1.8383817
1.9224439
2.1385482
2.2595065
2.1424242
2.1406509
1.4947147
1.5658412
1.7024524
1.8386504
1.934385
2.1687865
2.2540365
2.13442
2.1217658
2.4618383
2.4572706
2.4391851
2.3955197
2.3230516
2.2203609
2.0934615
1.9806934
1.9169366
2.4398311
2.4326482
2.4096687
2.3608138
2.2831213
2.168518
2.0337652
1.9238457
1.8580298
2.3976705
2.3861708
2.3567504
2.3014404
2.2099991
2.0785263
1.9358366
1.8195351
1.7540498
2.3365963
2.3211724
2.2852459
2.2179858
2.1078907
1.9623299
1.8174539
1.7119309
1.6579097
2.2637021
2.2429162
2.1968846
2.1146991
1.9882254
1.8402201
1.7050948
1.6037948
1.5527727
2.1823066
2.1548332
2.1011339
2.005558
1.8749225
1.73313
1.5969165
1.5145703
1.4951741
2.1010394
2.0713361
2.0110654
1.9098311
1.7833878
1.639247
1.5129798
1.4670639
1.4765471
2.0365761
2.0054413
1.9408144
1.8411322
1.7149847
1.5704731
1.4640407
1.4459776
1.47381
1.998028
1.9652862
1.900778
1.8016395
1.6746907
1.5340014
1.440155
1.4392354
1.4748556
1.4963502
1.5709451
1.7097583
1.8382026
1.9384
2.1790966
2.251774
2.1296157
2.1286566
1.5017195
1.5847165
1.7229546
1.8365591
1.9413944
2.1893507
2.2540351
2.1226289
2.1185986
1.5121192
1.6024039
1.7348811
1.829316
1.9402573
2.1921429
2.2684565
2.1262256
2.0858867
1.5220012
1.6142389
1.7340609
1.8158253
1.9153114
2.1560186
2.2973822
2.1821025
2.0955791
1.5240387
1.6122401
1.7213126
1.7937243
1.8758639
2.0795543
2.2837028
2.2976317
2.2329986
1.5150015
1.5970987
1.6994227
1.76659
1.8293401
1.9644984
2.1741383
2.3059025
2.3324837
1.4979157
1.5736756
1.6737385
1.7388855
1.78866
1.8669047
2.0141363
2.1674456
2.2387169
1.4786471
1.5506692
1.6494333
1.7164531
1.7567608
1.8110823
1.89673
2.0069752
2.0817599
1.4645587
1.5350891
1.6336873
1.7019041
1.7392481
1.7796692
1.8404475
1.9172864
1.9769341
1.4572844
1.5272316
1.625616
1.6946638
1.730754
1.766774
1.8164196
1.8792484
1.9298296
1.4413119
1.5100319
1.6078872
1.6788098
1.7137692
1.7404521
1.7744045
1.8141586
1.8527414
1.4116837
1.4782322
1.57526
1.6494488
1.6859397
1.700932
1.7160144
1.7329247
1.746013
1.3688479
1.4323575
1.5278481
1.6057765
1.6480492
1.6582746
1.6569817
1.6586558
1.6615027
1.3158314
1.3756263
1.4682918
1.5492447
1.5984103
1.6134903
1.6074695
1.6001071
1.5967238
1.2584806
1.3143012
1.4029589
1.4851691
1.5394821
1.5609336
1.5587255
1.5527703
1.5493847
1.2045093
1.2566034
1.340827
1.4224667
1.4797748
1.5057101
1.5065281
1.5029886
1.502381
1.1615881
1.210682
1.2910591
1.3713079
1.4297965
1.4584742
1.4624577
1.4612167
1.46193
1.1357148
1.1829758
1.2609034
1.3400019
1.3988626
1.4285733
1.4335096
1.4339117
1.4361789
1.4316093
1.3999766
1.3471911
1.2788326
1.2121831
1.1972441
1.2550455
1.3477826
1.421317
1.3982624
1.3677732
1.3171048
1.2518832
1.1909462
1.1818336
1.2422535
1.3344987
1.4065467
1.3433582
1.3147187
1.2674749
1.2077794
1.1559973
1.1555613
1.2191274
1.3097284
1.3788912
1.2739373
1.2477492
1.2050025
1.1526548
1.1118658
1.1205198
1.1861812
1.2733352
1.3383062
1.1984709
1.1750788
1.1373932
1.0931055
1.0631494
1.0795518
1.1454458
1.2276547
1.2875021
1.125455
1.1048149
1.0719974
1.0353092
1.0146518
1.0365366
1.1010842
1.1777281
1.2323348
1.0622132
1.043899
1.0152408
0.98478108
0.97110879
0.99642757
1.05884
1.1303099
1.1803506
1.0145984
0.99800404
0.97240713
0.94637006
0.93728303
0.96442243
1.0248071
1.0922596
1.138984
0.98677363
0.9711756
0.94731166
0.9237125
0.91705328
0.94499895
1.0040648
1.0691546
1.1139613
2.0144418
2.0362253
2.0667075
2.0943072
2.1061651
2.0943929
2.062431
2.0238442
1.994636
1.9954029
2.0162973
2.0451982
2.0706747
2.0786746
2.0620351
2.0270018
1.9859112
1.9549123
1.961867
1.9812258
2.0076292
2.0281025
2.0286093
2.0057941
1.9651987
1.9204875
1.8914344
1.9153357
1.9323183
1.9539139
1.9667053
1.9592128
1.9285469
1.8836432
1.8413509
1.8133617
1.8568206
1.8705588
1.8863515
1.8914966
1.8757222
1.8408771
1.7974379
1.7542015
1.7237048
1.791254
1.8019032
1.8123482
1.8106073
1.7913856
1.7568946
1.7103287
1.6636393
1.6330367
1.7277855
1.7358966
1.7421057
1.7378562
1.7185346
1.6803517
1.6301694
1.5851612
1.555316
1.6763829
1.6829541
1.6876739
1.6833612
1.6612078
1.6193345
1.5704996
1.5265884
1.4968709
1.6453981
1.6515074
1.6561437
1.6507272
1.6258533
1.5837771
1.5359423
1.4916489
1.4623233
1.6305508
1.6365533
1.6409995
1.6345952
1.6087524
1.5668916
1.5192048
1.4749335
1.4459736
1.6000151
1.6058303
1.6093005
1.6003954
1.5733555
1.5322989
1.4844307
1.4405717
1.4124188
1.5489689
1.5532511
1.5533229
1.5417233
1.5150775
1.4741214
1.4261355
1.3838102
1.3567717
1.4788172
1.4807804
1.4786975
1.4670167
1.4402259
1.3986708
1.352079
1.3117915
1.2864342
1.3976178
1.3989305
1.396489
1.3840238
1.356379
1.3156104
1.2709066
1.2330517
1.2097974
1.3174522
1.3180896
1.3144726
1.3011429
1.2738296
1.2341757
1.1915273
1.1565797
1.1355592
1.2456893
1.2456767
1.2416159
1.2283197
1.2013294
1.1628493
1.1225211
1.0902698
1.0712693
1.1905258
1.1904877
1.1863658
1.1728095
1.1461368
1.1089828
1.0704904
1.0403258
1.022863
1.1583115
1.158143
1.1537094
1.1400324
1.1138103
1.0774384
1.0400466
1.0111543
0.99458549
1.259258
1.2938383
1.3509186
1.4213376
1.4927191
1.5527612
1.5940631
1.6169267
1.6267177
1.2387072
1.2728677
1.3291268
1.3982606
1.467871
1.5257682
1.5650394
1.5867528
1.5962522
1.2029844
1.2363898
1.2911612
1.3579399
1.4243493
1.4790095
1.5162745
1.5370319
1.5457667
1.1544887
1.186847
1.2396973
1.3037524
1.3671631
1.4191539
1.4534701
1.4706633
1.4768401
1.1002452
1.1314416
1.1822873
1.2435684
1.3033018
1.3501287
1.3785316
1.3916281
1.396184
1.0455146
1.0754382
1.1238517
1.1813224
1.2357016
1.2767121
1.3011289
1.3125042
1.3163472
0.99410198
1.0227602
1.0687839
1.122763
1.1731505
1.2107721
1.2326738
1.2421728
1.2450086
0.95373302
0.98141737
1.0257475
1.0775183
1.125388
1.1601358
1.1793622
1.1874712
1.189934
0.93009055
0.95720404
1.0005336
1.0509303
1.0969193
1.1295469
1.1475028
1.1553455
1.1577543
2.5706887
2.5719647
2.5721965
2.5698333
2.5657212
2.5618058
2.5586696
2.556013
2.5548053
2.543008
2.5419346
2.5393594
2.534254
2.5284777
2.5254798
2.525583
2.5264916
2.5271144
2.4126573
2.4102663
2.4080182
2.4085552
2.4151211
2.4274298
2.4414151
2.4520393
2.4560916
2.1664414
2.1717323
2.1833887
2.2051036
2.2358858
2.2673582
2.2985974
2.3220192
2.330355
1.9750022
1.9881933
2.0100653
2.0416016
2.0794867
2.1219023
2.1559782
2.1824805
2.1946358
1.9061907
1.9152376
1.932241
1.9580803
1.9798049
2.0265659
2.0661727
2.0888631
2.1052334
1.9118506
1.91605
1.9248933
1.9408556
1.9678591
1.9994772
2.0284525
2.0507667
2.0653653
1.9280752
1.9338434
1.9437954
1.9560622
1.974973
2.000581
2.025974
2.0500578
2.0664099
1.9340894
1.9399085
1.9515626
1.9669926
1.9834732
2.0041806
2.0338071
2.0571504
2.0687572
1.7230913
1.7163428
1.700939
1.6713979
1.6315444
1.594697
1.5677076
1.5429335
1.5299726
1.6786876
1.6633327
1.6382021
1.6063207
1.5735433
1.5435614
1.5168536
1.4987941
1.4885367
1.5837716
1.5730004
1.5551705
1.533088
1.5086342
1.4845862
1.4644686
1.448366
1.4386895
1.5149725
1.5059634
1.4904885
1.4704401
1.4485867
1.4271145
1.4075333
1.3928844
1.3842879
1.461282
1.4534158
1.4404057
1.4237747
1.4052458
1.3870568
1.3716465
1.3597124
1.3526284
1.4286173
1.4217466
1.4098446
1.394243
1.3768332
1.3595248
1.3439095
1.3320885
1.3251518
1.39766
1.3907861
1.3792939
1.3643639
1.3475875
1.3308098
1.3161405
1.3047567
1.2979545
1.3726227
1.3663652
1.3555696
1.3412601
1.324864
1.3081941
1.2928862
1.2809666
1.2739205
1.3586764
1.3522389
1.3409282
1.3260402
1.309051
1.291503
1.2760604
1.2645298
1.2577411
2.0373738
2.0291108
2.0121629
1.9902647
1.9719754
1.9592548
1.9496393
1.9449621
1.9417758
2.0431373
2.0333981
2.016815
1.9978964
1.9830189
1.9735662
1.9658532
1.9628316
1.9641985
2.0311871
2.0238491
2.0129889
2.0024077
1.9949041
1.9928006
1.996496
2.002427
2.0086303
2.0247198
2.0252249
2.0293154
2.0400193
2.0613428
2.0924718
2.1253846
2.153916
2.1733423
2.1572628
2.1713975
2.1984657
2.2363032
2.2793851
2.3178529
2.3462249
2.3628738
2.369492
2.3455
2.3529023
2.362273
2.3662977
2.3568277
2.3325092
2.2996352
2.2692686
2.2516047
2.3023802
2.2902002
2.2648973
2.2231627
2.1652745
2.1007935
2.044102
1.9994655
1.9746744
2.1418868
2.1251835
2.0931368
2.0502053
1.9995551
1.9541422
1.9038273
1.8695192
1.8598883
2.0240432
2.0059603
1.9782827
1.9388709
1.8992757
1.8419822
1.7665549
1.7885333
1.7752039
1.9714638
1.9570198
1.9332782
1.8986677
1.8604858
1.8136207
1.7621228
1.740504
1.7265882
1.8797391
1.8684906
1.8478517
1.8181921
1.7836366
1.749381
1.7202294
1.6978341
1.6853681
1.7568471
1.7475983
1.7305451
1.7065959
1.6781756
1.6484712
1.6214391
1.601148
1.5891608
1.6465826
1.6390107
1.6254466
1.6067146
1.5848003
1.562673
1.5433047
1.5282741
1.5193176
1.5731706
1.5668345
1.5557343
1.5406315
1.5229128
1.504345
1.4869493
1.4732865
1.4651221
1.5226307
1.5172757
1.5078082
1.4948952
1.4797105
1.4639828
1.4498121
1.438638
1.4318917
1.4884124
1.4834611
1.4747506
1.4627561
1.4485302
1.4334879
1.4192631
1.4079074
1.4010048
1.4582803
1.4534527
1.4449252
1.433228
1.4193695
1.4049201
1.3918673
1.3816454
1.3755542
1.4403995
1.435681
1.4275183
1.4165514
1.4038905
1.3908069
1.3784407
1.368287
1.3618305
1.9503754
1.9762627
1.9986212
2.0124461
2.0252359
2.0250521
2.0100288
1.9911623
1.9778125
1.8684776
1.8879498
1.9080199
1.9190669
1.9237814
1.9211295
1.9103209
1.8956923
1.8848459
1.7537865
1.7711361
1.7897613
1.7996472
1.7988198
1.7917081
1.7808878
1.769383
1.7610862
1.6645276
1.6744549
1.6856426
1.6915042
1.6891546
1.6796751
1.6678406
1.6570738
1.6500623
1.5980252
1.6047899
1.6105538
1.6123608
1.6092369
1.6015027
1.5914914
1.5821862
1.5761154
1.5498781
1.5551756
1.560069
1.5600749
1.5547624
1.5465833
1.5377996
1.5301238
1.5251594
1.5049059
1.5127875
1.5192162
1.5214371
1.5186093
1.5114802
1.5029426
1.4954419
1.4906977
1.4650811
1.474441
1.4834156
1.4872616
1.4854471
1.4796033
1.4720857
1.4651438
1.4605697
1.4399013
1.4503227
1.4608648
1.4661902
1.4657763
1.4609954
1.4538068
1.4470584
1.4426407
1.1231307
1.169538
1.2462264
1.3247114
1.3836119
1.4138804
1.4194481
1.4201842
1.4232102
1.0968594
1.1414739
1.2155431
1.2926031
1.3514716
1.382547
1.3893316
1.3909221
1.3947342
1.0521419
1.0937769
1.16331
1.2375706
1.295997
1.3278205
1.3363649
1.3395321
1.3442644
0.99348067
1.0313616
1.0949955
1.1650084
1.2221742
1.2543129
1.264277
1.2690698
1.2749492
0.92722418
0.96116096
1.018399
1.0830752
1.1379752
1.1699467
1.1807857
1.1865419
1.1930212
0.8608325
0.8911721
0.94240761
1.0014032
1.0533263
1.0846487
1.0958292
1.1021459
1.1089218
0.80182803
0.82921403
0.87549092
0.92935901
0.9781459
1.0085766
1.019708
1.0261182
1.0329833
0.75667627
0.78192044
0.82462333
0.87463739
0.92075036
0.95028134
0.96133416
0.96758168
0.9742972
0.73004726
0.75406802
0.79475293
0.84253806
0.88699705
0.91589653
0.92685509
0.9329888
0.93962511
0.71726554
0.74070866
0.78044728
0.8271771
0.87082262
0.89939844
0.91030946
0.91636602
0.92293396
0.69086345
0.71313709
0.75096166
0.79554202
0.837484
0.8653401
0.87612847
0.88199943
0.88842142
0.64678429
0.66717912
0.70192043
0.74300174
0.78206406
0.8085698
0.81907519
0.82461972
0.83074512
0.59047326
0.60861138
0.63957856
0.67634957
0.71174439
0.73627814
0.74624427
0.75140404
0.75711781
0.52885513
0.54467653
0.57170509
0.60394739
0.63537437
0.65754444
0.6666974
0.67144932
0.67675197
0.46920703
0.48289626
0.50630576
0.53432674
0.56195757
0.58175549
0.58996442
0.59427164
0.59922438
0.41795725
0.42989644
0.45033365
0.47485157
0.49926657
0.51700548
0.52434868
0.52819258
0.53281683
0.37988613
0.39057271
0.40887294
0.43086693
0.45292137
0.46912519
0.47582277
0.47926024
0.48360215
0.35791802
0.3678978
0.38499003
0.4055595
0.42626475
0.44157651
0.44790199
0.45108816
0.45525588
0.58925128
0.58498172
0.5800053
0.57922744
0.58948842
0.61473609
0.65021525
0.68434235
0.70648579
0.56616653
0.56235327
0.55807794
0.5579636
0.56840632
0.59295366
0.6269754
0.65953235
0.68061997
0.52797515
0.5248618
0.52165002
0.52249806
0.53309617
0.55640135
0.58801834
0.61802611
0.63740565
0.47977426
0.47744543
0.47540734
0.47723927
0.48779294
0.50939752
0.53799392
0.56485864
0.58213628
0.42769805
0.42609236
0.42511392
0.42773439
0.43796803
0.45759069
0.48293769
0.506493
0.52157948
0.37786498
0.37683004
0.3766644
0.37978941
0.38948319
0.40708432
0.42933423
0.44981876
0.46290279
0.33545485
0.33481206
0.33518305
0.33855987
0.34763227
0.36342513
0.38306095
0.40101389
0.41245381
0.30417044
0.30376215
0.30443828
0.30790325
0.31642825
0.33084264
0.3485713
0.36469968
0.37495573
0.28619684
0.2859024
0.2867201
0.29019909
0.29837717
0.31198596
0.3286273
0.34372156
0.35330951
0.34750393
0.35715341
0.3736783
0.39358078
0.41365161
0.42853565
0.43468463
0.43775263
0.44183262
0.32626884
0.33525322
0.35063196
0.36919321
0.38797617
0.40197905
0.40777027
0.41059601
0.41449161
0.29167102
0.29959483
0.31314113
0.3295648
0.34626291
0.35881106
0.3640238
0.36645689
0.37003815
0.24909938
0.25575516
0.26711436
0.28097678
0.29513089
0.30586599
0.31037012
0.3123362
0.31550934
0.20473377
0.21010965
0.21927432
0.23054245
0.24206993
0.25089549
0.25466126
0.25616146
0.25889252
0.16418842
0.16843362
0.17566531
0.18462764
0.19377301
0.20083988
0.20392913
0.20501679
0.20733419
0.13145325
0.13481617
0.14053217
0.14766937
0.15490959
0.16055152
0.16308186
0.16384999
0.16582939
0.10854021
0.11130114
0.11597816
0.12185015
0.12777447
0.13241904
0.13453924
0.13510309
0.13683779
0.095917197
0.098350725
0.10246371
0.10764123
0.11284983
0.11694434
0.11882837
0.11929431
0.12088225
0.090096958
0.09238038
0.096235443
0.10109306
0.10597495
0.10981541
0.11158659
0.11201124
0.11352676
0.078574247
0.080561341
0.083909734
0.088134799
0.092375735
0.095713014
0.097255794
0.097606958
0.098965513
0.060872104
0.062405865
0.064984559
0.068241854
0.071512446
0.074075155
0.075256409
0.075516049
0.076607441
0.041161395
0.042193613
0.043925833
0.046115816
0.048322115
0.050026031
0.05079787
0.050973309
0.051740373
0.023549904
0.024136198
0.025122005
0.026370901
0.02763359
0.02858572
0.029000276
0.029101632
0.029562042
0.010780004
0.011045099
0.01149569
0.012068372
0.012646369
0.013072551
0.013248267
0.013291226
0.013513969
0.0035340157
0.0036199067
0.0037676973
0.0039562676
0.0041453184
0.0042835595
0.0043377819
0.0043490885
0.0044268386
0.00063596521
0.00065134679
0.00067792643
0.00071196996
0.0007458905
0.00077079908
0.00078028064
0.00078191265
0.00079696876
2.4016837e-05
2.4593569e-05
2.5591839e-05
2.6875573e-05
2.8149894e-05
2.90873e-05
2.9437823e-05
2.9497929e-05
3.0098458e-05
0.071082432
0.071137952
0.071784648
0.07335092
0.075906112
0.079385767
0.083341659
0.086826751
0.089017387
0.061968989
0.062011828
0.062579686
0.06397783
0.066233751
0.069266301
0.072702401
0.07573002
0.077634307
0.047982786
0.048007366
0.048449181
0.049570892
0.051352541
0.053698866
0.05634382
0.058676222
0.06014658
0.032427939
0.032437018
0.032735169
0.033520208
0.034751042
0.03633691
0.038112616
0.039681467
0.04067398
0.01854471
0.018546011
0.018715221
0.019174049
0.019891186
0.020801938
0.021813031
0.022707212
0.02327426
0.0084867458
0.0084855785
0.0085618667
0.0087731582
0.0091055726
0.0095263156
0.0099896415
0.010397326
0.010655872
0.0027819975
0.00278101
0.0028055017
0.0028747279
0.0029845234
0.0031238898
0.0032765704
0.003409543
0.0034937493
0.00050066462
0.00050037117
0.00050472133
0.0005171674
0.00053700124
0.00056222746
0.0005898032
0.00061363596
0.00062871009
1.8914048e-05
1.8899259e-05
1.9065035e-05
1.9534837e-05
2.028473e-05
2.1236927e-05
2.2277556e-05
2.3175081e-05
2.374225e-05
0.31672978
0.31578693
0.31303136
0.30766646
0.30023555
0.29176917
0.28409357
0.27950895
0.27804007
0.29667789
0.29577128
0.29317504
0.28815155
0.28121932
0.27337245
0.26628375
0.26203503
0.26069239
0.2642239
0.26337593
0.26104605
0.25658001
0.25044975
0.24358415
0.23742244
0.2337031
0.23254663
0.22464727
0.22387405
0.2218816
0.21810112
0.21293892
0.20723199
0.20215885
0.19906432
0.19810839
0.18380556
0.18312026
0.18148737
0.17841728
0.1742409
0.16968338
0.16568011
0.16321044
0.16243723
0.14682068
0.14623206
0.14493091
0.1425024
0.1392055
0.13564634
0.13256019
0.13064048
0.13001874
0.1171819
0.11668753
0.11565299
0.1137343
0.11113147
0.10834247
0.105953
0.10446135
0.10395796
0.096547388
0.096128423
0.095278221
0.093710867
0.091584538
0.089316139
0.087390606
0.086188296
0.085768889
0.085217327
0.084843205
0.084093613
0.082717461
0.080850175
0.078862169
0.077183905
0.076136644
0.075764417
0.08000203
0.079649608
0.078946166
0.077657494
0.075908803
0.074048485
0.072482282
0.071505285
0.071155056
0.06969125
0.069385828
0.068772211
0.067656142
0.066139966
0.064530098
0.063181704
0.062341778
0.062035445
0.05389659
0.053661627
0.053186323
0.052331032
0.051167879
0.049935225
0.048912026
0.04827608
0.048037834
0.036372358
0.036216216
0.035894493
0.035323655
0.034546167
0.033723454
0.033048124
0.032629449
0.032467987
0.02076999
0.02068552
0.020500406
0.020178509
0.019737836
0.019273016
0.018894906
0.018661509
0.018569543
0.0094933318
0.0094570745
0.0093725133
0.0092264453
0.0090262076
0.0088151945
0.0086449604
0.008540129
0.00849866
0.0031088816
0.0030978875
0.0030706169
0.0030226805
0.0029574654
0.0028884404
0.0028332787
0.0027991992
0.0027858457
0.00055960369
0.00055715816
0.00055253872
0.00054375043
0.00053214843
0.00051964721
0.00050982959
0.00050367336
0.0005012734
2.116179e-05
2.1014518e-05
2.0860938e-05
2.0519774e-05
2.009322e-05
1.961787e-05
1.9255296e-05
1.9021878e-05
1.8931084e-05
0.064580382
0.066665773
0.069678747
0.073440401
0.07706259
0.079140513
0.080096139
0.080206001
0.080067615
0.056168288
0.058008771
0.060645295
0.063971543
0.067155392
0.068955518
0.069788413
0.069882567
0.069750763
0.04333536
0.044746419
0.046841923
0.049462052
0.05196031
0.053340516
0.053988598
0.054064973
0.053942283
0.029170236
0.030113323
0.03156334
0.033367126
0.035075583
0.036000857
0.036447418
0.036508176
0.036406812
0.016632507
0.01718585
0.017988987
0.019048849
0.020026863
0.020554972
0.020818988
0.020867965
0.020802128
0.0076156839
0.0078507544
0.0082039558
0.0087031094
0.009149435
0.0093911384
0.0095145187
0.0095511059
0.0095177075
0.0024968348
0.002577013
0.0026789885
0.00284939
0.0029946156
0.0030750353
0.0031147725
0.0031317216
0.0031221222
0.0004436644
0.00046587161
0.0004825196
0.00051209863
0.00053881647
0.00055287153
0.00056039257
0.00056344592
0.00056225586
1.6336641e-05
1.7544843e-05
1.8369745e-05
1.9289307e-05
2.0359329e-05
2.0842903e-05
2.1157077e-05
2.1263636e-05
2.1195426e-05
0.95891646
0.95507768
0.94848486
0.93965574
0.92945925
0.91894243
0.90927618
0.90161076
0.89696127
0.92726964
0.9236279
0.9173425
0.90893469
0.89921814
0.88917372
0.87993071
0.87258703
0.8681265
0.87329037
0.86998288
0.86423565
0.85652125
0.84759329
0.83834691
0.82981983
0.82302936
0.81889859
0.80255687
0.79962913
0.79455076
0.78771989
0.77978639
0.77154855
0.76393127
0.75784343
0.75413373
0.72318264
0.72067461
0.71629516
0.71039445
0.70352787
0.69637238
0.68973361
0.68440931
0.68115812
0.64474046
0.64260356
0.63888082
0.63384487
0.62796799
0.62182501
0.61610214
0.61149925
0.60868232
0.57632029
0.57449541
0.57129812
0.5669672
0.56190329
0.55659189
0.5516314
0.54763095
0.54517469
0.52498474
0.52337933
0.52056108
0.51672769
0.51224101
0.50752598
0.50310938
0.49954113
0.49734413
0.49519779
0.49370519
0.49109946
0.48754877
0.48338332
0.47900247
0.47489207
0.47156518
0.46951488
0.12569087
0.12540491
0.12489595
0.12418908
0.1233481
0.12243967
0.121563
0.12083629
0.12038076
0.10963527
0.10938939
0.10895172
0.10834257
0.10761716
0.10683311
0.10607545
0.10544602
0.10505092
0.084952822
0.084766705
0.084434233
0.083972007
0.083420575
0.082822717
0.082244337
0.081762489
0.081459104
0.057447427
0.057325323
0.057107227
0.056804244
0.056441338
0.056044974
0.055659893
0.055338127
0.055134792
0.032861916
0.032795399
0.032676634
0.032510449
0.032308821
0.032085863
0.03186758
0.031684437
0.031568641
0.015040045
0.015011538
0.014960193
0.014886698
0.0147959
0.014694312
0.01459421
0.014510154
0.014457053
0.0049302673
0.0049214222
0.0049052022
0.0048813763
0.0048516781
0.0048183024
0.0047852302
0.0047574719
0.0047399777
0.00088720554
0.00088568103
0.00088281881
0.00087852599
0.00087319643
0.00086719586
0.00086120153
0.00085618371
0.00085302083
3.3451637e-05
3.3396733e-05
3.3291604e-05
3.3129441e-05
3.2929753e-05
3.2703854e-05
3.247621e-05
3.2288193e-05
3.2168416e-05
0.49507807
0.49466625
0.49373562
0.49218187
0.49008515
0.48764596
0.48518226
0.48306717
0.48171177
0.46489022
0.46452248
0.46368303
0.4622745
0.4603702
0.45814896
0.45589724
0.45395569
0.45270634
0.41562244
0.41531894
0.41461705
0.41343246
0.4118245
0.40993827
0.40801467
0.40634431
0.40526437
0.35490553
0.35467178
0.35412418
0.3531908
0.35191713
0.35041001
0.34885789
0.34749823
0.34661434
0.29158573
0.29141648
0.29101111
0.29031198
0.28934803
0.28819204
0.28699258
0.28593462
0.28524158
0.23372265
0.2336065
0.23331903
0.2328061
0.23208871
0.23122053
0.23031312
0.22950717
0.22897574
0.18703178
0.1869466
0.18673907
0.18636332
0.18582675
0.18516872
0.18447812
0.18386003
0.18344936
0.15437635
0.15430579
0.15413915
0.15384863
0.1534319
0.15291073
0.15236144
0.15186824
0.15153826
0.13639554
0.13633304
0.13618612
0.13593558
0.13557994
0.1351318
0.13465671
0.13422969
0.13394303
0.12810621
0.12804763
0.12791079
0.12767758
0.12734792
0.12693259
0.12649126
0.1260941
0.125827
0.11170017
0.11164814
0.11153059
0.11132977
0.11104923
0.11069781
0.11032173
0.1099816
0.10975242
0.086507988
0.086465016
0.086373498
0.086219569
0.086009719
0.085749773
0.085469527
0.085213963
0.085041131
0.058474595
0.058443188
0.058378069
0.058272889
0.058134223
0.057965606
0.057784844
0.05761856
0.057505278
0.03344388
0.033424686
0.033384071
0.033321355
0.033240829
0.033145709
0.033046832
0.032955775
0.032893496
0.015306022
0.015296564
0.015276004
0.015246251
0.01520775
0.015162851
0.015119352
0.015080364
0.015053594
0.0050177689
0.0050146164
0.0050074776
0.0049975195
0.0049843052
0.0049689548
0.004954969
0.0049427716
0.004934447
0.00090295159
0.0009025205
0.00090130833
0.00089953282
0.00089709206
0.00089427041
0.00089170135
0.00088941294
0.0008879164
3.4037572e-05
3.4030337e-05
3.3990026e-05
3.392729e-05
3.3835808e-05
3.372711e-05
3.362642e-05
3.3534244e-05
3.3477066e-05
0.11509901
0.11780956
0.12137596
0.12465771
0.12677643
0.12772091
0.12806718
0.12814411
0.12812579
0.10037488
0.10276979
0.10591922
0.10878726
0.11058791
0.11137746
0.11167729
0.1117334
0.1117148
0.077740602
0.079662423
0.082182613
0.084392254
0.085710795
0.086287282
0.086507219
0.086535601
0.08651916
0.052542523
0.053938318
0.055726304
0.057169312
0.057995998
0.058369061
0.058487638
0.058501829
0.058489151
0.030059135
0.030946716
0.032001144
0.032767121
0.033207823
0.033412216
0.033457924
0.033468365
0.033458422
0.013775341
0.01423024
0.014694186
0.015017817
0.015209938
0.015290882
0.015314797
0.015318549
0.015311134
0.0045274579
0.0046894125
0.0048226284
0.0049227649
0.0049857617
0.0050064602
0.0050202011
0.0050203394
0.0050171508
0.00081613019
0.00084550644
0.00086823072
0.00088537841
0.00089654818
0.00090019841
0.00090305834
0.00090331506
0.00090275661
3.0753254e-05
3.177183e-05
3.2753927e-05
3.3396004e-05
3.3778892e-05
3.3957618e-05
3.4032162e-05
3.4069252e-05
3.4049229e-05
