FiniteElementSpace
FiniteElementCollection: L2_2D_P8
VDim: 1
Ordering: 0

4.6029524e-05
4.6052155e-05
4.6082618e-05
4.6107728e-05
4.6116365e-05
4.6104254e-05
4.607589e-05
4.604273e-05
4.6018391e-05
0.0012205502
0.0012211503
0.0012219581
0.0012226239
0.0012228529
0.0012225318
0.0012217797
0.0012209004
0.001220255
0.0067813549
0.0067846891
0.0067891771
0.0067928763
0.0067941488
0.0067923646
0.0067881858
0.0067833005
0.0067797148
0.02067922
0.020689387
0.020703073
0.020714353
0.020718234
0.020712793
0.02070005
0.020685153
0.020674218
0.045145814
0.045168011
0.045197889
0.045222516
0.045230987
0.045219109
0.04519129
0.045158767
0.045134895
0.078829237
0.078867996
0.078920166
0.078963167
0.078977959
0.078957218
0.078908643
0.078851854
0.078810172
0.1164399
0.11649715
0.11657421
0.11663773
0.11665958
0.11662895
0.11655719
0.11647331
0.11641174
0.15013485
0.15020867
0.15030803
0.15038993
0.1504181
0.1503786
0.15028608
0.15017792
0.15009854
0.17202452
0.1721091
0.17222294
0.17231679
0.17234906
0.1723038
0.1721978
0.17207387
0.17198291
4.1271813e-05
4.109473e-05
4.0790032e-05
4.0382828e-05
3.9910968e-05
3.9423528e-05
3.8976165e-05
3.8623686e-05
3.8411327e-05
0.0010943915
0.0010896959
0.0010816163
0.0010708186
0.0010583064
0.0010453811
0.0010335186
0.001024172
0.0010185409
0.0060804195
0.0060543305
0.0060094405
0.0059494486
0.0058799313
0.0058081186
0.0057422104
0.0056902809
0.0056589948
0.018541771
0.018462215
0.018325326
0.018142385
0.017930398
0.01771141
0.017510428
0.017352074
0.017256669
0.040479446
0.040305762
0.040006914
0.039607527
0.039144727
0.038666645
0.038227871
0.037882159
0.037673877
0.070681278
0.070378009
0.069856189
0.069158819
0.068350721
0.067515941
0.066749797
0.066146148
0.065782466
0.10440442
0.10395646
0.10318567
0.10215558
0.10096192
0.099728856
0.098597173
0.097705514
0.097168312
0.13461659
0.134039
0.13304516
0.13171698
0.13017791
0.12858802
0.12712886
0.12597917
0.12528652
0.15424369
0.15358189
0.15244315
0.15092132
0.14915785
0.14733616
0.14566425
0.14434694
0.1435533
1.9969328
1.9979146
1.9992362
2.0003256
2.0007003
2.0001749
1.9989443
1.9975057
1.9964498
2.0360213
2.0370224
2.0383698
2.0394805
2.0398625
2.0393269
2.0380722
2.0366055
2.0355289
2.0999435
2.100976
2.1023657
2.1035113
2.1039053
2.1033528
2.1020588
2.100546
2.0994356
2.1789849
2.1800563
2.1814984
2.182687
2.1830959
2.1825226
2.1811799
2.1796101
2.1784579
2.261793
2.262905
2.2644019
2.2656357
2.2660601
2.265465
2.2640713
2.2624419
2.2612459
2.3378537
2.3390032
2.3405504
2.3418257
2.3422644
2.3416493
2.3402087
2.3385245
2.3372883
2.3995363
2.400716
2.402304
2.403613
2.4040633
2.4034319
2.4019533
2.4002247
2.3989559
2.4428626
2.4440639
2.4456805
2.4470132
2.4474715
2.4468288
2.4453235
2.4435636
2.4422719
2.4667868
2.4679995
2.4696322
2.4709778
2.4714407
2.4707916
2.4692716
2.4674945
2.4661901
1.7905255
1.782843
1.7696241
1.751958
1.731487
1.71034
1.6909317
1.6756399
1.6664269
1.8255738
1.8177409
1.8042632
1.7862513
1.7653796
1.7438187
1.7240305
1.7084393
1.699046
1.8828888
1.87481
1.8609092
1.8423318
1.8208048
1.798567
1.7781575
1.7620768
1.7523886
1.9537604
1.9453775
1.9309534
1.9116768
1.8893395
1.8662646
1.845087
1.8284011
1.8183482
2.0280092
2.0193077
2.0043355
1.9843263
1.9611401
1.9371883
1.9152059
1.8978858
1.8874509
2.0962082
2.0872141
2.0717383
2.0510563
2.0270904
2.0023332
1.9796115
1.961709
1.9509231
2.151515
2.1422836
2.1263996
2.1051718
2.0805736
2.0551632
2.031842
2.0134671
2.0023968
2.1903632
2.1809651
2.1647943
2.1431833
2.1181409
2.0922716
2.0685294
2.0498227
2.0385525
2.2118144
2.2023242
2.1859951
2.1641724
2.1388848
2.1127622
2.0887874
2.0698975
2.0585169
1.9778054
1.9787771
1.9800859
1.9811644
1.9815355
1.981015
1.9797963
1.9783714
1.9773257
1.9375423
1.9384942
1.9397764
1.940833
1.9411964
1.9406866
1.9394927
1.9380968
1.9370724
1.8680592
1.868977
1.8702132
1.8712319
1.8715824
1.8710908
1.8699397
1.8685939
1.8676062
1.7751199
1.775992
1.7771667
1.7781347
1.7784677
1.7780006
1.7769068
1.7756279
1.7746894
1.6678453
1.6686646
1.6697683
1.6706779
1.6709907
1.6705519
1.6695242
1.6683226
1.6674407
1.558101
1.5588664
1.5598975
1.5607472
1.5610395
1.5606295
1.5596694
1.5585469
1.5577231
1.4588078
1.4595244
1.4604898
1.4612853
1.461559
1.4611751
1.4602762
1.4592252
1.4584539
1.3817862
1.382465
1.3833795
1.384133
1.3843922
1.3840286
1.3831772
1.3821817
1.3814511
1.3359725
1.3366288
1.3375129
1.3382415
1.3384921
1.3381405
1.3373173
1.3363548
1.3356485
1.773374
1.765765
1.7526727
1.7351759
1.714901
1.6939565
1.6747342
1.6595888
1.6504641
1.7372726
1.7298186
1.7169928
1.6998521
1.6799899
1.6594719
1.6406409
1.6258038
1.6168649
1.6749715
1.6677848
1.655419
1.638893
1.6197431
1.5999609
1.5818052
1.5675002
1.5588818
1.5916386
1.5848095
1.5730588
1.5573551
1.5391579
1.5203599
1.5031075
1.4895142
1.4813246
1.4954522
1.4890357
1.4779952
1.4632405
1.446143
1.428481
1.4122712
1.3994993
1.3918047
1.3970513
1.3910571
1.380743
1.3669592
1.3509867
1.3344869
1.3193436
1.3074122
1.3002238
1.3080214
1.3024091
1.2927523
1.2798469
1.2648923
1.2494439
1.2352657
1.2240947
1.2173644
1.238961
1.233645
1.2244981
1.212274
1.198109
1.1834763
1.1700467
1.1594654
1.1530905
1.1978827
1.192743
1.1838994
1.1720806
1.1583852
1.1442376
1.1312533
1.1210228
1.1148593
4.5188305e-05
4.5106556e-05
4.4961113e-05
4.4757947e-05
4.4511003e-05
4.4244076e-05
4.3989406e-05
4.3782683e-05
4.3655693e-05
0.0011982439
0.0011960762
0.0011922195
0.0011868322
0.0011802841
0.0011732061
0.0011664531
0.0011609715
0.0011576041
0.0066574213
0.0066453775
0.00662395
0.0065940183
0.006557637
0.0065183116
0.0064807921
0.0064503364
0.0064316274
0.020301294
0.020264567
0.020199226
0.020107951
0.019997009
0.019877089
0.019762676
0.019669804
0.019612753
0.044320745
0.044240566
0.044097916
0.04389865
0.043656447
0.043394645
0.043144864
0.04294211
0.042817558
0.077388582
0.077248581
0.076999499
0.076651561
0.076228649
0.075771515
0.075335372
0.074981343
0.074763863
0.11431189
0.11410509
0.11373717
0.11322322
0.11259853
0.11192329
0.11127906
0.11075612
0.11043487
0.14739104
0.1471244
0.14665001
0.14598734
0.14518188
0.14431124
0.14348058
0.14280631
0.14239211
0.16888066
0.16857514
0.16803158
0.1672723
0.1663494
0.16535183
0.16440006
0.16362748
0.16315288
0.65976903
0.65857546
0.65645193
0.65348562
0.64988013
0.64598287
0.64226458
0.63924634
0.63739223
0.69929625
0.69803118
0.69578043
0.6926364
0.6888149
0.68468416
0.6807431
0.67754403
0.67557884
0.76750937
0.7661209
0.7636506
0.76019989
0.75600562
0.75147194
0.74714645
0.74363533
0.74147844
0.85875016
0.85719662
0.85443266
0.85057173
0.84587885
0.84080621
0.83596651
0.83203799
0.8296247
0.96406424
0.96232018
0.95921725
0.95488283
0.94961443
0.94391971
0.93848648
0.93407618
0.93136693
1.0718028
1.0698639
1.0664142
1.0615954
1.0557382
1.049407
1.0433666
1.0384635
1.0354514
1.1692813
1.167166
1.1634026
1.1581455
1.1517556
1.1448487
1.1382589
1.1329098
1.1296238
1.2448952
1.2426431
1.2386363
1.2330393
1.2262362
1.2188826
1.2118667
1.2061716
1.2026732
1.2898716
1.2875381
1.2833865
1.2775873
1.2705384
1.2629192
1.2556498
1.249749
1.2461242
0.6720512
0.67238162
0.67282639
0.673193
0.6733191
0.67314228
0.67272816
0.67224401
0.67188865
0.71231425
0.71266448
0.7131359
0.71352447
0.71365812
0.71347071
0.71303177
0.71251862
0.71214197
0.78179722
0.78218161
0.78269901
0.78312549
0.78327218
0.78306649
0.78258473
0.78202152
0.78160814
0.87473654
0.87516662
0.87574553
0.8762227
0.87638684
0.87615669
0.87561767
0.8749875
0.87452497
0.98201113
0.98249395
0.98314386
0.98367955
0.98386381
0.98360544
0.98300032
0.98229287
0.98177362
1.0917554
1.0922921
1.0930147
1.0936102
1.0938151
1.0935278
1.0928551
1.0920686
1.0914913
1.1910485
1.1916341
1.1924224
1.1930721
1.1932956
1.1929822
1.1922483
1.1913902
1.1907604
1.26807
1.2686935
1.2695327
1.2702244
1.2704624
1.2701287
1.2693473
1.2684338
1.2677633
1.3138837
1.3145297
1.3153992
1.3161159
1.3163625
1.3160168
1.3152071
1.3142606
1.3135659
0.60258654
0.60000105
0.59555232
0.58960696
0.5827176
0.57560076
0.56906907
0.56392272
0.56082218
0.63868792
0.63594753
0.63123228
0.62493072
0.61762862
0.6100854
0.6031624
0.59770773
0.59442143
0.70098898
0.69798128
0.69280608
0.68588983
0.67787544
0.66959642
0.66199811
0.65601136
0.65240449
0.78432189
0.78095663
0.77516621
0.76742777
0.75846063
0.74919741
0.74069582
0.73399737
0.72996172
0.88050834
0.87673039
0.87022985
0.86154239
0.85147556
0.84107632
0.83153213
0.8240122
0.81948164
0.97890918
0.97470901
0.96748201
0.95782369
0.94663184
0.93507045
0.92445965
0.91609933
0.91106246
1.0679392
1.063357
1.0554727
1.044936
1.0327263
1.0201134
1.0085375
0.99941688
0.99392192
1.1369995
1.1321211
1.1237269
1.1125088
1.0995095
1.086081
1.0737566
1.0640461
1.0581958
1.1780778
1.1730231
1.1643257
1.1527023
1.1392333
1.1253197
1.11255
1.1024887
1.096427
1.9604376
1.956891
1.9505811
1.9417671
1.9310537
1.9194734
1.9084249
1.8994564
1.8939471
1.9988117
1.9951957
1.9887624
1.9797758
1.9688527
1.9570457
1.9457809
1.936637
1.9310198
2.0615657
2.0578362
2.0512008
2.0419321
2.0306661
2.0184884
2.0068699
1.9974389
1.9916454
2.1391626
2.1352927
2.1284076
2.11879
2.1070999
2.0944639
2.0824081
2.0726221
2.0666105
2.2204572
2.2164403
2.2092935
2.1993104
2.1871761
2.1740598
2.1615459
2.151388
2.1451479
2.295128
2.2909759
2.2835888
2.27327
2.2607276
2.2471703
2.2342355
2.223736
2.2172862
2.3556832
2.3514216
2.3438396
2.3332485
2.3203752
2.3064602
2.2931841
2.2824076
2.2757875
2.3982179
2.3938793
2.3861604
2.3753781
2.3622724
2.3481061
2.3345903
2.3236192
2.3168797
2.4217046
2.4173236
2.4095291
2.3986412
2.3854071
2.3711021
2.357454
2.3463754
2.3395698
2.6013823
2.5966762
2.5883034
2.5766076
2.5623916
2.5470253
2.5323645
2.520464
2.5131535
2.6002292
2.5955252
2.5871561
2.5754655
2.5612559
2.5458963
2.5312421
2.5193468
2.5120395
2.59477
2.5900759
2.5817244
2.5700584
2.5558785
2.5405512
2.5259277
2.5140574
2.5067655
2.5811261
2.5764567
2.5681491
2.5565444
2.5424391
2.5271924
2.5126458
2.500838
2.4935844
2.5571067
2.5524807
2.5442504
2.5327537
2.5187797
2.5036749
2.4892637
2.4775657
2.4703796
2.5240388
2.5194727
2.5113488
2.5000008
2.4862075
2.471298
2.4570731
2.4455264
2.4384333
2.4871155
2.4826162
2.4746112
2.4634291
2.4498376
2.4351462
2.4211295
2.4097517
2.4027623
2.4540364
2.4495969
2.4416983
2.430665
2.4172543
2.4027583
2.3889279
2.3777015
2.370805
2.4325467
2.4281461
2.4203167
2.4093801
2.3960867
2.3817177
2.3680085
2.3568803
2.3500443
2.6498092
2.6511121
2.6528658
2.6543113
2.6548084
2.6541112
2.6524784
2.6505694
2.6491683
2.6486341
2.6499377
2.6516902
2.6531349
2.6536318
2.6529348
2.6513027
2.6493945
2.647994
2.6430729
2.6443747
2.6461237
2.6475649
2.6480606
2.647365
2.6457363
2.643832
2.6424344
2.6291757
2.6304702
2.6322101
2.6336436
2.6341367
2.6334446
2.6318245
2.6299301
2.6285399
2.6047095
2.6059918
2.6077154
2.6091355
2.6096239
2.6089383
2.6073333
2.6054564
2.6040793
2.571027
2.5722918
2.573993
2.5753948
2.5758769
2.5752002
2.5736159
2.5717634
2.5704041
2.5334165
2.5346627
2.5363389
2.5377201
2.5381952
2.5375284
2.5359673
2.534142
2.5328025
2.4997213
2.500951
2.502605
2.5039679
2.5044366
2.5037788
2.5022384
2.5004374
2.4991158
2.4778323
2.4790503
2.48069
2.482041
2.4825056
2.4818536
2.4803267
2.4785415
2.4772314
2.0042374
1.9900644
1.9659629
1.9342767
1.8982439
1.8617224
1.8287767
1.8031764
1.7878968
2.003349
1.9891823
1.9650915
1.9334193
1.8974025
1.8608972
1.8279661
1.8023771
1.7871043
1.999143
1.985006
1.9609658
1.9293601
1.8934189
1.8569903
1.8241283
1.7985931
1.7833523
1.9886311
1.9745684
1.9506546
1.9192151
1.8834629
1.8472258
1.8145366
1.7891357
1.773975
1.9701252
1.9561935
1.9325022
1.9013552
1.8659357
1.8300359
1.7976509
1.7724863
1.7574668
1.9446481
1.9308965
1.9075116
1.8767674
1.8418059
1.8063703
1.7744041
1.749565
1.7347397
1.9162005
1.9026501
1.8796072
1.8493128
1.8148628
1.7799456
1.748447
1.7239712
1.7093628
1.8907146
1.8773445
1.8546081
1.8247166
1.7907247
1.7562719
1.7251923
1.701042
1.6866279
1.8741579
1.8609048
1.8383675
1.8087378
1.7750436
1.7408925
1.710085
1.6861463
1.6718583
2.3759193
2.365725
2.3481843
2.3247425
2.2975786
2.2695179
2.2437643
2.2234729
2.2112479
2.3748661
2.3646764
2.3471434
2.323712
2.2965602
2.2685119
2.2427698
2.2224874
2.2102678
2.3698801
2.3597118
2.3422156
2.3188334
2.2917386
2.2637492
2.2380611
2.2178213
2.2056273
2.3574188
2.3473039
2.3298997
2.3066405
2.2796882
2.2518459
2.2262929
2.2061595
2.1940296
2.3354811
2.3254603
2.3082181
2.2851753
2.2584738
2.2308907
2.2055754
2.1856294
2.1736124
2.3052792
2.2953881
2.2783689
2.255624
2.2292678
2.2020414
2.1770535
2.1573654
2.1455038
2.2715561
2.2618096
2.2450394
2.2226273
2.1966566
2.1698284
2.1452061
2.125806
2.114118
2.2413439
2.2317271
2.2151799
2.1930659
2.1674406
2.1409693
2.1166744
2.0975324
2.0859998
2.2217168
2.2121842
2.1957819
2.1738615
2.1484607
2.1222211
2.098139
2.0791646
2.067733
1.9416584
1.9381458
1.9318964
1.9231667
1.912556
1.9010866
1.8901439
1.8812614
1.8758049
1.9021312
1.8986901
1.8925679
1.884016
1.8736212
1.8623853
1.8516654
1.8429637
1.8376183
1.833918
1.8306004
1.8246977
1.8164525
1.8064305
1.7955976
1.7852621
1.7768725
1.7717187
1.7426772
1.7395246
1.7339157
1.7260806
1.7165573
1.7062633
1.696442
1.6884698
1.6835724
1.6373632
1.6344011
1.6291311
1.6217695
1.6128217
1.6031498
1.593922
1.5864316
1.5818302
1.5296246
1.5268574
1.5219342
1.515057
1.506698
1.4976625
1.4890419
1.4820443
1.4777457
1.4321461
1.4295553
1.4249458
1.4185069
1.4106805
1.4022208
1.3941496
1.387598
1.3835733
1.3565322
1.3540782
1.3497121
1.3436131
1.3362
1.3281869
1.3205419
1.3143361
1.310524
1.3115558
1.3091832
1.3049618
1.2990651
1.2918977
1.2841503
1.2767587
1.2707588
1.267073
0.64098987
0.63983028
0.6377672
0.63488532
0.63138245
0.62759613
0.62398367
0.62105134
0.61925
0.6026157
0.60152554
0.59958596
0.59687661
0.59358345
0.5900238
0.58662761
0.58387083
0.58217733
0.53986176
0.53888512
0.53714752
0.53472031
0.53177009
0.52858113
0.5255386
0.5230689
0.52155176
0.46226485
0.46142858
0.45994074
0.4578624
0.45533623
0.45260563
0.45000042
0.4478857
0.44658663
0.38097022
0.38028102
0.37905484
0.377342
0.37526008
0.37300969
0.37086264
0.36911982
0.3680492
0.30629948
0.30574536
0.30475951
0.30338239
0.30170853
0.29989922
0.298173
0.29677177
0.29591099
0.24574429
0.24529972
0.24450877
0.24340391
0.24206097
0.24060936
0.23922441
0.2381002
0.2374096
0.20320957
0.20284195
0.2021879
0.20127427
0.20016378
0.19896342
0.19781818
0.19688856
0.19631749
0.1797228
0.17939767
0.17881921
0.17801118
0.17702904
0.17596742
0.17495454
0.17413237
0.1736273
0.65292291
0.65324367
0.65367575
0.6540318
0.65415429
0.65398248
0.65358016
0.65310976
0.65276454
0.61383435
0.6141359
0.61454211
0.61487685
0.614992
0.61483048
0.61445224
0.61401001
0.61368546
0.54991214
0.55018229
0.5505462
0.55084608
0.55094924
0.55080454
0.55046569
0.55006951
0.54977876
0.47087064
0.47110196
0.47141356
0.47167034
0.47175867
0.47163477
0.47134462
0.47100539
0.47075643
0.38806258
0.38825323
0.38851003
0.38872165
0.38879445
0.38869233
0.38845322
0.38817364
0.38796846
0.31200172
0.312155
0.31236147
0.31253161
0.31259014
0.31250804
0.31231579
0.31209101
0.31192605
0.25031921
0.25044218
0.25060783
0.25074434
0.2507913
0.25072543
0.25057118
0.25039084
0.25025849
0.20699264
0.20709432
0.2072313
0.20734418
0.20738301
0.20732854
0.207201
0.20705187
0.20694243
0.18306862
0.18315856
0.1832797
0.18337954
0.18341388
0.18336571
0.1832529
0.18312101
0.18302422
1.4959525
1.4853739
1.4673846
1.4437342
1.4168395
1.3895801
1.3649896
1.3458816
1.334477
1.4654988
1.4551355
1.4375124
1.4143435
1.3879963
1.3612918
1.3372019
1.3184829
1.3073105
1.4129439
1.4029523
1.3859612
1.3636231
1.3382207
1.3124739
1.2892479
1.2712003
1.2604285
1.3426473
1.3331528
1.3170071
1.2957803
1.2716418
1.2471759
1.2251055
1.2079557
1.1977198
1.261508
1.2525873
1.2374173
1.2174733
1.1947935
1.1718062
1.1510695
1.1349561
1.1253388
1.1785007
1.1701669
1.1559951
1.1373635
1.116176
1.0947013
1.075329
1.0602759
1.0512915
1.1033983
1.0955956
1.082327
1.0648826
1.0450454
1.0249392
1.0068015
0.99270766
0.98429574
1.0451415
1.0377508
1.0251827
1.0086594
0.98986953
0.97082484
0.95364477
0.94029508
0.9323273
1.0104894
1.0033438
0.99119233
0.97521688
0.95704999
0.93863674
0.92202628
0.90911921
0.9014156
0.49385125
0.49035899
0.48442028
0.47661268
0.46773407
0.45873506
0.45061711
0.44430911
0.44054416
0.46428584
0.46100264
0.45541947
0.44807929
0.43973221
0.43127195
0.42364
0.41770963
0.41417009
0.415937
0.41299571
0.40799394
0.40141814
0.39394029
0.38636104
0.37952386
0.37421106
0.3710401
0.35615239
0.35363386
0.34935102
0.34372039
0.33731737
0.33082752
0.32497308
0.32042391
0.31770873
0.29351887
0.29144325
0.2879136
0.28327318
0.27799621
0.27264767
0.2678228
0.26407366
0.26183597
0.23598872
0.23431993
0.23148209
0.2277512
0.22350852
0.21920831
0.21532912
0.21231482
0.21051572
0.18933392
0.18799505
0.18571825
0.18272495
0.17932105
0.17587099
0.17275871
0.17034033
0.16889692
0.156563
0.15545587
0.15357315
0.15109795
0.14828321
0.14543031
0.14285672
0.14085692
0.13966334
0.1384676
0.13748843
0.13582331
0.13363419
0.13114478
0.12862161
0.12634547
0.12457681
0.12352119
0.58543499
0.58292309
0.578601
0.57282485
0.56613159
0.55921732
0.55287154
0.54787167
0.54485938
0.55038673
0.54802521
0.54396186
0.53853152
0.53223896
0.52573863
0.51977276
0.51507222
0.51224026
0.4930717
0.4909561
0.48731589
0.48245104
0.47681377
0.47099035
0.46564574
0.46143469
0.45889765
0.42220015
0.42038863
0.41727165
0.41310605
0.40827904
0.40329265
0.39871625
0.39511048
0.39293809
0.34795136
0.34645842
0.3438896
0.34045657
0.33647845
0.33236897
0.32859738
0.32562573
0.32383538
0.27975236
0.27855204
0.27648671
0.27372656
0.27052816
0.26722414
0.26419179
0.26180259
0.26036315
0.22444552
0.2234825
0.22182549
0.21961102
0.21704493
0.21439412
0.21196127
0.2100444
0.20888954
0.1855973
0.18480097
0.18343076
0.18159958
0.17947765
0.17728565
0.17527389
0.17368881
0.17273384
0.16414614
0.16344185
0.16223
0.16061047
0.15873379
0.15679515
0.1550159
0.15361402
0.15276942
4.6005421e-05
4.5975933e-05
4.5918378e-05
4.5828922e-05
4.5708826e-05
4.5567879e-05
4.542468e-05
4.5303182e-05
4.5226487e-05
0.0012199111
0.0012191292
0.001217603
0.0012152309
0.0012120464
0.0012083089
0.0012045117
0.00120129
0.0011992563
0.0067778038
0.0067734595
0.0067649802
0.006751801
0.0067341077
0.0067133425
0.0066922455
0.0066743457
0.0066630465
0.020668391
0.020655143
0.020629286
0.020589097
0.020535143
0.020471821
0.020407487
0.020352903
0.020318447
0.045122173
0.045093252
0.045036803
0.044949064
0.044831274
0.044693032
0.044552582
0.044433417
0.044358195
0.078787958
0.078737458
0.078638892
0.078485691
0.078280017
0.078038633
0.077793393
0.077585319
0.077453973
0.11637893
0.11630433
0.11615874
0.11593245
0.11562864
0.11527209
0.11490984
0.11460249
0.11440848
0.15005623
0.14996005
0.14977233
0.14948055
0.14908883
0.1486291
0.14816202
0.14776573
0.14751558
0.17193444
0.17182423
0.17160914
0.17127482
0.17082599
0.17029923
0.16976405
0.16930999
0.16902336
0.18297263
0.18285535
0.18262645
0.18227066
0.18179302
0.18123244
0.18066291
0.18017969
0.17987466
0.2068841
0.2067515
0.20649268
0.2060904
0.20555033
0.2049165
0.20427254
0.20372617
0.20338128
0.25018796
0.25002759
0.2497146
0.24922812
0.24857501
0.2478085
0.24702975
0.24636902
0.24595194
0.31183813
0.31163825
0.31124813
0.31064177
0.30982773
0.30887234
0.3079017
0.30707815
0.30655829
0.38785911
0.3876105
0.38712528
0.3863711
0.3853586
0.38417031
0.38296304
0.38193873
0.38129213
0.47062374
0.47032209
0.46973332
0.46881821
0.46758966
0.4661478
0.46468291
0.46344002
0.46265545
0.5496238
0.54927151
0.54858391
0.54751518
0.54608041
0.54439652
0.54268573
0.5412342
0.54031793
0.61351249
0.61311925
0.61235173
0.61115877
0.60955721
0.60767758
0.60576793
0.60414768
0.6031249
0.65258056
0.65216228
0.65134588
0.65007695
0.64837341
0.64637409
0.64434283
0.6426194
0.6415315
0.1830685
0.18315851
0.18327966
0.18337953
0.18341388
0.18336571
0.1832529
0.18312102
0.18302422
0.20699249
0.20709427
0.20723126
0.20734417
0.20738301
0.20732855
0.207201
0.20705188
0.20694243
0.25031904
0.25044211
0.25060777
0.25074432
0.25079129
0.25072543
0.25057118
0.25039085
0.25025849
0.31200151
0.31215491
0.3123614
0.3125316
0.31259014
0.31250805
0.31231579
0.31209102
0.31192605
0.38806232
0.38825312
0.38850994
0.38872163
0.38879445
0.38869235
0.38845322
0.38817365
0.38796846
0.47087031
0.47110183
0.47141345
0.47167032
0.47175867
0.47163478
0.47134463
0.47100541
0.47075643
0.54991176
0.55018214
0.55054608
0.55084606
0.55094924
0.55080456
0.55046569
0.55006953
0.54977876
0.61383393
0.61413573
0.61454197
0.61487682
0.614992
0.6148305
0.61445225
0.61401004
0.61368546
0.65292246
0.65324349
0.6536756
0.65403177
0.65415428
0.6539825
0.65358016
0.65310979
0.65276455
0.16414614
0.16344185
0.16223
0.16061047
0.15873379
0.15679515
0.1550159
0.15361402
0.15276942
0.1855973
0.18480097
0.18343076
0.18159958
0.17947765
0.17728565
0.17527389
0.17368881
0.17273384
0.22444552
0.2234825
0.22182549
0.21961102
0.21704493
0.21439412
0.21196127
0.2100444
0.20888954
0.27975236
0.27855204
0.27648671
0.27372656
0.27052816
0.26722414
0.26419179
0.26180259
0.26036315
0.34795136
0.34645842
0.3438896
0.34045657
0.33647845
0.33236897
0.32859738
0.32562573
0.32383538
0.42220015
0.42038863
0.41727165
0.41310605
0.40827904
0.40329265
0.39871625
0.39511048
0.39293809
0.4930717
0.4909561
0.48731589
0.48245104
0.47681377
0.47099035
0.46564574
0.46143469
0.45889765
0.55038673
0.54802521
0.54396186
0.53853152
0.53223896
0.52573863
0.51977276
0.51507222
0.51224026
0.58543499
0.58292309
0.578601
0.57282485
0.56613159
0.55921732
0.55287154
0.54787167
0.54485938
1.9958871
1.9946078
1.9921109
1.9882299
1.9830197
1.9769049
1.9706924
1.9654214
1.9620941
2.0349552
2.0336508
2.031105
2.0271481
2.0218359
2.0156014
2.0092673
2.0038931
2.0005006
2.0988439
2.0974986
2.0948729
2.0907917
2.0853127
2.0788825
2.0723495
2.0668066
2.0633076
2.1778439
2.176448
2.1737234
2.1694887
2.1638035
2.1571312
2.1503523
2.1446007
2.1409701
2.2606086
2.2591596
2.2563315
2.2519358
2.2460345
2.2391087
2.2320722
2.226102
2.2223334
2.3366295
2.3351318
2.3322086
2.3276651
2.3215654
2.3144066
2.3071335
2.3009626
2.2970673
2.3982797
2.3967425
2.3937422
2.3890788
2.3828181
2.3754705
2.3680055
2.3616717
2.3576736
2.4415835
2.4400186
2.4369641
2.4322165
2.4258428
2.4183625
2.4107627
2.4043146
2.4002443
2.465495
2.4639147
2.4608303
2.4560362
2.4496001
2.4420465
2.4343723
2.4278611
2.4237509
2.4765332
2.4749459
2.4718476
2.4670321
2.4605672
2.4529798
2.4452712
2.4387308
2.4346022
2.4984114
2.49681
2.4936844
2.4888263
2.4823043
2.4746499
2.4668732
2.460275
2.45611
2.5320887
2.5304657
2.527298
2.5223744
2.5157645
2.5080069
2.5001254
2.4934383
2.4892171
2.5696797
2.5680326
2.5648179
2.5598212
2.5531131
2.5452404
2.5372418
2.5304554
2.5261716
2.6033455
2.6016768
2.59842
2.5933578
2.5865619
2.578586
2.5704826
2.5636073
2.5592674
2.6277993
2.6261149
2.6228275
2.6177178
2.610858
2.6028072
2.5946277
2.5876879
2.5833071
2.6416899
2.6399966
2.6366918
2.6315551
2.624659
2.6165656
2.608343
2.6013664
2.5969625
2.6472477
2.645551
2.6422392
2.6370917
2.6301811
2.6220707
2.6138307
2.6068395
2.6024263
2.6484217
2.6467241
2.6434108
2.6382611
2.6313474
2.6232334
2.6149898
2.6079955
2.6035803
2.4778306
2.4790491
2.4806888
2.4820406
2.4825055
2.4818536
2.4803267
2.4785416
2.4772315
2.4997204
2.5009495
2.5026038
2.5039674
2.5044364
2.5037788
2.5022384
2.5004376
2.4991158
2.5334154
2.5346609
2.5363376
2.5377196
2.538195
2.5375284
2.5359673
2.5341422
2.5328026
2.5710259
2.5722902
2.5739916
2.5753942
2.5758766
2.5752001
2.5736158
2.5717637
2.5704042
2.6047095
2.6059901
2.6077139
2.6091348
2.6096236
2.6089382
2.6073332
2.6054567
2.6040795
2.6291759
2.6304688
2.6322087
2.633643
2.6341363
2.6334446
2.6318244
2.6299304
2.6285401
2.6430739
2.6443734
2.6461227
2.6475644
2.6480604
2.647365
2.6457363
2.6438322
2.6424346
2.6486346
2.6499369
2.6516898
2.6531347
2.6536317
2.6529348
2.6513027
2.6493946
2.6479941
2.6498092
2.651112
2.6528657
2.6543112
2.6548084
2.6541112
2.6524784
2.6505695
2.6491683
2.2217168
2.2121842
2.1957819
2.1738615
2.1484607
2.1222211
2.098139
2.0791646
2.067733
2.2413439
2.2317271
2.2151799
2.1930659
2.1674406
2.1409693
2.1166744
2.0975324
2.0859998
2.2715561
2.2618096
2.2450394
2.2226273
2.1966566
2.1698284
2.1452061
2.125806
2.114118
2.3052792
2.2953881
2.2783689
2.255624
2.2292678
2.2020414
2.1770535
2.1573654
2.1455038
2.3354811
2.3254603
2.3082181
2.2851753
2.2584738
2.2308907
2.2055754
2.1856294
2.1736124
2.3574188
2.3473039
2.3298997
2.3066405
2.2796882
2.2518459
2.2262929
2.2061595
2.1940296
2.3698801
2.3597118
2.3422156
2.3188334
2.2917386
2.2637492
2.2380611
2.2178213
2.2056273
2.3748661
2.3646764
2.3471434
2.323712
2.2965602
2.2685119
2.2427698
2.2224874
2.2102678
2.3759193
2.365725
2.3481843
2.3247425
2.2975786
2.2695179
2.2437643
2.2234729
2.2112479
1.9767683
1.9755012
1.9730283
1.9691845
1.9640242
1.957968
1.951815
1.9465945
1.943299
1.9365263
1.935285
1.9328624
1.9290969
1.9240417
1.9181087
1.912081
1.9069668
1.9037384
1.8670798
1.865883
1.8635472
1.8599168
1.8550428
1.8493226
1.8435111
1.8385802
1.8354676
1.7741891
1.7730519
1.7708323
1.7673825
1.762751
1.7573155
1.751793
1.7471075
1.7441497
1.6669707
1.6659022
1.6638168
1.6605754
1.6562239
1.6511168
1.645928
1.6415257
1.6387467
1.557284
1.5562857
1.5543376
1.5513095
1.5472442
1.5424732
1.5376259
1.5335132
1.5309171
1.4580428
1.4571082
1.4552842
1.4524491
1.4486429
1.4441759
1.4396375
1.4357869
1.4333562
1.3810617
1.3801764
1.3784487
1.3757632
1.372158
1.3679269
1.3636281
1.3599808
1.3576784
1.335272
1.3344161
1.3327456
1.3301492
1.3266636
1.3225727
1.3184164
1.3148901
1.3126641
1.3131956
1.3123538
1.310711
1.3081575
1.3047295
1.3007063
1.2966187
1.2931507
1.2909614
1.2674059
1.2665935
1.265008
1.2625435
1.259235
1.2553521
1.2514071
1.2480599
1.2459471
1.1904248
1.1896617
1.1881725
1.1858577
1.1827502
1.1791031
1.1753977
1.1722539
1.1702693
1.0911836
1.0904842
1.0891191
1.0869973
1.0841488
1.0808058
1.0774093
1.0745276
1.0727084
0.98149686
0.98086773
0.97963986
0.97773137
0.97516922
0.9721622
0.96910714
0.96651507
0.96487882
0.87427845
0.87371804
0.87262431
0.8709243
0.86864204
0.86596351
0.86324217
0.86093327
0.85947576
0.78138781
0.78088694
0.77990942
0.77839003
0.77635025
0.77395631
0.77152412
0.76946053
0.76815787
0.71194123
0.71148488
0.71059423
0.70920988
0.70735139
0.70517021
0.70295418
0.701074
0.69988712
0.67169925
0.6712687
0.67042839
0.66912229
0.66736885
0.66531097
0.66322019
0.66144629
0.66032649
1.3138845
1.31453
1.3153995
1.316116
1.3163625
1.3160167
1.3152071
1.3142605
1.3135659
1.2680708
1.2686938
1.269533
1.2702245
1.2704624
1.2701287
1.2693473
1.2684337
1.2677633
1.1910493
1.1916344
1.1924226
1.1930721
1.1932956
1.1929822
1.1922482
1.1913902
1.1907604
1.0917561
1.0922924
1.0930149
1.0936103
1.0938151
1.0935278
1.0928551
1.0920685
1.0914913
0.98201179
0.98249422
0.98314408
0.9836796
0.98386382
0.98360541
0.98300031
0.98229282
0.98177361
0.87473714
0.87516686
0.87574573
0.87622275
0.87638684
0.87615666
0.87561766
0.87498746
0.87452497
0.78179776
0.78218183
0.78269919
0.78312553
0.78327219
0.78306646
0.78258473
0.78202149
0.78160813
0.71231474
0.71266467
0.71313606
0.7135245
0.71365813
0.71347069
0.71303177
0.71251859
0.71214197
0.67205166
0.67238181
0.67282655
0.67319304
0.67331911
0.67314226
0.67272816
0.67224398
0.67188865
1.6460305
1.6367577
1.6209105
1.5999306
1.5758792
1.5512998
1.5289591
1.5114928
1.5010246
1.6125216
1.6034375
1.5879129
1.56736
1.5437983
1.5197193
1.4978334
1.4807227
1.4704675
1.5546942
1.545936
1.5309681
1.5111523
1.4884355
1.46522
1.444119
1.4276219
1.4177345
1.4773454
1.4690228
1.4547996
1.4359697
1.4143831
1.3923227
1.3722714
1.3565951
1.3471996
1.3880659
1.3802463
1.3668827
1.3491907
1.3289086
1.3081813
1.2893418
1.2746128
1.2657852
1.2967311
1.289426
1.2769417
1.2604139
1.2414663
1.2221029
1.2045031
1.1907432
1.1824964
1.2140942
1.2072547
1.195566
1.1800914
1.1623513
1.1442219
1.1277436
1.1148607
1.1071394
1.149993
1.1435145
1.132443
1.1177854
1.100982
1.0838097
1.0682015
1.0559987
1.0486851
1.1118645
1.1056008
1.0948963
1.0807248
1.0644785
1.0478756
1.0327848
1.0209866
1.0139155
1.0934817
1.0873217
1.0767941
1.0628569
1.0468792
1.0305508
1.0157095
1.0041064
0.99715218
1.0553532
1.049408
1.0392475
1.0257962
1.0103757
0.99461661
0.98029286
0.96909432
0.96238259
0.99125199
0.98566782
0.97612452
0.96349023
0.9490063
0.93420445
0.92075071
0.91023236
0.9039283
0.90861512
0.90349648
0.89474877
0.88316775
0.86989129
0.85632341
0.84399125
0.83434978
0.82857126
0.81728031
0.8126762
0.80480782
0.79439093
0.78244903
0.77024501
0.75915249
0.75048019
0.74528253
0.72800086
0.7238997
0.71689086
0.70761191
0.69697455
0.68610369
0.67622291
0.66849797
0.6638681
0.65065197
0.64698655
0.64072239
0.63242931
0.62292215
0.6132063
0.60437534
0.59747116
0.59333321
0.59282466
0.58948501
0.58377758
0.57622156
0.56755935
0.55870701
0.55066091
0.54437035
0.54060016
0.55931567
0.55616479
0.55077997
0.54365104
0.53547846
0.52712649
0.51953519
0.5136002
0.51004312
1.1780778
1.1730231
1.1643257
1.1527023
1.1392333
1.1253197
1.11255
1.1024887
1.096427
1.1369995
1.1321211
1.1237269
1.1125088
1.0995095
1.086081
1.0737566
1.0640461
1.0581958
1.0679392
1.063357
1.0554727
1.044936
1.0327263
1.0201134
1.0085375
0.99941688
0.99392192
0.97890918
0.97470901
0.96748201
0.95782369
0.94663184
0.93507045
0.92445965
0.91609933
0.91106246
0.88050834
0.87673039
0.87022985
0.86154239
0.85147556
0.84107632
0.83153213
0.8240122
0.81948164
0.78432189
0.78095663
0.77516621
0.76742777
0.75846063
0.74919741
0.74069582
0.73399737
0.72996172
0.70098898
0.69798128
0.69280608
0.68588983
0.67787544
0.66959642
0.66199811
0.65601136
0.65240449
0.63868792
0.63594753
0.63123228
0.62493072
0.61762862
0.6100854
0.6031624
0.59770773
0.59442143
0.60258654
0.60000105
0.59555232
0.58960696
0.5827176
0.57560076
0.56906907
0.56392272
0.56082218
4.5282614e-05
4.5354757e-05
4.5469235e-05
4.5604384e-05
4.5737598e-05
4.5851146e-05
4.5935611e-05
4.5989775e-05
4.6017409e-05
0.0012007446
0.0012026576
0.0012056932
0.0012092769
0.0012128093
0.0012158202
0.00121806
0.0012194962
0.001220229
0.0066713154
0.0066819441
0.0066988096
0.0067187205
0.0067383465
0.0067550752
0.006767519
0.0067754988
0.0067795701
0.020343663
0.020376074
0.020427504
0.020488221
0.020548069
0.020599082
0.020637028
0.020661362
0.020673777
0.044413243
0.044484002
0.044596282
0.044728836
0.044859493
0.044970861
0.045053704
0.045106828
0.045133932
0.077550093
0.077673646
0.077869697
0.07810115
0.07832929
0.078523751
0.078668404
0.078761164
0.07880849
0.11455046
0.11473296
0.11502255
0.11536443
0.11570142
0.11598867
0.11620233
0.11633935
0.11640926
0.14769865
0.14793396
0.14830735
0.14874817
0.14918267
0.14955303
0.14982853
0.1500052
0.15009534
0.16923312
0.16950274
0.16993057
0.17043565
0.17093351
0.17135787
0.17167354
0.17187596
0.17197924
0.18009789
0.18038482
0.18084012
0.18137763
0.18190745
0.18235905
0.18269499
0.18291041
0.18302031
0.20363367
0.2039581
0.2044729
0.20508066
0.20567972
0.20619034
0.20657017
0.20681374
0.20693801
0.24625717
0.2466495
0.24727206
0.24800702
0.24873147
0.24934898
0.24980832
0.25010287
0.25025315
0.30693873
0.30742775
0.30820371
0.30911978
0.31002275
0.31079241
0.31136494
0.31173208
0.31191939
0.38176532
0.38237355
0.38333867
0.38447807
0.38560117
0.38655846
0.38727056
0.3877272
0.38796018
0.46322961
0.46396762
0.4651387
0.46652123
0.46788398
0.46904555
0.46990961
0.47046369
0.47074638
0.54098847
0.54185037
0.54321802
0.54483264
0.54642414
0.5477807
0.54878979
0.54943688
0.54976703
0.60387338
0.60483547
0.6063621
0.6081644
0.6099409
0.61145514
0.61258153
0.61330385
0.61367237
0.64232764
0.64335099
0.64497484
0.6468919
0.64878153
0.6503922
0.65159032
0.65235863
0.65275062
0.66114597
0.66219931
0.66387073
0.66584396
0.66778894
0.6694468
0.67068002
0.67147084
0.67187432
0.70075569
0.70187213
0.70364369
0.70573514
0.70779665
0.70955383
0.71086093
0.71169913
0.71212678
0.76911118
0.77033652
0.77228088
0.77457634
0.77683894
0.77876753
0.78020214
0.7811221
0.78159146
0.86054239
0.8619134
0.8640889
0.86665724
0.86918882
0.87134668
0.87295183
0.87398115
0.87450631
0.96607626
0.9676154
0.9700577
0.97294102
0.97578306
0.97820555
0.98000755
0.9811631
0.98175267
1.0740397
1.0757508
1.0784661
1.0816716
1.0848313
1.0875245
1.0895279
1.0908126
1.091468
1.1717216
1.1735884
1.1765506
1.1800477
1.1834947
1.1864328
1.1886184
1.19002
1.190735
1.2474933
1.2494808
1.2526345
1.2563578
1.2600277
1.2631558
1.2654828
1.2669749
1.2677362
1.2925636
1.2946229
1.2978905
1.3017483
1.3055508
1.308792
1.311203
1.312749
1.3135378
1.3142931
1.316387
1.3197096
1.3236322
1.3274987
1.3307943
1.3332459
1.3348179
1.33562
1.3593634
1.3615291
1.3649656
1.3690227
1.3730218
1.3764305
1.378966
1.380592
1.3814216
1.435135
1.4374215
1.4410496
1.4453328
1.4495548
1.4531535
1.4558304
1.457547
1.4584228
1.532817
1.5352591
1.5391341
1.5437089
1.5482182
1.5520618
1.5549209
1.5567544
1.5576898
1.6407804
1.6433945
1.6475425
1.6524395
1.6572664
1.6613808
1.6644413
1.6664039
1.6674052
1.7463143
1.7490965
1.7535113
1.7587233
1.7638606
1.7682396
1.771497
1.7735858
1.7746515
1.8377454
1.8406734
1.8453193
1.8508042
1.8562105
1.8608188
1.8642467
1.8664449
1.8675664
1.9061009
1.9091377
1.9139565
1.9196454
1.9252528
1.9300325
1.9335879
1.9358678
1.937031
1.9457104
1.9488106
1.9537295
1.9595365
1.9652605
1.9701395
1.9737688
1.9760961
1.9772835
4.3593349e-05
4.3461635e-05
4.3232528e-05
4.2921801e-05
4.2555785e-05
4.2171576e-05
4.1813958e-05
4.152906e-05
4.1356156e-05
0.0011559509
0.0011524583
0.0011463832
0.0011381437
0.0011284382
0.0011182502
0.0011087674
0.0011012128
0.001096628
0.0064224425
0.0064030375
0.0063692841
0.0063235058
0.0062695821
0.0062129781
0.0061602916
0.0061183186
0.0060928453
0.019584744
0.01952557
0.019422641
0.019283044
0.019118608
0.018945998
0.018785335
0.018657342
0.018579663
0.042756411
0.042627225
0.042402517
0.042097755
0.041738767
0.041361934
0.041011182
0.040731753
0.040562169
0.074657093
0.074431522
0.074039159
0.073507013
0.072880182
0.072222194
0.071609744
0.071121833
0.070825721
0.11027716
0.10994397
0.1093644
0.10857836
0.10765246
0.10668054
0.10577588
0.10505518
0.10461778
0.14218876
0.14175915
0.14101187
0.13999836
0.13880453
0.13755135
0.13638491
0.13545565
0.13489169
0.16291989
0.16242764
0.1615714
0.16041013
0.15904224
0.15760635
0.15626983
0.15520509
0.1545589
0.17337935
0.17285549
0.17194429
0.17070847
0.16925275
0.16772468
0.16630236
0.16516926
0.16448159
0.19603714
0.19544482
0.19441454
0.19301721
0.19137126
0.18964349
0.1880353
0.18675413
0.18597659
0.23707056
0.23635427
0.23510834
0.23341853
0.23142805
0.22933864
0.22739383
0.22584449
0.2249042
0.29548841
0.29459561
0.29304266
0.29093646
0.2884555
0.28585122
0.28342718
0.28149605
0.28032406
0.3675236
0.36641315
0.36448161
0.36186195
0.35877618
0.35553702
0.35252204
0.35012014
0.34866243
0.44594887
0.44460146
0.44225776
0.43907909
0.43533485
0.43140449
0.42774615
0.42483171
0.42306295
0.52080694
0.51923335
0.51649623
0.51278399
0.50841123
0.50382111
0.49954867
0.49614501
0.49407933
0.58134594
0.57958944
0.57653415
0.57239039
0.56750934
0.56238566
0.55761659
0.55381728
0.55151149
0.61836566
0.61649731
0.61324746
0.60883983
0.60364795
0.59819801
0.59312524
0.589084
0.58663138
0.1797228
0.17939767
0.17881922
0.17801119
0.17702904
0.17596742
0.17495454
0.17413237
0.1736273
0.20320957
0.20284195
0.2021879
0.20127428
0.20016378
0.19896342
0.19781818
0.19688856
0.19631749
0.24574429
0.24529973
0.24450878
0.24340391
0.24206097
0.24060936
0.23922441
0.2381002
0.2374096
0.30629948
0.30574536
0.30475951
0.30338239
0.30170853
0.29989922
0.298173
0.29677177
0.29591099
0.38097023
0.38028103
0.37905484
0.377342
0.37526009
0.37300969
0.37086264
0.36911982
0.3680492
0.46226485
0.46142859
0.45994074
0.45786241
0.45533623
0.45260563
0.45000043
0.4478857
0.44658663
0.53986177
0.53888512
0.53714753
0.53472032
0.53177009
0.52858113
0.5255386
0.5230689
0.52155176
0.60261572
0.60152554
0.59958597
0.59687662
0.59358345
0.5900238
0.58662761
0.58387083
0.58217734
0.64098989
0.63983029
0.63776721
0.63488533
0.63138246
0.62759613
0.62398367
0.62105134
0.61925
0.63648198
0.63455889
0.63121383
0.62667707
0.62133309
0.61572347
0.61050209
0.60634245
0.60381797
0.67461406
0.67257576
0.66903029
0.66422173
0.65855759
0.6526119
0.6470777
0.64266885
0.63999313
0.74041955
0.73818242
0.73429111
0.7290135
0.72279684
0.71627118
0.71019714
0.70535823
0.70242151
0.82843992
0.82593685
0.82158295
0.81567794
0.80872224
0.80142082
0.7946247
0.78921055
0.78592471
0.93003686
0.92722681
0.92233897
0.91570979
0.90790108
0.89970423
0.89207466
0.88599654
0.88230773
1.0339727
1.0308486
1.0254146
1.0180445
1.0093632
1.0002503
0.99176808
0.9850107
0.98090966
1.1280106
1.1246024
1.1186741
1.1106338
1.1011629
1.0912212
1.0819676
1.0745956
1.0701216
1.2009557
1.1973271
1.1910154
1.1824551
1.1723718
1.1617872
1.1519351
1.1440864
1.1393231
1.2443446
1.2405849
1.2340452
1.2251756
1.214728
1.203761
1.193553
1.1854208
1.1804853
1.2652635
1.2614406
1.2547909
1.2457723
1.235149
1.2239976
1.213618
1.2053491
1.2003307
1.3086524
1.3046984
1.2978207
1.2884928
1.2775052
1.2659715
1.2552359
1.2466834
1.2414929
1.3815974
1.377423
1.370162
1.3603141
1.3487141
1.3365374
1.3252035
1.3161742
1.3106944
1.4756354
1.4711768
1.4634216
1.4529034
1.4405138
1.4275083
1.415403
1.4057591
1.3999063
1.5795712
1.5747987
1.5664972
1.5552382
1.5419759
1.5280544
1.5150964
1.5047733
1.4985083
1.6811682
1.6760886
1.6672532
1.65527
1.6411547
1.6263378
1.6125463
1.6015593
1.5948913
1.7691885
1.7638431
1.754545
1.7419345
1.7270801
1.7114874
1.6969739
1.6854116
1.6783945
1.834994
1.8294497
1.8198058
1.8067262
1.7913194
1.7751467
1.7600933
1.748101
1.7408229
1.8731261
1.8674666
1.8576223
1.8442709
1.8285439
1.8120351
1.7966689
1.7844274
1.776998
1.3115559
1.3091832
1.3049618
1.2990651
1.2918977
1.2841503
1.2767587
1.2707588
1.267073
1.3565323
1.3540782
1.3497121
1.3436131
1.3362
1.3281869
1.3205419
1.3143361
1.310524
1.4321461
1.4295553
1.4249458
1.4185069
1.4106805
1.4022208
1.3941496
1.387598
1.3835733
1.5296246
1.5268574
1.5219342
1.515057
1.506698
1.4976625
1.4890419
1.4820443
1.4777457
1.6373632
1.6344011
1.6291311
1.6217695
1.6128217
1.6031498
1.593922
1.5864316
1.5818302
1.7426773
1.7395247
1.7339157
1.7260806
1.7165573
1.7062633
1.696442
1.6884698
1.6835725
1.8339181
1.8306004
1.8246978
1.8164525
1.8064305
1.7955976
1.7852621
1.7768725
1.7717187
1.9021312
1.8986901
1.8925679
1.884016
1.8736212
1.8623854
1.8516654
1.8429638
1.8376183
1.9416584
1.9381458
1.9318964
1.9231668
1.912556
1.9010866
1.8901439
1.8812614
1.8758049
0.67169927
0.67126874
0.67042842
0.66912232
0.66736887
0.66531097
0.6632202
0.66144628
0.6603265
0.71194125
0.71148492
0.71059426
0.70920991
0.70735141
0.70517022
0.70295419
0.70107399
0.69988713
0.78138783
0.78088699
0.77990945
0.77839006
0.77635027
0.77395632
0.77152413
0.76946053
0.76815789
0.87427848
0.8737181
0.87262435
0.87092434
0.86864206
0.86596352
0.86324219
0.86093327
0.85947577
0.98149689
0.98086779
0.9796399
0.97773141
0.97516924
0.97216221
0.96910715
0.96651507
0.96487883
1.0911837
1.0904842
1.0891191
1.0869974
1.0841489
1.0808058
1.0774093
1.0745275
1.0727085
1.1904248
1.1896618
1.1881725
1.1858578
1.1827502
1.1791031
1.1753977
1.1722539
1.1702693
1.267406
1.2665936
1.265008
1.2625436
1.2592351
1.2553521
1.2514071
1.2480599
1.2459471
1.3131956
1.3123539
1.3107111
1.3081576
1.3047295
1.3007063
1.2966188
1.2931507
1.2909615
1.335272
1.3344162
1.3327457
1.3301493
1.3266636
1.3225727
1.3184165
1.3148901
1.3126641
1.3810617
1.3801765
1.3784487
1.3757633
1.3721581
1.3679269
1.3636281
1.3599808
1.3576785
1.4580429
1.4571083
1.4552842
1.4524491
1.4486429
1.4441759
1.4396375
1.4357869
1.4333562
1.557284
1.5562858
1.5543376
1.5513095
1.5472443
1.5424732
1.5376259
1.5335132
1.5309171
1.6669708
1.6659023
1.6638169
1.6605755
1.6562239
1.6511168
1.6459281
1.6415257
1.6387467
1.7741892
1.773052
1.7708324
1.7673826
1.7627511
1.7573155
1.751793
1.7471075
1.7441498
1.8670798
1.8658831
1.8635473
1.8599168
1.8550429
1.8493227
1.8435111
1.8385802
1.8354677
1.9365264
1.9352852
1.9328625
1.929097
1.9240417
1.9181088
1.912081
1.9069668
1.9037384
1.9767684
1.9755013
1.9730283
1.9691846
1.9640243
1.957968
1.951815
1.9465945
1.943299
1.3359716
1.3366285
1.3375126
1.3382414
1.3384921
1.3381406
1.3373173
1.3363549
1.3356485
1.3817853
1.3824647
1.3833791
1.3841329
1.3843922
1.3840286
1.3831772
1.3821817
1.3814511
1.4588068
1.459524
1.4604895
1.4612853
1.461559
1.4611752
1.4602762
1.4592253
1.4584539
1.5580999
1.558866
1.5598971
1.5607471
1.5610395
1.5606295
1.5596694
1.5585469
1.5577231
1.6678441
1.6686642
1.669768
1.6706778
1.6709907
1.6705519
1.6695242
1.6683226
1.6674407
1.7751187
1.7759915
1.7771663
1.7781346
1.7784677
1.7780007
1.7769068
1.775628
1.7746894
1.868058
1.8689765
1.8702128
1.8712318
1.8715824
1.8710909
1.8699398
1.868594
1.8676062
1.937541
1.9384936
1.9397759
1.9408329
1.9411964
1.9406866
1.9394927
1.9380969
1.9370724
1.9778041
1.9787765
1.9800854
1.9811643
1.9815354
1.9810151
1.9797963
1.9783715
1.9773257
1.1978827
1.192743
1.1838994
1.1720806
1.1583852
1.1442376
1.1312533
1.1210228
1.1148593
1.238961
1.233645
1.2244981
1.212274
1.198109
1.1834763
1.1700467
1.1594654
1.1530905
1.3080214
1.3024091
1.2927523
1.2798469
1.2648923
1.2494439
1.2352657
1.2240947
1.2173644
1.3970513
1.3910571
1.3807431
1.3669592
1.3509867
1.3344869
1.3193436
1.3074122
1.3002238
1.4954522
1.4890357
1.4779952
1.4632405
1.446143
1.428481
1.4122712
1.3994993
1.3918047
1.5916386
1.5848095
1.5730589
1.5573551
1.5391579
1.5203599
1.5031075
1.4895142
1.4813246
1.6749715
1.6677848
1.655419
1.638893
1.6197431
1.5999609
1.5818052
1.5675002
1.5588818
1.7372726
1.7298186
1.7169928
1.6998521
1.6799899
1.6594719
1.6406409
1.6258038
1.6168649
1.773374
1.765765
1.7526727
1.7351759
1.714901
1.6939565
1.6747342
1.6595888
1.6504641
1.964529
1.9676588
1.9726253
1.9784886
1.9842679
1.9891941
1.9928585
1.9952083
1.9964072
2.0029835
2.0061744
2.0112381
2.0172161
2.0231086
2.0281312
2.0318673
2.0342631
2.0354855
2.0658681
2.0691596
2.0743822
2.0805479
2.0866253
2.0918056
2.095659
2.0981301
2.0993908
2.1436271
2.1470422
2.1524615
2.1588593
2.1651655
2.1705408
2.1745392
2.1771033
2.1784115
2.2250913
2.2286364
2.2342615
2.2409024
2.2474483
2.2530278
2.2571783
2.2598397
2.2611976
2.2999179
2.303582
2.3093964
2.3162607
2.3230267
2.3287939
2.3330838
2.3358349
2.3372384
2.360599
2.3643603
2.3703281
2.3773734
2.384318
2.3902373
2.3946405
2.397464
2.3989046
2.4032219
2.4070512
2.4131271
2.4202998
2.4273696
2.4333959
2.4378786
2.4407532
2.4422197
2.4267562
2.4306248
2.4367599
2.4440028
2.451142
2.4572271
2.4617538
2.4646564
2.4661374
2.4376168
2.4415075
2.4476694
2.454945
2.4621158
2.4682285
2.4727753
2.475691
2.4771786
2.4591589
2.4630758
2.4692928
2.4766324
2.4838668
2.4900333
2.4946203
2.4975619
2.4990626
2.4923061
2.4962768
2.5025777
2.510016
2.5173481
2.5235976
2.5282465
2.5312276
2.5327486
2.5293042
2.5333363
2.5397304
2.5472794
2.5547201
2.5610626
2.5657804
2.5688058
2.5703494
2.562445
2.5665256
2.573004
2.5806515
2.5881901
2.5946154
2.5993952
2.6024601
2.6040238
2.5865095
2.5906338
2.5971724
2.6048923
2.6125012
2.6189872
2.6238117
2.6269056
2.628484
2.6001843
2.6043278
2.6109011
2.6186615
2.6263109
2.6328311
2.6376813
2.6407913
2.6423782
2.6056558
2.6098072
2.6163937
2.6241708
2.6318365
2.6383704
2.6432308
2.6463475
2.6479376
2.6068079
2.6109656
2.6175561
2.6253354
2.6330041
2.6395407
2.6444032
2.6475212
2.6491119
2.6068061
2.6109705
2.6175647
2.6253376
2.6330056
2.6395412
2.6444035
2.6475214
2.6491117
2.6056665
2.6098248
2.6164211
2.6241788
2.6318415
2.6383722
2.6432316
2.646348
2.6479365
2.6002223
2.6043596
2.6109413
2.6186755
2.6263182
2.6328344
2.6376817
2.6407917
2.6423766
2.5865761
2.590681
2.5972204
2.6049141
2.6125093
2.6189921
2.6238119
2.6269054
2.6284835
2.5625469
2.5665862
2.5730529
2.5806795
2.5881973
2.5946218
2.5993947
2.6024601
2.6040245
2.529424
2.5334058
2.5397825
2.5473101
2.5547276
2.5610689
2.5657804
2.5688053
2.5703505
2.4924442
2.496354
2.5026278
2.5100482
2.5173547
2.5236042
2.5282464
2.5312273
2.5327503
2.4593088
2.4631488
2.4693424
2.476664
2.483873
2.4900398
2.4946197
2.4975622
2.4990643
2.4377536
2.4415761
2.4477181
2.4549752
2.4621226
2.4682336
2.4727753
2.4756907
2.47718
2.4268885
2.4306997
2.4368076
2.4440333
2.4511484
2.4572321
2.4617543
2.4646556
2.4661386
2.4033571
2.4071263
2.4131744
2.4203301
2.4273756
2.4334008
2.4378789
2.4407524
2.4422206
2.3607337
2.3644263
2.3703715
2.377402
2.3843233
2.3902419
2.3946403
2.3974639
2.3989058
2.3000493
2.3036462
2.3094359
2.3162874
2.3230317
2.3287983
2.3330839
2.335835
2.3372402
2.2252137
2.2286932
2.2342965
2.240927
2.2474527
2.2530319
2.2571783
2.2598402
2.2611996
2.1437443
2.147097
2.1524939
2.1588827
2.1651696
2.1705448
2.1745393
2.1771037
2.1784136
2.0659782
2.0692114
2.0744128
2.0805703
2.0866293
2.0918094
2.0956592
2.0981304
2.099393
2.0030924
2.0062237
2.0112678
2.017238
2.0231123
2.028135
2.0318673
2.0342637
2.0354877
1.9646326
1.9677089
1.9726544
1.9785102
1.9842716
1.9891978
1.9928587
1.9952087
1.9964094
1.8912424
1.8855282
1.8755887
1.8621081
1.846229
1.8295606
1.8140458
1.8016858
1.7941846
1.9282622
1.922436
1.912302
1.8985576
1.8823676
1.865373
1.8495544
1.8369526
1.8293045
1.9888011
1.9827921
1.9723399
1.958164
1.9414657
1.9239375
1.9076224
1.8946248
1.8867367
2.0636592
2.057424
2.0465784
2.0318689
2.0145421
1.9963541
1.9794249
1.9659381
1.957753
2.1420845
2.1356123
2.1243545
2.109086
2.0911008
2.0722216
2.054649
2.0406497
2.0321536
2.2141197
2.2074299
2.1957935
2.1800115
2.1614215
2.1419074
2.1237439
2.1092738
2.1004919
2.2725375
2.2656712
2.2537278
2.2375294
2.2184489
2.19842
2.1797772
2.1649254
2.1559118
2.313571
2.3065806
2.2944216
2.2779308
2.2585057
2.2381151
2.2191357
2.2040157
2.1948394
2.3362287
2.32917
2.3168918
2.3002395
2.2806242
2.2600339
2.2408687
2.2256006
2.2163344
2.3466882
2.3395978
2.3272647
2.3105378
2.2908347
2.2701523
2.2509012
2.2355647
2.2262571
2.3674193
2.3602663
2.3478243
2.3309496
2.3110724
2.2902073
2.2707861
2.2553142
2.2459243
2.3993309
2.3920815
2.3794717
2.3623696
2.3422245
2.3210781
2.3013952
2.2857147
2.2761982
2.434951
2.4275939
2.414797
2.397441
2.3769968
2.3555364
2.3355613
2.319648
2.3099903
2.4668517
2.4593982
2.4464336
2.4288502
2.4081382
2.3863967
2.3661599
2.3500381
2.3402538
2.4900233
2.4824999
2.4694135
2.4516649
2.4307584
2.4088126
2.3883857
2.3721125
2.3622363
2.5031856
2.4956224
2.4824668
2.4646245
2.4436074
2.4215456
2.4010107
2.3846515
2.3747231
2.5084521
2.500873
2.4876897
2.4698098
2.4487485
2.4266404
2.4060623
2.3896686
2.3797194
2.5095645
2.501982
2.4887929
2.470905
2.4498344
2.4277164
2.4071292
2.3907283
2.3807746
2.4325468
2.4281461
2.4203168
2.4093801
2.3960867
2.3817177
2.3680085
2.3568803
2.3500443
2.4540364
2.4495969
2.4416983
2.430665
2.4172543
2.4027583
2.3889279
2.3777015
2.370805
2.4871156
2.4826162
2.4746112
2.4634292
2.4498376
2.4351462
2.4211295
2.4097517
2.4027623
2.5240389
2.5194727
2.5113489
2.5000008
2.4862075
2.471298
2.4570731
2.4455264
2.4384333
2.5571067
2.5524807
2.5442504
2.5327537
2.5187797
2.5036749
2.4892637
2.4775657
2.4703796
2.5811262
2.5764567
2.5681491
2.5565444
2.5424391
2.5271924
2.5126458
2.500838
2.4935844
2.59477
2.5900759
2.5817244
2.5700584
2.5558785
2.5405512
2.5259277
2.5140574
2.5067655
2.6002292
2.5955252
2.5871561
2.5754655
2.5612559
2.5458963
2.5312421
2.5193468
2.5120395
2.6013823
2.5966762
2.5883034
2.5766076
2.5623916
2.5470253
2.5323645
2.520464
2.5131535
2.5095645
2.501982
2.4887929
2.470905
2.4498344
2.4277164
2.4071292
2.3907283
2.3807746
2.5084521
2.500873
2.4876897
2.4698098
2.4487485
2.4266404
2.4060623
2.3896686
2.3797194
2.5031856
2.4956224
2.4824668
2.4646245
2.4436074
2.4215456
2.4010107
2.3846515
2.3747231
2.4900233
2.4824999
2.4694135
2.4516649
2.4307584
2.4088126
2.3883857
2.3721125
2.3622363
2.4668517
2.4593982
2.4464336
2.4288502
2.4081382
2.3863967
2.3661599
2.3500381
2.3402538
2.434951
2.4275939
2.414797
2.397441
2.3769968
2.3555364
2.3355613
2.319648
2.3099903
2.3993309
2.3920815
2.3794717
2.3623696
2.3422245
2.3210781
2.3013952
2.2857147
2.2761982
2.3674193
2.3602663
2.3478243
2.3309496
2.3110724
2.2902073
2.2707861
2.2553142
2.2459243
2.3466882
2.3395978
2.3272647
2.3105378
2.2908347
2.2701523
2.2509012
2.2355647
2.2262571
2.3362287
2.32917
2.3168918
2.3002395
2.2806242
2.2600339
2.2408687
2.2256006
2.2163344
2.3135709
2.3065806
2.2944216
2.2779308
2.2585057
2.2381151
2.2191357
2.2040157
2.1948394
2.2725375
2.2656712
2.2537278
2.2375294
2.2184489
2.19842
2.1797772
2.1649254
2.1559118
2.2141197
2.2074299
2.1957935
2.1800115
2.1614215
2.1419074
2.1237439
2.1092738
2.1004919
2.1420845
2.1356123
2.1243545
2.109086
2.0911008
2.0722216
2.054649
2.0406497
2.0321536
2.0636592
2.057424
2.0465784
2.0318689
2.0145421
1.9963541
1.9794249
1.9659381
1.957753
1.9888011
1.9827921
1.9723399
1.958164
1.9414657
1.9239375
1.9076224
1.8946248
1.8867367
1.9282621
1.922436
1.912302
1.8985576
1.8823676
1.865373
1.8495544
1.8369526
1.8293045
1.8912424
1.8855282
1.8755887
1.8621081
1.846229
1.8295606
1.8140458
1.8016858
1.7941846
2.4217046
2.4173236
2.4095291
2.3986412
2.3854071
2.3711021
2.357454
2.3463754
2.3395698
2.3982178
2.3938793
2.3861604
2.3753781
2.3622724
2.3481061
2.3345903
2.3236192
2.3168797
2.3556831
2.3514215
2.3438396
2.3332484
2.3203752
2.3064601
2.2931841
2.2824076
2.2757875
2.2951279
2.2909759
2.2835888
2.27327
2.2607276
2.2471703
2.2342355
2.223736
2.2172862
2.2204572
2.2164402
2.2092935
2.1993104
2.1871761
2.1740598
2.1615459
2.151388
2.1451479
2.1391625
2.1352927
2.1284076
2.11879
2.1070999
2.0944639
2.0824081
2.0726221
2.0666105
2.0615656
2.0578361
2.0512008
2.041932
2.030666
2.0184884
2.0068699
1.9974389
1.9916454
1.9988117
1.9951957
1.9887624
1.9797757
1.9688527
1.9570457
1.9457809
1.936637
1.9310198
1.9604375
1.956891
1.9505811
1.941767
1.9310537
1.9194734
1.9084248
1.8994564
1.8939471
2.6484216
2.6467241
2.6434108
2.6382611
2.6313474
2.6232334
2.6149898
2.6079954
2.6035803
2.6472477
2.645551
2.6422392
2.6370916
2.6301811
2.6220707
2.6138307
2.6068395
2.6024263
2.6416897
2.6399966
2.6366918
2.6315551
2.624659
2.6165656
2.608343
2.6013664
2.5969625
2.6277991
2.6261149
2.6228275
2.6177178
2.610858
2.6028072
2.5946277
2.5876878
2.583307
2.6033454
2.6016768
2.59842
2.5933578
2.5865619
2.5785859
2.5704826
2.5636073
2.5592673
2.5696796
2.5680326
2.5648179
2.5598212
2.5531131
2.5452403
2.5372418
2.5304554
2.5261715
2.5320887
2.5304657
2.527298
2.5223744
2.5157645
2.5080069
2.5001254
2.4934383
2.489217
2.4984113
2.49681
2.4936844
2.4888263
2.4823043
2.4746499
2.4668732
2.460275
2.4561099
2.4765331
2.4749458
2.4718476
2.467032
2.4605671
2.4529797
2.4452711
2.4387308
2.4346021
2.4654949
2.4639147
2.4608303
2.4560362
2.4496001
2.4420465
2.4343723
2.4278611
2.4237508
2.4415835
2.4400185
2.436964
2.4322164
2.4258428
2.4183625
2.4107627
2.4043146
2.4002442
2.3982796
2.3967424
2.3937421
2.3890787
2.3828181
2.3754705
2.3680054
2.3616717
2.3576736
2.3366294
2.3351317
2.3322085
2.327665
2.3215654
2.3144066
2.3071335
2.3009626
2.2970672
2.2606085
2.2591594
2.2563314
2.2519357
2.2460345
2.2391086
2.2320721
2.226102
2.2223334
2.1778438
2.1764479
2.1737234
2.1694886
2.1638034
2.1571312
2.1503523
2.1446007
2.1409701
2.0988438
2.0974984
2.0948728
2.0907916
2.0853127
2.0788824
2.0723495
2.0668066
2.0633076
2.0349551
2.0336507
2.031105
2.027148
2.0218359
2.0156014
2.0092673
2.0038931
2.0005006
1.995887
1.9946077
1.9921108
1.9882299
1.9830197
1.9769049
1.9706924
1.9654214
1.962094
2.4667884
2.4680011
2.4696333
2.4709782
2.4714408
2.4707916
2.4692716
2.4674943
2.46619
2.4428639
2.4440653
2.4456816
2.4470135
2.4474717
2.4468287
2.4453235
2.4435634
2.4422718
2.3995373
2.4007171
2.4023049
2.4036133
2.4040633
2.4034319
2.4019533
2.4002245
2.3989558
2.3378552
2.3390041
2.3405511
2.3418259
2.3422644
2.3416492
2.3402087
2.3385244
2.3372883
2.2617944
2.2629057
2.2644024
2.2656358
2.2660601
2.2654649
2.2640713
2.2624417
2.2612459
2.1789864
2.1800569
2.1814988
2.1826871
2.1830959
2.1825225
2.1811798
2.17961
2.1784579
2.099945
2.1009766
2.1023662
2.1035114
2.1039053
2.1033527
2.1020588
2.1005459
2.0994356
2.0360227
2.0370229
2.0383703
2.0394806
2.0398625
2.0393268
2.0380722
2.0366054
2.0355289
1.9969341
1.9979151
1.9992367
2.0003257
2.0007003
2.0001748
1.9989443
1.9975056
1.9964498
1.8658046
1.8526106
1.8301737
1.8006761
1.767132
1.7331332
1.702463
1.6786309
1.6644067
1.8477092
1.8346431
1.8124239
1.7832123
1.7499936
1.7163245
1.6859517
1.6623508
1.6482645
1.8149383
1.8021039
1.7802788
1.7515853
1.7189558
1.6858838
1.6560498
1.6328674
1.6190309
1.7682835
1.7557791
1.7345149
1.7065591
1.6747683
1.6425464
1.6134793
1.5908929
1.5774121
1.7107533
1.6986557
1.6780834
1.6510371
1.6202806
1.5891071
1.5609857
1.5391341
1.5260919
1.6481198
1.6364651
1.616646
1.5905899
1.5609595
1.5309272
1.5038354
1.4827838
1.4702191
1.5883352
1.5771033
1.5580031
1.5328921
1.5043365
1.4753937
1.4492846
1.4289967
1.4168878
1.5399864
1.5290963
1.5105776
1.486231
1.4585446
1.4304828
1.4051685
1.3854981
1.3737578
1.5104209
1.49974
1.4815768
1.4576976
1.4305428
1.4030197
1.3781913
1.3588986
1.3473837
2.2053079
2.1928844
2.1716528
2.1435444
2.111321
2.0783902
2.0484588
2.0250578
2.0110328
2.2043304
2.1919124
2.1706902
2.1425942
2.1103851
2.077469
2.0475508
2.0241602
2.0101414
2.1997024
2.1873105
2.1661328
2.1380959
2.1059544
2.0731074
2.0432519
2.0199105
2.0059211
2.1881359
2.1758091
2.1547428
2.1268533
2.0948808
2.0622065
2.0325081
2.0092894
1.9953735
2.1677735
2.1555615
2.1346912
2.1070612
2.0753863
2.043016
2.013594
1.9905913
1.976805
2.1397405
2.1276863
2.1070859
2.0798133
2.0485479
2.0165963
1.9875547
1.9648495
1.9512414
2.1084389
2.0965611
2.0762621
2.0493884
2.0185804
1.9870962
1.9584794
1.9361064
1.9226974
2.0803962
2.0686764
2.0486474
2.0221311
1.9917329
1.9606674
1.9324312
1.9103558
1.8971251
2.0621785
2.0505614
2.0307077
2.0044236
1.9742916
1.9434981
1.9155092
1.8936271
1.8805123
2.0529872
2.0414218
2.0216566
1.9954896
1.9654919
1.9348357
1.9069716
1.885187
1.8721306
2.0330764
2.0216232
2.0020497
1.9761365
1.9464297
1.9160708
1.8884769
1.8669036
1.8539739
1.9970178
1.9857677
1.9665414
1.9410878
1.9119079
1.8820874
1.854983
1.8337923
1.8210918
1.9456825
1.9347216
1.9159895
1.8911902
1.8627604
1.8337065
1.8072988
1.7866528
1.7742788
1.8823807
1.8717764
1.8536538
1.8296613
1.8021565
1.7740479
1.7484993
1.728525
1.7165536
1.8134637
1.8032476
1.7857884
1.7626744
1.7361765
1.709097
1.6844838
1.6652408
1.6537078
1.7476813
1.7378358
1.72101
1.6987344
1.6731977
1.6471005
1.6233801
1.6048352
1.5937204
1.694482
1.6849362
1.6686225
1.647025
1.6222657
1.5969628
1.5739645
1.5559841
1.5452077
1.6619505
1.6525879
1.6365875
1.6154046
1.5911206
1.5663036
1.5437468
1.5261115
1.515542
2.2118144
2.2023242
2.1859951
2.1641724
2.1388848
2.1127622
2.0887874
2.0698975
2.0585169
2.1903632
2.1809651
2.1647943
2.1431833
2.1181409
2.0922716
2.0685294
2.0498227
2.0385525
2.151515
2.1422836
2.1263996
2.1051718
2.0805736
2.0551632
2.031842
2.0134671
2.0023968
2.0962082
2.0872141
2.0717383
2.0510563
2.0270904
2.0023332
1.9796115
1.961709
1.9509231
2.0280092
2.0193077
2.0043355
1.9843263
1.9611401
1.9371883
1.9152059
1.8978858
1.8874509
1.9537604
1.9453775
1.9309534
1.9116768
1.8893395
1.8662646
1.845087
1.8284011
1.8183482
1.8828888
1.87481
1.8609092
1.8423318
1.8208048
1.798567
1.7781575
1.7620768
1.7523886
1.8255738
1.8177409
1.8042632
1.7862513
1.7653796
1.7438187
1.7240305
1.7084393
1.699046
1.7905255
1.782843
1.7696241
1.751958
1.731487
1.71034
1.6909317
1.6756399
1.6664269
1.9458109
1.9488593
1.9537583
1.9595578
1.9652642
1.970143
1.973769
1.9760963
1.9772854
1.9062016
1.9091854
1.9139851
1.9196662
1.9252564
1.930036
1.933588
1.9358681
1.9370329
1.8378418
1.8407193
1.8453466
1.8508243
1.856214
1.8608222
1.8642468
1.8664451
1.8675682
1.7464075
1.7491401
1.7535374
1.7587424
1.7638639
1.7682429
1.7714971
1.7735861
1.7746533
1.6408674
1.6434357
1.6475669
1.6524575
1.6572695
1.6613838
1.6644414
1.6664041
1.6674069
1.5328988
1.5352975
1.539157
1.5437257
1.5482211
1.5520647
1.554921
1.5567547
1.5576914
1.4352116
1.4374577
1.441071
1.4453486
1.4495575
1.4531562
1.4558305
1.4575473
1.4584243
1.3594358
1.3615632
1.364986
1.3690376
1.3730244
1.376433
1.3789661
1.3805923
1.3814231
1.3143636
1.31642
1.3197293
1.3236467
1.3275012
1.3307968
1.3332459
1.3348182
1.3356214
1.2926322
1.2946555
1.2979098
1.3017625
1.3055533
1.3087944
1.3112031
1.3127493
1.3135392
1.2475594
1.2495122
1.2526532
1.2563715
1.2600301
1.2631582
1.2654829
1.2669751
1.2677375
1.1717842
1.1736179
1.1765681
1.1800605
1.1834969
1.1864351
1.1886185
1.1900202
1.1907363
1.0740969
1.0757779
1.0784822
1.0816834
1.0848333
1.0875265
1.0895279
1.0908128
1.0914691
0.96612783
0.96763973
0.97007216
0.97295162
0.9757849
0.97820738
0.98000761
0.98116329
0.98175369
0.86058827
0.86193507
0.86410178
0.86666669
0.86919046
0.8713483
0.87295189
0.87398132
0.87450722
0.76915222
0.77035589
0.77229239
0.77458478
0.77684041
0.77876899
0.78020219
0.78112225
0.78159227
0.7007931
0.70188979
0.70365417
0.70574283
0.70779798
0.70955516
0.71086098
0.71169927
0.71212753
0.66118123
0.66221595
0.66388063
0.66585121
0.66779021
0.66944805
0.67068007
0.67147097
0.67187502
0.64236191
0.64336717
0.64498446
0.64689896
0.64878276
0.65039341
0.65159036
0.65235875
0.6527513
0.60390557
0.60485069
0.60637114
0.60817103
0.60994205
0.61145628
0.61258158
0.61330396
0.61367301
0.54101734
0.54186399
0.54322613
0.54483858
0.54642517
0.54778172
0.54878983
0.54943699
0.5497676
0.46325431
0.46397929
0.46514563
0.46652632
0.46788487
0.46904643
0.46990964
0.47046378
0.47074687
0.38178569
0.38238316
0.38334439
0.38448227
0.3856019
0.38655919
0.38727059
0.38772728
0.38796059
0.30695511
0.30743548
0.3082083
0.30912315
0.31002333
0.31079299
0.31136496
0.31173214
0.31191972
0.24627031
0.24665571
0.24727574
0.24800973
0.24873194
0.24934944
0.24980833
0.25010292
0.25025342
0.20364454
0.20396323
0.20447595
0.20508289
0.2056801
0.20619072
0.20657019
0.20681378
0.20693823
0.18010749
0.18038935
0.18084281
0.18137961
0.18190779
0.18235939
0.182695
0.18291044
0.1830205
0.16924214
0.169507
0.1699331
0.17043751
0.17093384
0.17135819
0.17167355
0.171876
0.17197942
0.14770653
0.14793768
0.14830956
0.14874979
0.14918295
0.14955331
0.14982854
0.15000523
0.15009549
0.11455657
0.11473585
0.11502427
0.11536569
0.11570164
0.11598888
0.11620234
0.11633937
0.11640938
0.077554231
0.0776756
0.077870858
0.078102002
0.078329438
0.078523898
0.078668409
0.078761179
0.078808572
0.044415613
0.044485121
0.044596947
0.044729324
0.044859577
0.044970945
0.045053707
0.045106837
0.045133979
0.020344748
0.020376587
0.020427809
0.020488444
0.020548108
0.02059912
0.02063703
0.020661366
0.020673799
0.0066716714
0.0066821122
0.0066989095
0.0067187938
0.0067383592
0.0067550878
0.0067675195
0.0067755001
0.0067795772
0.0012008087
0.0012026879
0.0012057112
0.0012092901
0.0012128116
0.0012158225
0.00121806
0.0012194964
0.0012202302
4.5285029e-05
4.5355902e-05
4.5469911e-05
4.5604882e-05
4.5737684e-05
4.5851233e-05
4.5935614e-05
4.5989784e-05
4.6017458e-05
1.8731261
1.8674666
1.8576223
1.8442709
1.8285439
1.8120351
1.7966689
1.7844274
1.776998
1.834994
1.8294497
1.8198058
1.8067262
1.7913194
1.7751467
1.7600933
1.748101
1.7408229
1.7691885
1.763843
1.754545
1.7419345
1.7270801
1.7114874
1.6969739
1.6854116
1.6783945
1.6811682
1.6760886
1.6672532
1.65527
1.6411547
1.6263378
1.6125463
1.6015593
1.5948913
1.5795712
1.5747987
1.5664972
1.5552382
1.5419759
1.5280544
1.5150964
1.5047733
1.4985083
1.4756354
1.4711768
1.4634216
1.4529034
1.4405138
1.4275083
1.415403
1.4057591
1.3999063
1.3815974
1.377423
1.370162
1.3603141
1.3487141
1.3365374
1.3252035
1.3161742
1.3106944
1.3086524
1.3046984
1.2978207
1.2884928
1.2775052
1.2659715
1.2552359
1.2466834
1.2414929
1.2652635
1.2614406
1.2547909
1.2457723
1.235149
1.2239976
1.213618
1.2053491
1.2003307
1.2443446
1.2405849
1.2340452
1.2251756
1.214728
1.203761
1.193553
1.1854208
1.1804853
1.2009557
1.1973271
1.1910154
1.1824551
1.1723718
1.1617872
1.1519351
1.1440864
1.1393231
1.1280106
1.1246024
1.1186741
1.1106338
1.1011629
1.0912212
1.0819676
1.0745956
1.0701216
1.0339727
1.0308486
1.0254146
1.0180445
1.0093632
1.0002503
0.99176808
0.9850107
0.98090966
0.93003686
0.92722681
0.92233896
0.91570979
0.90790107
0.89970423
0.89207466
0.88599654
0.88230773
0.82843992
0.82593684
0.82158294
0.81567793
0.80872224
0.80142082
0.7946247
0.78921055
0.78592471
0.74041955
0.73818242
0.73429111
0.7290135
0.72279684
0.71627118
0.71019714
0.70535823
0.70242151
0.67461406
0.67257575
0.66903029
0.66422173
0.65855759
0.6526119
0.6470777
0.64266885
0.63999313
0.63648198
0.63455889
0.63121383
0.62667707
0.62133309
0.61572347
0.61050209
0.60634245
0.60381797
1.2898716
1.2875381
1.2833865
1.2775873
1.2705384
1.2629192
1.2556498
1.249749
1.2461242
1.2448952
1.2426431
1.2386363
1.2330392
1.2262362
1.2188826
1.2118667
1.2061716
1.2026732
1.1692813
1.167166
1.1634026
1.1581455
1.1517556
1.1448487
1.1382589
1.1329098
1.1296238
1.0718028
1.0698638
1.0664142
1.0615953
1.0557382
1.049407
1.0433666
1.0384635
1.0354514
0.96406422
0.96232017
0.95921724
0.95488283
0.94961443
0.9439197
0.93848648
0.93407618
0.93136693
0.85875014
0.85719661
0.85443265
0.85057172
0.84587885
0.84080621
0.83596651
0.83203799
0.8296247
0.76750936
0.76612089
0.76365059
0.76019988
0.75600561
0.75147194
0.74714645
0.74363533
0.74147844
0.69929624
0.69803117
0.69578042
0.6926364
0.6888149
0.68468416
0.6807431
0.67754403
0.67557884
0.65976901
0.65857545
0.65645192
0.65348562
0.64988012
0.64598287
0.64226458
0.63924634
0.63739223
0.61836566
0.61649731
0.61324746
0.60883983
0.60364795
0.59819801
0.59312524
0.589084
0.58663138
0.58134593
0.57958944
0.57653415
0.57239039
0.56750934
0.56238566
0.55761659
0.55381728
0.55151149
0.52080694
0.51923335
0.51649623
0.51278399
0.50841123
0.50382111
0.49954867
0.49614501
0.49407933
0.44594886
0.44460146
0.44225776
0.43907909
0.43533485
0.43140449
0.42774615
0.42483171
0.42306295
0.36752359
0.36641315
0.36448161
0.36186195
0.35877618
0.35553702
0.35252204
0.35012014
0.34866243
0.29548841
0.29459561
0.29304266
0.29093646
0.2884555
0.28585122
0.28342718
0.28149605
0.28032406
0.23707056
0.23635427
0.23510833
0.23341853
0.23142805
0.22933864
0.22739383
0.22584449
0.2249042
0.19603714
0.19544482
0.19441454
0.19301721
0.19137126
0.18964349
0.1880353
0.18675413
0.18597659
0.17337935
0.17285549
0.17194429
0.17070847
0.16925275
0.16772468
0.16630236
0.16516926
0.16448159
0.16291989
0.16242764
0.1615714
0.16041013
0.15904224
0.15760635
0.15626983
0.15520509
0.1545589
0.14218876
0.14175915
0.14101187
0.13999836
0.13880453
0.13755135
0.13638491
0.13545565
0.13489169
0.11027716
0.10994397
0.1093644
0.10857836
0.10765246
0.10668054
0.10577588
0.10505518
0.10461778
0.074657093
0.074431522
0.074039158
0.073507013
0.072880182
0.072222194
0.071609744
0.071121833
0.070825721
0.042756411
0.042627225
0.042402517
0.042097755
0.041738767
0.041361934
0.041011182
0.040731753
0.040562169
0.019584744
0.01952557
0.019422641
0.019283044
0.019118608
0.018945998
0.018785335
0.018657342
0.018579663
0.0064224425
0.0064030375
0.0063692841
0.0063235058
0.0062695821
0.0062129781
0.0061602916
0.0061183186
0.0060928453
0.0011559509
0.0011524583
0.0011463832
0.0011381437
0.0011284382
0.0011182502
0.0011087674
0.0011012128
0.001096628
4.3593349e-05
4.3461635e-05
4.3232528e-05
4.29218e-05
4.2555785e-05
4.2171576e-05
4.1813958e-05
4.152906e-05
4.1356156e-05
0.16888066
0.16857514
0.16803158
0.1672723
0.1663494
0.16535183
0.16440006
0.16362748
0.16315288
0.14739104
0.1471244
0.14665
0.14598734
0.14518188
0.14431124
0.14348058
0.14280631
0.14239211
0.11431189
0.11410509
0.11373717
0.11322322
0.11259853
0.11192329
0.11127906
0.11075612
0.11043487
0.077388581
0.07724858
0.076999498
0.07665156
0.076228649
0.075771515
0.075335372
0.074981343
0.074763863
0.044320744
0.044240566
0.044097915
0.04389865
0.043656447
0.043394644
0.043144864
0.04294211
0.042817558
0.020301293
0.020264567
0.020199225
0.020107951
0.019997009
0.019877089
0.019762676
0.019669804
0.019612753
0.0066574211
0.0066453775
0.0066239499
0.0065940183
0.006557637
0.0065183116
0.006480792
0.0064503364
0.0064316274
0.0011982438
0.0011960762
0.0011922195
0.0011868322
0.0011802841
0.0011732061
0.0011664531
0.0011609715
0.0011576041
4.5188304e-05
4.5106556e-05
4.4961113e-05
4.4757947e-05
4.4511003e-05
4.4244076e-05
4.3989406e-05
4.3782683e-05
4.3655693e-05
0.65258054
0.65216224
0.65134585
0.65007693
0.6483734
0.64637408
0.64434282
0.6426194
0.64153148
0.61351247
0.61311921
0.6123517
0.61115874
0.6095572
0.60767758
0.60576792
0.60414768
0.60312489
0.54962378
0.54927148
0.54858389
0.54751516
0.5460804
0.54439651
0.54268572
0.5412342
0.54031792
0.47062373
0.47032206
0.4697333
0.46881819
0.46758965
0.46614779
0.4646829
0.46344002
0.46265544
0.3878591
0.38761048
0.38712526
0.38637108
0.3853586
0.38417031
0.38296304
0.38193873
0.38129213
0.31183812
0.31163823
0.31124812
0.31064176
0.30982772
0.30887234
0.30790169
0.30707815
0.30655829
0.25018795
0.25002758
0.24971459
0.24922811
0.248575
0.2478085
0.24702975
0.24636902
0.24595193
0.2068841
0.20675148
0.20649267
0.20609039
0.20555033
0.2049165
0.20427254
0.20372617
0.20338127
0.18297263
0.18285534
0.18262644
0.18227066
0.18179301
0.18123244
0.18066291
0.18017969
0.17987466
0.17193443
0.17182422
0.17160913
0.17127481
0.17082598
0.17029923
0.16976405
0.16930999
0.16902335
0.15005623
0.14996004
0.14977232
0.14948054
0.14908882
0.1486291
0.14816202
0.14776573
0.14751558
0.11637893
0.11630433
0.11615874
0.11593244
0.11562864
0.11527209
0.11490984
0.11460249
0.11440848
0.078787956
0.078737453
0.078638889
0.078485688
0.078280015
0.078038632
0.077793392
0.077585319
0.077453971
0.045122172
0.045093249
0.045036801
0.044949062
0.044831273
0.044693031
0.044552582
0.044433417
0.044358194
0.02066839
0.020655142
0.020629286
0.020589096
0.020535143
0.020471821
0.020407487
0.020352903
0.020318447
0.0067778036
0.0067734591
0.00676498
0.0067518007
0.0067341076
0.0067133424
0.0066922454
0.0066743457
0.0066630464
0.001219911
0.0012191291
0.001217603
0.0012152309
0.0012120463
0.0012083089
0.0012045117
0.00120129
0.0011992563
4.6005419e-05
4.597593e-05
4.5918377e-05
4.582892e-05
4.5708825e-05
4.5567878e-05
4.5424679e-05
4.5303182e-05
4.5226486e-05
0.17202464
0.17210915
0.17222298
0.17231679
0.17234906
0.1723038
0.1721978
0.17207386
0.17198291
0.15013495
0.15020871
0.15030806
0.15038993
0.1504181
0.15037859
0.15028608
0.15017792
0.15009854
0.11643998
0.11649719
0.11657424
0.11663774
0.11665958
0.11662894
0.11655719
0.11647331
0.11641174
0.078829291
0.078868017
0.078920184
0.078963171
0.078977959
0.078957216
0.078908643
0.07885185
0.078810171
0.045145845
0.045168024
0.045197899
0.045222519
0.045230988
0.045219108
0.04519129
0.045158765
0.045134895
0.020679234
0.020689393
0.020703077
0.020714354
0.020718234
0.020712792
0.02070005
0.020685152
0.020674218
0.0067813595
0.006784691
0.0067891786
0.0067928767
0.0067941488
0.0067923644
0.0067881858
0.0067833002
0.0067797147
0.001220551
0.0012211507
0.0012219584
0.001222624
0.0012228529
0.0012225318
0.0012217797
0.0012209003
0.001220255
4.6029555e-05
4.6052168e-05
4.6082629e-05
4.610773e-05
4.6116365e-05
4.6104253e-05
4.607589e-05
4.6042728e-05
4.6018391e-05
0.99378276
0.98675523
0.9748047
0.95909337
0.94122684
0.92311802
0.90678218
0.89408851
0.88651226
0.95913066
0.95234817
0.94081434
0.92565085
0.9084073
0.89092992
0.87516369
0.86291264
0.85560057
0.90087388
0.89450335
0.88367008
0.86942761
0.85323142
0.8368156
0.822007
0.81050006
0.80363212
0.82577149
0.81993204
0.8100019
0.79694677
0.78210079
0.76705349
0.75347943
0.74293178
0.73663639
0.74276419
0.73751174
0.72857978
0.71683696
0.70348332
0.68994859
0.677739
0.66825161
0.66258904
0.66162486
0.65694618
0.64898995
0.63852991
0.62663502
0.61457882
0.603703
0.59525201
0.59020802
0.59132831
0.58714674
0.58003584
0.57068716
0.56005608
0.54928083
0.53956055
0.53200747
0.52749939
0.53877345
0.53496351
0.52848461
0.5199668
0.51028057
0.50046298
0.4916066
0.4847248
0.48061738
0.50831966
0.50472508
0.49861239
0.49057605
0.48143732
0.47217466
0.46381888
0.45732607
0.45345083
0.13011426
0.12919416
0.1276295
0.12557244
0.1232332
0.12086225
0.11872343
0.11706146
0.11606952
0.11355756
0.11275454
0.11138898
0.10959368
0.1075521
0.10548284
0.10361618
0.1021657
0.10129998
0.088071702
0.087448903
0.086389815
0.084997435
0.083414054
0.081809202
0.080361476
0.079236529
0.078565102
0.059624105
0.059202474
0.058485476
0.057542842
0.056470901
0.055384424
0.054404321
0.053642737
0.053188184
0.03414696
0.033905489
0.033494862
0.032955012
0.032341107
0.031718878
0.031157569
0.030721407
0.030461082
0.015641151
0.015530544
0.015342455
0.015095174
0.014813973
0.014528958
0.014271848
0.014072062
0.01395282
0.0051292164
0.0050929452
0.0050312648
0.0049501739
0.0048579592
0.0047644941
0.0046801798
0.0046146639
0.0045755606
0.00092318811
0.00091665978
0.00090555818
0.00089096293
0.00087436556
0.00085754313
0.00084236773
0.00083057577
0.00082353771
3.4815372e-05
3.4569175e-05
3.415051e-05
3.3600092e-05
3.297417e-05
3.2339761e-05
3.1767465e-05
3.1322765e-05
3.1057345e-05
0.54339575
0.54033456
0.535103
0.52817699
0.52023703
0.51212278
0.50474756
0.49898149
0.49552566
0.51086425
0.50798632
0.50306797
0.4965566
0.48909198
0.48146351
0.47452981
0.46910894
0.46586
0.45766493
0.4550867
0.45068052
0.44484722
0.43815993
0.43132586
0.42511421
0.42025785
0.41734724
0.39188256
0.38967491
0.38590205
0.3809072
0.37518111
0.36932933
0.36401051
0.35985218
0.35735992
0.32296548
0.32114607
0.31803671
0.31392026
0.30920117
0.30437849
0.29999505
0.29656801
0.29451404
0.25966375
0.25820095
0.25570103
0.25239141
0.24859727
0.24471984
0.24119556
0.23844022
0.23678884
0.20832841
0.2071548
0.20514912
0.20249381
0.19944976
0.1963389
0.19351137
0.19130076
0.18997586
0.17226983
0.17129936
0.16964082
0.16744511
0.16492794
0.16235553
0.1600174
0.15818942
0.15709383
0.15235904
0.15150074
0.1500339
0.14809196
0.14586573
0.14359063
0.14152274
0.13990603
0.13893707
0.14316768
0.14236115
0.1409828
0.13915801
0.13706608
0.13492823
0.13298509
0.13146592
0.13055541
0.12494997
0.12424607
0.12304311
0.12145052
0.11962478
0.11775897
0.11606309
0.11473722
0.11394258
0.096907293
0.096361371
0.095428394
0.094193233
0.092777248
0.091330182
0.09001491
0.08898661
0.088370309
0.065605757
0.06523617
0.06460455
0.063768352
0.062809737
0.06183008
0.060939648
0.060243494
0.059826261
0.037572675
0.037361011
0.03699928
0.036520386
0.035971383
0.03541033
0.034900376
0.034501686
0.034262735
0.017210313
0.01711336
0.016947667
0.016728308
0.016476835
0.016219842
0.015986256
0.015803634
0.015694182
0.0056437933
0.0056119993
0.0055576635
0.0054857289
0.0054032632
0.0053189874
0.0052423871
0.0051824998
0.005146607
0.0010158048
0.0010100824
0.0010003027
0.00098735543
0.00097251274
0.00095734426
0.00094355727
0.00093277839
0.00092631818
3.8308144e-05
3.8092337e-05
3.7723524e-05
3.7235257e-05
3.6675508e-05
3.6103472e-05
3.5583536e-05
3.5177041e-05
3.4933413e-05
0.15424369
0.15358189
0.15244315
0.15092132
0.14915785
0.14733616
0.14566425
0.14434694
0.1435533
0.13461659
0.134039
0.13304516
0.13171698
0.13017791
0.12858802
0.12712886
0.12597917
0.12528652
0.10440442
0.10395646
0.10318567
0.10215558
0.10096192
0.099728856
0.098597173
0.097705514
0.097168312
0.070681278
0.070378009
0.069856189
0.069158819
0.068350721
0.067515941
0.066749797
0.066146148
0.065782466
0.040479446
0.040305762
0.040006914
0.039607527
0.039144727
0.038666645
0.038227871
0.037882159
0.037673877
0.018541771
0.018462215
0.018325326
0.018142385
0.017930398
0.01771141
0.017510428
0.017352074
0.017256669
0.0060804195
0.0060543305
0.0060094405
0.0059494486
0.0058799313
0.0058081186
0.0057422104
0.0056902809
0.0056589948
0.0010943915
0.0010896959
0.0010816163
0.0010708186
0.0010583064
0.0010453811
0.0010335186
0.001024172
0.0010185409
4.1271813e-05
4.109473e-05
4.0790032e-05
4.0382828e-05
3.9910968e-05
3.9423528e-05
3.8976165e-05
3.8623686e-05
3.8411327e-05
