FiniteElementSpace
FiniteElementCollection: L2_2D_P8
VDim: 1
Ordering: 0

0.074142736
0.07073034
0.065201169
0.058430383
0.051375352
0.044875971
0.039536939
0.035710599
0.033554876
0.075594027
0.072114836
0.066477436
0.059574117
0.052380988
0.045754386
0.040310846
0.036409609
0.034211689
0.077967349
0.074378927
0.068564537
0.061444483
0.054025522
0.047190874
0.041576431
0.037552711
0.035285786
0.080902024
0.077178535
0.071145292
0.063757241
0.056059032
0.048967129
0.043141359
0.038966188
0.036613936
0.083976545
0.080111552
0.073849027
0.066180209
0.058189444
0.050828027
0.044780861
0.04044702
0.038005376
0.086800554
0.082805587
0.076332463
0.068405753
0.060146271
0.0525373
0.046286776
0.041807195
0.039283442
0.08909072
0.084990348
0.078346436
0.070210586
0.061733184
0.053923456
0.047508017
0.042910245
0.040319905
0.090699361
0.086524952
0.079761076
0.071478323
0.062847851
0.05489711
0.048365832
0.043685042
0.04104793
0.091587619
0.087372328
0.08054221
0.072178341
0.063463347
0.055434741
0.048839499
0.044112868
0.04144993
0.88254213
0.8751305
0.86254556
0.84634576
0.82827215
0.8103765
0.79452728
0.78238153
0.77523348
0.86545462
0.85815074
0.84573902
0.82978355
0.81198706
0.79436168
0.77875348
0.76678986
0.75974757
0.8357869
0.82868442
0.81659538
0.80105944
0.78374186
0.76660363
0.75143106
0.73979997
0.73295689
0.79580019
0.78897461
0.77735507
0.76242666
0.74578606
0.72932889
0.71476569
0.70360329
0.69703933
0.74927807
0.74279315
0.7317404
0.71755101
0.70174231
0.68611574
0.67228948
0.66169388
0.65546683
0.70133835
0.69521802
0.68477999
0.67138711
0.6564675
0.64172797
0.62869041
0.61869953
0.61283039
0.65770743
0.65193121
0.64207241
0.62942887
0.6153457
0.60143639
0.58913473
0.57970917
0.57417478
0.62371263
0.61821118
0.6088133
0.59676565
0.58335025
0.57010284
0.5583864
0.54941057
0.54414122
0.60343905
0.59810264
0.58898596
0.57729957
0.56428585
0.55143772
0.54007603
0.53137279
0.52626354
0.46796171
0.45980721
0.44481533
0.42473163
0.40266184
0.38112693
0.3623937
0.34828368
0.34003318
0.45816153
0.45029911
0.43573377
0.41608362
0.39446335
0.3733677
0.35501576
0.34119371
0.33310972
0.44125699
0.43388081
0.42005316
0.40116015
0.38031486
0.35997772
0.34228344
0.32895844
0.32116243
0.41867371
0.41191078
0.39906188
0.38120003
0.36138921
0.34206827
0.32525258
0.31259254
0.30518336
0.3926672
0.38655438
0.37481117
0.35816165
0.33954362
0.32139724
0.30559471
0.29370185
0.28674149
0.36614672
0.3606362
0.3499837
0.33459152
0.31719484
0.30025075
0.28548455
0.27437549
0.26787651
0.34223594
0.33721986
0.32751138
0.31326305
0.2969749
0.28111794
0.26729011
0.25688886
0.25080868
0.32374692
0.31908511
0.31007811
0.2967159
0.28129103
0.26627636
0.2531772
0.24332409
0.23756927
0.31277409
0.30831232
0.29970938
0.28687209
0.27196237
0.25744817
0.24478282
0.23525539
0.22969418
0.073432515
0.070052807
0.064576602
0.057870674
0.050883225
0.044446101
0.039158212
0.035368525
0.033233452
0.071937616
0.06862671
0.063261987
0.056692574
0.049847372
0.043541292
0.038361051
0.034648512
0.032556903
0.069357832
0.066165658
0.060993322
0.054659498
0.048059774
0.041979839
0.036985369
0.033405967
0.031389367
0.065907152
0.062873796
0.057958792
0.051940088
0.045668712
0.039891265
0.035145279
0.031743959
0.029827688
0.061924229
0.059074185
0.054456206
0.048801226
0.042908844
0.037480543
0.033021367
0.029825597
0.028025131
0.057849611
0.055187101
0.050872984
0.045590103
0.04008544
0.035014321
0.030848559
0.027863071
0.026181076
0.054163025
0.051670189
0.047630998
0.04268478
0.037530912
0.032782961
0.028882671
0.026087439
0.024512633
0.051303348
0.048942127
0.045116196
0.040431126
0.03554937
0.031052099
0.027357736
0.024710085
0.023218425
0.049602364
0.04731943
0.043620349
0.039090615
0.034370716
0.030022554
0.026450678
0.023890812
0.022448608
0.30069731
0.29194118
0.27750748
0.25937005
0.23984228
0.22117549
0.20525668
0.193462
0.18665363
0.30056393
0.29181171
0.27738441
0.25925505
0.23973595
0.22107744
0.2051657
0.19337625
0.1865709
0.29993281
0.29119896
0.276802
0.25871071
0.23923261
0.22061328
0.20473495
0.19297025
0.18617918
0.29835557
0.28966773
0.27534648
0.25735033
0.23797467
0.21945325
0.20365841
0.19195557
0.1852002
0.29557907
0.28697208
0.27278416
0.25495545
0.23576012
0.21741105
0.20176321
0.19016927
0.18347676
0.29175678
0.28326094
0.26925659
0.2516584
0.23271133
0.21459954
0.19915405
0.18771005
0.18110407
0.28748883
0.27911715
0.2653177
0.24797696
0.22930706
0.21146023
0.19624069
0.18496411
0.17845476
0.2836652
0.27540487
0.26178888
0.24467882
0.22625721
0.20864777
0.19363064
0.18250405
0.17608128
0.28118118
0.27299321
0.25949641
0.24253621
0.2242759
0.20682068
0.19193504
0.18090589
0.17453937
0.63010383
0.61733918
0.59615954
0.56913557
0.53951584
0.51063925
0.48553664
0.46662669
0.45557977
0.62980191
0.61703454
0.59586816
0.56887806
0.53927019
0.51041225
0.48531918
0.46641953
0.45537857
0.62848757
0.61574748
0.59459517
0.56768281
0.53813307
0.50934098
0.48430027
0.46543781
0.45442466
0.6251767
0.61251182
0.59145455
0.56469133
0.53530271
0.50666064
0.48175492
0.46298798
0.45203404
0.61932719
0.60681595
0.58594521
0.55942629
0.53032185
0.50194281
0.47727302
0.45867821
0.44782377
0.61127851
0.59896014
0.5783719
0.55218001
0.52346543
0.49544877
0.47110168
0.45274761
0.44202779
0.60227264
0.59017634
0.56991265
0.54409129
0.51580762
0.4881991
0.46420899
0.44612582
0.43555817
0.5942188
0.58231311
0.5623352
0.53684895
0.5089463
0.48170577
0.45803395
0.44019382
0.42976446
0.58897953
0.57720259
0.55741057
0.53214472
0.50448816
0.47748738
0.45402208
0.43633967
0.42600108
0.009943473
0.0090043186
0.0075555111
0.0059129569
0.004370157
0.0031176268
0.0022227885
0.0016628357
0.0013793482
0.010138109
0.0091805717
0.0077034049
0.0060286988
0.0044556997
0.0031786521
0.002266298
0.0016953845
0.0014063479
0.010456402
0.0094688015
0.0079452581
0.0062179736
0.0045955892
0.0032784479
0.0023374499
0.0017486122
0.0014505011
0.010849979
0.0098252053
0.008244316
0.0064520169
0.0047685663
0.003401848
0.002425431
0.0018144296
0.0015050977
0.01126231
0.010198593
0.0085576248
0.006697213
0.0049497862
0.0035311285
0.0025176047
0.0018833834
0.0015622959
0.011641046
0.010541557
0.0088454053
0.0069224305
0.0051162403
0.0036498752
0.0026022681
0.0019467188
0.0016148336
0.011948186
0.010819687
0.0090787845
0.0071050735
0.0052512283
0.0037461744
0.0026709269
0.0019980815
0.0016574398
0.012163925
0.01101505
0.009242713
0.0072333642
0.0053460456
0.0038138161
0.0027191538
0.0020341593
0.0016873669
0.012283051
0.011122925
0.0093332309
0.0073042037
0.0053984018
0.0038511664
0.0027457836
0.0020540807
0.001703892
0.013194388
0.011948187
0.010025707
0.0078461368
0.0057989345
0.0041369025
0.0029495061
0.0022064825
0.0018303117
0.01318854
0.011942891
0.010021263
0.007842659
0.0057963641
0.0041350689
0.0029481988
0.0022055045
0.0018295004
0.013160851
0.011917817
0.010000223
0.0078261933
0.0057841946
0.0041263873
0.002942009
0.002200874
0.0018256594
0.013091648
0.01185515
0.0099476401
0.0077850415
0.0057537801
0.0041046898
0.0029265393
0.0021893014
0.0018160597
0.01296982
0.011744829
0.0098550693
0.0077125954
0.0057002365
0.0040664924
0.0028993055
0.0021689282
0.0017991598
0.012802097
0.011592948
0.0097276261
0.0076128581
0.0056265226
0.0040139056
0.0028618125
0.0021408801
0.0017758935
0.01261482
0.011423358
0.009585324
0.0075014922
0.0055442141
0.0039551875
0.002819948
0.0021095619
0.0017499146
0.01244704
0.011271425
0.0094578372
0.0074017208
0.0054704749
0.0039025827
0.0027824421
0.0020815043
0.0017266403
0.012338043
0.011172723
0.0093750164
0.0073369051
0.0054225708
0.0038684084
0.0027580767
0.0020632769
0.0017115204
0.098382933
0.09385489
0.086518014
0.07753359
0.06817199
0.059547704
0.05246313
0.047385808
0.044525294
0.098339325
0.093813289
0.086479665
0.077499224
0.068141773
0.059521309
0.052439876
0.047364805
0.044505559
0.098132861
0.093616327
0.086298101
0.077336514
0.067998709
0.059396344
0.052329779
0.047265363
0.044412119
0.097616856
0.093124071
0.085844326
0.076929861
0.067641157
0.059084025
0.052054617
0.047016831
0.044178591
0.096708453
0.092257477
0.085045476
0.076213967
0.067011702
0.058534201
0.051570207
0.046579301
0.043767473
0.095457845
0.091064427
0.08394569
0.075228388
0.066145124
0.057777252
0.050903315
0.04597695
0.043201484
0.094061424
0.089732277
0.082717676
0.074127897
0.065177509
0.056932048
0.050158667
0.045304369
0.042569504
0.092810388
0.088538819
0.081617514
0.073141981
0.064310635
0.05617484
0.049491547
0.044701811
0.042003321
0.091997662
0.087763498
0.080902802
0.072501488
0.063747477
0.055682926
0.049058157
0.044310364
0.041635504
0.66515127
0.65829095
0.64669766
0.6318356
0.61530984
0.59900404
0.58463465
0.5736669
0.56722807
0.65144011
0.64469571
0.6332911
0.61868866
0.60246605
0.58646519
0.57236395
0.56159055
0.55526411
0.62782874
0.62129668
0.61023959
0.59608733
0.58037507
0.56488842
0.55123834
0.54080993
0.53469003
0.59632523
0.59007716
0.57949884
0.56596557
0.55094588
0.5361556
0.52312003
0.51316392
0.5073292
0.56003184
0.55412233
0.54410827
0.53130758
0.51711438
0.50314596
0.49083037
0.48142872
0.47592421
0.52297735
0.51742276
0.50800174
0.49596919
0.48263356
0.46951353
0.45794832
0.44912606
0.44396563
0.48950333
0.48427635
0.47540296
0.46407776
0.45153308
0.43919266
0.42831547
0.42002168
0.4151732
0.46356635
0.45859718
0.45015413
0.43938477
0.42745972
0.41572887
0.40539162
0.39751429
0.39291062
0.44815334
0.44333784
0.43515246
0.42471611
0.41316119
0.40179576
0.39178373
0.38415522
0.37969755
0.21891646
0.21648716
0.21233128
0.20706453
0.20123431
0.19551112
0.19048937
0.18666949
0.18443858
0.20581173
0.20352341
0.1996075
0.19464679
0.18915575
0.18376717
0.17903995
0.17544436
0.17334447
0.18438011
0.18232392
0.17880289
0.17434529
0.16941193
0.1645732
0.16032999
0.15710276
0.15521799
0.15787693
0.15610986
0.15308177
0.14925124
0.1450127
0.14085842
0.13721703
0.13444763
0.13283024
0.13010813
0.12864659
0.12614014
0.12297239
0.11946804
0.11603595
0.11302876
0.11074149
0.10940564
0.10460049
0.10342215
0.10139962
0.098845652
0.096020821
0.093255972
0.090834069
0.08899168
0.087915556
0.083915326
0.082968152
0.081341159
0.079288082
0.077017441
0.074795997
0.072850363
0.071370043
0.070505333
0.069386928
0.068602876
0.067255158
0.06555524
0.063675301
0.061836603
0.060226338
0.059001028
0.058285194
0.061365188
0.06067142
0.059478399
0.057973926
0.056310169
0.054683178
0.053258327
0.052174059
0.051540549
0.29746749
0.29479535
0.29017819
0.28425883
0.27765781
0.27114521
0.26539943
0.26100349
0.25842533
0.27979243
0.27727983
0.27293359
0.26736041
0.26114442
0.25501181
0.2496017
0.24546232
0.24303476
0.25085616
0.24860497
0.24470396
0.2397005
0.23411714
0.22860846
0.22374982
0.2200313
0.21785031
0.21502426
0.21309604
0.20974871
0.20545456
0.20065698
0.19592307
0.19174999
0.18855402
0.18667873
0.17742474
0.17583497
0.17307017
0.16952208
0.16555145
0.16163292
0.1581806
0.15553397
0.15397988
0.14283236
0.1415538
0.13932518
0.13646363
0.13325626
0.13008988
0.12730044
0.12515958
0.12390147
0.11473541
0.11370901
0.11191543
0.10961102
0.10702496
0.10447051
0.10221919
0.10049
0.09947347
0.094971838
0.094122239
0.09263414
0.0907211
0.088572665
0.086449458
0.084577389
0.083139177
0.082293754
0.084046953
0.083294809
0.081975349
0.080278576
0.078372445
0.076488206
0.074826503
0.073550023
0.072799783
0.22443815
0.21790288
0.2071299
0.19359224
0.17901695
0.16508418
0.15320252
0.14439901
0.13931726
0.21986919
0.21346687
0.20291328
0.18965118
0.17537262
0.16172348
0.1500837
0.14145942
0.13648111
0.21198445
0.20581155
0.19563652
0.18285
0.16908351
0.15592384
0.14470149
0.13638649
0.13158669
0.20143794
0.19557198
0.18590323
0.17375286
0.16067129
0.14816634
0.13750232
0.12960102
0.12504
0.18926465
0.18375309
0.17466862
0.16325257
0.15096153
0.13921231
0.12919272
0.12176893
0.11748354
0.17681106
0.17166218
0.16317534
0.15251055
0.14102823
0.13005214
0.12069182
0.11375653
0.10975313
0.16554342
0.1607227
0.1527766
0.14279151
0.1320409
0.1217643
0.11300047
0.10650716
0.1027589
0.15680312
0.15223697
0.14471032
0.13525247
0.12506944
0.11533544
0.10703432
0.10088383
0.09733349
0.15160424
0.1471895
0.13991237
0.13076812
0.12092271
0.11151145
0.10348555
0.097538979
0.094106364
0.074092433
0.071935161
0.068378592
0.063909584
0.059097914
0.054498392
0.050575961
0.047669697
0.045992107
0.069656711
0.067628607
0.064284969
0.060083503
0.055559897
0.051235733
0.047548128
0.044815853
0.043238693
0.06240291
0.060586024
0.057590596
0.053826645
0.049774117
0.04590025
0.04259666
0.040148912
0.038735988
0.05343341
0.051877684
0.049312827
0.046089877
0.042619846
0.039302785
0.036474039
0.034378117
0.033168275
0.044036509
0.042754372
0.0406406
0.037984432
0.035124654
0.032390933
0.030059658
0.028332327
0.027335246
0.03540528
0.034374433
0.032674984
0.03053942
0.028240169
0.026042259
0.024167919
0.022779148
0.021977493
0.028405682
0.02757862
0.026215166
0.024501795
0.022657109
0.020893722
0.019389939
0.018275727
0.017632557
0.023489079
0.022805159
0.021677708
0.020260893
0.018735497
0.017277325
0.016033826
0.015112468
0.014580619
0.020774235
0.020169357
0.019172219
0.017919157
0.016570066
0.015280428
0.014180651
0.013365783
0.012895405
0.15129268
0.14925756
0.14562461
0.14004128
0.13290912
0.12581424
0.11963714
0.11496341
0.11226027
0.1421608
0.14024928
0.13685347
0.13164137
0.12495234
0.11828129
0.1124753
0.10808051
0.10553891
0.12724965
0.12553918
0.12252366
0.1179076
0.11194042
0.1059627
0.10076327
0.096824982
0.094547379
0.10884882
0.10738563
0.1048288
0.10093113
0.095850702
0.090730777
0.086280782
0.082907534
0.080956217
0.089613586
0.088408451
0.086320328
0.083153852
0.078994089
0.074773484
0.071107867
0.068327158
0.066717739
0.071982391
0.071013754
0.069347125
0.06683374
0.063510829
0.060116851
0.057170981
0.054934951
0.053639838
0.057709051
0.056932005
0.05560184
0.053605673
0.050954458
0.048231205
0.045868523
0.044074429
0.043034513
0.047696217
0.047053693
0.045957401
0.044318179
0.042134732
0.039882759
0.037929457
0.036445866
0.035585413
0.042171822
0.041603567
0.04063564
0.039191347
0.037264689
0.035272986
0.03354565
0.032233531
0.031472258
0.0098482239
0.0089180657
0.0074831364
0.0058563164
0.004328295
0.0030877629
0.0022014963
0.0016469073
0.0013661353
0.0096477391
0.0087365166
0.0073307988
0.0057370967
0.004240182
0.0030249039
0.0021566794
0.0016133804
0.0013383243
0.0093017575
0.0084232127
0.007067906
0.0055313562
0.004088123
0.0029164266
0.0020793379
0.0015555223
0.0012903301
0.008838978
0.0080041424
0.0067162647
0.0052561611
0.0038847314
0.002771329
0.001975887
0.0014781322
0.0012261338
0.0083048178
0.0075204333
0.0063103851
0.004938519
0.003649968
0.0026038511
0.0018564795
0.0013888052
0.0011520356
0.0077583604
0.0070255884
0.0058951614
0.0046135642
0.0034097999
0.0024325175
0.0017343231
0.0012974218
0.0010762316
0.0072639428
0.0065778683
0.00551948
0.0043195552
0.0031925033
0.0022775003
0.0016237997
0.0012147409
0.0010076465
0.0068804241
0.0062305726
0.0052280648
0.0040914931
0.0030239468
0.0021572538
0.001538067
0.0011506055
0.00095444522
0.0066523008
0.0060239954
0.0050547261
0.003955838
0.0029236866
0.0020857291
0.0014870718
0.0011124567
0.0009228002
0.0032511444
0.002944076
0.00247037
0.0019333161
0.0014288782
0.0010193476
0.00072676886
0.00054368518
0.00045099535
0.003056508
0.0027678228
0.0023224763
0.0018175742
0.0013433355
0.00095832224
0.00068325935
0.00051113635
0.00042399559
0.0027382157
0.0024795931
0.0020806231
0.0016282994
0.001203446
0.00085852647
0.00061210751
0.0004579087
0.00037984242
0.0023446389
0.0021231893
0.0017815652
0.0013942562
0.0010304689
0.00073512635
0.00052412637
0.00039209129
0.00032524585
0.001932307
0.0017498019
0.0014682563
0.0011490601
0.00084924904
0.00060584587
0.00043195268
0.0003231375
0.0002680476
0.0015535719
0.001406838
0.0011804758
0.00092384255
0.00068279493
0.00048709915
0.00034728929
0.00025980205
0.00021550986
0.0012464318
0.0011287072
0.0009470966
0.00074119954
0.00054780686
0.0003908
0.00027863045
0.00020843937
0.00017290372
0.0010306928
0.00093334456
0.00078316811
0.00061290881
0.00045298956
0.00032315827
0.00023040362
0.00017236158
0.00014297663
0.0009115663
0.00082546947
0.00069265028
0.00054206938
0.00040063345
0.00028580794
0.00020377378
0.0001524402
0.00012645152
0.024241903
0.023126179
0.021318347
0.019104553
0.016797822
0.014672767
0.012927103
0.011676032
0.010971192
0.022790612
0.021741683
0.02004208
0.01796082
0.015792186
0.013794352
0.012153195
0.010977023
0.010314379
0.020417291
0.019477592
0.01795498
0.016090453
0.014147652
0.012357864
0.010887611
0.0098339204
0.0092402813
0.017482616
0.016677985
0.015374225
0.013777695
0.012114142
0.010581609
0.0093226826
0.008420444
0.0079121315
0.014408096
0.013744968
0.012670489
0.011354728
0.00998373
0.0087207106
0.007683181
0.0069396115
0.0065206915
0.011584087
0.011050933
0.010187054
0.0091291839
0.0080269037
0.007011438
0.0061772657
0.005579437
0.005242626
0.0092939213
0.0088661715
0.0081730808
0.0073243508
0.0064399906
0.0056252817
0.0049560248
0.0044763863
0.0042061626
0.0076852803
0.0073315676
0.0067584407
0.0060566134
0.005325323
0.0046516282
0.0040982098
0.0037015897
0.0034781377
0.0067970228
0.0064841919
0.0059773065
0.0053565958
0.0047098271
0.0041139974
0.0036245425
0.0032737635
0.0030761379
0.4210785
0.41093252
0.39411762
0.37281901
0.34965999
0.32727962
0.30798754
0.29355936
0.28517494
0.42479842
0.41456277
0.39759933
0.37611257
0.35274896
0.33017087
0.31070836
0.29615272
0.28769424
0.43052446
0.42015086
0.40295876
0.38118237
0.35750383
0.3346214
0.31489655
0.30014471
0.29157221
0.43691596
0.42638836
0.40894102
0.38684135
0.36281127
0.33958914
0.31957145
0.30460061
0.29590084
0.44264006
0.43197451
0.41429862
0.39190941
0.36756452
0.34403815
0.32375821
0.30859123
0.29977749
0.44679786
0.43603217
0.41819021
0.3955907
0.37101713
0.34726977
0.32679934
0.31148989
0.30259336
0.44915965
0.43833698
0.42040076
0.39768177
0.37297833
0.34910544
0.3285268
0.31313643
0.30419287
0.45010423
0.43925923
0.42128515
0.39851847
0.373763
0.34983993
0.32921797
0.31379524
0.30483288
0.45030432
0.43945376
0.4214719
0.39869503
0.37392871
0.34999499
0.32936394
0.31393435
0.304968
0.032546028
0.030514456
0.027276262
0.02340967
0.019511265
0.016055649
0.013329905
0.011448367
0.010417863
0.033183093
0.031111755
0.027810175
0.023867898
0.019893184
0.016369927
0.013590828
0.011672461
0.010621785
0.034224897
0.032088528
0.028683293
0.024617246
0.020517743
0.016883871
0.014017521
0.012038925
0.010955263
0.035513115
0.033296334
0.029762926
0.025543834
0.021290026
0.017519377
0.014545137
0.012492068
0.011367617
0.036862721
0.034561695
0.030894007
0.026514576
0.022099112
0.018185166
0.015097896
0.012966804
0.01179962
0.038102361
0.035723954
0.031932928
0.027406223
0.022842273
0.018796707
0.015605617
0.013402858
0.012196425
0.039107662
0.036666504
0.032775453
0.028129315
0.023444948
0.019292643
0.016017359
0.013756483
0.012518218
0.039813798
0.037328562
0.033367254
0.028637224
0.023868275
0.019640996
0.016306572
0.014004873
0.012744249
0.040203712
0.037694136
0.033694034
0.028917681
0.024102028
0.019833348
0.016466269
0.014142028
0.012869059
0.040383707
0.037862896
0.033844884
0.029047147
0.024209934
0.019922143
0.016539989
0.014205343
0.012926675
0.040740465
0.038197384
0.034143877
0.029303756
0.02442381
0.02009814
0.016686107
0.014330836
0.013040872
0.041289625
0.038712265
0.034604119
0.029698755
0.02475303
0.020369052
0.016911027
0.014524008
0.013216656
0.041902604
0.039286981
0.035117846
0.030139658
0.025120509
0.020671448
0.017162086
0.014739629
0.013412868
0.042451577
0.039801686
0.035577931
0.030534522
0.025449617
0.020942268
0.017386929
0.014932736
0.013588593
0.042850334
0.040175552
0.035912122
0.03082134
0.025688671
0.021138983
0.017550248
0.015073002
0.013716233
0.043076841
0.040387921
0.036101954
0.030984262
0.025824462
0.021250724
0.017643019
0.015152678
0.013788737
0.043167471
0.040472893
0.036177909
0.03104945
0.025878794
0.021295434
0.017680138
0.015184558
0.013817748
0.043186614
0.040490841
0.036193952
0.031063219
0.02589027
0.021304877
0.017687978
0.015191292
0.013823875
0.091997663
0.0877635
0.080902804
0.072501489
0.063747477
0.055682926
0.049058157
0.044310365
0.041635504
0.09281039
0.088538821
0.081617516
0.073141982
0.064310635
0.05617484
0.049491547
0.044701811
0.042003321
0.094061426
0.089732279
0.082717678
0.074127898
0.06517751
0.056932048
0.050158667
0.045304369
0.042569504
0.095457846
0.091064429
0.083945691
0.075228389
0.066145124
0.057777252
0.050903315
0.04597695
0.043201484
0.096708455
0.092257479
0.085045477
0.076213968
0.067011702
0.058534201
0.051570207
0.046579302
0.043767473
0.097616858
0.093124073
0.085844327
0.076929862
0.067641157
0.059084025
0.052054617
0.047016831
0.044178591
0.098132862
0.093616329
0.086298102
0.077336514
0.06799871
0.059396344
0.052329779
0.047265363
0.044412119
0.098339326
0.093813289
0.086479665
0.077499224
0.068141773
0.059521309
0.052439876
0.047364805
0.044505559
0.098382933
0.09385489
0.086518014
0.07753359
0.06817199
0.059547704
0.05246313
0.047385809
0.044525295
0.77182269
0.76463632
0.75245605
0.73680241
0.71937089
0.70213898
0.68690499
0.67525595
0.66841338
0.75639241
0.74931722
0.73731687
0.72191518
0.70477072
0.68781971
0.67283628
0.66137764
0.65464561
0.72970257
0.72283282
0.71116585
0.69619857
0.67954888
0.66310087
0.64856879
0.63745537
0.63093017
0.69392001
0.68733057
0.67613893
0.66178899
0.64582976
0.63007633
0.61616566
0.60553022
0.59928914
0.65251195
0.64626265
0.63563868
0.62202808
0.60690065
0.59197803
0.57880444
0.56873588
0.56283185
0.61004862
0.6041593
0.594142
0.58131801
0.56706887
0.55302205
0.54062799
0.53115771
0.52560644
0.57155459
0.56600198
0.55655126
0.5444602
0.53102894
0.51779346
0.50611855
0.49720021
0.49197511
0.54164876
0.53636378
0.52736171
0.51585032
0.5030674
0.4904735
0.47936619
0.47088371
0.46591473
0.52384731
0.51872277
0.5099926
0.49883099
0.48643669
0.47422783
0.46346255
0.45524326
0.45042824
0.51526154
0.51021546
0.50161737
0.49062521
0.47841863
0.46639604
0.45579583
0.44770244
0.44296222
0.49744038
0.49255796
0.4842348
0.4735974
0.46178497
0.45015133
0.43989584
0.43206616
0.42748117
0.46745656
0.46285308
0.45499687
0.44496019
0.43381657
0.42284348
0.41317352
0.40579316
0.40147171
0.4287589
0.42452001
0.41727742
0.40802696
0.39775607
0.38764594
0.37874001
0.37194314
0.36796425
0.38593701
0.38210708
0.37555269
0.36718343
0.35789173
0.34874815
0.34069588
0.33455102
0.33095482
0.34402892
0.34060351
0.33473097
0.32723511
0.31891236
0.31072414
0.30351562
0.29801429
0.29479489
0.30768141
0.30460808
0.29933312
0.29260335
0.2851288
0.27777634
0.27130589
0.26636686
0.26347651
0.2804836
0.27767538
0.27285049
0.2666981
0.25986259
0.25313928
0.24722422
0.2427081
0.24006504
0.26471392
0.26206019
0.25749775
0.25168147
0.24521753
0.2388602
0.23326833
0.22899801
0.22649849
0.59365164
0.58839622
0.57941642
0.56790551
0.55508674
0.54243269
0.53124324
0.5226716
0.51764019
0.57331958
0.56823338
0.55953851
0.54839611
0.53598715
0.52373776
0.51290689
0.50460998
0.49974065
0.53905986
0.53426235
0.52605305
0.51553672
0.50382525
0.49226453
0.48204413
0.47421647
0.46962356
0.49475757
0.49033855
0.48277004
0.47307571
0.46227656
0.4516171
0.44219663
0.43498369
0.43075247
0.44563204
0.44163962
0.43479173
0.42602161
0.41624933
0.4066032
0.39808218
0.39156103
0.38773625
0.3974659
0.39389824
0.38776732
0.37991424
0.37116118
0.36252243
0.35489523
0.34905926
0.34563611
0.35563134
0.35243593
0.34693454
0.33988577
0.33202708
0.3242724
0.31742848
0.31219229
0.30912122
0.32429415
0.32138012
0.31635342
0.30991136
0.30272856
0.29564118
0.28938737
0.28460312
0.28179735
0.30611151
0.30336158
0.2986122
0.29252402
0.28573524
0.27903714
0.27312741
0.26860614
0.26595443
0.33609956
0.32799946
0.31457874
0.29758138
0.27909651
0.26123393
0.2458348
0.23431877
0.22762637
0.32925718
0.32132255
0.3081743
0.29152341
0.2734147
0.25591588
0.24083022
0.22954855
0.22299259
0.31744905
0.30979992
0.29712217
0.28106895
0.26360952
0.24673835
0.23219372
0.22131646
0.2149959
0.30165429
0.29438708
0.28233928
0.26708512
0.25049434
0.23446259
0.2206417
0.21030539
0.20429952
0.28342308
0.27659647
0.26527654
0.25094428
0.23535634
0.22029334
0.20730787
0.19759601
0.19195314
0.26477223
0.25839592
0.24782124
0.23443179
0.21986989
0.20579788
0.19366706
0.1845941
0.17932242
0.24789797
0.24192843
0.23202835
0.21949179
0.20585827
0.19268285
0.18132527
0.17283043
0.16789451
0.23480904
0.22915454
0.21977791
0.20790286
0.19498949
0.18250955
0.17175176
0.16370539
0.1590299
0.22702371
0.2215564
0.21249115
0.20100958
0.18852457
0.17645831
0.16605727
0.15827767
0.1537571
0.22327026
0.21789314
0.20897802
0.19768615
0.18540766
0.17354085
0.16331181
0.15566083
0.15121494
0.21548512
0.21029501
0.20169127
0.19079289
0.17894273
0.16748961
0.15761732
0.15023312
0.14594214
0.20239708
0.19752116
0.18944085
0.17920402
0.16807395
0.15731635
0.14804378
0.14110812
0.13707759
0.18552485
0.18105376
0.17364802
0.16426416
0.15406232
0.1442014
0.13570193
0.12934452
0.1256498
0.16687686
0.16285343
0.1561928
0.14775193
0.13857584
0.12970609
0.12206101
0.11634274
0.11301925
0.14864831
0.14506308
0.13913025
0.13161142
0.12343782
0.11553703
0.10872705
0.10363355
0.10067301
0.13285538
0.12965037
0.12434772
0.11762787
0.11032268
0.10326142
0.097174914
0.09262269
0.089976672
0.12104814
0.11812769
0.11329603
0.10717358
0.10051757
0.094083993
0.088538353
0.084390781
0.081979935
0.11420617
0.11145072
0.10689194
0.10111568
0.094835842
0.08876598
0.083533757
0.079620661
0.077346098
0.30749053
0.30312246
0.29471087
0.28212578
0.2674649
0.25319181
0.24073574
0.23136523
0.22589736
0.29654543
0.2923668
0.28434462
0.27228051
0.2581367
0.24436341
0.23234157
0.22329644
0.21802211
0.27818635
0.27431242
0.266923
0.25572655
0.24245496
0.22952084
0.2182297
0.20973122
0.20478194
0.25459507
0.25109224
0.24447906
0.23438226
0.22223996
0.21038581
0.20003765
0.19224356
0.18771239
0.22861817
0.22550333
0.21969951
0.21078808
0.19989871
0.18923615
0.17993113
0.17291574
0.16884489
0.20332104
0.20056873
0.19551121
0.18772368
0.17806128
0.16856213
0.16027709
0.15402375
0.15040067
0.18147702
0.17902932
0.17458642
0.16774256
0.15914256
0.15065078
0.14324929
0.13765711
0.13442031
0.16518825
0.16296411
0.15896354
0.15280628
0.14499876
0.13726007
0.13051885
0.12542162
0.12247277
0.15576542
0.15366958
0.14991922
0.14415235
0.13680291
0.12950067
0.1231419
0.11833173
0.11554949
0.032234268
0.030222157
0.027014981
0.023185428
0.019324365
0.015901851
0.013202217
0.011338702
0.01031807
0.03157806
0.02960691
0.026465024
0.022713431
0.01893097
0.01557813
0.012933453
0.011107875
0.01010802
0.030445626
0.028545165
0.025515951
0.021898895
0.018252079
0.015019476
0.012469641
0.010709531
0.0097455321
0.0289309
0.02712499
0.024246486
0.020809385
0.017344004
0.01427223
0.011849254
0.010176712
0.009260674
0.027182538
0.025485763
0.022781214
0.019551825
0.016295865
0.013409726
0.011133175
0.0095617097
0.0087010298
0.025393925
0.023808799
0.021282209
0.018265314
0.015223597
0.012527365
0.010400612
0.0089325487
0.0081285015
0.023775645
0.022291534
0.019925956
0.017101319
0.014253441
0.011729033
0.0097378114
0.0083633035
0.007610496
0.022520348
0.021114594
0.018873913
0.016198411
0.013500894
0.011109768
0.0092236784
0.0079217412
0.0072086801
0.021773677
0.020414531
0.018248141
0.015661346
0.013053266
0.010741419
0.0089178635
0.0076590926
0.0069696733
0.021413687
0.020077013
0.01794644
0.015402413
0.012837453
0.010563828
0.0087704222
0.0075324629
0.0068544419
0.020667015
0.019376949
0.017320667
0.014865348
0.012389826
0.010195479
0.0084646073
0.0072698143
0.0066154351
0.019411719
0.01820001
0.016268625
0.013962439
0.011637278
0.0095762146
0.0079504743
0.006828252
0.0062136193
0.017793438
0.016682745
0.014912372
0.012798444
0.010667123
0.0087778824
0.0072876738
0.0062590068
0.0056956137
0.016004826
0.015005781
0.013413367
0.011511933
0.0095948541
0.0078955218
0.0065551102
0.0056298458
0.0051230855
0.014256464
0.013366554
0.011948095
0.010254373
0.0085467152
0.0070330174
0.005839032
0.0050148432
0.0045634412
0.012741738
0.011946379
0.010678629
0.0091648628
0.0076386408
0.0062857709
0.0052186445
0.0044820244
0.0040785831
0.011609304
0.010884634
0.0097295562
0.0083503269
0.0069597494
0.0057271171
0.0047548325
0.0040836802
0.0037160952
0.010953096
0.010269387
0.0091795999
0.0078783306
0.0065663545
0.0054033958
0.004486069
0.0038528531
0.0035060455
0.048782275
0.046537086
0.042899163
0.03844432
0.033802457
0.029526184
0.026013363
0.023495819
0.02207746
0.047081291
0.04491439
0.041403317
0.037103809
0.032623802
0.028496638
0.025106306
0.022676546
0.021307643
0.044221613
0.042186328
0.038888515
0.034850155
0.03064226
0.026765777
0.02358137
0.021299192
0.020013435
0.040535027
0.038669416
0.035646528
0.031944832
0.028087733
0.024534417
0.021615482
0.01952356
0.018344992
0.036460409
0.034782331
0.032063307
0.028733708
0.025264329
0.022068195
0.019442674
0.017561034
0.016500937
0.032477484
0.03098272
0.028560722
0.025594847
0.022504461
0.019657472
0.017318762
0.015642672
0.014698379
0.029026805
0.027690857
0.025526192
0.022875437
0.020113399
0.017568898
0.015478672
0.013980664
0.013136701
0.02644702
0.025229806
0.023257528
0.020842361
0.018325802
0.016007446
0.014102991
0.012738119
0.011969164
0.024952121
0.023803709
0.021942912
0.019664261
0.017289949
0.015102636
0.013305829
0.012018106
0.011292616
1.2020885
1.1939033
1.1800579
1.1620808
1.1419419
1.1218342
1.1039002
1.0901096
1.0819675
1.1938482
1.1856266
1.1717221
1.1537012
1.1335023
1.1133461
1.095393
1.0815959
1.0734455
1.1778615
1.1696263
1.1556811
1.1376425
1.1174473
1.0973217
1.079415
1.0656335
1.0574872
1.1536913
1.1454863
1.1315767
1.1135959
1.0934743
1.0734355
1.055624
1.0419352
1.0338506
1.1222851
1.1141658
1.1003756
1.0825636
1.0626433
1.0428324
1.0252333
1.01171
1.0037303
1.0866953
1.078699
1.0651108
1.0475786
1.0279789
1.0085076
0.99122565
0.97795059
0.97011817
1.0516826
1.0438419
1.0305054
1.0133062
0.99408511
0.9750071
0.95808165
0.94508651
0.93742642
1.0227278
1.0150299
1.0019315
0.98504872
0.96619002
0.94747952
0.93087895
0.91813082
0.91061792
1.0048537
0.99724686
0.98430724
0.96762429
0.94899037
0.93051429
0.91412607
0.90154946
0.89413892
0.81796841
0.80581907
0.78540126
0.75915526
0.72998249
0.69965818
0.67112869
0.64916348
0.63634411
0.79746356
0.78691706
0.76960087
0.74826663
0.72493226
0.69841818
0.6707344
0.64882534
0.63605844
0.77957082
0.7714141
0.75795558
0.7406455
0.72031205
0.69593534
0.66923227
0.64741374
0.634676
0.77265044
0.7648631
0.75157996
0.73376057
0.71331828
0.69064885
0.66544532
0.643937
0.63129821
0.76179196
0.75366585
0.74019266
0.72282609
0.70335032
0.68219679
0.6587417
0.63789322
0.62533005
0.7497778
0.74190963
0.72861248
0.71099668
0.69129609
0.67110737
0.64941978
0.62952293
0.61718554
0.73625055
0.72823979
0.71485498
0.69767741
0.67868921
0.65924528
0.63898521
0.62011374
0.60805462
0.72460822
0.71684931
0.7038352
0.68688945
0.66792823
0.64888822
0.62964254
0.61163824
0.59990708
0.71814599
0.71043785
0.69728608
0.68007509
0.66107202
0.64226645
0.62357334
0.60609488
0.59459267
0.71418138
0.70634305
0.69314207
0.67627304
0.65769554
0.63899065
0.6205161
0.6032971
0.59188752
0.70626103
0.69855557
0.68560676
0.66894794
0.65040083
0.63188958
0.61391315
0.59722213
0.58607437
0.69245938
0.68487731
0.67206897
0.6556168
0.63736287
0.6192172
0.60199655
0.58618519
0.57550472
0.67306896
0.66562622
0.65307781
0.63703724
0.61920836
0.60150913
0.58513439
0.57042331
0.56040174
0.64957634
0.64235139
0.63014631
0.61454882
0.59722096
0.58007357
0.5645298
0.55095085
0.54170478
0.62434797
0.61733236
0.60551417
0.59045704
0.57370967
0.55714148
0.54232501
0.529766
0.52128674
0.60054807
0.59377005
0.58234289
0.56775537
0.55154375
0.53554752
0.52134098
0.50959186
0.50176594
0.58144829
0.57484241
0.56372204
0.54954951
0.53380371
0.51826147
0.50450749
0.49332888
0.48597388
0.56981863
0.56332843
0.55241522
0.53849562
0.52301908
0.50775781
0.49426992
0.48340945
0.47632151
0.83320303
0.8252968
0.81195947
0.79469547
0.77542533
0.75619387
0.73900805
0.72577046
0.7179464
0.82507955
0.81715622
0.80379475
0.78652982
0.76721885
0.74795879
0.73081036
0.71768507
0.70996607
0.80996278
0.80208529
0.78877881
0.77162074
0.75247687
0.7334533
0.7165885
0.70369022
0.69610091
0.78856717
0.78079984
0.76768313
0.75079914
0.73198164
0.71329542
0.69674085
0.68408935
0.67664238
0.76231615
0.75471329
0.74185827
0.72533112
0.70692759
0.68868947
0.67257407
0.66027626
0.65304112
0.73383766
0.72643161
0.71391667
0.69785428
0.6799811
0.66229102
0.64667032
0.63473439
0.62770649
0.70680333
0.6996038
0.68743105
0.67181666
0.65444633
0.63727451
0.62213535
0.6105807
0.60378786
0.68493457
0.67790963
0.66603385
0.65081066
0.6338944
0.61719519
0.60247152
0.59121804
0.58460107
0.67163028
0.66471572
0.65303578
0.63806256
0.62141822
0.60498988
0.59049735
0.57942422
0.57291754
0.95465964
0.94656741
0.93289873
0.91518952
0.89541416
0.87575143
0.8582909
0.84490091
0.83700052
0.94626115
0.9381763
0.92453406
0.9069036
0.88719598
0.86757898
0.85014223
0.83676402
0.8288713
0.93066693
0.92261568
0.90900364
0.89143065
0.87179387
0.85226277
0.83491724
0.82159353
0.81372856
0.90795279
0.89997212
0.88647101
0.86905773
0.84961629
0.83029724
0.81316067
0.80002058
0.79227503
0.87959822
0.8717521
0.85845817
0.84132552
0.8222095
0.80323899
0.78642168
0.77353186
0.76594128
0.84839333
0.84070715
0.82768429
0.8109231
0.79223443
0.77371358
0.75731577
0.74475746
0.73736607
0.81842757
0.81092801
0.79821328
0.78186077
0.7636383
0.74559546
0.72963054
0.71741262
0.71022915
0.79404167
0.78670226
0.77425741
0.75826018
0.74044586
0.72281953
0.70722565
0.69529197
0.6882776
0.7791102
0.7718707
0.75960248
0.74383142
0.72627122
0.70890895
0.69355597
0.68181549
0.67491939
1.0780513
1.0698673
1.0560321
1.0380961
1.0180399
0.99805834
0.98026815
0.96660081
0.95853664
1.0695285
1.0613392
1.0475029
1.0295983
1.0095625
0.98959483
0.97182532
0.95818228
0.95013007
1.0535835
1.0454066
1.0315727
1.0136991
0.99371285
0.97381864
0.95613615
0.9425419
0.93451259
1.0299777
1.0218509
1.0080883
0.99032134
0.97046537
0.95071259
0.93317147
0.91970489
0.91175857
0.99991625
0.99189865
0.9782991
0.96075506
0.94115838
0.92168979
0.90441239
0.89115192
0.88333391
0.96637644
0.95849945
0.94513411
0.92791244
0.90868384
0.88960111
0.87268144
0.85970042
0.85204838
0.93377074
0.92606394
0.91297678
0.89612198
0.87730979
0.85865674
0.84212716
0.82945308
0.82198922
0.90703509
0.89947904
0.88664488
0.87012423
0.85169489
0.83343151
0.81724673
0.80483468
0.79752666
0.89060116
0.88314065
0.8704729
0.85416258
0.83596843
0.81794821
0.80198337
0.78974838
0.78254758
0.13823007
0.13325734
0.12511793
0.11499721
0.10424405
0.094115855
0.08560556
0.079381616
0.075822565
0.14093583
0.13586575
0.12756702
0.1172482
0.10628455
0.095958106
0.087281228
0.080935455
0.077306738
0.1453606
0.14013134
0.13157207
0.12092928
0.10962143
0.098970771
0.090021477
0.083476474
0.079733831
0.15083194
0.14540586
0.13652442
0.12548103
0.11374755
0.10269601
0.093409867
0.086618512
0.082734996
0.15656401
0.15093172
0.14171275
0.13024969
0.1180703
0.10659877
0.096959723
0.089910276
0.085879176
0.16182903
0.15600733
0.14647835
0.1346298
0.12204084
0.11018353
0.10022034
0.092933828
0.088767168
0.16609877
0.16012347
0.15034307
0.1381819
0.12526079
0.11309064
0.10286457
0.095385816
0.091109221
0.16909788
0.16301469
0.15305769
0.14067694
0.12752253
0.11513263
0.10472192
0.097108123
0.092754309
0.17075393
0.16461116
0.15455665
0.14205465
0.12877141
0.11626017
0.10574751
0.098059144
0.093662691
0.17151841
0.16534814
0.15524861
0.14269064
0.12934793
0.11678067
0.10622094
0.098498162
0.094082026
0.17303363
0.16680886
0.15662011
0.1439512
0.13049061
0.11781234
0.10715932
0.099368315
0.094913166
0.17536604
0.16905736
0.15873127
0.14589159
0.13224956
0.11940039
0.10860378
0.10070775
0.096192546
0.17796949
0.17156715
0.16108777
0.14805747
0.13421291
0.12117299
0.11021609
0.10220284
0.097620605
0.1803011
0.17381488
0.16319821
0.1499972
0.13597126
0.12276049
0.11166005
0.10354181
0.098899548
0.18199471
0.17544756
0.16473116
0.15140615
0.13724847
0.12391361
0.11270889
0.10451441
0.099828533
0.18295673
0.17637498
0.16560193
0.15220649
0.13797396
0.12456862
0.11330468
0.10506687
0.10035623
0.18334166
0.17674606
0.16595035
0.15252672
0.13826425
0.1248307
0.11354306
0.10528792
0.10056737
0.18342296
0.17682444
0.16602393
0.15259435
0.13832556
0.12488606
0.11359341
0.10533461
0.10061196
0.28118141
0.27299357
0.25949667
0.24253638
0.224276
0.20682072
0.19193508
0.1809059
0.1745394
0.28366542
0.27540525
0.26178912
0.244679
0.2262573
0.20864782
0.19363067
0.18250406
0.17608132
0.28748909
0.27911757
0.2653179
0.24797714
0.22930713
0.21146028
0.19624071
0.18496412
0.1784548
0.2917571
0.28326131
0.26925677
0.25165857
0.23271139
0.21459959
0.19915407
0.18771007
0.18110411
0.29557946
0.28697236
0.27278434
0.25495559
0.23576018
0.21741109
0.20176322
0.19016928
0.18347679
0.2983559
0.28966795
0.27534667
0.25735044
0.23797472
0.21945328
0.20365842
0.19195559
0.18520022
0.29993301
0.29119914
0.27680215
0.2587108
0.23923266
0.22061331
0.20473497
0.19297027
0.18617919
0.30056403
0.29181179
0.27738452
0.2592551
0.23973598
0.22107746
0.20516571
0.19337626
0.1865709
0.30069733
0.29194119
0.27750751
0.25937006
0.23984229
0.22117549
0.20525669
0.19346201
0.18665363
0.18342296
0.17682443
0.16602393
0.15259435
0.13832556
0.12488606
0.11359341
0.10533461
0.10061196
0.18334165
0.17674605
0.16595034
0.15252671
0.13826425
0.1248307
0.11354306
0.10528792
0.10056737
0.18295672
0.17637497
0.16560192
0.15220648
0.13797396
0.12456862
0.11330467
0.10506687
0.10035623
0.18199469
0.17544755
0.16473115
0.15140614
0.13724846
0.12391361
0.11270889
0.1045144
0.099828533
0.18030108
0.17381487
0.16319819
0.14999719
0.13597125
0.12276049
0.11166005
0.10354181
0.098899548
0.17796947
0.17156714
0.16108775
0.14805746
0.13421291
0.12117298
0.11021609
0.10220284
0.097620604
0.17536601
0.16905734
0.15873125
0.14589158
0.13224955
0.11940039
0.10860377
0.10070775
0.096192545
0.17303359
0.16680884
0.15662009
0.14395119
0.13049061
0.11781234
0.10715932
0.099368313
0.094913164
0.17151836
0.16534811
0.15524859
0.14269063
0.12934792
0.11678067
0.10622094
0.09849816
0.094082023
0.17075388
0.16461114
0.15455663
0.14205464
0.1287714
0.11626017
0.1057475
0.098059142
0.093662688
0.16909784
0.16301466
0.15305767
0.14067693
0.12752252
0.11513262
0.10472192
0.097108121
0.092754305
0.16609873
0.16012343
0.15034305
0.13818188
0.12526078
0.11309063
0.10286457
0.095385814
0.091109217
0.161829
0.15600729
0.14647833
0.13462978
0.12204083
0.11018352
0.10022034
0.092933827
0.088767163
0.15656398
0.15093168
0.14171273
0.13024967
0.1180703
0.10659876
0.09695972
0.089910275
0.085879172
0.15083192
0.14540582
0.13652439
0.12548102
0.11374754
0.10269601
0.093409863
0.086618511
0.082734994
0.14536057
0.14013131
0.13157204
0.12092926
0.10962141
0.098970767
0.090021473
0.083476473
0.07973383
0.1409358
0.13586572
0.12756699
0.11724818
0.10628454
0.095958102
0.087281224
0.080935453
0.077306737
0.13823005
0.13325731
0.1251179
0.11499719
0.10424404
0.094115852
0.085605556
0.079381614
0.075822565
0.27992791
0.27177645
0.25833979
0.24145519
0.22327627
0.20589886
0.19107956
0.18009957
0.17376143
0.27721303
0.26914066
0.25583427
0.23911346
0.22111083
0.20390196
0.18922638
0.17835288
0.17207622
0.27229635
0.26436721
0.25129677
0.23487254
0.2171892
0.20028556
0.18587027
0.17518961
0.16902429
0.26529662
0.2575714
0.24483691
0.2288349
0.21160613
0.19513701
0.18109229
0.17068617
0.16467936
0.2566652
0.24919143
0.23687125
0.22138986
0.20472163
0.18878833
0.17520055
0.16513298
0.1593216
0.24726807
0.24006807
0.22819899
0.21328439
0.19722643
0.18187646
0.16878617
0.15908719
0.15348856
0.2382984
0.23135966
0.2199212
0.20554759
0.19007215
0.17527899
0.16266355
0.15331639
0.14792083
0.23104455
0.22431701
0.21322682
0.19929071
0.18428637
0.16994349
0.15771208
0.14864944
0.14341812
0.22660884
0.2200104
0.2091332
0.19546462
0.18074835
0.16668083
0.15468425
0.1457956
0.1406647
0.45030387
0.43945339
0.42147159
0.39869473
0.37392858
0.34999489
0.32936388
0.31393431
0.30496795
0.45010184
0.4392572
0.42128397
0.39851748
0.37376256
0.34983962
0.32921781
0.31379513
0.30483271
0.44915624
0.43833312
0.42039899
0.39768036
0.37297775
0.34910504
0.32852663
0.31313634
0.30419258
0.44679557
0.436028
0.41818781
0.3955891
0.37101634
0.34726939
0.32679906
0.31148982
0.30259307
0.44263783
0.43197109
0.41429539
0.39190786
0.36756344
0.34403783
0.32375783
0.30859109
0.29977736
0.43691256
0.42638552
0.40893726
0.38683973
0.36281002
0.33958877
0.31957107
0.30460031
0.29590085
0.43051885
0.4201478
0.40295472
0.38118051
0.35750251
0.33462093
0.31489621
0.30014428
0.29157219
0.42479125
0.41455922
0.39759543
0.37611045
0.35274767
0.33017029
0.31070807
0.29615227
0.28769408
0.42107055
0.4109286
0.39411377
0.37281673
0.34965871
0.32727896
0.30798725
0.29355889
0.28517468
0.41919308
0.40909673
0.39235715
0.37115494
0.34810023
0.3258202
0.30661452
0.29225046
0.28390357
0.41512666
0.40512843
0.38855202
0.36755511
0.34472423
0.32266018
0.30364085
0.2894161
0.28115003
0.40776309
0.39794181
0.3816608
0.36103581
0.33861024
0.31693737
0.29825548
0.28428305
0.27616337
0.39728108
0.38771055
0.37185001
0.35175458
0.32990596
0.30879004
0.2905885
0.27697535
0.26906409
0.38435694
0.37509499
0.35975193
0.3403101
0.31917257
0.29874366
0.28113425
0.2679642
0.2603101
0.3702863
0.36136159
0.34658012
0.32785074
0.30748688
0.28780621
0.27084128
0.25815367
0.25077977
0.35685523
0.34825384
0.33400714
0.3159583
0.29633262
0.27736633
0.26101649
0.24878931
0.24168307
0.34599278
0.33765363
0.32383914
0.30634069
0.287312
0.26892339
0.25307107
0.24121612
0.23432644
0.33935024
0.33117159
0.31762147
0.30045947
0.28179591
0.2637605
0.24821245
0.23658507
0.22982785
0.58632536
0.57462232
0.55492479
0.52977139
0.50223858
0.47535921
0.4519977
0.43439492
0.42410243
0.58058786
0.569033
0.54954216
0.52463119
0.49736619
0.47074934
0.447613
0.43018261
0.41998986
0.57018633
0.55890799
0.53979138
0.51532335
0.4885415
0.46240068
0.43967242
0.42255303
0.41254262
0.55533537
0.54448092
0.52590878
0.5020736
0.47597851
0.45051486
0.42836858
0.41169014
0.40194054
0.53696163
0.52665858
0.50878787
0.48573524
0.46048846
0.43585738
0.41443088
0.39829446
0.38886566
0.5168898
0.50721367
0.49014493
0.46794703
0.44362595
0.41989878
0.3992574
0.38371094
0.37462827
0.49768409
0.4886129
0.4723435
0.45096773
0.4275315
0.40466569
0.38477426
0.36979163
0.36103661
0.48213204
0.47354555
0.45794
0.43723666
0.41451584
0.39234646
0.37306131
0.35853521
0.35004426
0.47261762
0.46432274
0.44912865
0.42884041
0.40655678
0.38481338
0.3658988
0.35165208
0.34332251
0.0012549369
0.0010208843
0.00069507069
0.00038604267
0.00016703128
5.1781161e-05
9.7377924e-06
7.4505558e-07
5.4649793e-09
0.0012795014
0.0010408674
0.0007086762
0.00039359918
0.00017030079
5.279474e-05
9.9284027e-06
7.5963951e-07
5.5719524e-09
0.0013196721
0.0010735461
0.00073092553
0.00040595647
0.00017564749
5.4452264e-05
1.0240111e-05
7.8348887e-07
5.7468873e-09
0.0013693443
0.0011139542
0.00075843742
0.00042123659
0.00018225883
5.6501836e-05
1.0625547e-05
8.1297923e-07
5.963199e-09
0.0014213835
0.0011562878
0.00078726033
0.00043724485
0.00018918522
5.8649077e-05
1.102935e-05
8.4387489e-07
6.1898186e-09
0.0014691826
0.0011951721
0.00081373475
0.00045194876
0.00019554724
6.062136e-05
1.1400251e-05
8.7225318e-07
6.3979731e-09
0.0015079459
0.0012267057
0.00083520452
0.00046387308
0.0002007066
6.2220808e-05
1.1701038e-05
8.9526691e-07
6.5667788e-09
0.0015351737
0.0012488554
0.00085028515
0.00047224887
0.0002043306
6.334428e-05
1.1912314e-05
9.1143204e-07
6.6853499e-09
0.0015502083
0.001261086
0.00085861235
0.00047687381
0.0002063317
6.3964638e-05
1.2028976e-05
9.2035808e-07
6.7508224e-09
0.0015571487
0.001266732
0.00086245642
0.0004790088
0.00020725546
6.4251012e-05
1.2082831e-05
9.2447859e-07
6.7810463e-09
0.0015709048
0.0012779225
0.00087007554
0.00048324047
0.0002090864
6.4818618e-05
1.2189573e-05
9.3264563e-07
6.8409515e-09
0.0015920798
0.0012951483
0.00088180371
0.0004897543
0.00021190478
6.569234e-05
1.2353882e-05
9.4521721e-07
6.933164e-09
0.0016157156
0.0013143758
0.00089489482
0.00049702511
0.00021505068
6.6667598e-05
1.2537286e-05
9.5924975e-07
7.0360926e-09
0.0016368833
0.0013315957
0.00090661898
0.00050353672
0.00021786809
6.7541021e-05
1.2701539e-05
9.7181703e-07
7.1282736e-09
0.0016522589
0.0013441036
0.00091513505
0.00050826654
0.00021991458
6.8175448e-05
1.2820847e-05
9.8094552e-07
7.195231e-09
0.0016609928
0.0013512086
0.00091997247
0.00051095325
0.00022107705
6.8535824e-05
1.2888618e-05
9.8613081e-07
7.2332651e-09
0.0016644874
0.0013540514
0.00092190801
0.00051202825
0.00022154218
6.8680018e-05
1.2915735e-05
9.8820555e-07
7.2484833e-09
0.0016652255
0.0013546519
0.00092231683
0.00051225531
0.00022164042
6.8710474e-05
1.2921462e-05
9.8864376e-07
7.2516975e-09
0.012338043
0.011172723
0.0093750164
0.0073369051
0.0054225708
0.0038684084
0.0027580767
0.0020632769
0.0017115204
0.01244704
0.011271425
0.0094578372
0.0074017208
0.0054704749
0.0039025827
0.0027824421
0.0020815043
0.0017266403
0.01261482
0.011423358
0.009585324
0.0075014922
0.0055442141
0.0039551875
0.002819948
0.0021095619
0.0017499146
0.012802097
0.011592948
0.0097276261
0.0076128581
0.0056265226
0.0040139056
0.0028618125
0.0021408801
0.0017758935
0.01296982
0.011744829
0.0098550693
0.0077125954
0.0057002365
0.0040664924
0.0028993055
0.0021689282
0.0017991598
0.013091648
0.01185515
0.0099476401
0.0077850415
0.0057537801
0.0041046898
0.0029265393
0.0021893014
0.0018160597
0.013160851
0.011917817
0.010000223
0.0078261933
0.0057841946
0.0041263873
0.002942009
0.002200874
0.0018256594
0.01318854
0.011942891
0.010021263
0.007842659
0.0057963641
0.0041350689
0.0029481988
0.0022055045
0.0018295004
0.013194388
0.011948187
0.010025707
0.0078461368
0.0057989345
0.0041369025
0.0029495061
0.0022064825
0.0018303117
0.0016652255
0.0013546519
0.00092231683
0.00051225531
0.00022164042
6.8710474e-05
1.2921462e-05
9.8864376e-07
7.2516975e-09
0.0016644874
0.0013540514
0.00092190801
0.00051202825
0.00022154218
6.8680018e-05
1.2915735e-05
9.8820555e-07
7.2484832e-09
0.0016609928
0.0013512086
0.00091997247
0.00051095325
0.00022107705
6.8535824e-05
1.2888618e-05
9.8613081e-07
7.2332647e-09
0.0016522589
0.0013441036
0.00091513505
0.00050826654
0.00021991458
6.8175448e-05
1.2820847e-05
9.8094552e-07
7.1952302e-09
0.0016368833
0.0013315957
0.00090661898
0.00050353672
0.00021786809
6.7541021e-05
1.2701539e-05
9.7181703e-07
7.1282738e-09
0.0016157156
0.0013143758
0.00089489482
0.00049702511
0.00021505068
6.6667598e-05
1.2537286e-05
9.5924975e-07
7.0360944e-09
0.0015920798
0.0012951483
0.00088180371
0.0004897543
0.00021190478
6.569234e-05
1.2353882e-05
9.4521721e-07
6.9331664e-09
0.0015709048
0.0012779225
0.00087007554
0.00048324047
0.0002090864
6.4818618e-05
1.2189573e-05
9.3264562e-07
6.8409536e-09
0.0015571487
0.001266732
0.00086245642
0.0004790088
0.00020725546
6.4251012e-05
1.2082831e-05
9.2447859e-07
6.7810479e-09
0.0015502083
0.001261086
0.00085861235
0.00047687381
0.0002063317
6.3964638e-05
1.2028976e-05
9.2035808e-07
6.7508238e-09
0.0015351737
0.0012488554
0.00085028515
0.00047224887
0.0002043306
6.334428e-05
1.1912314e-05
9.1143204e-07
6.6853508e-09
0.0015079459
0.0012267057
0.00083520452
0.00046387308
0.0002007066
6.2220808e-05
1.1701038e-05
8.9526691e-07
6.5667787e-09
0.0014691826
0.0011951721
0.00081373475
0.00045194876
0.00019554724
6.062136e-05
1.1400251e-05
8.7225318e-07
6.3979721e-09
0.0014213835
0.0011562878
0.00078726033
0.00043724485
0.00018918522
5.8649077e-05
1.102935e-05
8.438749e-07
6.1898165e-09
0.0013693443
0.0011139542
0.00075843742
0.00042123659
0.00018225883
5.6501836e-05
1.0625547e-05
8.1297924e-07
5.9631963e-09
0.0013196721
0.0010735461
0.00073092553
0.00040595647
0.00017564749
5.4452264e-05
1.0240111e-05
7.8348887e-07
5.7468851e-09
0.0012795014
0.0010408674
0.0007086762
0.00039359918
0.00017030079
5.279474e-05
9.9284027e-06
7.5963951e-07
5.5719516e-09
0.0012549369
0.0010208843
0.00069507069
0.00038604267
0.00016703128
5.1781161e-05
9.7377924e-06
7.4505558e-07
5.4649797e-09
0.012283051
0.011122925
0.0093332309
0.0073042037
0.0053984018
0.0038511664
0.0027457836
0.0020540807
0.001703892
0.012163925
0.01101505
0.009242713
0.0072333642
0.0053460456
0.0038138161
0.0027191538
0.0020341593
0.0016873669
0.011948186
0.010819687
0.0090787845
0.0071050735
0.0052512283
0.0037461744
0.0026709269
0.0019980815
0.0016574398
0.011641046
0.010541557
0.0088454053
0.0069224305
0.0051162403
0.0036498752
0.0026022681
0.0019467188
0.0016148336
0.01126231
0.010198593
0.0085576248
0.006697213
0.0049497862
0.0035311285
0.0025176047
0.0018833833
0.0015622959
0.010849979
0.0098252053
0.008244316
0.0064520169
0.0047685663
0.003401848
0.002425431
0.0018144296
0.0015050977
0.010456402
0.0094688015
0.0079452581
0.0062179736
0.0045955892
0.0032784479
0.0023374499
0.0017486122
0.0014505011
0.010138109
0.0091805717
0.0077034049
0.0060286988
0.0044556997
0.0031786521
0.002266298
0.0016953845
0.0014063479
0.009943473
0.0090043186
0.0075555111
0.0059129569
0.004370157
0.0031176268
0.0022227885
0.0016628357
0.0013793482
0.043186614
0.040490841
0.036193952
0.031063219
0.02589027
0.021304877
0.017687978
0.015191292
0.013823875
0.043167471
0.040472893
0.036177909
0.03104945
0.025878794
0.021295434
0.017680138
0.015184558
0.013817748
0.043076841
0.040387921
0.036101954
0.030984262
0.025824462
0.021250724
0.017643019
0.015152678
0.013788737
0.042850334
0.040175552
0.035912122
0.03082134
0.025688671
0.021138983
0.017550248
0.015073002
0.013716233
0.042451577
0.039801686
0.035577931
0.030534522
0.025449617
0.020942268
0.017386929
0.014932736
0.013588593
0.041902604
0.039286981
0.035117846
0.030139658
0.025120509
0.020671448
0.017162086
0.014739629
0.013412868
0.041289625
0.038712265
0.034604119
0.029698755
0.02475303
0.020369052
0.016911027
0.014524008
0.013216656
0.040740465
0.038197384
0.034143877
0.029303756
0.02442381
0.02009814
0.016686107
0.014330836
0.013040872
0.040383707
0.037862895
0.033844884
0.029047147
0.024209934
0.019922143
0.016539989
0.014205343
0.012926675
0.040203712
0.037694136
0.033694034
0.028917681
0.024102028
0.019833348
0.016466269
0.014142028
0.012869059
0.039813798
0.037328562
0.033367254
0.028637224
0.023868275
0.019640996
0.016306572
0.014004873
0.012744249
0.039107662
0.036666503
0.032775453
0.028129315
0.023444948
0.019292643
0.016017359
0.013756483
0.012518218
0.03810236
0.035723954
0.031932928
0.027406223
0.022842273
0.018796707
0.015605617
0.013402858
0.012196425
0.036862721
0.034561695
0.030894007
0.026514576
0.022099112
0.018185166
0.015097896
0.012966804
0.01179962
0.035513115
0.033296334
0.029762926
0.025543834
0.021290026
0.017519377
0.014545137
0.012492068
0.011367617
0.034224897
0.032088528
0.028683293
0.024617245
0.020517743
0.016883871
0.014017521
0.012038925
0.010955263
0.033183093
0.031111755
0.027810175
0.023867898
0.019893184
0.016369927
0.013590828
0.011672461
0.010621785
0.032546028
0.030514456
0.027276262
0.02340967
0.019511265
0.016055649
0.013329905
0.011448367
0.010417863
0.091587617
0.087372326
0.080542209
0.07217834
0.063463347
0.05543474
0.048839499
0.044112868
0.04144993
0.09069936
0.086524951
0.079761074
0.071478323
0.062847851
0.05489711
0.048365832
0.043685042
0.04104793
0.089090718
0.084990347
0.078346434
0.070210585
0.061733183
0.053923456
0.047508017
0.042910245
0.040319905
0.086800552
0.082805585
0.076332461
0.068405752
0.06014627
0.0525373
0.046286776
0.041807194
0.039283442
0.083976542
0.08011155
0.073849025
0.066180207
0.058189444
0.050828027
0.04478086
0.04044702
0.038005376
0.08090202
0.077178532
0.07114529
0.06375724
0.056059031
0.048967128
0.043141359
0.038966187
0.036613936
0.077967345
0.074378924
0.068564535
0.061444482
0.054025522
0.047190873
0.04157643
0.037552711
0.035285786
0.075594024
0.072114833
0.066477434
0.059574115
0.052380988
0.045754386
0.040310846
0.036409608
0.034211689
0.074142733
0.070730337
0.065201168
0.058430382
0.051375352
0.044875971
0.039536939
0.035710599
0.033554876
0.99605997
0.98849972
0.97564014
0.95906447
0.94054632
0.92218916
0.90590996
0.89341647
0.8860553
0.97737039
0.9699152
0.9572229
0.94088443
0.92263339
0.90453564
0.88848913
0.87617156
0.86891305
0.94478587
0.9375289
0.9251514
0.90922333
0.89144275
0.87382319
0.85820287
0.84621034
0.8391462
0.90063456
0.89365315
0.88174323
0.86641831
0.84930718
0.83236106
0.81734357
0.8058144
0.79902615
0.84898313
0.84234436
0.83100295
0.81642051
0.80014462
0.78403084
0.76975185
0.75879049
0.75233915
0.79549245
0.78922413
0.77850707
0.76473249
0.74935755
0.73414241
0.72066266
0.71031364
0.70422429
0.74661328
0.74069705
0.73057297
0.71756473
0.70304383
0.68867604
0.67594818
0.66617655
0.66042852
0.70842034
0.70278658
0.69313596
0.68074041
0.66690565
0.65321658
0.64108894
0.63177883
0.62630267
0.6856011
0.68013728
0.67077706
0.65875359
0.64533236
0.63205436
0.62029194
0.61126237
0.60595096
0.67457334
0.66919315
0.65997487
0.6481327
0.63491267
0.62183502
0.61025022
0.6013564
0.59612503
0.65164737
0.64644218
0.63751871
0.62605776
0.61326106
0.60060086
0.58938613
0.580776
0.57571201
0.61295879
0.60805235
0.59963209
0.58882022
0.57674703
0.56480013
0.55421722
0.54609281
0.54131472
0.56283604
0.55832186
0.55056755
0.54060997
0.52948618
0.51847668
0.50872415
0.50123705
0.49683341
0.5071515
0.50307965
0.49607439
0.48707911
0.47702618
0.46707261
0.45825537
0.45148648
0.44750555
0.45246145
0.44882984
0.44257133
0.43453138
0.42554107
0.41663712
0.40875124
0.40269821
0.39913826
0.4048993
0.40165297
0.39604985
0.38884783
0.38078866
0.37280585
0.36573983
0.36031732
0.3571276
0.36924318
0.36628745
0.36117733
0.35460643
0.34724974
0.33996218
0.33351507
0.32856795
0.32565726
0.34854557
0.34575892
0.3409363
0.33473283
0.32778542
0.3209033
0.31481664
0.31014589
0.30739728
0.33870385
0.33599727
0.33131142
0.32528307
0.3185308
0.31184189
0.30592688
0.30138788
0.29871661
0.31857578
0.31603347
0.31162775
0.30595793
0.29960541
0.29331243
0.28774883
0.28347919
0.28096626
0.285612
0.28333962
0.27939434
0.27431297
0.26861735
0.26297508
0.25798808
0.25416022
0.25190679
0.24477528
0.24283798
0.23946542
0.23511594
0.23023772
0.22540434
0.22113311
0.21785401
0.21592287
0.20190802
0.200323
0.19755374
0.19397635
0.18995941
0.18597702
0.18245855
0.17975634
0.17816415
0.16246063
0.16119927
0.1589866
0.15612156
0.15289892
0.14970124
0.14687641
0.14470549
0.14342553
0.13042279
0.12942208
0.12766109
0.12537452
0.12279701
0.12023762
0.11797664
0.11623694
0.11521029
0.10789684
0.10707746
0.10563247
0.10375184
0.10162701
0.099515629
0.097650671
0.096213496
0.095364109
0.095451346
0.094731411
0.093460081
0.091803135
0.089927896
0.088063202
0.086416214
0.085145684
0.084393844
0.089704395
0.089030194
0.087838819
0.08628495
0.084524864
0.08277388
0.081227155
0.080033338
0.079326486
0.07831031
0.07772633
0.07669287
0.075342913
0.073810739
0.072284717
0.070936219
0.069894039
0.069276153
0.060761999
0.0603156
0.0595232
0.058485494
0.05730307
0.056121991
0.055077036
0.054267352
0.053786116
0.041158691
0.040863341
0.040336224
0.039642896
0.038848277
0.038050375
0.037341971
0.03679093
0.036462497
0.023585707
0.023421776
0.023126607
0.022735611
0.022284435
0.02182795
0.021419956
0.02110125
0.020911002
0.0108094
0.010736768
0.010604413
0.010427798
0.010222696
0.01001332
0.0098247247
0.009676998
0.009588837
0.0035461172
0.0035228756
0.003480088
0.0034227127
0.0033557538
0.003286903
0.0032245559
0.0031756672
0.0031465149
0.00063836265
0.00063422627
0.00062657512
0.00061629285
0.00060426068
0.00059184639
0.00058058197
0.00057174631
0.00056647992
2.4074915e-05
2.3919363e-05
2.363109e-05
2.3243744e-05
2.2790299e-05
2.2321871e-05
2.1896638e-05
2.1563205e-05
2.1364519e-05
0.56416209
0.55773837
0.54691985
0.53309681
0.51774768
0.50263248
0.48927574
0.4785619
0.47159898
0.55225504
0.54594022
0.53531397
0.52176027
0.50670979
0.49188184
0.47879257
0.46837771
0.46166389
0.53178557
0.52568389
0.51540764
0.50229871
0.48774831
0.47342546
0.4607929
0.45085691
0.44454099
0.50456182
0.49874108
0.48893784
0.47642832
0.46255458
0.44891108
0.436883
0.42753258
0.42169046
0.47331695
0.46782605
0.45857027
0.4467655
0.43368282
0.42082549
0.40949463
0.4007676
0.39540778
0.44152335
0.43637352
0.42768416
0.41660692
0.4043413
0.39229428
0.38168
0.37355468
0.36863499
0.41288118
0.40804142
0.39986975
0.38946277
0.3779425
0.36663166
0.35667071
0.34907201
0.34451757
0.39073576
0.3861406
0.3783733
0.36848659
0.35755004
0.3468145
0.33736291
0.33016624
0.32587958
0.37759188
0.37313973
0.365615
0.35604198
0.34545285
0.33506054
0.32591347
0.31895444
0.31482224
0.37126005
0.36687789
0.35947048
0.35005065
0.33962899
0.32940206
0.32040236
0.31355751
0.30949888
0.35814164
0.35390665
0.34674279
0.33763628
0.32756539
0.31768352
0.30898934
0.30238099
0.29847271
0.33612631
0.33213723
0.32538652
0.31681194
0.30733161
0.29803196
0.28985359
0.28364243
0.27998222
0.30780969
0.30414054
0.29792703
0.29004359
0.28132951
0.27278466
0.26527453
0.25957501
0.25622823
0.2765906
0.27327769
0.26766456
0.2605508
0.25268983
0.24498505
0.23821717
0.23308395
0.23007809
0.24614474
0.24318358
0.23816381
0.23180896
0.22478782
0.21790941
0.21187053
0.20729202
0.20461613
0.21982045
0.21716645
0.2126655
0.2069724
0.20068363
0.19452496
0.18912002
0.1850233
0.18263179
0.20016981
0.19774705
0.19363695
0.18844135
0.18270236
0.177084
0.17215434
0.16841849
0.16623918
0.18879446
0.18650643
0.18262348
0.17771697
0.17229776
0.16699308
0.16233938
0.15881292
0.15675641
0.44072331
0.43598262
0.4279232
0.41764875
0.40627394
0.39508582
0.38522979
0.37771972
0.37333156
0.42531694
0.42073172
0.41293389
0.40299722
0.3919965
0.38117526
0.37164456
0.36438448
0.36014281
0.39943398
0.39511237
0.38775579
0.3783888
0.36802073
0.35782154
0.34884245
0.34200479
0.33800991
0.36609045
0.36211093
0.35533136
0.3467065
0.33715892
0.32776801
0.31950559
0.31321514
0.30954029
0.32926356
0.32566543
0.31953
0.31173289
0.30310138
0.29461341
0.28715053
0.28147008
0.27815165
0.29328348
0.29006283
0.28456509
0.27758503
0.26985714
0.26226055
0.25558575
0.25050603
0.24753877
0.26212151
0.2592304
0.25429127
0.2480249
0.24108686
0.23427007
0.22828393
0.22372928
0.22106905
0.23882765
0.2361848
0.2316662
0.22593703
0.21959466
0.21336585
0.20789806
0.20373855
0.20130916
0.22532944
0.22283141
0.21855835
0.21314233
0.20714679
0.20126035
0.19609461
0.19216509
0.18987009
0.18339311
0.18116903
0.17739438
0.17262535
0.16735826
0.16220285
0.15768034
0.15425347
0.15225529
0.1723609
0.17026796
0.1667152
0.16222793
0.15727191
0.15242197
0.14816776
0.14494446
0.14306554
0.15433602
0.15245835
0.14926937
0.14524392
0.14079819
0.13644856
0.13263388
0.12974392
0.12805993
0.13207425
0.13046391
0.12772721
0.12427471
0.12046187
0.11673261
0.1134625
0.11098546
0.10954263
0.10878213
0.107453
0.10519233
0.10234233
0.099194883
0.096117354
0.093419123
0.091375538
0.090185563
0.087414005
0.086344099
0.084522735
0.082227951
0.079693652
0.077216376
0.075044617
0.073399965
0.072442515
0.070102851
0.069243743
0.067779986
0.065936707
0.063901037
0.061911629
0.060167656
0.058847088
0.058078432
0.057952337
0.057241537
0.056029704
0.054504258
0.052819555
0.051173382
0.049730352
0.048637728
0.048001814
0.051246146
0.050617396
0.049544955
0.048195187
0.046704518
0.045248093
0.043971388
0.043004744
0.042442182
0.048151162
0.047560271
0.046552217
0.045283609
0.043882584
0.042513789
0.041313911
0.040405448
0.039876756
0.042018104
0.041502252
0.040621965
0.039514351
0.0382911
0.03709608
0.036048551
0.035255454
0.034793918
0.032580866
0.032180674
0.031497349
0.03063778
0.02968847
0.028761188
0.027948353
0.027332975
0.026974885
0.022051825
0.021780787
0.021317739
0.020735429
0.020092309
0.019464194
0.018913611
0.018496792
0.018254257
0.012626492
0.012471221
0.01220581
0.011872124
0.011503588
0.01114369
0.010828214
0.01058939
0.010450433
0.0057827331
0.005711596
0.005589956
0.0054370443
0.0052681616
0.0051032505
0.0049586935
0.0048492622
0.0047855927
0.0018961727
0.0018728442
0.0018329428
0.0017827853
0.0017273891
0.0016732992
0.0016258844
0.0015899913
0.0015691086
0.00034127337
0.00033707457
0.00032989196
0.00032086326
0.00031089153
0.00030115534
0.00029262064
0.00028615984
0.00028240099
1.2870141e-05
1.2711686e-05
1.2440827e-05
1.2100344e-05
1.1724259e-05
1.1357062e-05
1.1035222e-05
1.0791563e-05
1.0649793e-05
0.057662296
0.057010209
0.055888696
0.054474559
0.05291071
0.051381531
0.050042358
0.049023254
0.048427805
0.0503233
0.04975393
0.048774368
0.047539443
0.046173796
0.044838602
0.043669367
0.042779528
0.042259566
0.039027148
0.038585292
0.037824734
0.03686614
0.035806053
0.03476983
0.033862417
0.03317179
0.03276816
0.026419619
0.026120313
0.025604824
0.024955273
0.024236905
0.023534857
0.022920102
0.022452172
0.022178647
0.01512983
0.014958352
0.014662846
0.014290555
0.013878781
0.013476425
0.013124106
0.01285592
0.012699133
0.0069300289
0.0068514681
0.0067160089
0.0065453723
0.0063566387
0.0061722422
0.0060107798
0.005887871
0.0058160105
0.0022725244
0.0022467607
0.0022023176
0.0021463374
0.0020844258
0.0020239408
0.0019709768
0.0019306602
0.0019070861
0.00040901878
0.00040438164
0.00039638131
0.00038630414
0.00037515946
0.00036427203
0.00035473834
0.00034748101
0.00034323749
1.5424877e-05
1.5249965e-05
1.494825e-05
1.4568216e-05
1.4147917e-05
1.3737344e-05
1.3377895e-05
1.3104194e-05
1.2944219e-05
0.25721952
0.25463902
0.25020172
0.24454549
0.23825838
0.23207533
0.22663731
0.22248412
0.22005313
0.24190017
0.23946984
0.23528856
0.22995987
0.22403509
0.21820894
0.21308571
0.20917234
0.20688186
0.21683248
0.21464898
0.21088786
0.20609598
0.20076632
0.19552657
0.19091993
0.18740061
0.18534099
0.18580545
0.18392842
0.18068969
0.17656464
0.17197577
0.16746621
0.16350222
0.16047386
0.15870211
0.15325809
0.1517036
0.14901596
0.14559449
0.14178864
0.13805084
0.13476598
0.13225715
0.13079013
0.12331873
0.12206194
0.11988504
0.1171158
0.11403652
0.11101476
0.10836049
0.10633429
0.10515003
0.099003677
0.097989599
0.096231162
0.093996469
0.091512883
0.089077906
0.086940499
0.085309692
0.084356829
0.081903684
0.081061404
0.079600013
0.077744499
0.07568344
0.073664283
0.071892834
0.070541695
0.069752292
0.072453945
0.071707157
0.070411118
0.068766444
0.066940214
0.065151916
0.063583448
0.062387311
0.061688443
0.068089982
0.067387395
0.066167995
0.064621015
0.062903543
0.061222091
0.059747514
0.058623069
0.057966101
0.059437228
0.058822591
0.057755755
0.056403048
0.054901766
0.053432609
0.05214451
0.051162384
0.050588547
0.046110222
0.045631828
0.044801443
0.043749434
0.042582502
0.041441321
0.040441092
0.039678546
0.039232964
0.031224604
0.030899478
0.030335179
0.029620987
0.028829264
0.028055626
0.027377748
0.026860986
0.026559
0.017885891
0.017699078
0.017374897
0.016965
0.016510846
0.016067377
0.015678902
0.015382754
0.015209663
0.0081935955
0.008107855
0.0079590696
0.0077710909
0.0075628826
0.0073596461
0.007181638
0.007045933
0.0069665997
0.0026870593
0.0026589232
0.0026100901
0.0025484177
0.0024801184
0.0024134533
0.002355062
0.0023105474
0.0022845184
0.00048364359
0.00047857839
0.00046978641
0.00045868421
0.00044638945
0.00043438874
0.00042387727
0.00041586404
0.00041117789
1.8239567e-05
1.804847e-05
1.771679e-05
1.7298067e-05
1.6834325e-05
1.6381661e-05
1.5985214e-05
1.5683014e-05
1.5506315e-05
0.079000504
0.07829328
0.077051679
0.075454864
0.07366083
0.071887172
0.070322887
0.069121396
0.068415334
0.068991486
0.068373231
0.067286167
0.065887817
0.064316468
0.062762674
0.061392241
0.060340009
0.05972186
0.053564791
0.053083388
0.05223498
0.051143474
0.049916793
0.048703755
0.047634144
0.046813561
0.046331798
0.036311765
0.035983479
0.03540366
0.034657851
0.033819913
0.032991745
0.032262134
0.031703117
0.03137522
0.02082386
0.020633954
0.020298184
0.019866557
0.019381982
0.018903716
0.018483001
0.018161102
0.017972448
0.0095485238
0.0094606546
0.0093052758
0.0091057515
0.0088819961
0.0086615379
0.0084679433
0.0083199852
0.0082333209
0.0031332014
0.0031041827
0.0030528813
0.002987067
0.0029133267
0.0028407749
0.0027771483
0.0027285511
0.002700094
0.00056407649
0.00055883717
0.00054957592
0.00053770128
0.00052440246
0.00051132593
0.00049986488
0.00049111336
0.00048598973
2.1273875e-05
2.1076129e-05
2.0726465e-05
2.027843e-05
1.9776803e-05
1.928349e-05
1.8851169e-05
1.8521152e-05
1.8328013e-05
0.13690593
0.13198083
0.12391938
0.11389563
0.10324548
0.09321431
0.084785536
0.078621213
0.075096256
0.13411888
0.12929403
0.1213967
0.111577
0.10114366
0.091316704
0.083059518
0.077020685
0.073567487
0.12930918
0.12465737
0.11704324
0.10757569
0.097516509
0.088041957
0.080080886
0.074258613
0.070929253
0.1228758
0.11845543
0.11122012
0.1022236
0.092664883
0.083661708
0.076096715
0.070564111
0.067400392
0.11545011
0.11129689
0.10449883
0.096045991
0.087064927
0.078605834
0.071498012
0.066299755
0.063327227
0.10785348
0.10397355
0.097622802
0.089726157
0.08133605
0.073433565
0.066793439
0.061937228
0.059160291
0.10098028
0.09734761
0.091401588
0.08400817
0.076152742
0.068753858
0.06253689
0.05799015
0.055390178
0.095648769
0.092207884
0.086575805
0.079572739
0.072132061
0.065123819
0.059235092
0.054928409
0.052465709
0.092477496
0.089150689
0.083705349
0.076934471
0.069740493
0.062964611
0.057271128
0.053107235
0.050726186
0.090948543
0.087676736
0.082321428
0.075662493
0.068587456
0.061923601
0.05632425
0.0522292
0.049887517
0.087777271
0.084619542
0.079450971
0.073024225
0.066195887
0.059764394
0.054360286
0.050408026
0.048147994
0.082445758
0.079479819
0.074625188
0.068588795
0.062175206
0.056134355
0.051058488
0.047346285
0.045223526
0.075572576
0.072853888
0.068403972
0.06287081
0.056991897
0.051454649
0.046801938
0.043399208
0.041453414
0.067975955
0.065530548
0.061527941
0.056550979
0.05126302
0.046282382
0.042097364
0.039036681
0.037286479
0.060550284
0.058372012
0.054806646
0.050373368
0.045663063
0.041226509
0.037498661
0.034772326
0.033213316
0.054116917
0.052170084
0.048983528
0.045021281
0.040811437
0.036846261
0.03351449
0.031077824
0.029684456
0.049307225
0.047533419
0.044630069
0.041019972
0.037184281
0.033571515
0.030535857
0.028315753
0.027046222
0.046520169
0.044846627
0.042107385
0.038701348
0.035082466
0.031673909
0.02880984
0.026715225
0.025517454
0.14909772
0.14475599
0.13759916
0.12860609
0.11892346
0.1096678
0.1017746
0.09592634
0.092550482
0.14389884
0.13970853
0.13280121
0.12412174
0.11477673
0.1058438
0.09822583
0.092581491
0.089323354
0.13515852
0.13122277
0.12473496
0.11658269
0.10780528
0.09941494
0.092259677
0.086958164
0.083897935
0.12389082
0.12028325
0.11433626
0.10686363
0.098817964
0.091127095
0.084568344
0.079708788
0.07690369
0.11143714
0.10819227
0.10284306
0.096121596
0.08888469
0.081966913
0.07606746
0.071696384
0.06917326
0.099263698
0.096373376
0.091608511
0.085621293
0.079174953
0.073012868
0.067757875
0.063864289
0.06161679
0.088717017
0.086133853
0.081875255
0.076524163
0.070762744
0.065255368
0.060558714
0.057078812
0.055070103
0.080832152
0.078478613
0.074598514
0.069722998
0.064473638
0.059455732
0.055176502
0.052005877
0.050175691
0.07626314
0.074042657
0.070381886
0.065781951
0.060829312
0.056095037
0.052057689
0.049066281
0.047339543
0.045196056
0.043570148
0.040908874
0.037599783
0.034083906
0.030772368
0.027989819
0.025954824
0.024791146
0.042490302
0.040961733
0.03845978
0.035348795
0.032043403
0.028930117
0.026314151
0.024400985
0.023306973
0.038065535
0.036696146
0.034454734
0.031667716
0.028706533
0.025917453
0.023573903
0.021859966
0.02087988
0.032594194
0.031421634
0.029502389
0.027115964
0.024580406
0.022192213
0.020185513
0.018717928
0.017878715
0.026862127
0.025895777
0.024314052
0.022347308
0.020257657
0.018289456
0.016635657
0.015426164
0.014734537
0.021597109
0.020820165
0.01954846
0.017967201
0.016287125
0.014704694
0.013375043
0.012402612
0.011846545
0.017327376
0.016704034
0.015683743
0.014415098
0.013067172
0.011797587
0.010730806
0.0099506244
0.0095044917
0.014328262
0.013812811
0.012969118
0.011920057
0.010805437
0.0097555981
0.0088734616
0.0082283177
0.007859404
0.012672215
0.01221634
0.011470159
0.010542348
0.0095565544
0.0086280552
0.0078478753
0.0072772965
0.0069510215
0.011907738
0.011479364
0.010778199
0.0099063594
0.0089800359
0.0081075503
0.0073744363
0.0068382788
0.0065316871
0.010392509
0.010018645
0.0094067012
0.0086458012
0.0078373499
0.0070758858
0.0064360586
0.0059681258
0.005700547
0.0080601058
0.0077701487
0.0072955438
0.0067054135
0.0060784039
0.0054878362
0.0049916062
0.0046286921
0.0044211664
0.0054566516
0.0052603522
0.0049390469
0.0045395317
0.0041150493
0.0037152379
0.0033792926
0.0031336016
0.0029931077
0.0031250458
0.0030126244
0.0028286116
0.0025998077
0.0023567049
0.0021277313
0.0019353342
0.0017946259
0.0017141646
0.0014314396
0.0013799446
0.0012956568
0.0011908522
0.0010794981
0.00097461579
0.00088648751
0.00082203554
0.00078517989
0.00046941326
0.00045252646
0.00042488588
0.00039051723
0.00035400076
0.00031960662
0.00029070664
0.00026957084
0.00025748474
8.4487903e-05
8.1448512e-05
7.6473589e-05
7.0287707e-05
6.3715246e-05
5.7524778e-05
5.232318e-05
4.8519029e-05
4.6343697e-05
3.1862171e-06
3.0715952e-06
2.8839804e-06
2.6506978e-06
2.4028364e-06
2.1693808e-06
1.9732175e-06
1.8297549e-06
1.7477186e-06
0.019520987
0.018952598
0.018015617
0.016838147
0.015570444
0.014358605
0.013325175
0.012559465
0.012117463
0.017036994
0.016540927
0.015723177
0.014695536
0.013589146
0.01253151
0.011629581
0.010961306
0.010575547
0.013213363
0.012828623
0.012194406
0.011397398
0.010539317
0.0097190477
0.0090195402
0.0085012471
0.0082020639
0.0089453828
0.0086849121
0.0082555528
0.0077159815
0.0071350657
0.0065797469
0.006106184
0.0057553022
0.0055527562
0.0051230568
0.0049738822
0.0047279877
0.0044189726
0.0040862802
0.0037682468
0.0034970356
0.0032960843
0.0031800852
0.0023466368
0.0022783061
0.0021656736
0.0020241279
0.0018717369
0.0017260604
0.001601831
0.0015097845
0.0014566506
0.00076953477
0.00074712689
0.00071019127
0.00066377404
0.00061380035
0.00056602852
0.00052528987
0.00049510498
0.00047768072
0.00013850563
0.00013447252
0.00012782462
0.00011947016
0.00011047559
0.00010187732
9.4544921e-05
8.9112059e-05
8.5975931e-05
5.2233397e-06
5.0712423e-06
4.8205361e-06
4.5054717e-06
4.1662674e-06
3.8420085e-06
3.5654885e-06
3.3606038e-06
3.2423338e-06
0.11095558
0.10827854
0.1038494
0.098237612
0.092136488
0.086239424
0.081156106
0.077354405
0.075144591
0.10431313
0.10179635
0.09763213
0.092356432
0.086620504
0.081076542
0.076297505
0.072723431
0.070645931
0.093450524
0.091195919
0.087464948
0.082738837
0.07760013
0.072633589
0.068352159
0.065150312
0.063289193
0.0800185
0.078088156
0.074893007
0.070846421
0.066446218
0.062193643
0.058527542
0.055785941
0.054192385
0.065946292
0.064355688
0.061722047
0.058387285
0.054760819
0.051256192
0.048234773
0.045975325
0.044662075
0.053020632
0.051742046
0.049624321
0.046943304
0.044027571
0.041209912
0.038780671
0.036964076
0.035908277
0.042538399
0.041512785
0.039813562
0.037662655
0.035323326
0.033062748
0.031113754
0.029656292
0.028809261
0.035175558
0.034327589
0.032922385
0.031143807
0.029209364
0.027340075
0.025728419
0.024523216
0.023822815
0.031109961
0.030360064
0.02911723
0.027544236
0.025833367
0.024180136
0.022754752
0.021688841
0.021069403
0.029233171
0.028528542
0.027360667
0.025882574
0.024274914
0.02272142
0.021382025
0.020380416
0.019798351
0.025513294
0.024898378
0.023879083
0.022589085
0.021185991
0.01983018
0.018661218
0.017787058
0.017279068
0.019787271
0.019310424
0.018519859
0.017519389
0.016431188
0.015379668
0.014473058
0.013795083
0.013401111
0.013395849
0.013073074
0.012537844
0.011860539
0.011123829
0.010411959
0.0097981886
0.0093391993
0.0090724893
0.0076718352
0.0074870068
0.0071804683
0.0067925769
0.006370659
0.0059629698
0.0056114612
0.0053485944
0.005195852
0.0035141075
0.0034294549
0.0032890408
0.0031113666
0.0029181052
0.0027313619
0.0025703522
0.0024499444
0.0023799812
0.001152383
0.0011246245
0.0010785779
0.0010203132
0.00095693673
0.00089569792
0.00084289788
0.00080341234
0.00078046943
0.00020741293
0.00020241689
0.0001941291
0.00018364228
0.00017223539
0.00016121325
0.00015170998
0.00014460312
0.00014047372
7.8219785e-06
7.6335681e-06
7.321018e-06
6.9255377e-06
6.4953598e-06
6.0796919e-06
5.7213034e-06
5.4532886e-06
5.2975605e-06
0.039622671
0.039088699
0.038179855
0.036825037
0.035016549
0.033145003
0.031521958
0.030288999
0.029573532
0.034572102
0.034106078
0.033314034
0.032135627
0.030560652
0.028927271
0.0275109
0.026434842
0.025810207
0.026802769
0.026441331
0.025828337
0.024919104
0.023701708
0.022434951
0.021336625
0.020502091
0.020017386
0.018137671
0.017892974
0.017478875
0.016866794
0.016045781
0.015188249
0.014444807
0.013879859
0.013551516
0.010383628
0.010243485
0.010006749
0.0096579403
0.0091893894
0.00869832
0.0082726041
0.007949076
0.0077609274
0.0047549807
0.0046907863
0.0045824777
0.004423269
0.0042092022
0.0039842839
0.0037893007
0.0036411152
0.0035548975
0.0015590677
0.0015380162
0.0015025214
0.0014504156
0.0013803206
0.0013065668
0.0012426289
0.001194036
0.0011657559
0.0002805936
0.00027680461
0.00027041764
0.00026104674
0.00024843815
0.00023516377
0.00022365605
0.00021491012
0.0002098196
1.0581638e-05
1.0438752e-05
1.0197897e-05
9.8445594e-06
9.3691228e-06
8.8685201e-06
8.4345418e-06
8.1047152e-06
7.9127374e-06
0.0012429158
0.0010111052
0.00068841256
0.00038234474
0.00016543127
5.1285146e-05
9.6445135e-06
7.3791865e-07
5.412631e-09
0.0012176132
0.0009905217
0.00067439824
0.00037456118
0.00016206351
5.0241111e-05
9.4481758e-06
7.228965e-07
5.3024452e-09
0.0011739479
0.00095500018
0.00065021336
0.00036112888
0.00015625169
4.8439394e-05
9.1093508e-06
6.969724e-07
5.1122946e-09
0.0011155418
0.00090748717
0.00061786405
0.00034316206
0.00014847788
4.6029445e-05
8.6561439e-06
6.6229674e-07
4.857951e-09
0.001048127
0.00085264559
0.00058052508
0.00032242397
0.00013950501
4.3247778e-05
8.1330328e-06
6.222726e-07
4.5643742e-09
0.00097916017
0.00079654147
0.0005423265
0.00030120846
0.00013032558
4.0402072e-05
7.5978788e-06
5.8132703e-07
4.2640366e-09
0.00091676117
0.00074578021
0.00050776562
0.00028201332
0.00012202031
3.7827366e-05
7.1136883e-06
5.4428076e-07
3.9922999e-09
0.00086835838
0.00070640481
0.00048095681
0.0002671237
0.00011557793
3.5830172e-05
6.7381026e-06
5.1554405e-07
3.7815145e-09
0.0008395676
0.00068298367
0.00046501049
0.0002582671
0.0001117459
3.4642208e-05
6.514698e-06
4.9845098e-07
3.656136e-09
0.00082568681
0.00067169173
0.00045732236
0.00025399711
0.00010989837
3.4069459e-05
6.4069889e-06
4.9020996e-07
3.5956878e-09
0.00079689603
0.00064827058
0.00044137603
0.00024514051
0.00010606634
3.2881495e-05
6.1835843e-06
4.7311688e-07
3.4703095e-09
0.00074849325
0.00060889518
0.00041456723
0.00023025088
9.9623959e-05
3.0884301e-05
5.8079987e-06
4.4438017e-07
3.2595249e-09
0.00068609424
0.00055813393
0.00038000635
0.00021105575
9.1318692e-05
2.8309596e-05
5.3238081e-06
4.073339e-07
2.98779e-09
0.00061712743
0.0005020298
0.00034180777
0.00018984024
8.2139255e-05
2.546389e-05
4.7886541e-06
3.6638833e-07
2.6874541e-09
0.00054971262
0.00044718822
0.0003044688
0.00016910215
7.3166388e-05
2.2682222e-05
4.265543e-06
3.2636419e-07
2.3938772e-09
0.00049130656
0.00039967521
0.00027211949
0.00015113532
6.539258e-05
2.0272274e-05
3.8123361e-06
2.9168853e-07
2.1395315e-09
0.00044764122
0.0003641537
0.00024793461
0.00013770303
5.9580753e-05
1.8470556e-05
3.4735111e-06
2.6576443e-07
1.9493786e-09
0.00042233862
0.00034357017
0.00023392028
0.00012991946
5.6212993e-05
1.7426521e-05
3.2771734e-06
2.5074229e-07
1.8391913e-09
0.0065423166
0.0059243992
0.004971155
0.0038904351
0.0028753486
0.0020512452
0.0014624856
0.0010940642
0.00090754331
0.0063141933
0.0057178219
0.0047978164
0.0037547799
0.0027750884
0.0019797206
0.0014114904
0.0010559154
0.00087589828
0.0059306746
0.0053705263
0.0045064011
0.0035267178
0.0026065319
0.0018594741
0.0013257577
0.00099177996
0.00082269696
0.005436257
0.0049228062
0.0041307197
0.0032327089
0.0023892353
0.0017044568
0.0012152343
0.00090909907
0.00075411188
0.0048897996
0.0044279612
0.0037154961
0.0029077541
0.0021490672
0.0015331233
0.0010930779
0.00081771561
0.00067830787
0.0043556394
0.0039442521
0.0033096164
0.0025901119
0.0019143038
0.0013656454
0.00097367039
0.00072838861
0.00060420973
0.0038928599
0.0035251819
0.0029579752
0.0023149168
0.0017109122
0.0012205478
0.00087021952
0.00065099853
0.00054001344
0.0035468783
0.003211878
0.0026950823
0.0021091764
0.0015588532
0.0011120705
0.00079287794
0.00059314042
0.00049201924
0.0033463935
0.0030303288
0.0025427447
0.0019899567
0.0014707402
0.0010492115
0.00074806107
0.00055961357
0.0004642082
0.00041031751
0.00033379106
0.00022726216
0.00012622154
5.4612991e-05
1.6930506e-05
3.1838945e-06
2.4360536e-07
1.786842e-09
0.00038575301
0.00031380798
0.00021365665
0.00011866503
5.1343473e-05
1.5916927e-05
2.9932842e-06
2.2902143e-07
1.6798691e-09
0.00034558227
0.00028112929
0.00019140732
0.00010630774
4.5996773e-05
1.4259403e-05
2.6815758e-06
2.0517207e-07
1.5049344e-09
0.00029591007
0.00024072123
0.00016389543
9.1027616e-05
3.9385436e-05
1.2209831e-05
2.29614e-06
1.7568171e-07
1.288623e-09
0.00024387086
0.00019838762
0.00013507252
7.5019356e-05
3.2459051e-05
1.0062591e-05
1.8923372e-06
1.4478604e-07
1.0620038e-09
0.0001960718
0.00015950334
0.0001085981
6.0315447e-05
2.6097028e-05
8.0903075e-06
1.5214362e-06
1.1640776e-07
8.5384955e-10
0.00015730855
0.00012796965
8.7128332e-05
4.8391127e-05
2.0937664e-05
6.4908595e-06
1.2206494e-06
9.3394027e-08
6.850442e-10
0.00013008075
0.00010581998
7.20477e-05
4.0015335e-05
1.7313662e-05
5.3673873e-06
1.0093729e-06
7.7228895e-08
5.6647319e-10
0.00011504614
9.3589409e-05
6.3720494e-05
3.53904e-05
1.5312566e-05
4.7470297e-06
8.9271057e-07
6.8302852e-08
5.010008e-10
0.00010810575
8.7943438e-05
5.9876426e-05
3.3255402e-05
1.4388804e-05
4.4606555e-06
8.3885599e-07
6.4182344e-08
4.7077692e-10
9.4349576e-05
7.6752866e-05
5.2257308e-05
2.902374e-05
1.2557867e-05
3.8930488e-06
7.3211377e-07
5.6015309e-08
4.1087183e-10
7.3174586e-05
5.9527128e-05
4.0529137e-05
2.2509907e-05
9.7394894e-06
3.0193271e-06
5.6780459e-07
4.3443725e-08
3.1865941e-10
4.9538832e-05
4.029957e-05
2.7438025e-05
1.5239095e-05
6.593586e-06
2.0440695e-06
3.8440089e-07
2.9411187e-08
2.1573088e-10
2.8371084e-05
2.3079722e-05
1.5713865e-05
8.7274898e-06
3.7761726e-06
1.1706466e-06
2.201479e-07
1.6843902e-08
1.2354994e-10
1.2995488e-05
1.0571759e-05
7.1977982e-06
3.9976614e-06
1.7296909e-06
5.3621935e-07
1.0083962e-07
7.7154163e-09
5.6592548e-11
4.2616219e-06
3.4668062e-06
2.3603804e-06
1.3109567e-06
5.6721907e-07
1.7584289e-07
3.3068427e-08
2.5301233e-09
1.8558446e-11
7.6703307e-07
6.2397723e-07
4.2483587e-07
2.3595409e-07
1.020916e-07
3.1649291e-08
5.9518601e-09
4.5538725e-10
3.340264e-12
2.8926436e-08
2.3531498e-08
1.6021457e-08
8.8983266e-09
3.8500896e-09
1.1935615e-09
2.244572e-10
1.7173614e-11
1.2596841e-13
0.00085657422
0.00077567135
0.00065086474
0.00050936795
0.00037646442
0.000268566
0.00019148072
0.00014324393
0.00011882308
0.0007475774
0.00067696921
0.00056804392
0.00044455221
0.00032856031
0.00023439168
0.0001671153
0.00012501652
0.00010370315
0.0005797977
0.00052503619
0.00044055713
0.00034478082
0.00025482113
0.00018178687
0.00012960941
9.6958909e-05
8.0428929e-05
0.00039252017
0.0003554469
0.00029825499
0.00023341491
0.00017251264
0.00012306881
8.7744928e-05
6.5640701e-05
5.4449986e-05
0.00022479784
0.00020356584
0.00017081181
0.00013367764
9.8798666e-05
7.0481992e-05
5.0251865e-05
3.7592687e-05
3.1183721e-05
0.00010296955
9.324414e-05
7.8241027e-05
6.1231572e-05
4.5255122e-05
3.2284556e-05
2.3018067e-05
1.721948e-05
1.4283827e-05
3.3766895e-05
3.0577634e-05
2.565765e-05
2.0079724e-05
1.4840552e-05
1.0587103e-05
7.5483351e-06
5.6467993e-06
4.6841082e-06
6.0775746e-06
5.5035517e-06
4.6180225e-06
3.614073e-06
2.6710944e-06
1.9055324e-06
1.3585961e-06
1.0163459e-06
8.4307478e-07
2.2919816e-07
2.0755055e-07
1.7415537e-07
1.3629432e-07
1.0073261e-07
7.1861646e-08
5.1235524e-08
3.8328548e-08
3.1794129e-08
0.010641336
0.0099770878
0.008918319
0.0076540881
0.006379455
0.0052495979
0.0043583811
0.0037431885
0.0034062522
0.010004271
0.009379789
0.0083844056
0.0071958605
0.0059975359
0.00493532
0.0040974577
0.0035190949
0.00320233
0.0089624666
0.008403016
0.0075112878
0.0064465129
0.0053729769
0.0044213759
0.0036707652
0.0031526307
0.0028688524
0.0076742484
0.0071952103
0.0064316545
0.0055199247
0.0046006932
0.0037858703
0.0031431485
0.002699488
0.0024564985
0.006324643
0.0059298493
0.0053005736
0.0045491821
0.0037916081
0.0031200812
0.0025903895
0.0022247518
0.0020244948
0.0050850033
0.0047675898
0.004261653
0.0036575354
0.0030484471
0.0025085405
0.0020826692
0.001788697
0.0016276907
0.0040797018
0.0038250407
0.0034191273
0.0029344433
0.0024457713
0.0020126039
0.001670927
0.0014350729
0.0013058974
0.0033735654
0.0031629824
0.0028273267
0.0024265343
0.0020224443
0.0016642518
0.0013817141
0.0011866829
0.0010798658
0.0029836519
0.0027974079
0.0025005469
0.0021460778
0.0017886921
0.0014718991
0.0012220169
0.0010495272
0.00095505593
0.002803657
0.0026286486
0.0023496963
0.0020166113
0.0016807856
0.0013831038
0.0011482962
0.00098621236
0.00089744025
0.002446899
0.00229416
0.0020507037
0.0017600028
0.00146691
0.0012071075
0.0010021786
0.00086071943
0.00078324333
0.0018977385
0.0017792789
0.0015904618
0.0013650032
0.0011376896
0.00093619488
0.00077725841
0.00066754712
0.00060745908
0.0012847596
0.001204563
0.0010767347
0.00092410042
0.00077021025
0.00063379929
0.00052620009
0.00045192609
0.00041124679
0.00073578686
0.00068985795
0.00061665021
0.00052923595
0.00044110244
0.00036297935
0.00030135686
0.00025881985
0.00023552265
0.00033703009
0.00031599218
0.00028245908
0.00024241863
0.00020204872
0.00016626413
0.00013803771
0.00011855346
0.00010788209
0.00011052258
0.0001036236
9.2627057e-05
7.9496557e-05
6.6258018e-05
5.4523145e-05
4.5266828e-05
3.8877342e-05
3.5377869e-05
1.9892538e-05
1.8650816e-05
1.6671591e-05
1.4308282e-05
1.1925528e-05
9.813413e-06
8.1474038e-06
6.9973846e-06
6.3675277e-06
7.5018957e-07
7.0336162e-07
6.2872087e-07
5.3959551e-07
4.4973683e-07
3.7008451e-07
3.0725579e-07
2.6388614e-07
2.4013291e-07
0.0063869786
0.0060930199
0.0056167134
0.0050334483
0.0044256973
0.0038658122
0.0034058847
0.003076267
0.0028905636
0.0055742524
0.0053176991
0.0049020014
0.0043929552
0.0038625389
0.0033738977
0.0029724948
0.0026848201
0.002522747
0.0043232162
0.0041242414
0.0038018393
0.0034070389
0.0029956646
0.0026166898
0.0023053742
0.0020822627
0.0019565638
0.0029267959
0.002792091
0.0025738263
0.0023065485
0.0020280501
0.001771486
0.0015607269
0.0014096815
0.001324584
0.0016761875
0.0015990415
0.0014740405
0.0013209694
0.0011614723
0.001014537
0.00089383443
0.00080733015
0.00075859447
0.00076778436
0.00073244731
0.00067519009
0.00060507527
0.00053201699
0.0004647127
0.00040942441
0.00036980078
0.00034747721
0.00025178021
0.0002401921
0.00022141569
0.00019842287
0.0001744648
0.00015239365
0.00013426291
0.0001212691
0.00011394851
4.531696e-05
4.323126e-05
3.9851765e-05
3.5713376e-05
3.1401255e-05
2.7428752e-05
2.416547e-05
2.1826763e-05
2.0509158e-05
1.7089982e-06
1.630342e-06
1.5028942e-06
1.3468268e-06
1.1842076e-06
1.0343961e-06
9.1133085e-07
8.2313329e-07
7.7344363e-07
