FiniteElementSpace
FiniteElementCollection: L2_2D_P8
VDim: 1
Ordering: 0

0.088388548
0.10698655
0.13800088
0.17767538
0.22133409
0.26401616
0.30119447
0.32926457
0.34569929
0.088752745
0.10786645
0.13976231
0.18057066
0.22545281
0.26931152
0.30754535
0.33644294
0.35336195
0.089347706
0.10937115
0.14278105
0.18549059
0.2324326
0.27835921
0.31845455
0.34874887
0.36646973
0.090100937
0.1112999
0.14665673
0.1918649
0.2416274
0.29036228
0.33287786
0.3649806
0.38376508
0.090760648
0.11329627
0.1509102
0.19906928
0.25210063
0.30398369
0.34923414
0.38342466
0.40343548
0.091226637
0.11517519
0.15515163
0.20629206
0.26254588
0.31762184
0.3657067
0.40204657
0.42332373
0.091564004
0.11675754
0.15879206
0.21256174
0.27178841
0.32979712
0.38044931
0.41876724
0.44120577
0.091667576
0.11780511
0.16143051
0.2173136
0.27886228
0.33915468
0.39184503
0.4316521
0.45492403
0.091651969
0.11835911
0.16297401
0.22010471
0.28301016
0.3447154
0.39857427
0.43920926
0.46300483
0.88080643
0.88740643
0.89803155
0.91085252
0.92388642
0.93551477
0.94473802
0.9511301
0.95463752
0.90408759
0.91087461
0.92177017
0.9348789
0.94818824
0.96006639
0.96949331
0.97602767
0.97961264
0.94405951
0.9511261
0.96244328
0.976041
0.98985387
1.0021976
1.012001
1.0187946
1.0225198
0.99702388
1.0044418
1.0163247
1.0306224
1.0451738
1.0581912
1.0685299
1.0756914
1.0796162
1.0575496
1.0654051
1.0780048
1.0931857
1.1086504
1.1224909
1.1334827
1.1410931
1.1452611
1.119094
1.1274337
1.1408189
1.1569573
1.1734049
1.1881274
1.1998177
1.2079064
1.2123332
1.1746849
1.183485
1.1976134
1.2146547
1.2320295
1.2475809
1.2599221
1.2684565
1.2731249
1.2178695
1.2270387
1.2417647
1.2595305
1.2776416
1.293851
1.3067124
1.3156001
1.320458
1.2436235
1.2530164
1.2681036
1.2863082
1.3048668
1.3214738
1.3346479
1.3437479
1.3487194
0.92528933
0.92131342
0.91437783
0.9049505
0.89384444
0.88221215
0.87142663
0.86287262
0.85770084
0.94715776
0.94298511
0.93571042
0.92582963
0.9141979
0.90202259
0.89074078
0.88179892
0.87639516
0.98477027
0.98025976
0.9724026
0.96174085
0.94920086
0.93608872
0.92395428
0.91434671
0.9085441
1.0348653
1.0299035
1.0212663
1.0095574
0.99580404
0.98144552
0.96817461
0.95767576
0.95133791
1.0924592
1.0869744
1.0774343
1.064518
1.049369
1.0335721
1.0189831
1.0074489
1.0004898
1.1512516
1.1452316
1.1347696
1.1206189
1.1040343
1.0867515
1.0708026
1.0582023
1.0506031
1.2044749
1.1979697
1.1866685
1.1713881
1.1534893
1.1348499
1.1176591
1.1040826
1.0958967
1.2458669
1.2389806
1.2270194
1.210853
1.1919262
1.1722241
1.1540573
1.1397132
1.1310662
1.2705584
1.2634433
1.2510871
1.2343909
1.2148474
1.1945058
1.1757526
1.160948
1.152024
0.23047634
0.2724074
0.34286123
0.43395821
0.53542601
0.63597197
0.72476336
0.79251598
0.83243793
0.23732307
0.2794656
0.35027058
0.44180049
0.54377194
0.64479869
0.73396712
0.80199725
0.8420724
0.249467
0.29196325
0.36336119
0.4556034
0.55835613
0.66017344
0.74997315
0.81842028
0.85872368
0.26546035
0.30841871
0.38057197
0.47375971
0.57747788
0.68019016
0.77073412
0.83968328
0.88025115
0.28390256
0.32738217
0.40036542
0.49455906
0.59928951
0.70286632
0.79410869
0.86357117
0.90442081
0.30299775
0.34700602
0.42082368
0.51595829
0.62161039
0.72598486
0.81780281
0.88762764
0.92866997
0.32054701
0.36497766
0.43949502
0.53546368
0.64187508
0.74685869
0.83907883
0.90912243
0.95028201
0.33498427
0.37969644
0.45466201
0.55120407
0.65815597
0.76350543
0.85597833
0.92618201
0.9674282
0.34362375
0.38849338
0.46370731
0.56054881
0.66779741
0.77335725
0.86596713
0.93625675
0.97752648
2.2630243
2.2824446
2.3135768
2.3509605
2.3888311
2.4225747
2.4492452
2.4675486
2.4774796
2.2747715
2.2944596
2.3260992
2.3641796
2.4027127
2.4368605
2.4637313
2.482166
2.4921792
2.2931118
2.3129923
2.3450998
2.384052
2.4237966
2.4590863
2.4866896
2.505512
2.5157115
2.3152424
2.3350221
2.3670587
2.4061752
2.4465666
2.4830016
2.5119064
2.5318065
2.5426492
2.3389451
2.3585189
2.3901932
2.4288195
2.4686775
2.5048715
2.5341732
2.5548496
2.5662966
2.3615252
2.3808425
2.4120566
2.4500493
2.4892379
2.5249304
2.553922
2.574382
2.5857029
2.3806401
2.399742
2.4305697
2.4680249
2.5066713
2.5419062
2.5703702
2.5902502
2.6011784
2.3949641
2.413862
2.444318
2.4813119
2.5195326
2.5543586
2.5823489
2.601796
2.612462
2.4031534
2.4219102
2.4521456
2.4889218
2.5269564
2.5615274
2.5891719
2.608301
2.6187787
-0.51432251
-0.49904421
-0.46673162
-0.42073127
-0.36957165
-0.31837624
-0.27311764
-0.23848758
-0.21791478
-0.52981061
-0.51428312
-0.48125084
-0.43406593
-0.38157074
-0.3290252
-0.28257208
-0.2470274
-0.22590237
-0.55566166
-0.54009215
-0.50616577
-0.45698418
-0.4022007
-0.34733914
-0.29882494
-0.26170056
-0.2396151
-0.58738483
-0.57294564
-0.53911086
-0.48751313
-0.42966868
-0.37175535
-0.32047589
-0.28128205
-0.25791127
-0.61937751
-0.60748715
-0.57603351
-0.5227333
-0.46121509
-0.39993178
-0.34542483
-0.30391352
-0.27908769
-0.64868714
-0.63917607
-0.61184371
-0.55882397
-0.4934084
-0.42886617
-0.37100082
-0.32707934
-0.30091993
-0.67348989
-0.66512906
-0.64199881
-0.59131995
-0.52266128
-0.45513629
-0.39430636
-0.34813479
-0.32094186
-0.69180844
-0.68369326
-0.66363944
-0.61612246
-0.54557203
-0.4755727
-0.41261382
-0.36458466
-0.33658166
-0.70237453
-0.69418373
-0.67573925
-0.6305523
-0.55931294
-0.48779924
-0.42362678
-0.37438339
-0.34587035
-0.83816141
-0.82905449
-0.81186049
-0.78868053
-0.74813619
-0.67451309
-0.59452668
-0.53274237
-0.49414195
-0.85560884
-0.84692842
-0.82891394
-0.80161906
-0.75518698
-0.67950078
-0.60067984
-0.53969279
-0.50148683
-0.89564934
-0.88372741
-0.85907436
-0.82106669
-0.76289114
-0.68265476
-0.60509994
-0.54505664
-0.5076624
-0.93888707
-0.9205569
-0.88712597
-0.83819111
-0.76841075
-0.68315548
-0.6050739
-0.54462393
-0.5077351
-0.96765024
-0.94563659
-0.90742561
-0.85069802
-0.77188989
-0.68317358
-0.60337712
-0.54133199
-0.5042474
-0.98955851
-0.96600933
-0.92392172
-0.85942961
-0.77330999
-0.68235283
-0.60092991
-0.537499
-0.49993345
-1.0073406
-0.98188942
-0.93536979
-0.86407377
-0.77361444
-0.68111624
-0.59806728
-0.53355113
-0.49541836
-1.0194109
-0.99276682
-0.94225819
-0.86586365
-0.77312423
-0.67941431
-0.59508486
-0.5298896
-0.49129744
-1.026766
-0.99895245
-0.94568285
-0.86665469
-0.77268315
-0.6782413
-0.59323681
-0.52765116
-0.48875993
0.57789256
0.59111656
0.61290635
0.6402558
0.66972473
0.69791503
0.72189706
0.73961898
0.7498443
0.59227888
0.60586975
0.62826136
0.65642054
0.68678732
0.71577137
0.74041803
0.7586765
0.76922833
0.61687572
0.63111909
0.65462322
0.68419257
0.7159935
0.74634691
0.77226198
0.79149049
0.80258265
0.64950753
0.66464702
0.68960848
0.72095436
0.75471605
0.78706734
0.81466359
0.83503895
0.84675716
0.68683823
0.70296678
0.72956851
0.76307295
0.79923829
0.83375341
0.86305372
0.88471249
0.89721952
0.72469605
0.74189665
0.77031253
0.80604828
0.84440967
0.88098447
0.91223976
0.93548712
0.94893255
0.75897501
0.77714784
0.80706442
0.8445624
0.88495942
0.92378534
0.95704816
0.98169363
0.99588747
0.78548992
0.80429933
0.83528954
0.8743416
0.91665849
0.9572906
0.99191001
1.0174648
1.032166
0.80111049
0.82033711
0.85209992
0.89221773
0.935652
0.97724072
1.0126056
1.0386907
1.0536943
1.0417821
1.0678705
1.1109563
1.1652356
1.2238331
1.2799879
1.3279712
1.3635609
1.3841109
1.0561471
1.0826793
1.1265088
1.1817476
1.2414026
1.2985709
1.3474143
1.3836479
1.404574
1.0800532
1.1073404
1.1524252
1.2092665
1.2706867
1.3295763
1.3798938
1.4172127
1.4387627
1.1104719
1.1387565
1.1854987
1.2444312
1.3081132
1.3691961
1.4214108
1.4601369
1.4824954
1.1437249
1.1731163
1.2217006
1.2829804
1.3492078
1.4127078
1.4669732
1.5072259
1.5304676
1.1760552
1.2065414
1.2569381
1.3204965
1.3891795
1.4550379
1.5113046
1.553016
1.5770906
1.2040193
1.2354458
1.2874006
1.3529382
1.4237626
1.4916401
1.5495944
1.5925418
1.6173246
1.2250548
1.2571805
1.3102786
1.3772344
1.4495799
1.5189238
1.5781392
1.6220246
1.6473505
1.2373111
1.2698469
1.3236146
1.3913929
1.4645879
1.5347355
1.5946574
1.639075
1.6647081
0.085510049
0.12140352
0.18139364
0.25779039
0.34175113
0.4246502
0.49755937
0.55278607
0.58514054
0.084781447
0.12122007
0.18185221
0.25925725
0.34495968
0.4295767
0.50371962
0.55977919
0.59258511
0.083542461
0.12061616
0.18251035
0.26225209
0.35078528
0.43780773
0.51376882
0.57110854
0.6046422
0.081084759
0.11942489
0.1838786
0.26685272
0.35835499
0.44788428
0.52592265
0.58483896
0.6193189
0.082679158
0.12165451
0.18728298
0.27203339
0.36584394
0.45785175
0.53819789
0.59897331
0.63458266
0.093628504
0.13195457
0.19654116
0.28034747
0.37407943
0.46728955
0.54955907
0.61211878
0.64885462
0.10734722
0.14587917
0.21044426
0.29360948
0.38640353
0.47897154
0.56131269
0.62447515
0.66177983
0.11865277
0.15735964
0.22215866
0.30574879
0.39886531
0.49135541
0.57343309
0.63644609
0.67374162
0.12520744
0.16402026
0.22911847
0.31311539
0.40666342
0.4995301
0.58176597
0.64477207
0.68204026
0.98364825
0.98396799
0.98411657
0.98359251
0.98206421
0.9795704
0.97655853
0.973747
0.97188056
1.0090428
1.0093366
1.0094265
1.0087975
1.0071136
1.0044264
1.0012102
0.9982202
0.99623913
1.0527376
1.0529878
1.0529772
1.0521684
1.0502191
1.0471988
1.043627
1.0403261
1.038146
1.1109802
1.1111728
1.1110297
1.1099831
1.1076772
1.1042037
1.1001494
1.0964298
1.093983
1.1780344
1.1781612
1.1778643
1.1765362
1.1738055
1.1697983
1.1651823
1.1609767
1.1582196
1.2465999
1.2466549
1.2461904
1.2445602
1.2413843
1.2368243
1.2316256
1.2269151
1.2238362
1.3087442
1.3087282
1.3081042
1.3061949
1.3026095
1.2975385
1.291803
1.2866307
1.2832591
1.3571071
1.3570352
1.3562861
1.354155
1.3502432
1.3447694
1.3386157
1.3330852
1.3294864
1.3859725
1.3858665
1.3850403
1.382774
1.3786658
1.3729522
1.3665496
1.3608056
1.357071
1.8384762
1.8378414
1.8358478
1.8315535
1.824491
1.8151245
1.8048932
1.7958383
1.7899931
1.8667377
1.8660791
1.8640233
1.8596119
1.852379
1.8427999
1.8323396
1.8230833
1.8171075
1.9139477
1.9132472
1.9110912
1.9064958
1.8989868
1.8890524
1.8782057
1.8686125
1.862422
1.9743595
1.9736098
1.9713359
1.9665194
1.9586623
1.9482784
1.9369491
1.9269241
1.92045
2.0407282
2.0399368
2.037547
2.0324958
2.0242677
2.0133893
2.001507
1.9909926
1.9842073
2.1054143
2.1045854
2.1020902
2.0968174
2.0882168
2.0768446
2.0644406
2.0534756
2.0463985
2.161471
2.1606125
2.1580229
2.1525503
2.1436331
2.1318569
2.1190077
2.1076195
2.1002507
2.2034747
2.2025955
2.1999378
2.1943167
2.1851772
2.1731
2.1598652
2.1481175
2.1405338
2.2278819
2.2269853
2.2242909
2.2186037
2.209331
2.1970421
2.1835731
2.1716487
2.1639831
1.6476062
1.6606894
1.6816815
1.7069542
1.7326175
1.7554484
1.7734274
1.7857495
1.7924375
1.6728355
1.6861434
1.7074929
1.733197
1.7592953
1.7824989
1.8007643
1.8132861
1.820083
1.7149288
1.7286185
1.7505719
1.7769842
1.8037924
1.8276287
1.8463857
1.8592397
1.8662169
1.7686816
1.7828494
1.8055666
1.8328877
1.8606087
1.8852612
1.9046643
1.9179536
1.9251623
1.8275349
1.8422196
1.865765
1.8940945
1.9228483
1.9484078
1.9685164
1.9822916
1.9897654
1.8846109
1.8998127
1.9241886
1.9535101
1.9832689
2.0097311
2.0305527
2.0448202
2.0525665
1.9338299
1.9494816
1.9745821
2.004778
2.0354189
2.0626787
2.0841629
2.0988969
2.1068935
1.9705617
1.9865433
2.0121783
2.0430396
2.0743884
2.1022845
2.1242585
2.1393338
2.1475219
1.9918419
2.0080227
2.0339726
2.065216
2.0969803
2.1252683
2.1475399
2.1628054
2.1710981
0.76966555
0.76367884
0.75352522
0.74023567
0.72521111
0.71006791
0.69647689
0.68597867
0.6797482
0.78462374
0.7783997
0.76784625
0.75402983
0.73840443
0.72269185
0.70864873
0.69780601
0.69134906
0.81031209
0.80366743
0.79240802
0.77769516
0.76110106
0.74440693
0.72942785
0.71786542
0.71101981
0.84443262
0.83723402
0.82504439
0.80911191
0.79111732
0.77306611
0.75701413
0.7446729
0.73732389
0.88350337
0.87564087
0.86232936
0.84496624
0.82546536
0.80592844
0.78836465
0.7747533
0.76672721
0.92313969
0.91460476
0.90018354
0.8813946
0.86016656
0.83877818
0.81999771
0.80625382
0.79856273
0.95884977
0.94970063
0.93420496
0.91391616
0.89111527
0.86904484
0.85084481
0.83791114
0.83053293
0.98644343
0.97675483
0.96033257
0.93901016
0.91584125
0.89440196
0.87671253
0.86336568
0.85534481
1.0027669
0.99274642
0.97584296
0.95425011
0.93138606
0.91028335
0.89211101
0.87788432
0.86933361
1.2687131
1.2546272
1.2309979
1.2004227
1.166046
1.1318953
1.1018914
1.0789079
1.0653695
1.2845347
1.2701818
1.2460137
1.2145115
1.1792342
1.1443399
1.1134694
1.089898
1.0760707
1.3108667
1.2958908
1.2705643
1.2377015
1.201061
1.1646338
1.1324455
1.1079638
1.0935494
1.3438464
1.3280378
1.3014144
1.2668948
1.2282724
1.1899275
1.1561095
1.1303257
1.1151652
1.3793803
1.3627236
1.3346133
1.2981091
1.2573429
1.2168873
1.1811649
1.1539724
1.1379837
1.4133178
1.3957548
1.3661418
1.3277471
1.2848425
1.2422442
1.2046784
1.1760722
1.1592544
1.4420883
1.4237664
1.3928764
1.3527724
1.30796
1.2635134
1.2242966
1.1944456
1.1769059
1.4633287
1.4444214
1.4125051
1.3710986
1.3248758
1.2789943
1.2385281
1.207745
1.1896483
1.4755242
1.4562424
1.4237362
1.3816067
1.3345285
1.287802
1.2466242
1.215274
1.1968536
1.6574502
1.6466302
1.627828
1.6023685
1.5725579
1.541856
1.5142179
1.4929229
1.480256
1.6816059
1.6705323
1.6512823
1.6252337
1.594887
1.5639259
1.5361899
1.5146919
1.5017864
1.7219366
1.7104127
1.6904017
1.6635452
1.6327706
1.6016267
1.5733131
1.5508932
1.5373018
1.773406
1.7614467
1.7409174
1.7137502
1.6825669
1.6502261
1.620188
1.5963898
1.5820616
1.8308988
1.8188052
1.798016
1.7700779
1.7372113
1.702781
1.671061
1.6460849
1.6310333
1.8883241
1.8758372
1.8540738
1.8244732
1.7897299
1.7536536
1.7203981
1.6940634
1.6781607
1.9380435
1.9249052
1.9020362
1.8711644
1.8351024
1.7974723
1.7626336
1.7351181
1.718551
1.9748881
1.9613387
1.937855
1.9061546
1.8689006
1.8299467
1.7940523
1.7657584
1.7486941
1.996282
1.9825426
1.9586973
1.9263835
1.8883683
1.8487637
1.8123087
1.7834888
1.7660793
-1.0726257
-1.0291681
-0.95592116
-0.86240299
-0.75642083
-0.64880824
-0.55276738
-0.47900778
-0.43538212
-1.072886
-1.0289299
-0.9559267
-0.86192725
-0.75448718
-0.64597184
-0.54943893
-0.47539489
-0.43167612
-1.0724648
-1.0287307
-0.95570982
-0.85974457
-0.75031899
-0.64064854
-0.54333444
-0.46892033
-0.42499603
-1.0728509
-1.0290031
-0.95426296
-0.8556022
-0.74447478
-0.63374166
-0.53566742
-0.46069228
-0.41637496
-1.0726212
-1.0272854
-0.95029505
-0.84990696
-0.73752213
-0.62590729
-0.52713374
-0.45139503
-0.4065582
-1.0694501
-1.0230882
-0.94483345
-0.84333598
-0.73017331
-0.61778271
-0.51807112
-0.44153344
-0.39619547
-1.0653066
-1.0183674
-0.93928256
-0.83712339
-0.72333459
-0.61011318
-0.50945542
-0.43212401
-0.38630391
-1.0609631
-1.0136615
-0.93430587
-0.8317643
-0.71729798
-0.60329877
-0.5019028
-0.42392642
-0.37768828
-1.0584544
-1.0110884
-0.93152726
-0.82867282
-0.71380008
-0.59925884
-0.49737106
-0.41902729
-0.37254241
1.4183856
1.4529993
1.5103998
1.5831722
1.6623398
1.738843
1.8047796
1.8540669
1.8826857
1.429357
1.4639922
1.5214295
1.5942463
1.6734581
1.7499863
1.8159122
1.8651774
1.8937789
1.4479326
1.4826036
1.5400946
1.6129568
1.6921902
1.7687161
1.8346203
1.8838522
1.912428
1.4716119
1.5063381
1.5638993
1.6367995
1.7160322
1.7925397
1.8584019
1.9075718
1.9361001
1.4977053
1.5324527
1.590037
1.6629407
1.7421411
1.8185814
1.884346
1.9334229
1.9618905
1.5233754
1.5581189
1.6156732
1.6885446
1.7677059
1.8440381
1.9096524
1.958588
1.9869636
1.5457771
1.5805194
1.6380643
1.710875
1.7899237
1.8661235
1.9315702
1.9803544
2.0086327
1.5631595
1.5978668
1.6553665
1.728113
1.8070209
1.8830662
1.9483794
1.9970241
2.0252202
1.5733098
1.6079974
1.6654445
1.7381453
1.8169928
1.8929312
1.9581639
2.0067235
2.0348497
2.0587356
2.084004
2.1257057
2.1779616
2.2341272
2.2875271
2.3327309
2.3659784
2.3845679
2.2023798
2.2245108
2.2608234
2.3062922
2.354834
2.4004912
2.4387061
2.4664035
2.4816511
2.4034659
2.4203107
2.4478053
2.4817417
2.5171607
2.5496281
2.5761187
2.5948658
2.6051437
2.57931
2.5897529
2.6065347
2.6265471
2.6466187
2.6641948
2.6777927
2.6869181
2.6917128
2.6717633
2.6767511
2.6844642
2.6930351
2.7007632
2.7065345
2.7100734
2.7117405
2.712363
2.6919424
2.6938549
2.6965136
2.6989379
2.7003312
2.700395
2.6993964
2.6979574
2.6968591
2.6812244
2.6821844
2.683346
2.6841208
2.6840023
2.6828382
2.6809138
2.6788838
2.6774755
2.666723
2.6674456
2.6682009
2.6684662
2.6677823
2.666065
2.6636699
2.6612919
2.6596984
2.6567649
2.6573471
2.657871
2.6578097
2.6567461
2.6546843
2.6520122
2.649448
2.6477383
1.0985447
1.1353078
1.196757
1.2753075
1.3619267
1.4465737
1.5201928
1.5756296
1.6070535
1.3330948
1.3672138
1.4240345
1.4968091
1.576727
1.6543386
1.7214955
1.7716434
1.7997638
1.6925907
1.7219106
1.770741
1.8329002
1.9003937
1.9651375
2.0205304
2.0614289
2.08449
2.0712827
2.0939298
2.1315295
2.178617
2.2290112
2.2768006
2.3172273
2.3468365
2.3635083
2.356825
2.37244
2.3981892
2.4299133
2.4633861
2.4946719
2.5206513
2.539358
2.5498084
2.508734
2.5189827
2.5356928
2.5560361
2.5771304
2.5964035
2.6120155
2.6230396
2.6291862
2.5583474
2.5655412
2.5771423
2.5911731
2.6056073
2.6187506
2.6294196
2.6369864
2.6412118
2.5606986
2.5668354
2.5767401
2.5888322
2.6013858
2.6128997
2.6222909
2.6289623
2.6327083
2.5561177
2.5619854
2.5714568
2.5830673
2.595136
2.6061899
2.6151523
2.6215055
2.6250704
2.5483511
2.5476438
2.5449771
2.5388494
2.5285595
2.5147285
2.4993708
2.4856272
2.4767227
2.5641846
2.5634326
2.5607575
2.554687
2.5443614
2.5303186
2.5147746
2.5009418
2.4919824
2.5894725
2.5887062
2.5859898
2.5798084
2.5692788
2.5550012
2.5392569
2.5252557
2.5161742
2.6193114
2.6185774
2.6158175
2.6094217
2.598642
2.5841908
2.568201
2.5538983
2.5446176
2.6484677
2.6476673
2.6448436
2.6384466
2.6275783
2.6128269
2.5965163
2.5819911
2.5725717
2.6727942
2.6721885
2.6695088
2.6630418
2.6519672
2.6370015
2.6204509
2.6056943
2.5961278
2.6882633
2.6881201
2.6861529
2.6803561
2.6696463
2.6547497
2.6380928
2.6231552
2.6134509
2.696371
2.6963663
2.6947641
2.6896587
2.6797284
2.6653048
2.6488416
2.6339851
2.6242935
2.7001693
2.7000759
2.6984309
2.6934664
2.6839203
2.6699728
2.6538342
2.6391186
2.6294806
-0.63423338
-0.62680063
-0.61418919
-0.59781375
-0.57955228
-0.56104201
-0.54443767
-0.53070829
-0.52040467
-0.6514428
-0.64392772
-0.63115414
-0.61459559
-0.59597384
-0.57707036
-0.56023413
-0.54636017
-0.535959
-0.67999587
-0.67228425
-0.65912925
-0.64199973
-0.62271427
-0.60322651
-0.58595929
-0.57203966
-0.56176257
-0.71575954
-0.70767184
-0.69371294
-0.675373
-0.65472308
-0.6338664
-0.61578021
-0.60226516
-0.59291714
-0.75402708
-0.7450167
-0.72926833
-0.70838558
-0.68513481
-0.66268816
-0.64440789
-0.63177504
-0.62386975
-0.78765604
-0.77687603
-0.7584768
-0.7349563
-0.71047213
-0.68872642
-0.67173043
-0.65970811
-0.65245507
-0.81044866
-0.79833601
-0.77868974
-0.75533109
-0.73273251
-0.71294687
-0.69673196
-0.68451156
-0.67707597
-0.82388739
-0.81189029
-0.79325149
-0.77206688
-0.75153513
-0.73244404
-0.71591825
-0.70317204
-0.69540897
-0.8315702
-0.8202044
-0.8028517
-0.78307228
-0.7631673
-0.74396835
-0.72708087
-0.7139837
-0.70601253
-0.83559025
-0.82461775
-0.80787063
-0.78854708
-0.76876406
-0.74944967
-0.73237496
-0.7191335
-0.71106872
-0.84460883
-0.83440337
-0.81869576
-0.80011675
-0.78044251
-0.76083303
-0.74333895
-0.72969636
-0.72138284
-0.86213399
-0.85292479
-0.83836416
-0.82022901
-0.80009434
-0.77960395
-0.76119609
-0.74684149
-0.73814113
-0.88810805
-0.87936109
-0.86492418
-0.84600624
-0.82457129
-0.802807
-0.78332918
-0.76815645
-0.75896323
-0.91798324
-0.90891527
-0.89357994
-0.87338525
-0.85068397
-0.82765958
-0.80691482
-0.79067387
-0.78085014
-0.94693465
-0.93734145
-0.92108445
-0.89962871
-0.87537221
-0.85066726
-0.82841388
-0.81114787
-0.80082217
-0.97166445
-0.96137868
-0.94385351
-0.92075847
-0.8949168
-0.86893487
-0.8457335
-0.82784725
-0.81714684
-0.98854628
-0.97761923
-0.95911928
-0.93525397
-0.90902221
-0.8825642
-0.85871839
-0.8403537
-0.82940769
-0.99758319
-0.98641883
-0.96786012
-0.9443304
-0.91811528
-0.89105854
-0.86678706
-0.84857955
-0.83795434
0.35353885
0.36972526
0.3965903
0.43065052
0.46777872
0.50371864
0.53471188
0.55793727
0.57146447
0.36142818
0.37807604
0.40569145
0.44074422
0.47893793
0.51588151
0.54780254
0.57174412
0.58566806
0.37491707
0.39234913
0.42128559
0.45801136
0.49800957
0.53677766
0.57029312
0.59537718
0.60995296
0.39272248
0.41120853
0.44189037
0.48083287
0.52332761
0.56451371
0.60005421
0.62666447
0.6421498
0.4129773
0.43267382
0.46538549
0.50696236
0.55228148
0.59615289
0.63406963
0.66248119
0.6789967
0.43347511
0.45443516
0.48924753
0.53341709
0.58156762
0.62826811
0.66859601
0.69877906
0.7163456
0.45190331
0.47397587
0.51059224
0.55712622
0.60793444
0.65711732
0.69961843
0.73154112
0.7501391
0.46602126
0.48893676
0.52704973
0.5755071
0.62824833
0.67940996
0.72378438
0.75703744
0.77633611
0.47436829
0.49784974
0.53687524
0.58634749
0.64029411
0.69277991
0.73817645
0.77208438
0.79176733
0.47842055
0.50216835
0.54158586
0.59155759
0.64614075
0.69923201
0.74507833
0.77931259
0.79919759
0.48684005
0.51107858
0.55127734
0.60237203
0.65831966
0.71259162
0.75932373
0.79426203
0.81460344
0.50079293
0.52588403
0.56761794
0.6207866
0.6787891
0.73482266
0.78319636
0.81954921
0.84076843
0.5188316
0.54517684
0.58895789
0.64447233
0.7048615
0.76349542
0.81444798
0.85278671
0.87512287
0.53901563
0.56657849
0.61227918
0.67034742
0.7339952
0.79605729
0.84981486
0.89005514
0.91342988
0.55836211
0.58714217
0.63510532
0.696381
0.76349504
0.82853102
0.88458379
0.92648326
0.95082739
0.57540045
0.60559594
0.65587259
0.71977322
0.78933732
0.85659846
0.9146325
0.95807914
0.98334561
0.58892168
0.62004173
0.67170207
0.73723394
0.80858122
0.87761558
0.93721661
0.98187581
1.0078706
0.59680297
0.62839982
0.68083837
0.74733728
0.81972837
0.88981249
0.95038
0.99579394
1.0222342
0.091627081
0.11861306
0.16371833
0.2214262
0.28501429
0.34739391
0.40177476
0.44283983
0.46692145
0.091550813
0.11913382
0.16519553
0.2241576
0.28919057
0.35284858
0.40838995
0.45044493
0.47508961
0.091343141
0.11990386
0.16761804
0.22875132
0.29604906
0.36195912
0.41959021
0.46316045
0.48864102
0.090904579
0.12074349
0.17061409
0.23443396
0.30473969
0.37368495
0.43387041
0.47938651
0.50608306
0.09014637
0.12141264
0.17358998
0.24047669
0.31422053
0.38647785
0.4496989
0.49760561
0.52565161
0.088984929
0.12166758
0.17625752
0.24623272
0.32333867
0.39912238
0.46533605
0.5152487
0.5444387
0.087733521
0.1217188
0.17839695
0.25107043
0.33141248
0.40999552
0.47840031
0.53027662
0.56080747
0.086692758
0.12157953
0.17988429
0.25487713
0.33722518
0.41766873
0.48840358
0.54225449
0.57384583
0.085955002
0.1214498
0.18093236
0.25695571
0.34026943
0.42235632
0.49462841
0.5493967
0.58149521
0.95623225
0.95942984
0.96435382
0.96989357
0.97498615
0.97892605
0.98149233
0.98287421
0.98345428
0.98124145
0.98450808
0.98953488
0.99518284
1.0003626
1.0043513
1.0069275
1.0082963
1.0088601
1.0242104
1.0276023
1.0328171
1.0386641
1.0440038
1.0480842
1.0506853
1.0520361
1.0525737
1.0813952
1.0849653
1.0904472
1.096577
1.1021462
1.1063633
1.1090064
1.110337
1.1108408
1.1471478
1.1509349
1.1567415
1.1632159
1.1690672
1.1734527
1.1761481
1.1774569
1.1779226
1.2143346
1.2183527
1.2245057
1.2313476
1.2374961
1.2420567
1.2448073
1.2460931
1.2465177
1.2752334
1.2794666
1.2859399
1.293118
1.2995379
1.3042584
1.3070539
1.3083104
1.3086915
1.3226503
1.3270512
1.3337743
1.3412151
1.3478461
1.3526849
1.3555057
1.3567327
1.3570777
1.3509618
1.3554627
1.3623349
1.3699332
1.3766871
1.3815904
1.3844242
1.3856338
1.3859572
1.3646686
1.3692181
1.3761623
1.3838353
1.390647
1.3955802
1.3984192
1.3996199
1.3999322
1.3931331
1.3977849
1.4048798
1.4127064
1.4196349
1.4246306
1.4274814
1.4286635
1.4289531
1.4412775
1.4460996
1.4534444
1.4615238
1.4686447
1.4737449
1.4766139
1.4777602
1.4780088
1.5039915
1.5090283
1.5166866
1.5250885
1.5324599
1.5376892
1.5405724
1.5416678
1.5418618
1.5743571
1.5796315
1.5876392
1.5963982
1.6040399
1.6094053
1.6123024
1.6133441
1.6134805
1.6444958
1.650004
1.658354
1.6674601
1.6753646
1.6808701
1.6837933
1.6847891
1.6848706
1.70662
1.7123319
1.7209781
1.7303906
1.7385411
1.7441836
1.7471333
1.74809
1.7481241
1.7540604
1.7599289
1.768811
1.7784689
1.7868109
1.7925616
1.7955348
1.7964634
1.796465
1.7820134
1.7879743
1.7969956
1.8068024
1.8152602
1.8210723
1.8240639
1.8249837
1.8249696
1.2560833
1.2655862
1.2808496
1.2992671
1.3180442
1.3348451
1.34817
1.357373
1.3623997
1.2819505
1.291684
1.3073164
1.3261783
1.3454114
1.362618
1.3762563
1.3856714
1.3908129
1.3256678
1.3357943
1.352061
1.3716882
1.3916953
1.4095867
1.4237598
1.4335362
1.4388715
1.3825894
1.3932354
1.4103371
1.4309705
1.4519931
1.4707786
1.4856483
1.4958931
1.5014762
1.4464751
1.4577124
1.4757588
1.4975228
1.5196887
1.5394779
1.5551137
1.5658675
1.5717213
1.5102013
1.5220286
1.5410218
1.5639183
1.5872107
1.607975
1.6243618
1.6356188
1.6417405
1.5667084
1.5790588
1.5988816
1.6227625
1.6470372
1.6686565
1.6857023
1.6974027
1.7037595
1.6099032
1.6226505
1.6431016
1.66772
1.6927359
1.715014
1.7325605
1.7445885
1.7511203
1.6353591
1.6483345
1.6691531
1.6942142
1.7196672
1.742321
1.7601625
1.7723889
1.7790257
0.85517165
0.84990059
0.84087486
0.8289043
0.81517041
0.80114337
0.788416
0.77848747
0.77254829
0.87375364
0.86824876
0.85882644
0.84633604
0.8320127
0.8173914
0.80413382
0.79379958
0.7876214
0.90570922
0.89980113
0.88969282
0.87630148
0.86095947
0.84531687
0.83114819
0.82011014
0.81351261
0.94824335
0.94179374
0.93076501
0.91616752
0.8994622
0.88244537
0.8670441
0.8550583
0.84790184
0.99709394
0.99001663
0.97792149
0.96192403
0.94363057
0.92501629
0.90819062
0.89510484
0.88729129
1.0468964
1.0391712
1.0259734
1.0085279
0.98859574
0.96832596
0.95000331
0.93575609
0.9272566
1.0919049
1.083586
1.0693783
1.0506052
1.0291582
1.0073484
0.98765366
0.97236852
0.96326026
1.1268504
1.1180647
1.1030612
1.0832353
1.060585
1.0375733
1.0168251
1.0007199
0.99110534
1.1476733
1.1386059
1.12312
1.1026551
1.0792856
1.0555663
1.0341759
1.0175393
1.0075917
1.1577363
1.1485285
1.1328017
1.1120255
1.0883233
1.0642694
1.0425412
1.0256182
1.015504
1.1786137
1.1691247
1.1529203
1.1315054
1.1070577
1.0822495
1.059845
1.0423925
1.0319757
1.2138569
1.2038655
1.1868073
1.1643097
1.1386775
1.1125672
1.0888857
1.07061
1.0598981
1.2595945
1.2489841
1.2308825
1.2069422
1.1794704
1.1516234
1.1271241
1.1088633
1.0983094
1.3108363
1.2994567
1.279977
1.2542408
1.2253069
1.1970324
1.1725613
1.1539126
1.1427998
1.3615081
1.3493696
1.3288206
1.3023117
1.2731532
1.2443148
1.2182998
1.1979363
1.1857725
1.4067131
1.394297
1.3735134
1.3467513
1.3165502
1.2856279
1.2575656
1.2359171
1.2230981
1.442305
1.4298179
1.4087495
1.3810048
1.3490277
1.3164286
1.2872935
1.2648173
1.2514044
1.4637627
1.4511092
1.4295413
1.4008468
1.3678717
1.334591
1.3047937
1.2816072
1.2677386
1.2824973
1.2752713
1.2627234
1.2457694
1.2259252
1.2052746
1.1862401
1.1712128
1.162153
1.3072978
1.2998409
1.2868949
1.2694077
1.2489422
1.2276414
1.2080051
1.1925064
1.1831659
1.3492151
1.3413681
1.3277458
1.309344
1.2878111
1.2654134
1.2447748
1.2284776
1.2186488
1.4037729
1.3954117
1.3808994
1.3613041
1.338382
1.3145232
1.2925169
1.275148
1.2646883
1.4649717
1.4560312
1.4405136
1.4195522
1.3950136
1.3694863
1.3459907
1.3274613
1.3162864
1.5259841
1.5164515
1.4999013
1.4775479
1.451415
1.4242489
1.3991743
1.3793222
1.3673421
1.5800371
1.5699725
1.5525086
1.5289416
1.5013651
1.4725953
1.4460307
1.4251721
1.4127271
1.6213571
1.6108929
1.5927365
1.5682036
1.5394172
1.5094328
1.4820604
1.4608814
1.4483481
1.6457321
1.6350307
1.6164483
1.5912995
1.5617981
1.5312704
1.503687
1.4824499
1.469856
-1.5855248
-1.5552044
-1.5050653
-1.4397933
-1.3664456
-1.2883824
-1.2052777
-1.1349663
-1.0931887
-1.5964103
-1.5659491
-1.5149044
-1.4487987
-1.3751051
-1.2934387
-1.2074685
-1.1365596
-1.0939666
-1.6140803
-1.5830126
-1.5305552
-1.4644388
-1.3877438
-1.3000864
-1.2104382
-1.1374789
-1.0937373
-1.6365287
-1.6048406
-1.5519465
-1.4835784
-1.4015125
-1.3069622
-1.2123338
-1.1378483
-1.0940421
-1.661774
-1.6294345
-1.5746527
-1.5024962
-1.4142151
-1.3108857
-1.2133695
-1.1390981
-1.0942971
-1.6852001
-1.6516302
-1.59535
-1.5197993
-1.4214842
-1.3125869
-1.214776
-1.1381559
-1.0916156
-1.7049171
-1.6710232
-1.6136974
-1.5302795
-1.4247487
-1.3144323
-1.2136778
-1.1346088
-1.0877922
-1.7203176
-1.6855824
-1.6237109
-1.5348978
-1.4269298
-1.313731
-1.2107989
-1.1310879
-1.0837469
-1.7284611
-1.6924466
-1.6282983
-1.5378829
-1.4276424
-1.3128716
-1.2091193
-1.1287617
-1.0812851
-1.7317483
-1.6951816
-1.6302907
-1.5389475
-1.4277034
-1.3122422
-1.2081156
-1.1276056
-1.0800728
-1.7394708
-1.7019503
-1.6357256
-1.5420912
-1.4286156
-1.3119679
-1.2072116
-1.1264691
-1.0788245
-1.7473596
-1.7087239
-1.6396522
-1.5413301
-1.4246872
-1.3066146
-1.201148
-1.1202905
-1.0724927
-1.7451756
-1.7032439
-1.6278809
-1.5242367
-1.4056026
-1.2869395
-1.1816027
-1.1008533
-1.0530742
-1.7013891
-1.6546781
-1.5740202
-1.4683479
-1.3503422
-1.2329078
-1.12872
-1.048757
-1.0012481
-1.5657655
-1.5178823
-1.4373572
-1.3334101
-1.2175822
-1.1019648
-0.99883621
-0.91959429
-0.87261558
-1.3610591
-1.3140495
-1.2344987
-1.1317927
-1.0166736
-0.90111722
-0.79786415
-0.71845383
-0.67185672
-1.1559034
-1.1083445
-1.0285746
-0.92533863
-0.80919932
-0.69272473
-0.58882176
-0.50915238
-0.46285896
-1.011834
-0.96416065
-0.88402663
-0.78005942
-0.66301125
-0.54587208
-0.44167267
-0.36181314
-0.31567303
0.85150698
0.89109648
0.95724113
1.0419804
1.1352882
1.2266174
1.306294
1.3664553
1.4016466
0.86120829
0.90093394
0.96729627
1.0522848
1.1458134
1.2373134
1.3171241
1.3773762
1.4126042
0.87796132
0.91789071
0.98456087
1.0698764
1.1637336
1.2555249
1.3355253
1.3958835
1.4311608
0.89960705
0.9397747
1.0068017
1.0925185
1.186773
1.2788785
1.3590461
1.4194854
1.4548128
0.92389992
0.96429842
1.0316622
1.1177464
1.2123151
1.3046425
1.3849707
1.4455148
1.480888
0.94824024
0.98882593
1.0564725
1.1428465
1.2376445
1.3301276
1.4105646
1.4711639
1.5065529
0.96991004
1.0106129
1.0784566
1.1650407
1.2599809
1.3525521
1.4330025
1.4935778
1.5289534
0.98709569
1.0278491
1.0957559
1.1824254
1.2774333
1.3700223
1.4504561
1.5109917
1.5463474
0.9972182
1.0379987
1.1059137
1.1925999
1.2876467
1.3802362
1.4606621
1.5211682
1.5564958
1.0017323
1.0425394
1.1104809
1.1971474
1.2921904
1.3847704
1.4651687
1.5256827
1.5609826
1.0109179
1.0517608
1.1197591
1.2064487
1.3015307
1.3941453
1.4745347
1.5350576
1.5703707
1.0278589
1.0686605
1.136594
1.2232412
1.3182076
1.4107279
1.4910535
1.551472
1.5867548
1.052965
1.0936582
1.1613619
1.2476574
1.3421988
1.4343217
1.5143481
1.5745497
1.609642
1.0933504
1.1334316
1.2002021
1.2853277
1.3786087
1.4695371
1.5484678
1.6077973
1.6424282
1.1751677
1.2137006
1.2778764
1.3597166
1.4494037
1.5368161
1.6126847
1.6696036
1.7027448
1.3085149
1.3446998
1.4051581
1.4820465
1.5662242
1.6482138
1.7193107
1.7725882
1.8033442
1.4504369
1.4845647
1.5412973
1.6134179
1.6923498
1.7690789
1.8354405
1.8850105
1.9133715
1.5481811
1.5808114
1.6350694
1.7040318
1.7794808
1.8526204
1.9156867
1.9627541
1.989515
0.347541
0.39248808
0.46783549
0.56478541
0.67214356
0.7777968
0.87044374
0.9407873
0.98205756
0.35525958
0.4003805
0.47597062
0.57317414
0.6808072
0.78669356
0.87948632
0.94991012
0.99123672
0.37097887
0.41624704
0.49204495
0.58952885
0.6973856
0.80345421
0.89638646
0.96680481
1.0081416
0.39674263
0.44211948
0.51799371
0.61541265
0.72311999
0.82906748
0.92185962
0.99215937
1.0333401
0.44470772
0.4896134
0.56475081
0.66116126
0.76764542
0.8723407
0.96396985
1.0332933
1.0739748
0.55003605
0.59342282
0.66606796
0.75917261
0.86185624
0.96271489
1.0509741
1.1176132
1.1565714
0.71699403
0.75821224
0.82733986
0.91561798
1.0128526
1.108308
1.1917403
1.2546837
1.2911822
0.89031236
0.92963307
0.99518303
1.0788822
1.1711315
1.2615946
1.3405343
1.3999818
1.4341689
1.0090778
1.0469431
1.1100897
1.190778
1.2797981
1.3669407
1.4428401
1.5000195
1.5327068
2.4819753
2.4908721
2.5042991
2.5189203
2.5317819
2.5410745
2.5462874
2.5482217
2.5484904
2.4967203
2.5057279
2.519391
2.5343818
2.5476296
2.557129
2.5623241
2.5641557
2.5643539
2.5203355
2.5295145
2.5434932
2.558961
2.5726993
2.5824494
2.5876632
2.589465
2.5896481
2.547577
2.5573562
2.5721958
2.5883612
2.6023301
2.6120454
2.6172969
2.6192073
2.61946
2.5715401
2.5820012
2.5979939
2.6154946
2.630612
2.6410506
2.6465599
2.6484568
2.6486501
2.5908876
2.6012404
2.617155
2.6349768
2.6511445
2.6630263
2.6697315
2.6723416
2.672853
2.6061741
2.6161556
2.6315617
2.648943
2.6648291
2.6767286
2.6838858
2.6871366
2.6880979
2.6173298
2.6270397
2.6419906
2.6587498
2.6738571
2.6850951
2.6919478
2.6951453
2.6961603
2.6235656
2.6331066
2.6477674
2.6641634
2.6788995
2.6897549
2.6962435
2.6991553
2.7000145
2.4067957
2.4255115
2.4556822
2.492384
2.5303409
2.5647741
2.5922437
2.6112498
2.6216483
2.4144206
2.4330076
2.4629982
2.4995343
2.5372874
2.5713732
2.5984558
2.6171912
2.6274544
2.4269744
2.445376
2.4751097
2.5113485
2.5486385
2.5820603
2.6085095
2.6268023
2.6368204
2.4428722
2.4610707
2.4904371
2.5260936
2.5625013
2.5949651
2.6206517
2.6383707
2.6480196
2.4613497
2.4791408
2.50783
2.5423999
2.5774846
2.6087762
2.6334831
2.6503881
2.6595443
2.4859757
2.5028473
2.5298821
2.56239
2.5953771
2.6246802
2.647616
2.6631976
2.6715895
2.5235025
2.5385439
2.5626885
2.5916137
2.6207707
2.646381
2.6662272
2.679574
2.6866796
2.5655995
2.5786637
2.5994542
2.6241306
2.6486898
2.6699203
2.68605
2.6966195
2.7020594
2.5945985
2.6061992
2.6245696
2.6461809
2.66744
2.6854841
2.6988122
2.7072784
2.7114964
-0.20816039
-0.18782948
-0.15377537
-0.10995054
-0.061405367
-0.013536726
0.028561063
0.060580455
0.079397735
-0.21588656
-0.19500312
-0.16001667
-0.11501408
-0.065164136
-0.015963497
0.02730553
0.060191727
0.079516995
-0.22915421
-0.20733906
-0.17079232
-0.12376768
-0.071615979
-0.020154059
0.025063015
0.059447271
0.079675308
-0.24686228
-0.22383251
-0.18519367
-0.13544885
-0.080286023
-0.025872314
0.021991854
0.058425345
0.079854887
-0.26728209
-0.24286692
-0.2018149
-0.14900393
-0.090428084
-0.032558429
0.018369901
0.057103875
0.079873356
-0.28823581
-0.26242562
-0.21899243
-0.16302123
-0.10087976
-0.039527767
0.014417406
0.055490615
0.079665806
-0.30744032
-0.28029729
-0.23468004
-0.17579495
-0.11053935
-0.046086973
0.010684777
0.053943
0.079401989
-0.3224848
-0.29421947
-0.24693207
-0.18590452
-0.11823082
-0.051240328
0.0077474966
0.052636475
0.079056964
-0.33148533
-0.30256684
-0.2543536
-0.19202391
-0.12281901
-0.054344566
0.0059098854
0.051764838
0.07876484
-0.33585289
-0.30662605
-0.25794772
-0.19496851
-0.12504655
-0.055872877
0.005000606
0.051322363
0.078602273
-0.34502199
-0.31515916
-0.26546118
-0.20111129
-0.12968068
-0.059065668
0.0030663783
0.050362681
0.078239182
-0.36059419
-0.32964465
-0.27813304
-0.21154207
-0.13764503
-0.064625421
-0.00030516311
0.048672648
0.077544752
-0.3807983
-0.34856006
-0.29472275
-0.22534378
-0.14825507
-0.072055021
-0.0048534583
0.046311705
0.076460881
-0.40347717
-0.37004168
-0.31370646
-0.24115455
-0.16040467
-0.080570765
-0.010167737
0.043450407
0.075007159
-0.42626287
-0.39164318
-0.33288277
-0.25710281
-0.17273999
-0.089313017
-0.015772009
0.040244227
0.073178206
-0.44672107
-0.41088234
-0.35005214
-0.27134538
-0.18385145
-0.097317056
-0.021072586
0.037076508
0.071324711
-0.46243332
-0.42564273
-0.36328918
-0.28240737
-0.19256179
-0.10362973
-0.02521408
0.034628208
0.069863931
-0.47140251
-0.43412996
-0.37096244
-0.28895946
-0.19778431
-0.107438
-0.027682083
0.033100351
0.068847922
-0.70740299
-0.69912767
-0.68137282
-0.6373868
-0.56599772
-0.4937255
-0.42894823
-0.37912454
-0.35036102
-0.71764409
-0.70913012
-0.69252972
-0.65122113
-0.57998709
-0.50603023
-0.44001055
-0.38903904
-0.35973135
-0.73427095
-0.72531587
-0.71001541
-0.6734739
-0.60365262
-0.52667364
-0.45882107
-0.40604085
-0.37554946
-0.75479912
-0.74542787
-0.73045708
-0.69948164
-0.63423521
-0.55382545
-0.48353223
-0.4284857
-0.39598083
-0.77619488
-0.76669015
-0.75059315
-0.72422457
-0.66742102
-0.58466783
-0.51107158
-0.45394112
-0.41899359
-0.79575389
-0.78619504
-0.76841337
-0.74450788
-0.69730504
-0.61571196
-0.5384085
-0.47964726
-0.44265963
-0.81181927
-0.80191602
-0.78300817
-0.7598368
-0.72007316
-0.6433029
-0.56305904
-0.50253219
-0.46436295
-0.82405416
-0.81400845
-0.79533354
-0.7727959
-0.73561112
-0.66228843
-0.58131259
-0.51950189
-0.48081962
-0.83286704
-0.82323213
-0.80546784
-0.78283862
-0.74414126
-0.67108919
-0.59067841
-0.52867237
-0.489938
-0.47558569
-0.43814152
-0.37468954
-0.29217096
-0.20039751
-0.10939651
-0.029056587
0.032155004
0.068219584
-0.48310399
-0.44573674
-0.38209604
-0.29880446
-0.2056447
-0.1131917
-0.031764864
0.030433241
0.067194985
-0.48998567
-0.45335602
-0.3906779
-0.30778331
-0.21377014
-0.11952326
-0.035863098
0.02806448
0.065624776
-0.49049784
-0.45432336
-0.39260506
-0.31137795
-0.21892722
-0.12490691
-0.040511643
0.024296491
0.062654193
-0.48670317
-0.44978911
-0.38719461
-0.30588806
-0.21398251
-0.12179873
-0.039270128
0.025227402
0.063976056
-0.48185615
-0.44405823
-0.38049026
-0.29737513
-0.20423753
-0.11161899
-0.028123213
0.036775649
0.075187138
-0.47689637
-0.4385538
-0.3736505
-0.28928232
-0.19544893
-0.10058624
-0.015202849
0.050160098
0.088799168
-0.4725881
-0.43367615
-0.3677093
-0.28304758
-0.18772371
-0.091057575
-0.0050045394
0.060948571
0.10000015
-0.46988025
-0.43051905
-0.36447533
-0.27934881
-0.18270392
-0.085246814
0.0012330952
0.067445243
0.10652388
-0.46861853
-0.42910332
-0.36304564
-0.27756787
-0.18036938
-0.082684183
0.0039505883
0.070329076
0.10949989
-0.46583696
-0.42625281
-0.36020141
-0.27374736
-0.17545724
-0.077256454
0.0098072816
0.076446986
0.11573064
-0.46117383
-0.42158101
-0.35457563
-0.26628588
-0.16671774
-0.067670923
0.019978347
0.086958243
0.1265052
-0.45534811
-0.4148738
-0.34589532
-0.25590295
-0.15526812
-0.055268838
0.033090047
0.10064607
0.14060426
-0.44717237
-0.40539724
-0.33501988
-0.24387477
-0.14222857
-0.041446001
0.047785619
0.11617966
0.15661794
-0.43726502
-0.3948737
-0.32359571
-0.23148173
-0.12904876
-0.027382709
0.062822758
0.13202486
0.17298011
-0.42826419
-0.38531381
-0.31323724
-0.22046987
-0.11724512
-0.014592009
0.076508885
0.1464234
0.18782095
-0.42060295
-0.37736747
-0.30494483
-0.21156181
-0.1075486
-0.0041194087
0.087732392
0.15822331
0.19995276
-0.41622352
-0.37288184
-0.30019442
-0.20640495
-0.10188588
0.0020607248
0.094362508
0.16521159
0.20715568
-1.0302103
-1.0014875
-0.94717129
-0.86714761
-0.77276921
-0.67791286
-0.59255185
-0.52677216
-0.48763103
-1.0367407
-1.0067925
-0.95009941
-0.86801079
-0.77273833
-0.67687365
-0.59096385
-0.52467283
-0.48498659
-1.0465166
-1.0142415
-0.95358668
-0.86890119
-0.7719094
-0.67473074
-0.58769278
-0.52025798
-0.48025457
-1.0567308
-1.0210577
-0.95671171
-0.86938046
-0.77066481
-0.67160046
-0.58276068
-0.51477591
-0.47467519
-1.0643058
-1.0259572
-0.95837111
-0.86910285
-0.76863071
-0.66726839
-0.57746497
-0.50857142
-0.46719178
-1.0691626
-1.0284317
-0.95863838
-0.8679341
-0.76522013
-0.66296624
-0.5717306
-0.50030615
-0.45767143
-1.0711222
-1.0292211
-0.95864591
-0.86561688
-0.76208354
-0.65866245
-0.56466603
-0.49189284
-0.44892308
-1.0715043
-1.0295186
-0.95709685
-0.86332466
-0.75922617
-0.653392
-0.55811125
-0.4848932
-0.44142579
-1.0722092
-1.0291621
-0.95594861
-0.86248812
-0.75714458
-0.65007719
-0.55428499
-0.48065501
-0.43708862
-1.0022526
-0.99140377
-0.97342088
-0.95001269
-0.92299509
-0.89495857
-0.87053364
-0.85297334
-0.84294294
-1.0139715
-1.0028141
-0.98370361
-0.95830311
-0.93000921
-0.90334079
-0.88262564
-0.86843897
-0.85986508
-1.0283738
-1.0165778
-0.99762477
-0.97572522
-0.9556848
-0.9390706
-0.92454947
-0.91120806
-0.9011131
-1.0640362
-1.0584154
-1.0504142
-1.0416672
-1.030742
-1.0133306
-0.98921158
-0.96465746
-0.94756409
-1.1681904
-1.1669662
-1.1617834
-1.1474417
-1.1192144
-1.079196
-1.0361466
-0.99994453
-0.97802611
-1.2910092
-1.281037
-1.2588244
-1.2209705
-1.1693105
-1.1132701
-1.0623218
-1.0231468
-1.0003814
-1.3589949
-1.3400008
-1.3044309
-1.2546939
-1.1964686
-1.137076
-1.0837922
-1.0430408
-1.0190287
-1.3917078
-1.3694513
-1.3291871
-1.275922
-1.2151429
-1.1537574
-1.0989626
-1.0567841
-1.0316779
-1.4087152
-1.3848343
-1.3424629
-1.2870715
-1.2246395
-1.1626805
-1.1075028
-1.064769
-1.0392639
-1.4151961
-1.3908356
-1.3480451
-1.2922161
-1.2297069
-1.1675235
-1.111872
-1.0688516
-1.0430365
-1.4289465
-1.4038416
-1.3600482
-1.3031664
-1.2398271
-1.1767362
-1.1205673
-1.0770514
-1.0503064
-1.4503055
-1.4242028
-1.3791507
-1.3211829
-1.2562119
-1.1918008
-1.1347564
-1.0895489
-1.0610383
-1.4763554
-1.4493482
-1.403125
-1.3436069
-1.2771508
-1.2112366
-1.1521794
-1.1039851
-1.0727404
-1.5040901
-1.4762333
-1.4287538
-1.3678687
-1.299967
-1.2322495
-1.1703927
-1.1172439
-1.0820328
-1.5305542
-1.5018732
-1.4534708
-1.3912416
-1.3218028
-1.252341
-1.1857759
-1.1265761
-1.0880874
-1.5535876
-1.5243447
-1.4749444
-1.4112494
-1.3409711
-1.2687461
-1.1962347
-1.1319709
-1.0910716
-1.5705076
-1.5406016
-1.4904269
-1.426472
-1.3545251
-1.2794525
-1.2018799
-1.1334973
-1.0915893
-1.5803507
-1.5501137
-1.5000373
-1.4353724
-1.3622787
-1.2854422
-1.2041103
-1.1341385
-1.0924633
0.75467912
0.76459674
0.78083797
0.80098812
0.82221943
0.84201416
0.85856506
0.87065894
0.87756737
0.77421916
0.78445309
0.80118159
0.82186436
0.84363757
0.86401932
0.88112639
0.89362555
0.90075193
0.80782
0.81853705
0.83600203
0.85758166
0.88042478
0.90194496
0.92000319
0.93312992
0.94058112
0.85228552
0.86360204
0.88209475
0.90509717
0.92957445
0.95256853
0.9717117
0.98554289
0.9933733
0.90313586
0.91527997
0.93519333
0.95996703
0.98616438
1.0105702
1.0307986
1.0454092
1.0536889
0.95528954
0.96832214
0.98960907
1.015917
1.0435882
1.0693451
1.0907366
1.106217
1.1149992
1.0025805
1.0162789
1.0385985
1.0661588
1.0951903
1.1222684
1.1447894
1.161105
1.1703669
1.0390955
1.0532835
1.076413
1.104998
1.1351413
1.1632947
1.1867356
1.2037254
1.2133725
1.0607657
1.0752479
1.0988675
1.1280823
1.1589165
1.1877327
1.2117356
1.2291365
1.2390178
1.0712084
1.0858371
1.1097026
1.1392323
1.1704073
1.1995459
1.2238218
1.2414246
1.2514216
1.092845
1.1077838
1.1321653
1.1623539
1.1942464
1.2240657
1.2489136
1.2669377
1.2771763
1.1292476
1.1447326
1.170021
1.2013527
1.2344758
1.2654693
1.2913074
1.3100527
1.3207024
1.1763922
1.1926146
1.219125
1.2519936
1.2867624
1.3193162
1.3464704
1.3661752
1.3773707
1.2290433
1.2461208
1.2740398
1.3086795
1.3453489
1.3796947
1.4083493
1.4291486
1.4409673
1.2813502
1.2993083
1.3286777
1.3651265
1.4037223
1.4398887
1.4700664
1.4919648
1.5044053
1.327617
1.3463691
1.3770448
1.4151287
1.4554626
1.4932513
1.5247802
1.5476595
1.5606553
1.3629548
1.3823225
1.4140065
1.4533481
1.4950196
1.5340554
1.5666142
1.5902376
1.6036548
1.3837792
1.4035142
1.4358003
1.4758854
1.5183386
1.5581132
1.5912853
1.6153405
1.6289989
0.80864315
0.82808892
0.86024356
0.90087808
0.94483838
0.98686922
1.0225784
1.0489148
1.0640654
0.82427907
0.84422155
0.87723426
0.91892466
0.96390162
1.0067979
1.043218
1.0700889
1.0855534
0.85086853
0.87168499
0.90609565
0.94939449
0.99592784
1.0402374
1.0778764
1.1056788
1.1216943
0.88573479
0.90756772
0.94354132
0.98866653
1.0371243
1.0833266
1.1226415
1.1517201
1.1684845
0.92451914
0.94732448
0.98488385
1.03203
1.0827462
1.1312009
1.1725025
1.2030833
1.2207231
0.9623785
0.98615387
1.025358
1.0746551
1.1277754
1.1785904
1.2219431
1.2540661
1.2726056
0.99533606
1.0200322
1.0607805
1.1120673
1.1673967
1.2203783
1.2656077
1.2991347
1.3184889
1.0202105
1.0456429
1.0876333
1.1405064
1.1975599
1.2522226
1.2989174
1.3335402
1.3535289
1.0347857
1.0606591
1.1033864
1.1572085
1.2153041
1.2709722
1.3185354
1.353809
1.3741753
1.3938042
1.4137172
1.4462923
1.4867319
1.5295614
1.5696905
1.6031553
1.6274173
1.6411906
1.414445
1.4347262
1.4679031
1.5090832
1.552689
1.5935391
1.6276024
1.652295
1.6663088
1.4489265
1.469812
1.5039821
1.5464048
1.5913171
1.6333593
1.6683973
1.6937968
1.7082138
1.4930379
1.5147014
1.550137
1.5941185
1.6406671
1.6842258
1.7205123
1.7468076
1.7617303
1.5414254
1.5639418
1.6007582
1.6464226
1.6947272
1.7399277
1.7775805
1.8048552
1.8203272
1.5884388
1.6117569
1.6498854
1.6971794
1.7471964
1.7939702
1.8329181
1.8611355
1.8771477
1.6290058
1.653006
1.6922469
1.7409257
1.7924051
1.840537
1.8806168
1.9096604
1.9261434
1.6592869
1.6838061
1.7238745
1.7735411
1.8260783
1.8752518
1.9162095
1.9458774
1.962711
1.6767911
1.7016095
1.7421726
1.7924459
1.8455942
1.8953427
1.9368079
1.9668471
1.9838912
1.6850621
1.7100283
1.7508461
1.8014495
1.8549204
1.9049285
1.9466109
1.9768236
1.9939693
1.7020931
1.7273132
1.7685411
1.8196922
1.873814
1.9244417
1.9666181
1.9971914
2.014543
1.7298996
1.7555976
1.7976043
1.8497029
1.9048201
1.9563973
1.999372
2.0305305
2.0482256
1.764214
1.7905071
1.8335092
1.8868558
1.9432776
1.996069
2.0400791
2.0720043
2.0901386
1.8004049
1.82733
1.8713263
1.9258974
1.9836957
2.0378821
2.0830999
2.1159016
2.134527
1.8329851
1.8606176
1.90587
1.9620336
2.021396
2.0768949
2.1231612
2.1567476
2.1758412
1.8596906
1.8875763
1.9334128
1.9906571
2.0515394
2.1086246
2.1561727
2.1906062
2.2101418
1.8792731
1.9072062
1.9531956
2.0108034
2.0723934
2.1304933
2.1790881
2.2143437
2.2343516
1.8907922
1.9187267
1.9646999
2.0222886
2.0839564
2.1423688
2.1914724
2.2272094
2.2475171
1.2430432
1.275797
1.3299291
1.3981617
1.471795
1.5422923
1.6024933
1.6471343
1.6729066
1.2547308
1.287862
1.3426206
1.4116572
1.4862172
1.5576447
1.6186064
1.6637627
1.6898112
1.2743908
1.3080697
1.363803
1.434106
1.5100243
1.5827539
1.644843
1.6908438
1.717384
1.2997007
1.3337821
1.3903382
1.4619481
1.539492
1.6138214
1.6772596
1.7242718
1.7514094
1.3283132
1.3625178
1.4193544
1.4915871
1.5702852
1.6461969
1.7112296
1.7594588
1.7872808
1.3569778
1.3913807
1.4485045
1.5209945
1.5999112
1.6762321
1.7420074
1.7910956
1.8195371
1.3822553
1.4167328
1.4739447
1.5465292
1.6256128
1.7021749
1.7681954
1.817518
1.8461384
1.4016062
1.4361534
1.4934868
1.5662329
1.6454319
1.721953
1.7878415
1.8370912
1.8657091
1.4130149
1.4476222
1.5050253
1.5778054
1.6569628
1.7334267
1.7993231
1.8485982
1.8772238
0.60056233
0.63238428
0.68517345
0.75211811
0.82502661
0.89564207
0.9566861
1.0024678
1.0291253
0.60821719
0.64047264
0.69398338
0.76186763
0.8358556
0.90758478
0.96962919
1.0161724
1.0432777
0.62062176
0.65360332
0.70834543
0.77785689
0.85371609
0.92735221
0.99110438
1.0389509
1.0668213
0.63575023
0.66969443
0.72608945
0.79780845
0.87619109
0.95234754
1.0183283
1.0678824
1.0967609
0.65155705
0.68665606
0.74501656
0.81929053
0.90052333
0.97952057
1.0480173
1.099483
1.1294826
0.66637591
0.70263607
0.76297511
0.83983746
0.92396682
1.0058171
1.0768113
1.1301739
1.1612866
0.6796221
0.71664736
0.77848723
0.85751955
0.94417123
1.0285321
1.1017183
1.1567261
1.1887977
0.69160714
0.72876393
0.79106815
0.87114928
0.95942411
1.0456159
1.1204514
1.1767027
1.2094948
0.69988732
0.73701576
0.79933318
0.87964731
0.96852292
1.0556068
1.1313636
1.1883375
1.221552
0.7040581
0.74119478
0.80352385
0.88388301
0.97291034
1.0603015
1.1364423
1.1937523
1.227177
0.71298194
0.75018773
0.81259129
0.89303205
0.98228681
1.0701672
1.146968
1.2048843
1.2386847
0.72894057
0.76640695
0.82917543
0.90995494
0.99950424
1.0877887
1.1652087
1.2238103
1.258096
0.74999319
0.78788687
0.85132825
0.93286286
1.023061
1.1118175
1.1896363
1.2486418
1.2832369
0.77378236
0.81212399
0.87630704
0.95876267
1.0499043
1.1394517
1.2177921
1.277072
1.3117934
0.79797268
0.83674578
0.90161131
0.98485534
1.0767369
1.1669146
1.2457711
1.3054229
1.3403578
0.8196196
0.85874031
0.92414653
1.008045
1.1006334
1.1914177
1.2706681
1.3305498
1.3655917
0.83675184
0.87612442
0.94194101
1.0263121
1.1193085
1.2103724
1.2897975
1.3497966
1.3849089
0.84688223
0.88640133
0.95243842
1.0370486
1.1302212
1.2214234
1.3009991
1.3611093
1.3962848
0.12824244
0.1671617
0.232445
0.31668391
0.41045105
0.50349089
0.58584885
0.64891331
0.68620154
0.13455276
0.1736343
0.23921484
0.32385702
0.41808936
0.51160755
0.59437152
0.65768745
0.69508565
0.14546677
0.18485407
0.25096879
0.33634395
0.43143787
0.52581592
0.60933794
0.67321132
0.71091147
0.15974998
0.19955061
0.26639127
0.35273817
0.44896788
0.54449019
0.62899546
0.69361493
0.73175612
0.17598811
0.21626764
0.2839358
0.37140358
0.46891046
0.56569962
0.65130099
0.71672644
0.75533022
0.19260384
0.23342034
0.30197307
0.39056456
0.48931547
0.58732705
0.67401075
0.74024468
0.77930897
0.20766285
0.24894719
0.3183143
0.4079373
0.50778654
0.60686977
0.69445413
0.76134431
0.80078396
0.21995392
0.26157411
0.33153512
0.42195913
0.52266337
0.62252602
0.71075091
0.77809759
0.81779546
0.22725616
0.2690823
0.33936966
0.43024817
0.53146417
0.63177711
0.72038212
0.78800118
0.82785109
0.9709072
0.96882636
0.96499929
0.95944506
0.95245856
0.94470657
0.93717832
0.93100134
0.92718544
0.99520743
0.99300269
0.98895366
0.98308817
0.97572316
0.96756231
0.95964528
0.95315487
0.94914766
1.0370135
1.0345947
1.0301631
1.0237611
1.0157423
1.0068751
0.99828755
0.99125741
0.98692118
1.0927158
1.0900106
1.0850664
1.0779438
1.0690469
1.0592344
1.0497535
1.0420051
1.0372307
1.1567961
1.1537571
1.1482158
1.1402563
1.1303448
1.119444
1.1089335
1.1003551
1.0950731
1.2222513
1.2188675
1.2127115
1.2038947
1.1929456
1.1809281
1.169357
1.1599235
1.1541202
1.281528
1.2778317
1.2711195
1.2615248
1.249629
1.2365908
1.2240554
1.2138485
1.2075739
1.327642
1.3237024
1.3165552
1.3063504
1.2937133
1.2798816
1.2665987
1.2557898
1.2491467
1.3551586
1.351073
1.3436648
1.3330943
1.3200157
1.3057127
1.2919829
1.2808119
1.2739469
1.3684691
1.3643122
1.3567767
1.3460285
1.3327361
1.3182043
1.3042571
1.2929102
1.2859375
1.3961149
1.3918103
1.3840115
1.372897
1.3591641
1.3441584
1.3297586
1.3180448
1.3108479
1.442843
1.4382894
1.4300488
1.4183209
1.4038426
1.3880282
1.3728588
1.3605255
1.3529504
1.5036812
1.498808
1.4899979
1.4774698
1.4620127
1.4451413
1.4289691
1.4158248
1.4077525
1.5719602
1.5667293
1.5572772
1.5438448
1.5272867
1.5092268
1.4919217
1.4778603
1.4692268
1.6400676
1.634478
1.6243844
1.6100528
1.5923969
1.5731459
1.5547046
1.5397209
1.5305193
1.7004654
1.6945611
1.6839035
1.6687754
1.6501421
1.6298286
1.6103647
1.5945435
1.584826
1.7466713
1.7405271
1.729437
1.7136973
1.6943133
1.673175
1.6529135
1.6364465
1.6263372
1.7739293
1.767643
1.7562982
1.7401984
1.7203668
1.698734
1.6780014
1.6611601
1.6508238
1.3999427
1.3998192
1.3989544
1.3966214
1.392417
1.3865863
1.3800626
1.3742142
1.3704132
1.4289491
1.4287899
1.4278453
1.4253748
1.4209737
1.414903
1.4081298
1.4020661
1.3981277
1.4779795
1.4777583
1.4766785
1.4739767
1.4692458
1.4627715
1.4555743
1.4491436
1.4449719
1.5417997
1.5414983
1.5402455
1.5372491
1.5320911
1.5250872
1.5173358
1.5104306
1.505959
1.6133839
1.6129964
1.6115539
1.6082271
1.6025882
1.5949946
1.5866341
1.5792074
1.5744039
1.6847407
1.6842678
1.6826362
1.6789823
1.6728764
1.6647157
1.6557601
1.6478142
1.642678
1.7479656
1.7474195
1.7456277
1.741702
1.7352025
1.7265448
1.7170585
1.708652
1.7032224
1.7962873
1.7956926
1.7937925
1.78967
1.7828701
1.7738309
1.7639428
1.7551903
1.7495397
1.8247818
1.8241601
1.822198
1.8179603
1.8109826
1.8017225
1.7916027
1.7826459
1.7768639
1.7870279
1.780674
1.7692078
1.7529336
1.7328815
1.7110085
1.6900554
1.6730401
1.6625955
1.8140762
1.80758
1.7958572
1.7792212
1.7587256
1.736369
1.7149503
1.6975526
1.6868696
1.8592825
1.8525533
1.840406
1.8231542
1.8018923
1.7787244
1.756547
1.738509
1.7274104
1.917166
1.9101239
1.8974116
1.8793771
1.8571896
1.8329813
1.8097037
1.7907435
1.7791174
1.9807681
1.9733968
1.9601004
1.941223
1.9178994
1.892391
1.868058
1.8485313
1.8366885
2.0428097
2.0351078
2.0211799
2.0013531
1.9769653
1.9507077
1.9260499
1.9063108
1.8942558
2.0965112
2.0884824
2.0739946
2.0535583
2.0288096
2.0023806
1.9773109
1.9568845
1.9442732
2.136695
2.1284805
2.1137687
2.0932302
2.0684145
2.041554
2.0156417
1.9944105
1.9813306
2.1601145
2.1518614
2.1371411
2.1166062
2.0915973
2.0642232
2.0377271
2.0160984
2.0028162
2.1713276
2.1630745
2.1483655
2.1278038
2.1026308
2.0749782
2.0482285
2.0264328
2.0130586
2.1944134
2.1861749
2.1714758
2.150783
2.1251639
2.0969007
2.0696903
2.0476021
2.034045
2.2328624
2.2246203
2.2097376
2.188437
2.1619104
2.1328689
2.1050523
2.0823951
2.0684337
2.281271
2.2727441
2.2572352
2.2350696
2.2077075
2.1778147
2.149016
2.1255033
2.1110389
2.3324122
2.32353
2.3074687
2.2846328
2.2563662
2.2253292
2.1954738
2.1711796
2.1562422
2.3802228
2.371106
2.3545915
2.3309869
2.301722
2.2697146
2.2389673
2.2138894
2.1984473
2.4200112
2.4106288
2.3936085
2.3693542
2.3393968
2.3065896
2.2749835
2.2492058
2.2333514
2.4485786
2.4390098
2.4216906
2.3970415
2.3665405
2.3330641
2.3008499
2.2746263
2.2584934
2.4646637
2.4550164
2.4375775
2.4126926
2.3818093
2.3479708
2.3154594
2.2889629
2.2726516
2.2395111
2.2386067
2.2358969
2.2301828
2.2208433
2.2084376
2.1948609
2.1828818
2.1751991
2.2633219
2.2624079
2.2596576
2.2538573
2.244372
2.2317608
2.218012
2.2059687
2.1982806
2.3024419
2.3015243
2.2987309
2.2927734
2.2829996
2.2701304
2.2563214
2.2443483
2.2367127
2.3513099
2.3503503
2.3474316
2.3412574
2.3313473
2.3186084
2.3049966
2.2930025
2.2852263
2.4031616
2.4021664
2.3992284
2.3932089
2.3836553
2.3710826
2.357166
2.3446708
2.3365414
2.4519686
2.4511322
2.4485245
2.4428638
2.4333189
2.4202798
2.4057634
2.3928296
2.3844633
2.4932667
2.4925991
2.4901456
2.4843945
2.4744494
2.4609607
2.4461293
2.4329334
2.4243649
2.5233895
2.5227334
2.5201699
2.5141562
2.5039947
2.4903621
2.4752768
2.4617856
2.4530252
2.5403801
2.5396812
2.5370374
2.5309451
2.5207151
2.5069666
2.4916904
2.4780151
2.4691536
1.7954505
1.8014558
1.8105418
1.8204181
1.8289313
1.8347713
1.8377708
1.838688
1.8386673
1.8231458
1.829247
1.8384721
1.8484924
1.8571238
1.8630335
1.8660551
1.8669688
1.8669367
1.8693628
1.8756257
1.8850912
1.8953561
1.9041843
1.9102276
1.9133063
1.9142157
1.9141619
1.9284135
1.9348801
1.9446526
1.9552537
1.9643706
1.9706007
1.9737581
1.9746688
1.9745912
1.9931393
1.9998449
2.0099798
2.0209793
2.0304411
2.0368925
2.0401419
2.0410657
2.0409734
2.0560675
2.0630242
2.0735445
2.084955
2.0947548
2.1014398
2.1048151
2.1057717
2.1056713
2.1105081
2.1176828
2.1285282
2.140304
2.1504385
2.157354
2.1608446
2.1618378
2.1617358
2.1512256
2.1585768
2.1696893
2.1817519
2.1921451
2.1992508
2.2028327
2.2038492
2.2037454
2.1748522
2.182307
2.1935892
2.2058382
2.2163774
2.2235886
2.2272365
2.2282684
2.2281589
2.1861196
2.1936181
2.2049717
2.2173095
2.227925
2.2351868
2.2388644
2.2399034
2.2397904
2.2091545
2.2167583
2.2282698
2.2407864
2.2515586
2.2589158
2.2626448
2.2637102
2.2636022
2.2469924
2.2547738
2.2665467
2.2793468
2.2903898
2.2979353
2.3017365
2.3028222
2.3027212
2.2941861
2.3021926
2.3143138
2.3274855
2.3388291
2.3466005
2.3505556
2.3517002
2.3515996
2.3443312
2.3525748
2.3650587
2.3786408
2.3903586
2.3983864
2.4024502
2.4035967
2.4034689
2.3913379
2.3998062
2.4126275
2.4265884
2.43865
2.4468849
2.4510254
2.4522503
2.4522152
2.4303385
2.4390338
2.4522035
2.466494
2.4787492
2.4871708
2.4916498
2.4932352
2.4934165
2.4584725
2.4672715
2.4806048
2.4951195
2.5076932
2.5165223
2.5213944
2.5232342
2.5235127
2.4744267
2.4832725
2.4966598
2.5112708
2.5240863
2.5332627
2.5383657
2.540256
2.5405191
2.0019705
2.0182488
2.0443528
2.0757783
2.1077345
2.1362101
2.1586346
2.1739987
2.1823418
2.022642
2.0391196
2.0655518
2.0973807
2.1297348
2.1585574
2.1812766
2.1968593
2.2053226
2.0564906
2.0733087
2.1003018
2.1328134
2.1658459
2.1952631
2.2184709
2.2344089
2.2430697
2.0986118
2.1158497
2.1435241
2.1768722
2.2107873
2.2410169
2.2648667
2.2812461
2.2901511
2.1432299
2.160927
2.1893349
2.2235887
2.2584676
2.2895844
2.3141428
2.3310084
2.3401764
2.1847705
2.2029354
2.2321135
2.2672884
2.3030896
2.3350508
2.3603009
2.3776445
2.3870686
2.2192707
2.2378268
2.2676241
2.3035746
2.3401717
2.3727993
2.3985689
2.4163013
2.4259577
2.2436981
2.2626829
2.2931025
2.3296964
2.3669139
2.4001037
2.4262808
2.4442606
2.4540388
2.2570097
2.2762944
2.3071926
2.3442962
2.3819361
2.4154873
2.4419556
2.4601078
2.4699638
0.67673698
0.67051929
0.66001804
0.64633717
0.63088969
0.61567772
0.60215749
0.59139531
0.58576254
0.68822605
0.6817284
0.67078009
0.65662098
0.64097846
0.6250507
0.61086594
0.60191398
0.59790695
0.70771793
0.70092222
0.68948833
0.67457373
0.65752174
0.64146845
0.63006348
0.62271674
0.61819124
0.73376417
0.72633805
0.71377302
0.69774297
0.68168507
0.66847399
0.65754482
0.64887621
0.64391374
0.76288963
0.75511455
0.7426977
0.72836087
0.71401603
0.69977061
0.68700644
0.67760489
0.67203517
0.7949897
0.78784867
0.77649751
0.7621492
0.74574932
0.72963856
0.71587046
0.70529555
0.69914117
0.82700089
0.81970902
0.80722663
0.79079315
0.77298253
0.7558075
0.74052379
0.72909668
0.72243923
0.85143103
0.84326536
0.82952551
0.81242944
0.7937912
0.77505951
0.75894329
0.74687633
0.7397273
0.86521106
0.85668218
0.84282858
0.8253617
0.80554086
0.78624849
0.76976671
0.75702837
0.74974918
0.87177291
0.86320601
0.84932946
0.83135612
0.81113209
0.79172989
0.7747578
0.76192184
0.75452164
0.88559861
0.87699499
0.86246792
0.84351325
0.82281419
0.80271127
0.78508205
0.77191126
0.76418916
0.90873474
0.89940043
0.8837374
0.86384138
0.84203096
0.82064393
0.80211528
0.78817401
0.78005256
0.93741777
0.9274045
0.91076029
0.88943554
0.86595421
0.84310344
0.82326727
0.80837498
0.79970838
0.96863135
0.95786616
0.93984701
0.916819
0.89158878
0.86700189
0.84570377
0.82974024
0.82045494
0.99849992
0.98689275
0.96757032
0.94290342
0.91583082
0.88951095
0.8667449
0.84969644
0.83979679
1.0239654
1.0116832
0.99117107
0.96495443
0.93625966
0.90838642
0.88429325
0.86628387
0.85582859
1.0428961
1.0300133
1.0085333
0.98117322
0.95122223
0.92212867
0.89702724
0.87826644
0.86739074
1.053737
1.0405157
1.0185366
0.99049121
0.95976043
0.92996646
0.90425346
0.88505333
0.87392532
1.0106044
1.0004468
0.98339842
0.96181678
0.93911802
0.91797646
0.89938672
0.88473196
0.87597965
1.0269394
1.0165445
0.99928654
0.97791032
0.95555312
0.93380595
0.91397863
0.89868963
0.88981684
1.0547888
1.0443874
1.027465
1.0064217
0.98305336
0.95929214
0.93829433
0.92251674
0.91322325
1.0932756
1.0829433
1.0656323
1.0429312
1.0172375
0.99188086
0.96959806
0.95244217
0.94229405
1.1374033
1.12617
1.1070883
1.0823302
1.0548638
1.0275292
1.0032037
0.98470183
0.97384503
1.1798936
1.1677317
1.1473277
1.1209284
1.0912549
1.0616879
1.0356896
1.0158521
1.0041347
1.2169129
1.2040981
1.1824225
1.1541172
1.1224982
1.0912409
1.0635389
1.0423604
1.0299289
1.2448994
1.2313785
1.2084982
1.1789185
1.146025
1.1131996
1.0841411
1.0621085
1.0491353
1.2610216
1.2470951
1.2236905
1.1934933
1.1596235
1.1258302
1.0961647
1.0735454
1.0601635
1.0588816
1.0455333
1.0232899
0.99488361
0.96379963
0.93365985
0.9076524
0.88824235
0.87699113
1.0694303
1.0557491
1.0329285
1.0038185
0.97199161
0.94112899
0.91451956
0.89466796
0.88316688
1.0866302
1.0723696
1.0486115
1.0183337
0.98523444
0.95316325
0.92553966
0.90494693
0.89302659
1.1078894
1.0929028
1.0679392
1.0361299
1.0013836
0.96775278
0.93881577
0.91726896
0.9048063
1.1303112
1.1145053
1.0881845
1.0546697
1.0180912
0.98272137
0.95232492
0.92971763
0.91665437
1.1511868
1.1345706
1.1069112
1.0717079
1.0333135
0.99622479
0.96438726
0.94073598
0.92708207
1.1684916
1.1511627
1.1223215
1.0856301
1.0456395
1.0070411
0.97394108
0.94937651
0.93520667
1.18097
1.1630967
1.1333579
1.0955385
1.0543371
1.0145954
0.98054021
0.9552848
0.9407245
1.18802
1.1698302
1.1395669
1.1010849
1.0591737
1.0187631
0.98414836
0.95848786
0.94369825
1.1913302
1.1729881
1.1424719
1.103673
1.0614225
1.0206916
0.98580922
0.9599546
0.94505571
1.1979948
1.1793383
1.1483033
1.1088525
1.0659049
1.0245151
0.98907996
0.96282709
0.94770566
1.2086286
1.1894518
1.1575576
1.117027
1.0729202
1.0304341
0.99408835
0.96718394
0.95169591
1.221323
1.2014879
1.168505
1.1266038
1.081029
1.0371665
0.99967791
0.97194613
0.9559895
1.2340605
1.213511
1.1793479
1.1359664
1.0888152
1.0434669
1.0047325
0.97610297
0.95964417
1.2452115
1.2239807
1.1886945
1.1439055
1.0952409
1.0484609
1.0085447
0.97907445
0.9621441
1.253831
1.2320245
1.1957852
1.1497893
1.0998341
1.051859
1.0109552
0.98076856
0.96343373
1.2596238
1.2373898
1.2004402
1.1535585
1.1026764
1.0538268
1.0121842
0.98147023
0.96384414
1.2627081
1.2402271
1.2028737
1.1554976
1.1040837
1.0547229
1.012662
0.98165535
0.96386492
1.4812737
1.4618272
1.4290634
1.3865704
1.3390734
1.291962
1.2504271
1.2188092
1.200238
1.492978
1.4732116
1.4398825
1.3966212
1.3482968
1.3003716
1.258104
1.2259471
1.2070547
1.5120265
1.4916905
1.4573864
1.4128861
1.363192
1.3138921
1.2704289
1.237366
1.2179417
1.535357
1.5142974
1.4787884
1.4327244
1.381273
1.3302433
1.2852633
1.2510509
1.2309567
1.559618
1.5377848
1.500962
1.4531906
1.3998444
1.3469419
1.300318
1.2648636
1.2440416
1.5818042
1.5592216
1.5211405
1.471744
1.4165834
1.3618869
1.3136896
1.2770428
1.2555249
1.5997802
1.5765678
1.5374236
1.4866431
1.4299399
1.3737187
1.3241836
1.2865299
1.2644246
1.6124515
1.5887739
1.5488415
1.4970435
1.4392068
1.3818647
1.3313539
1.2929627
1.2704247
1.6194766
1.5955294
1.5551492
1.5027707
1.4442828
1.386304
1.3352355
1.2964179
1.2736294
1.4741136
1.4613261
1.4394498
1.4103021
1.3769151
1.3432978
1.3131143
1.2895771
1.2755137
1.4954928
1.4823293
1.4596993
1.4296675
1.395601
1.3612307
1.3300924
1.3058641
1.2914744
1.5306631
1.5167964
1.4931342
1.4620564
1.4266892
1.3906352
1.358111
1.333006
1.3180824
1.5750951
1.5605847
1.5358574
1.503155
1.465722
1.4277868
1.3936966
1.3672418
1.351472
1.6236982
1.6083793
1.5821684
1.5475311
1.508098
1.4681123
1.4320184
1.4040482
1.3874156
1.6704133
1.6542511
1.6266892
1.5903428
1.5488329
1.5066574
1.4686981
1.4392968
1.4217846
1.7104903
1.6936764
1.6649565
1.6269528
1.5835621
1.5395963
1.4999723
1.4692266
1.4509286
1.740378
1.7230062
1.6932922
1.6540525
1.6093551
1.5639679
1.5230118
1.4913038
1.4724428
1.7575933
1.7398745
1.7096268
1.6697467
1.6242302
1.5779522
1.536288
1.5040329
1.4848158
1.7657558
1.7478873
1.717405
1.6771989
1.6312631
1.5845902
1.5425966
1.5100489
1.4906505
1.7824128
1.7642651
1.733301
1.6923645
1.6455828
1.5981458
1.555414
1.5222523
1.5025137
1.809738
1.7910891
1.7592088
1.7170668
1.668999
1.620213
1.5762119
1.5421187
1.52183
1.8435394
1.8242179
1.7912215
1.7476425
1.6978813
1.6473487
1.6018192
1.5665259
1.5455111
1.8791194
1.8591094
1.8249234
1.7797291
1.7281283
1.675754
1.6285361
1.5919314
1.5701444
1.912158
1.8914671
1.8561119
1.8093949
1.7560582
1.7018919
1.6530676
1.6152233
1.5926909
1.9393265
1.9180648
1.8817463
1.8337394
1.7789063
1.7232351
1.6730496
1.6341358
1.6109714
1.958752
1.937081
1.900042
1.8510697
1.7951554
1.7383773
1.6871759
1.6474895
1.6238652
1.9696557
1.9477365
1.9102735
1.8607662
1.804236
1.7468077
1.6950395
1.6549139
1.6310203
2.0064797
1.9926403
1.968597
1.9359797
1.8976332
1.8577293
1.8209734
1.7918862
1.7743164
2.0273686
2.013302
1.9887971
1.9555408
1.9165803
1.8760705
1.8386326
1.8089895
1.7911131
2.0615472
2.0470301
2.0217776
1.9876567
1.9477092
1.906003
1.867451
1.8370148
1.8186699
2.1039168
2.0889244
2.0628881
2.0276493
1.9862625
1.9430943
1.9032716
1.8717918
1.8527931
2.1488843
2.1333795
2.1063984
2.069848
2.0269933
1.9823176
1.9410336
1.9083909
1.8887041
2.1908373
2.174802
2.1469261
2.1092129
2.0649648
2.0187768
1.9761202
1.942407
1.9220648
2.2255453
2.2091023
2.1805144
2.1417826
2.0963079
2.0488815
2.0050745
1.9704202
1.9495088
2.2505452
2.2337898
2.2046271
2.1651262
2.1188027
2.0704675
2.0257776
1.9904423
1.9691288
2.2646129
2.2476653
2.2181825
2.1782802
2.1314619
2.0825715
2.0373969
2.0016926
1.9801481
-0.41447359
-0.37105962
-0.29826239
-0.20426873
-0.099480417
0.0047283629
0.097252387
0.1682775
0.21032436
-0.4107038
-0.36717121
-0.29411179
-0.19968559
-0.094350192
0.010416532
0.10341374
0.17480372
0.21707203
-0.40391663
-0.36015776
-0.28662142
-0.19146358
-0.085202089
0.02055162
0.11440638
0.18642206
0.22904939
-0.39513749
-0.35098417
-0.27675929
-0.18064924
-0.073183458
0.033861792
0.12887059
0.20172488
0.24482202
-0.38507448
-0.34037297
-0.26523489
-0.16796749
-0.05918558
0.049235982
0.14551129
0.21933695
0.26300056
-0.37444893
-0.32917507
-0.25302447
-0.15444665
-0.044301555
0.065433653
0.16288934
0.23763754
0.28184369
-0.36432312
-0.31856326
-0.24155075
-0.14176149
-0.030289827
0.080647724
0.17908945
0.25455659
0.29919034
-0.35551037
-0.30936141
-0.23169487
-0.13103149
-0.018532609
0.093366099
0.19255577
0.26854698
0.31347722
-0.35024629
-0.30386086
-0.22578545
-0.12460542
-0.011522053
0.10097058
0.20063082
0.27694213
0.32204091
-0.34776044
-0.30124462
-0.22296141
-0.12158661
-0.0082834322
0.10444972
0.20430945
0.28077478
0.32594802
-0.34352443
-0.29672243
-0.21797762
-0.11608605
-0.0021846347
0.11112875
0.21147566
0.28826544
0.33359255
-0.33260762
-0.28549286
-0.20621357
-0.10349224
0.011255008
0.12536017
0.22639776
0.30360653
0.34917798
-0.30982064
-0.26242566
-0.18272442
-0.079496904
0.035783599
0.15035498
0.25175571
0.32925507
0.37492335
-0.25869807
-0.2114415
-0.13188157
-0.028902473
0.086010632
0.2001346
0.30092532
0.37776868
0.42307272
-0.1368394
-0.090432173
-0.012178387
0.088874216
0.20132208
0.31273887
0.41088197
0.48540397
0.52915318
0.05523605
0.10047899
0.17674056
0.27464877
0.38323531
0.49043166
0.5845666
0.65588383
0.69733162
0.254371
0.29846108
0.37213851
0.46662241
0.57121137
0.67413661
0.76428969
0.83241069
0.87163595
0.39187845
0.43477589
0.50650481
0.59845938
0.70019417
0.800072
0.88738294
0.95337667
0.99117034
-1.0572084
-1.0097502
-0.93007459
-0.82710303
-0.71205561
-0.59728824
-0.49519033
-0.41665182
-0.37008447
-1.0559202
-1.0083306
-0.92842697
-0.82514826
-0.7096343
-0.59431108
-0.49168752
-0.41273427
-0.36593959
-1.0494817
-1.0017817
-0.92167031
-0.81785436
-0.70158243
-0.5854401
-0.48197523
-0.40242843
-0.35524917
-1.0301686
-0.9824114
-0.90204863
-0.79779719
-0.68092509
-0.5641144
-0.46003627
-0.37996325
-0.33255347
-0.97844988
-0.93100385
-0.85086617
-0.74665385
-0.62973366
-0.51277847
-0.40869855
-0.32877454
-0.28138974
-0.8500254
-0.80303592
-0.72346635
-0.61997289
-0.50391095
-0.387875
-0.28471707
-0.20578679
-0.15915875
-0.64965417
-0.60282328
-0.5234032
-0.42061323
-0.30554445
-0.19080807
-0.089132677
-0.011533738
0.033739402
-0.44069388
-0.39375615
-0.31486362
-0.21289121
-0.098995827
0.014076895
0.11388395
0.18970157
0.23348631
-0.29374585
-0.24717023
-0.1688815
-0.067807484
0.044889405
0.1563831
0.25443987
0.32888428
0.37163651
0.49581546
0.53779137
0.6080983
0.69815921
0.7976948
0.89526713
0.98043588
1.0447967
1.0813333
0.7733473
0.81273545
0.87839002
0.9626421
1.0554744
1.146039
1.2248379
1.2839916
1.3172414
1.2065707
1.2410244
1.2986482
1.3725026
1.4533991
1.5318081
1.5996287
1.6501742
1.6788354
1.6831518
1.7113347
1.7584931
1.8181881
1.8829255
1.9451994
1.9986139
2.0381823
2.060616
2.0768815
2.0979657
2.1330432
2.176798
2.2236905
2.2683213
2.3060925
2.3337827
2.3494343
2.3170024
2.331826
2.356383
2.3867993
2.4190994
2.4494737
2.4748834
2.4933806
2.5038229
2.4195276
2.4305369
2.4486111
2.4708603
2.4942634
2.5160797
2.5342221
2.5473997
2.5548709
2.4444788
2.4535647
2.4684245
2.4868085
2.5062729
2.5245994
2.539997
2.5512538
2.5576968
2.4457363
2.4542611
2.4682155
2.4856014
2.5041007
2.521554
2.5362487
2.5470479
2.5532433
1.896252
1.9241745
1.970123
2.0276858
2.0893584
2.1478507
2.1971153
2.2330347
2.2534668
1.9073349
1.9352326
1.9811457
2.0386687
2.1003078
2.1588338
2.2082673
2.2444511
2.2650975
1.9259678
1.9538285
1.9996707
2.0570964
2.1186098
2.1769944
2.2263682
2.2626169
2.2833681
1.9496168
1.9774245
2.0231629
2.0804264
2.1417349
2.1998662
2.2489454
2.2849452
2.3055585
1.9753749
2.0031048
2.048699
2.1057362
2.1667338
2.2245144
2.2732399
2.3089343
2.329357
2.0004038
2.028039
2.0734517
2.1302235
2.1908753
2.2482368
2.2965399
2.331871
2.3520559
2.0220256
2.0495561
2.0947899
2.151291
2.2115648
2.2684767
2.3163195
2.3512936
2.3712713
2.0385707
2.0660011
2.1110407
2.1672704
2.2271909
2.2837223
2.3312255
2.365897
2.3856884
2.0481736
2.0755398
2.1204481
2.1764947
2.2362172
2.2925268
2.3398193
2.3742982
2.3939406
2.0523944
2.0797449
2.124616
2.1805843
2.2402246
2.2964427
2.3436263
2.3780363
2.3976161
2.0613457
2.0886336
2.1334001
2.1892005
2.2486339
2.3046464
2.3516092
2.3858247
2.4053047
2.0764475
2.1035973
2.1481384
2.2036553
2.2627196
2.3183042
2.3648262
2.3986626
2.4179424
2.0964056
2.1233607
2.16751
2.2224548
2.2808264
2.3356926
2.3815795
2.4149539
2.4339569
2.121886
2.1482921
2.1916261
2.24556
2.3027992
2.3564769
2.4013093
2.4339702
2.4526198
2.1622623
2.1875106
2.2288727
2.2802956
2.3347833
2.3859475
2.4288168
2.4599912
2.4776874
2.2285908
2.2516959
2.2895483
2.3365109
2.3863333
2.4331502
2.472179
2.5003272
2.5161655
2.3028642
2.3237544
2.3578836
2.4002252
2.4449934
2.4866384
2.5209827
2.5455865
2.5592443
2.3545313
2.3739044
2.4055771
2.4446849
2.4857019
2.5235315
2.5545846
2.5767457
2.5889325
1.5777812
1.6124814
1.6699256
1.7425826
1.821394
1.8972833
1.9624663
2.0110053
2.0390912
1.5871552
1.6218478
1.6792842
1.7518922
1.8306556
1.9064696
1.971543
2.0200214
2.0480725
1.6035392
1.6381479
1.6954566
1.7679328
1.846524
1.922165
1.9870129
2.0352685
2.0632209
1.6263358
1.6608098
1.71783
1.7898948
1.8680139
1.9431979
2.0076628
2.0555828
2.0832883
1.6588793
1.6928095
1.7490344
1.820096
1.8971145
1.9712219
2.034676
2.0817908
2.1090261
1.7185266
1.7511064
1.8050739
1.8732988
1.9471804
2.0181965
2.0789589
2.1239802
2.149965
1.8179295
1.8482347
1.8985223
1.9618888
2.030361
2.0960676
2.152193
2.1936768
2.2173996
1.9268301
1.9549153
2.00129
2.0596145
2.1225175
2.1826569
2.2338011
2.2714492
2.2927794
2.0021355
2.0286253
2.0723425
2.1272273
2.1863177
2.2425965
2.2903139
2.3254113
2.3452202
1.6218579
1.6533675
1.7058355
1.7724683
1.8452767
1.9156809
1.9762315
2.021364
2.0467953
1.8131404
1.8417859
1.8892059
1.949369
2.0146484
2.0771938
2.130588
2.1700073
2.1919757
2.0955108
2.1188713
2.1574655
2.2060186
2.2579914
2.3070848
2.3484501
2.3785961
2.3954563
2.3713977
2.3880261
2.4153444
2.4490394
2.4844027
2.5171701
2.5442083
2.5635647
2.5742887
2.5547047
2.5649206
2.5814751
2.6013543
2.6215954
2.6397102
2.6540654
2.6639477
2.6693027
2.6320242
2.6378667
2.6471475
2.6579783
2.6685787
2.6775998
2.6843397
2.6886938
2.6909583
2.6431441
2.647063
2.6531878
2.6602894
2.6671189
2.6727758
2.6768562
2.679412
2.6807008
2.6344179
2.6378294
2.643103
2.6491835
2.6549929
2.6597675
2.6631682
2.6652501
2.6662997
2.6266841
2.6299045
2.6348808
2.6406037
2.6460384
2.6504776
2.6535967
2.6554871
2.6564155
