FiniteElementSpace
FiniteElementCollection: L2_2D_P8
VDim: 1
Ordering: 0

-0.90007815
-0.88542519
-0.86104948
-0.83000719
-0.79598923
-0.76280154
-0.7339392
-0.71218121
-0.69945557
-0.88172008
-0.86733472
-0.84341174
-0.81293035
-0.77951434
-0.74693872
-0.718612
-0.69724326
-0.68474686
-0.84930653
-0.83540046
-0.81226146
-0.78277225
-0.75046941
-0.71898556
-0.69159152
-0.67093536
-0.6588619
-0.80451595
-0.79127039
-0.76923675
-0.74117362
-0.71043205
-0.68046157
-0.65439922
-0.63475335
-0.62326793
-0.75084936
-0.73842128
-0.71774995
-0.69141577
-0.66256986
-0.63446285
-0.61002238
-0.5915967
-0.58082728
-0.69384256
-0.68229427
-0.66308474
-0.63862093
-0.6118341
-0.58573137
-0.56303625
-0.54593351
-0.53593797
-0.64043288
-0.6297203
-0.61190706
-0.58922398
-0.56438298
-0.54018259
-0.51914923
-0.50329715
-0.49403283
-0.59780111
-0.58776644
-0.57107764
-0.5498221
-0.52655218
-0.50388933
-0.48418828
-0.46934272
-0.46066902
-0.57194108
-0.56231741
-0.54630997
-0.52592854
-0.50362183
-0.48189191
-0.46300383
-0.448776
-0.4404624
1.4618456
1.4612012
1.460421
1.4588455
1.4566679
1.4537655
1.4507095
1.4480819
1.4463226
1.5216537
1.5205399
1.5189872
1.5164144
1.5131181
1.5091159
1.5050972
1.5017496
1.4995721
1.6170982
1.615233
1.6124154
1.6082096
1.6030801
1.5972908
1.5917074
1.5871707
1.5842929
1.7307051
1.7279238
1.7234984
1.717267
1.7099059
1.7019241
1.6944053
1.6883925
1.6846545
1.8436871
1.8399415
1.8338543
1.8255107
1.8157935
1.8055173
1.7959938
1.7884538
1.7838285
1.9409027
1.9362872
1.9286734
1.9183902
1.9065287
1.8941699
1.8828211
1.8738928
1.8684639
2.0139006
2.0085911
1.9997603
1.9879419
1.9743774
1.9603613
1.9475618
1.9375275
1.9314578
2.0611391
2.0553596
2.0457039
2.0328388
2.0181057
2.0029569
1.9891657
1.9783719
1.9718636
2.0854599
2.0794266
2.0693158
2.055879
2.0405201
2.0247653
2.0104385
1.9992359
1.992494
1.3057987
1.3010458
1.292857
1.2780576
1.2513028
1.2186272
1.1894638
1.1668514
1.1533574
1.3404931
1.3354138
1.3267314
1.3116671
1.2847397
1.2513082
1.2213812
1.1982062
1.1843171
1.3952698
1.3896662
1.3801606
1.364634
1.337505
1.3029725
1.2718271
1.2477786
1.2332973
1.4592941
1.4530729
1.44253
1.4263885
1.3991823
1.363511
1.3309454
1.3058927
1.2907257
1.5213827
1.5145372
1.5028951
1.4860308
1.4589168
1.4223936
1.3884631
1.3624688
1.3466663
1.5730251
1.5656355
1.5529974
1.5354209
1.5085032
1.4715435
1.4365163
1.4097663
1.3934796
1.6101668
1.6023531
1.5889375
1.5707673
1.5440948
1.5070764
1.4712994
1.444026
1.4274358
1.633045
1.6249444
1.6110054
1.5924142
1.5659553
1.5290963
1.4929018
1.4653135
1.448568
1.6442662
1.6360151
1.6218034
1.6029848
1.5766564
1.5399621
1.5035944
1.4758592
1.4590487
0.60713717
0.59714714
0.58052797
0.55937142
0.53620461
0.51361008
0.49396162
0.47915926
0.47050636
0.62338458
0.61313713
0.59608143
0.57435088
0.55056349
0.52738236
0.50721074
0.49200692
0.4831232
0.64915761
0.63849255
0.62075503
0.59815033
0.57338044
0.54925016
0.52826998
0.51244712
0.50319728
0.67959937
0.66843921
0.64987924
0.62624959
0.60036567
0.57512621
0.55318181
0.5366448
0.52697741
0.70953789
0.69792184
0.67858921
0.65395087
0.62697306
0.60068976
0.57782199
0.56057941
0.55050284
0.73496846
0.72296156
0.70300122
0.67757453
0.64969673
0.62252127
0.59890512
0.58109933
0.57068645
0.75387346
0.74158895
0.72114549
0.69512406
0.66664656
0.63886512
0.61468279
0.59646479
0.58582076
0.76593195
0.75351334
0.7328311
0.70643919
0.6775388
0.64941321
0.62493276
0.60644977
0.59564548
0.77206406
0.75956506
0.73877818
0.71225919
0.68315892
0.65481976
0.6302046
0.61162658
0.60075373
-0.21912826
-0.21600565
-0.21078131
-0.20407304
-0.19665432
-0.18935229
-0.18294816
-0.17808708
-0.17523168
-0.17356227
-0.17104223
-0.16682819
-0.16142254
-0.15544338
-0.14955592
-0.14439717
-0.14048345
-0.13818407
-0.096947355
-0.095449047
-0.092939672
-0.08971739
-0.086160037
-0.082665257
-0.079600469
-0.077275698
-0.075912281
0.0018916432
0.0020743073
0.0023800337
0.002769536
0.003195808
0.0036072503
0.0039612442
0.0042261198
0.0043796215
0.11132055
0.1100443
0.10790875
0.10515671
0.10210585
0.099096673
0.096445988
0.09442562
0.093236
0.21861168
0.21589756
0.21135954
0.20552866
0.19906756
0.19269237
0.18709043
0.18283051
0.18032375
0.31194386
0.30798506
0.30135557
0.2928304
0.28339834
0.274104
0.26592869
0.25971148
0.25605679
0.38201802
0.37712299
0.36893206
0.35839533
0.34672227
0.33522583
0.32512766
0.317445
0.31292592
0.42278025
0.41733366
0.40822642
0.39652537
0.38355859
0.37077444
0.35955198
0.35102139
0.34600322
-0.31985602
-0.31571326
-0.30974565
-0.30235994
-0.29410248
-0.28588656
-0.27858178
-0.27295282
-0.26963452
-0.25592307
-0.25184877
-0.24671797
-0.24069246
-0.23404321
-0.22743107
-0.22152158
-0.21695658
-0.21427256
-0.14778178
-0.14434392
-0.14068457
-0.13703204
-0.13302462
-0.12905313
-0.12553114
-0.12281381
-0.12122123
-0.0089555881
-0.0060212603
-0.0038577645
-0.0031710002
-0.0026345934
-0.0020943545
-0.0016549942
-0.0013014777
-0.0011256308
0.14426866
0.14679106
0.14752307
0.14514626
0.14183124
0.13849975
0.1355289
0.13328914
0.13191388
0.29390446
0.29602509
0.29572456
0.2905764
0.28348757
0.27643833
0.27008855
0.2652709
0.26237067
0.42372029
0.42536758
0.42427572
0.41708117
0.4067409
0.39643915
0.38717854
0.38012201
0.37590362
0.52105784
0.52229098
0.52059484
0.51202235
0.49930741
0.48654341
0.47509085
0.46636451
0.46117896
0.5775177
0.57850984
0.57656603
0.56721179
0.55312023
0.5389669
0.52622577
0.51650629
0.51075648
-0.51881204
-0.50838572
-0.49111892
-0.46925803
-0.44548404
-0.42248804
-0.40263032
-0.38774824
-0.37908484
-0.50747864
-0.49725082
-0.48031156
-0.45886668
-0.43554845
-0.41299445
-0.39351995
-0.37892619
-0.3704308
-0.48761886
-0.47774288
-0.461388
-0.44068652
-0.41817932
-0.39641239
-0.3776203
-0.36353913
-0.3553428
-0.46046287
-0.45107983
-0.43554314
-0.41587964
-0.39450438
-0.3738361
-0.35599526
-0.3426287
-0.33484903
-0.42828438
-0.41949894
-0.4049531
-0.38654673
-0.36654201
-0.34720258
-0.33051189
-0.31800886
-0.31073249
-0.39443264
-0.38628864
-0.37280655
-0.35574896
-0.33721351
-0.31929811
-0.3038392
-0.29226061
-0.28552293
-0.36297365
-0.35543582
-0.34295831
-0.3271739
-0.31002502
-0.29345275
-0.27915518
-0.2684479
-0.26221779
-0.33800956
-0.33095832
-0.3192873
-0.30452504
-0.28848878
-0.27299389
-0.25962764
-0.24961886
-0.24379562
-0.32291979
-0.31616495
-0.3049852
-0.29084517
-0.27548608
-0.2606469
-0.24784725
-0.23826339
-0.23268763
-0.071503659
-0.069852885
-0.067126004
-0.063686723
-0.059963376
-0.05637854
-0.053296395
-0.050994702
-0.049658017
-0.055099648
-0.053789304
-0.051625999
-0.048899764
-0.04595124
-0.043115292
-0.040679328
-0.038861612
-0.037806559
-0.027575643
-0.026837767
-0.025622136
-0.024094822
-0.022448965
-0.020871982
-0.019522259
-0.018518068
-0.017936385
0.0078397799
0.0078390302
0.0078320426
0.0078127715
0.007778395
0.0077316708
0.007680583
0.007635753
0.0076070717
0.046952092
0.046133569
0.044773036
0.043041721
0.041147579
0.039303905
0.037702743
0.036497213
0.035793226
0.085223947
0.083603815
0.080916572
0.077507301
0.07379063
0.070186206
0.067066375
0.064723779
0.063358281
0.11847806
0.11616085
0.11231997
0.10745179
0.10215066
0.097015628
0.092575753
0.089244885
0.087304476
0.14343955
0.14059915
0.13589241
0.12992925
0.12343903
0.11715541
0.11172502
0.10765262
0.10528085
0.15795801
0.15481344
0.14960335
0.14300365
0.13582216
0.12887087
0.12286471
0.1183613
0.11573881
-0.13374296
-0.13129746
-0.1272364
-0.12207679
-0.11644228
-0.11096914
-0.10622635
-0.10266118
-0.10058144
-0.1048223
-0.10285944
-0.099601323
-0.095464695
-0.090950228
-0.086568256
-0.082774256
-0.079924116
-0.078262272
-0.056236825
-0.055087699
-0.053182127
-0.050765985
-0.048136435
-0.045591766
-0.043393565
-0.041746655
-0.040788152
0.0063718476
0.0064714586
0.0066309024
0.0068224953
0.0070173312
0.0071904665
0.0073264202
0.0074198459
0.0074705695
0.075616512
0.074551554
0.072775125
0.070501866
0.067997269
0.065541375
0.063392694
0.06176413
0.060808728
0.14344832
0.14124054
0.13756298
0.13287
0.12771755
0.12268163
0.11829088
0.11497364
0.11303128
0.2024203
0.19921847
0.19388832
0.18708894
0.17963024
0.17235042
0.16600859
0.161221
0.15842007
0.24669575
0.24274486
0.23617101
0.22779228
0.21860257
0.20963478
0.20182944
0.1959384
0.19249205
0.27244624
0.26806165
0.26076332
0.25146269
0.2412685
0.23131999
0.22266084
0.21612944
0.21230855
1.4143309
1.41175
1.4075756
1.4015976
1.3944659
1.3867148
1.3793966
1.3734773
1.3697593
1.4607973
1.4577752
1.4528767
1.4459717
1.437819
1.4290686
1.4208722
1.4142992
1.4102056
1.5345113
1.5307999
1.5247413
1.5163428
1.5065271
1.4961709
1.4865743
1.4789386
1.4742227
1.6214524
1.6169129
1.6094175
1.5992116
1.58741
1.5751057
1.5637926
1.5548582
1.5493953
1.7067995
1.701407
1.6924505
1.6804004
1.6665589
1.6522781
1.639242
1.6289976
1.6227775
1.779001
1.7728539
1.762589
1.7488893
1.7332387
1.7172057
1.7026306
1.6912218
1.6843379
1.8321306
1.8253838
1.8140797
1.799088
1.7820249
1.7646244
1.7488565
1.7365499
1.7291507
1.8657688
1.858615
1.8466058
1.8307359
1.8127079
1.7943798
1.7778065
1.7648914
1.757145
1.8827509
1.8753803
1.8629868
1.8466375
1.8280911
1.8092625
1.7922502
1.7790098
1.7710831
1.8710253
1.8624397
1.8478187
1.8288563
1.8075001
1.7860646
1.7668756
1.7520399
1.7432457
1.8541648
1.8456214
1.8310699
1.8122187
1.7910024
1.7697236
1.7506833
1.7359644
1.727241
1.8221459
1.8137022
1.7993071
1.7806787
1.7597345
1.7387644
1.7200277
1.7055561
1.6969855
1.7741175
1.7658965
1.7518549
1.7336788
1.7132269
1.692754
1.6744751
1.6603702
1.6520255
1.7121445
1.7042641
1.6907944
1.6733716
1.6537557
1.6341045
1.6165401
1.6029737
1.5949454
1.6429535
1.6354363
1.6225936
1.6060161
1.5873844
1.5687492
1.5521042
1.5392459
1.5316343
1.5764801
1.5693182
1.5570798
1.5412912
1.5235633
1.5058614
1.490078
1.477902
1.4707001
1.5228066
1.5159615
1.5042583
1.4891502
1.4721761
1.4552227
1.4401102
1.4284579
1.421569
1.4901005
1.4834587
1.4721015
1.4574343
1.4409474
1.4244718
1.4097792
1.3984486
1.3917486
2.1204531
2.1127113
2.0994628
2.0821614
2.0625582
2.042781
2.0249905
2.0111721
2.0029505
2.1023164
2.0946002
2.0813888
2.0641554
2.0446497
2.024995
2.0073284
1.9936091
1.9854477
2.067192
2.059534
2.0464085
2.0293107
2.0099882
1.990563
1.9731391
1.9596252
1.9515936
2.0136343
2.0061243
1.993222
1.9764114
1.957407
1.9383247
1.9212424
1.9080121
1.9001596
1.9435442
1.9363161
1.9238723
1.9076478
1.8892694
1.8707939
1.8542459
1.8414188
1.8338043
1.8642114
1.8573068
1.845415
1.8299283
1.8123915
1.7947687
1.7789822
1.7667307
1.7594511
1.7871794
1.7805905
1.7692312
1.7544412
1.7377038
1.7209064
1.7058795
1.6942257
1.6873038
1.7245362
1.7182343
1.7073551
1.6931737
1.6771086
1.6609769
1.6465471
1.6353629
1.6287239
1.6861976
1.6800801
1.6695145
1.6557363
1.6401179
1.6244207
1.6103695
1.5994764
1.5930099
0.95081989
0.93835733
0.91748964
0.89065574
0.86098164
0.8317665
0.80608042
0.7865384
0.77505006
0.97617856
0.96339246
0.94199029
0.91445348
0.8839672
0.85396391
0.82761825
0.80757416
0.79578198
1.0163009
1.0029813
0.98071627
0.95209869
0.92038611
0.88912553
0.86169044
0.84085014
0.82859616
1.0635995
1.0495817
1.0261956
0.99624216
0.96313833
0.93049347
0.90178581
0.87997049
0.86715372
1.110228
1.0955277
1.070957
1.0394945
1.0048551
0.97086284
0.94101792
0.91830608
0.90494433
1.1496086
1.1344502
1.1090495
1.076378
1.0402765
1.0048911
0.97398267
0.95055653
0.93679113
1.1783579
1.1628886
1.1369849
1.1036494
1.0666764
1.030245
0.99835091
0.97423023
0.96010322
1.1964697
1.1808019
1.1545697
1.1208447
1.083458
1.0465448
1.0141005
0.98948783
0.97506028
1.2055583
1.1898039
1.1634172
1.129495
1.0919159
1.0548132
1.0221572
0.99733684
0.98276825
1.1956683
1.1808232
1.1559473
1.1239301
1.0884224
1.0533581
1.0224947
0.9989934
0.98515835
1.1862994
1.1716417
1.14708
1.1154634
1.0804009
1.0457736
1.0152864
0.99206966
0.97840378
1.1685213
1.1542103
1.1302279
1.0993516
1.0651043
1.0312813
1.0014971
0.97880766
0.96544959
1.1419645
1.1281532
1.1050085
1.0752061
1.0421416
1.0094769
0.98070902
0.95879086
0.94588375
1.1079994
1.0948061
1.0726977
1.0442272
1.0126361
0.98141765
0.95391278
0.93295133
0.92060609
1.0702289
1.0577069
1.0367229
1.0096961
0.97970249
0.95005708
0.92393108
0.90401358
0.89227974
1.0338945
1.0220085
1.0020885
0.97642648
0.94794138
0.91978047
0.89495749
0.87602972
0.86487682
1.004533
0.99315852
0.97409141
0.94952089
0.9222405
0.8952643
0.87147997
0.85334049
0.84265072
0.98664929
0.97558558
0.95703703
0.93312849
0.90657707
0.88031698
0.85716054
0.83949745
0.82908711
1.6049507
1.5960754
1.581023
1.5616806
1.5386485
1.5090636
1.476043
1.4497809
1.4343927
1.5900839
1.5812839
1.5663793
1.547222
1.5245214
1.4955693
1.4630946
1.4371572
1.4219807
1.5622359
1.5535878
1.5389718
1.5201793
1.4980731
1.4702098
1.4387285
1.4134004
1.3986052
1.5212434
1.5128442
1.4986794
1.4804469
1.4591662
1.4327259
1.4026254
1.3781973
1.3639525
1.4693687
1.4613221
1.4477814
1.4303255
1.4100831
1.3852734
1.3568025
1.3334739
1.3198921
1.4121992
1.4045444
1.3916921
1.3751157
1.3560089
1.3328854
1.3061609
1.2840397
1.271161
1.3576724
1.3504014
1.3382057
1.3224589
1.3043872
1.28274
1.2576195
1.2366677
1.224464
1.3138268
1.3068906
1.2952586
1.2802103
1.2629689
1.2424282
1.2185167
1.1984802
1.1868133
1.2871642
1.2804402
1.2691672
1.2545685
1.2378513
1.2179773
1.1947768
1.1752759
1.1639239
0.3478473
0.34077947
0.32907837
0.31427167
0.29817663
0.2826159
0.26918593
0.25912471
0.25326953
0.35722232
0.34996879
0.33795787
0.322759
0.3062398
0.2902683
0.27648398
0.26615783
0.26014819
0.37217171
0.36462372
0.35212622
0.33630987
0.3191192
0.30249996
0.28815601
0.27741101
0.2711577
0.38997082
0.38207732
0.3690085
0.35247118
0.33449616
0.31711802
0.30211993
0.29088442
0.28434584
0.40772292
0.39949709
0.38587599
0.36863766
0.3499019
0.33178793
0.31615374
0.30444217
0.29762616
0.4231158
0.41461095
0.40053078
0.38271229
0.36334224
0.34461487
0.32845112
0.31634154
0.30929421
0.43484216
0.42614057
0.41172817
0.39348849
0.3736643
0.35449374
0.33794657
0.32555029
0.31833502
0.44258508
0.4337618
0.4191537
0.40065641
0.380546
0.36110498
0.34431925
0.33174407
0.32442535
0.44666707
0.43777513
0.4230627
0.40444708
0.38419675
0.36461741
0.34771867
0.33505235
0.32768267
0.46281736
0.45411776
0.4397319
0.42157095
0.40175321
0.38249835
0.36592172
0.35348523
0.34621361
0.46114961
0.45254893
0.43826148
0.42019625
0.40059183
0.3815429
0.36504655
0.3527165
0.34553097
0.45757636
0.4491663
0.43519931
0.41742311
0.39806822
0.37937441
0.36317277
0.35099307
0.34390934
0.45190397
0.44366327
0.43004138
0.41279905
0.39394803
0.3756407
0.35985074
0.34799495
0.34107093
0.44422397
0.43628778
0.4230698
0.40630145
0.38810406
0.37044031
0.35508515
0.34357537
0.33688049
0.43503081
0.42741943
0.41483809
0.39877957
0.38114037
0.36409118
0.34937747
0.33826541
0.33176902
0.42655974
0.41891637
0.40646835
0.39101963
0.37422654
0.35771557
0.34341071
0.33275456
0.32653992
0.42038306
0.41276325
0.40020075
0.38461876
0.3681978
0.35243562
0.33854331
0.32803842
0.32196061
0.41664424
0.40914013
0.39668942
0.38104729
0.36449285
0.34895221
0.33552315
0.32524801
0.3192067
0.78082001
0.76854468
0.74808262
0.72191778
0.69312526
0.66503664
0.64077256
0.62267146
0.6121671
0.77645467
0.76431343
0.74408154
0.71822573
0.6897603
0.66189288
0.63768463
0.61956742
0.60905887
0.7679369
0.75604366
0.7362207
0.71089908
0.68305024
0.6557502
0.6318845
0.61387619
0.60337907
0.75481199
0.74329282
0.72408158
0.69951839
0.67250274
0.64605387
0.62292315
0.60538458
0.59509514
0.73757606
0.72652313
0.70808745
0.68450415
0.6585313
0.63307603
0.61083173
0.59398956
0.5841078
0.71803675
0.70749179
0.68989548
0.66737825
0.64257329
0.61823722
0.5969323
0.58078534
0.57131465
0.69897157
0.68891304
0.67212159
0.6506163
0.62690557
0.6036356
0.58325907
0.56780128
0.55872402
0.68341976
0.67374787
0.65759927
0.63691204
0.61408778
0.59166596
0.57201819
0.55710981
0.54835471
0.67389759
0.6644602
0.64869907
0.62850364
0.60621628
0.584313
0.56511223
0.55053807
0.54197644
-1.069609
-1.0571185
-1.0361177
-1.0089753
-0.97878406
-0.94888771
-0.92246303
-0.9022664
-0.89035427
-1.0204523
-1.0084984
-0.9884107
-0.96248776
-0.93366559
-0.90508819
-0.87981596
-0.86051616
-0.84913969
-0.93584785
-0.92485169
-0.90639873
-0.8825878
-0.85606763
-0.82975545
-0.80651568
-0.78878008
-0.7783225
-0.82317408
-0.81347986
-0.79719668
-0.77614768
-0.75269993
-0.72947239
-0.70896213
-0.6932929
-0.68404919
-0.69364165
-0.68541832
-0.67159975
-0.65376046
-0.6339161
-0.6142412
-0.59684906
-0.58356904
-0.57574028
-0.5614554
-0.55475296
-0.54350417
-0.52897706
-0.51278928
-0.49673792
-0.48256699
-0.4717502
-0.46537168
-0.44209172
-0.43677472
-0.42783644
-0.41628029
-0.4034143
-0.39067394
-0.37942445
-0.37083102
-0.36576231
-0.34958398
-0.34532819
-0.33817056
-0.32893821
-0.31867954
-0.30850598
-0.29950842
-0.29264227
-0.28859639
-0.29454792
-0.2909354
-0.28485966
-0.27701864
-0.26829373
-0.25964346
-0.25200015
-0.24616612
-0.24272726
-0.69336907
-0.68084748
-0.66006694
-0.63369159
-0.6049051
-0.57694669
-0.55272496
-0.53451414
-0.52388729
-0.67877118
-0.66648226
-0.64609405
-0.62020671
-0.5919499
-0.56452011
-0.54075196
-0.52288159
-0.51245734
-0.65308924
-0.6412175
-0.62151397
-0.5964953
-0.56920059
-0.54270563
-0.51974664
-0.50249191
-0.49242614
-0.617776
-0.60648099
-0.58773945
-0.56395149
-0.53800045
-0.51281225
-0.4909933
-0.47459558
-0.46503065
-0.57567835
-0.56509083
-0.5475249
-0.52522876
-0.50091026
-0.47731368
-0.45687518
-0.44151807
-0.43256148
-0.53115904
-0.52133197
-0.50502855
-0.48434047
-0.46178085
-0.43989348
-0.42094036
-0.40670159
-0.39839776
-0.4896037
-0.48049741
-0.46539293
-0.44622776
-0.42533084
-0.40506195
-0.38751293
-0.37433048
-0.36664394
-0.45652252
-0.44799765
-0.4338564
-0.4159146
-0.39635651
-0.37738821
-0.36096688
-0.34863405
-0.34144307
-0.43648782
-0.42831565
-0.41476052
-0.39756641
-0.37882421
-0.3606474
-0.34491435
-0.33309846
-0.32620915
-0.42674351
-0.41874348
-0.40547572
-0.38864643
-0.37030124
-0.35251134
-0.33711366
-0.32554959
-0.31880768
-0.40629802
-0.3986622
-0.3859991
-0.36993605
-0.35242786
-0.33545224
-0.32075966
-0.30972643
-0.30329435
-0.3712855
-0.36427622
-0.35265201
-0.33790888
-0.32184291
-0.30626756
-0.2927892
-0.28266941
-0.27677019
-0.32490474
-0.31873069
-0.30849351
-0.29551237
-0.28136915
-0.26766126
-0.25580192
-0.24689929
-0.2417104
-0.27189085
-0.26667963
-0.2580402
-0.2470875
-0.23515821
-0.2236
-0.21360347
-0.20610132
-0.20172948
-0.21811209
-0.21388428
-0.20687683
-0.19799629
-0.18832783
-0.17896412
-0.17086909
-0.16479603
-0.16125786
-0.16976227
-0.16642397
-0.16089253
-0.15388532
-0.14626028
-0.13887989
-0.13250281
-0.12772081
-0.1249357
-0.13241402
-0.12976577
-0.12537897
-0.11982467
-0.11378449
-0.10794176
-0.10289655
-0.099115333
-0.09691389
-0.11025022
-0.10801244
-0.10430676
-0.099616957
-0.094519464
-0.089591382
-0.085338354
-0.082152254
-0.08029791
-0.55935287
-0.54992874
-0.53425526
-0.51430306
-0.49246431
-0.47118899
-0.45270039
-0.43877293
-0.43063393
-0.53291534
-0.52391396
-0.50894857
-0.48989822
-0.46904191
-0.44872879
-0.4310799
-0.41778203
-0.41001189
-0.48757605
-0.4793079
-0.46556027
-0.44805673
-0.4288991
-0.41024597
-0.39403752
-0.38182758
-0.37469469
-0.42740793
-0.42011534
-0.40799043
-0.39255821
-0.37567159
-0.35923026
-0.34494803
-0.33419161
-0.32790793
-0.35849555
-0.35232951
-0.34208002
-0.32903633
-0.31476555
-0.30087631
-0.28881409
-0.27973101
-0.2744261
-0.2884614
-0.28344825
-0.2751156
-0.26451399
-0.25291996
-0.24163937
-0.23184578
-0.22447393
-0.22016922
-0.22540239
-0.22143198
-0.21483487
-0.20644515
-0.19727275
-0.18835223
-0.18061196
-0.17478734
-0.17138706
-0.17663634
-0.17347707
-0.16822836
-0.16155396
-0.15426121
-0.14717349
-0.14102537
-0.1364015
-0.13370327
-0.14767787
-0.14500075
-0.14055371
-0.13490105
-0.12872761
-0.12272985
-0.11752972
-0.11362059
-0.11133991
1.4453696
1.4437848
1.441356
1.4376456
1.4330668
1.4278083
1.4226803
1.4184498
1.4157363
1.4984055
1.4963644
1.4931834
1.4885017
1.4828426
1.4765261
1.4704648
1.4655319
1.46241
1.5827851
1.5800148
1.5756059
1.569346
1.5619235
1.5538865
1.546317
1.5402422
1.5364503
1.6827458
1.6790959
1.6731515
1.6649565
1.6554004
1.6452684
1.6358538
1.628377
1.6237711
1.7815015
1.7769358
1.7694181
1.759231
1.7474578
1.7351653
1.7238615
1.7149475
1.7095085
1.8657635
1.8603754
1.8514241
1.8394237
1.8256526
1.8114246
1.7984276
1.7882304
1.7820538
1.9284607
1.9224126
1.9123124
1.8988727
1.8835175
1.8677567
1.8534235
1.8422139
1.8354539
1.968665
1.9621669
1.9512829
1.9368558
1.9204059
1.9035897
1.8883397
1.8764336
1.8692744
1.9891892
1.9824512
1.9711396
1.9561735
1.9391341
1.9217515
1.9060054
1.8937243
1.8863529
1.9981509
1.9913014
1.9797955
1.9645888
1.9472837
1.9296439
1.913673
1.9012218
1.8937521
2.0149765
2.0079105
1.9960238
1.9803442
1.9625186
1.9443754
1.9279674
1.9151854
1.907525
2.0376946
2.030313
2.0178669
2.0014866
1.9828847
1.9639942
1.9469354
1.9336609
1.9257205
2.0567735
2.0490412
2.0359756
2.0188419
1.9994268
1.9797653
1.9620413
1.9482653
1.9400395
2.0645672
2.0565428
2.042943
2.0251518
2.0050206
1.984693
1.966413
1.9522293
1.9437779
2.0582318
2.0500438
2.0361294
2.017956
1.9973988
1.9766667
1.9580412
1.9436001
1.9350079
2.0412035
2.0329294
2.018852
2.0005129
1.9797992
1.9589465
1.9402304
1.925722
1.9170955
2.0212757
2.0129724
1.9988258
1.9804226
1.959662
1.9388059
1.9201201
1.9056484
1.8970512
2.0067559
1.9984683
1.9843286
1.9659347
1.9451825
1.9243488
1.9057
1.891267
1.8826987
2.0961513
2.0899958
2.0796746
2.0659793
2.0503351
2.0343045
2.0197379
2.0083537
2.0015064
2.1163852
2.1099936
2.0992592
2.0850515
2.068844
2.0522705
2.0372306
2.0254848
2.0184278
2.1443527
2.1375919
2.1262045
2.1111809
2.0940879
2.0766832
2.060931
2.0486478
2.0412844
2.1691226
2.161994
2.1499359
2.1340616
2.1160132
2.09768
2.0811194
2.0682268
2.0605179
2.1814953
2.174044
2.1614125
2.1448471
2.1260483
2.1069982
2.0898055
2.0764248
2.0684355
2.1784717
2.1707657
2.1576683
2.1405426
2.1211584
2.1015925
2.0839882
2.0703135
2.0621643
2.1631899
2.1553954
2.1420972
2.1247031
2.104997
2.0851206
2.0672614
2.0534093
2.0451693
2.1433941
2.135619
2.1223245
2.1049374
2.085219
2.0653119
2.0474082
2.0335125
2.0252481
2.1284782
2.1207252
2.1074597
2.0901271
2.0704804
2.050651
2.0328116
2.0189573
2.0107149
1.1470013
1.1337147
1.1113033
1.082354
1.0502331
1.0185517
0.99065865
0.96938937
0.95685009
1.1777953
1.164174
1.1412189
1.111511
1.0784373
1.045799
1.0171028
0.99524337
0.98236712
1.2265148
1.2123512
1.1884831
1.1576346
1.1232193
1.0890903
1.0590425
1.0361918
1.0227519
1.2836348
1.2688578
1.2439367
1.2117077
1.1758108
1.1401596
1.1086209
1.0845559
1.0703934
1.3392588
1.3238881
1.2979756
1.2644361
1.2270725
1.1900064
1.157227
1.1321481
1.1173409
1.3857993
1.369945
1.3432308
1.3086332
1.2700974
1.2318407
1.1980258
1.1721888
1.156936
1.4195511
1.4033552
1.3760998
1.3407682
1.3014211
1.2623685
1.2278286
1.2014236
1.1858397
1.440555
1.4241551
1.3965853
1.3608389
1.3210152
1.2814847
1.2465412
1.2198252
1.2040463
1.4509722
1.4344768
1.4067614
1.3708191
1.33079
1.2910388
1.2558941
1.2290367
1.2131752
1.4554263
1.4388884
1.4111197
1.3750984
1.3349821
1.295148
1.2599226
1.233005
1.217111
1.4636047
1.4469949
1.4191243
1.3829725
1.3427073
1.302732
1.2673752
1.2403488
1.2243927
1.4739766
1.4572972
1.4293347
1.3930534
1.3526401
1.3125214
1.2770417
1.2499177
1.2338971
1.4811676
1.4644701
1.4365197
1.4002542
1.3598449
1.3197273
1.2842462
1.257127
1.2411095
1.4810001
1.464392
1.4366216
1.4006004
1.3604524
1.3205949
1.2853342
1.2583825
1.2424638
1.4724377
1.4560283
1.4286165
1.3930751
1.3534438
1.3141035
1.2792942
1.2526869
1.2369708
1.4580593
1.4419134
1.414957
1.3800317
1.3410715
1.3023979
1.2681723
1.2420115
1.22656
1.4428784
1.4269893
1.4004673
1.3661244
1.327807
1.2897747
1.2561098
1.2303766
1.2151783
1.4322607
1.4165435
1.3903134
1.3563597
1.3184699
1.2808673
1.2475797
1.2221336
1.2071058
1.6490166
1.640697
1.6263666
1.6074485
1.5811877
1.5445889
1.508156
1.4803651
1.4635321
1.6576586
1.6492028
1.6346351
1.6155179
1.5894068
1.5530448
1.5165046
1.4886146
1.4717566
1.6683135
1.6596631
1.6447631
1.6253535
1.599499
1.5636437
1.5270429
1.4990429
1.4821837
1.6749369
1.6660891
1.6508732
1.6311859
1.6056972
1.5706586
1.5341952
1.5061818
1.4894014
1.6729326
1.6639404
1.6485194
1.6286553
1.6036263
1.5696872
1.5336487
1.5057865
1.4891986
1.6613264
1.6522747
1.6368052
1.6169221
1.5924168
1.559723
1.5243776
1.4968381
1.4805374
1.6432537
1.6342229
1.6188381
1.599076
1.5751111
1.5436282
1.5091034
1.4819918
1.4660201
1.6246083
1.6156432
1.6004061
1.5808306
1.5573361
1.5268433
1.493074
1.4663787
1.4507018
1.611684
1.6027767
1.5876591
1.5682344
1.5450452
1.5151601
1.481888
1.4554776
1.4399918
0.4663688
0.45785707
0.44372994
0.42580458
0.40625666
0.38727833
0.37084124
0.35849274
0.35128801
0.47887656
0.47014313
0.4556478
0.4372434
0.41717371
0.39769905
0.38082448
0.36814692
0.36075329
0.49877518
0.48968201
0.47459867
0.45545239
0.43456216
0.41429279
0.39673716
0.38354211
0.3758466
0.52235499
0.51284685
0.4970688
0.47704658
0.45520959
0.43401295
0.4156536
0.40185986
0.39381343
0.54568617
0.53578124
0.51934616
0.49847786
0.4757139
0.45362822
0.4344936
0.42011347
0.41172749
0.56570703
0.55546497
0.53847421
0.51691624
0.49339486
0.47055984
0.4507859
0.43592588
0.42725613
0.58073244
0.57026572
0.55288642
0.53081516
0.50675155
0.48339881
0.46315473
0.44794605
0.43907741
0.59048188
0.57986735
0.56226754
0.53991243
0.51549762
0.49181781
0.47131058
0.45588166
0.44688215
0.59555306
0.58485625
0.56712087
0.54463212
0.52007538
0.49621591
0.47557135
0.46005582
0.45099539
0.59779292
0.58706697
0.56927349
0.54671685
0.52210511
0.49817883
0.47746419
0.46191071
0.45283091
0.60204172
0.59127861
0.57339746
0.55069985
0.52596865
0.50194962
0.48111383
0.46546714
0.45634496
0.60793653
0.59712278
0.57917363
0.5563543
0.53144268
0.50728443
0.48634667
0.47059244
0.46140267
0.61338962
0.60252261
0.58450142
0.56163975
0.53667193
0.51240368
0.49138766
0.47559499
0.46637604
0.61655161
0.60573221
0.5877494
0.56489872
0.53998802
0.51580282
0.49480836
0.4790222
0.46981721
0.61663928
0.60591422
0.58812885
0.56551416
0.54076701
0.51674009
0.49594131
0.48028358
0.47113595
0.6144079
0.60378375
0.58614727
0.56380555
0.53943864
0.5156864
0.49506521
0.47959241
0.47056892
0.61114882
0.60072218
0.58334234
0.56118934
0.53706354
0.51368988
0.49334017
0.47798748
0.46903717
0.60855093
0.59823518
0.58108735
0.55918457
0.53519203
0.51196671
0.49185659
0.47666376
0.46777137
0.77475261
0.76221539
0.74137479
0.7148021
0.68563227
0.6572039
0.63252029
0.61390299
0.6030066
0.77982649
0.7672108
0.74625102
0.71957882
0.69031872
0.66173929
0.63690298
0.61820404
0.60727174
0.78674531
0.77406777
0.75295992
0.72609107
0.69670305
0.668032
0.64304267
0.62420124
0.61319596
0.79251924
0.77986471
0.75878626
0.73186036
0.70233108
0.67358944
0.64859715
0.62972118
0.61867383
0.79510014
0.78239434
0.76134979
0.73461137
0.70525837
0.67655327
0.65159202
0.63279658
0.62180855
0.79438072
0.78158592
0.7603851
0.73359844
0.70450472
0.67619156
0.65146549
0.63277907
0.62185782
0.79094431
0.77828083
0.75718105
0.73032321
0.70112544
0.67300502
0.6487009
0.63033976
0.61956832
0.78628818
0.77382175
0.75303482
0.72646655
0.69733774
0.66913405
0.64490192
0.62678402
0.61620982
0.7827446
0.77040578
0.74983215
0.72352107
0.69459644
0.66644905
0.64218729
0.62408779
0.61357027
0.21529516
0.22285628
0.23584407
0.25228559
0.2702264
0.28746492
0.3023972
0.31338013
0.31957652
0.3080789
0.31509711
0.32731122
0.34268819
0.35948941
0.3755488
0.38942897
0.39976184
0.40561937
0.46204665
0.46822646
0.4792057
0.49281008
0.5076656
0.52180232
0.53391093
0.54294329
0.54799574
0.65699783
0.66216759
0.67141106
0.68278619
0.69515916
0.70673381
0.71645162
0.72358077
0.7275314
0.8678691
0.87181062
0.8790651
0.88785832
0.89724341
0.90576005
0.91280994
0.91795424
0.9207408
1.0686661
1.0714442
1.0766498
1.0827366
1.0891169
1.094691
1.0991266
1.1022488
1.10386
1.2379755
1.2396705
1.2430127
1.2467593
1.2505569
1.2535382
1.2556691
1.2570428
1.2576282
1.361458
1.362348
1.3643168
1.3662982
1.3680695
1.3690498
1.3694619
1.3695199
1.3693215
1.4316921
1.4321512
1.4333082
1.4342224
1.4348125
1.4346611
1.4340617
1.4333115
1.4326582
-0.49980265
-0.48536064
-0.46137196
-0.43138001
-0.39849604
-0.36700509
-0.34245668
-0.32794904
-0.32209957
-0.42058303
-0.40794514
-0.38729301
-0.3615081
-0.33338174
-0.3051158
-0.28036248
-0.2646395
-0.25831206
-0.29557232
-0.28531778
-0.26810662
-0.24562659
-0.21963371
-0.19282539
-0.16995626
-0.15579685
-0.14995624
-0.13713555
-0.12807009
-0.11254086
-0.092088814
-0.068972404
-0.046950966
-0.028628821
-0.016268353
-0.01085746
0.037730156
0.04583951
0.05951075
0.076575947
0.094913562
0.11266885
0.1278112
0.13797117
0.14255013
0.20770569
0.21433144
0.22557609
0.23960808
0.25501036
0.26922462
0.28067705
0.28870245
0.292506
0.35686623
0.36230719
0.3713807
0.38244176
0.39384507
0.40431861
0.41336473
0.41969352
0.42261401
0.46742417
0.47183894
0.47923633
0.48805901
0.49749869
0.50647197
0.51353692
0.51811153
0.52023566
0.53168243
0.53564099
0.54227811
0.55029497
0.55871909
0.56585673
0.57122194
0.5750831
0.57688796
0.56297003
0.56670663
0.57283017
0.58003126
0.58717588
0.59346198
0.59869863
0.60223779
0.60379257
0.62601771
0.62906495
0.63417978
0.64003704
0.64594131
0.65117745
0.65529256
0.65787986
0.65895447
0.72926671
0.73138675
0.73507044
0.73906113
0.74293798
0.74597004
0.74813079
0.74938119
0.74969357
0.85812634
0.85917426
0.86100086
0.86252487
0.86371826
0.86417316
0.864063
0.86352022
0.86284289
0.99489718
0.99467881
0.99445662
0.9934688
0.99184052
0.98944625
0.98686669
0.98451974
0.98281369
1.1227872
1.1214499
1.1193192
1.1158061
1.111393
1.1063742
1.1015076
1.0973868
1.0946691
1.2287764
1.2264474
1.2226294
1.2170548
1.2104188
1.2031555
1.1962847
1.1906896
1.1871341
1.3049626
1.3019167
1.2969157
1.2898445
1.281473
1.2725349
1.264272
1.2576058
1.2534241
1.3478808
1.3444605
1.3387776
1.3307626
1.3213937
1.3115818
1.3025094
1.2951951
1.2906565
0.49796579
0.50284973
0.51106591
0.52122629
0.53219158
0.54257909
0.55142201
0.5577883
0.56128183
0.56889486
0.57319955
0.5806009
0.58972868
0.59951993
0.60862248
0.61627021
0.62172503
0.62467153
0.68567418
0.68907435
0.69515225
0.70235894
0.70995363
0.71685738
0.72247737
0.72641857
0.72843952
0.83161767
0.83395648
0.83814535
0.84287675
0.84772111
0.85182676
0.85493015
0.8569315
0.85782485
0.98713464
0.98817556
0.99026021
0.99231455
0.99411381
0.99513296
0.99553103
0.99549144
0.9951843
1.1330286
1.1328998
1.1329445
1.1323141
1.1311283
1.1292306
1.1270625
1.1250586
1.1236119
1.2544094
1.2532309
1.2514806
1.2485912
1.2449119
1.2405308
1.2361568
1.2324829
1.2300623
1.3418994
1.3399419
1.3368772
1.3323225
1.3267614
1.3205337
1.3145818
1.3097093
1.3065814
1.3912377
1.3888779
1.3850683
1.3795394
1.3728983
1.3656438
1.3587916
1.3532117
1.3496776
0.41738499
0.42328411
0.43327009
0.44574466
0.45927772
0.47214195
0.48319611
0.49127649
0.49578276
0.4957903
0.50107699
0.51023904
0.5216571
0.53400828
0.54564685
0.55560193
0.56291804
0.56699395
0.62521057
0.6296348
0.63751556
0.64709392
0.65740281
0.66703359
0.67513709
0.68105681
0.6842761
0.78789684
0.79126638
0.79731212
0.80450055
0.81214557
0.81905599
0.82467266
0.82864821
0.83073153
0.96208924
0.96418458
0.96815368
0.97268483
0.97729576
0.98112343
0.98404034
0.98597806
0.98685896
1.1263305
1.1272515
1.1291709
1.1309978
1.1325953
1.133455
1.133728
1.1336213
1.1333076
1.2635822
1.2634371
1.2635188
1.2630229
1.2620493
1.2603398
1.258332
1.2564951
1.2551715
1.3629018
1.3619614
1.3606936
1.3584825
1.3555575
1.351917
1.3482382
1.3451178
1.3430269
1.4190729
1.4177094
1.4156629
1.4124325
1.40837
1.4036285
1.3989697
1.3950771
1.3925473
0.32258966
0.32935246
0.3409142
0.35547949
0.37136795
0.38659277
0.39974052
0.40936247
0.41475374
0.40836179
0.41454149
0.4253046
0.43881229
0.45351322
0.46748831
0.47951894
0.48842601
0.49344386
0.55026716
0.55561687
0.56512041
0.57680092
0.58947927
0.60145246
0.61163891
0.61918075
0.6233562
0.72930132
0.73360357
0.74131003
0.75067339
0.76077506
0.7701111
0.7778642
0.78348606
0.78654751
0.92192031
0.92497709
0.93065635
0.9374117
0.94451859
0.95079229
0.95586042
0.959467
0.96134032
1.1044918
1.1063818
1.1100177
1.1140703
1.1181604
1.1214663
1.1238926
1.1254549
1.1261377
1.2577669
1.2585826
1.260363
1.2620713
1.2635692
1.264279
1.2644002
1.2642164
1.2638777
1.3690903
1.369104
1.3695197
1.3694883
1.3689985
1.3677432
1.3661707
1.364685
1.3635667
1.4322369
1.4318188
1.4314367
1.4303614
1.4287125
1.4263413
1.4237723
1.4214937
1.4199273
-1.1379759
-1.1213608
-1.0936516
-1.0581906
-1.0191076
-0.98080994
-0.94736381
-0.92204249
-0.90719193
-1.1154157
-1.0991037
-1.07188
-1.0370192
-0.99862575
-0.96103372
-0.92818085
-0.90329595
-0.88870637
-1.0754257
-1.0596274
-1.0332572
-0.99952359
-0.96240545
-0.92603304
-0.89423009
-0.87016228
-0.8560592
-1.0198806
-1.0048238
-0.97971133
-0.94759344
-0.91222472
-0.87756523
-0.84728861
-0.82437752
-0.81094758
-0.95306992
-0.93893578
-0.9153517
-0.88517391
-0.85195653
-0.8194268
-0.79100337
-0.7694915
-0.7568853
-0.88182311
-0.86867267
-0.84673418
-0.81868071
-0.78780962
-0.75756778
-0.73114882
-0.71116265
-0.69945075
-0.81485494
-0.80265098
-0.78229794
-0.75626657
-0.72761177
-0.69955178
-0.67504616
-0.6565029
-0.64563616
-0.76129144
-0.74985408
-0.73077116
-0.70635991
-0.6795029
-0.65320878
-0.63023646
-0.61285677
-0.60267551
-0.72875244
-0.71777643
-0.69946532
-0.67605372
-0.65029913
-0.62507368
-0.6030396
-0.5863769
-0.57661518
-0.71289995
-0.70215025
-0.68421933
-0.66129675
-0.63607661
-0.6113734
-0.58980103
-0.57348765
-0.56392916
-0.6795848
-0.66931525
-0.65219007
-0.63029452
-0.60619681
-0.58260069
-0.5620012
-0.54641843
-0.53728702
-0.62238758
-0.61294933
-0.59720652
-0.57707215
-0.5549211
-0.53323981
-0.51430529
-0.49998229
-0.49159222
-0.54636295
-0.53802942
-0.52413057
-0.50636303
-0.48681923
-0.46768547
-0.45098064
-0.43834937
-0.43095007
-0.4591437
-0.45208998
-0.44032768
-0.42529002
-0.40874895
-0.39256196
-0.37843318
-0.36774908
-0.36149116
-0.37037128
-0.36462714
-0.35504831
-0.34280492
-0.32934311
-0.31617144
-0.30467563
-0.29598581
-0.29089722
-0.29033825
-0.28577994
-0.27818074
-0.26847171
-0.25779745
-0.24735474
-0.2382461
-0.23136271
-0.22733196
-0.22838761
-0.22475319
-0.21869468
-0.21095078
-0.20243963
-0.19412099
-0.18686486
-0.18138148
-0.17817239
-0.19157967
-0.18849377
-0.1833498
-0.17677767
-0.16955731
-0.16250069
-0.15634724
-0.15169936
-0.1489797
-0.88463049
-0.87280891
-0.85303487
-0.82763173
-0.79950221
-0.7717856
-0.74745888
-0.72897663
-0.71811167
-0.84367422
-0.83238569
-0.81349477
-0.78920924
-0.76232288
-0.73585065
-0.7126117
-0.69494801
-0.68456477
-0.77329639
-0.7629118
-0.74552531
-0.72318064
-0.69846522
-0.67412887
-0.65275267
-0.63650929
-0.62696471
-0.67960602
-0.67042839
-0.65507307
-0.63535185
-0.61353089
-0.59203609
-0.57316559
-0.5588296
-0.55040416
-0.57197805
-0.56420889
-0.55120805
-0.53450227
-0.51601807
-0.49781859
-0.48183975
-0.46969903
-0.46256514
-0.46230517
-0.4559725
-0.44537448
-0.43176009
-0.41670036
-0.40187162
-0.38885433
-0.37896702
-0.37315774
-0.36332508
-0.35829388
-0.34987728
-0.33906874
-0.32711125
-0.3153375
-0.30500641
-0.29716023
-0.29254996
-0.28665125
-0.28263748
-0.27591853
-0.26728269
-0.25773416
-0.24834109
-0.24009442
-0.23383038
-0.23015197
-0.24107331
-0.23766126
-0.23195059
-0.22461466
-0.21650373
-0.2085227
-0.20151876
-0.19620081
-0.19307789
-0.17386236
-0.17104004
-0.16633593
-0.16032938
-0.15373145
-0.14728152
-0.14165995
-0.13741551
-0.13493145
-0.13708113
-0.13480803
-0.13102031
-0.12618786
-0.12088194
-0.11569561
-0.11117891
-0.10777078
-0.10577642
-0.075258635
-0.073913484
-0.07167336
-0.068814659
-0.065680548
-0.06262625
-0.059968999
-0.057965976
-0.056796123
0.0044534447
0.0046026383
0.0048470299
0.0051511944
0.0054751571
0.005779588
0.0060331315
0.0062173402
0.006322177
0.092666035
0.091487553
0.089518456
0.086991504
0.084198238
0.081451118
0.079040816
0.077209007
0.07613233
0.17912183
0.17663885
0.17249291
0.16718531
0.16133503
0.15559144
0.15056393
0.1467543
0.1445188
0.25430522
0.25068944
0.24465376
0.23692326
0.22840607
0.22005773
0.21275354
0.20721905
0.20397378
0.31075935
0.30628741
0.29882811
0.28928445
0.27876703
0.26845432
0.25944195
0.2526164
0.24861265
0.34359666
0.33862796
0.33033675
0.31973318
0.30805697
0.29660448
0.28659293
0.27901615
0.27457332
0.35921315
0.35400968
0.34532474
0.33421552
0.32198655
0.3099946
0.29950793
0.29157195
0.28691995
0.39123873
0.38555538
0.37606798
0.36392286
0.35055393
0.33745601
0.32600038
0.31732656
0.31224301
0.44388168
0.43740122
0.42659136
0.41275813
0.39752055
0.38259158
0.36954679
0.35966926
0.35387795
0.50956468
0.50209117
0.48962228
0.47367552
0.4561208
0.43891481
0.42387797
0.41249951
0.40583004
0.57928442
0.57076711
0.5565539
0.53836432
0.51834141
0.49873093
0.48159115
0.46861613
0.46101184
0.64449381
0.63499246
0.61914749
0.59888378
0.57656824
0.55470092
0.53560106
0.52114771
0.51267495
0.69857315
0.68826743
0.67106622
0.64906643
0.624866
0.60115524
0.58042562
0.56474139
0.55555233
0.7374343
0.72656228
0.70841902
0.68518827
0.65961052
0.63457708
0.61270547
0.59614124
0.58643171
0.75932345
0.74812082
0.7294415
0.70554111
0.67920528
0.65340896
0.63089066
0.61384709
0.60385296
0.44216894
0.436461
0.42691681
0.41465859
0.40107781
0.38768466
0.37592552
0.36698959
0.36173415
0.48194117
0.47570033
0.46525591
0.45184426
0.43700556
0.42237224
0.40950945
0.39973638
0.39399277
0.54728996
0.54018417
0.52828281
0.51297885
0.49604785
0.4793753
0.46472049
0.45357489
0.4470229
0.62878141
0.62058465
0.60687059
0.58924115
0.56971204
0.55047048
0.53357822
0.52073742
0.51318619
0.71528778
0.70592917
0.69026701
0.67015096
0.64789568
0.62595567
0.60667386
0.59202242
0.5834122
0.79611472
0.78569385
0.76824552
0.74580255
0.72096664
0.69651778
0.67504077
0.65870492
0.64909918
0.86303899
0.85172526
0.83280648
0.80849105
0.7815503
0.75499173
0.73168334
0.7139771
0.70356611
0.91114747
0.89918993
0.87918418
0.85349413
0.82508006
0.79705658
0.772417
0.75369937
0.74270401
0.93820713
0.92590417
0.90530674
0.87883207
0.84956017
0.82072792
0.79537259
0.77608848
0.76475504
-0.26804719
-0.26474551
-0.25918892
-0.25201678
-0.24403124
-0.23611532
-0.22912537
-0.22378753
-0.22064072
-0.2130024
-0.21035279
-0.20587965
-0.20009735
-0.19364736
-0.18725797
-0.18162633
-0.17732152
-0.17478239
-0.12046638
-0.11889326
-0.11621556
-0.11276351
-0.10892431
-0.10511443
-0.10175071
-0.099183624
-0.097672828
-0.0010446737
-0.0008598358
-0.0005144156
-7.3766429e-05
0.00040524851
0.00087674941
0.0012953548
0.0016162285
0.0018024267
0.1312521
0.12989588
0.12763605
0.12471463
0.12147065
0.11825208
0.11539964
0.11322184
0.11193716
0.26096509
0.25810532
0.25331361
0.24710625
0.2401843
0.23333061
0.227281
0.22265545
0.21992365
0.37383862
0.36965092
0.36263514
0.35357443
0.34347845
0.3334516
0.32459693
0.31784196
0.31385705
0.45862488
0.45344534
0.44475024
0.4335153
0.42103094
0.40864788
0.39769006
0.3893208
0.38438574
0.50791778
0.50216977
0.49252007
0.48002633
0.46612958
0.45236983
0.44020676
0.43090536
0.42541506
0.53136079
0.52533973
0.51523711
0.50214835
0.48758137
0.4731636
0.4604257
0.45068332
0.44493092
0.57944434
0.57285125
0.56181235
0.54752327
0.53159263
0.51580748
0.50188199
0.4912433
0.4849596
0.65848659
0.65096153
0.63835875
0.62206668
0.60392662
0.5859209
0.57001718
0.55788473
0.55072708
0.75702761
0.74834702
0.73381454
0.71502293
0.69410411
0.67336277
0.65502292
0.64101432
0.63274967
0.86157058
0.85166904
0.83507947
0.81364339
0.78976772
0.76610727
0.74520738
0.72924281
0.71981781
0.95924043
0.94818191
0.92965876
0.90576928
0.87916254
0.85277088
0.82944989
0.81165359
0.80115922
1.0403601
1.0282822
1.0080476
0.98203044
0.95314336
0.92454017
0.89924632
0.87991705
0.86851774
1.0988036
1.0860258
1.0645472
1.0369144
1.0062847
0.97603678
0.94935139
0.92896511
0.9169339
1.1316869
1.1185552
1.0964243
1.0678841
1.0362412
1.0050233
0.97752058
0.9565359
0.94415928
0.60436519
0.6052034
0.60316655
0.59347411
0.5787039
0.56389757
0.5505489
0.54035047
0.53433615
0.65934425
0.65984437
0.65751696
0.64734474
0.63122362
0.61498226
0.60044726
0.58927835
0.58270002
0.7497537
0.74968579
0.74673577
0.73565072
0.71758201
0.69899842
0.68239515
0.66966345
0.66218617
0.86250168
0.86161733
0.85792652
0.84578498
0.82518969
0.80374875
0.78465114
0.7698992
0.76127565
0.98200921
0.98017614
0.97555257
0.96263054
0.93966134
0.91491662
0.89309494
0.8762418
0.86638108
1.0934121
1.0906174
1.0849793
1.071447
1.0468014
1.0191434
0.99464433
0.97568764
0.96458492
1.1854792
1.1818481
1.1751969
1.1611581
1.1354052
1.1055251
1.0790045
1.0583681
1.0461711
1.2514731
1.247232
1.2397685
1.225322
1.1989627
1.1675019
1.1395507
1.1178474
1.1049263
1.288534
1.2839418
1.276003
1.2613062
1.2346692
1.2023771
1.173586
1.1512718
1.1379694
-0.37495225
-0.36647268
-0.35246211
-0.33478907
-0.31566203
-0.29726517
-0.28147677
-0.26971356
-0.26289665
-0.36637853
-0.35806388
-0.34432638
-0.32699875
-0.30824673
-0.29021174
-0.27473479
-0.26320418
-0.25652227
-0.35143329
-0.34341192
-0.33015985
-0.31344607
-0.29536027
-0.27796788
-0.26304385
-0.25192603
-0.24548365
-0.33113843
-0.32352554
-0.31094937
-0.29508995
-0.27793101
-0.26143222
-0.24727668
-0.23673239
-0.23062275
-0.30726213
-0.30014253
-0.28838238
-0.27355396
-0.25751293
-0.2420914
-0.22886195
-0.21900857
-0.2132997
-0.28230963
-0.27571782
-0.2648305
-0.25110447
-0.23625824
-0.22198755
-0.20974709
-0.20063135
-0.19535027
-0.25924667
-0.25315205
-0.24308679
-0.2303987
-0.21667706
-0.20348927
-0.19217909
-0.18375704
-0.17887819
-0.2410186
-0.23532244
-0.2259159
-0.21405935
-0.20123843
-0.18891773
-0.17835234
-0.17048555
-0.16592861
-0.23002866
-0.22457485
-0.2155689
-0.20421797
-0.19194465
-0.18015104
-0.17003829
-0.16250894
-0.15814764
-0.22469693
-0.21936119
-0.2105504
-0.19944577
-0.1874392
-0.17590231
-0.16601
-0.15864499
-0.15437895
-0.21353515
-0.20844773
-0.20004737
-0.18946069
-0.17801499
-0.16701787
-0.15758904
-0.15056951
-0.14650376
-0.19449371
-0.18983302
-0.18213791
-0.17244117
-0.16195901
-0.15188905
-0.14325627
-0.13683004
-0.13310818
-0.16939852
-0.16530567
-0.1585489
-0.15003599
-0.14083538
-0.13199838
-0.12442398
-0.11878645
-0.11552174
-0.14087017
-0.13742941
-0.13175008
-0.1245963
-0.11686666
-0.10944451
-0.10308443
-0.098351709
-0.095611368
-0.11207474
-0.10929826
-0.10471639
-0.098946764
-0.092714911
-0.086733143
-0.081609082
-0.07779719
-0.075590461
-0.086292441
-0.084115166
-0.080523142
-0.076001749
-0.071120429
-0.066437262
-0.062427364
-0.059445415
-0.057719592
-0.066435808
-0.064722485
-0.061896822
-0.05834176
-0.054505798
-0.050827646
-0.047679974
-0.045340238
-0.043986503
-0.054673831
-0.05323623
-0.050865984
-0.047885114
-0.044670257
-0.041589189
-0.038953708
-0.036995461
-0.035862756
-0.31558925
-0.30897897
-0.29803863
-0.28420186
-0.26917292
-0.25465331
-0.2421298
-0.23275303
-0.22729785
-0.30022388
-0.29391768
-0.28348109
-0.27028251
-0.25594806
-0.24210065
-0.23015797
-0.22121668
-0.2160151
-0.27395427
-0.26817115
-0.25860122
-0.24650033
-0.23336009
-0.22066842
-0.2097242
-0.20153146
-0.19676576
-0.23923367
-0.23414767
-0.22573245
-0.2150937
-0.20354388
-0.19239105
-0.18277597
-0.17557954
-0.17139391
-0.19964289
-0.19535861
-0.18827123
-0.17931356
-0.16959183
-0.16020736
-0.15211928
-0.14606726
-0.14254785
-0.1595693
-0.15610293
-0.15037001
-0.14312677
-0.13526902
-0.12768716
-0.12115531
-0.11626939
-0.11342874
-0.12360667
-0.12087903
-0.11636928
-0.11067403
-0.10449894
-0.098544039
-0.093416544
-0.089582746
-0.087354451
-0.095863515
-0.093708399
-0.090146559
-0.085650798
-0.08077933
-0.076084698
-0.072044876
-0.069025855
-0.067271731
-0.079413235
-0.077598564
-0.07460035
-0.070817746
-0.066721302
-0.062775834
-0.059382494
-0.056847714
-0.055375389
-0.049021618
-0.047716713
-0.045565637
-0.042861082
-0.039945105
-0.037151353
-0.034762317
-0.032987611
-0.031961253
-0.037304438
-0.036275075
-0.03457909
-0.03244828
-0.030152876
-0.027955637
-0.026078253
-0.024684607
-0.023879022
-0.017659946
-0.017093677
-0.016162529
-0.014995932
-0.013743342
-0.012548407
-0.011530705
-0.01077725
-0.010342532
0.0075925261
0.0075617193
0.007506824
0.0074304771
0.0073389034
0.0072420037
0.0071518528
0.0070803787
0.0070372215
0.035456739
0.034765373
0.033619663
0.032168439
0.030590232
0.029064768
0.027749618
0.026766063
0.026194585
0.062706439
0.06136805
0.059153936
0.056356187
0.05332216
0.050397921
0.047883456
0.046007021
0.044918374
0.086378573
0.084477899
0.081335364
0.077367605
0.073068681
0.068929186
0.065372869
0.062720859
0.061183015
0.10414933
0.10182679
0.097987729
0.093142233
0.087894465
0.082843424
0.07850564
0.075271939
0.073397224
0.11448777
0.11192003
0.10767613
0.10232049
0.096521273
0.090940489
0.086148601
0.082576875
0.080506395
0.11940587
0.1167216
0.11228527
0.10668718
0.10062587
0.094793314
0.089785616
0.086053259
0.083889744
0.12949895
0.12657567
0.12174473
0.1156494
0.10905062
0.10270178
0.097251531
0.093189766
0.090835486
0.14610809
0.14279226
0.13731323
0.13040126
0.1229198
0.11572312
0.10954612
0.10494345
0.10227595
0.16687811
0.16307323
0.15678679
0.1488575
0.14027645
0.1320236
0.12494138
0.11966503
0.11660741
0.18902281
0.18469971
0.17755772
0.16855044
0.15880429
0.14943241
0.14139112
0.13540102
0.13193012
0.20986751
0.20506092
0.19712068
0.18710762
0.1762744
0.16585846
0.15692239
0.15026641
0.14640996
0.22729397
0.22208761
0.21348735
0.20264265
0.19091053
0.17963121
0.16995522
0.16274863
0.15857336
0.23993806
0.23444501
0.22537138
0.21393018
0.20155333
0.18965474
0.17944796
0.17184638
0.1674424
0.24711301
0.24145884
0.23211917
0.22034271
0.20760346
0.19535676
0.18485162
0.17702797
0.17249541
0.16486368
0.16157445
0.15612508
0.14922282
0.1417127
0.134444
0.12816414
0.12345584
0.12071418
0.17903182
0.17544602
0.16950579
0.16198295
0.15379898
0.14587936
0.13903826
0.13390981
0.13092375
0.20233413
0.19826125
0.19151494
0.1829727
0.17368184
0.16469317
0.15693019
0.15111169
0.14772422
0.23144349
0.22676355
0.2190128
0.20920056
0.19853058
0.18820994
0.17929844
0.17262018
0.16873263
0.26242487
0.25710181
0.24828669
0.2371286
0.22499731
0.21326523
0.20313668
0.1955474
0.19112992
0.29151334
0.28559028
0.27578244
0.26336897
0.24987429
0.23682546
0.22556144
0.21712219
0.21221031
0.31575483
0.30933588
0.29870717
0.28525596
0.27063447
0.25649701
0.2442943
0.23515231
0.22983164
0.33328397
0.32651004
0.31529361
0.30109828
0.2856688
0.27075107
0.25787513
0.24822929
0.24261546
0.34320382
0.33622966
0.32468316
0.31007053
0.29418679
0.27883064
0.26557657
0.25564745
0.24986896
-0.099588479
-0.097548466
-0.094171005
-0.089897478
-0.085253877
-0.080766346
-0.076894717
-0.073995206
-0.072308
-0.077469022
-0.075839805
-0.073143856
-0.069735177
-0.066034646
-0.062462043
-0.059382715
-0.057078399
-0.055738292
-0.040331025
-0.039393046
-0.037843562
-0.035889769
-0.033775793
-0.031742089
-0.029995311
-0.028692027
-0.027935638
0.0074938435
0.0075393647
0.00760835
0.007683857
0.0077500801
0.0077974667
0.0078245942
0.0078361504
0.0078393186
0.060351199
0.059407942
0.05783687
0.055831504
0.053629289
0.051476738
0.04959933
0.048180515
0.047349697
0.11210209
0.11018869
0.10700872
0.10296263
0.098535814
0.094225936
0.090481309
0.087660154
0.08601177
0.15708061
0.15432353
0.14974389
0.14392204
0.13756015
0.13137396
0.12600522
0.1219646
0.11960522
0.19084419
0.18745308
0.18182283
0.17466826
0.16685312
0.15925841
0.15267061
0.14771441
0.14482141
0.2104816
0.20672153
0.20047934
0.19254998
0.18389035
0.17547612
0.16817981
0.1626913
0.15948798
0.2198214
0.21588648
0.20935324
0.2010549
0.19199413
0.18319025
0.17555682
0.16981552
0.16646456
0.2389789
0.2346854
0.22755723
0.21850227
0.20861742
0.19901563
0.1906905
0.18443038
0.18077704
0.27047971
0.26559501
0.25748803
0.24719224
0.23595352
0.22503972
0.21557972
0.20846674
0.20431653
0.30980556
0.3041853
0.29485729
0.28301372
0.27008947
0.25754046
0.24666574
0.23849091
0.2337214
0.35161078
0.34521134
0.33459176
0.32110833
0.30639647
0.29211587
0.27974184
0.2704413
0.26501587
0.39079702
0.38366959
0.37184288
0.35683117
0.34045346
0.3245561
0.31078449
0.30043414
0.29439649
0.42337792
0.41565214
0.40283098
0.38655369
0.36879911
0.35156832
0.3366399
0.32542238
0.31887926
0.44688326
0.43872444
0.42519136
0.40801338
0.38926981
0.37108206
0.35532823
0.34348718
0.33658149
0.46016305
0.45176152
0.43782216
0.42013683
0.40084389
0.38211519
0.3658974
0.35370922
0.34659882
0.28469233
0.28010233
0.27246102
0.26272119
0.25204828
0.24163501
0.23256934
0.22573245
0.22173384
0.30980932
0.30479622
0.29645348
0.28581678
0.27415869
0.26279104
0.25289568
0.24543074
0.24106607
0.35110505
0.3453931
0.33589138
0.32378423
0.31051301
0.29757133
0.28631297
0.27782059
0.27285441
0.40263681
0.39605819
0.38511153
0.37116455
0.3558853
0.34098667
0.32802465
0.31825162
0.31253762
0.45737174
0.44987422
0.43740246
0.42151035
0.40409717
0.38712524
0.3723628
0.36123014
0.35472212
0.5086183
0.50026124
0.48635943
0.46865417
0.4492592
0.43034952
0.41390517
0.40150915
0.39426189
0.55115407
0.5420944
0.52702026
0.50781051
0.48677211
0.46627211
0.44843792
0.4349922
0.42713417
0.5817841
0.57221293
0.55629993
0.53602933
0.51381204
0.4921611
0.47334168
0.45914878
0.45085038
0.5990673
0.58920831
0.57281207
0.55194007
0.52907569
0.50677713
0.48739367
0.47278738
0.46424668
1.4646879
1.4649112
1.4656531
1.4660567
1.4661112
1.4654172
1.4643221
1.4632181
1.4623674
1.5314111
1.5311541
1.5311084
1.5304929
1.5294067
1.5275926
1.5255147
1.5236749
1.522396
1.6382323
1.6371994
1.6358515
1.6335545
1.6305782
1.6269269
1.6232462
1.6201885
1.6181924
1.7659776
1.7639984
1.7609806
1.7565817
1.7512929
1.745371
1.7396878
1.7351021
1.7322143
1.8937603
1.8907868
1.8860517
1.8794631
1.8717247
1.8634141
1.8556382
1.8494533
1.8456346
2.0043678
2.0005121
1.9942174
1.9856401
1.9756908
1.9652213
1.9555441
1.9479063
1.9432429
2.0879816
2.0834082
2.0758576
2.0657036
2.0540091
2.041841
2.0306691
2.0218836
2.0165516
2.1426598
2.1375753
2.1291324
2.1178547
2.1049209
2.0915657
2.0793623
2.069788
2.0639998
2.1711202
2.1657601
2.1568161
2.1449035
2.1312767
2.1172584
2.1044789
2.0944693
2.0884327
2.1837017
2.1782162
2.1690508
2.1568585
2.1429153
2.12859
2.1155445
2.1053332
2.0991799
2.2076519
2.2019298
2.1923385
2.1796
2.1650367
2.1501004
2.1365206
2.1259053
2.11952
2.2410434
2.2349705
2.2247567
2.2112344
2.1957909
2.1799848
2.1656215
2.1543939
2.1476517
2.2717959
2.265281
2.254292
2.2398314
2.2233921
2.2066613
2.1915051
2.179672
2.172579
2.2898384
2.2829579
2.2712882
2.2559532
2.2385329
2.2208675
2.2049218
2.1925092
2.1850931
2.2902131
2.2831591
2.2711417
2.2553557
2.2373914
2.2191568
2.2026791
2.1898426
2.1821792
2.2761148
2.2689609
2.2567581
2.2407797
2.2226287
2.2042347
2.1876166
2.1746606
2.1669239
2.2567732
2.2495509
2.2372173
2.2211032
2.202839
2.1843884
2.1677652
2.154826
2.1471078
2.2420229
2.2347816
2.2224007
2.2062312
2.1879138
2.1694324
2.1528061
2.1398801
2.1321771
2.2340173
2.2267751
2.2143855
2.1982042
2.1798734
2.1613846
2.1447599
2.1318414
2.1241464
2.215754
2.2085281
2.196147
2.1799724
2.1616441
2.1431652
2.1265623
2.113669
2.1059939
2.1797284
2.172598
2.1603467
2.1443204
2.1261288
2.1077706
2.0912726
2.078461
2.0708377
2.1236236
2.116667
2.1046973
2.0890496
2.0712864
2.0533524
2.0372201
2.0246757
2.0172051
2.0497509
2.0430223
2.0314227
2.0162677
1.9990872
1.9817782
1.9662393
1.9541656
1.9469766
1.9658104
1.959409
1.9483393
1.9338457
1.9173868
1.9007967
1.8859152
1.8743618
1.8674878
1.8836535
1.8776042
1.8671318
1.8534027
1.8377877
1.8220252
1.8078675
1.7968591
1.7903033
1.8166095
1.8108352
1.8008406
1.7877369
1.7728345
1.7577982
1.744296
1.7337871
1.7275219
1.7756094
1.7700028
1.7602976
1.7475687
1.7330892
1.718484
1.7053781
1.6951784
1.6890956
1.7555369
1.7500137
1.7404527
1.7279093
1.7136377
1.6992418
1.6863259
1.6762746
1.6702798
1.7134772
1.7081316
1.6988769
1.6867265
1.6728924
1.6589336
1.6464122
1.6366675
1.6308544
1.641411
1.6363791
1.6276683
1.6162188
1.6031595
1.5899594
1.5781088
1.5688791
1.5633694
1.5466453
1.5420123
1.5340049
1.5234796
1.5114681
1.4993057
1.4883664
1.4798335
1.4747335
1.4407512
1.436538
1.4292738
1.4197269
1.4088449
1.3978232
1.3879016
1.3801643
1.3755411
1.3375608
1.3337358
1.3271664
1.3185416
1.3087293
1.2987904
1.2898392
1.2828691
1.27871
1.2498242
1.2463021
1.2402912
1.2324251
1.2235097
1.2144953
1.2063821
1.2000737
1.1963125
1.1862082
1.1828901
1.1772618
1.1699194
1.1616313
1.1532778
1.1457756
1.1399539
1.1364856
1.1504648
1.1472601
1.1418439
1.1347901
1.1268452
1.1188528
1.1116854
1.1061315
1.1028252
1.3678728
1.3642504
1.3582171
1.3498264
1.3400741
1.3297915
1.3202796
1.312698
1.3080082
1.4081283
1.4040956
1.3974063
1.3882032
1.377532
1.3663496
1.3560776
1.3479054
1.3428697
1.4718416
1.4671774
1.4594394
1.4488772
1.4367136
1.4241206
1.4126088
1.4034902
1.3979168
1.5466693
1.5412535
1.5322208
1.5200449
1.5061118
1.4917773
1.4787439
1.4684935
1.4622751
1.6196975
1.6135118
1.6031705
1.5893525
1.5736149
1.5575429
1.5429834
1.5315781
1.5247034
1.6809521
1.6740938
1.6625957
1.6473358
1.6300152
1.6123993
1.5964922
1.5840855
1.5766403
1.7255279
1.7181436
1.7057402
1.6893605
1.6708144
1.6520183
1.6350776
1.6218923
1.614005
1.7533643
1.7456291
1.7326189
1.7154911
1.6961229
1.6765321
1.6589015
1.6452057
1.6370283
1.7672209
1.7593007
1.7459665
1.7284408
1.7086345
1.6886158
1.6706184
1.6566542
1.6483242
1.7731623
1.7651544
1.7516716
1.7339641
1.7139618
1.6937626
1.6756016
1.6615094
1.653109
1.7840892
1.7759156
1.7621442
1.7440902
1.7237114
1.7031481
1.6846722
1.6703488
1.6618159
1.7980835
1.7896688
1.775475
1.7569069
1.735966
1.7148692
1.6959386
1.6812824
1.6725613
1.8080674
1.7994043
1.7847719
1.7656826
1.7441788
1.7225501
1.7031646
1.6881775
1.6792708
1.8085051
1.7996568
1.7846898
1.7652113
1.743288
1.7212724
1.7015675
1.6863536
1.6773209
1.7978992
1.7889679
1.7738387
1.754188
1.7320854
1.7099157
1.690091
1.6747983
1.665726
1.7795209
1.770591
1.7554511
1.7358222
1.7137583
1.6916484
1.6718927
1.6566601
1.6476274
1.759954
1.7510675
1.7359919
1.7164726
1.6945472
1.6725976
1.6529989
1.6378928
1.6289387
1.7462262
1.7373847
1.7223781
1.7029611
1.681159
1.6593436
1.6398737
1.6248709
1.6159804
1.8901031
1.88263
1.8700602
1.8534966
1.8347162
1.8156629
1.798459
1.7850756
1.7770651
1.9037901
1.8961224
1.8832113
1.8662287
1.8469898
1.8274952
1.8099107
1.7962397
1.7880647
1.9218598
1.9139057
1.9004883
1.8828807
1.8629595
1.8428119
1.8246642
1.8105733
1.8021631
1.9360521
1.9278032
1.9138566
1.8956035
1.8749769
1.8541544
1.8354278
1.8209052
1.8122524
1.9396948
1.931215
1.9168494
1.8981002
1.8769354
1.8556031
1.8364422
1.8215962
1.8127644
1.9308681
1.9222433
1.9076073
1.8885557
1.8670777
1.8454723
1.8260963
1.8110972
1.802186
1.9129476
1.9042816
1.8895489
1.870399
1.848821
1.8271428
1.8077259
1.7927093
1.7837986
1.892925
1.884288
1.8695865
1.8504946
1.8289803
1.8073739
1.7880292
1.7730737
1.7642057
1.8785911
1.8699872
1.8553363
1.8363264
1.8149101
1.7934086
1.7741593
1.7592767
1.7504537
1.7390319
1.7302186
1.7152569
1.6959018
1.6741703
1.65243
1.6330318
1.618086
1.6092301
1.7230635
1.7143196
1.699468
1.680263
1.6587016
1.6371407
1.6179102
1.6030964
1.5943212
1.6928859
1.684297
1.6696976
1.6508288
1.6296412
1.6084547
1.5895618
1.5750095
1.5663924
1.6480388
1.6396846
1.6254836
1.6071602
1.5866027
1.5660597
1.547743
1.5336285
1.5252706
1.5911113
1.5830725
1.569397
1.5517681
1.5320087
1.5122935
1.4947393
1.4812197
1.4732185
1.528002
1.5203772
1.5073881
1.4906319
1.4718284
1.4530563
1.4363422
1.4234715
1.4158584
1.467268
1.4600611
1.4477844
1.4319529
1.4141789
1.3964167
1.3805814
1.3683716
1.3611449
1.4182881
1.411402
1.3996795
1.3845788
1.3676438
1.3507325
1.3356562
1.3240244
1.3171358
1.3885574
1.3818626
1.3704683
1.3557953
1.3393508
1.3229424
1.3083237
1.297048
1.2903704
1.3740611
1.3674601
1.3562263
1.3417604
1.3255518
1.3093837
1.2949841
1.2838798
1.2773043
1.3437893
1.3373881
1.3264946
1.3124636
1.2967444
1.281071
1.2671203
1.2563674
1.2500019
1.2922201
1.2861728
1.2758799
1.2626086
1.2477317
1.2328943
1.2196911
1.209519
1.2034991
1.2247601
1.2191947
1.209727
1.1975023
1.1837816
1.1700754
1.1578637
1.1484476
1.1428716
1.1496349
1.1445947
1.1360378
1.124985
1.112584
1.1001888
1.0891341
1.0805988
1.0755372
1.076637
1.0720999
1.0644096
1.054462
1.0433058
1.0321592
1.0222241
1.0145547
1.010004
1.0145321
1.0104361
1.0035017
0.99450621
0.9844027
0.97429274
0.96527766
0.95831873
0.95418811
0.96929284
0.96551822
0.95913944
0.9508516
0.94153351
0.93219165
0.92384839
0.91740059
0.91356918
0.94375807
0.94015893
0.93408508
0.92618978
0.91731412
0.90841095
0.90045362
0.89429891
0.89063834
1.4741148
1.4675737
1.4563894
1.441944
1.4257028
1.4094681
1.3949862
1.3838158
1.3772096
1.4406794
1.434349
1.4235283
1.4095502
1.3938304
1.3781091
1.3640777
1.3532502
1.3468443
1.3836062
1.3776279
1.3674209
1.3542408
1.3394262
1.3246087
1.3113772
1.3011598
1.2951099
1.3089976
1.3034758
1.2940588
1.2818941
1.2682315
1.2545778
1.242396
1.2329937
1.2274249
1.2258941
1.2209089
1.2124152
1.2014179
1.1890494
1.1766722
1.165626
1.1571033
1.1520553
1.1449305
1.1404733
1.1328986
1.1230769
1.1120222
1.1009365
1.0910238
1.0833652
1.0788225
1.0760485
1.0720277
1.0652133
1.0563676
1.0464172
1.0364367
1.0275095
1.0206087
1.0165107
1.0259852
1.022282
1.0160167
1.0078674
0.9986956
0.98949046
0.98125867
0.9748985
0.97112077
0.99775459
0.99423194
0.98827908
0.98052618
0.97179418
0.96302123
0.95517192
0.94910687
0.94550375
1.9990013
1.9907314
1.9766134
1.9582457
1.9375172
1.9167084
1.8980862
1.8836766
1.8751248
1.9815318
1.9733175
1.9592776
1.9410074
1.9203711
1.8996479
1.8811027
1.8667541
1.858242
1.9477495
1.9396673
1.9258348
1.9078426
1.8875049
1.8670666
1.8487595
1.8345823
1.826171
1.8964133
1.8885214
1.875008
1.857468
1.8376683
1.8177965
1.800001
1.7862116
1.7780282
1.8301775
1.8225285
1.8094169
1.7924245
1.773277
1.7541111
1.7369872
1.7237393
1.7158872
1.7559848
1.7486708
1.7361101
1.7198255
1.7014672
1.6830979
1.6666989
1.6540259
1.646523
1.6840103
1.6770623
1.6651243
1.64965
1.6321969
1.6147213
1.5991069
1.5870329
1.5798824
1.6255671
1.6189123
1.6074858
1.5926909
1.5760195
1.5593349
1.5444263
1.5328936
1.5260604
1.589935
1.583457
1.5723384
1.5579506
1.5417507
1.5255502
1.5110811
1.4998906
1.4932594
1.5725195
1.5661293
1.555163
1.5409741
1.525003
1.509037
1.4947819
1.4837592
1.4772278
1.5360873
1.529886
1.5192455
1.5054767
1.4899836
1.474504
1.4606921
1.4500179
1.4436942
1.4738025
1.467947
1.4579022
1.444892
1.4302418
1.4155963
1.4025293
1.3924359
1.3864578
1.3920215
1.386635
1.3774108
1.365459
1.3519952
1.3385166
1.326472
1.3171582
1.3116367
1.3007433
1.2958737
1.2875576
1.276781
1.2646526
1.2525119
1.2416603
1.2332649
1.2282824
1.2118665
1.2075115
1.2000922
1.1904603
1.1796157
1.1687511
1.1590398
1.1515305
1.1470729
1.1362133
1.1323038
1.1256638
1.1170276
1.107296
1.0975254
1.0887781
1.0820092
1.0779873
1.0812264
1.0776326
1.0715476
1.063627
1.0547041
1.0457367
1.0377006
1.0314771
1.0277751
1.0502718
1.0468515
1.0410708
1.0335416
1.0250619
1.0165378
1.0088979
1.0029811
0.99946002
1.6674229
1.6613946
1.6509829
1.6374054
1.6220131
1.6065376
1.5926796
1.5819343
1.575555
1.6280848
1.6222419
1.6121516
1.598996
1.5840844
1.569087
1.5556491
1.5452251
1.5390345
1.5607449
1.555211
1.5456607
1.5332164
1.519126
1.5049623
1.4922743
1.4824337
1.4765881
1.4723019
1.4671807
1.4583521
1.4468456
1.4338257
1.4207455
1.4090395
1.3999723
1.3945894
1.3733326
1.3686942
1.3607202
1.3503229
1.3385589
1.3267316
1.3161416
1.3079406
1.3030711
1.276718
1.2725512
1.2654222
1.2561329
1.2456377
1.2350855
1.2256318
1.2183077
1.2139547
1.1945045
1.1907383
1.1843251
1.1759686
1.1665401
1.1570633
1.1485754
1.1420026
1.1380947
1.1348128
1.1313409
1.1254518
1.1177739
1.1091136
1.1004029
1.0925974
1.0865548
1.0829613
1.1012276
1.0979193
1.0923229
1.0850263
1.076799
1.0685189
1.0610946
1.0553459
1.051926
0.76954289
0.75818587
0.73925231
0.71503629
0.68835324
0.66220536
0.63938045
0.62211163
0.61198644
0.7901261
0.77845828
0.75900202
0.73413878
0.70676973
0.6799301
0.65647951
0.63874807
0.62835887
0.82271784
0.81058648
0.79033397
0.76442637
0.73593436
0.70803088
0.68362967
0.66515866
0.65433698
0.86100956
0.84833729
0.82719504
0.80012789
0.77031134
0.74111909
0.71562957
0.69633247
0.6850176
0.89853503
0.88531412
0.86326801
0.83509066
0.80406957
0.77364632
0.74705996
0.72695542
0.71517679
0.93018703
0.91655658
0.89379053
0.86464444
0.83258744
0.80121099
0.77377097
0.75298376
0.7408
0.95333974
0.93940542
0.916185
0.88645401
0.85365549
0.82152273
0.79349044
0.77227803
0.7598348
0.96815452
0.95393966
0.93031542
0.90020848
0.86707264
0.8345233
0.80606071
0.78455303
0.77195995
0.97579045
0.96142161
0.93753867
0.90715048
0.87381821
0.84113214
0.8125002
0.79082626
0.77813556
0.97914539
0.96471062
0.94070982
0.91018172
0.87674374
0.8439975
0.81530906
0.79357484
0.78084401
0.98548426
0.97094127
0.94672797
0.91590714
0.88221101
0.84933363
0.82057386
0.79875465
0.78595485
0.99408161
0.97945432
0.95503595
0.92383782
0.88967483
0.85646317
0.82758269
0.80572642
0.7928958
1.001209
0.98659199
0.96217014
0.93085899
0.89636066
0.86268425
0.83347302
0.81150421
0.79866376
1.0039353
0.98939282
0.96511384
0.93401103
0.89967616
0.86594006
0.83646509
0.81424804
0.80128773
1.0013623
0.98698439
0.96296786
0.9322008
0.89828074
0.864971
0.83576341
0.81359943
0.80060189
0.99476711
0.98061925
0.95698563
0.92668933
0.89325606
0.86043385
0.83169628
0.80989356
0.79708584
0.98707554
0.97314175
0.9498671
0.92003844
0.88711548
0.85476914
0.82643536
0.80494873
0.79233487
0.98148749
0.96770116
0.9446685
0.91514823
0.88256646
0.85054728
0.82249225
0.80121755
0.78873018
1.2094777
1.1936907
1.1672438
1.1332368
1.0955736
1.0584017
1.0256746
1.000778
0.98615354
1.2167312
1.2008893
1.1743507
1.1402051
1.102381
1.0650818
1.032251
1.0072469
0.99253874
1.2262035
1.2102982
1.1836605
1.1493948
1.1114108
1.0739467
1.0410062
1.0159303
1.001168
1.2334156
1.2175096
1.1908626
1.1565857
1.1185986
1.0811106
1.0481347
1.0230478
1.0082907
1.2348156
1.2190095
1.19253
1.158458
1.1206899
1.0834236
1.0506332
1.0256706
1.0109831
1.2294161
1.2138076
1.1876578
1.154013
1.1167122
1.0798937
1.0474994
1.0228406
1.008328
1.2191298
1.2037817
1.1780644
1.1449677
1.1082773
1.0720587
1.0401783
1.0159057
1.0016223
1.207867
1.1927686
1.1674708
1.1349089
1.0987994
1.0631554
1.0317839
1.0078913
0.99382662
1.1998746
1.184943
1.1599234
1.1277229
1.0920106
1.0567477
1.0257123
1.0020791
0.98816624
0.9785162
0.96480596
0.941898
0.91253566
0.88013122
0.84828505
0.82037309
0.79920226
0.78677622
0.97184306
0.95830123
0.93567162
0.90665557
0.87463036
0.8431617
0.81557347
0.79463748
0.78234647
0.95903621
0.94579974
0.92368216
0.89531843
0.86399582
0.83321085
0.80622473
0.78573953
0.77370678
0.93968575
0.92689178
0.90550852
0.87808417
0.84779389
0.81800573
0.79188135
0.77204918
0.76039927
0.9146772
0.90243831
0.88197759
0.85572334
0.82671358
0.79817652
0.77313546
0.75411406
0.74293717
0.88664335
0.87500755
0.85555149
0.83057936
0.80296987
0.77579284
0.75193598
0.7338072
0.72315011
0.85951857
0.84845555
0.82995116
0.80619119
0.77991313
0.75403179
0.73129597
0.71401138
0.70384863
0.83751424
0.82690952
0.80916872
0.7863796
0.76116292
0.7363195
0.71448636
0.69787812
0.68810899
0.82408417
0.81375545
0.7964754
0.77427597
0.74970299
0.72548459
0.70419733
0.68800144
0.6784724
0.81751645
0.8073222
0.79026601
0.76835297
0.74409421
0.72018063
0.69915829
0.68316271
0.67375068
0.80376443
0.79385004
0.7772599
0.75594241
0.73233928
0.7090629
0.68859202
0.67301306
0.66384536
0.78023563
0.77079643
0.75499768
0.73468921
0.71219484
0.69000265
0.67047239
0.65559987
0.64684499
0.74931203
0.74049004
0.72571931
0.70672271
0.68566681
0.66487961
0.64657447
0.63262522
0.6244088
0.71464905
0.70651179
0.6928791
0.67533235
0.65586716
0.63663223
0.61967835
0.6067494
0.59913001
0.68062573
0.67315341
0.66062714
0.64448778
0.62656155
0.60882658
0.59317794
0.58123316
0.57418928
0.65138214
0.64446833
0.63287559
0.61793029
0.60131184
0.58484812
0.57030378
0.55919165
0.5526344
0.62989316
0.62338035
0.61245663
0.59836975
0.58269841
0.56715887
0.55341563
0.54290623
0.53670133
0.61766779
0.61138114
0.60083243
0.58722423
0.57208184
0.55706176
0.5437705
0.53360057
0.52759362
0.9779122
0.96699959
0.94870444
0.92511944
0.89892326
0.87301162
0.8501603
0.83272893
0.82245482
0.95963744
0.94903858
0.93126931
0.90835924
0.88290528
0.85772088
0.83550635
0.81855774
0.80856699
0.92842843
0.91835908
0.90148007
0.87971703
0.8555277
0.83157979
0.81044595
0.79431711
0.78480754
0.88754044
0.87815407
0.86241809
0.84213076
0.81958413
0.79725363
0.77753123
0.76246902
0.75358466
0.84185199
0.83323273
0.8187728
0.8001121
0.77936171
0.75880912
0.74065278
0.72677807
0.71858916
0.79718234
0.78929523
0.7760706
0.7590006
0.7399962
0.7211499
0.70449201
0.69175984
0.6842435
0.75900045
0.75171616
0.7395061
0.72376053
0.70623944
0.68884919
0.67345734
0.66168304
0.65472989
0.73107278
0.72423402
0.7127563
0.69794497
0.68147379
0.66513637
0.65066981
0.63959253
0.63304647
0.71522134
0.70864214
0.6975892
0.68330649
0.6674136
0.65165665
0.63770905
0.62702647
0.62071106
1.4267083
1.4110795
1.3849976
1.3512447
1.3135744
1.2761917
1.2430986
1.2177994
1.2028587
1.4144013
1.398969
1.3732115
1.3398918
1.3027009
1.2657952
1.233125
1.2081495
1.1933994
1.3912188
1.3761494
1.3509946
1.3184715
1.282161
1.2461325
1.2142356
1.1898523
1.1754543
1.3568478
1.3423129
1.3180374
1.2866672
1.2516268
1.216862
1.1860817
1.1625501
1.1486573
1.3131316
1.2992646
1.2760968
1.2461751
1.2127273
1.1795324
1.1501358
1.1276603
1.1143932
1.2647637
1.251609
1.2296275
1.2012708
1.169569
1.1380981
1.1102137
1.0888862
1.0762977
1.2184124
1.2059394
1.1850787
1.1581781
1.1281106
1.0982722
1.0718307
1.0515984
1.0396547
1.1810376
1.1691175
1.1491702
1.1234399
1.0946654
1.066116
1.0408237
1.02147
1.0100447
1.1583103
1.1467198
1.1273263
1.1023136
1.0743262
1.0465508
1.0219474
1.0031225
0.99201041
1.1472187
1.1357865
1.1166597
1.0919971
1.0643971
1.0369994
1.0127297
0.99416119
0.98320091
1.1240541
1.112946
1.0943682
1.0704293
1.0436373
1.0170299
0.99345489
0.97541891
0.9647743
1.0846019
1.0740354
1.0563637
1.0336256
1.0082049
0.98295472
0.96056276
0.9434238
0.93330971
1.0330141
1.0231854
1.0067141
0.98549926
0.96179967
0.93829931
0.91746882
0.90151241
0.89209032
0.97539835
0.96641272
0.951343
0.93189379
0.9101011
0.88847283
0.86932687
0.85467727
0.84602939
0.91919078
0.91097808
0.8972292
0.87952059
0.85966478
0.83989642
0.82235431
0.80892803
0.80100767
0.8713064
0.86372366
0.85103314
0.83472015
0.8164835
0.79834639
0.78221986
0.76984436
0.76253397
0.83638201
0.82926887
0.81735097
0.80201796
0.78489118
0.76790125
0.75281916
0.7412379
0.73438739
0.81661011
0.80976753
0.79829639
0.78352418
0.76701203
0.75064023
0.73612801
0.72499438
0.71840855
1.2741468
1.2675265
1.2564294
1.2420537
1.2255969
1.2060512
1.1831987
1.1639572
1.1527559
1.2469469
1.2405415
1.2298102
1.2159038
1.1999973
1.1811421
1.1590227
1.1403241
1.1294329
1.200612
1.1945611
1.184435
1.1713143
1.1563389
1.1386552
1.117811
1.1000694
1.0897128
1.1401963
1.1345947
1.12523
1.1130894
1.0992721
1.0830302
1.0638211
1.0473769
1.0377578
1.0731044
1.0680172
1.0595148
1.0484636
1.0358962
1.0211372
1.0036024
0.98853792
0.97973182
1.0078132
1.0032417
0.99560551
0.98565712
0.97433721
0.96100293
0.945025
0.93122256
0.92315359
0.95219737
0.94805311
0.94113907
0.93212518
0.921874
0.90975976
0.89512677
0.88241305
0.87496478
0.91172009
0.90787713
0.90146991
0.89311019
0.88360925
0.87235255
0.85869216
0.84679247
0.83981284
0.88886986
0.88519743
0.87907477
0.87107813
0.86198862
0.85119607
0.8380673
0.82662339
0.81991071
0.25047657
0.24474735
0.23528376
0.22335112
0.21044303
0.19803413
0.18738996
0.17946285
0.17487038
0.25728172
0.25140155
0.24168875
0.22944205
0.21619441
0.20345932
0.19253554
0.18440034
0.17968738
0.26817504
0.26205648
0.25194997
0.23920702
0.22542283
0.21217222
0.20080652
0.19234242
0.18743902
0.28122711
0.2748294
0.26426183
0.2509376
0.23652474
0.22267002
0.21078638
0.20193674
0.19681007
0.29437522
0.28770608
0.27669008
0.26280036
0.24777572
0.23333285
0.22094474
0.21171947
0.20637523
0.30593279
0.29903699
0.28764633
0.27328376
0.25774717
0.24281178
0.23000095
0.2204608
0.21493412
0.31489372
0.30783366
0.29617142
0.28146585
0.26555736
0.25026378
0.2371453
0.22737581
0.22171622
0.32093432
0.31377222
0.30194078
0.28702124
0.27088068
0.25536318
0.24205211
0.23213894
0.226396
0.32416678
0.31695429
0.30503915
0.29001317
0.27375698
0.2581279
0.24472066
0.23473567
0.22895102
0.32562656
0.31839236
0.30644171
0.29137034
0.27506442
0.25938752
0.24593894
0.23592308
0.23012049
0.32847575
0.32120107
0.30918371
0.29402887
0.27763175
0.26186624
0.24834143
0.23826834
0.23243258
0.33269458
0.32536999
0.31326842
0.29800582
0.28149153
0.26561193
0.25198817
0.24184095
0.23596197
0.33710331
0.32974296
0.31758232
0.30224322
0.28564339
0.26967989
0.25598253
0.2457796
0.23986801
0.34064877
0.33328799
0.32112463
0.30578067
0.28917315
0.27319892
0.25949045
0.24927786
0.24336021
0.34276434
0.33544369
0.32334544
0.30807906
0.29155171
0.27565193
0.26200418
0.25183545
0.2459425
0.34350304
0.33624761
0.32425647
0.30912621
0.29274198
0.27697512
0.26343965
0.25335232
0.24750613
0.34335721
0.33617904
0.32430586
0.30931569
0.29308498
0.27746247
0.26404719
0.254049
0.24825321
0.34298608
0.335857
0.32407408
0.30918711
0.29305985
0.27754079
0.26420991
0.2542747
0.2485147
0.44849221
0.43957451
0.42481109
0.40614166
0.38583832
0.36619609
0.3492497
0.33654667
0.32915324
0.45198827
0.44303595
0.42819845
0.40941751
0.38901082
0.36926844
0.35222288
0.33945567
0.3320216
0.45701425
0.44800331
0.43308387
0.41418719
0.3936357
0.37376683
0.35660743
0.34374844
0.33626498
0.46197105
0.45291884
0.43792792
0.41895941
0.39832807
0.37836345
0.36112966
0.34821181
0.34069103
0.46542149
0.45639214
0.44142772
0.42246591
0.40184837
0.3819039
0.36466913
0.35175492
0.34423616
0.46676426
0.45778263
0.44291761
0.42410156
0.40361099
0.38377898
0.36665674
0.35381126
0.34633264
0.46625688
0.45738987
0.44266957
0.4240214
0.40376117
0.38413154
0.36715743
0.35444576
0.3470379
0.46476701
0.45600592
0.44150297
0.42307211
0.40298127
0.38358201
0.36679366
0.35418437
0.34685544
0.46352095
0.45479106
0.44037345
0.42213967
0.40220981
0.38290363
0.36627577
0.35376008
0.34646377
0.34274249
0.33562674
0.32388516
0.30906023
0.29298578
0.27751971
0.26423476
0.25433135
0.24859104
0.34209793
0.33504262
0.32337609
0.30866358
0.29272433
0.27737041
0.26418742
0.25435627
0.24865813
0.34053065
0.33359947
0.32212676
0.30762575
0.29191872
0.27679318
0.26379444
0.25410402
0.24848381
0.33776297
0.33097515
0.31976296
0.30560417
0.29024312
0.27544635
0.26273013
0.25324333
0.24774276
0.33368495
0.32711806
0.31623261
0.30247527
0.28756793
0.27319116
0.26082936
0.2516063
0.24625497
0.3286666
0.32231126
0.31182053
0.29854284
0.28411063
0.27020581
0.25823875
0.24930471
0.24412153
0.32356348
0.31742107
0.30722262
0.29437549
0.28044992
0.26697394
0.25539124
0.24673566
0.24171206
0.31907505
0.31318388
0.30337206
0.29082223
0.27724222
0.26417573
0.25286761
0.24445248
0.23955155
0.31632072
0.31043311
0.30084496
0.28863736
0.27520528
0.26236422
0.25127147
0.24295887
0.23816387
0.31501655
0.30913988
0.29955309
0.28752247
0.27422975
0.26141598
0.25049054
0.24220643
0.23745031
0.31222568
0.30648021
0.29692525
0.28501288
0.27213499
0.25950785
0.24869476
0.24063926
0.23592235
0.30699872
0.30157654
0.29248233
0.28079976
0.26819993
0.25611607
0.24558219
0.23773908
0.23318867
0.30001887
0.29465151
0.28597351
0.27505535
0.26296146
0.25124482
0.24124201
0.23369173
0.22931318
0.29350399
0.28791877
0.27885992
0.26794654
0.25660131
0.24555811
0.23590684
0.22876938
0.22459497
0.28790587
0.28249741
0.27344803
0.26196097
0.25000281
0.23933053
0.23033782
0.22345766
0.21949611
0.28269058
0.27756228
0.26900647
0.25801757
0.24576866
0.23409292
0.22492518
0.21851375
0.21470496
0.27876521
0.27378207
0.26545901
0.25481446
0.24315357
0.23158701
0.2214473
0.21446141
0.21083401
0.27641018
0.27155049
0.26342746
0.25299971
0.24144753
0.23017799
0.22031408
0.21269694
0.2084915
0.41481728
0.40737993
0.39500377
0.37937201
0.36275898
0.34723087
0.33395692
0.32384054
0.31787272
0.41093071
0.40365365
0.39150937
0.37602442
0.35931745
0.34366195
0.33056452
0.32077594
0.31500497
0.40413502
0.39712759
0.38543341
0.37044521
0.35395621
0.33809554
0.32480809
0.31517004
0.30963666
0.39501157
0.38832838
0.37718449
0.36292994
0.34718955
0.33169656
0.31824545
0.3083201
0.30267222
0.38456451
0.37824639
0.36769394
0.35417724
0.33928551
0.32466003
0.31178989
0.30198599
0.29624415
0.37402753
0.36807446
0.35812476
0.34535597
0.33123536
0.31734631
0.3051844
0.29595396
0.29051837
0.36471928
0.35907321
0.34962925
0.33750309
0.32409146
0.31087108
0.29923577
0.29038339
0.2851842
0.35769194
0.35227514
0.34320858
0.33155167
0.31863599
0.30590033
0.29470937
0.28619264
0.28117537
0.35360565
0.34831733
0.3394628
0.32807648
0.31546016
0.30300459
0.29203467
0.28368189
0.27876904
0.6071593
0.59688033
0.57982625
0.55806183
0.53417654
0.51101951
0.49100051
0.47589655
0.46705023
0.60405653
0.5938127
0.57690325
0.55544185
0.53185411
0.50884683
0.48897068
0.47405218
0.46532756
0.59837387
0.58812361
0.5712581
0.5500866
0.52707897
0.50458577
0.48497257
0.47024439
0.46166971
0.59016731
0.58002993
0.56323416
0.54209385
0.51939266
0.49759899
0.47866005
0.46431514
0.4559176
0.57937057
0.5696046
0.55332017
0.53253686
0.50990723
0.4882682
0.46985581
0.45611059
0.44807502
0.56677689
0.55743113
0.54186762
0.52198009
0.50006488
0.47864836
0.46021508
0.44659199
0.43875218
0.55437129
0.54540039
0.53044968
0.51136123
0.49038869
0.46982205
0.45180254
0.43820657
0.43031083
0.54415618
0.53550211
0.5210721
0.50262095
0.48231656
0.46243094
0.44503695
0.4318387
0.42409245
0.53786967
0.52940304
0.51528022
0.49721732
0.47733991
0.45786604
0.4408235
0.42788763
0.42028788
0.53477726
0.52640444
0.51243719
0.49456676
0.47488741
0.45560265
0.43873732
0.42594359
0.41842475
0.5282776
0.52009728
0.5064492
0.48898126
0.46973085
0.4508492
0.43433242
0.42181218
0.41445867
0.51707571
0.50922158
0.49611221
0.47932685
0.46081553
0.44263296
0.42670383
0.41462474
0.40753478
0.50219544
0.49477021
0.48236656
0.46646682
0.44891519
0.43165878
0.41651731
0.40501396
0.39825432
0.48530068
0.47835177
0.46673544
0.45182666
0.43534122
0.41910825
0.40484971
0.39400619
0.38762718
0.46849022
0.46200349
0.45115011
0.43720478
0.42176323
0.40653061
0.39312642
0.38292029
0.37691278
0.45382316
0.44773105
0.437529
0.42440286
0.40984777
0.39547153
0.38280414
0.37314558
0.36745433
0.44288095
0.43707508
0.42734734
0.41482088
0.40091361
0.38715964
0.37502845
0.36577212
0.36031517
0.43658129
0.43093654
0.42147534
0.40928704
0.39574726
0.38234673
0.37051979
0.36149107
0.35616611
0.66923129
0.65990845
0.64433651
0.62438086
0.60235569
0.58070466
0.56171899
0.54730596
0.53883899
0.6594428
0.65036006
0.63518444
0.61572761
0.59424647
0.57312431
0.55459248
0.54051671
0.53224579
0.64263975
0.63396369
0.61946349
0.60086039
0.58030271
0.56007502
0.54231802
0.52882071
0.52088462
0.62046063
0.61231263
0.59868774
0.58119638
0.56184861
0.54278657
0.52603455
0.51329175
0.505795
0.59546715
0.58790612
0.57525349
0.55899221
0.54098398
0.52321968
0.50758587
0.49567881
0.48866836
0.57080139
0.56380681
0.55209507
0.53702798
0.52031806
0.50380981
0.48926252
0.4781697
0.47163246
0.5494792
0.54296283
0.53204446
0.5179859
0.50237797
0.48693648
0.47330956
0.46290753
0.45677316
0.53371467
0.52754491
0.51720142
0.50387137
0.48905881
0.47439171
0.46143483
0.45153419
0.44569168
0.52470151
0.51872639
0.50870622
0.49578664
0.48142045
0.46718716
0.45460798
0.44499107
0.43931341
