FiniteElementSpace
FiniteElementCollection: L2_2D_P8
VDim: 1
Ordering: 0

2.0620629
2.122565
2.221415
2.3499511
2.4925408
2.6338313
2.7566861
2.8486777
2.9020819
2.0959278
2.170107
2.2749113
2.4074832
2.5562605
2.7024082
2.8308598
2.9263838
2.9816061
2.1470411
2.2306971
2.3596434
2.5023443
2.659333
2.8159002
2.9516259
3.0543846
3.1134214
2.2124433
2.2983609
2.444762
2.6183017
2.7882748
2.9559393
3.1039773
3.2136969
3.2781832
2.2817924
2.3733213
2.5250696
2.7225231
2.924811
3.1059464
3.2653196
3.3860757
3.4551306
2.3483986
2.4439037
2.6039265
2.8096132
3.0386935
3.2484932
3.4190933
3.5484715
3.6243803
2.4041079
2.5035358
2.6706059
2.8849997
3.1242821
3.3590297
3.5507188
3.6871827
3.7672246
2.4442022
2.547164
2.7191768
2.9410752
3.1873816
3.4325848
3.6426193
3.7910541
3.8741256
2.4673419
2.5716482
2.7471212
2.9731145
3.2240905
3.4740324
3.6917697
3.8491213
3.9365009
4.625865
4.6320824
4.6417167
4.6537205
4.6668517
4.6798572
4.6912908
4.7000419
4.7052365
4.7990765
4.8057672
4.8161354
4.8290611
4.8432078
4.8572269
4.8695604
4.8790073
4.8846185
5.0921445
5.0996714
5.1113409
5.1258974
5.141845
5.1576631
5.1715913
5.1822676
5.1886128
5.4752107
5.4838947
5.4973634
5.5141807
5.5326257
5.5509454
5.5670961
5.579488
5.5868577
5.9086069
5.9186802
5.9343259
5.953874
5.9753402
5.996683
6.0155224
6.0299912
6.0386028
6.3462455
6.3577568
6.3757436
6.3982379
6.4229705
6.4475837
6.4693303
6.4860452
6.4959967
6.7401705
6.7529645
6.7731096
6.7983866
6.8262143
6.8539446
6.8784677
6.8973326
6.9085685
7.0458477
7.0596413
7.0815068
7.1090282
7.1393498
7.1695869
7.1963539
7.2169564
7.2292309
7.2281119
7.2424852
7.2653959
7.2943066
7.3261792
7.3579548
7.3860944
7.4077658
7.4206781
2.7894236
2.940462
3.2013727
3.5529546
3.9650064
4.3960115
4.7944523
5.1070111
5.2939019
2.7834636
2.9348225
3.1964197
3.5491442
3.9629746
4.3961281
4.7969845
5.1121928
5.3006985
2.7726837
2.924493
3.1871377
3.5416475
3.9582118
4.3949096
4.7994843
5.1184691
5.3098288
2.7573914
2.9096779
3.1734296
3.5299874
3.9496848
4.3905845
4.7998123
5.1229428
5.3172514
2.7386689
2.8913486
3.1560446
3.5144681
3.9372012
4.3821721
4.7961893
5.1238122
5.3209961
2.7185016
2.8713963
3.1367458
3.4965964
3.9217974
4.3702641
4.7884144
5.1200965
5.3201093
2.6994631
2.8524131
3.1180892
3.4788546
3.905773
4.3568291
4.778218
5.1130743
5.3152642
2.6842099
2.8371163
3.1028926
3.4641151
3.8920597
4.3447726
4.7682916
5.1053751
5.3091532
2.6749442
2.8277904
3.0935585
3.4549569
3.8833844
4.3369395
4.7615931
5.0998491
5.3044731
14.800337
14.840736
14.910707
15.006786
15.119804
15.236917
15.342987
15.425266
15.474143
14.888508
14.930416
15.002666
15.100301
15.214541
15.332485
15.439189
15.522404
15.572219
15.024241
15.066025
15.140651
15.242473
15.359868
15.480109
15.588562
15.673049
15.723521
15.177443
15.219242
15.293986
15.397898
15.519742
15.644383
15.756776
15.844166
15.896313
15.317843
15.359218
15.434925
15.540262
15.663317
15.790482
15.905566
15.995548
16.049393
15.427715
15.468384
15.542834
15.649285
15.774707
15.902422
16.018275
16.109091
16.163599
15.500384
15.540679
15.614165
15.718583
15.843524
15.973166
16.089494
16.180864
16.235845
15.54439
15.582462
15.654198
15.756896
15.878238
16.00517
16.122918
16.214476
16.269503
15.570635
15.603365
15.671624
15.775765
15.900816
16.025831
16.137693
16.229449
16.284407
2.1924432
2.3183917
2.5373447
2.8346688
3.1881491
3.563483
3.917059
4.2039834
4.3799456
2.1809491
2.3060109
2.5229077
2.8175471
3.1677567
3.5386977
3.888964
4.1730172
4.3461607
2.1615818
2.2846623
2.4980626
2.7886099
3.1324245
3.4964711
3.841431
4.1185003
4.2867586
2.135429
2.2559901
2.4657653
2.7498652
3.0851062
3.441732
3.7765214
4.04391
4.2082992
2.1054329
2.2237372
2.428329
2.7044864
3.0319489
3.3774474
3.6996828
3.9609535
4.1220929
2.0749182
2.1901007
2.3889459
2.658868
2.9767268
3.3094273
3.6238593
3.8786941
4.0333609
2.0461684
2.1585324
2.3536198
2.6171063
2.9244077
3.2491529
3.5565193
3.8007681
3.9480972
2.0233034
2.1341567
2.3261487
2.5829764
2.8836587
3.2034486
3.5017677
3.7368617
3.8794946
2.0098116
2.1197438
2.3091772
2.5620769
2.8598888
3.1757571
3.4676588
3.698075
3.8384898
16.763525
16.879619
17.048199
17.242135
17.436197
17.616621
17.770519
17.884912
17.951377
16.496596
16.608477
16.772179
16.959109
17.149042
17.327153
17.478821
17.592325
17.658223
16.048507
16.152668
16.306296
16.484092
16.66652
16.839256
16.987436
17.098226
17.162822
15.467778
15.562328
15.703589
15.869201
16.041464
16.206138
16.348181
16.455098
16.517482
14.817776
14.90232
15.030143
15.182388
15.342969
15.497942
15.632476
15.733956
15.793341
14.169076
14.244502
14.360047
14.499612
14.6485
14.793241
14.919469
15.015028
15.070994
13.592099
13.660245
13.765664
13.894401
14.033098
14.168651
14.28709
14.376858
14.429503
13.148851
13.211758
13.309851
13.430864
13.56194
13.690328
13.802812
13.888171
13.93826
12.886375
12.946338
13.040464
13.156997
13.28366
13.407859
13.51669
13.599483
13.648051
3.6182057
3.6591658
3.7271242
3.8133725
3.9073593
3.9983476
4.0768859
4.1356835
4.1698903
3.7308063
3.7738326
3.8452746
3.9360255
4.0350687
4.1311102
4.2141278
4.2763789
4.312625
3.9181895
3.9647508
4.0421906
4.1407502
4.2485348
4.3533367
4.4441543
4.5123996
4.5522145
4.1571254
4.2084453
4.2939143
4.4029706
4.5225854
4.63924
4.7406696
4.8170826
4.8617417
4.4192837
4.4761582
4.5710317
4.6923543
4.8258615
4.9565118
5.0704501
5.156556
5.2069779
4.6753992
4.7380164
4.8426737
4.9768602
5.1249115
5.2702905
5.3975218
5.4939361
5.5505258
4.8986344
4.9665941
5.0802988
5.2264016
5.3880914
5.547346
5.6871937
5.793453
5.8558611
5.0672279
5.1394197
5.2603714
5.4159989
5.5886499
5.7591866
5.9091776
6.0233624
6.0904912
5.1659318
5.2406721
5.3660086
5.5274944
5.7068452
5.8842657
6.0404795
6.1594334
6.229441
6.5748686
6.6944597
6.8970401
7.1620763
7.4605607
7.759829
8.0264821
8.2314796
8.3529933
6.6554739
6.7789068
6.9867584
7.2587748
7.5656918
7.8733594
8.1479194
8.3589047
8.4839055
6.7862108
6.9167488
7.1355342
7.4194179
7.7402953
8.062613
8.3501976
8.571584
8.7026946
6.9479128
7.0867306
7.3208388
7.6234446
7.9625091
8.3035918
8.6085666
8.8433279
8.9825425
7.1220899
7.2686933
7.5174474
7.8420472
8.2050715
8.5675097
8.8916712
9.1415988
9.2897857
7.291019
7.4446873
7.7059738
8.0492368
8.4368637
8.823576
9.1674094
9.432314
9.589464
7.4362162
7.5968702
7.8693336
8.2272111
8.633742
9.0424952
9.4057692
9.6843994
9.8495321
7.5429221
7.7095493
7.9917076
8.3611345
8.7805897
9.2043845
9.5829009
9.8731878
10.044591
7.6042947
7.7741335
8.0623532
8.4391878
8.8662266
9.2981805
9.6849833
9.9823083
10.157971
2.7345947
2.8620739
3.0778688
3.3608194
3.6821066
4.0061569
4.2963234
4.5184495
4.648517
2.745379
2.8740697
3.0923655
3.378491
3.7037537
4.0325575
4.3265872
4.5522573
4.6847496
2.7619591
2.8925826
3.1147336
3.4064289
3.7381205
4.0746632
4.3759718
4.6067791
4.7430192
2.7809321
2.9136319
3.1401286
3.4388582
3.7791196
4.1248841
4.4359893
4.6742675
4.8145381
2.7999635
2.9345254
3.164598
3.4699499
3.8198398
4.1759838
4.4970151
4.744247
4.8899168
2.8142029
2.9521566
3.1862246
3.4964944
3.854668
4.2213459
4.5523391
4.8073529
4.9582995
2.8208655
2.9621039
3.202215
3.5176936
3.8813963
4.2565952
4.5965484
4.859092
5.0139722
2.8245942
2.9663198
3.2103812
3.5322065
3.9000907
4.2806245
4.6271221
4.8951446
5.0541468
2.8268023
2.9686634
3.2135656
3.5392578
3.9107742
4.2936202
4.6441374
4.9149233
5.0759624
4.7805044
4.785008
4.7925491
4.8021988
4.812782
4.8231973
4.8324034
4.8394367
4.8435588
4.9661176
4.9710075
4.9792002
4.9896927
5.0012115
5.0125586
5.0225969
5.0302716
5.034772
5.2811583
5.286735
5.2960842
5.3080699
5.3212458
5.3342454
5.3457632
5.3545802
5.3597548
5.6947848
5.701322
5.7122906
5.7263683
5.7418647
5.7571759
5.7707616
5.7811753
5.787293
6.1652429
6.1729484
6.1858876
6.2025142
6.2208429
6.2389807
6.2550974
6.2674659
6.2747379
6.6429025
6.6518781
6.6669587
6.686354
6.707758
6.7289645
6.7478316
6.7623268
6.7708558
7.0748577
7.0850495
7.1021837
7.1242376
7.1485977
7.1727547
7.1942639
7.2108001
7.2205349
7.4113146
7.4224937
7.4412933
7.4655034
7.4922639
7.5188231
7.5424905
7.5606968
7.5714188
7.6124609
7.6242518
7.6440817
7.6696225
7.6978596
7.7258905
7.7508769
7.7701057
7.7814342
10.847861
10.870977
10.909942
10.960297
11.016185
11.071875
11.12168
11.160119
11.182823
11.056581
11.080524
11.120886
11.173044
11.230932
11.288614
11.340216
11.380054
11.403572
11.407234
11.432555
11.475255
11.530456
11.59175
11.65287
11.707561
11.749782
11.774708
11.859701
11.886839
11.932609
11.991782
12.057517
12.123105
12.181816
12.227163
12.253947
12.361388
12.390619
12.439927
12.503676
12.574477
12.645138
12.708419
12.757312
12.786185
12.855136
12.886456
12.939291
13.007614
13.083532
13.159323
13.227217
13.279669
13.310656
13.286825
13.320045
13.376111
13.448608
13.52908
13.609381
13.681393
13.737056
13.769898
13.612615
13.647258
13.705767
13.781499
13.865634
13.94956
14.024734
14.082808
14.117095
13.803095
13.838594
13.898496
13.976044
14.062235
14.148262
14.225438
14.28505
14.320161
10.123187
10.14571
10.185071
10.237864
10.297735
10.357841
10.411281
10.452625
10.477253
10.307767
10.330709
10.371095
10.425591
10.487545
10.549702
10.604925
10.647656
10.673122
10.617443
10.641107
10.683162
10.740347
10.805719
10.871449
10.929829
10.974991
11.001901
11.015828
11.040443
11.084765
11.145494
11.215276
11.285645
11.348127
11.396488
11.425335
11.456273
11.481887
11.528583
11.593272
11.668119
11.743873
11.811106
11.863069
11.894078
11.888367
11.915013
11.964018
12.032519
12.112273
12.193328
12.265396
12.321136
12.354415
12.264729
12.292316
12.343437
12.415429
12.499646
12.585424
12.661698
12.720681
12.755914
12.547896
12.576256
12.629014
12.703605
12.791121
12.880602
12.960411
13.022112
13.058898
12.713039
12.74177
12.795441
12.871738
12.961241
13.052637
13.13428
13.197559
13.235361
8.3947085
8.6101745
8.9748865
9.4549668
10.003545
10.553883
11.046238
11.427837
11.652205
8.4326231
8.6502462
9.0211323
9.5070039
10.060692
10.620314
11.117247
11.501117
11.728948
8.4946807
8.7155955
9.0933055
9.5909828
10.154424
10.724362
11.233986
11.622859
11.853019
8.5673539
8.7944194
9.1807533
9.6902664
10.269604
10.851536
11.372316
11.772513
12.007399
8.6424208
8.8733458
9.2694464
9.7916592
10.385344
10.984419
11.516229
11.923507
12.164276
8.7136304
8.9487513
9.3497478
9.8825154
10.490003
11.101553
11.648362
12.064567
12.308045
8.7626952
9.0066692
9.4183632
9.9567349
10.573635
11.197729
11.751317
12.176932
12.427223
8.7909856
9.0384896
9.4617267
10.012748
10.632967
11.264531
11.829135
12.256195
12.507144
8.8081372
9.0555749
9.481514
10.041598
10.669306
11.300742
11.870472
12.306851
12.558654
8.8680361
9.1363139
9.5938372
10.199093
10.893352
11.59591
12.236708
12.748507
13.055725
8.8573205
9.1258782
9.5845353
10.192188
10.888003
11.593364
12.243162
12.760562
13.063862
8.8339505
9.1044295
9.5638028
10.174519
10.872466
11.583268
12.246631
12.760595
13.066096
8.7972194
9.0654555
9.5276237
10.140977
10.837675
11.563939
12.223381
12.734713
13.068327
8.741259
9.0114253
9.4763835
10.083868
10.790301
11.518136
12.167113
12.70693
13.050512
8.6758535
8.9476055
9.4044553
10.014652
10.726225
11.436776
12.101095
12.656883
12.99098
8.6084536
8.8739731
9.3290044
9.9464279
10.643413
11.350679
12.032003
12.57683
12.907557
8.5448913
8.8083824
9.2693132
9.8816591
10.565055
11.280775
11.961097
12.496141
12.828091
8.5038489
8.7692767
9.2317976
9.8362782
10.515682
11.236127
11.911016
12.441968
12.773823
2.5176033
2.6663131
2.9258526
3.2807852
3.7045854
4.1569719
4.5848262
4.9295057
5.1398841
2.5071143
2.6553648
2.9141333
3.2680742
3.6907975
4.1421812
4.5692612
4.9135112
5.123722
2.4894011
2.6368267
2.8941978
3.2463143
3.6670083
4.1164388
4.5419444
4.8852096
5.0949701
2.4663519
2.6126128
2.8679876
3.2174502
3.6351104
4.0815181
4.5044571
4.8459721
5.0548624
2.4404604
2.5852949
2.8381914
3.1842997
3.5980371
4.0404141
4.4597874
4.7987168
5.0062107
2.4145389
2.5578188
2.8079899
3.1503498
3.5596178
3.9972922
4.4123635
4.74805
4.9537199
2.3913965
2.5331878
2.780726
3.1194246
3.5242639
3.9571935
4.3678494
4.7001124
4.9037769
2.3735467
2.5141271
2.7595078
3.0951878
3.4963338
3.9252645
4.3321521
4.6614061
4.8632678
2.3629392
2.5027735
2.7468235
3.0806316
3.4794717
3.9058953
4.3103859
4.6376994
4.838426
16.229387
16.278359
16.361786
16.470783
16.591229
16.710276
16.818201
16.903635
16.954793
16.339523
16.389296
16.473565
16.583481
16.705986
16.828433
16.939057
17.025674
17.077505
16.510218
16.561215
16.647802
16.761052
16.888135
17.016472
17.132697
17.222455
17.27564
16.70891
16.762191
16.853017
16.972573
17.10516
17.23756
17.360053
17.458697
17.519521
16.897774
16.954383
17.05029
17.178659
17.327749
17.481106
17.621969
17.734712
17.804786
17.056098
17.119683
17.230649
17.379476
17.550048
17.72118
17.871514
17.983995
18.048822
17.193084
17.264583
17.388613
17.547265
17.713541
17.863696
17.983739
18.068902
18.117713
17.287269
17.359115
17.475558
17.613926
17.745279
17.85793
17.95375
18.032944
18.085281
17.318775
17.38813
17.492065
17.603887
17.70857
17.811394
17.915512
18.009264
18.071975
17.614004
17.694095
17.851869
18.065831
18.322986
18.587652
18.826035
19.016158
19.131908
18.067026
18.166933
18.349682
18.592693
18.876239
19.17204
19.457031
19.692273
19.832605
19.111017
19.236711
19.454679
19.748222
20.091551
20.444917
20.76302
21.00049
21.132299
20.786132
20.919008
21.14028
21.425279
21.728665
22.010439
22.240651
22.406225
22.500705
22.27693
22.360879
22.499775
22.669326
22.849217
23.021053
23.170346
23.29643
23.365022
22.802057
22.855427
22.950241
23.074109
23.212226
23.343675
23.452928
23.532906
23.580409
22.815756
22.866217
22.944045
23.036228
23.13274
23.231109
23.3246
23.400682
23.446108
22.679449
22.7172
22.781864
22.870527
22.978041
23.087469
23.182281
23.253683
23.296044
22.549028
22.587566
22.656435
22.753557
22.864432
22.972177
23.064469
23.132612
23.172527
18.724414
18.762176
18.871787
18.863254
18.651158
18.277887
17.944323
17.744302
17.653109
18.519537
18.512752
18.551461
18.552053
18.420072
18.176214
17.933271
17.789491
17.718057
18.638326
18.460722
18.301395
18.183388
18.06701
17.953805
17.89085
17.871371
17.870521
19.523608
19.235979
18.919016
18.687625
18.580788
18.611766
18.703647
18.804215
18.873654
20.765153
20.584201
20.34564
20.178494
20.146209
20.230291
20.370462
20.521223
20.622347
21.44144
21.428995
21.399597
21.388153
21.427599
21.536851
21.67806
21.792813
21.862212
21.405873
21.483568
21.576339
21.669547
21.764662
21.85731
21.942955
22.013076
22.055262
21.177277
21.279883
21.405595
21.527409
21.650768
21.768672
21.861953
21.929304
21.968838
20.951944
21.071658
21.222046
21.374281
21.527053
21.656526
21.761985
21.84283
21.88839
7.6525967
7.8939049
8.2991614
8.8262007
9.4310304
10.053701
10.627388
11.088249
11.369288
7.5854573
7.8231631
8.2217034
8.7420935
9.3397601
9.9536062
10.519748
10.973045
11.248642
7.4669406
7.6979822
8.0865804
8.5967792
9.1809483
9.7799739
10.332597
10.771805
11.038581
7.3027507
7.5262992
7.9048056
8.4010234
8.9660379
9.5460796
10.078304
10.498498
10.754375
7.1084263
7.3256915
7.6932836
8.1715644
8.7153562
9.2721801
9.7785677
10.178554
10.422321
6.9071708
7.1180039
7.4727749
7.9330481
8.4555058
8.9855132
9.4661046
9.8466821
10.077699
6.722106
6.926104
7.2689892
7.7141359
8.2154559
8.7201733
9.1790298
9.5417394
9.7611465
6.5756106
6.774114
7.1083627
7.541465
8.0249411
8.5108721
8.9532125
9.3017193
9.5123322
6.487191
6.6824933
7.0117183
7.4370728
7.9097356
8.3850029
8.8173937
9.1574601
9.3628557
5.0128003
5.1462426
5.3716407
5.66428
5.9897844
6.3105394
6.5929681
6.8092083
6.9373726
4.9152089
5.0442706
5.2627834
5.5467924
5.8626361
6.1739863
6.4477907
6.6570187
6.7808809
4.7503885
4.8724691
5.0797459
5.3489083
5.6484573
5.9439367
6.2033673
6.4010914
6.5178483
4.5366858
4.6503712
4.8429373
5.0928053
5.3712256
5.6460092
5.8870677
6.0702346
6.178078
4.298605
4.4027582
4.5789923
4.8077574
5.06257
5.314238
5.5349082
5.7021675
5.8004549
4.0619901
4.1569313
4.3176724
4.5258554
4.757576
4.986418
5.1869256
5.3387304
5.4277529
3.8526937
3.9399877
4.0872882
4.2777948
4.4896131
4.6985316
4.881451
5.0197985
5.1007907
3.6929917
3.7743902
3.9117617
4.0892141
4.2861806
4.4802164
4.6499178
4.7781629
4.8531727
3.5986877
3.6768019
3.8084867
3.9783762
4.1667852
4.3521968
4.5142353
4.6366197
4.7081558
1.7657062
1.8538606
2.0051598
2.2082682
2.4434725
2.6834754
2.9020771
3.0747872
3.1791841
1.7469541
1.8339449
1.9836267
2.1840852
2.4145259
2.6489884
2.8630657
3.032199
3.1342666
1.715263
1.8006578
1.947522
2.1424408
2.3643077
2.5901714
2.7969942
2.9599145
3.0579571
1.6746106
1.7578433
1.899803
2.085913
2.2971082
2.5130644
2.7103246
2.8648654
2.9577069
1.6288278
1.7086043
1.8434446
2.0196183
2.2203831
2.4254935
2.6115051
2.7569321
2.8443743
1.5808114
1.6564045
1.7841582
1.9516683
2.1425788
2.3362408
2.5113649
2.6484743
2.7306644
1.535555
1.6076751
1.7298972
1.8901969
2.0719178
2.2554305
2.4216886
2.5509031
2.6270443
1.4996228
1.5693998
1.6875446
1.8421597
2.0165825
2.1928986
2.3520597
2.4731942
2.5431579
1.4780577
1.5464796
1.6621657
1.8133092
1.9834681
2.1557529
2.3098505
2.4250702
2.4911815
18.863516
18.913833
18.997965
19.104804
19.221511
19.334101
19.430638
19.50267
19.544418
18.566963
18.617838
18.701101
18.806905
18.922291
19.034035
19.130871
19.203312
19.245304
18.059306
18.109648
18.193176
18.29847
18.412584
18.52273
18.617879
18.689415
18.730865
17.389763
17.439214
17.520677
17.62399
17.736625
17.845462
17.939364
18.009515
18.050072
16.630489
16.678142
16.757165
16.857083
16.965787
17.071208
17.162576
17.231131
17.270728
15.86545
15.911174
15.986838
16.082713
16.18729
16.288652
16.376291
16.441876
16.479779
15.182176
15.225736
15.297952
15.38949
15.4895
15.586621
15.670642
15.733601
15.769977
14.656967
14.698807
14.768352
14.856364
14.952325
15.045375
15.125836
15.186261
15.221321
14.346142
14.38695
14.454465
14.540237
14.633965
14.724749
14.803095
14.861746
14.895821
9.7088714
9.7314586
9.7689823
9.8166793
9.868883
9.919731
9.963867
9.9970373
10.016315
9.4330192
9.4545443
9.490305
9.5357711
9.5855066
9.6339108
9.6759283
9.7075345
9.7259131
8.9757184
8.9954791
9.0283241
9.0700873
9.1157875
9.1602598
9.1988401
9.2278524
9.2447197
8.3966917
8.4142971
8.4435544
8.4807318
8.5213876
8.5609682
8.5953056
8.6210932
8.6360831
7.7683643
7.7836942
7.8091548
7.8415066
7.8768888
7.9113058
7.9411215
7.9634977
7.9765034
7.1634939
7.176717
7.1986711
7.2265626
7.2570359
7.2866452
7.3122798
7.3315048
7.3426698
6.6448161
6.6563102
6.6753941
6.6996201
6.7260428
6.7516891
6.7738804
6.7905097
6.8001666
6.2590298
6.2692908
6.2863161
6.307903
6.3314331
6.3542603
6.373988
6.3887573
6.3973312
6.0358
6.0453713
6.0612458
6.0813532
6.1032527
6.1244906
6.1428385
6.1565708
6.1645381
8.9303226
8.958385
9.004935
9.0651305
9.1320271
9.1982234
9.2565098
9.3009509
9.3271104
8.6914147
8.7180921
8.7624145
8.8197797
8.8835253
8.9465833
9.0020947
9.0444192
9.06933
8.2941051
8.3185991
8.3593474
8.4121355
8.4707658
8.5287055
8.5797065
8.6185971
8.6414779
7.7887902
7.8106838
7.8471299
7.8943254
7.9466519
7.9983037
8.0437683
8.0784329
8.0988301
7.2373884
7.2566273
7.2886611
7.330041
7.375782
7.420878
7.460568
7.4908252
7.5086316
6.7033186
6.7201739
6.7481944
6.7842275
6.8239129
6.8629833
6.8973599
6.9235746
6.939007
6.2426041
6.2575534
6.2822953
6.3139178
6.3486387
6.3828083
6.4128604
6.4357722
6.4492628
5.8981755
5.9117748
5.9341663
5.9626188
5.9937983
6.0244922
6.0514693
6.0720156
6.0841089
5.6981669
5.711009
5.7320742
5.7587433
5.7879405
5.8166863
5.8419306
5.861142
5.8724475
2.9272798
2.9788446
3.0634214
3.1690663
3.2823838
3.3912159
3.4854365
3.5565574
3.5982
3.0082111
3.0620378
3.1502573
3.2605165
3.3789608
3.4928314
3.5915429
3.6661264
3.709809
3.1415296
3.1989753
3.2934266
3.4116633
3.5388249
3.6613266
3.7677235
3.8482684
3.8954905
3.3088041
3.3712126
3.473698
3.6023097
3.7410763
3.8750434
3.991671
4.0801556
4.132128
3.4884158
3.5563216
3.6682549
3.8088083
3.9607673
4.1079776
4.236464
4.3341548
4.3916215
3.6603412
3.7337119
3.8547461
4.0074993
4.1730458
4.3337972
4.4745411
4.5817887
4.6449746
3.8058289
3.884794
4.0145715
4.1780922
4.3560377
4.5292048
4.6811465
4.7971847
4.865637
3.913981
3.9962804
4.1331441
4.3054257
4.4928697
4.675874
4.8366044
4.9595923
5.0322162
3.9773944
4.0610923
4.2014482
4.3792915
4.5724223
4.7612941
4.9273746
5.0544999
5.129702
4.007616
4.0923222
4.2340615
4.4145107
4.6104944
4.8021981
4.9708668
5.0999977
5.1764872
4.0674054
4.1560455
4.3007271
4.4862033
4.6883837
4.885708
5.060075
5.1934051
5.2723075
4.1598559
4.2568268
4.4113895
4.6039907
4.8164935
5.0242476
5.2073946
5.3484483
5.4318057
4.2688249
4.3737367
4.5447682
4.7531919
4.977183
5.1987126
5.3945457
5.5449199
5.6343801
4.3833046
4.4941177
4.677886
4.9082545
5.151819
5.387363
5.5975096
5.759648
5.8557893
4.49312
4.6089699
4.8015941
5.0475557
5.3146171
5.5699323
5.7936729
5.9672661
6.0707304
4.5863346
4.7071546
4.9079015
5.1641563
5.4471841
5.7234292
5.9634272
6.1470066
6.2566152
4.6540418
4.7792128
4.9868154
5.2514842
5.5440007
5.8336785
6.0884852
6.282113
6.3965403
4.6926608
4.8202381
5.0322102
5.3021236
5.6002688
5.8965712
6.1593778
6.3600272
6.4781563
2.4783071
2.5835598
2.7603012
2.9885039
3.2417325
3.4937504
3.7146691
3.8757578
3.9656509
2.500308
2.6071802
2.7868442
3.0192369
3.2774914
3.5338278
3.7601772
3.9281277
4.022988
2.5357502
2.6452894
2.8297778
3.0688858
3.3357122
3.6000409
3.8335842
4.0100896
4.1118056
2.5790637
2.6918023
2.8821342
3.1295934
3.4069696
3.6827866
3.9255627
4.1097032
4.2173505
2.6236089
2.7400673
2.9365872
3.1927977
3.4812332
3.7697207
4.024395
4.2167795
4.3292869
2.6632818
2.783485
2.9865209
3.2511379
3.549917
3.8502348
4.1168338
4.3189038
4.4366707
2.6950941
2.8180586
3.0266134
3.2991121
3.6067365
3.9170416
4.1936177
4.4040628
4.5272975
2.7172104
2.8424814
3.0547029
3.3330414
3.647882
3.9653475
4.2495033
4.465988
4.5929939
2.7290689
2.8558579
3.0704416
3.3518781
3.6710967
3.9929168
4.2811712
4.5014906
4.6305393
4.7077692
4.7128219
4.7212639
4.7320327
4.7438723
4.7555505
4.7658054
4.7736378
4.7782596
4.8873504
4.8928115
4.9019407
4.9135925
4.9264096
4.9390593
4.9501746
4.9586695
4.9636848
5.1916959
5.1978758
5.2082142
5.221424
5.2359739
5.2503519
5.2630001
5.2726754
5.2783911
5.5904299
5.5976124
5.6096353
5.6250115
5.6419687
5.6587499
5.6735335
5.6848557
5.6915501
6.0427699
6.0511692
6.0652409
6.0832557
6.1031454
6.1228513
6.1402314
6.1535558
6.1614399
6.5008059
6.510519
6.5268008
6.5476635
6.5707247
6.5936022
6.6138032
6.6293042
6.6384818
6.913992
6.9249662
6.9433679
6.9669607
6.9930548
7.018959
7.0418511
7.0594311
7.0698458
7.2351527
7.2471476
7.2672684
7.2930824
7.3216553
7.3500373
7.3751286
7.3944022
7.4058225
7.4269055
7.4395271
7.4607014
7.4878702
7.5179517
7.5478515
7.5743019
7.5946263
7.6066708
7.5197764
7.5327047
7.5543972
7.5822376
7.6130649
7.6437037
7.6708121
7.6916498
7.7040016
7.712734
7.7263156
7.749105
7.7783562
7.8107556
7.8429656
7.8714682
7.8933815
7.9063741
8.0395334
8.0542459
8.0789478
8.1106657
8.1458119
8.1807675
8.2117111
8.235506
8.2496157
8.4666528
8.4828743
8.5101394
8.5451729
8.584029
8.6226994
8.6569541
8.6833104
8.6989435
8.9485901
8.9665887
8.9968609
9.0357644
9.0789608
9.1219781
9.1601089
9.1894624
9.2068769
9.4325061
9.4523483
9.4857429
9.5286685
9.5763845
9.6239394
9.6661187
9.6986069
9.7178853
9.8646559
9.8861961
9.9224557
9.9690676
10.020899
10.072616
10.118515
10.153886
10.174888
10.197104
10.220011
10.258567
10.308142
10.363257
10.418244
10.467054
10.504684
10.527035
10.394071
10.417772
10.457656
10.508986
10.56611
10.623119
10.673709
10.712704
10.735868
7.3163792
7.3310216
7.3544206
7.3839904
7.4166269
7.4491779
7.477994
7.5001878
7.5134117
7.499624
7.5148443
7.5392967
7.5702591
7.6044507
7.6385914
7.6688451
7.6921588
7.7060512
7.8096945
7.8258599
7.8521055
7.885528
7.9224548
7.9593381
7.9920345
8.0172572
8.0323027
8.2144219
8.2317743
8.2603051
8.2969897
8.3376472
8.3782846
8.4143078
8.4420929
8.4586854
8.6704491
8.6891065
8.7201901
8.7606033
8.805612
8.8506082
8.8905478
8.9213604
8.9397579
9.1276369
9.1475531
9.1811992
9.2254325
9.2749972
9.3245592
9.3685595
9.4025308
9.4227913
9.5352282
9.5562478
9.5922041
9.6398799
9.6935894
9.747382
9.7951699
9.8320999
9.8541138
9.8484901
9.870298
9.9080388
9.9584357
10.015443
10.072562
10.123277
10.162499
10.185894
10.033921
10.056197
10.094988
10.146962
10.205924
10.265117
10.317677
10.358284
10.382478
5.3846795
5.5742301
5.8985408
6.3210455
6.7957243
7.2826284
7.7290879
8.0796414
8.2916098
5.3921088
5.5823351
5.9081544
6.3372413
6.8184765
7.3078703
7.7598379
8.1148685
8.328621
5.4026025
5.5955697
5.9236119
6.3588805
6.8536314
7.3508144
7.8072377
8.1703711
8.3885582
5.4116289
5.6084585
5.9426363
6.3826405
6.8884967
7.4030896
7.8676006
8.2354159
8.4586195
5.4168759
5.6167946
5.9580495
6.4071889
6.9195096
7.4471845
7.9299831
8.3060816
8.5322302
5.4173939
5.6205195
5.9668188
6.424965
6.9479629
7.4817412
7.9752926
8.3667032
8.600506
5.4136902
5.6193345
5.9706487
6.4347943
6.9667057
7.5107837
8.0084465
8.4045946
8.6455489
5.408414
5.6157564
5.9702468
6.4395917
6.9769012
7.5278559
8.0334868
8.4319296
8.6729783
5.4041623
5.6125664
5.9689262
6.4408121
6.9816652
7.5361732
8.04548
8.447916
8.6902353
5.4018745
5.6107052
5.9679168
6.4411306
6.983471
7.53966
8.050842
8.4548156
8.6981073
5.396525
5.6062693
5.9652334
6.4409575
6.9864565
7.546083
8.0606386
8.4678293
8.7132899
5.3858018
5.5969969
5.9586893
6.438321
6.9888503
7.5540441
8.0738962
8.4856374
8.734221
5.3687469
5.5816034
5.9463425
6.4305412
6.9870529
7.5588115
8.085139
8.5021253
8.7539382
5.3455119
5.5597903
5.9273822
6.4160979
6.9783742
7.5566628
8.0895649
8.5120497
8.7671799
5.3179193
5.5332004
5.9030789
6.3954526
6.9624565
7.5464024
8.0849071
8.5121249
8.7701636
5.2896728
5.5056129
5.8769408
6.3717598
6.9422724
7.5303739
8.0731716
8.5039276
8.7642727
5.2656248
5.481853
5.8538773
6.3501271
6.9227976
7.5134852
8.059088
8.4920094
8.7539328
5.2504479
5.4666924
5.8390161
6.3359154
6.9095702
7.5016302
8.0485548
8.4827929
8.7452754
2.670432
2.8232414
3.0889884
3.4504443
3.8790744
4.3329935
4.7581511
5.0969555
5.301977
2.6609547
2.8136703
3.0793371
3.4408595
3.8698417
4.324438
4.750569
5.0904403
5.2962278
2.6447
2.7971979
3.0626185
3.4240952
3.8534577
4.3089465
4.7364747
5.0779445
5.2848914
2.6231327
2.7752352
3.040135
3.401258
3.8307037
4.2868911
4.7157711
5.0589079
5.2671346
2.5984364
2.7499526
3.0140083
3.3743281
3.8033242
4.2596766
4.689424
5.0338908
5.2432541
2.5733269
2.7241133
2.9870481
3.3461316
3.7741122
4.2299579
4.6598767
5.0050951
5.2152236
2.5506813
2.7006981
2.9623991
3.3200236
3.7466217
4.2014461
4.6309371
4.9763119
5.1867654
2.5331201
2.6824688
2.9430741
3.2993511
3.7245776
4.1782485
4.6070202
4.9521666
5.1626502
2.5226608
2.6715837
2.9314808
3.286868
3.7111556
4.1639886
4.5921722
4.9370303
5.1474599
15.497529
15.545417
15.626235
15.730907
15.848465
15.967523
16.073786
16.156059
16.205593
15.596173
15.645205
15.727608
15.833984
15.952751
16.0726
16.180867
16.265072
16.31531
15.747922
15.798073
15.882916
15.992889
16.115619
16.238305
16.348029
16.433889
16.48545
15.921345
15.972673
16.059219
16.171619
16.297911
16.425481
16.540269
16.629511
16.683018
16.075453
16.129043
16.2196
16.337027
16.468559
16.600581
16.71974
16.81382
16.870353
16.189847
16.243787
16.335903
16.457162
16.595137
16.735917
16.863637
16.96432
17.025945
16.262637
16.317538
16.410623
16.533524
16.676904
16.828439
16.972029
17.088452
17.159039
16.296174
16.351824
16.449179
16.579572
16.732265
16.896022
17.050715
17.175112
17.251056
16.311763
16.367571
16.465777
16.599688
16.755545
16.923744
17.085295
17.21054
17.283513
16.323204
16.378499
16.472491
16.598924
16.751395
16.924838
17.097001
17.227599
17.298554
16.32518
16.381299
16.477956
16.611483
16.777423
16.958334
17.120588
17.23286
17.288561
16.29959
16.357921
16.465119
16.616327
16.788117
16.943737
17.056557
17.127791
17.167034
16.304983
16.355369
16.442275
16.555305
16.673391
16.778942
16.869741
16.944407
16.992649
16.258133
16.298056
16.365682
16.451036
16.547243
16.65341
16.761318
16.854657
16.914929
16.377547
16.390743
16.424087
16.486485
16.577969
16.683307
16.78862
16.88261
16.942751
16.895591
16.853867
16.805432
16.772074
16.787379
16.860721
16.939257
17.014332
17.071601
17.347197
17.272536
17.172905
17.092777
17.06246
17.090646
17.156106
17.223704
17.276732
17.526402
17.455072
17.358871
17.282272
17.248204
17.262131
17.324137
17.40247
17.455574
15.585424
15.616244
15.681074
15.783435
15.906843
16.031454
16.147656
16.240137
16.296354
15.620607
15.645239
15.697913
15.785389
15.900916
16.028193
16.146796
16.241672
16.297824
15.688589
15.70523
15.746182
15.820389
15.92314
16.033902
16.135579
16.218399
16.272211
15.800796
15.800137
15.823116
15.87538
15.955583
16.052828
16.149237
16.230917
16.280307
16.277428
16.147815
16.043742
16.007662
16.022916
16.070111
16.135565
16.199075
16.238659
17.696166
17.411069
17.063086
16.74987
16.528566
16.416029
16.36798
16.363428
16.372633
19.087211
18.903423
18.59267
18.145618
17.650779
17.292894
17.084495
16.96893
16.91884
19.208705
19.195501
19.138976
18.91436
18.512203
18.049637
17.707742
17.501072
17.386527
18.867319
18.913277
18.990965
18.937546
18.679106
18.23653
17.872467
17.663285
17.560882
4.4660008
4.6467261
4.9592101
5.3870459
5.8946417
6.4194613
6.9057984
7.2981455
7.536483
4.4308284
4.6086741
4.9181648
5.3431334
5.8428935
6.3592035
6.8431441
7.2341868
7.4707155
4.3693784
4.5438335
4.8498794
5.2669428
5.7509246
6.2562449
6.7370593
7.123531
7.3551666
4.2893914
4.4611747
4.7604025
5.160871
5.6260919
6.1224842
6.5960028
6.9714061
7.1948951
4.2012022
4.367447
4.6528666
5.0339484
5.4854423
5.9712265
6.4283473
6.7884705
7.0039677
4.1087806
4.2664839
4.5376007
4.9055605
5.3458886
5.8133895
6.2495797
6.5965381
6.8056903
4.0199702
4.17097
4.4334006
4.7928228
5.2188253
5.665133
6.0841
6.420751
6.623768
3.9493543
4.0968055
4.3543882
4.7057981
5.1172795
5.5474568
5.9545734
6.2824579
6.4799737
3.9074581
4.0532339
4.3078872
4.6532947
5.0554817
5.4768603
5.8769605
6.1990708
6.3931725
3.88729
4.0323007
4.2853749
4.6275354
5.0252292
5.4425906
5.839233
6.1584411
6.3508931
3.84594
3.9893141
4.2386626
4.5735723
4.9622125
5.371552
5.7606895
6.0737135
6.2627365
3.7770065
3.9170137
4.1585065
4.4804129
4.8550031
5.2511969
5.6268317
5.9292841
6.1125973
3.6871864
3.8211896
4.0506352
4.3565934
4.7149132
5.0932665
5.4507037
5.739756
5.915436
3.5827725
3.7090624
3.9256674
4.2162367
4.5564832
4.9137819
5.2516949
5.5252352
5.6909428
3.4738784
3.593329
3.7990133
4.0749063
4.3960332
4.7330706
5.0517121
5.307386
5.4614203
3.3748245
3.4890004
3.6853582
3.947474
4.2518164
4.5716209
4.8711346
5.1090896
5.2526817
3.2980855
3.4081752
3.5970495
3.8484081
4.1406459
4.4464064
4.7295328
4.9543099
5.0908971
3.2523318
3.3599051
3.5442557
3.7894167
4.0746473
4.3712649
4.6444856
4.8622037
4.9950271
2.0032712
2.112659
2.3007148
2.5518998
2.8484579
3.1620759
3.450809
3.679201
3.8186842
1.9896883
2.0977364
2.2828315
2.5309875
2.824867
3.1329819
3.415421
3.6402565
3.7780544
1.9659832
2.0712553
2.2518993
2.4962856
2.7842216
3.0815723
3.3551424
3.575292
3.7104739
1.9328583
2.0350766
2.2120905
2.4512612
2.7277985
3.012099
3.2777273
3.4922284
3.6231417
1.894708
1.9948938
2.1678017
2.3972402
2.6601068
2.9344079
3.1923417
3.3980653
3.5222887
1.8571692
1.9545513
2.1203419
2.3385346
2.591628
2.8581177
3.1053132
3.2997608
3.4168172
1.8221853
1.915632
2.0742041
2.2848325
2.5316467
2.7890312
3.024183
3.2088094
3.3203437
1.7929274
1.8832898
2.0374634
2.2439929
2.4853226
2.7337634
2.9596905
3.1377353
3.2454665
1.774707
1.8635232
2.0156813
2.2199491
2.4572939
2.700047
2.9209391
3.0953584
3.2008458
17.982942
18.047483
18.154091
18.288925
18.435354
18.576222
18.697076
18.787211
18.839124
17.689496
17.753728
17.859726
17.993441
18.13848
18.278823
18.400007
18.490299
18.54212
17.193555
17.25646
17.36068
17.492521
17.635733
17.774008
17.893334
17.982782
18.034716
16.547155
16.608131
16.709203
16.8372
16.976556
17.111511
17.22798
17.315149
17.365629
15.821662
15.879774
15.97628
16.098718
16.232166
16.361674
16.473926
16.558225
16.607206
15.097675
15.152466
15.243548
15.35934
15.485934
15.609166
15.716117
15.796495
15.843175
14.454652
14.506334
14.592317
14.701736
14.821507
14.938353
15.039955
15.116423
15.160944
13.9622
14.01135
14.093152
14.197423
14.311811
14.423438
14.520538
14.593813
14.636597
13.671231
13.718896
13.798213
13.899324
14.010405
14.119035
14.213549
14.284769
14.326269
13.531135
13.578115
13.656373
13.756057
13.865423
13.972481
14.065779
14.136094
14.177109
13.24174
13.287209
13.363008
13.459728
13.565861
13.669635
13.760078
13.828345
13.86823
12.757129
12.800108
12.871737
12.963229
13.063802
13.162188
13.247904
13.312617
13.350417
12.134079
12.173843
12.24022
12.325076
12.418295
12.509509
12.589099
12.649259
12.684409
11.445178
11.481437
11.541964
11.619347
11.704405
11.787671
11.860366
11.915354
11.947473
10.768223
10.801045
10.855847
10.925911
11.002928
11.078391
11.144327
11.194218
11.223383
10.175941
10.205781
10.255616
10.319365
10.389474
10.458176
10.518215
10.563673
10.590267
9.7277598
9.7554025
9.8015552
9.8605967
9.9255549
9.9892495
10.044929
10.087082
10.111741
9.4652857
9.4916522
9.5357004
9.5920609
9.6540343
9.7148123
9.767982
9.8082418
9.831798
12.760038
12.818656
12.910871
13.025254
13.149764
13.272061
13.379166
13.460511
13.50829
12.49856
12.554451
12.642736
12.752845
12.872994
12.99112
13.09473
13.17342
13.219623
12.059549
12.11113
12.193218
12.296302
12.409285
12.520542
12.618239
12.692552
12.736218
11.493426
11.539866
11.614478
11.708923
11.812887
11.915486
12.005685
12.074343
12.114728
10.865027
10.906296
10.973267
11.058632
11.152954
11.246166
11.3282
11.390738
11.427539
10.245231
10.28188
10.341877
10.418759
10.503901
10.588145
10.662339
10.718924
10.752244
9.70123
9.7341422
9.7883631
9.8581145
9.9354897
10.012111
10.079621
10.131094
10.161402
9.2885093
9.3187637
9.3687986
9.4333373
9.5050281
9.5760312
9.6385587
9.6862232
9.7142891
9.046361
9.0751212
9.1227793
9.1843627
9.2527995
9.3205515
9.3802013
9.4256664
9.4524355
4.1862885
4.2197429
4.2748291
4.3439147
4.4180044
4.4884279
4.5482391
4.5923551
4.6179739
4.3300053
4.3654885
4.42399
4.4974798
4.5764403
4.6516798
4.715718
4.7630493
4.7905947
4.5713133
4.6103533
4.6748206
4.7560206
4.8435341
4.9272139
4.9987076
5.0516957
5.0826152
4.8831821
4.9270782
4.9997055
5.091452
5.1907183
5.2860287
5.3678006
5.4286503
5.4642364
5.231202
5.2808712
5.3632457
5.4676416
5.5810034
5.6902982
5.7844116
5.8546871
5.8959037
5.5777454
5.6336196
5.7264458
5.8444159
5.9728701
6.0971012
6.2043646
6.2846748
6.3317836
5.8859324
5.947683
6.0503971
6.1811988
6.3238582
6.4622049
6.5818266
6.6716233
6.7241795
6.1228573
6.1893147
6.2999386
6.4410648
6.5951431
6.7448463
6.8744582
6.971872
7.0286963
6.2632168
6.3325566
6.4480055
6.5954167
6.7564966
6.9131368
7.048857
7.1509689
7.2103167
6.3309466
6.4017025
6.5195208
6.6700077
6.8345182
6.9945641
7.1332746
7.2376834
7.2982853
6.4709935
6.5447086
6.6675468
6.824501
6.9962247
7.1634609
7.308455
7.4177087
7.4808848
6.7065398
6.7853063
6.9167868
7.085002
7.2692009
7.4488927
7.6048061
7.7223731
7.789914
7.0112273
7.0968531
7.2399269
7.4232478
7.6243084
7.8207638
7.9914362
8.1201398
8.1933315
7.3509243
7.4445594
7.6012522
7.8021501
8.0228421
8.2389407
8.4268447
8.5684543
8.6479614
7.6880716
7.7899401
7.9606892
8.1799254
8.4209872
8.6574159
8.8633289
9.0181051
9.103844
7.9859428
8.0954565
8.2790856
8.5150686
8.7749646
9.0300049
9.2524594
9.4193068
9.5103698
8.2132436
8.3287224
8.522571
8.7717343
9.0463519
9.3161344
9.5515146
9.7277591
9.8229342
8.3472159
8.4662533
8.666156
8.9233072
9.2067702
9.485341
9.7286021
9.9103223
10.007901
5.2133054
5.2892878
5.4167539
5.581112
5.763757
5.9445338
6.1038014
6.2250962
6.2964959
5.3104385
5.3891126
5.5211239
5.6914884
5.8810719
6.068885
6.2345567
6.3608108
6.4351189
5.4720472
5.5551889
5.69499
5.8757876
6.0773283
6.2772859
6.4539226
6.5887817
6.6682019
5.6775612
5.766856
5.9171001
6.1117542
6.329266
6.5455218
6.7368863
6.8831991
6.9695331
5.9023158
5.9986086
6.1609625
6.3716846
6.6076521
6.8428262
7.0514021
7.2110796
7.305362
6.1207507
6.2243036
6.3990366
6.6263031
6.8813395
7.1360665
7.3623975
7.5359552
7.6385284
6.3097567
6.4199796
6.6061748
6.8486088
7.1211491
7.3937261
7.6363523
7.8225545
7.9327148
6.4519886
6.5671165
6.7622182
7.0166041
7.302884
7.5895375
7.8448501
8.0410964
8.1571609
6.5351434
6.6531545
6.8533303
7.1149381
7.4094144
7.7045788
7.9674939
8.1696826
8.2894151
8.4116476
8.5324356
8.7352603
8.9962623
9.2840439
9.5668604
9.8139395
9.9983546
10.096998
8.5443296
8.6688351
8.8778246
9.1468023
9.4436298
9.7352706
9.9902749
10.180361
10.281223
8.766019
8.8966702
9.1161642
9.3987256
9.7108638
10.017662
10.285937
10.485553
10.590276
9.049756
9.1884574
9.4215709
9.7219322
10.054089
10.380796
10.666579
10.878224
10.987846
9.3613989
9.5093352
9.7578743
10.078142
10.4328
10.781911
11.087467
11.31257
11.427384
9.6653544
9.8222798
10.086257
10.426588
10.803457
11.174897
11.500076
11.738352
11.858512
9.9293258
10.094263
10.37148
10.729343
11.125977
11.516828
11.859409
12.109087
12.233848
10.127319
10.29843
10.586032
10.95688
11.368208
11.773961
12.129327
12.388001
12.516275
10.242607
10.417229
10.710816
11.089573
11.509132
11.923572
12.286497
12.550049
12.681014
10.297476
10.474052
10.77043
11.152907
11.576507
11.994845
12.361623
12.62726
12.759529
10.40913
10.589869
10.892472
11.28242
11.714487
12.140609
12.514943
12.78567
12.919745
10.591984
10.77932
11.093041
11.495811
11.941347
12.380674
12.766316
13.045685
13.183889
10.820199
11.015031
11.342128
11.762233
12.224921
12.680023
13.079255
13.368035
13.512553
11.066027
11.267839
11.607018
12.043989
12.525637
12.997078
13.409248
13.707168
13.857702
11.300846
11.5096
11.859207
12.308751
12.805096
13.291334
13.713775
14.01876
14.175435
11.496972
11.712726
12.072831
12.532667
13.03727
13.531818
13.96158
14.270815
14.431169
11.639354
11.859269
12.227298
12.696433
13.206798
13.703672
14.135283
14.447678
14.610362
11.72128
11.943147
12.314455
12.788802
13.303358
13.80093
14.231717
14.544179
14.709276
7.6336572
7.8049116
8.0959888
8.4765638
8.907306
9.3430268
9.7336419
10.03418
10.211847
7.6937619
7.867639
8.1639251
8.552588
8.991451
9.4346437
9.8329927
10.139879
10.32159
7.791421
7.9708295
8.2755747
8.6763665
9.1302543
9.5865705
9.9963845
10.313338
10.501326
7.9122407
8.0981593
8.4147577
8.830522
9.3025272
9.7781354
10.202872
10.530962
10.726006
8.0421751
8.2343518
8.5622644
8.994802
9.4857458
9.9815205
10.425438
10.766364
10.968509
8.1625006
8.3628501
8.7026429
9.1495828
9.6590364
10.173229
10.634142
10.989631
11.199624
8.2619102
8.4676854
8.8196338
9.2812431
9.8045645
10.335148
10.809771
11.175385
11.392415
8.3357575
8.5453195
8.9029406
9.3766352
9.9126914
10.452732
10.939066
11.311963
11.532747
8.3759796
8.589818
8.9516403
9.4296475
9.9746526
10.52095
11.011798
11.390677
11.613511
4.7111122
4.8397569
5.0538143
5.326434
5.6272524
5.9265553
6.1929326
6.3968833
6.5170117
4.7483979
4.8791324
5.0972447
5.375676
5.6823659
5.9875942
6.2608729
6.4712633
6.5956341
4.8086017
4.9432668
5.167866
5.4557009
5.773374
6.0885124
6.3719305
6.5921039
6.7230182
4.8822542
5.0217417
5.2549784
5.5544154
5.886516
6.2163054
6.5119104
6.7428019
6.88094
4.9600279
5.1043314
5.3464098
5.6586789
6.0061777
6.3531779
6.6643891
6.9064292
7.0515874
5.03119
5.1812779
5.432186
5.7562474
6.1189217
6.4821795
6.8097049
7.0647964
7.2170563
5.0887806
5.2435096
5.5034723
5.8384709
6.2135916
6.5914575
6.9322507
7.199009
7.358767
5.1306036
5.2882824
5.5539678
5.898516
6.2834151
6.6714631
7.0232297
7.2976462
7.4627354
5.1536369
5.3138497
5.5826784
5.9321371
6.3238253
6.7173885
7.075346
7.3550388
7.5226325
5.164347
5.3257839
5.5963902
5.9480734
6.3430446
6.7395446
7.1001481
7.3825561
7.5513817
5.1854477
5.3491253
5.6238885
5.9800538
6.3812873
6.784639
7.1500098
7.4378719
7.6100907
5.2193586
5.386026
5.6671563
6.0320076
6.4426651
6.8577116
7.2328098
7.5273391
7.70504
5.258552
5.4297579
5.7184144
6.094469
6.5180815
6.9462737
7.3356011
7.6401269
7.8230268
5.2979078
5.4728774
5.7697417
6.1575726
6.5959424
7.039189
7.4419666
7.7593431
7.9497087
5.3350493
5.5130985
5.815481
6.2138853
6.6659758
7.1245505
7.5414815
7.8686415
8.066264
5.3604186
5.5450305
5.8542459
6.2591698
6.7224907
7.1933931
7.6230623
7.9610873
8.163371
5.3734944
5.5622594
5.8808924
6.2929821
6.7619632
7.2429101
7.680396
8.0263117
8.2347047
5.381053
5.5703924
5.8932796
6.3123711
6.7846881
7.2700049
7.7136579
8.0622944
8.2732693
2.827736
2.9698007
3.2149262
3.5421547
3.9157848
4.2997579
4.6519659
4.9243176
5.0861961
2.829091
2.9720163
3.2174701
3.5469943
3.9255029
4.3120635
4.6672157
4.9431104
5.1064318
2.8294499
2.9742444
3.2216382
3.5529659
3.938599
4.3324764
4.6907711
4.9720234
5.1388001
2.82741
2.9736708
3.2249339
3.559449
3.9496878
4.3547088
4.7205644
5.0052066
5.175952
2.8226909
2.970083
3.2241331
3.564299
3.9589166
4.3707474
4.7492388
5.0408105
5.2139539
2.8149573
2.963922
3.2201424
3.5643372
3.9658177
4.3823296
4.7675399
5.0701417
5.2489558
2.8058422
2.9556619
3.2142807
3.5614647
3.9676157
4.3910477
4.7799384
5.0865385
5.2711649
2.7976173
2.948082
3.2078966
3.5576607
3.9669074
4.3946074
4.788936
5.0976197
5.2831237
2.7921402
2.9430157
3.2036073
3.554575
3.9657502
4.395732
4.7928199
5.1041331
5.2904612
7.7099336
7.722027
7.7423677
7.7685658
7.7975302
7.8262866
7.851924
7.871656
7.8832809
7.9126134
7.9253388
7.946749
7.9743382
8.0048523
8.0351547
8.0621737
8.0829708
8.0952248
8.2563885
8.2702109
8.293473
8.3234623
8.3566533
8.3896376
8.419066
8.4417283
8.4550853
8.7064448
8.7217649
8.7475537
8.7808096
8.8176298
8.8542395
8.8869231
8.9121072
8.9269559
9.2152325
9.2323079
9.261063
9.2981674
9.3392753
9.3801708
9.4166952
9.4448476
9.461452
9.7271315
9.7460392
9.7778874
9.8189947
9.8645592
9.9099177
9.9504582
9.9817251
10.000171
10.184958
10.205563
10.240281
10.285114
10.334825
10.384319
10.42856
10.462688
10.48283
10.537747
10.559679
10.596648
10.644398
10.697373
10.750152
10.797354
10.833773
10.855264
10.746969
10.7697
10.80802
10.857525
10.912442
10.967171
11.016145
11.053943
11.07625
13.894017
13.930006
13.99073
14.06921
14.156298
14.243257
14.321309
14.381612
14.417117
14.080788
14.117591
14.179687
14.260062
14.34936
14.438401
14.51823
14.580007
14.616453
14.388821
14.42712
14.491674
14.575293
14.668276
14.760942
14.844032
14.908273
14.946068
14.773374
14.813724
14.881715
14.969807
15.067735
15.165257
15.252682
15.320325
15.360167
15.178571
15.22115
15.292858
15.385894
15.489598
15.593164
15.686059
15.758035
15.800627
15.548262
15.593187
15.668828
15.766815
15.876206
15.985669
16.08389
16.16018
16.205515
15.846288
15.892823
15.971387
16.07363
16.187864
16.302302
16.405248
16.485279
16.532897
16.057286
16.105147
16.185955
16.290847
16.408123
16.526598
16.633403
16.71571
16.764381
16.174287
16.223066
16.305754
16.413134
16.532991
16.652734
16.760136
16.843629
16.893389
10.489045
10.513158
10.553692
10.605825
10.663868
10.721856
10.773345
10.81302
10.83658
10.685317
10.71028
10.75225
10.806194
10.866212
10.926155
10.979408
11.02049
11.044897
11.014774
11.041142
11.085512
11.142552
11.206015
11.269382
11.325666
11.369085
11.394884
11.439121
11.467367
11.514896
11.575996
11.643977
11.711883
11.772237
11.818806
11.846467
11.908894
11.939253
11.990378
12.056145
12.129295
12.20231
12.267222
12.317351
12.347137
12.370298
12.402822
12.457579
12.528041
12.606458
12.684717
12.754286
12.807999
12.839885
12.772724
12.807169
12.865212
12.939959
13.023149
13.106115
13.179842
13.236828
13.270662
13.076428
13.112316
13.172736
13.250592
13.337391
13.424092
13.501112
13.560513
13.595759
13.25341
13.290364
13.352483
13.43224
13.520984
13.609711
13.688682
13.749673
13.785823
13.337751
13.375082
13.438015
13.519023
13.608956
13.698546
13.778243
13.839896
13.876525
13.51101
13.549159
13.613418
13.696321
13.788666
13.880741
13.962475
14.025514
14.062903
13.796245
13.835912
13.902652
13.988612
14.084481
14.180319
14.26551
14.331266
14.370214
14.151745
14.193281
14.263257
14.353435
14.453914
14.55433
14.643681
14.712773
14.753768
14.525649
14.569095
14.642319
14.736821
14.842187
14.947771
15.041966
15.114717
15.157871
14.867568
14.912734
14.988898
15.087224
15.196814
15.30657
15.404817
15.481083
15.526459
15.143587
15.190064
15.268412
15.369582
15.482634
15.59633
15.698033
15.776789
15.823691
15.337807
15.385182
15.465336
15.569107
15.68459
15.800366
15.904592
15.9857
16.034036
15.446522
15.494247
15.574943
15.679841
15.797492
15.914817
16.019414
16.101513
16.150673
12.792071
12.821057
12.874972
12.951837
13.042411
13.134979
13.217547
13.281417
13.319542
12.953144
12.982898
13.038027
13.116395
13.208763
13.303385
13.387925
13.453335
13.492373
13.218308
13.249026
13.305874
13.38694
13.482654
13.580729
13.668434
13.736339
13.776884
13.549219
13.581596
13.640534
13.724469
13.824064
13.926431
14.018073
14.089076
14.13148
13.897096
13.931804
13.993631
14.080808
14.184149
14.290568
14.386046
14.460119
14.504432
14.217158
14.253886
14.318065
14.407778
14.514352
14.624331
14.723118
14.799737
14.845561
14.475069
14.513884
14.580967
14.67313
14.781714
14.893861
14.995101
15.073864
15.120942
14.654496
14.694138
14.763191
14.858185
14.969896
15.084417
15.187135
15.266995
15.314785
14.754353
14.794161
14.863835
14.95937
15.07217
15.18906
15.293916
15.375014
15.423323
11.760382
11.982988
12.355696
12.832212
13.34883
13.846878
14.276641
14.588778
14.754189
11.838679
12.064174
12.439603
12.918847
13.439392
13.938942
14.366454
14.676713
14.842298
11.964152
12.193157
12.574707
13.05917
13.582723
14.083855
14.508502
14.813878
14.978101
12.120498
12.35229
12.73868
13.228926
13.753638
14.252147
14.670884
14.969863
15.131475
12.280225
12.517256
12.910095
13.405182
13.928873
14.418917
14.824287
15.113078
15.272316
12.425525
12.664258
13.064823
13.56878
14.088659
14.569432
14.954624
15.225216
15.38147
12.547924
12.789323
13.193166
13.702381
14.219988
14.695299
15.063232
15.308983
15.454411
12.62938
12.875952
13.290289
13.805195
14.318648
14.791356
15.151696
15.375461
15.503159
12.680705
12.924571
13.338929
13.863476
14.381555
14.854766
15.21334
15.422327
15.534468
12.70682
12.953177
13.365097
13.883571
14.409546
14.889641
15.240423
15.446813
15.553358
12.753961
13.007137
13.423281
13.936901
14.462926
14.949027
15.30515
15.500429
15.592023
12.830075
13.08445
13.507308
14.026427
14.5706
15.097464
15.455775
15.608842
15.668495
12.929945
13.192396
13.607263
14.163773
14.770973
15.374521
15.848074
15.913383
15.818611
13.007292
13.268059
13.7264
14.347784
15.041866
15.959893
16.88197
16.929097
16.47043
13.057405
13.320089
13.852776
14.524606
15.432706
16.925244
18.323668
18.5731
18.015958
13.131231
13.424524
13.966299
14.700521
15.902237
17.84033
19.362838
19.546794
19.239356
13.186359
13.489436
14.02677
14.848923
16.290155
18.462944
19.846532
19.587004
19.237123
13.195183
13.508475
14.061724
14.933732
16.50968
18.781249
20.032241
19.451649
18.902162
8.8164272
9.0636929
9.4902263
10.053883
10.685594
11.319239
11.8885
12.325984
12.582199
8.8326253
9.0813354
9.5078367
10.075897
10.718318
11.357282
11.928151
12.368122
12.627674
8.8551718
9.1078713
9.537699
10.107501
10.761372
11.416831
11.997554
12.442646
12.70339
8.8766225
9.1328064
9.5704277
10.14642
10.803671
11.474146
12.073437
12.530257
12.799637
8.8914233
9.1508935
9.5944445
10.181085
10.847846
11.521489
12.128871
12.597686
12.873428
8.8956594
9.1585732
9.6071779
10.200396
10.878268
11.562886
12.173497
12.638992
12.916805
8.8910839
9.1555854
9.6089392
10.208592
10.891532
11.58687
12.209877
12.689938
12.983509
8.8815605
9.1472536
9.6038008
10.206252
10.896067
11.595818
12.223423
12.731244
13.039854
8.8729978
9.1399165
9.5979669
10.201872
10.894521
11.597354
12.231535
12.74455
13.052045
13.198508
13.51985
14.081892
14.97636
16.611519
18.906869
20.101611
19.375101
18.75238
13.211136
13.544652
14.123949
15.067808
16.797514
19.123357
20.224463
19.371015
18.60878
13.229032
13.572938
14.178813
15.201395
17.022239
19.341813
20.428938
19.688749
18.866477
13.237865
13.590418
14.219384
15.306951
17.155208
19.408476
20.659857
20.368309
19.763328
13.217374
13.572148
14.224441
15.334864
17.131963
19.281404
20.720959
21.027118
20.872096
13.158295
13.512078
14.180749
15.280065
16.974948
18.992129
20.504256
21.194658
21.409514
13.075405
13.431672
14.101476
15.169931
16.755095
18.633468
20.132598
20.95604
21.309404
12.99559
13.350389
14.015172
15.054219
16.548324
18.312913
19.766714
20.634992
21.054799
12.94017
13.294234
13.955013
14.974818
16.415522
18.107345
19.521851
20.390115
20.822248
12.911389
13.265752
13.923724
14.933471
16.349567
18.007342
19.407163
20.27464
20.696906
12.85021
13.202457
13.853067
14.843355
16.207692
17.798896
19.159362
20.018966
20.439609
12.735853
13.082005
13.7208
14.677448
15.959452
17.443523
18.733294
19.571724
19.986647
12.564634
12.904112
13.526016
14.43699
15.624433
16.980943
18.178128
18.981147
19.38786
12.347409
12.67953
13.27804
14.138126
15.235015
16.464607
17.566106
18.3309
18.725323
12.107481
12.429442
13.000977
13.812844
14.831011
15.951288
16.967972
17.690815
18.069591
11.874802
12.185156
12.732336
13.503415
14.458105
15.494939
16.442795
17.127728
17.490616
11.683479
11.984199
12.513271
13.253862
14.163128
15.14303
16.041188
16.696452
17.045819
11.565091
11.860164
12.378711
13.101485
13.985067
14.933553
15.803362
16.44053
16.782021
8.4841211
8.7504217
9.2126665
9.8129142
10.491537
11.213601
11.884868
12.41443
12.745643
8.442938
8.7108899
9.1699278
9.7614228
10.4408
11.16357
11.826944
12.353887
12.683754
8.3729716
8.6397588
9.087624
9.6691792
10.352415
11.068898
11.71921
12.243072
12.571114
8.2730629
8.5313794
8.9652686
9.5446303
10.227654
10.926149
11.563749
12.083314
12.404523
8.1401165
8.3899729
8.8187207
9.3987854
10.067284
10.743788
11.371738
11.879625
12.19133
7.9918427
8.239376
8.6681932
9.2389532
9.8841571
10.5444
11.159227
11.651529
11.956102
7.8554823
8.1026467
8.5266877
9.0799577
9.7063169
10.353635
10.951888
11.431891
11.728792
7.7488726
7.9941012
8.4093437
8.9477706
9.5624574
10.197536
10.782451
11.253013
11.541948
7.6843472
7.927182
8.3357584
8.8662775
9.4743554
10.101162
10.678459
11.14263
11.426356
5.2428678
5.4590974
5.8315329
6.3286709
6.9027337
7.4953967
8.0428808
8.4776828
8.7401811
5.2266449
5.442836
5.815382
6.3129123
6.8877433
7.4814401
8.0299651
8.4657902
8.7292252
5.1977154
5.4137109
5.7860874
6.283933
6.8596373
7.4545004
8.004673
8.441481
8.705447
5.157252
5.3725588
5.7442361
6.2417463
6.8176748
7.4134281
7.964436
8.4023637
8.6676361
5.1079633
5.3221396
5.6922217
6.1883404
6.7634966
7.3588897
7.9102938
8.3485031
8.6128107
5.0546477
5.2671306
5.6347538
6.1284383
6.701368
7.2954702
7.845517
8.2818294
8.5464789
5.0037528
5.2142961
5.5791886
6.0694888
6.6396722
7.2312933
7.7785381
8.2151371
8.4801146
4.9623446
5.1713837
5.5334521
6.0205735
6.5880942
7.1763224
7.722448
8.1582717
8.4189735
4.9369705
5.1450247
5.5050147
5.9902676
6.555583
7.141676
7.6875761
8.1202014
8.3778481
4.9245208
5.131998
5.4909912
5.9753347
6.5393246
7.1246337
7.6700651
8.1005242
8.3577063
4.8985213
5.1044495
5.4613038
5.9436431
6.5045746
7.0885981
7.6317976
8.0580474
8.3158547
4.852681
5.0559174
5.4101865
5.8873205
6.4433869
7.0251593
7.5606928
7.9846434
8.2454477
4.7904661
4.9915459
5.3398622
5.8090739
6.3608098
6.9332509
7.4619539
7.8892285
8.1481765
4.7185373
4.914894
5.2551068
5.7181872
6.2591678
6.8204847
7.34975
7.7708152
8.0199047
4.6417334
4.8332616
5.1681894
5.6208133
6.1477171
6.7054871
7.226987
7.6318369
7.8738811
4.5708194
4.7595621
5.0871428
5.5264494
6.0463142
6.5974442
7.1017863
7.4972606
7.7378368
4.5159939
4.7012053
5.0201661
5.4519894
5.9674276
6.5058793
6.9984209
7.3918577
7.631672
4.4825904
4.664779
4.9791272
5.4081812
5.9188035
6.4480878
6.9360672
7.3288118
7.5677609
2.3577993
2.4972707
2.7406661
3.0735443
3.4712516
3.8964203
4.2997159
4.6260902
4.826228
2.3471794
2.4858635
2.7278758
3.0588078
3.454067
3.8766131
4.2773125
4.6015652
4.8006471
2.3292056
2.4665618
2.706171
3.0336345
3.4246845
3.842461
4.2386061
4.5594676
4.7561548
2.3057868
2.441316
2.6775976
3.0004326
3.3855601
3.7968388
4.186814
4.5020419
4.6953787
2.2792861
2.4126444
2.6451205
2.9623259
3.340477
3.7440325
4.1259837
4.4352358
4.625276
2.2524803
2.3836611
2.6119791
2.9233221
3.2941594
3.6891101
4.0632488
4.3659084
4.5509169
2.2283227
2.3573352
2.5818397
2.887851
3.2515085
3.6388803
4.0053889
4.3005198
4.4815665
2.2093952
2.336685
2.5583629
2.8598588
3.2179591
3.5993984
3.9588338
4.2490624
4.4280531
2.1979873
2.3243646
2.5442656
2.8429174
3.1979064
3.5753362
3.9306577
4.2187321
4.3958932
17.330912
17.393203
17.485261
17.584493
17.684504
17.791779
17.902518
18.002388
18.068908
17.312619
17.35917
17.430838
17.517742
17.621902
17.746419
17.878914
17.99538
18.070069
17.185707
17.225606
17.296844
17.400004
17.536452
17.697479
17.861444
18.000141
18.085436
17.017324
17.070199
17.167197
17.309269
17.489532
17.68591
17.870531
18.019399
18.112
16.944822
17.007652
17.120659
17.282548
17.48134
17.696182
17.897611
18.0549
18.150624
16.974218
17.039864
17.156642
17.321951
17.526026
17.74972
17.961988
18.131551
18.234412
17.102192
17.165681
17.281077
17.452968
17.668312
17.906046
18.131985
18.311582
18.419838
17.306582
17.371104
17.496545
17.680446
17.914586
18.167667
18.401911
18.585256
18.693771
17.480475
17.548589
17.690291
17.88631
18.135596
18.400329
18.637711
18.821084
18.929211
22.483495
22.524509
22.596551
22.688027
22.786716
22.888149
22.98141
23.055137
23.098041
22.346146
22.385745
22.456072
22.545722
22.646388
22.747467
22.836984
22.906358
22.947403
22.054665
22.099882
22.172683
22.268122
22.374222
22.477826
22.568904
22.637388
22.677384
21.604873
21.64997
21.726376
21.823578
21.931531
22.039554
22.135162
22.207918
22.250072
21.023118
21.071996
21.151176
21.252493
21.364339
21.474243
21.571125
21.644101
21.686443
20.385211
20.434784
20.517266
20.622031
20.736431
20.848316
20.946053
21.01971
21.062595
19.782365
19.832966
19.916219
20.0211
20.135741
20.247586
20.344957
20.418362
20.461214
19.299656
19.35139
19.435703
19.542553
19.65802
19.769185
19.865539
19.937726
19.979802
19.006832
19.056701
19.141844
19.249134
19.365287
19.477438
19.573777
19.646055
19.687966
17.617024
17.5454
17.452578
17.377818
17.339252
17.360287
17.436599
17.526074
17.584627
17.688667
17.635131
17.573163
17.540641
17.564273
17.664376
17.804703
17.942301
18.027818
17.873592
17.88639
17.933828
18.043133
18.235113
18.485899
18.732748
18.936258
19.054455
18.908108
18.991373
19.156624
19.412005
19.732571
20.067592
20.367048
20.590155
20.720853
20.66976
20.777015
20.970951
21.230732
21.515973
21.782125
21.998212
22.151312
22.236923
21.895462
21.964015
22.079413
22.223596
22.375206
22.515421
22.634237
22.725249
22.77819
22.075521
22.11744
22.188005
22.281539
22.394403
22.520434
22.641587
22.735108
22.789501
21.987653
22.027289
22.096769
22.194343
22.313099
22.437882
22.545427
22.619783
22.660726
21.909638
21.954542
22.032106
22.133561
22.244901
22.350822
22.436493
22.496356
22.531245
21.841663
21.888916
21.968803
22.069352
22.176172
22.275466
22.359136
22.423925
22.463858
21.681606
21.729505
21.808866
21.910671
22.020755
22.126215
22.217613
22.286617
22.327544
21.351695
21.404739
21.490153
21.595353
21.708464
21.81894
21.916031
21.989808
22.032798
20.836434
20.894182
20.988382
21.10623
21.232991
21.354389
21.458809
21.537324
21.583242
20.201321
20.263253
20.364591
20.490964
20.626682
20.756783
20.868417
20.951543
20.999484
19.526819
19.591329
19.697226
19.829849
19.971751
20.10701
20.223362
20.310639
20.361179
18.9043
18.969273
19.076204
19.210104
19.354904
19.494997
19.615886
19.706008
19.757806
18.417193
18.482116
18.589201
18.723564
18.868972
19.009403
19.130729
19.22176
19.274317
18.124441
18.18906
18.296144
18.431826
18.578404
18.718571
18.839057
18.929586
18.982521
20.825613
20.955944
21.109795
21.270034
21.439471
21.581768
21.692426
21.77327
21.819125
20.569811
20.705953
20.874868
21.057475
21.242012
21.403875
21.52787
21.611452
21.658402
20.114415
20.262748
20.465266
20.672109
20.864374
21.032283
21.170191
21.269514
21.32524
19.519078
19.674596
19.883427
20.103888
20.312903
20.494612
20.642072
20.747793
20.807804
18.851674
19.000813
19.210505
19.435762
19.648658
19.837783
19.993344
20.106459
20.171016
18.191748
18.333489
18.532772
18.749884
18.961013
19.151873
19.311015
19.427863
19.495047
17.607457
17.738481
17.924803
18.134049
18.340656
18.530171
18.688679
18.805349
18.872659
17.156447
17.280216
17.460366
17.660219
17.859247
18.044451
18.201438
18.318097
18.385465
16.891365
17.010752
17.182546
17.377605
17.573707
17.756157
17.911284
18.025921
18.092606
11.506737
11.799134
12.312655
13.026925
13.898441
14.832297
15.688757
16.317591
16.655676
11.383515
11.670327
12.173406
12.870221
13.717349
14.621894
15.451043
16.062848
16.392765
11.169037
11.446654
11.932068
12.600045
13.407862
14.265251
15.050813
15.633731
15.949411
10.879362
11.144925
11.607062
12.239143
12.998116
13.798361
14.530679
15.076643
15.375102
10.541123
10.79268
11.228896
11.822294
12.529043
13.269681
13.945836
14.452635
14.731978
10.190172
10.427703
10.83841
11.394268
12.051322
12.73602
13.359656
13.82912
14.089848
9.8680249
10.093142
10.481467
11.004621
11.619322
12.256814
12.836185
13.274051
13.518576
9.6148506
9.8305552
10.201763
10.700222
11.283544
11.886089
12.433045
12.847529
13.079557
9.4627945
9.6729869
10.034035
10.518116
11.08323
11.665614
12.194063
12.594839
12.819542
9.3890315
9.5965439
9.9526983
10.429935
10.986352
11.559206
12.078877
12.473114
12.6943
9.2353399
9.437246
9.7833137
10.246507
10.785088
11.338524
11.840285
12.221054
12.43511
8.9740591
9.1663942
9.4958566
9.9357124
10.444883
10.966695
11.438983
11.797598
11.999867
8.6309138
8.8111813
9.1197262
9.5297282
10.002194
10.484647
10.919996
11.250931
11.438402
8.2424735
8.4098347
8.6952381
9.0727539
9.5059626
9.9461973
10.342098
10.643446
10.814945
7.8521572
8.0067651
8.2695028
8.6159421
9.0115256
9.4116112
9.7703064
10.043411
10.199683
7.5034197
7.6469382
7.8903294
8.2100853
8.573488
8.9396523
9.2669368
9.5160021
9.6594083
7.2349282
7.3703105
7.599278
7.8991419
8.2387509
8.5799716
8.8841328
9.1154973
9.2494062
7.0758842
7.2065188
7.4271378
7.7155162
8.0414269
8.3683158
8.6591923
8.8804107
9.0088306
6.4441462
6.6379377
6.9647264
7.3861383
7.853618
8.3238647
8.7514125
9.0874061
9.2902897
6.3543972
6.5450651
6.8665549
7.2794271
7.7363977
8.1963746
8.6137864
8.9413496
9.1391056
6.2016118
6.3868352
6.6984105
7.0960855
7.5363399
7.9792349
8.3793684
8.6929822
8.8821797
6.0006868
6.1778471
6.4742533
6.8523969
7.2726424
7.693156
8.0712111
8.3670002
8.5447878
5.7711422
5.9374053
6.2155972
6.5738095
6.9719643
7.3676066
7.7217923
7.9974029
8.1624695
5.5359863
5.6907603
5.9523897
6.2911411
6.6665012
7.0383519
7.3690759
7.6249415
7.7780244
5.3225308
5.4684013
5.7160566
6.0360764
6.3912476
6.7422284
7.0525474
7.291861
7.4345081
5.1575835
5.2971179
5.5330836
5.8384308
6.1780354
6.512844
6.8081694
7.0350911
7.1698354
5.0599027
5.1953878
5.4242075
5.7209784
6.0511046
6.3764188
6.6630235
6.8827028
7.0129819
6.9992323
7.127617
7.3442751
7.6272005
7.9466243
8.2667232
8.5513145
8.7677329
8.8935422
6.840584
6.9643729
7.172964
7.4447713
7.7509875
8.0572548
8.329057
8.5357197
8.6561757
6.5740324
6.6903495
6.8857819
7.139473
7.4241933
7.7079047
7.9589338
8.149728
8.2613798
6.2299285
6.3369945
6.516162
6.7475791
7.0058379
7.2617357
7.4872549
7.6585016
7.7591837
5.8476232
5.9448096
6.1068507
6.3149617
6.5455685
6.772387
6.9712857
7.1220388
7.211083
5.4703838
5.5581811
5.7041263
5.8905468
6.0956497
6.2957342
6.4701789
6.6019616
6.6800927
5.1395508
5.2193428
5.3516206
5.519882
5.7039137
5.8821569
6.0366498
6.1528321
6.2219187
4.8890505
4.9628714
5.0850251
5.2399684
5.4087288
5.5713829
5.7116664
5.8167014
5.8793119
4.7423684
4.8127311
4.9290442
5.0763393
5.2364046
5.3902762
5.5225792
5.6213621
5.6803318
4.6721447
4.7408615
4.8544025
4.9980749
5.1540405
5.3037907
5.4323591
5.5282245
5.5854896
4.5278269
4.5931841
4.7010732
4.8373792
4.9850381
5.1264714
5.2475315
5.3375507
5.3913911
4.2884632
4.3483252
4.446992
4.5713331
4.7055609
4.8336274
4.9427237
5.023488
5.0718745
3.9851916
4.0382743
4.1255804
4.2352479
4.3530836
4.464934
4.5597033
4.6294812
4.6712983
3.6555894
3.7015845
3.7770508
3.871465
3.9723278
4.0674779
4.147648
4.2063443
4.2414243
3.3372811
3.3767544
3.4413662
3.5218315
3.6072406
3.6872321
3.7542206
3.802976
3.831947
3.0628764
3.0970276
3.1527732
3.2218848
3.2947982
3.3625515
3.4188948
3.4596109
3.4836106
2.8574154
2.8877719
2.937199
2.9982422
3.0623207
3.1214576
3.1702632
3.2052745
3.2257557
2.73782
2.7660421
2.8119257
2.8684502
2.9275929
2.9819354
3.0265302
3.058358
3.0768863
3.5533702
3.6298985
3.7588681
3.9251845
4.1095249
4.2908422
4.4492366
4.5688306
4.6387191
3.4598193
3.5331384
3.6565851
3.8156146
3.9916693
4.1646365
4.3155985
4.4294954
4.4960186
3.3033086
3.3713758
3.4858121
3.6329692
3.7955142
3.9548612
4.0936875
4.1982743
4.2592989
3.1022824
3.1638444
3.26716
3.3996669
3.5455569
3.688115
3.811973
3.905069
3.9592942
2.8798882
2.9346018
3.0262155
3.1433281
3.2717635
3.3967506
3.5049463
3.5860082
3.633112
2.6608161
2.7091371
2.7898474
2.8926595
3.0049311
3.1136913
3.2074334
3.2774032
3.3179574
2.4682765
2.5112693
2.5829183
2.6738789
2.7727969
2.8681947
2.9500614
3.0109407
3.0461323
2.3217529
2.3608751
2.4259507
2.5083397
2.5976286
2.6834196
2.7567729
2.8111476
2.8425083
2.2355059
2.2724217
2.3337574
2.4112794
2.4951136
2.5754752
2.644026
2.694738
2.7239454
3.23012
3.3364736
3.51863
3.7609047
4.042731
4.3346828
4.6032247
4.8177704
4.9488114
3.1840076
3.2877915
3.465477
3.7018966
3.9763642
4.2582857
4.51752
4.725899
4.8532021
3.1056286
3.2052372
3.3754991
3.6024705
3.8631406
4.1276608
4.3731393
4.5714788
4.6918612
3.0028336
3.0971937
3.2586005
3.4722558
3.7120316
3.9565629
4.1863565
4.3707207
4.4822559
2.8869554
2.9756624
3.1266686
3.3209904
3.5386817
3.7651241
3.9768089
4.1458187
4.2485861
2.770406
2.8527123
2.9892545
3.1639829
3.3650508
3.5736802
3.7673988
3.9226097
4.0164625
2.6633864
2.737711
2.8605561
3.0230709
3.2101915
3.4026859
3.5819064
3.7246584
3.8107405
2.5764228
2.6443288
2.7604009
2.9146197
3.0903153
3.2715558
3.4395537
3.5730615
3.6538306
2.5226872
2.5881808
2.7011947
2.84982
3.0192706
3.1938484
3.3553286
3.4837142
3.5611622
2.4963906
2.5611526
2.6725317
2.8184711
2.9849679
3.1563636
3.3147722
3.440673
3.5165714
2.4421418
2.5054266
2.6129136
2.7534588
2.9139734
3.0787967
3.2309832
3.3518076
3.4245327
2.3513153
2.4110247
2.5117015
2.6438134
2.7943391
2.9484072
3.0904281
3.2028931
3.2705082
2.2321677
2.2868279
2.3795993
2.5011947
2.6390737
2.779826
2.9091502
3.0112732
3.0725869
2.096481
2.1464077
2.2308077
2.3408181
2.4652494
2.5918017
2.7076341
2.7988414
2.8534618
1.959946
2.0050639
2.0811297
2.1801941
2.2918485
2.4049645
2.5081262
2.5890718
2.6374392
1.8369431
1.8779719
1.9471265
2.0368461
2.1376419
2.2394345
2.3319369
2.4043045
2.4474488
1.7416874
1.7796935
1.8435798
1.9263725
2.0191787
2.1126298
2.1973359
2.2634392
2.3027763
1.6848794
1.7210948
1.7819973
1.8608047
1.9489937
2.0376614
2.1178953
2.180418
2.2175864
1.4675794
1.5352531
1.6498426
1.7992108
1.9674278
2.1377495
2.2890134
2.4012155
2.4655608
1.445762
1.5121918
1.6240905
1.7700189
1.9342039
2.1001841
2.244846
2.3504995
2.4120359
1.40888
1.47258
1.5804818
1.7201825
1.8782269
2.0349732
2.1660226
2.2634754
2.3225248
1.3599547
1.4206333
1.5227182
1.6552798
1.8041988
1.9426654
2.0593123
2.1509277
2.2058287
1.3041557
1.3614523
1.4570736
1.5823171
1.7120281
1.831416
1.939329
2.0231651
2.0724198
1.2479954
1.3011216
1.3920598
1.5006658
1.6095797
1.7190792
1.8175593
1.8928166
1.938161
1.1969977
1.2481274
1.3273307
1.4167854
1.5166735
1.6174446
1.7067664
1.7762621
1.817187
1.1581386
1.2031412
1.2678517
1.3506124
1.4442714
1.5375884
1.6211989
1.685225
1.7232059
1.1333638
1.1704255
1.2313957
1.3111219
1.4005155
1.4901281
1.5697305
1.631051
1.6674553
14.196695
14.236823
14.303418
14.387992
14.480454
14.570164
14.647644
14.705687
14.739329
13.887263
13.926291
13.991108
14.073265
14.162971
14.250109
14.325573
14.382194
14.414994
13.368511
13.405607
13.467119
13.545219
13.630481
13.713252
13.78496
13.838757
13.870004
12.701214
12.73565
12.792807
12.865411
12.944744
13.021876
13.088742
13.1389
13.168037
11.962847
11.994365
12.046663
12.113156
12.185835
12.256521
12.31784
12.363862
12.390644
11.237338
11.265933
11.31344
11.373879
11.439994
11.504309
11.560078
11.601967
11.626361
10.603
10.629102
10.672459
10.727576
10.787877
10.846565
10.897499
10.935813
10.95811
10.123552
10.147755
10.187957
10.239097
10.295071
10.349533
10.396788
10.432341
10.453029
9.8430685
9.8661497
9.9045213
9.9533294
10.006776
10.058809
10.103943
10.137871
10.157594
5.9296472
5.9388928
5.9542295
5.9736504
5.9947936
6.0152833
6.032977
6.0462243
6.0539113
5.7128074
5.7214024
5.7356473
5.7536747
5.7733012
5.7923041
5.8086904
5.8209545
5.828068
5.3571884
5.3647492
5.3772631
5.3930863
5.4102913
5.426924
5.4412482
5.4519547
5.458154
4.9137326
4.9200654
4.9305381
4.9437623
4.9581059
4.9719325
4.9838116
4.9926711
4.9977925
4.4406409
4.4457549
4.4542017
4.4648375
4.4763405
4.4873949
4.4968603
4.5038979
4.5079569
3.992613
3.9966531
4.0033142
4.0116763
4.0206863
4.0293099
4.0366668
4.0421161
4.0452509
3.6136903
3.6168824
3.6221318
3.6286998
3.6357442
3.642448
3.6481359
3.6523314
3.654738
3.3346097
3.3372139
3.3414851
3.3468104
3.3524918
3.3578666
3.362401
3.3657317
3.3676361
3.1740367
3.1763165
3.1800493
3.1846915
3.1896246
3.1942723
3.1981765
3.2010337
3.2026644
9.3396721
9.3654337
9.4084686
9.4635461
9.5241372
9.5835373
9.63548
9.6748264
9.697846
9.0812978
9.1058465
9.1468376
9.1992816
9.2570084
9.3136337
9.3631331
9.4006038
9.4225161
8.6524758
8.6750266
8.7126841
8.760885
8.8139401
8.8659956
8.9115065
8.945937
8.96607
8.1086398
8.1287387
8.1623048
8.2052756
8.2525887
8.2989874
8.3395099
8.3701619
8.3880925
7.517202
7.5347417
7.5640409
7.6015558
7.6428239
7.6832507
7.718547
7.7452492
7.7608694
6.9464386
6.9616308
6.9869981
7.01945
7.0551096
7.0900177
7.1204904
7.1435423
7.1570221
6.4557614
6.4690235
6.4911505
6.5194337
6.5504958
6.5808943
6.607418
6.6274695
6.6391872
6.0899349
6.1018098
6.1216209
6.1469416
6.1747371
6.2019196
6.2256253
6.2435377
6.2540009
5.8778951
5.888996
5.9075171
5.9311775
5.9571422
5.982524
6.0046444
6.0213503
6.0311076
5.7769612
5.7877019
5.8056222
5.8285095
5.8536141
5.8781544
5.8995399
5.9156822
5.9251077
5.5705946
5.5806124
5.5973207
5.6186563
5.6420458
5.6648925
5.6847967
5.6998166
5.7085832
5.2315545
5.240431
5.2552231
5.2740959
5.2947711
5.3149492
5.3325088
5.3457437
5.3534637
4.8077253
4.815254
4.8277815
4.8437407
4.8612027
4.8782239
4.8930068
4.9041279
4.9106056
4.3543256
4.3604973
4.3707534
4.3837935
4.3980331
4.4118813
4.4238722
4.4328762
4.4381115
3.9237323
3.9286988
3.9369403
3.9473976
3.9587781
3.9698077
3.9793326
3.986467
3.9906072
3.5585584
3.5625784
3.5692308
3.5776454
3.586768
3.5955751
3.6031545
3.608816
3.6120961
3.2889855
3.2923465
3.2979016
3.3049026
3.3124658
3.3197391
3.3259728
3.3306152
3.3333003
3.1336383
3.1366369
3.141587
3.1478113
3.1545185
3.160948
3.1664433
3.1705263
3.1728841
5.6028514
5.6153407
5.6357812
5.661614
5.6898884
5.7177237
5.7421568
5.7607456
5.7716839
5.4077768
5.4195518
5.4387265
5.4628859
5.489309
5.5153085
5.5381186
5.5554658
5.5656691
5.0866736
5.0972785
5.1144266
5.1359236
5.1594154
5.1825146
5.2027569
5.218147
5.227188
4.6841586
4.6933411
4.7080317
4.7263626
4.7463926
4.766063
4.7832721
4.7963473
4.8040166
4.2522396
4.2599236
4.2720959
4.2872639
4.3038209
4.3200468
4.3342263
4.3449711
4.3512704
3.8408264
3.8470627
3.8569872
3.8693588
3.8828404
3.8960148
3.9075018
3.9161771
3.9212581
3.4909106
3.4959715
3.5040832
3.5142325
3.5252857
3.5360403
3.545393
3.5524337
3.5565456
3.2319455
3.2361905
3.2430325
3.2516391
3.2609969
3.2700708
3.2779418
3.2838491
3.287295
3.0824515
3.0862362
3.0923877
3.1001433
3.1085615
3.1167146
3.1237627
3.1290489
3.132129
