FiniteElementSpace
FiniteElementCollection: L2_2D_P8
VDim: 1
Ordering: 0

2.2711562
2.2541181
2.2244929
2.1844028
2.1373423
2.088197
2.0428049
2.0069215
1.9852622
2.2843386
2.2671385
2.237239
2.1967425
2.1491776
2.0995432
2.0536978
2.0174278
1.9955365
2.3052545
2.2877906
2.2574039
2.216229
2.1679039
2.1174757
2.0708581
2.0339863
2.0117396
2.3298387
2.3120326
2.2810579
2.2391087
2.1898596
2.1384371
2.0909135
2.0533273
2.0306419
2.3538391
2.3357025
2.3041518
2.2614001
2.2111959
2.1587868
2.1103405
2.0720123
2.0488804
2.3739974
2.3555637
2.3234875
2.2800277
2.2289962
2.1757054
2.1264361
2.0874608
2.063936
2.3886343
2.3699693
2.3374973
2.2934969
2.2418121
2.1878373
2.1379378
2.0984544
2.0746209
2.3977351
2.3789224
2.3461847
2.3018104
2.2496908
2.1952642
2.1449327
2.1051071
2.0810689
2.4022407
2.3833452
2.350458
2.3058889
2.2535458
2.1988713
2.1483099
2.1083079
2.0841606
0.027900547
0.068206026
0.13821623
0.22884395
0.32891015
0.42758945
0.51405881
0.57958068
0.61811566
0.029186925
0.068772031
0.13774617
0.22740068
0.32633757
0.42380565
0.50936073
0.57415727
0.61219476
0.031319524
0.06968521
0.13708098
0.22486731
0.32189731
0.41740474
0.50118989
0.5647436
0.6020528
0.034286901
0.070887208
0.13609838
0.22154437
0.31593109
0.40887661
0.49039492
0.55218183
0.58846786
0.037762182
0.072393738
0.13500086
0.21766728
0.30905102
0.39901602
0.47794512
0.5377772
0.5728936
0.041181834
0.073764243
0.13372933
0.21365648
0.30198192
0.38892245
0.46517164
0.52296873
0.55692064
0.04452362
0.075183053
0.13249984
0.20985299
0.29548365
0.3797117
0.45356799
0.50952851
0.54240035
0.047220348
0.076492025
0.13174783
0.20688338
0.29031222
0.37247012
0.44447683
0.49902845
0.53108455
0.048656397
0.077188708
0.13134804
0.2052091
0.28721169
0.3681014
0.43902306
0.49271619
0.52428797
1.9246904
1.9411845
1.9676911
1.9996836
2.0322885
2.0614206
2.0844618
2.100314
2.1089382
1.9030189
1.9193015
1.9454684
1.9770512
2.0092332
2.0379772
2.0607073
2.0763493
2.0848622
1.8658732
1.8817952
1.9073802
1.9382563
1.9697145
1.9978051
2.0200061
2.0352769
2.0435885
1.8165725
1.8320172
1.8568311
1.8867695
1.9172663
1.944494
1.966005
1.9807918
1.9888353
1.760025
1.7749224
1.7988544
1.8277236
1.8571209
1.8833564
1.9040792
1.9183216
1.9260666
1.7023607
1.7167037
1.7397403
1.7675216
1.7958037
1.8210351
1.8409547
1.8546394
1.8620799
1.6501728
1.6640169
1.6862491
1.713053
1.7403304
1.7646577
1.7838579
1.7970435
1.8042097
1.609585
1.6230407
1.6446488
1.6706981
1.6972004
1.7208276
1.7394698
1.7522696
1.7592252
1.5853697
1.5985937
1.6198288
1.6454272
1.6714691
1.6946825
1.7129938
1.7255638
1.7323936
1.9298239
1.9148516
1.8887892
1.8534788
1.8119951
1.7686223
1.7285017
1.6967616
1.677597
1.9078698
1.8931256
1.867446
1.8326262
1.7917364
1.749016
1.7094773
1.6781875
1.6593016
1.8701998
1.8558259
1.8308119
1.7968846
1.7570052
1.7153602
1.6768468
1.6463535
1.6279422
1.8202024
1.806304
1.7821238
1.7493691
1.7108838
1.6706601
1.6334682
1.6040451
1.5862805
1.7627692
1.7494498
1.7262554
1.6948042
1.6578795
1.6193296
1.5836637
1.5554369
1.538402
1.704108
1.6913487
1.6691684
1.6391122
1.6037727
1.566867
1.5327761
1.5058004
1.4895104
1.6510345
1.6387789
1.6174456
1.5885816
1.5547348
1.519357
1.4866237
1.460754
1.4451497
1.6096411
1.5978285
1.5772414
1.5492845
1.5164874
1.4823269
1.4507233
1.4256849
1.4105768
1.5848973
1.5733156
1.5531805
1.5258472
1.4936856
1.4601668
1.4292454
1.4047576
1.3899609
2.693998
2.6932084
2.6902998
2.6836097
2.6722454
2.6568486
2.6397854
2.6245534
2.6146671
2.6864383
2.6856551
2.6827662
2.6761017
2.6647632
2.6494108
2.632402
2.6172088
2.6073454
2.6719694
2.6711956
2.6683332
2.6617145
2.6504403
2.6351745
2.6182615
2.6031497
2.5933381
2.649995
2.6492319
2.6463947
2.63984
2.6286804
2.6135509
2.5967786
2.5817983
2.5720729
2.6211412
2.6203972
2.6176113
2.6111446
2.6001177
2.5851756
2.568609
2.5538023
2.544188
2.588009
2.5872779
2.5845373
2.5781779
2.5673201
2.5525871
2.5362532
2.5216592
2.5121815
2.5549948
2.5542833
2.5515864
2.5453167
2.5346262
2.5201199
2.5040189
2.4896299
2.480288
2.5274021
2.5267086
2.5240681
2.5178889
2.5073182
2.4929926
2.4771065
2.4628956
2.4536643
2.5101851
2.5094927
2.5068725
2.5007571
2.4902804
2.4760563
2.4602919
2.4462017
2.4370474
2.3788205
2.3997595
2.4334392
2.4741355
2.5156983
2.5529568
2.5825142
2.6028984
2.614016
2.3720015
2.3928797
2.4264685
2.4670743
2.5085486
2.5457071
2.575182
2.5955219
2.60662
2.3590165
2.3797762
2.4131838
2.4536011
2.4948938
2.5318629
2.5611805
2.5814265
2.5924788
2.3393851
2.3599964
2.3931504
2.4332277
2.4741759
2.5108788
2.5399911
2.5600758
2.5710347
2.3137372
2.3341273
2.3669373
2.406604
2.4471135
2.4834095
2.5122142
2.5320999
2.5429513
2.2844375
2.3045502
2.3369174
2.3760829
2.4161094
2.4519519
2.4803741
2.5000016
2.5107188
2.2553029
2.275181
2.3071404
2.3457566
2.385225
2.4206298
2.4487153
2.4680835
2.4786493
2.2309613
2.2506234
2.2822654
2.3204982
2.3595144
2.3944799
2.4222535
2.4414345
2.4518991
2.2158199
2.2353121
2.2667161
2.3047122
2.3434875
2.3781887
2.4057384
2.4247828
2.4351819
1.6226981
1.5986277
1.5580385
1.5053863
1.4465962
1.3883156
1.3369761
1.2979556
1.2750507
1.6291718
1.604848
1.5638281
1.5106174
1.4512073
1.392313
1.3404357
1.3010093
1.2778669
1.6392333
1.6144971
1.5727823
1.5186731
1.458261
1.3983764
1.345632
1.3055499
1.2820247
1.6506878
1.6254534
1.5828988
1.5276999
1.4660732
1.4049896
1.3511943
1.3103185
1.2863297
1.6613497
1.6356072
1.5921953
1.5358853
1.4730208
1.4107144
1.3558482
1.3141636
1.2897027
1.6696774
1.6434834
1.5993103
1.5420134
1.478049
1.4146568
1.3588396
1.3164371
1.2915572
1.675121
1.6485748
1.6038074
1.5457399
1.4809171
1.4166775
1.3601184
1.3171561
1.2919496
1.6780356
1.6512513
1.6060825
1.5474946
1.482092
1.4172801
1.3602203
1.3168802
1.2914535
1.6792386
1.6523272
1.6069442
1.5480783
1.4823657
1.4172481
1.3599208
1.3163791
1.2908347
1.6478788
1.6204158
1.5740998
1.5140223
1.4469604
1.3805158
1.3220356
1.2776322
1.2515897
1.6427568
1.6153519
1.5691338
1.509183
1.4422623
1.3759577
1.3176009
1.2732915
1.2473043
1.6333196
1.6060378
1.5600269
1.5003445
1.433723
1.3677145
1.3096186
1.2655078
1.2396372
1.6195843
1.5925088
1.5468454
1.487613
1.421493
1.3559811
1.2983222
1.2545432
1.2288674
1.6022421
1.5754591
1.5302885
1.4716944
1.406286
1.3414783
1.2844385
1.2411294
1.215729
1.5829199
1.5564921
1.5119201
1.4541016
1.3895578
1.3256053
1.2693173
1.2265783
1.2015122
1.5640842
1.5380241
1.4940719
1.4370565
1.373408
1.3103411
1.2548313
1.2126823
1.1879617
1.5485834
1.5228381
1.4794164
1.4230885
1.3602064
1.2978977
1.2430539
1.2014096
1.1769846
1.5389884
1.5134424
1.4703568
1.4144642
1.3520675
1.290239
1.235817
1.1944923
1.1702544
2.384176
2.3649948
2.331603
2.2863275
2.2331171
2.1775079
2.1260603
2.0853357
2.0607452
2.3774224
2.3582858
2.3249742
2.2798049
2.2267147
2.1712328
2.1199014
2.0792666
2.0547309
2.3645735
2.34553
2.3123794
2.2674274
2.2145909
2.1593712
2.1082811
2.0678363
2.0434146
2.3451807
2.3262898
2.2934024
2.2488058
2.1963865
2.1415995
2.0909074
2.0507773
2.0265449
2.319878
2.3011983
2.2686795
2.2245805
2.1727417
2.1185611
2.0684285
2.0287392
2.004773
2.2909437
2.2725173
2.2404371
2.1969337
2.1457959
2.092344
2.0428849
2.0037291
1.9800841
2.2621911
2.2440253
2.2123996
2.1695077
2.1190868
2.0663875
2.0176221
1.9790142
1.9557009
2.2382279
2.2202802
2.189037
2.1466698
2.0968617
2.0447992
1.996628
1.9584892
1.9354578
2.2232836
2.2054765
2.1744723
2.1324309
2.0830137
2.0313548
1.9835549
1.9457146
1.9228628
1.1719906
1.2040872
1.2571585
1.324127
1.3965653
1.4661157
1.5256338
1.5698275
1.595365
1.1595293
1.1912519
1.2436957
1.3098597
1.3814248
1.450134
1.5089247
1.5525762
1.5778007
1.1381356
1.1692
1.220577
1.2853978
1.3554782
1.4227336
1.4802749
1.5230007
1.5476908
1.1098277
1.1399877
1.1898743
1.2528583
1.3209891
1.3863568
1.4422536
1.4837456
1.5077199
1.0772965
1.1064861
1.1547244
1.2155625
1.2813695
1.344554
1.3985964
1.4386982
1.4618617
1.0439736
1.0721559
1.1187554
1.1775194
1.241004
1.3019038
1.3540054
1.3926868
1.4150332
1.0138304
1.0410693
1.086112
1.1429603
1.2044133
1.263321
1.3136624
1.351025
1.3726132
0.99036094
1.0168979
1.0607452
1.116048
1.1758659
1.2332557
1.2822823
1.3186366
1.3396327
0.97630657
1.0024316
1.0455979
1.1000073
1.1588231
1.2152746
1.2635268
1.2993018
1.3199554
0.75305615
0.77251762
0.80467737
0.84522922
0.8890261
0.93095788
0.96673107
0.99324306
1.0085481
0.73887294
0.75790264
0.78934918
0.82901233
0.87185954
0.91289912
0.94791103
0.9738451
0.98881234
0.71503079
0.73340084
0.76369357
0.80184352
0.84306518
0.88258982
0.91633283
0.94132204
0.95573499
0.68403181
0.70158218
0.730528
0.7668977
0.8060645
0.84357353
0.8756277
0.89939527
0.91311071
0.64959875
0.66614318
0.69348113
0.7279222
0.76501384
0.80042082
0.8305932
0.85295352
0.86586386
0.61576204
0.63130621
0.65698164
0.68935019
0.72431684
0.75777083
0.78624175
0.80728285
0.81941052
0.58613759
0.60080772
0.6250462
0.65558843
0.6885654
0.72018255
0.74717259
0.76713524
0.77863144
0.563687
0.57770641
0.60085026
0.63002622
0.66152268
0.69168819
0.71746363
0.73657403
0.74759483
0.55047866
0.56414937
0.58667574
0.61503672
0.64567126
0.67500926
0.7000565
0.71863419
0.72935905
0.064688869
0.082581145
0.1193695
0.17419557
0.23620122
0.29680961
0.35005312
0.39037077
0.41411751
0.065279864
0.082584372
0.11827149
0.17185673
0.23279576
0.29227576
0.3443609
0.38377333
0.40700305
0.066257093
0.082681893
0.11662263
0.16792566
0.22672644
0.28440499
0.33484477
0.37282237
0.39515573
0.067028679
0.082438711
0.11441229
0.16309126
0.21893485
0.27378978
0.32206807
0.35848178
0.37984419
0.067481507
0.081763014
0.11153631
0.15744492
0.21039575
0.26214705
0.30762188
0.34203393
0.36228721
0.067720503
0.08095166
0.10858918
0.15160556
0.2016231
0.25059119
0.29352292
0.32588104
0.34489503
0.067650348
0.080023802
0.1059086
0.14647447
0.19379664
0.24015744
0.28093569
0.311685
0.32971078
0.067419742
0.079159962
0.10374132
0.14250019
0.18787293
0.23222555
0.27122635
0.3007013
0.31800756
0.067229972
0.078609765
0.10244057
0.14011732
0.18434609
0.22758503
0.26555664
0.29423015
0.31107277
2.1710923
2.1705507
2.16836
2.163194
2.1544065
2.1424992
2.1292331
2.1173426
2.1096212
2.1456587
2.1451523
2.1430409
2.1379604
2.1292492
2.1174896
2.1044477
2.0927499
2.0851383
2.1020499
2.1015309
2.0995097
2.0946572
2.0861861
2.0746372
2.0618803
2.0505007
2.043105
2.0445937
2.0439144
2.0417418
2.0369795
2.028904
2.0178165
2.0054317
1.9943737
1.9872092
1.9794247
1.9786032
1.9761568
1.9711074
1.963053
1.9524284
1.9406493
1.9300549
1.9231542
1.9132306
1.9124295
1.9099853
1.9048125
1.8965082
1.8858146
1.8743649
1.8642661
1.857715
1.8533057
1.8525297
1.8501877
1.845211
1.8370503
1.8263026
1.8147657
1.8047516
1.7983589
1.8067642
1.8059936
1.8036925
1.7988491
1.7909437
1.7804547
1.7690213
1.7589986
1.7525974
1.7790101
1.7782454
1.7759729
1.771204
1.7634408
1.7531437
1.741874
1.7319338
1.7255582
1.3445035
1.3439097
1.342198
1.3386626
1.3329692
1.3254945
1.317368
1.3101949
1.3055702
1.3172617
1.316682
1.3150116
1.3115617
1.3060057
1.2987119
1.2907835
1.2837861
1.279275
1.2716705
1.2711149
1.2695144
1.2662095
1.2608865
1.2538976
1.2463011
1.239598
1.2352773
1.2131313
1.2126094
1.2111004
1.207982
1.2029605
1.196368
1.1892013
1.182877
1.1788006
1.14846
1.1479818
1.1465848
1.1436814
1.1389955
1.1328413
1.126152
1.120249
1.116444
1.0849559
1.0845192
1.0832348
1.0805529
1.0762085
1.0704902
1.0642698
1.0587803
1.0552421
1.0294312
1.0290304
1.0278404
1.0253483
1.0213068
1.0159786
1.0101739
1.0050473
1.0017421
0.98742413
0.98705579
0.98594212
0.9835925
0.97977551
0.97474247
0.96925656
0.96440802
0.9612807
0.96281896
0.96247194
0.96140762
0.95914529
0.95545924
0.9505967
0.94529707
0.94061242
0.93759009
1.2041415
1.2138274
1.2293708
1.2480875
1.2670871
1.2839711
1.2972537
1.3063555
1.3112953
1.1801047
1.1895709
1.2047559
1.2230428
1.2416194
1.258131
1.2711115
1.2800001
1.2848232
1.1398206
1.1489315
1.1635379
1.181109
1.1989556
1.2148377
1.2273305
1.2358776
1.2405105
1.0880003
1.0966503
1.1105229
1.1272096
1.1441364
1.1591876
1.1710386
1.1791572
1.183559
1.0306638
1.0388053
1.0518595
1.0675663
1.0835067
1.0976704
1.108808
1.1164374
1.1205775
0.97425143
0.98190082
0.99416475
1.0089132
1.023879
1.0371862
1.0476524
1.0548152
1.058699
0.92482878
0.93204765
0.94362245
0.95754599
0.97167047
0.98422435
0.99410423
1.0008723
1.0045428
0.88737821
0.89427759
0.90533426
0.91863219
0.93212853
0.9441234
0.95355822
0.96002312
0.96353212
0.86541501
0.87213115
0.8828923
0.89582655
0.90895174
0.92062313
0.92980399
0.93609208
0.93950487
1.3557764
1.3343632
1.2982482
1.2513943
1.1990742
1.1472128
1.1015441
1.066849
1.046492
1.3422353
1.3211405
1.2855587
1.2393959
1.1878496
1.1367521
1.0917542
1.0575679
1.0375081
1.3190148
1.2984644
1.2638021
1.2188285
1.1686078
1.1188235
1.0749776
1.0416643
1.0221155
1.288168
1.2683388
1.234894
1.1915028
1.1430459
1.0950058
1.0526929
1.0205398
1.0016703
1.2527081
1.2337104
1.2016652
1.1600864
1.113654
1.067617
1.0270623
0.99624207
0.97815216
1.2164358
1.1982797
1.1676596
1.1279317
1.0835598
1.039563
1.0008016
0.9713382
0.9540433
1.1834856
1.1660954
1.1367575
1.0986938
1.056187
1.0140315
0.97688766
0.94865164
0.93207375
1.1577507
1.1409524
1.1126235
1.0758537
1.034783
0.99406136
0.95817057
0.93088466
0.9148644
1.1423677
1.1259069
1.0981636
1.062177
1.021963
0.98208619
0.94694926
0.92022468
0.90453675
0.89395692
0.88282889
0.86411949
0.83996162
0.81289871
0.7859447
0.76228018
0.74425858
0.73361961
0.87785831
0.8670854
0.84887077
0.82531634
0.79911334
0.77301153
0.74994196
0.73245155
0.72216379
0.85051578
0.84034982
0.82316822
0.80076838
0.77576204
0.75104263
0.72917391
0.71248476
0.70269255
0.81517735
0.80561513
0.78956478
0.76880028
0.74550481
0.72233262
0.70196475
0.68644393
0.67729178
0.77572269
0.76695277
0.75207981
0.7327964
0.71139783
0.69013604
0.67126687
0.65692741
0.64851596
0.73606217
0.72804931
0.71461945
0.69705394
0.67723699
0.65768531
0.64051272
0.62733299
0.61955263
0.70200351
0.69407783
0.68113137
0.66495049
0.64699012
0.62882646
0.61280162
0.60074564
0.59365223
0.67740111
0.6695779
0.65657849
0.64040141
0.62334509
0.60672856
0.59168451
0.58012423
0.57340561
0.66309928
0.65548877
0.64272327
0.62654011
0.60940805
0.59332403
0.57919602
0.56813859
0.56155906
1.2010844
1.1925692
1.1777853
1.1577846
1.1343332
1.1100608
1.0880938
1.0711405
1.0610697
1.1773916
1.1690885
1.1546832
1.1352237
1.1124026
1.0886426
1.0669406
1.0501204
1.0401489
1.1377609
1.1298117
1.1160212
1.0974153
1.0756517
1.0529616
1.0320245
1.0155834
1.0057672
1.0868834
1.0793974
1.066405
1.0488648
1.0283681
1.007071
0.9874274
0.97188821
0.96251593
1.0306828
1.0237056
1.0116008
0.9952599
0.97614497
0.95627477
0.93799738
0.9235916
0.91490843
0.97551416
0.96902905
0.95777931
0.94260122
0.92486237
0.90641759
0.88942231
0.87601929
0.86795197
0.92727639
0.92122206
0.91071948
0.8965463
0.87998022
0.86276877
0.8469273
0.83443114
0.82690046
0.89078468
0.88505315
0.87511197
0.86170005
0.84602515
0.82973297
0.81473324
0.80290727
0.79578597
0.86941771
0.86387522
0.85426153
0.84129033
0.8261309
0.81037912
0.79588044
0.78444763
0.77756087
2.6370999
2.6470858
2.6622565
2.6788738
2.6934295
2.7036978
2.7092256
2.7111643
2.711374
2.6414309
2.6514331
2.6666356
2.6833131
2.697934
2.7082266
2.7137545
2.7157007
2.7159186
2.64693
2.6569695
2.6722529
2.6890323
2.7037071
2.7140159
2.7195809
2.7215598
2.7217871
2.650787
2.6608791
2.676229
2.6930545
2.7077761
2.7181525
2.7237583
2.7257411
2.7259642
2.6506564
2.660765
2.6761406
2.6930117
2.7077921
2.7182038
2.7238205
2.7258137
2.7260453
2.6457935
2.6559048
2.6712958
2.6881902
2.702978
2.7133923
2.7190291
2.7210405
2.721279
2.6375269
2.6476318
2.6630011
2.6798574
2.6946292
2.7050564
2.7106949
2.7127014
2.7129409
2.6286465
2.6387227
2.6540567
2.6708894
2.6856401
2.696043
2.701675
2.7036896
2.703936
2.6223516
2.632405
2.6477131
2.6645302
2.6792603
2.689637
2.6952652
2.6972892
2.6975411
1.9747021
1.9526657
1.9150129
1.8652582
1.8084291
1.7507035
1.6986728
1.6583311
1.6343109
1.9848653
1.962603
1.9245715
1.8742943
1.8168583
1.7585341
1.7059513
1.6651781
1.6409066
2.0008961
1.9782712
1.9396033
1.8884767
1.8300846
1.7707803
1.7173048
1.6758475
1.6511659
2.0195838
1.996507
1.9570701
1.9049326
1.8453747
1.7848786
1.7303325
1.68804
1.6628606
2.0376055
2.0140764
1.9738634
1.9206889
1.8599422
1.798238
1.7425954
1.6994525
1.6737669
2.0524695
2.0285366
1.9876299
1.9335384
1.8717402
1.8089598
1.7523458
1.708448
1.682312
2.063004
2.0387574
1.9973152
1.9425099
1.8798891
1.816272
1.7588998
1.7144121
1.6879251
2.0693525
2.0448968
2.0030917
1.9478027
1.88463
1.8204478
1.762563
1.7176785
1.6909542
2.0723907
2.0478206
2.0058203
1.9502764
1.8868091
1.8223236
1.764167
1.7190696
1.6922184
2.0736606
2.049039
2.0069526
1.9512936
1.8876916
1.8230703
1.7647903
1.7195962
1.6926879
2.0758828
2.0511642
2.0089113
1.9530272
1.8891667
1.8242827
1.7657628
1.720383
1.693364
2.0783884
2.0535275
2.011028
1.9548158
1.8905794
1.8253094
1.7664395
1.7207879
1.6936063
2.0793097
2.0543049
2.0115587
1.9550182
1.8904017
1.8247425
1.7655196
1.7195925
1.6922468
2.0772102
2.0521027
2.0091789
1.9523995
1.8875068
1.8215635
1.7620816
1.7159525
1.688486
2.0718148
2.0466655
2.0036688
1.9467908
1.8817817
1.8157164
1.7561223
1.7099049
1.6823853
2.0642474
2.0391132
1.9961411
1.939293
1.8743151
1.8082789
1.7487089
1.702509
1.6749996
2.0566686
2.0315794
1.988683
1.9319335
1.8670664
1.8011409
1.7416692
1.6955448
1.66808
2.0514589
2.0264096
1.9835815
1.9269218
1.8621559
1.7963321
1.7369515
1.6908972
1.663474
2.4041724
2.385238
2.3522855
2.3076325
2.2551853
2.2003976
2.1497367
2.1096535
2.0854551
2.4076648
2.3886585
2.3555877
2.3107704
2.2581173
2.2031188
2.1522639
2.1120193
2.0877241
2.4120134
2.3929094
2.3596633
2.3145972
2.2616532
2.2063514
2.1552054
2.1147304
2.090297
2.4147709
2.3955661
2.3621413
2.3168352
2.2636059
2.2079958
2.1565634
2.1158602
2.0912866
2.4139594
2.3946865
2.3611434
2.3156708
2.2622381
2.2064134
2.1547776
2.1139093
2.0892357
2.409037
2.3897427
2.3561585
2.3106275
2.2571242
2.2012192
2.1495047
2.108573
2.0838596
2.4012
2.3819246
2.3483738
2.3028856
2.2494266
2.1935647
2.1418878
2.1009827
2.0762847
2.3929705
2.3737358
2.3402545
2.2948571
2.2415026
2.1857482
2.1341674
2.0933371
2.0686841
2.3871953
2.3679951
2.3345705
2.2892506
2.2359889
2.1803269
2.1288307
2.0880683
2.0634551
0.63648864
0.67453888
0.73787484
0.81856109
0.90684885
0.99285072
1.0675366
1.1236993
1.1564533
0.63033487
0.66789685
0.73046285
0.81028549
0.89759934
0.98254021
1.0562996
1.1117983
1.1441724
0.61983625
0.65664447
0.71786759
0.79599807
0.88162064
0.96491499
1.0371226
1.0914183
1.1231024
0.60577022
0.64160824
0.70120111
0.77714637
0.86031747
0.94134873
1.0116478
1.0644482
1.0952292
0.58962158
0.62429219
0.68195065
0.75548277
0.83596788
0.9142769
0.9822458
1.0333573
1.0631627
0.57307559
0.60658755
0.66229426
0.7332852
0.81103348
0.8866902
0.95228592
1.0015789
1.030333
0.55802602
0.59046578
0.644418
0.71316237
0.78839535
0.86161249
0.92513008
0.97283789
1.0006438
0.54630205
0.57790445
0.63045261
0.69743826
0.77077092
0.842071
0.90391867
0.95040916
0.97751061
0.53926966
0.57039388
0.62212721
0.68802662
0.76021052
0.83041168
0.89126016
0.93698962
0.96365842
0.53583275
0.56672712
0.61808716
0.68347197
0.75507943
0.8247507
0.88513398
0.93049689
0.95695185
0.52874383
0.55912322
0.60965881
0.67401816
0.74444881
0.81297988
0.8724031
0.91702092
0.94302712
0.51666333
0.54623703
0.59539325
0.65797041
0.7264501
0.79304408
0.85080033
0.89418959
0.91947131
0.50086193
0.52929663
0.57664279
0.63694787
0.70292096
0.76703511
0.82260137
0.86434361
0.88867477
0.4832612
0.51042749
0.55561143
0.61319684
0.67630138
0.73767509
0.79084926
0.8307637
0.85401453
0.46523435
0.49130015
0.53458463
0.58955139
0.64967145
0.70818793
0.75895015
0.79707431
0.81928008
0.44884127
0.47384572
0.51546276
0.56835312
0.62603354
0.68200259
0.73053379
0.76701198
0.78827217
0.4363249
0.46044197
0.50060542
0.55178924
0.60773371
0.66192098
0.70877681
0.74396586
0.76447536
0.42895242
0.45256685
0.49186831
0.54193725
0.59678004
0.64997588
0.69591069
0.73035728
0.75042641
0.049247561
0.077435305
0.13108759
0.20439073
0.28572161
0.3659561
0.43635822
0.48964438
0.52096992
0.050420779
0.077873737
0.13051318
0.20273438
0.28270357
0.36153031
0.43081761
0.48329506
0.51412929
0.052317009
0.078431499
0.12915109
0.19960719
0.27765474
0.35421282
0.42141434
0.47241194
0.50243563
0.054907949
0.079334288
0.12736942
0.19504543
0.27052858
0.34461692
0.40939099
0.45836495
0.48719927
0.057740698
0.080379043
0.12550717
0.18997444
0.26214568
0.33318926
0.39549917
0.44254886
0.4701892
0.060677146
0.0816141
0.12381127
0.18501021
0.25387108
0.32159916
0.38110619
0.42616447
0.45268573
0.06287567
0.082537438
0.12241244
0.18073594
0.24659376
0.31140686
0.36834458
0.4114297
0.43681729
0.063958332
0.082712235
0.12101556
0.17744232
0.24108997
0.30361064
0.35861346
0.40022492
0.42472437
0.064479868
0.082651055
0.11995117
0.17532714
0.2378471
0.29903981
0.35284826
0.39359388
0.41758928
2.1128348
2.1205923
2.1323458
2.1451783
2.1564394
2.1645425
2.1691244
2.1708929
2.1711927
2.0887094
2.0963698
2.1079729
2.1206061
2.1315912
2.1393818
2.1437485
2.1454473
2.1457484
2.0473452
2.0548294
2.0661748
2.078526
2.0891853
2.0965596
2.1005137
2.101957
2.1021646
1.9924694
1.9997086
2.0106832
2.0226459
2.0329841
2.0400637
2.0436724
2.0447873
2.0447971
1.9295641
1.9365297
1.9470798
1.9585638
1.968491
1.9753164
1.9787856
1.9797783
1.9796861
1.8654391
1.8721303
1.8822631
1.893283
1.9027815
1.9092869
1.9125979
1.9135615
1.9134811
1.8074437
1.8138851
1.8236358
1.8342377
1.8433741
1.8496154
1.8527605
1.853649
1.8535534
1.7623633
1.7686139
1.7780728
1.7883497
1.7971966
1.8032354
1.8062734
1.8071194
1.8070128
1.7354744
1.7416112
1.7508966
1.7609823
1.7696613
1.7755803
1.7785509
1.7793702
1.7792581
1.7224775
1.7285598
1.737762
1.7477557
1.7563526
1.7622132
1.7651535
1.7659631
1.7658502
1.6954715
1.7014402
1.7104693
1.7202727
1.7287013
1.7344408
1.737315
1.7381018
1.7379865
1.6498321
1.6556099
1.6643479
1.6738315
1.6819792
1.6875183
1.6902817
1.6910281
1.690908
1.590424
1.5959574
1.604322
1.6133931
1.6211787
1.6264633
1.6290885
1.6297847
1.6296581
1.5237644
1.5290256
1.5369772
1.5455961
1.5529845
1.5579891
1.5604654
1.5611113
1.5609809
1.4572665
1.4622581
1.4697998
1.4779718
1.4849737
1.4897094
1.4920435
1.4926432
1.4925118
1.39825
1.4030098
1.4101965
1.4179772
1.4246391
1.4291424
1.4313581
1.4319221
1.4317919
1.3530477
1.3576336
1.3645573
1.3720484
1.3784555
1.3827823
1.3849098
1.3854499
1.3853232
1.3263523
1.3308347
1.3376037
1.3449281
1.3511897
1.3554149
1.3574906
1.3580168
1.3578925
1.5736621
1.5867746
1.6078293
1.6332096
1.6590297
1.6820441
1.7001961
1.7126556
1.7194252
1.54933
1.5622116
1.5828932
1.6078212
1.6331793
1.6557791
1.6736011
1.6858319
1.6924762
1.5081881
1.520684
1.5407398
1.5649048
1.5894816
1.6113833
1.6286517
1.6404987
1.6469325
1.4545741
1.4665733
1.485831
1.5090227
1.5325911
1.5535832
1.5701316
1.5814833
1.5876471
1.3943822
1.4058108
1.424158
1.4462637
1.4687277
1.4887201
1.5044666
1.5152631
1.5211245
1.3342988
1.3451692
1.3626082
1.3836112
1.4049629
1.423974
1.4389426
1.4491978
1.4547618
1.2808961
1.2912876
1.3079522
1.328001
1.3483605
1.366487
1.3807673
1.3905532
1.3958616
1.2399552
1.2499733
1.2660472
1.2853894
1.3050146
1.3224663
1.3362111
1.345634
1.3507474
1.2157742
1.2255671
1.2412828
1.2602043
1.2794069
1.2964725
1.3099028
1.3191083
1.3241046
1.6682543
1.6487451
1.6153838
1.5712606
1.5208344
1.469571
1.4233268
1.3874632
1.3661027
1.6500968
1.6308803
1.5980188
1.554538
1.5048489
1.4543518
1.4087868
1.3734498
1.3524077
1.6189682
1.6002361
1.5682185
1.525863
1.4774434
1.4282413
1.3838575
1.3494276
1.3289258
1.5776206
1.5595402
1.5286286
1.4877492
1.4410345
1.3935542
1.3507254
1.3175112
1.2977308
1.5301001
1.5127731
1.4831538
1.4439676
1.3991873
1.3536951
1.3126545
1.2808229
1.2618704
1.4815686
1.4649912
1.4366632
1.3992169
1.3564228
1.3129319
1.2737176
1.2433053
1.2251926
1.4375448
1.4216708
1.3945212
1.3586063
1.3176
1.2759464
1.2383586
1.2092189
1.1918721
1.4032164
1.3878662
1.3616554
1.3269783
1.2873229
1.2470726
1.2107882
1.1826245
1.1658563
1.3827456
1.3676897
1.3419872
1.30805
1.2692483
1.2297998
1.1942731
1.1667255
1.1503075
1.3728411
1.357937
1.3324794
1.2988787
1.2604951
1.22145
1.186269
1.1590151
1.1427766
1.3522182
1.3376536
1.3127346
1.2798029
1.2422476
1.2040849
1.169635
1.1429476
1.127067
1.3172253
1.3032104
1.2792587
1.2475515
1.211327
1.1745864
1.1414543
1.1157408
1.1004339
1.2716178
1.2582571
1.2354565
1.2053597
1.1709662
1.1360072
1.1045218
1.0801235
1.0655901
1.2202319
1.2076687
1.1861711
1.1577497
1.1253609
1.092494
1.0628225
1.0398236
1.0261431
1.1686193
1.1568149
1.1366871
1.1100622
1.0795881
1.0486862
1.0208941
0.99932676
0.98647283
1.1227737
1.1115807
1.0924751
1.067355
1.0387485
1.009601
0.98330855
0.96299802
0.95092084
1.0874083
1.0768247
1.0586426
1.0345238
1.0071367
0.97947833
0.95444169
0.93497514
0.9234099
1.06632
1.0560647
1.038523
1.0151746
0.9884408
0.96149055
0.9372805
0.91842221
0.90716297
1.5729486
1.5614706
1.5415334
1.5144948
1.4826635
1.4494576
1.4188437
1.39462
1.3799818
1.5481373
1.5368596
1.5172949
1.4908541
1.4597577
1.427218
1.397193
1.3734949
1.3591936
1.5062128
1.4953385
1.476401
1.4508079
1.4208697
1.3896026
1.3606388
1.3377428
1.3239456
1.4512929
1.4410203
1.4231124
1.3987501
1.3701319
1.3403742
1.3129156
1.2911633
1.2780241
1.3897428
1.3798774
1.3629003
1.3400628
1.3131889
1.285029
1.2590605
1.2385918
1.2262506
1.3295197
1.3198587
1.3032599
1.2812542
1.2559428
1.2296684
1.2052685
1.1859344
1.1742877
1.2768037
1.2675571
1.2515015
1.2299437
1.205197
1.1800854
1.1572169
1.1391086
1.1281355
1.2364051
1.2275585
1.2121835
1.1913844
1.1671481
1.1423805
1.1201318
1.1028519
1.0924725
1.2125587
1.2039378
1.1889599
1.1686868
1.144956
1.1204993
1.0984377
1.0813981
1.0712475
-0.49409726
-0.46559549
-0.41828259
-0.35697677
-0.28856317
-0.21553164
-0.13325725
-0.056124991
-0.0080381394
-0.48478051
-0.45693138
-0.41051232
-0.34975555
-0.28166586
-0.21042287
-0.13059137
-0.054706821
-0.0070861393
-0.4701347
-0.44280759
-0.39686643
-0.33688203
-0.27006584
-0.20113709
-0.12572714
-0.052766272
-0.0057481991
-0.45070904
-0.42396509
-0.37902431
-0.32061983
-0.25534893
-0.18883871
-0.11837631
-0.04957467
-0.0040659953
-0.42932902
-0.40333654
-0.35939476
-0.30245984
-0.23894807
-0.17488714
-0.10936749
-0.045119275
-0.0014509304
-0.40799371
-0.38266074
-0.33989715
-0.28471293
-0.22293051
-0.1608749
-0.099557611
-0.039902685
0.0015463052
-0.38923688
-0.36458921
-0.32283836
-0.26899578
-0.20878042
-0.14852996
-0.090490483
-0.034698851
0.0046046457
-0.37482698
-0.35061546
-0.30968383
-0.25704355
-0.19811229
-0.13916903
-0.083414726
-0.030509243
0.0071014212
-0.3663036
-0.34241183
-0.30204989
-0.25010745
-0.19188725
-0.13372265
-0.079165966
-0.027887472
0.0086296982
1.9784357
2.009566
2.0605869
2.124111
2.1915859
2.2549617
2.3079833
2.3465777
2.3685529
1.972659
2.0037164
2.0546066
2.1179477
2.1852304
2.2484537
2.3013556
2.3398506
2.3617635
1.9617019
1.9926263
2.0432727
2.1062557
2.1731505
2.2360682
2.2887374
2.3270423
2.3488359
1.9452139
1.97587
2.0261171
2.088646
2.1550346
2.217415
2.2696327
2.3076403
2.3292763
1.9240347
1.9542658
2.0038604
2.0656736
2.131383
2.1931213
2.2447647
2.2823437
2.3037387
1.9002916
1.930063
1.9788533
2.039633
2.1043384
2.1652936
2.2163389
2.2534575
2.2745732
1.8768332
1.9062099
1.9543233
2.0141792
2.0778002
2.1377296
2.1880231
2.2246791
2.2455512
1.8572762
1.8863305
1.9339237
1.9931148
2.0559409
2.1150126
2.1645594
2.2007102
2.2213229
1.845096
1.8739481
1.9212099
1.9799844
2.042353
2.1009525
2.1500505
2.1858528
2.20627
1.8390784
1.8678275
1.9149208
1.9734893
2.0356416
2.0940212
2.1429043
2.1785338
2.1988512
1.8262892
1.8548181
1.9015478
1.9596713
2.0213667
2.0793011
2.1277577
2.1630362
2.183143
1.8038277
1.831969
1.8780631
1.9354011
1.9962729
2.053435
2.1012188
2.1359614
2.1557355
1.7730283
1.800646
1.8458806
1.9021354
1.9618417
2.0179217
2.0648204
2.0989097
2.1182948
1.7364361
1.7634264
1.8076291
1.8625969
1.9209312
1.9757072
2.0215084
2.0548097
2.0737532
1.6978273
1.724153
1.7672656
1.820875
1.8777619
1.9311692
1.9758138
2.008265
2.0267226
1.6618416
1.6875498
1.7296483
1.7819877
1.8375162
1.8896458
1.9332216
1.9648907
1.9828997
1.6332118
1.6584258
1.6997116
1.7510396
1.8054945
1.8566072
1.8993232
1.930366
1.9480193
1.6158685
1.6407835
1.6815781
1.7322944
1.7860971
1.8365925
1.8787906
1.9094565
1.9268947
1.3349874
1.3720716
1.4334162
1.5108824
1.5947366
1.6752849
1.7442402
1.7954721
1.8250937
1.325949
1.3627609
1.4236577
1.5005549
1.5837799
1.6637204
1.7321619
1.7830123
1.8124107
1.3101043
1.3464382
1.4065405
1.4824227
1.5645399
1.6434222
1.7109613
1.7611343
1.790137
1.2884264
1.3240944
1.3830875
1.4575705
1.5381842
1.6156159
1.6818966
1.731131
1.7595925
1.2626734
1.2975538
1.3552446
1.4280753
1.5068848
1.5825727
1.6473615
1.6954867
1.7233049
1.2355225
1.2695702
1.3258832
1.3969656
1.4738718
1.5477247
1.6109364
1.6578842
1.6850192
1.2102457
1.2435083
1.2985209
1.3679658
1.4431061
1.5152526
1.5769886
1.6228358
1.6493343
1.1901321
1.2227756
1.27676
1.3449004
1.4186222
1.4894048
1.5499743
1.5949517
1.6209445
1.1779391
1.2102142
1.2635826
1.3309328
1.4037909
1.4737459
1.5336095
1.5780602
1.6037466
0.71730222
0.76110115
0.83403429
0.92701564
1.0289087
1.1281701
1.2143711
1.2792107
1.3170316
0.7128121
0.75628576
0.82867047
0.92096127
1.0221258
1.120674
1.2062341
1.2705873
1.308126
0.70490863
0.74780931
0.8192676
0.91038331
1.0102484
1.1075147
1.1919527
1.2554643
1.2925133
0.69416403
0.73629349
0.80646375
0.89593309
0.99398375
1.0894881
1.1724087
1.234779
1.2711567
0.68134332
0.72259236
0.79128296
0.87881868
0.97471346
1.0681213
1.1492174
1.210211
1.2457863
0.66790027
0.70813816
0.77519498
0.86073038
0.95442285
1.0456274
1.1247807
1.1843132
1.2190397
0.65551197
0.69484106
0.76032544
0.84387047
0.93545292
1.0246426
1.1020283
1.1602101
1.194143
0.64555551
0.68423396
0.74856919
0.83054166
0.92036609
1.0079117
1.0839005
1.1410205
1.174329
0.63945623
0.67772201
0.74139411
0.82249526
0.91127313
0.99777955
1.0728983
1.129378
1.1623143
0.014860768
0.063158207
0.14439926
0.24840724
0.36343714
0.47681656
0.57628671
0.65184741
0.69619359
0.015556424
0.063279385
0.14373267
0.24711078
0.36144212
0.47401894
0.57277927
0.647818
0.69186024
0.016644806
0.063794065
0.14308194
0.24492378
0.35784618
0.46921491
0.56674163
0.64076653
0.68423856
0.017834387
0.064098807
0.1422121
0.24250282
0.35322679
0.46249816
0.55836926
0.6311249
0.67385821
0.019814928
0.064855701
0.14112166
0.23942579
0.34796865
0.45480353
0.54846218
0.61960885
0.66145129
0.022073047
0.065848168
0.14027429
0.23617103
0.34215821
0.44670011
0.53828072
0.60768387
0.64848695
0.024336902
0.066756751
0.13941323
0.23329767
0.33688587
0.43898837
0.52863176
0.59659657
0.63651386
0.026202275
0.067574925
0.1387593
0.23092105
0.33276927
0.43297851
0.52088123
0.58762638
0.62686425
0.027303143
0.068020945
0.13843013
0.22949787
0.33018132
0.42937875
0.51628399
0.58220199
0.62097304
2.4722051
2.4625167
2.4449855
2.4199676
2.3889399
2.3549527
2.3222934
2.295658
2.279254
2.4874026
2.4776336
2.459925
2.4346242
2.4032921
2.3690087
2.3360178
2.3090911
2.2925163
2.5115238
2.5015841
2.4835639
2.4578745
2.4261001
2.3912682
2.3577223
2.3303775
2.3135542
2.5399024
2.5297795
2.5114533
2.4853216
2.4529404
2.4174403
2.3832903
2.3554435
2.338299
2.5677832
2.5574895
2.538832
2.5122027
2.4792276
2.4430952
2.408306
2.3799256
2.3624569
2.5913358
2.580873
2.5619165
2.5348839
2.5014022
2.4646818
2.4293302
2.4005014
2.3827537
2.608577
2.5979986
2.5788352
2.5514848
2.5175884
2.4804299
2.4446595
2.4154723
2.3975007
2.6194292
2.6087738
2.5894549
2.5618791
2.5277264
2.490283
2.4542145
2.4247868
2.4066713
2.6248522
2.6141477
2.5947436
2.5670641
2.5327815
2.4951719
2.4589479
2.4294038
2.4112144
2.6271935
2.6164682
2.5970312
2.5693069
2.5349593
2.4972756
2.4609873
2.4313891
2.4131639
2.6314699
2.6207094
2.6012166
2.5734026
2.5389234
2.5011063
2.4646972
2.4349875
2.4166911
2.6369535
2.6261483
2.6065627
2.5786013
2.5439503
2.5059511
2.4693484
2.4394781
2.4210859
2.6408087
2.6299514
2.6102705
2.5821817
2.5473715
2.5091809
2.472393
2.4423751
2.4238897
2.6407145
2.629828
2.6100962
2.5819264
2.5470034
2.5086912
2.4717846
2.4416617
2.4231104
2.6359735
2.625084
2.6053398
2.5771501
2.5422066
2.5038639
2.4669193
2.436767
2.4181971
2.6278403
2.6169668
2.5972555
2.5691117
2.534214
2.4959182
2.4590207
2.4289019
2.4103509
2.619093
2.6082483
2.5885867
2.5605094
2.5256927
2.4874853
2.4506687
2.4206137
2.4021019
2.6128929
2.6020719
2.5824466
2.5544197
2.5196738
2.4815392
2.4447857
2.4147866
2.3963097
2.7111731
2.7103588
2.7074371
2.7007523
2.6894007
2.6740636
2.657118
2.6420002
2.632188
2.7157221
2.7149143
2.7119895
2.7052714
2.6938765
2.6785068
2.6615108
2.6463324
2.6364821
2.7215914
2.7207765
2.7178232
2.7110718
2.6996496
2.6842152
2.6671253
2.6518761
2.6419852
2.7257666
2.7249478
2.7219929
2.7152334
2.7037659
2.6882589
2.671104
2.6557967
2.6458631
2.7258525
2.7250416
2.7220912
2.7153166
2.7038227
2.6882906
2.6710972
2.6557452
2.6457827
2.7210885
2.720279
2.7173288
2.7105642
2.6990868
2.6835548
2.6663551
2.6510039
2.6410417
2.7127533
2.7119526
2.7090254
2.7022865
2.6908293
2.6753317
2.6581736
2.6428489
2.6329011
2.703752
2.7029581
2.7000419
2.6933251
2.6819087
2.6664594
2.649346
2.6340614
2.6241401
2.6973592
2.6965676
2.6936539
2.6869536
2.6755744
2.660159
2.6430755
2.6278256
2.6179281
2.6096376
2.5988285
2.5792244
2.551228
2.5165191
2.4784239
2.4417081
2.4117396
2.3932812
2.6023276
2.5915447
2.5719936
2.5440728
2.5094467
2.4714432
2.4348208
2.4049229
2.3865067
2.5883466
2.5776198
2.5581707
2.5303942
2.4959436
2.4581303
2.4216898
2.3919392
2.3736132
2.5671252
2.5564905
2.5372025
2.5096531
2.4754882
2.4379847
2.4018363
2.3723256
2.3541474
2.539297
2.528785
2.5097229
2.4824933
2.4487153
2.4116365
2.3758995
2.3467198
2.3287447
2.5073593
2.4969931
2.4781911
2.4513353
2.4180254
2.3814531
2.3462003
2.3174194
2.2996896
2.4755357
2.4653209
2.4467925
2.4203173
2.3874755
2.3514253
2.3166728
2.2882948
2.270814
2.4489674
2.438873
2.4205714
2.3944291
2.3619882
2.3263699
2.2920446
2.2640158
2.2467469
2.4323884
2.4223725
2.4042055
2.3782623
2.3460831
2.3107414
2.2766749
2.2488665
2.2317351
2.4241812
2.4142059
2.3961084
2.3702622
2.3382103
2.3030093
2.2690724
2.2413706
2.2243065
2.4067139
2.3968277
2.3788882
2.3532524
2.3214602
2.2865615
2.2529109
2.2254339
2.2085095
2.3759885
2.3662473
2.3485828
2.3233401
2.2920146
2.2576285
2.2244883
2.1974242
2.1807504
2.3337983
2.3242563
2.3069495
2.282234
2.2515762
2.2179068
2.1854524
2.1589594
2.1426392
2.2835357
2.274246
2.2573896
2.2332967
2.2034141
2.1706184
2.1390008
2.1131814
2.0972778
2.2304075
2.2213672
2.2049804
2.1815769
2.1525295
2.1206336
2.089905
2.0648198
2.0493646
2.1808403
2.1720436
2.1560771
2.1332781
2.1050265
2.0740054
2.0440882
2.0196717
2.0046374
2.1413138
2.1327258
2.1171396
2.0948383
2.0671723
2.0368438
2.0076148
1.983733
1.9690212
2.1173604
2.108878
2.0935089
2.0715416
2.0442533
2.0143097
1.9854878
1.9619542
1.9474503
2.5016672
2.5009757
2.4983627
2.4922749
2.4818471
2.4676768
2.4519698
2.437937
2.4288211
2.4835533
2.4828666
2.4802648
2.474223
2.4638996
2.4498577
2.4342713
2.4203507
2.4113128
2.4516584
2.4509985
2.4484511
2.4424884
2.4323073
2.4184955
2.4031545
2.3894322
2.3805217
2.4078247
2.4071818
2.4047089
2.3988998
2.3889287
2.3753895
2.3603797
2.3469583
2.3382374
2.3556712
2.3550382
2.3526105
2.3469507
2.3372664
2.324082
2.3094363
2.2963521
2.2878579
2.3005056
2.2999168
2.297584
2.2920668
2.2826231
2.2698245
2.2556108
2.2428841
2.2346154
2.2489994
2.2484142
2.2461606
2.2408475
2.2316692
2.2191673
2.2053255
2.1929645
2.1849316
2.2080529
2.2074636
2.2052098
2.1999873
2.1910626
2.1788683
2.1652905
2.1531703
2.1453115
2.1832145
2.1826558
2.1804371
2.1752437
2.1664147
2.1544231
2.1410535
2.1290811
2.1213117
2.6190528
2.6290963
2.6443897
2.6611912
2.6759081
2.6862767
2.691902
2.693926
2.6941788
2.6116486
2.6216745
2.6369338
2.6536868
2.6683708
2.6787329
2.6843504
2.6863659
2.6866176
2.5974879
2.6074734
2.6226648
2.6393332
2.6539512
2.6642826
2.6698838
2.6718925
2.6721456
2.5760016
2.585905
2.6009858
2.617552
2.632071
2.6423185
2.6478902
2.6499043
2.6501659
2.547869
2.5576715
2.5725906
2.588978
2.6033598
2.6135237
2.6190444
2.621041
2.6213058
2.5155779
2.5252658
2.5400123
2.5561994
2.5703963
2.580444
2.5859186
2.5879036
2.5881698
2.4834386
2.4929892
2.5075417
2.5235449
2.5375798
2.547489
2.5528937
2.5548713
2.5551475
2.4566403
2.4660887
2.4804645
2.4962637
2.5101567
2.5199913
2.525335
2.5272788
2.5275509
2.439895
2.4492883
2.4635742
2.479253
2.4930317
2.5028076
2.5081338
2.5100679
2.5103351
2.4316056
2.4409687
2.4552111
2.470838
2.4845619
2.4943012
2.4996169
2.5015501
2.5018173
2.4139641
2.4232583
2.4374124
2.4529449
2.4665541
2.4761987
2.4814876
2.4834271
2.4837005
2.3829821
2.3921308
2.4060802
2.4214297
2.4348928
2.4443984
2.4495933
2.4515117
2.4517952
2.3404787
2.3494558
2.3631102
2.3781229
2.3913433
2.4007186
2.4058231
2.4076893
2.40796
2.2897556
2.2985588
2.3119587
2.3266441
2.3395076
2.3486448
2.3536737
2.3555305
2.3558033
2.2363009
2.2447885
2.2577892
2.2721602
2.2847808
2.2936696
2.298524
2.3003356
2.3006216
2.1869767
2.1950988
2.2075132
2.2212972
2.2335837
2.242362
2.2471353
2.2488705
2.2491231
2.1479627
2.1558708
2.1678868
2.1811106
2.1928655
2.2013875
2.2061469
2.2079135
2.2081757
2.1243453
2.1321488
2.1439799
2.1569282
2.1683448
2.1765947
2.1812521
2.1830309
2.1833215
2.2083548
2.2277569
2.2590303
2.2968955
2.3355512
2.3701332
2.3975758
2.4165468
2.4269086
2.192547
2.2117475
2.242713
2.2802594
2.3186527
2.3530053
2.380228
2.3990313
2.4093047
2.1649761
2.1838298
2.2142107
2.2510713
2.2888888
2.3228414
2.3497429
2.3682817
2.3783964
2.1273466
2.1457973
2.1754696
2.2113745
2.2481844
2.2813515
2.3077722
2.3260223
2.3359727
2.0825996
2.1006319
2.1296132
2.1645933
2.2002804
2.2323136
2.257871
2.2756212
2.2853433
2.0353418
2.0529134
2.081164
2.1152794
2.1500481
2.1811009
2.2057024
2.2227277
2.2320593
1.9913077
2.0084469
2.0359958
2.0692618
2.103186
2.1334988
2.1574527
2.1739294
2.1829091
1.9562611
1.9730621
2.0000645
2.0326587
2.0658846
2.0955808
2.1190639
2.1352099
2.1439924
1.9350354
1.95163
1.9782981
2.0104856
2.0432934
2.0726131
2.0958019
2.1117505
2.1204252
1.2640683
1.2414768
1.2039427
1.1563302
1.1046559
1.0550596
1.0128073
0.98165898
0.96378781
1.2667712
1.2439472
1.2060293
1.1579358
1.1057486
1.0556718
1.0130221
0.98158982
0.96355991
1.2707464
1.2475473
1.2090105
1.1601415
1.107128
1.0562777
1.0129888
0.98110014
0.9628153
1.2748302
1.2511771
1.2118915
1.1620846
1.1080724
1.0562884
1.012229
0.97979104
0.96119983
1.2779779
1.2538624
1.2138145
1.1630536
1.1080268
1.0552954
1.0104557
0.97746285
0.95856266
1.2796326
1.255107
1.2143834
1.1627774
1.1068531
1.0532853
1.0077585
0.97427828
0.9551074
1.2798692
1.2550241
1.2137743
1.1615109
1.1048895
1.0506736
1.004616
0.97076047
0.95138177
1.279268
1.2542075
1.2126032
1.1598974
1.1028077
1.0481575
1.0017453
0.96764002
0.94812346
1.2785933
1.2534179
1.2116246
1.1586832
1.1013443
1.0464637
0.99986385
0.96562678
0.94603767
1.2781862
1.2529589
1.2110802
1.1580324
1.1005812
1.0455967
0.99891252
0.96461633
0.94499474
1.2771649
1.2518372
1.2097935
1.1565402
1.0988724
1.043688
0.99684168
0.96243223
0.94274856
1.274922
1.2494477
1.2071631
1.1536104
1.0956276
1.0401537
0.99307372
0.95850187
0.93872958
1.271048
1.2454259
1.2028991
1.1490465
1.0907498
1.0349898
0.98768133
0.95295253
0.93309561
1.2654387
1.2397092
1.1970071
1.1429391
1.08442
1.0284611
0.98099802
0.9461666
0.92625608
1.2585278
1.2327531
1.1899785
1.1358242
1.0772207
1.021193
0.97368381
0.93882781
0.91890761
1.2512989
1.2255365
1.1827843
1.1286623
1.0701005
1.0141215
0.96666271
0.93185066
0.91195885
1.2450642
1.2193452
1.176666
1.1226391
1.0641845
1.0083135
0.96095213
0.92621604
0.90636979
1.2410959
1.2154164
1.1728035
1.1188617
1.0605013
1.0047233
0.95744383
0.92277005
0.90296048
1.6796807
1.652712
1.6072318
1.54824
1.4823874
1.4171314
1.3596832
1.3160502
1.2904527
1.6803033
1.6532232
1.6075553
1.54832
1.4821961
1.4166724
1.35899
1.3151807
1.2894804
1.6804673
1.6532243
1.6072813
1.5476894
1.481168
1.4152522
1.3572271
1.3131596
1.287309
1.6790285
1.6516205
1.6053991
1.5454458
1.4785218
1.4122091
1.3538374
1.3095092
1.283507
1.6752095
1.6476801
1.6012535
1.5410338
1.4738132
1.4072084
1.3485822
1.3040632
1.2779503
1.6690833
1.6415004
1.5949832
1.5346457
1.4672939
1.4005603
1.3418231
1.2972217
1.2710615
1.6617026
1.6341294
1.5876284
1.5273116
1.4599829
1.3932732
1.3345583
1.2899754
1.2638268
1.6548046
1.6272759
1.5808496
1.5206294
1.4534085
1.386806
1.3281864
1.2836765
1.2575712
1.6502187
1.6227316
1.5763752
1.5162453
1.4491252
1.3826228
1.3240915
1.2796492
1.2535837
1.2391129
1.2134561
1.1708811
1.1169879
1.0586811
1.0029556
0.95572187
0.92108269
0.90129338
1.2348541
1.2092521
1.1667683
1.1129917
1.0548128
0.99921194
0.95208637
0.91752848
0.89778652
1.2272431
1.2017563
1.1594644
1.1059319
1.0480195
0.99267649
0.94577296
0.91138052
0.89173432
1.2165668
1.1912721
1.1492993
1.0961719
1.0386997
0.98378014
0.9372383
0.90311334
0.88362103
1.2035605
1.1785371
1.1370147
1.0844577
1.0276031
0.97327469
0.92723502
0.89347932
0.87419844
1.1895036
1.1648091
1.123832
1.0719643
1.0158543
0.96223636
0.91679794
0.88348245
0.8644528
1.1761186
1.1517641
1.1113503
1.060194
1.0048513
0.95196385
0.90714192
0.87427663
0.85550327
1.165283
1.1412192
1.101287
1.0507385
0.99605075
0.94378586
0.89948838
0.86700536
0.84844934
1.1586423
1.1347626
1.0951351
1.0449712
0.99069742
0.93882587
0.89485943
0.8626174
0.84419824
1.155385
1.1315969
1.0921213
1.0421489
0.98808139
0.93640566
0.89260396
0.8604818
0.8421307
1.148518
1.1249262
1.0857755
1.0362131
0.98258678
0.93132984
0.88788027
0.85601429
0.83780856
1.1366096
1.1133667
1.0747935
1.0259593
0.97311636
0.92260267
0.87977761
0.84836549
0.83041711
1.1205362
1.0977785
1.0600086
1.0121869
0.9604328
0.91095127
0.86899261
0.8382095
0.82061754
1.1017214
1.0795487
1.0427469
0.99614513
0.94570211
0.8974625
0.85654538
0.82651777
0.80935353
1.0821113
1.0605632
1.0247949
0.97949502
0.93045053
0.88353496
0.84372743
0.81450396
0.79779468
1.0639865
1.0430255
1.0082287
0.96415256
0.91642218
0.8707501
0.83198406
0.80351498
0.78723226
1.0496341
1.029143
0.99512351
0.95202633
0.90534713
0.86066947
0.82273596
0.79486962
0.77892764
1.0409604
1.0207548
0.98720764
0.94470525
0.89866462
0.85459097
0.81716308
0.78966266
0.77392746
1.5342589
1.5088122
1.465894
1.4102185
1.3480637
1.2864745
1.2322626
1.1910972
1.1669526
1.5242393
1.4990053
1.4564455
1.4012347
1.3395981
1.2785212
1.2247594
1.1839349
1.15999
1.5067262
1.4818704
1.4399481
1.3855635
1.3248479
1.264682
1.2117201
1.1715018
1.1479118
1.4828532
1.4585235
1.4174883
1.3642535
1.3048197
1.2459217
1.1940733
1.1546984
1.1316021
1.454634
1.4309387
1.3909729
1.3391244
1.2812365
1.2238673
1.1733614
1.1350036
1.1125025
1.4249809
1.4019628
1.3631392
1.3127713
1.2565341
1.2007977
1.1517257
1.1144538
1.0925884
1.3974136
1.3750321
1.3372816
1.2883056
1.2336209
1.1794199
1.1316962
1.0954455
1.0741778
1.375504
1.3536325
1.3167417
1.2688791
1.2154364
1.1624645
1.1158196
1.0803862
1.0595966
1.3622393
1.3406762
1.3043078
1.2571228
1.2044343
1.152209
1.1062199
1.0712829
1.050784
2.0487601
2.0237338
1.9809449
1.9243365
1.8596288
1.7938635
1.7345355
1.6885217
1.6611225
2.0427724
2.0178018
1.975107
1.9186218
1.8540543
1.7884306
1.7292292
1.6833134
1.6559724
2.0315118
2.0066568
1.9641592
1.9079337
1.8436612
1.7783357
1.7194023
1.6736935
1.6464756
2.0147343
1.9900713
1.9479011
1.8921077
1.8283272
1.7634999
1.7050145
1.6596525
1.6326406
1.9930921
1.9686996
1.9269912
1.8718071
1.8087215
1.7445989
1.6867478
1.641877
1.6151573
1.9685597
1.9444937
1.9033433
1.848897
1.7866532
1.7233849
1.6663034
1.6220287
1.5956637
1.9443381
1.9206096
1.8800354
1.8263503
1.7649766
1.7025916
1.6463061
1.6026484
1.5766505
1.9242324
1.9007913
1.8607097
1.8076759
1.7470452
1.6854158
1.6298116
1.5866816
1.560998
1.9117246
1.8884648
1.8486931
1.7960717
1.735912
1.67476
1.6195874
1.5767916
1.5513069
1.9055438
1.8823753
1.8427578
1.7903407
1.7304163
1.6695022
1.6145443
1.5719155
1.5465297
1.8924146
1.8694413
1.8301572
1.7781777
1.7187546
1.6583517
1.6038528
1.5615807
1.5364074
1.8693803
1.84675
1.8080553
1.756857
1.6983243
1.6388274
1.5851466
1.5435077
1.518712
1.8378305
1.8156789
1.7778012
1.7276859
1.6703938
1.6121564
1.5596127
1.5188562
1.4945853
1.8003597
1.7787848
1.7418945
1.6930837
1.6372832
1.5805653
1.5293915
1.4896978
1.4660601
1.7608405
1.7398779
1.7040359
1.6566183
1.6024116
1.5473122
1.497602
1.459043
1.4360807
1.723998
1.7036154
1.6687624
1.6226481
1.5699375
1.516363
1.4680249
1.430533
1.4082063
1.6946741
1.6747475
1.6406856
1.595623
1.5441043
1.4917464
1.4445117
1.40787
1.3860513
1.676914
1.657265
1.6236724
1.5792454
1.5284602
1.4768354
1.43027
1.3941498
1.3726379
2.2158883
2.1981523
2.1672697
2.1253893
2.0761646
2.0247092
1.9770934
1.9394001
1.9166384
2.200161
2.1825744
2.1519554
2.1104254
2.0616068
2.010585
1.9633694
1.9259881
1.9034163
2.1725247
2.1551967
2.1250331
2.0841292
2.0360409
1.9857779
1.9392726
1.9024526
1.8802178
2.1345878
2.1176254
2.0880924
2.0480443
2.0009728
1.9517707
1.9062429
1.8702019
1.8484384
2.0894327
2.0729081
2.0441424
2.0051299
1.9592695
1.9113435
1.8669996
1.8318915
1.8106923
2.041739
2.0256751
1.9977113
1.9598011
1.9152436
1.8686691
1.8255813
1.791475
1.7708794
1.9972214
1.9816012
1.9544036
1.9175145
1.8741666
1.8288765
1.7869661
1.7537895
1.7337601
1.961764
1.946483
1.9198971
1.8838504
1.8414651
1.7971797
1.7562265
1.7238005
1.7042187
1.9402925
1.9252158
1.8989795
1.863433
1.8216554
1.7779773
1.7375863
1.7056255
1.6863235
-0.36230058
-0.33859833
-0.29845128
-0.24674718
-0.18888724
-0.13113859
-0.077165874
-0.026593144
0.0094545545
-0.35387931
-0.33044881
-0.29082837
-0.23988828
-0.18282594
-0.12580833
-0.07295181
-0.023910477
0.011136351
-0.33979338
-0.31688129
-0.27817476
-0.22841356
-0.17266927
-0.11700965
-0.065946988
-0.019328616
0.013999633
-0.3221759
-0.29992825
-0.26233924
-0.2139884
-0.15985096
-0.10584969
-0.056895944
-0.013198643
0.017950429
-0.30231787
-0.2809329
-0.24483607
-0.19832992
-0.14617772
-0.094104182
-0.047254601
-0.0064078507
0.022487787
-0.28289241
-0.26224439
-0.22745964
-0.18268595
-0.1325962
-0.082632714
-0.037921788
0.00023247296
0.026965373
-0.26674623
-0.24671292
-0.21298204
-0.16952324
-0.1209625
-0.072647918
-0.029642536
0.0063471484
0.031251381
-0.25474521
-0.23528951
-0.20250377
-0.16016187
-0.11279874
-0.065640106
-0.023730525
0.010887381
0.034592023
-0.2476041
-0.22849357
-0.19630677
-0.15472898
-0.10819796
-0.06180804
-0.02056318
0.01330115
0.036366266
-0.24422184
-0.22527228
-0.19337009
-0.15215339
-0.10601911
-0.06002237
-0.019117401
0.014379695
0.037130566
-0.23713959
-0.21852136
-0.18719057
-0.1467132
-0.10144651
-0.056322645
-0.016180182
0.016533966
0.0386466
-0.22551019
-0.20745072
-0.17704423
-0.13772638
-0.093790928
-0.050052129
-0.011200753
0.020159654
0.041155155
-0.21031119
-0.19303837
-0.16396805
-0.12633195
-0.084237958
-0.0422848
-0.0049990326
0.024794656
0.044484862
-0.19407051
-0.17749679
-0.14965449
-0.11368703
-0.073593132
-0.033715068
0.0017138991
0.029778554
0.048096144
-0.17929824
-0.16344825
-0.13678404
-0.1022782
-0.063833764
-0.025676067
0.0081367399
0.034664205
0.051745232
-0.16648106
-0.15138239
-0.12596916
-0.093026462
-0.056236075
-0.019616245
0.01289519
0.038280095
0.054462107
-0.156767
-0.14218479
-0.11767302
-0.085951441
-0.050572905
-0.015346717
0.015989135
0.040430275
0.055930954
-0.15128232
-0.13697454
-0.11292575
-0.081823253
-0.047192371
-0.012772252
0.017819906
0.041642973
0.056703158
-0.14876758
-0.1345966
-0.11077385
-0.07996449
-0.045670797
-0.011606102
0.018650239
0.042185477
0.057037727
-0.1435295
-0.12965685
-0.10632114
-0.076120209
-0.042498604
-0.0091242407
0.020479475
0.043443051
0.057872287
-0.13488091
-0.1215338
-0.099074173
-0.069982696
-0.037557599
-0.005331217
0.02326551
0.045388508
0.059202143
-0.12402538
-0.11133248
-0.08997968
-0.062336901
-0.031537051
-0.00091068121
0.026298426
0.047328474
0.060390659
-0.11248297
-0.1004986
-0.080336614
-0.054242074
-0.02518396
0.0036901057
0.029326976
0.049100739
0.061312002
-0.10161544
-0.090324895
-0.07132924
-0.046747519
-0.019375098
0.0078254203
0.031971375
0.05056238
0.061982151
-0.092446801
-0.081765988
-0.06379288
-0.040535001
-0.014639165
0.011093283
0.03393609
0.051509256
0.062264882
-0.085682265
-0.075465313
-0.058271935
-0.03602252
-0.011245219
0.013379387
0.035236185
0.052038642
0.062296244
-0.08178912
-0.071839763
-0.055100385
-0.033444588
-0.009329196
0.014643353
0.035925826
0.052283266
0.062255701
-0.079986015
-0.070162766
-0.053637047
-0.032261294
-0.0084619082
0.015195237
0.036198741
0.052341001
0.062176798
-0.076257272
-0.066689112
-0.050594871
-0.029785937
-0.0066291502
0.01638148
0.036809056
0.052507018
0.062062438
-0.070231014
-0.061092581
-0.045716349
-0.025833172
-0.0037107956
0.01825972
0.037748961
0.052712855
0.06180336
-0.062770167
-0.054188553
-0.039748587
-0.021072047
-0.00028038571
0.020381703
0.038712938
0.052779961
0.061306561
-0.054931156
-0.04693866
-0.033495887
-0.016120596
0.0032126682
0.022424367
0.039473295
0.052558701
0.060479732
-0.047702506
-0.040277111
-0.027786779
-0.011640947
0.0063227516
0.024167287
0.039994434
0.052135533
0.059474875
-0.041703443
-0.034771933
-0.023113069
-0.008038139
0.0087436436
0.025425648
0.040227608
0.05158198
0.058440112
-0.037358475
-0.030788663
-0.019741834
-0.0054625589
0.010430683
0.026232774
0.040261329
0.051028352
0.057532441
-0.034905972
-0.028543054
-0.01784459
-0.0040163631
0.011371975
0.026668661
0.040246922
0.050668925
0.056965119
1.6074154
1.6321854
1.6727418
1.7231601
1.7766444
1.8268395
1.8687856
1.8992671
1.9165999
1.5897035
1.6141704
1.6542296
1.7040241
1.7568398
1.8064061
1.8478255
1.8779206
1.8950321
1.5593409
1.5832884
1.6224934
1.6712182
1.722892
1.7713817
1.8118959
1.8413293
1.8580633
1.5190317
1.5422842
1.5803519
1.6276636
1.6778314
1.7248929
1.7642046
1.7927618
1.8089964
1.4727883
1.4952471
1.5320082
1.5776892
1.6261251
1.6715583
1.7095011
1.7370557
1.7527174
1.4255729
1.4472371
1.4826875
1.5267187
1.5733871
1.6171551
1.6537039
1.6802427
1.6953248
1.3827959
1.4037319
1.4379988
1.4805607
1.5256523
1.5679183
1.6032035
1.628823
1.6433819
1.349534
1.3698927
1.4032194
1.4446272
1.4885033
1.5296197
1.56393
1.5888342
1.6029851
1.3296922
1.34971
1.3824712
1.4231777
1.466323
1.5067587
1.5404938
1.5649748
1.5788834
1.3200905
1.3399471
1.3724392
1.4128066
1.4555951
1.4957007
1.5291605
1.5534393
1.5672318
1.3001319
1.3196581
1.3515951
1.391257
1.4333001
1.4727166
1.5056022
1.5294609
1.5430127
1.2663173
1.2852937
1.3163295
1.3548375
1.3956135
1.4338412
1.4657532
1.4889091
1.5020596
1.2222451
1.2404717
1.2702992
1.3073346
1.3465337
1.3832315
1.4138452
1.4360661
1.4486905
1.1727408
1.1901373
1.2185892
1.2539133
1.2913331
1.3263768
1.3555815
1.3767554
1.3887797
1.1232113
1.1397967
1.1669185
1.2005633
1.2361716
1.2695294
1.2973513
1.3175215
1.3289687
1.0791594
1.095014
1.1209456
1.1531266
1.1871726
1.21903
1.2455916
1.2648605
1.2758019
1.0453701
1.0606718
1.0856881
1.1167288
1.1495859
1.1803303
1.2059386
1.2245037
1.2350463
1.0253797
1.0403605
1.0648493
1.0952192
1.1273599
1.1574476
1.1825102
1.2006688
1.2109761
0.9694974
0.99541841
1.0382541
1.092242
1.1505813
1.2065729
1.2544449
1.2899417
1.3104329
0.95536015
0.98084492
1.0229788
1.0761046
1.1334716
1.1884921
1.2355568
1.2704758
1.2906335
0.93145565
0.95621456
0.99712993
1.0487402
1.1045077
1.1579501
1.2036171
1.2375098
1.2570891
0.90020993
0.92404491
0.96342374
1.0130573
1.066681
1.1180997
1.1620204
1.194582
1.2133842
0.86503553
0.8878112
0.92544728
0.9729003
1.0241419
1.0732483
1.1152073
1.1463218
1.1642815
0.82979975
0.85153983
0.88744092
0.93268653
0.98155937
1.0283921
1.0683816
1.0980301
1.1151484
0.79834608
0.81917307
0.85357063
0.89689624
0.94365342
0.98845958
1.0267269
1.0550863
1.071453
0.77419425
0.79429599
0.82751473
0.86938619
0.91456163
0.95781115
0.99474619
1.0221292
1.0379319
0.75993324
0.77960018
0.8121021
0.85308758
0.89733767
0.93969167
0.9758354
1.0026303
1.0180985
1.0157503
1.0305749
1.0548109
1.0848646
1.1166638
1.1464334
1.1712341
1.189201
1.1993975
0.99585543
1.0103544
1.0340637
1.0634671
1.094561
1.1236637
1.1479207
1.1654965
1.1754674
0.96251326
0.97646663
0.99927922
1.0275826
1.0575216
1.0855218
1.1088492
1.1257599
1.1353575
0.91955894
0.93283447
0.95452513
0.98140952
1.0098441
1.0364491
1.0586054
1.0746561
1.0837649
0.87193579
0.88444581
0.90490272
0.93026519
0.95706302
0.98211502
1.0029817
1.0181004
1.0266777
0.82510818
0.83684724
0.8560431
0.87986835
0.90507765
0.9286417
0.94824865
0.96244948
0.97050724
0.78402629
0.79513341
0.81326306
0.83572466
0.85949305
0.88174683
0.90027715
0.91369001
0.92129621
0.7527679
0.76342196
0.78080169
0.80229218
0.82497716
0.84620399
0.86390347
0.8767289
0.88400222
0.73439479
0.74477533
0.76171947
0.78266896
0.80475288
0.82538333
0.84257997
0.85505166
0.86212953
0.72557421
0.73582118
0.75255373
0.77324547
0.79505124
0.81540692
0.83236461
0.84466338
0.8516455
0.70745421
0.71740986
0.73369033
0.75385239
0.7750949
0.79489289
0.81136382
0.82330571
0.83008738
0.67739096
0.68685629
0.70233617
0.72154926
0.74185471
0.76078153
0.77648443
0.78784249
0.79428725
0.63921128
0.6480674
0.66254838
0.68051194
0.69952737
0.71732015
0.73210912
0.74278924
0.74883585
0.59766279
0.60585547
0.61924457
0.63585645
0.65343702
0.66990068
0.68363142
0.69358126
0.69922146
0.55740429
0.56501935
0.57742646
0.59276474
0.6089728
0.62414464
0.63679735
0.64598035
0.6511982
0.52262486
0.52974222
0.54136073
0.55570431
0.57079375
0.58487877
0.5966166
0.60513055
0.60996736
0.49675623
0.50345513
0.514425
0.5280337
0.54236055
0.55568192
0.56675369
0.57478178
0.57934156
0.48184289
0.48829927
0.49886374
0.51199976
0.52588556
0.53879962
0.54950282
0.55725225
0.56165329
0.54408769
0.5576001
0.57985222
0.60783643
0.63805452
0.66699925
0.69170496
0.7100277
0.72060895
0.5309465
0.54413553
0.56584315
0.59307338
0.62242544
0.65056108
0.67457537
0.69236438
0.70263518
0.50899089
0.5215876
0.5423801
0.56848064
0.59649011
0.62324283
0.64609452
0.66303572
0.6728099
0.4811932
0.49296273
0.51241202
0.5369449
0.56338288
0.58856138
0.60995401
0.6257889
0.6349294
0.45085794
0.46181085
0.47985523
0.50254162
0.52704354
0.55052094
0.57049494
0.58522399
0.59369921
0.42134678
0.43151289
0.44828413
0.4693449
0.49197675
0.51362029
0.53211903
0.54582333
0.55371528
0.39597481
0.40542149
0.42101896
0.44066697
0.46182354
0.48197906
0.49912733
0.51184115
0.51918691
0.37709755
0.38603216
0.40075799
0.41928257
0.43928009
0.45839824
0.47463453
0.48661689
0.49352581
0.366152
0.37479848
0.38904857
0.40694798
0.42624102
0.44471648
0.46044699
0.47205006
0.47872591
0.4253597
0.44873172
0.48763415
0.53718053
0.59146677
0.64417551
0.68968702
0.72378958
0.74365216
0.41800639
0.44088624
0.47896866
0.52742854
0.5804999
0.63214373
0.67680934
0.71023663
0.72967576
0.4057346
0.42773209
0.46438931
0.51109935
0.5622031
0.61189879
0.65500018
0.68734012
0.70614287
0.38995733
0.41091959
0.4457517
0.49008267
0.53865856
0.58591034
0.62685845
0.65762369
0.67555128
0.37189935
0.39182975
0.424931
0.46689174
0.51266008
0.55715314
0.59574442
0.62472949
0.64161507
0.35392573
0.37267261
0.40390756
0.44365951
0.48699066
0.52891054
0.56516414
0.59239641
0.60826531
0.3382666
0.35598596
0.38545021
0.42298432
0.46410193
0.50397731
0.53835611
0.56408887
0.57906692
0.32623366
0.34325956
0.37152355
0.40738766
0.44661874
0.4848197
0.51786677
0.54257516
0.55692316
0.31908673
0.33568596
0.3632743
0.39826464
0.43642139
0.47353934
0.50573663
0.52986457
0.5438765
0.31561765
0.33200425
0.35925375
0.39383035
0.43150361
0.46811263
0.49988291
0.52371745
0.53756657
0.30858074
0.32451337
0.35103026
0.3847438
0.42146869
0.45704263
0.48788676
0.51108099
0.52458447
0.29689704
0.31209117
0.33735998
0.36951766
0.40465794
0.43867975
0.46804305
0.49008084
0.50293164
0.28195779
0.29624723
0.31999335
0.35016242
0.38312525
0.41514245
0.4428072
0.46350278
0.47553238
0.26555823
0.27885428
0.30095306
0.32903061
0.3596576
0.3893617
0.41507559
0.43436497
0.44558246
0.24963014
0.26196019
0.2824516
0.30848995
0.3369084
0.36444831
0.38823631
0.40607155
0.41645772
0.23589637
0.24739326
0.26650008
0.2907763
0.31726532
0.34295464
0.36515186
0.38176983
0.39143081
0.22565187
0.23653238
0.25460667
0.27757213
0.30262939
0.32691584
0.34791022
0.36364543
0.37279471
0.21971025
0.23024142
0.24772607
0.26992862
0.2941586
0.31764532
0.33793518
0.35314107
0.36198832
0.067073137
0.078281833
0.10176097
0.13892886
0.18259948
0.22530065
0.26279375
0.29109345
0.30771398
0.066814019
0.077676661
0.10043682
0.13656639
0.17908369
0.22066896
0.25719424
0.28473707
0.30089551
0.066315941
0.07660718
0.098175398
0.13258024
0.17320373
0.21291716
0.24781265
0.27413335
0.28955969
0.065532712
0.075134835
0.095246944
0.12746019
0.16564436
0.2029862
0.23579699
0.26054623
0.27505087
0.064401674
0.07328664
0.091893553
0.12181058
0.15734948
0.19207928
0.22260674
0.24563624
0.25912645
0.06310555
0.071311115
0.088489573
0.11621082
0.14923846
0.18148368
0.20979759
0.23115334
0.24366092
0.061832033
0.069482281
0.085484273
0.11132768
0.14216371
0.17228964
0.19873601
0.2186635
0.23032643
0.060750029
0.068002267
0.083169899
0.10766607
0.13687115
0.16539124
0.19044667
0.20932984
0.22037538
0.060080261
0.06710135
0.081788145
0.10551905
0.13380474
0.1613982
0.18563316
0.20390777
0.21460049
2.1056927
2.0972611
2.0819899
2.0601784
2.0330827
2.0033323
1.9746995
1.951332
1.9369316
2.0812611
2.0729338
2.057849
2.0363434
2.0096683
1.9803444
1.9520911
1.9290542
1.9148692
2.0393355
2.0312308
2.0165102
1.9954853
1.9694579
1.9409056
1.9133603
1.8908714
1.8770276
1.9835654
1.9757453
1.9615641
1.9412736
1.9160787
1.8884614
1.8618819
1.8401773
1.8268028
1.9196379
1.9120894
1.8984243
1.878961
1.8548306
1.828302
1.8027437
1.7819139
1.7690942
1.8543733
1.8471844
1.8340986
1.8153741
1.792221
1.7668821
1.7424418
1.7224693
1.7101724
1.795126
1.7882196
1.775743
1.7578736
1.7355969
1.7111723
1.6877399
1.6686325
1.6568527
1.749369
1.7425045
1.7302456
1.7129675
1.6915603
1.667927
1.6451457
1.6266279
1.6152518
1.7223373
1.7154828
1.7032551
1.6861436
1.6651721
1.642114
1.619793
1.6015877
1.590406
1.70933
1.7024855
1.6902692
1.6732083
1.6524017
1.6296069
1.6075312
1.5894954
1.5784105
1.6823993
1.675608
1.6634405
1.6464353
1.6258563
1.6035547
1.5820273
1.5643804
1.5535029
1.6370103
1.6304021
1.6184786
1.6016537
1.581255
1.5594338
1.5387066
1.5218086
1.5113734
1.5779292
1.5716233
1.5602226
1.543998
1.5240406
1.5025342
1.4823059
1.4660887
1.4561766
1.5116544
1.5056574
1.4948421
1.4794898
1.460527
1.4397926
1.4200074
1.4041153
1.394467
1.4456456
1.4399512
1.4296759
1.4151039
1.3971794
1.3776258
1.3588297
1.3435226
1.3341356
1.3871175
1.3817033
1.3719359
1.3580729
1.3409962
1.322393
1.304587
1.2901071
1.2811996
1.3423427
1.3371362
1.3277469
1.3144321
1.2980403
1.2801694
1.2630521
1.2491497
1.2406136
1.3159198
1.3108387
1.3016759
1.2886819
1.2726837
1.2552437
1.2385436
1.2249841
1.2166614
1.765602
1.7648408
1.7625799
1.7578404
1.7501412
1.7399456
1.7287766
1.7188965
1.7125439
1.7377406
1.7369883
1.734758
1.7300858
1.722509
1.7125061
1.7015597
1.6918488
1.6855794
1.6906658
1.6899298
1.6877576
1.6832117
1.6758403
1.6661294
1.655542
1.6461617
1.6400947
1.6294202
1.6287043
1.6266073
1.622236
1.6151534
1.6058178
1.5956504
1.586669
1.5808734
1.5607493
1.5600578
1.5580451
1.5538664
1.5471154
1.5382278
1.5285421
1.5199804
1.5144581
1.4922879
1.4916245
1.4897026
1.485721
1.4792964
1.4708517
1.4616633
1.4535452
1.4483067
1.4315758
1.4309386
1.4290998
1.4252991
1.4191733
1.4111229
1.4023653
1.3946338
1.389649
1.3851142
1.3844995
1.382727
1.3790656
1.373169
1.3654262
1.3570059
1.3495715
1.3447775
1.3576879
1.3570872
1.3553554
1.3517789
1.3460193
1.3384568
1.330234
1.3229758
1.3182964
1.3032201
1.298198
1.2891422
1.2763021
1.2604985
1.243271
1.2267677
1.2133647
1.2051392
1.2769826
1.2720841
1.263251
1.2507278
1.2353183
1.218526
1.2024389
1.189369
1.1813465
1.2330814
1.2283902
1.2199315
1.2079396
1.1931859
1.1771154
1.1617266
1.1492236
1.1415465
1.1767287
1.1723035
1.1643257
1.1530175
1.1391062
1.1239552
1.1094534
1.0976774
1.0904484
1.1145096
1.1103787
1.1029315
1.092377
1.0793963
1.0652612
1.0517322
1.0407478
1.0340067
1.0534429
1.0496018
1.0426772
1.0328629
1.0207928
1.0076521
0.99507796
0.98486935
0.97860404
1.000061
0.99647283
0.99000452
0.98083776
0.96956406
0.95728948
0.94554471
0.93601137
0.93016151
0.95968932
0.95629295
0.95016925
0.9414904
0.93081776
0.91919848
0.90808023
0.89905476
0.89351642
0.93605161
0.93276831
0.9268472
0.91845402
0.90813226
0.89689525
0.88614311
0.87741516
0.87205952
0.92473754
0.92150874
0.91568518
0.90742909
0.89727524
0.8862212
0.87564432
0.86705848
0.86178995
0.90146771
0.89835075
0.89272779
0.88475395
0.87494529
0.86426656
0.85404911
0.84575519
0.84066574
0.86284215
0.85991065
0.85462175
0.84711849
0.83788361
0.82782663
0.81820394
0.81039311
0.80560014
0.81385605
0.81115652
0.80628661
0.79937907
0.79087563
0.78160947
0.77273902
0.76553764
0.76111867
0.76059531
0.7581507
0.75373578
0.74746911
0.73975463
0.73134852
0.72329845
0.71675994
0.7127465
0.7092353
0.70704104
0.70307343
0.69743108
0.69047412
0.68288955
0.67562653
0.66972676
0.66610462
0.66518638
0.66320462
0.65962037
0.65451987
0.64822124
0.64134245
0.63474941
0.62939308
0.62610464
0.6324842
0.63065962
0.62735696
0.62265548
0.61684807
0.61049949
0.60440672
0.59945285
0.59641065
0.61361276
0.61188046
0.60874146
0.60426889
0.59874277
0.59270099
0.58689956
0.58217935
0.57927945
0.95103804
0.95070142
0.94966182
0.94744337
0.94382145
0.93904046
0.93382968
0.92922359
0.92625179
0.92680736
0.92649134
0.92550233
0.92337522
0.91988652
0.91527309
0.91024368
0.9057981
0.90292968
0.88658299
0.88629744
0.88538797
0.88341526
0.88015786
0.8758282
0.87109786
0.86691568
0.86421765
0.83555703
0.83531248
0.83450063
0.83271401
0.82974961
0.82579357
0.82145367
0.81760699
0.81512316
0.78004132
0.77984866
0.77915524
0.77757698
0.7749231
0.77136728
0.76745929
0.76398798
0.7617426
0.72648513
0.72634226
0.72576649
0.72440167
0.72206001
0.71888913
0.71539019
0.71227896
0.71026542
0.68053478
0.68043601
0.67996086
0.67877821
0.67671136
0.67388295
0.67073977
0.66793481
0.66611724
0.64639696
0.64633371
0.6459377
0.64489214
0.64302738
0.64045553
0.63758393
0.63501166
0.63334115
0.62668707
0.62664449
0.6262955
0.62533244
0.623586
0.6211608
0.61844587
0.61601005
0.61442619
1.3135159
1.317948
1.3246423
1.3318873
1.3380811
1.342259
1.3443104
1.34483
1.3447071
1.2869911
1.2913187
1.2978571
1.3049365
1.31099
1.3150716
1.3170742
1.3175809
1.3174606
1.2425912
1.2467444
1.2530173
1.2598138
1.2656344
1.2695629
1.2714895
1.2719766
1.2718614
1.1855349
1.1894785
1.1954278
1.2018626
1.2073723
1.2111019
1.2129417
1.2134139
1.2133102
1.1224365
1.1261507
1.1317594
1.1378265
1.1430117
1.1465165
1.1482525
1.1487099
1.1486231
1.0604417
1.0639248
1.069188
1.0748945
1.0797869
1.0830979
1.0847389
1.0851778
1.0851045
1.0061889
1.0094792
1.0144472
1.019831
1.0244578
1.0276103
1.0291894
1.0296245
1.0295665
0.96510621
0.968255
0.97301175
0.97816473
0.98258957
0.98561313
0.98714612
0.98758672
0.98754661
0.94103571
0.94409961
0.94873189
0.9537557
0.95807045
0.96101847
0.96251979
0.96296201
0.96293315
0.92950742
0.93253114
0.9371038
0.94206594
0.94633023
0.94924461
0.95073121
0.95117364
0.95114991
0.90579973
0.90873973
0.91318693
0.91801974
0.92218193
0.9250297
0.92648526
0.92692596
0.9269115
0.86642215
0.86922894
0.87347402
0.87808838
0.88207533
0.88482134
0.88623717
0.88667707
0.88667585
0.8164267
0.81906452
0.8230595
0.827409
0.83117459
0.83378632
0.83515933
0.83561114
0.83563335
0.76199936
0.76445788
0.76818286
0.77224759
0.77578366
0.77825513
0.77957896
0.78004479
0.78009674
0.70944016
0.71173095
0.7152083
0.71900976
0.72233008
0.72467524
0.72595996
0.72644087
0.72652078
0.6643209
0.66645856
0.66971548
0.67329727
0.67644515
0.67868857
0.67994522
0.6804452
0.68055225
0.63080254
0.63282715
0.63591199
0.63931836
0.64233902
0.64451527
0.6457548
0.64627059
0.64639969
0.61144061
0.61340744
0.61639947
0.61970114
0.62264109
0.62477931
0.62601318
0.62653948
0.62668131
0.8548844
0.86151235
0.87213427
0.88489964
0.89784931
0.90936509
0.91842554
0.9246311
0.9279989
0.83323423
0.83967647
0.85000666
0.86242371
0.87501307
0.88620764
0.89502076
0.90105784
0.90433319
0.79727698
0.80340104
0.81323109
0.82506794
0.83707637
0.84774325
0.85613888
0.86189636
0.8650225
0.75163568
0.75736682
0.76655348
0.77761727
0.78887154
0.79889115
0.80677534
0.81217816
0.81511259
0.70183235
0.7071762
0.71572597
0.72598497
0.73639312
0.74567486
0.75300626
0.75804053
0.76077555
0.65361515
0.65857469
0.66652794
0.67608141
0.68574683
0.69432751
0.70109839
0.70576114
0.70830205
0.61220553
0.61680692
0.62420116
0.63312127
0.64218485
0.65023087
0.65655417
0.66089545
0.66326087
0.58144941
0.58578491
0.59274958
0.60115925
0.60973822
0.61739421
0.62342274
0.62755332
0.62979831
0.56368718
0.5678722
0.57459426
0.58270807
0.5909904
0.5984029
0.60426039
0.60828023
0.61046444
1.0367359
1.0166696
0.98335293
0.94114079
0.89541176
0.85163284
0.81445163
0.78712976
0.77149543
1.0278943
1.0081202
0.97528704
0.93368377
0.88860835
0.84544757
0.80878367
0.78183619
0.76641341
1.012746
0.9934738
0.9614709
0.92091317
0.87696014
0.83486072
0.79908495
0.77278005
0.75772028
0.99262572
0.97402081
0.94312199
0.90395453
0.8614938
0.82080546
0.78621024
0.76075936
0.746182
0.96948061
0.95164173
0.9220103
0.8844389
0.84369139
0.80462288
0.77138282
0.74691221
0.73288851
0.94575171
0.92869366
0.90035401
0.86440923
0.82540788
0.78799056
0.75613196
0.73266067
0.71920141
0.92412551
0.90777247
0.88059954
0.84612431
0.80870052
0.7727751
0.74216492
0.71959686
0.70664781
0.90718234
0.89137638
0.86510831
0.83177296
0.79557344
0.76080589
0.73116474
0.70929788
0.69674499
0.89701281
0.88153287
0.85580401
0.8231472
0.78767652
0.75359868
0.72453471
0.70308562
0.69076875
0.89207706
0.8767542
0.85128608
0.81895717
0.78383814
0.75009342
0.72130817
0.7000609
0.68785805
0.88178735
0.86678947
0.84185999
0.81021166
0.7758233
0.74276946
0.71456313
0.69373472
0.68176876
0.86426291
0.84981578
0.82579596
0.79529305
0.76213632
0.73024803
0.70301778
0.68289636
0.67132992
0.84118095
0.82744529
0.80460476
0.77558767
0.7440267
0.71364998
0.68768616
0.66848224
0.65743469
0.81487711
0.80193462
0.78040621
0.75304489
0.72326489
0.69457464
0.67002529
0.65184675
0.64137948
0.7881517
0.77599495
0.75576835
0.73004592
0.70202837
0.67501042
0.65186386
0.63470359
0.62481278
0.76399955
0.75252943
0.73344195
0.70916332
0.6826991
0.65715321
0.63524482
0.61898312
0.60960205
0.74518789
0.73425154
0.71603481
0.69284541
0.66756267
0.64313841
0.6221712
0.60659565
0.59760268
0.73393878
0.72330889
0.70561614
0.68307331
0.65847726
0.63471522
0.6143008
0.5991291
0.59036477
1.1349217
1.1186297
1.0911584
1.0555434
1.0157534
0.97627796
0.94150541
0.91505557
0.89952479
1.1193888
1.1034673
1.0765938
1.0417271
1.0028039
0.96418738
0.93015037
0.90427538
0.88907605
1.0930343
1.0777023
1.0518495
1.0182893
0.98079694
0.94362276
0.91084815
0.88592112
0.87128408
1.0585603
1.0439846
1.0194056
0.98753349
0.95192756
0.91659655
0.88545987
0.86177157
0.84785593
1.0195304
1.0058272
0.98270381
0.95268202
0.91916006
0.88591089
0.85658023
0.8342719
0.82116553
0.98025496
0.96737022
0.94566616
0.9175255
0.88605949
0.85483851
0.82732298
0.8063696
0.79405898
0.94507918
0.93296255
0.9124838
0.88591732
0.85629781
0.8268802
0.80091457
0.78117828
0.7695705
0.91782785
0.90628354
0.88684031
0.86152464
0.83320072
0.80518554
0.78043699
0.76156774
0.75050116
0.90171669
0.89044047
0.87150899
0.84700591
0.81950287
0.79220512
0.76822319
0.74989348
0.73910874
0.72851109
0.71800788
0.70055742
0.67833766
0.65406806
0.63062167
0.61047496
0.59549499
0.58684192
0.71721873
0.70702302
0.69004366
0.66845091
0.64488255
0.62207758
0.602483
0.58790097
0.57947511
0.69799469
0.68832853
0.67221115
0.65165884
0.62922448
0.60751254
0.58882548
0.5749137
0.56686413
0.67289235
0.66383851
0.64877939
0.62959422
0.60860504
0.58827208
0.57075611
0.55769236
0.55012984
0.64447695
0.63614944
0.62223715
0.60449406
0.58510555
0.56628406
0.55004506
0.53791978
0.53088837
0.61581477
0.60814217
0.5953953
0.57910546
0.56122858
0.54388715
0.52889479
0.51768091
0.51117321
0.59023018
0.5831345
0.57125552
0.55617765
0.53968985
0.52359306
0.50969209
0.49927235
0.49321841
0.57020565
0.56367261
0.55268167
0.53842555
0.52288027
0.50782029
0.49468334
0.48488791
0.47916588
0.55839778
0.55195364
0.54146733
0.52794862
0.51284664
0.49835502
0.48574075
0.4762393
0.47076246
0.5528022
0.54641217
0.53599255
0.52284562
0.50806126
0.49370642
0.48144367
0.47204679
0.46666711
0.54116995
0.53506362
0.52481844
0.51202976
0.49810376
0.48423037
0.47230819
0.46339966
0.45815012
0.5210484
0.51557792
0.50626768
0.49409863
0.4809077
0.4681951
0.45696747
0.44858538
0.44371036
0.49518307
0.48992174
0.48150043
0.47085455
0.45880282
0.44700748
0.43692118
0.4292224
0.42474768
0.46908242
0.46355198
0.4546819
0.44430388
0.43377909
0.42338669
0.41414751
0.40732767
0.40330447
0.44533967
0.44014021
0.43137264
0.42021423
0.40892768
0.39941089
0.39148434
0.38526823
0.38170089
0.42453613
0.41981777
0.41190263
0.40162913
0.38997707
0.37899156
0.37097128
0.36566869
0.36243819
0.40912393
0.40465714
0.39715121
0.38748343
0.37684347
0.36609963
0.35658688
0.35044969
0.34757903
0.40012828
0.39587086
0.3887036
0.37940867
0.36897858
0.3587515
0.34971293
0.34258321
0.33880434
0.65627297
0.64877928
0.63615426
0.62002413
0.60285412
0.5868639
0.57306229
0.5623225
0.5558979
0.64216301
0.63494138
0.62272392
0.60689247
0.58966634
0.57360206
0.56023158
0.5501417
0.5441067
0.618604
0.61182331
0.60036054
0.58539862
0.56863792
0.55240265
0.53891559
0.52924279
0.52370225
0.5885919
0.58232016
0.57174045
0.55799227
0.54252053
0.52700457
0.51340808
0.50342542
0.49780647
0.55584868
0.55012738
0.54046
0.52788585
0.51381058
0.49976636
0.48720439
0.47751302
0.47180966
0.52412783
0.51894097
0.51017643
0.49875745
0.48591288
0.47308239
0.46171625
0.45300863
0.4478398
0.49683767
0.49209445
0.48407507
0.4736306
0.46189888
0.45015142
0.43966095
0.43159506
0.42683137
0.47652758
0.47211702
0.46465636
0.45492349
0.44396453
0.43299629
0.42323737
0.41573241
0.41127662
0.46479014
0.46056664
0.45342122
0.44410265
0.43361398
0.42309449
0.41369929
0.40647137
0.40219335
1.0561904
1.0460591
1.0287858
1.0058251
0.97946233
0.95283365
0.92897024
0.91041531
0.89932752
1.0353332
1.0253783
1.00856
0.98640559
0.96090651
0.93492953
0.91168726
0.89374679
0.8830468
1.0010179
0.99120888
0.97475782
0.95351754
0.92952151
0.90498903
0.88275401
0.86559325
0.85542526
0.95795055
0.94845657
0.9323777
0.91159587
0.88865289
0.86590047
0.84538976
0.82936522
0.81980137
0.91067322
0.90183827
0.88672721
0.86678155
0.84434623
0.82234877
0.80322856
0.78863346
0.77994175
0.86402261
0.85584366
0.84189849
0.82347697
0.8023787
0.78102137
0.76220554
0.74812719
0.73996379
0.82322891
0.81558028
0.80253135
0.78533891
0.76577726
0.74589261
0.7279008
0.71402907
0.70589132
0.7923153
0.78508753
0.7727556
0.75647976
0.7379286
0.7191375
0.70220241
0.68903901
0.6811935
0.77420363
0.76721143
0.75528018
0.73954033
0.72161342
0.70345401
0.68708531
0.6743646
0.66677446
0.76552598
0.75865029
0.74691903
0.73143865
0.71379287
0.6959168
0.6798278
0.66734029
0.65988641
0.74767385
0.74103211
0.72970128
0.71475142
0.69770523
0.68042337
0.66487263
0.6528245
0.64564325
0.71801844
0.71176215
0.70108896
0.68700914
0.67095773
0.65467367
0.64000302
0.62863921
0.62187711
0.68036011
0.67458959
0.66474364
0.65175286
0.63694456
0.62192437
0.60838298
0.59787797
0.59162115
0.63935482
0.63410817
0.62515527
0.61333957
0.5998638
0.58619119
0.57386751
0.56430724
0.55860935
0.59977439
0.59502785
0.58692673
0.5762328
0.56403287
0.55164653
0.54047208
0.53179963
0.52663161
0.56580344
0.56148296
0.55410707
0.54436626
0.53324789
0.52195511
0.51176319
0.50384743
0.49912634
0.54056865
0.53656259
0.52972221
0.52068561
0.51036573
0.49987679
0.49040433
0.48304511
0.4786557
0.52600479
0.52217948
0.51564661
0.50701399
0.49715265
0.4871271
0.47806965
0.47102903
0.46682768
0.85918993
0.85373756
0.84428038
0.83152109
0.81660984
0.80111432
0.78684974
0.77560238
0.76882862
0.8381539
0.83288675
0.82375072
0.81142488
0.79702086
0.78205289
0.76827352
0.75740819
0.75086445
0.80323433
0.79827393
0.78966975
0.778061
0.76449485
0.75039804
0.73742089
0.72718758
0.72102403
0.75893717
0.75436404
0.74643172
0.73572893
0.72321994
0.7102205
0.69825347
0.68881659
0.6831324
0.71076453
0.70661012
0.69940333
0.68967907
0.67831333
0.6665001
0.6556226
0.64704354
0.64187569
0.66431507
0.66056443
0.65405592
0.64527034
0.63499879
0.62432099
0.61448708
0.6067292
0.60205505
0.62447946
0.62107426
0.61516426
0.60718327
0.59784689
0.58813666
0.57919133
0.57213292
0.56787941
0.59490669
0.5917561
0.58628788
0.57890287
0.57026088
0.56126796
0.55297923
0.54643682
0.54249358
0.57784542
0.57484137
0.56962685
0.56258423
0.55434222
0.5457631
0.5378529
0.53160758
0.52784283
