FiniteElementSpace
FiniteElementCollection: L2_2D_P8
VDim: 1
Ordering: 0

-0.90008081
-0.88542764
-0.86105247
-0.83001139
-0.79599348
-0.76280446
-0.73394101
-0.71218264
-0.6994569
-0.88172287
-0.86733798
-0.84341601
-0.81293509
-0.77951796
-0.74694088
-0.71861351
-0.69724461
-0.68474813
-0.84931128
-0.83540561
-0.81226657
-0.78277615
-0.75047179
-0.71898721
-0.69159292
-0.6709365
-0.65886284
-0.80452137
-0.79127517
-0.76924028
-0.74117599
-0.71043392
-0.68046308
-0.65440019
-0.63475385
-0.6232682
-0.75085261
-0.73842405
-0.7177523
-0.69141785
-0.66257139
-0.63446363
-0.61002263
-0.59159668
-0.58082711
-0.69384517
-0.68229681
-0.66308693
-0.63862233
-0.6118347
-0.58573152
-0.5630361
-0.54593307
-0.53593732
-0.64043495
-0.62972195
-0.61190808
-0.58922453
-0.56438322
-0.54018237
-0.51914848
-0.50329603
-0.49403152
-0.59780209
-0.58776721
-0.5710782
-0.54982237
-0.52655194
-0.50388851
-0.48418702
-0.46934119
-0.46066734
-0.5719418
-0.56231795
-0.54631025
-0.52592843
-0.5036212
-0.48189078
-0.46300233
-0.44877422
-0.44046047
2.0542598
2.0458828
2.0314253
2.0120276
1.9894565
1.9660478
1.9444914
1.9274655
1.9171927
2.1087241
2.100126
2.0852897
2.0653868
2.0422257
2.0182011
1.9960794
1.9786098
1.9680697
2.1945975
2.1856531
2.170221
2.1495172
2.1254216
2.1004313
2.0774242
2.0592554
2.0482928
2.2947958
2.2854434
2.269304
2.2476552
2.2224737
2.1963662
2.1723282
2.1533425
2.1418871
2.3915528
2.3818164
2.365011
2.3424609
2.3162258
2.2890288
2.2639957
2.2442292
2.2323038
2.4715044
2.4614401
2.4440833
2.4208033
2.3937119
2.3656198
2.3397652
2.319354
2.3070412
2.5285307
2.5182192
2.5004389
2.4766142
2.4489196
2.42021
2.3937794
2.3729103
2.3603218
2.5632352
2.552785
2.5347524
2.5105809
2.4824992
2.4534114
2.4266414
2.405504
2.3927529
2.5800274
2.5695175
2.5513779
2.5270463
2.4987676
2.4694873
2.4425545
2.421292
2.4084652
1.350659
1.3371827
1.3144577
1.2849372
1.2518415
1.2187994
1.189415
1.1668468
1.1534822
1.3867855
1.3729586
1.3496424
1.3193538
1.2853969
1.2514917
1.2213374
1.1981811
1.1844713
1.4438479
1.42947
1.4052244
1.3737304
1.3384241
1.3031686
1.2718077
1.2477236
1.2334661
1.5106224
1.4956081
1.4702894
1.4374005
1.4005305
1.3637156
1.3309671
1.3058133
1.2909203
1.5754356
1.5598162
1.5334765
1.4992604
1.4609012
1.422599
1.3885288
1.362361
1.3468673
1.6293931
1.6132843
1.5861197
1.5508326
1.5112726
1.4717693
1.4366289
1.4096389
1.3936588
1.6682505
1.6518052
1.624073
1.5880481
1.5476606
1.5073318
1.4714566
1.4439008
1.427585
1.6922141
1.6755736
1.6475122
1.6110598
1.5701931
1.5293849
1.4930829
1.4651995
1.4486898
1.7039876
1.6872574
1.6590449
1.6223966
1.5813102
1.5402823
1.5037849
1.4757512
1.4591523
0.60711506
0.59712528
0.58050668
0.55935114
0.5361855
0.51359197
0.49394432
0.47914257
0.47049004
0.62336307
0.61311583
0.5960605
0.57433081
0.55054466
0.52736463
0.50719377
0.49199049
0.48310711
0.64913673
0.63847221
0.62073524
0.598131
0.57336195
0.54923282
0.52825358
0.51243126
0.50318169
0.67957816
0.66841874
0.64986004
0.62623162
0.60034835
0.57510938
0.5531657
0.53662935
0.52696234
0.70951836
0.69790236
0.67857011
0.65393289
0.62695653
0.60067412
0.57780675
0.56056449
0.55048818
0.73495067
0.72294422
0.70298409
0.67755733
0.6496801
0.62250588
0.59889075
0.58108545
0.57067277
0.75385415
0.74157081
0.72112903
0.69510859
0.6666311
0.63884987
0.61466839
0.59645123
0.58580764
0.76591222
0.75349397
0.73281328
0.70642365
0.67752459
0.64939906
0.62491867
0.60643616
0.59563229
0.77204606
0.75954637
0.7387598
0.71224282
0.68314477
0.6548064
0.63019119
0.61161327
0.60074066
-0.21915737
-0.21603315
-0.21080704
-0.20409742
-0.19667754
-0.18937416
-0.18296855
-0.17810651
-0.17525064
-0.17358984
-0.17106822
-0.16685315
-0.16144668
-0.15546615
-0.14957702
-0.1444169
-0.14050238
-0.13820258
-0.096973822
-0.095473871
-0.09296381
-0.089740486
-0.086181662
-0.08268533
-0.0796193
-0.077293774
-0.075929858
0.0018667169
0.0020505873
0.002356698
0.0027479461
0.0031758076
0.0035884488
0.0039435028
0.0042091392
0.0043632595
0.11129774
0.11002353
0.10788795
0.1051367
0.10208698
0.099079258
0.096429769
0.094410034
0.093220994
0.2185898
0.21587766
0.21134012
0.20551052
0.19905055
0.19267628
0.18707544
0.18281619
0.18031004
0.3119247
0.30796693
0.30133717
0.29281315
0.28338281
0.27408946
0.26591497
0.25969827
0.25604411
0.3820019
0.37710787
0.36891604
0.35837882
0.34670715
0.33521234
0.32511518
0.31743287
0.31291413
0.42276412
0.4173192
0.40821208
0.39651024
0.38354386
0.37076117
0.35954004
0.35100996
0.3459921
-0.31864562
-0.31530073
-0.30965754
-0.3023258
-0.29410884
-0.28590468
-0.27860494
-0.27299885
-0.26968085
-0.25383354
-0.25113754
-0.2465814
-0.24066163
-0.234042
-0.22743563
-0.2215441
-0.21701583
-0.21433774
-0.14477741
-0.14317711
-0.14047518
-0.13695872
-0.13301134
-0.12906995
-0.12556478
-0.12287124
-0.12127554
-0.0040055867
-0.0038166228
-0.003501873
-0.0030896409
-0.0026099123
-0.0021203961
-0.001689467
-0.0013600587
-0.0011636633
0.15192383
0.15054671
0.14823322
0.14522909
0.14185246
0.13848774
0.13551288
0.13323322
0.13188253
0.30491368
0.30198749
0.29705873
0.29067723
0.28354406
0.2764203
0.27007968
0.26521742
0.26234389
0.43802022
0.43376701
0.42658525
0.41725093
0.40680982
0.39641532
0.38717455
0.38007278
0.37586783
0.53794336
0.53268854
0.52383839
0.5123299
0.49940493
0.48651703
0.47508985
0.46632302
0.4611304
0.59608695
0.59022925
0.58038173
0.56760662
0.55326695
0.53894049
0.52622085
0.51647117
0.51070326
-0.51881012
-0.50838371
-0.49111678
-0.46925577
-0.44548171
-0.42248567
-0.40262794
-0.38774585
-0.37908245
-0.50747643
-0.49724853
-0.48030916
-0.45886418
-0.43554591
-0.41299188
-0.39351736
-0.37892359
-0.3704282
-0.48761621
-0.47774017
-0.46138522
-0.44068368
-0.41817644
-0.39640948
-0.37761737
-0.36353619
-0.35533986
-0.46045976
-0.45107667
-0.43553992
-0.41587636
-0.39450106
-0.37383275
-0.35599191
-0.34262535
-0.33484569
-0.42828085
-0.41949534
-0.40494943
-0.38654297
-0.3665382
-0.34719877
-0.3305081
-0.3180051
-0.31072876
-0.39442871
-0.38628465
-0.37280247
-0.35574479
-0.3372093
-0.31929391
-0.30383504
-0.2922565
-0.28551885
-0.36296936
-0.35543149
-0.34295391
-0.32716945
-0.31002054
-0.29344827
-0.27915074
-0.26844352
-0.26221346
-0.33800502
-0.33095374
-0.31928268
-0.30452039
-0.28848412
-0.27298924
-0.25962304
-0.24961432
-0.24379113
-0.32291512
-0.31616025
-0.30498046
-0.2908404
-0.27548132
-0.26064217
-0.24784257
-0.23825877
-0.23268305
-0.071510915
-0.069859947
-0.067132759
-0.063693111
-0.059969377
-0.05638417
-0.053301708
-0.050999778
-0.049662953
-0.055106766
-0.053796247
-0.051632667
-0.048906102
-0.045957231
-0.043120936
-0.040684653
-0.03886669
-0.037811493
-0.027582566
-0.02684454
-0.025628675
-0.02410108
-0.022454915
-0.020877611
-0.019527582
-0.01852315
-0.017941325
0.0078330259
0.007832413
0.0078256425
0.0078066388
0.0077725584
0.0077261327
0.0076753137
0.0076306975
0.0076021483
0.046945473
0.046127088
0.044766783
0.043035754
0.041141914
0.039298524
0.037697616
0.036492292
0.035788433
0.085217485
0.08359749
0.080910477
0.077501497
0.073785142
0.070181033
0.067061487
0.064719105
0.06335373
0.11847178
0.11615469
0.11231404
0.10744615
0.10214537
0.097010693
0.09257111
0.089240438
0.087300134
0.14343343
0.14059316
0.13588664
0.12992379
0.12343393
0.11715065
0.11172053
0.10764831
0.10527664
0.15795202
0.15480757
0.14959772
0.14299833
0.13581718
0.12886621
0.1228603
0.11835707
0.11573468
-0.1337573
-0.13131137
-0.12724962
-0.1220892
-0.11645384
-0.1109799
-0.10623643
-0.10267079
-0.10059078
-0.10483621
-0.10287294
-0.099614167
-0.095476748
-0.090961451
-0.086578701
-0.082784064
-0.079933462
-0.078271348
-0.056250033
-0.055100518
-0.053194337
-0.050777442
-0.048147093
-0.045601694
-0.043402889
-0.04175554
-0.040796788
0.0063594802
0.0064594691
0.0066195073
0.0068118156
0.0070073856
0.0071812037
0.007317721
0.0074115455
0.0074624941
0.075605059
0.074540457
0.07276459
0.070492016
0.067988113
0.065532834
0.063384651
0.061756446
0.060801251
0.14343781
0.14123034
0.13755327
0.13286092
0.12770911
0.12267376
0.11828347
0.11496656
0.11302438
0.2024106
0.19920907
0.19387936
0.18708051
0.17962237
0.17234309
0.16600171
0.16121441
0.15841363
0.24668663
0.24273602
0.23616259
0.22778436
0.21859516
0.20962784
0.20182289
0.1959321
0.19248588
0.27243744
0.26805311
0.2607552
0.25145507
0.24126138
0.23131327
0.22265444
0.21612328
0.21230253
1.7420857
1.7300495
1.7095748
1.6826489
1.6520245
1.620983
1.5929834
1.5712322
1.5582536
1.7883959
1.776046
1.755039
1.7274138
1.6959922
1.6641417
1.6354142
1.6130983
1.5997823
1.8614396
1.8485985
1.8267558
1.7980296
1.7653551
1.7322376
1.7023684
1.6791643
1.6653179
1.9467069
1.9332954
1.910482
1.8804805
1.8463586
1.8117745
1.7805814
1.7563493
1.7418901
2.0291449
2.0151879
1.9914484
1.9602311
1.9247269
1.8887423
1.856288
1.8310773
1.8160342
2.0973716
2.0829723
2.0584805
2.0262744
1.9896478
1.9525291
1.9190533
1.8930493
1.8775332
2.1460926
2.1313847
2.1063694
2.0734775
2.0360737
1.9981686
1.963985
1.9374327
1.92159
2.1758101
2.1609203
2.1355973
2.1023032
2.0644433
2.0260776
1.991481
1.964609
1.9485758
2.1902429
2.1752684
2.1498017
2.1163193
2.0782471
2.0396686
2.0048809
1.9778607
1.9617392
2.1235276
2.1093053
2.0851381
2.0534014
2.017356
1.9808658
1.9479874
1.9224675
1.9072485
2.1024973
2.0884414
2.064556
2.0331925
1.9975798
1.9615351
1.9290607
1.9038551
1.8888238
2.0632608
2.0495185
2.0261629
1.9954896
1.9606657
1.9254355
1.8937061
1.8690816
1.8543971
2.0057056
1.9924123
1.9698294
1.9401769
1.9065067
1.8724438
1.8417784
1.8179901
1.8038076
1.9332679
1.9205239
1.8988822
1.8704871
1.8382672
1.8056764
1.776334
1.7535753
1.7400099
1.8536977
1.8415608
1.8209496
1.7939094
1.7632454
1.7322553
1.7043674
1.682738
1.6698456
1.7778233
1.766263
1.7466381
1.7208965
1.6917048
1.6622124
1.6356914
1.6151338
1.6028831
1.7169105
1.7058056
1.6869618
1.6622599
1.6342579
1.6059672
1.5805293
1.5608192
1.5490779
1.679972
1.6691421
1.6507676
1.6266889
1.5994057
1.5718478
1.5470683
1.5278688
1.5164331
2.4977445
2.4874914
2.4698266
2.4462045
2.4188257
2.39054
2.3645851
2.3441382
2.3318182
2.4726871
2.4625451
2.4450597
2.4216616
2.3945513
2.3665513
2.3408567
2.3206203
2.3084328
2.4259377
2.4159946
2.3988742
2.3759418
2.3493249
2.3218421
2.2966458
2.2768066
2.2648596
2.3575895
2.3478456
2.331135
2.3088681
2.2830666
2.2563811
2.2318954
2.2126268
2.2010294
2.2718392
2.2623947
2.2461546
2.2245327
2.1996219
2.1739779
2.1504556
2.1319255
2.1207681
2.1774891
2.1684794
2.1529565
2.1321804
2.1081522
2.0834798
2.0609638
2.0432709
2.032621
2.0874555
2.0787926
2.0639365
2.044115
2.0211252
1.9973979
1.9757307
1.9587569
1.948566
2.0153164
2.0068819
1.9924467
1.9732911
1.951189
1.9283632
1.9074335
1.8910058
1.8811486
1.9716128
1.9633363
1.9491538
1.9303439
1.9087177
1.8864547
1.8660322
1.8499673
1.8403157
0.95080976
0.93835071
0.91747449
0.89063188
0.86095265
0.83173824
0.80605496
0.78651519
0.77502857
0.97615834
0.96338446
0.94198361
0.91443683
0.88393982
0.85393598
0.82759288
0.80755022
0.79575963
1.0162577
1.0029459
0.98069475
0.95209155
0.92037365
0.88910122
0.86166297
0.84082391
0.82857204
1.0635831
1.0495586
1.0261604
0.9962112
0.96312474
0.93048481
0.90177004
0.87994813
0.8671295
1.1102193
1.0955236
1.0709495
1.0394707
1.0048231
0.97084083
0.94100729
0.91829687
0.90493358
1.14959
1.1344328
1.1090382
1.0763724
1.0402627
1.0048634
0.97395553
0.95053696
0.93677635
1.1783515
1.1628787
1.1369681
1.1036319
1.0666698
1.0302369
0.99833083
0.97420381
0.96007652
1.1964626
1.1807976
1.1545652
1.1208281
1.0834393
1.0465375
1.0140958
0.98947525
0.97504172
1.2055458
1.1897928
1.1634128
1.1294876
1.0918976
1.0547976
1.022152
0.99733234
0.98275981
1.1956682
1.1808191
1.1559406
1.1239199
1.0884098
1.0533484
1.0224833
0.99897807
0.98514187
1.1863003
1.171639
1.1470742
1.1154555
1.0803886
1.0457618
1.0152766
0.99205883
0.97839102
1.1685263
1.1542106
1.1302235
1.0993453
1.0650952
1.0312695
1.0014847
0.97879733
0.96544036
1.1419781
1.128162
1.1050099
1.0752026
1.0421342
1.0094685
0.98069843
0.95877934
0.94587274
1.1080168
1.0948216
1.0727075
1.0442318
1.0126334
0.98141147
0.95390516
0.93294333
0.92059795
1.0702394
1.0577192
1.0367339
1.0097067
0.97970794
0.95005743
0.92392714
0.9040082
0.89227454
1.033891
1.0220092
1.0020917
0.97643488
0.9479501
0.91978748
0.89496051
0.87602954
0.86487544
1.0045223
0.99315019
0.97408513
0.94952247
0.92224673
0.89527272
0.87148718
0.85334582
0.84265497
0.9866402
0.97557601
0.95702609
0.93312475
0.90657985
0.88032439
0.8571685
0.83950458
0.82909392
1.664469
1.6487358
1.6222086
1.5877552
1.549135
1.5105732
1.4762696
1.4499196
1.4343167
1.6490983
1.6335659
1.6073777
1.5733655
1.5352408
1.4971743
1.4633116
1.4373004
1.421898
1.6202871
1.6051235
1.5795583
1.546357
1.509143
1.471987
1.4389347
1.4135461
1.3985125
1.5778107
1.5631795
1.538513
1.5064808
1.4705799
1.4347372
1.4028543
1.3783642
1.3638626
1.5240811
1.5101107
1.4865598
1.4559787
1.4217066
1.3874924
1.3570598
1.3336844
1.3198428
1.4648385
1.4515844
1.4292433
1.4002375
1.3677345
1.3352886
1.3064299
1.284264
1.2711389
1.4082056
1.3956288
1.3744307
1.3469117
1.3160791
1.2853041
1.2579332
1.2369104
1.2244623
1.3626504
1.3506153
1.3303307
1.3039983
1.2744972
1.2450544
1.2188705
1.1987601
1.1868522
1.3349879
1.3232799
1.3035478
1.2779333
1.2492371
1.2205987
1.1951315
1.1755722
1.1639907
0.34783196
0.34076446
0.32906389
0.31425785
0.29816355
0.28260355
0.26917423
0.2591135
0.2532586
0.35720717
0.34995395
0.33794357
0.32274535
0.30622689
0.29025611
0.27647245
0.26614679
0.26013744
0.37215684
0.36460918
0.35211222
0.33629655
0.31910661
0.30248809
0.28814478
0.27740027
0.27114725
0.3899564
0.38206321
0.36899492
0.3524583
0.33448404
0.31710664
0.30210916
0.2908741
0.28433578
0.40770905
0.39948356
0.38586301
0.36862536
0.34989035
0.3317771
0.31614351
0.30443239
0.29761663
0.42310253
0.41459802
0.40051841
0.38270062
0.3633313
0.34460461
0.32844146
0.31633232
0.30928524
0.43482956
0.42612827
0.41171638
0.39347737
0.37365392
0.35448405
0.33793742
0.32554152
0.31832646
0.44257302
0.43375004
0.41914242
0.40064575
0.38053604
0.36109568
0.34431045
0.3317356
0.32441706
0.44665529
0.43776367
0.42305175
0.40443674
0.38418704
0.36460831
0.34771004
0.33504405
0.32767455
0.4627999
0.45410102
0.43971615
0.4215559
0.40173853
0.38248419
0.36590829
0.35347239
0.34620109
0.46113204
0.452532
0.43824565
0.42018144
0.40057753
0.38152898
0.36503319
0.3527037
0.34551851
0.45755932
0.44914925
0.43518294
0.41740817
0.3980545
0.37936113
0.36315972
0.35098034
0.34389689
0.45189077
0.44364938
0.43002639
0.4127837
0.39393372
0.37562779
0.35983854
0.34798299
0.34105905
0.44421125
0.43627593
0.42305837
0.40628907
0.38809046
0.37042683
0.3550727
0.34356376
0.33686926
0.4350153
0.42740471
0.41482534
0.3987689
0.38112996
0.36407963
0.34936527
0.33825341
0.33175735
0.4265468
0.41890253
0.40645398
0.3910067
0.37421622
0.35770638
0.3434009
0.33274396
0.32652899
0.4203735
0.41275306
0.4001889
0.38460546
0.36818556
0.35242585
0.3385348
0.32802977
0.32195157
0.4166349
0.40913109
0.39667968
0.38103553
0.36448022
0.34894129
0.33551426
0.32523987
0.31919857
0.78080116
0.76852427
0.74806165
0.72190089
0.69311245
0.66502151
0.64075335
0.62265142
0.61214789
0.77643962
0.76429722
0.74406242
0.71820628
0.68974609
0.66188126
0.63766958
0.61954903
0.60903958
0.76792122
0.75602917
0.73620684
0.71088295
0.68303287
0.65573663
0.63187388
0.61386455
0.60336573
0.75479774
0.74327827
0.72406763
0.69950613
0.67248964
0.64603874
0.62290913
0.60537308
0.59508487
0.73756488
0.72651218
0.70807588
0.68449185
0.65852004
0.63306518
0.61081936
0.59397631
0.58409479
0.71802542
0.70748078
0.68988545
0.66736854
0.64256257
0.61822686
0.59692309
0.58077599
0.57130466
0.69896342
0.68890395
0.67211141
0.6506069
0.62689725
0.60362639
0.58324943
0.56779246
0.5587158
0.68341335
0.67374171
0.65759201
0.63690279
0.61407916
0.59165866
0.57201007
0.55710075
0.54834564
0.67389002
0.66445366
0.64869348
0.62849645
0.60620731
0.58430525
0.5651054
0.55053047
0.54196822
-1.0696286
-1.057134
-1.0361395
-1.0090141
-0.97882356
-0.94891298
-0.9224826
-0.90228796
-0.89037733
-1.0204695
-1.0085211
-0.98844754
-0.96253085
-0.93369604
-0.90510867
-0.87983818
-0.86054062
-0.84916388
-0.93588598
-0.9248951
-0.90644162
-0.88261818
-0.85608922
-0.82977928
-0.80654047
-0.78880163
-0.77834151
-0.82321645
-0.81351597
-0.79722266
-0.77617019
-0.75272573
-0.72949622
-0.70898033
-0.69330886
-0.68406536
-0.6936646
-0.68544058
-0.67162555
-0.65378835
-0.63393786
-0.61425766
-0.59686718
-0.58359007
-0.57576238
-0.56148639
-0.55478446
-0.54353058
-0.52899491
-0.51280647
-0.49676068
-0.4825912
-0.47177189
-0.46539127
-0.442115
-0.43679224
-0.42785155
-0.41630112
-0.40344057
-0.39069744
-0.37944262
-0.37084684
-0.36577771
-0.34959873
-0.34534362
-0.33819333
-0.32896508
-0.31870195
-0.30852305
-0.29952458
-0.29265861
-0.28861281
-0.2945701
-0.29095492
-0.28488223
-0.27704088
-0.26831296
-0.25966012
-0.25201634
-0.24618213
-0.24274288
-0.69336962
-0.68084796
-0.66006723
-0.63369147
-0.60490456
-0.57694592
-0.55272407
-0.53451315
-0.52388622
-0.67877168
-0.66648262
-0.64609408
-0.62020628
-0.59194912
-0.56451916
-0.54075086
-0.52288033
-0.512456
-0.65308938
-0.6412174
-0.62151351
-0.5964945
-0.56919955
-0.54270433
-0.51974509
-0.50249018
-0.49242433
-0.61777553
-0.60648034
-0.58773857
-0.56395036
-0.53799899
-0.51281043
-0.49099122
-0.47459336
-0.46502836
-0.57567752
-0.56508985
-0.54752362
-0.52522708
-0.5009082
-0.47731134
-0.45687266
-0.44151543
-0.43255878
-0.53115774
-0.52133045
-0.50502669
-0.48433825
-0.46177833
-0.43989072
-0.42093743
-0.40669853
-0.39839464
-0.48960179
-0.48049534
-0.46539063
-0.44622518
-0.42532795
-0.4050588
-0.3875096
-0.37432705
-0.36664045
-0.45652025
-0.44799523
-0.43385376
-0.41591169
-0.39635334
-0.37738479
-0.36096327
-0.34863032
-0.34143929
-0.43648532
-0.42831301
-0.41475766
-0.3975633
-0.37882085
-0.36064381
-0.34491058
-0.33309458
-0.32620522
-0.42674938
-0.41874906
-0.40548081
-0.38865094
-0.37030515
-0.35251469
-0.33711655
-0.32555216
-0.31881006
-0.40630366
-0.39866755
-0.38600398
-0.36994035
-0.35243158
-0.33545542
-0.32076241
-0.30972885
-0.30329659
-0.37129071
-0.36428116
-0.35265652
-0.33791284
-0.3218463
-0.30627045
-0.29279167
-0.28267158
-0.2767722
-0.32490933
-0.31873504
-0.30849748
-0.29551587
-0.28137216
-0.26766378
-0.25580405
-0.24690114
-0.24171211
-0.2718947
-0.26668328
-0.25804353
-0.24709044
-0.23516073
-0.22360212
-0.21360525
-0.20610285
-0.20173089
-0.21811525
-0.21388726
-0.20687952
-0.19799863
-0.18832981
-0.17896581
-0.17087052
-0.16479728
-0.161259
-0.16976486
-0.16642637
-0.16089466
-0.15388713
-0.1462618
-0.13888115
-0.13250389
-0.12772176
-0.12493658
-0.13241616
-0.12976775
-0.1253807
-0.11982611
-0.11378567
-0.10794273
-0.10289736
-0.09911603
-0.096914528
-0.11025211
-0.10801418
-0.10430827
-0.099618195
-0.094520453
-0.089592178
-0.085339001
-0.082152795
-0.080298395
-0.55936333
-0.5499389
-0.53426491
-0.51431195
-0.4924723
-0.47119618
-0.45270695
-0.43877903
-0.43063976
-0.53292555
-0.52392384
-0.50895785
-0.48990668
-0.46904952
-0.44873568
-0.43108619
-0.41778788
-0.41001747
-0.4875857
-0.47931714
-0.46556883
-0.44806449
-0.42890612
-0.41025234
-0.39404332
-0.38183295
-0.37469981
-0.4274166
-0.42012363
-0.40799812
-0.39256522
-0.37567788
-0.3592359
-0.34495312
-0.33419631
-0.32791241
-0.35850326
-0.35233689
-0.34208686
-0.32904249
-0.31477101
-0.30088112
-0.28881839
-0.27973495
-0.27442983
-0.28846819
-0.28345472
-0.27512152
-0.26451927
-0.25292458
-0.2416434
-0.23184931
-0.22447713
-0.22017224
-0.22540825
-0.22143755
-0.21483996
-0.20644966
-0.19727665
-0.18835556
-0.18061486
-0.17478993
-0.17138948
-0.17664152
-0.17348196
-0.16823279
-0.16155784
-0.15426455
-0.14717633
-0.1410278
-0.13640362
-0.13370523
-0.14768261
-0.14500521
-0.14055774
-0.13490456
-0.12873062
-0.1227324
-0.11753187
-0.11362245
-0.11134161
1.9121935
1.9017387
1.8838493
1.8601255
1.8328792
1.8049927
1.7796184
1.7597648
1.7478598
1.9629406
1.9522135
1.9338568
1.9095119
1.8815544
1.852943
1.8269082
1.8065363
1.7943205
2.0429579
2.0318001
2.0127069
1.9873886
1.9583169
1.9285634
1.9014875
1.8803024
1.8675999
2.1363126
2.1246545
2.1047082
2.0782617
2.0478939
2.0168133
1.9885327
1.966407
1.9531406
2.2265008
2.2143646
2.1935991
2.1660657
2.1344534
2.1021056
2.0726738
2.049647
2.0358404
2.3010499
2.288521
2.2670854
2.2386668
2.2060406
2.1726563
2.1422841
2.1185243
2.1042795
2.3541968
2.3413896
2.3194818
2.2904424
2.2571063
2.2229978
2.19197
2.1676992
2.1531485
2.3865485
2.3735748
2.3513823
2.3219679
2.2882087
2.2536735
2.2222587
2.1976853
2.1829536
2.4022236
2.3891717
2.3668441
2.3372515
2.3032916
2.2685546
2.2369578
2.2122431
2.1974271
2.4087843
2.3957014
2.3733201
2.3436555
2.3096132
2.2747936
2.2431232
2.2183516
2.2035017
2.4205893
2.4074506
2.3849738
2.3551828
2.3209957
2.2860297
2.2542294
2.2293584
2.2144494
2.4346263
2.4214269
2.3988504
2.3689251
2.3345785
2.2994519
2.2675122
2.2425353
2.2275637
2.4420812
2.428848
2.406225
2.3762584
2.3418764
2.3067109
2.2747333
2.2497296
2.2347441
2.4363293
2.4231438
2.4005967
2.3707352
2.3364984
2.3015043
2.2696887
2.2448111
2.2299009
2.416154
2.4031073
2.380799
2.3512437
2.3173478
2.2827151
2.2512495
2.2266552
2.2119168
2.3866077
2.373733
2.351734
2.3226102
2.2892131
2.2550789
2.2240666
2.1998364
2.185321
2.3568409
2.3441345
2.3224242
2.2936999
2.2607893
2.2271615
2.1966028
2.1727243
2.158421
2.3364218
2.3238365
2.3023289
2.2738694
2.2412744
2.2079876
2.1777433
2.1541073
2.1399482
2.5870445
2.5765097
2.5583282
2.5339353
2.5055775
2.4762158
2.4492138
2.4278998
2.4150423
2.5996746
2.5890892
2.5708325
2.5463366
2.5178376
2.4883245
2.4611949
2.4397871
2.4268743
2.6147188
2.604052
2.5856717
2.5610521
2.5324234
2.502745
2.475449
2.4539206
2.440942
2.6226996
2.6119901
2.5935254
2.5687977
2.5400918
2.5103677
2.483017
2.4614302
2.4484148
2.6164501
2.6057641
2.5873439
2.5626629
2.5339959
2.5043416
2.4770959
2.4556016
2.4426389
2.5947543
2.5841415
2.5658585
2.5413849
2.5129666
2.4835528
2.4565304
2.4352331
2.4223995
2.5630302
2.5525272
2.5344409
2.5102443
2.4821776
2.4531494
2.4264751
2.4054447
2.3927734
2.5310661
2.5206777
2.5027935
2.4788766
2.4511434
2.4224848
2.3961722
2.3754281
2.3629256
2.5091415
2.4988379
2.4810934
2.4573699
2.4298703
2.4014559
2.3753786
2.3548306
2.3424484
1.1470443
1.1337133
1.1113095
1.0823708
1.0502195
1.0185047
0.9906227
0.96937157
0.95683703
1.1778679
1.1641952
1.1412156
1.1115099
1.078445
1.0457719
1.0170544
0.99520683
0.98234057
1.2265998
1.2123849
1.1885004
1.1576257
1.1232097
1.0890905
1.0590236
1.0361544
1.0227092
1.2837478
1.2688984
1.2439509
1.2117172
1.1757988
1.1401435
1.1086137
1.0845505
1.0703827
1.3394054
1.3239552
1.2979941
1.2644448
1.2270707
1.189997
1.1572067
1.1321321
1.1173329
1.3859631
1.3700288
1.343255
1.3086528
1.2700934
1.2318367
1.1980171
1.1721736
1.1569224
1.4197274
1.4034577
1.3761202
1.3407914
1.3014257
1.2623636
1.2278184
1.2014164
1.1858389
1.4407388
1.4242756
1.3966119
1.3608591
1.3210193
1.2814888
1.2465311
1.2198105
1.2040424
1.4511582
1.4346057
1.4067918
1.3708451
1.3307889
1.2910427
1.2558928
1.2290242
1.2131681
1.4556046
1.4390166
1.4111432
1.3751188
1.3349749
1.2951416
1.2599157
1.2329893
1.2170987
1.4637755
1.4471271
1.4191522
1.382996
1.342704
1.3027224
1.2673651
1.2403387
1.2243891
1.4741434
1.4574366
1.429363
1.3930787
1.3526429
1.3125161
1.2770282
1.2499015
1.233893
1.4813248
1.4646222
1.436555
1.400278
1.359849
1.3197268
1.2842402
1.2571123
1.2411023
1.4811436
1.4645506
1.4366673
1.4006265
1.3604584
1.3205931
1.2853315
1.2583736
1.2424629
1.4725724
1.4561958
1.4286757
1.3931033
1.3534553
1.314103
1.2792924
1.2526778
1.2369689
1.4581842
1.4420863
1.4150341
1.3800655
1.3410885
1.3024002
1.2681744
1.2420048
1.2265576
1.4429909
1.4271599
1.4005556
1.3661652
1.3278314
1.2897796
1.256115
1.2303729
1.2151775
1.4323624
1.4167099
1.3904057
1.3564028
1.3185002
1.2808751
1.2475867
1.2221315
1.2071049
1.7089752
1.6922093
1.6639367
1.6272104
1.5860363
1.5449207
1.5083452
1.4802514
1.4636169
1.7180631
1.7012366
1.6728619
1.6360028
1.5946797
1.5534156
1.5167077
1.4885119
1.4718169
1.7293154
1.7124303
1.6839568
1.6469695
1.6055033
1.5640962
1.5272606
1.4989664
1.482213
1.7364246
1.7195438
1.6910779
1.6541013
1.6126474
1.5712525
1.5344276
1.5061414
1.4893924
1.7345631
1.7177927
1.6895138
1.6527806
1.6116001
1.5704786
1.5338968
1.505797
1.4891582
1.7226852
1.7061325
1.6782211
1.6419666
1.601324
1.5607401
1.5246365
1.4969039
1.4804825
1.704044
1.6877712
1.6603328
1.6246938
1.5847425
1.5448498
1.5093616
1.4821015
1.4659598
1.6847822
1.6687775
1.6417916
1.6067413
1.5674511
1.5282196
1.4933199
1.4665119
1.4506377
1.6714293
1.655604
1.6289211
1.5942652
1.5554178
1.5166288
1.482123
1.4556178
1.4399229
0.46635035
0.45783901
0.44371253
0.42578795
0.40624084
0.38726331
0.3708269
0.35847891
0.35127448
0.47885834
0.47012529
0.4556306
0.43722698
0.4171581
0.3976842
0.38081032
0.36813328
0.36073994
0.49875743
0.48966457
0.47458178
0.45543627
0.4345469
0.4142783
0.39672332
0.38352876
0.37583353
0.5223378
0.51283003
0.49705253
0.47703095
0.45519472
0.43399886
0.41564019
0.40184694
0.39380078
0.54566937
0.53576481
0.51933038
0.49846286
0.47569963
0.45361462
0.43448065
0.42010102
0.41171535
0.56569118
0.55544933
0.53845896
0.51690167
0.49338114
0.4705469
0.45077357
0.43591402
0.42724457
0.58071727
0.57025092
0.55287206
0.53080125
0.50673831
0.48338641
0.46314305
0.44793487
0.4390665
0.59046671
0.57985271
0.5622537
0.53989929
0.51548502
0.49180585
0.47129934
0.45587098
0.44687176
0.59553795
0.58484159
0.56710709
0.54461932
0.52006328
0.49620433
0.47556037
0.46004537
0.45098527
0.59777178
0.58704629
0.56925379
0.54669846
0.5220878
0.49816229
0.47744837
0.46189553
0.45281613
0.60202113
0.59125833
0.57337793
0.55068159
0.52595168
0.50193352
0.48109837
0.46545226
0.45633046
0.60791726
0.59710365
0.57915476
0.55633622
0.53142597
0.50726899
0.48633202
0.47057826
0.46138877
0.61337095
0.60250474
0.58448435
0.56162304
0.53665567
0.51238848
0.49137364
0.47558171
0.4663631
0.616532
0.60571329
0.58773207
0.56488325
0.53997357
0.5157887
0.4947947
0.47900913
0.46980454
0.61662387
0.60589792
0.58811186
0.56549801
0.54075283
0.5167273
0.49592892
0.48027129
0.47112377
0.61439694
0.60377265
0.58613485
0.56379123
0.53942397
0.51567313
0.49505336
0.47958121
0.47055792
0.61113622
0.6007113
0.58333276
0.5611787
0.53705068
0.51367643
0.49332779
0.47797624
0.4690265
0.60853583
0.59822213
0.5810772
0.55917553
0.53518129
0.5119542
0.49184411
0.47665216
0.46776041
0.77472906
0.76219076
0.74134971
0.71477854
0.68561136
0.65718459
0.6325013
0.6138841
0.60298791
0.77980603
0.76718854
0.74622705
0.71955522
0.69029736
0.66171997
0.63688452
0.61818582
0.60725364
0.78673047
0.77405229
0.75294152
0.72606905
0.6966806
0.66801192
0.64302472
0.62418419
0.61317915
0.79249726
0.77984608
0.75877164
0.73184596
0.70231298
0.6735691
0.64857774
0.62970351
0.6186572
0.79507629
0.78236969
0.76132704
0.73459452
0.70524579
0.67653964
0.65157571
0.6327792
0.6217912
0.79436782
0.78157117
0.7603662
0.73357688
0.70448671
0.6761792
0.65145498
0.63276758
0.6218453
0.7909304
0.77826913
0.75717075
0.73030959
0.70110694
0.67298738
0.64868796
0.63032994
0.61955945
0.78627073
0.77380538
0.75302224
0.7264578
0.69732647
0.66911777
0.64488542
0.62677045
0.61619842
0.78272965
0.77038973
0.74981685
0.72351054
0.69458834
0.66643705
0.6421717
0.62407252
0.61355643
1.0005254
0.997768
0.99294744
0.98635417
0.97852011
0.97023062
0.96246463
0.95624862
0.95246487
1.091642
1.08864
1.0833911
1.0762126
1.0676819
1.0586512
1.0501886
1.0434151
1.0392921
1.2413441
1.2379431
1.2319923
1.2238493
1.2141709
1.2039243
1.1943205
1.1866324
1.1819514
1.4279142
1.4240163
1.4171929
1.4078489
1.3967371
1.3849765
1.3739538
1.365121
1.3597367
1.62564
1.6212114
1.6134604
1.6028509
1.5902313
1.5768574
1.5642997
1.5542246
1.5480811
1.8100965
1.8051702
1.7965477
1.7847458
1.7706967
1.7557871
1.7417773
1.7305436
1.7237003
1.9625138
1.9571811
1.9478326
1.9350172
1.9197497
1.9035599
1.8883725
1.8762086
1.8688015
2.071679
2.066055
2.0561855
2.0426401
2.0265021
2.0094091
1.9933911
1.9805649
1.9727529
2.1329479
2.1271539
2.1169907
2.1030446
2.0864315
2.068839
2.052352
2.039148
2.0311056
-0.36847985
-0.36525943
-0.35980455
-0.35266922
-0.34460218
-0.33648251
-0.3292116
-0.32359564
-0.3202568
-0.29392953
-0.29134273
-0.28696847
-0.28123993
-0.27473661
-0.26818237
-0.26232981
-0.25781621
-0.25513074
-0.16854493
-0.16701159
-0.16441899
-0.16103067
-0.15719066
-0.15331135
-0.14983214
-0.14714517
-0.14554807
-0.0066726877
-0.0065113303
-0.0062187107
-0.0058341973
-0.0054219529
-0.005007144
-0.0046093297
-0.0042887084
-0.0040972771
0.17286234
0.1714437
0.16908069
0.16606242
0.1627108
0.15934297
0.15631184
0.15397321
0.15258937
0.34921348
0.34625539
0.34126576
0.33481033
0.32763302
0.32050726
0.31415529
0.30924544
0.3063238
0.50274257
0.49849125
0.49129014
0.48188219
0.47130674
0.46078178
0.45146484
0.44431313
0.44006846
0.618052
0.61282835
0.60398086
0.5924151
0.57936534
0.56628689
0.5546585
0.54574805
0.5404794
0.68511926
0.67932751
0.66952213
0.6567116
0.64224759
0.6277113
0.61474596
0.60479749
0.59891628
0.71699764
0.71093588
0.70067537
0.68727395
0.672142
0.65692168
0.64332761
0.6328857
0.62671064
0.78241858
0.77580342
0.76460834
0.74998934
0.73348447
0.7168747
0.70201182
0.69056661
0.6837877
0.8899374
0.88241646
0.86968408
0.85305208
0.83428485
0.81541422
0.79851062
0.78545565
0.77770299
1.0239921
1.0153422
1.0006962
0.98156284
0.9599738
0.93827221
0.91884269
0.90383517
0.894914
1.1661363
1.1562928
1.1396285
1.1178587
1.0932865
1.068578
1.0464611
1.0293876
1.0192424
1.2988243
1.2878712
1.2693265
1.2450989
1.2177568
1.190265
1.1656488
1.1466398
1.1353445
1.4085463
1.3966792
1.3765869
1.3503384
1.3207145
1.2909272
1.2642585
1.2436659
1.2314284
1.4872118
1.4746931
1.4534985
1.4258094
1.394557
1.3631315
1.3349969
1.3132727
1.3003628
1.5314044
1.5185217
1.49671
1.4682131
1.4360495
1.4037092
1.3747551
1.3523972
1.3391108
0.80536128
0.79976407
0.79024428
0.77772328
0.76348167
0.74905341
0.73604589
0.72594214
0.71991343
0.8788277
0.8727217
0.86233368
0.84867075
0.83313635
0.81740029
0.80320803
0.79218067
0.78560069
0.99954292
0.9925992
0.9807881
0.96526003
0.94760518
0.92971177
0.91357156
0.90103446
0.8935546
1.1500128
1.1420316
1.1284576
1.1106079
1.0903037
1.0697239
1.0511663
1.0367524
1.0281517
1.3095305
1.3004518
1.2850075
1.2646952
1.2415934
1.218181
1.1970642
1.180659
1.1708701
1.458371
1.4482687
1.4310847
1.4084875
1.3827863
1.3567344
1.3332363
1.3149829
1.3040913
1.5813876
1.5704449
1.5518316
1.5273521
1.4995063
1.4712823
1.4458272
1.4260527
1.4142527
1.669546
1.658003
1.6383667
1.6125408
1.5831667
1.5533955
1.5265424
1.5056804
1.4932317
1.7190503
1.7071701
1.6869606
1.6603829
1.630155
1.5995161
1.5718795
1.5504099
1.5375993
0.88459783
0.8797173
0.87137247
0.86031946
0.84763379
0.83464642
0.82282755
0.81358513
0.80804613
0.96522506
0.95990782
0.95081623
0.93876701
0.92492762
0.9107593
0.8978724
0.88779606
0.88175604
1.097716
1.091681
1.0813545
1.0676566
1.0519244
1.0358301
1.0211926
1.0097406
1.002873
1.2628548
1.2559169
1.2440436
1.2283003
1.2102286
1.1917364
1.1749065
1.161737
1.1538409
1.4378697
1.4299796
1.4164807
1.3985831
1.378029
1.3569885
1.3378429
1.322865
1.3138847
1.6011378
1.5923645
1.5773511
1.5574387
1.53457
1.5111664
1.4898713
1.4732081
1.4632159
1.7360474
1.7265417
1.7102747
1.6887039
1.6639356
1.6385852
1.6155136
1.5974605
1.5866359
1.8326935
1.822665
1.8055059
1.7827542
1.7566262
1.7298804
1.7055415
1.6864994
1.6750819
1.8869518
1.876632
1.8589741
1.8355584
1.8086659
1.7811403
1.7560943
1.7364982
1.7247478
0.95061845
0.94673261
0.94003158
0.93104702
0.92058732
0.90971453
0.89967274
0.89172691
0.88693017
1.0372798
1.033045
1.0257398
1.0159375
1.0045129
0.99263043
0.98166318
0.97299523
0.96776671
1.1796656
1.174855
1.1665492
1.1553878
1.1423655
1.1288324
1.1163684
1.1065318
1.1006001
1.3571049
1.3515636
1.3419874
1.3291164
1.3141238
1.2985801
1.2842781
1.2729848
1.2661699
1.5450777
1.5387569
1.5278428
1.5131977
1.496164
1.4785047
1.4622416
1.4493935
1.4416407
1.7203562
1.7133241
1.701192
1.6849196
1.6659814
1.6463331
1.6282394
1.6139512
1.6053309
1.8651815
1.8575691
1.8444312
1.8268
1.8062784
1.7849963
1.7654033
1.7499285
1.7405903
1.9689341
1.9609025
1.947038
1.9284315
1.9067828
1.8843367
1.8636678
1.8473399
1.8374868
2.027174
2.0189061
2.0046355
1.9854874
1.9632086
1.9401052
1.9188296
1.9020245
1.8918845
-1.137992
-1.1213765
-1.0936638
-1.058198
-1.0191139
-0.98081703
-0.94736972
-0.92204662
-0.90719525
-1.1154308
-1.0991164
-1.0718887
-1.0370258
-0.99863314
-0.96104039
-0.92818517
-0.90329907
-0.88870939
-1.075435
-1.0596352
-1.0332644
-0.99953147
-0.96241227
-0.92603726
-0.89423348
-0.8701664
-0.85606396
-1.0198882
-1.0048318
-0.97971942
-0.94759967
-0.91222872
-0.87756953
-0.84729432
-0.82438364
-0.81095346
-0.95307789
-0.93894258
-0.91535643
-0.88517784
-0.85196213
-0.81943357
-0.79100922
-0.76949597
-0.75688902
-0.88182703
-0.86867655
-0.84673937
-0.81868789
-0.78781649
-0.75757239
-0.73115195
-0.71116544
-0.6994535
-0.81486181
-0.80265891
-0.78230622
-0.75627283
-0.72761545
-0.69955466
-0.67504908
-0.65650558
-0.64563853
-0.76130008
-0.74986178
-0.73077678
-0.70636364
-0.67950617
-0.65321181
-0.63023869
-0.61285829
-0.60267671
-0.72875961
-0.71778252
-0.69946985
-0.67605723
-0.65030224
-0.62507614
-0.60304126
-0.58637802
-0.57661607
-0.71291786
-0.70216685
-0.68423429
-0.66131078
-0.63609003
-0.61138567
-0.58981212
-0.57349805
-0.56393924
-0.6796011
-0.66933067
-0.65220465
-0.63030855
-0.60620983
-0.58261233
-0.56201185
-0.54642853
-0.53729684
-0.62240277
-0.61296423
-0.59722096
-0.57708558
-0.55493309
-0.53325068
-0.51431545
-0.49999191
-0.49160149
-0.54637777
-0.53804375
-0.52414387
-0.50637505
-0.48683026
-0.4676957
-0.45099003
-0.43835807
-0.43095837
-0.45915691
-0.45210257
-0.44033948
-0.42530108
-0.40875913
-0.39257108
-0.37844139
-0.3677567
-0.36149846
-0.37038323
-0.36463877
-0.35505931
-0.34281491
-0.32935192
-0.31617931
-0.30468282
-0.29599249
-0.29090361
-0.29034949
-0.28579059
-0.27819043
-0.26848036
-0.25780523
-0.24736172
-0.23825235
-0.23136843
-0.22733739
-0.22839759
-0.22476267
-0.21870347
-0.21095875
-0.20244667
-0.19412715
-0.18687034
-0.18138648
-0.17817713
-0.19158915
-0.18850278
-0.18335813
-0.17678514
-0.16956386
-0.16250641
-0.1563523
-0.15170394
-0.14898401
-0.88465561
-0.87283405
-0.85305728
-0.82764894
-0.79951804
-0.77180424
-0.74747879
-0.72899538
-0.7181292
-0.84369934
-0.83240869
-0.81351341
-0.78922512
-0.76234096
-0.73587104
-0.71263093
-0.69496504
-0.68458055
-0.77331582
-0.76292937
-0.7455421
-0.72319982
-0.69848637
-0.67414819
-0.65276902
-0.63652408
-0.62697898
-0.67962427
-0.67044793
-0.65509482
-0.63537388
-0.61354978
-0.59205183
-0.57318016
-0.5588438
-0.55041808
-0.57200209
-0.56423259
-0.55122951
-0.53452001
-0.51603358
-0.49783353
-0.48185391
-0.46971212
-0.46257756
-0.46232548
-0.45599092
-0.44539098
-0.43177605
-0.41671584
-0.40188543
-0.3888665
-0.37897834
-0.37316872
-0.3633422
-0.35831095
-0.34989425
-0.3390844
-0.3271246
-0.31534937
-0.30501769
-0.29717101
-0.29256032
-0.28666933
-0.28265457
-0.27593395
-0.26729607
-0.25774643
-0.24835268
-0.24010501
-0.23384001
-0.23016106
-0.24109037
-0.23767697
-0.23196488
-0.22462762
-0.21651568
-0.20853365
-0.20152857
-0.19620983
-0.19308648
-0.17388271
-0.17105975
-0.16635476
-0.16034708
-0.1537479
-0.14729683
-0.14167433
-0.13742923
-0.13494478
-0.13710102
-0.13482725
-0.13103863
-0.12620504
-0.12089793
-0.11571048
-0.11119286
-0.10778407
-0.10578933
-0.07527758
-0.073931776
-0.071690778
-0.06883101
-0.065695764
-0.062640399
-0.059982221
-0.05797854
-0.056808316
0.0044357305
0.0045855339
0.0048307744
0.0051359426
0.0054609748
0.0057664246
0.0060208247
0.0062056439
0.0063108365
0.092649658
0.091471687
0.089503384
0.086977467
0.08418526
0.081439063
0.079029518
0.077198263
0.076121915
0.17910685
0.17662437
0.17247913
0.16717243
0.16132312
0.15558044
0.15055366
0.14674455
0.14450935
0.25429132
0.25067605
0.24464106
0.23691143
0.22839511
0.22004762
0.21274414
0.20721014
0.20396516
0.31074627
0.30627479
0.2988161
0.28927338
0.27875684
0.26844489
0.25943317
0.25260809
0.24860463
0.34358423
0.33861594
0.33032519
0.31972251
0.30804721
0.29659548
0.28658452
0.27900819
0.27456564
0.35919038
0.35398748
0.34530322
0.33419511
0.32196732
0.30997646
0.29949066
0.29155529
0.28690368
0.39121666
0.38553387
0.37604698
0.36390281
0.3505351
0.3374383
0.32598349
0.31731024
0.31222707
0.44386002
0.43738046
0.42657149
0.41273909
0.39750231
0.38257436
0.36953051
0.35965361
0.35386266
0.50954395
0.50207088
0.48960278
0.47365735
0.45610375
0.43889848
0.42386234
0.41248447
0.40581537
0.57926607
0.5707491
0.55653597
0.53834676
0.51832492
0.4987156
0.48157652
0.46860187
0.4609978
0.64447541
0.63497503
0.61913122
0.59886811
0.57655276
0.55468595
0.53558689
0.5211341
0.51266163
0.6985552
0.68824974
0.67104952
0.64905133
0.62485191
0.60114125
0.58041182
0.56472801
0.55553928
0.73741874
0.72654631
0.70840267
0.68517252
0.65959645
0.63456404
0.61269258
0.5961284
0.586419
0.759309
0.74810623
0.72942634
0.7055255
0.67919076
0.653396
0.63087836
0.61383488
0.60384078
0.44214069
0.43643487
0.42689157
0.41463299
0.40105254
0.38766086
0.3759033
0.36696815
0.36171317
0.48191196
0.47567284
0.46523068
0.45182032
0.43698149
0.42234862
0.40948745
0.39971551
0.39397247
0.54726345
0.54015746
0.52825646
0.51295493
0.49602612
0.47935365
0.46469894
0.45355415
0.4470029
0.62875952
0.62056223
0.60684687
0.58921689
0.56968969
0.55045074
0.53355938
0.52071856
0.51316744
0.71526661
0.70590893
0.69024693
0.67013087
0.64787449
0.62593528
0.60665537
0.59200533
0.58339583
0.79608981
0.78567076
0.7682233
0.74578399
0.72094922
0.69650005
0.67502248
0.65868725
0.6490826
0.86302154
0.85170634
0.83278286
0.80846964
0.78153213
0.75497648
0.73166814
0.71396119
0.70355046
0.9111445
0.89918436
0.87916762
0.8534733
0.82505961
0.79703993
0.77240288
0.75368577
0.74269084
0.93820884
0.92590689
0.90529849
0.87881502
0.84953973
0.82070991
0.79535756
0.77607501
0.7647427
-0.2680845
-0.26477787
-0.25922448
-0.2520505
-0.24406111
-0.23614399
-0.22915364
-0.22381607
-0.22066845
-0.21305034
-0.21038504
-0.20591127
-0.20012621
-0.19367486
-0.18728744
-0.18165423
-0.17734966
-0.17480946
-0.12050767
-0.11891597
-0.11624228
-0.11279132
-0.10895095
-0.1051419
-0.10177699
-0.099210793
-0.09769897
-0.0010689702
-0.0008704752
-0.00053411039
-0.00010029799
0.00037770862
0.00085131162
0.0012718286
0.0015912352
0.0017781281
0.13123119
0.12988227
0.12761542
0.12469368
0.12144881
0.11822771
0.11537541
0.11319804
0.11191475
0.26096149
0.258101
0.25329692
0.24708466
0.24016311
0.23331049
0.22725996
0.2226335
0.21990265
0.37384369
0.36965438
0.36262498
0.3535564
0.34345611
0.33343221
0.32457884
0.31782327
0.31383944
0.458629
0.45344714
0.44473973
0.43350372
0.4210131
0.40862735
0.39767055
0.38930291
0.38437079
0.50792636
0.50217508
0.4925081
0.48001469
0.46611488
0.45235168
0.4401867
0.43088629
0.42539986
0.53135715
0.52533412
0.51521135
0.50212388
0.48755643
0.47313535
0.46039411
0.45065218
0.44490397
0.5794366
0.57285271
0.56179514
0.54749785
0.53156411
0.51578248
0.50185412
0.49121243
0.48493203
0.65847671
0.65095395
0.63833153
0.62204447
0.6039013
0.58589536
0.56999197
0.55785732
0.5507026
0.75705843
0.74838539
0.73381111
0.71499642
0.69407394
0.67333717
0.65499961
0.64098934
0.63272852
0.86155517
0.85168405
0.83509945
0.81365105
0.78975087
0.76607769
0.74518043
0.72921582
0.71979524
0.95923508
0.94817035
0.92963977
0.90576251
0.87916929
0.8527629
0.82942947
0.81162621
0.80113217
1.0404105
1.0283172
1.0080532
0.9819986
0.95312408
0.92453958
0.89924599
0.87990604
0.8685004
1.098845
1.0860585
1.0645884
1.0369154
1.0062512
0.97601134
0.94934863
0.92896654
0.91693115
1.1317261
1.1185655
1.0964524
1.0679081
1.0362262
1.0049861
0.97750183
0.95653322
0.94415882
0.62373839
0.61758948
0.6072596
0.59387634
0.57886661
0.56386229
0.55052959
0.54031049
0.53426727
0.6805232
0.6737684
0.6624287
0.64777566
0.63138802
0.61500476
0.6004188
0.58923177
0.58261912
0.77396457
0.76621946
0.75320102
0.7363902
0.71766343
0.69901843
0.68242283
0.66966536
0.66211287
0.89060824
0.88167494
0.86661586
0.84709416
0.82532283
0.80373216
0.78461147
0.76993823
0.76124637
1.0143468
1.0041886
0.98705336
0.96478442
0.93983107
0.9149945
0.89302627
0.87623858
0.86632503
1.1298947
1.1185886
1.0995268
1.074768
1.0469998
1.0192588
0.99460762
0.97573067
0.96458958
1.2255236
1.2132714
1.1926102
1.1657746
1.1356989
1.1056674
1.0789397
1.0584071
1.0462572
1.2941337
1.2812086
1.2594124
1.2311
1.1993635
1.1676794
1.1394958
1.1178435
1.1050203
1.3327001
1.3193982
1.2969671
1.2678287
1.2351635
1.2025533
1.1735518
1.1512743
1.1380806
-0.374949
-0.36646943
-0.35245887
-0.33478584
-0.31565883
-0.29726204
-0.28147368
-0.2697105
-0.26289361
-0.36637506
-0.35806043
-0.34432294
-0.32699534
-0.30824337
-0.29020845
-0.27473155
-0.26320099
-0.25651913
-0.35142948
-0.34340812
-0.33015609
-0.31344238
-0.29535665
-0.27796433
-0.2630404
-0.25192265
-0.24548032
-0.33113422
-0.32352136
-0.31094525
-0.29508591
-0.27792708
-0.26142841
-0.24727299
-0.23672878
-0.23061921
-0.30725754
-0.30013798
-0.2883779
-0.27354959
-0.2575087
-0.24208732
-0.22885802
-0.21900477
-0.21329597
-0.28230471
-0.27571295
-0.26482573
-0.25109983
-0.23625377
-0.22198326
-0.20974298
-0.20062739
-0.19534639
-0.2592415
-0.25314694
-0.2430818
-0.23039387
-0.21667243
-0.20348486
-0.19217486
-0.18375295
-0.17887419
-0.24101327
-0.23531718
-0.22591076
-0.2140544
-0.2012337
-0.18891322
-0.17834803
-0.17048141
-0.16592457
-0.23002327
-0.22456952
-0.21556371
-0.20421297
-0.19193987
-0.18014648
-0.17003395
-0.16250478
-0.15814359
-0.224697
-0.21936119
-0.2105503
-0.19944557
-0.1874389
-0.17590194
-0.16600959
-0.15864455
-0.15437852
-0.21353516
-0.20844767
-0.20004721
-0.18946042
-0.17801463
-0.16701745
-0.15758859
-0.15056906
-0.14650333
-0.19449364
-0.18983288
-0.18213767
-0.17244082
-0.16195857
-0.15188858
-0.14325582
-0.13682962
-0.13310777
-0.16939836
-0.16530545
-0.1585486
-0.15003561
-0.14083495
-0.13199794
-0.12442357
-0.11878606
-0.11552136
-0.14086998
-0.13742917
-0.1317498
-0.12459598
-0.11686633
-0.10944417
-0.10308409
-0.098351376
-0.095611042
-0.11207462
-0.10929812
-0.10471622
-0.098946575
-0.092714705
-0.086732919
-0.081608849
-0.077796955
-0.075590225
-0.086292445
-0.084115152
-0.080523095
-0.076001663
-0.071120321
-0.066437149
-0.062427237
-0.059445271
-0.057719437
-0.066435892
-0.064722552
-0.061896861
-0.058341767
-0.054505773
-0.050827596
-0.04767991
-0.045340147
-0.043986384
-0.05467395
-0.053236337
-0.050866067
-0.047885169
-0.044670281
-0.041589175
-0.038953656
-0.036995376
-0.035862647
-0.31559143
-0.30898096
-0.29804033
-0.28420323
-0.26917396
-0.25465407
-0.24213035
-0.23275342
-0.22729817
-0.30022594
-0.29391955
-0.28348267
-0.27028377
-0.255949
-0.24210133
-0.23015843
-0.221217
-0.21601535
-0.27395613
-0.26817284
-0.25860264
-0.24650142
-0.23336088
-0.22066897
-0.20972456
-0.20153169
-0.19676592
-0.23923527
-0.23414911
-0.22573366
-0.21509463
-0.20354453
-0.19239147
-0.1827762
-0.17557966
-0.17139396
-0.1996442
-0.1953598
-0.18827222
-0.17931431
-0.16959235
-0.16020766
-0.15211941
-0.14606728
-0.14254782
-0.15957038
-0.1561039
-0.1503708
-0.14312735
-0.13526939
-0.12768736
-0.1211554
-0.11626941
-0.11342873
-0.12360753
-0.12087981
-0.11636991
-0.11067448
-0.10449922
-0.09854421
-0.093416661
-0.089582835
-0.087354525
-0.095864167
-0.093708986
-0.090147045
-0.085651168
-0.080779597
-0.076084891
-0.07204503
-0.069025993
-0.067271859
-0.079413751
-0.077599031
-0.07460075
-0.070818078
-0.066721574
-0.062776054
-0.059382676
-0.056847872
-0.055375535
-0.049027058
-0.047722
-0.04557067
-0.042865788
-0.039949453
-0.037155347
-0.034765995
-0.032991051
-0.031964563
-0.03730989
-0.036280379
-0.034584148
-0.032453017
-0.030157252
-0.027959645
-0.026081927
-0.024688045
-0.023882335
-0.017665423
-0.017099003
-0.01616761
-0.015000696
-0.013747732
-0.012552412
-0.011534392
-0.010780713
-0.010345869
0.0075870351
0.0075563787
0.0075017467
0.0074257501
0.007334553
0.0072379975
0.0071481308
0.0070768627
0.0070338222
0.035451348
0.03476013
0.033614674
0.032163777
0.030585913
0.029060756
0.027745859
0.026762493
0.026191127
0.062701265
0.061363006
0.059149099
0.0563516
0.053317853
0.050393901
0.047879688
0.046003442
0.044914905
0.08637359
0.084473027
0.081330668
0.077363128
0.073064442
0.068925194
0.06536912
0.062717299
0.06117956
0.10414447
0.10182204
0.097983149
0.09313786
0.087890326
0.082839519
0.078501932
0.075268392
0.073393781
0.11448298
0.11191535
0.10767162
0.1023162
0.096517206
0.090936644
0.086144943
0.082573357
0.080502967
0.11939618
0.11671213
0.11227619
0.10667858
0.10061778
0.094785709
0.089778431
0.08604639
0.08388306
0.12948933
0.12656627
0.12173572
0.11564088
0.1090426
0.10269424
0.097244402
0.093182944
0.09082884
0.14609861
0.14278301
0.13730436
0.13039286
0.12291191
0.1157157
0.10953909
0.10493673
0.1022694
0.16686884
0.16306418
0.1567781
0.14884927
0.14026871
0.13201632
0.12493452
0.11965847
0.11660104
0.18901378
0.1846909
0.17754924
0.1685424
0.15879674
0.14942535
0.14138448
0.1353947
0.13192398
0.20985878
0.20505239
0.19711249
0.18709986
0.17626713
0.16585167
0.156916
0.15026033
0.14640406
0.22728556
0.2220794
0.21347948
0.20263521
0.19090355
0.17962468
0.16994908
0.16274279
0.15856769
0.23992994
0.23443709
0.2253638
0.21392301
0.20154661
0.18964845
0.17944204
0.17184073
0.16743693
0.24710507
0.2414511
0.23211176
0.22033572
0.2075969
0.19535063
0.18484584
0.17702245
0.17249005
0.16485145
0.16156251
0.15611361
0.14921195
0.14170247
0.13443438
0.12815501
0.12344707
0.12070561
0.17901976
0.17543424
0.16949448
0.16197223
0.15378887
0.14586982
0.1390292
0.13390111
0.13091527
0.20232239
0.19824979
0.19150392
0.18296223
0.17367193
0.16468379
0.15692127
0.15110312
0.14771587
0.23143216
0.22675248
0.21900213
0.20919038
0.19852092
0.1882008
0.17928974
0.17261182
0.16872447
0.26241393
0.25709112
0.24827637
0.23711876
0.22498798
0.2132564
0.20312827
0.19553931
0.19112201
0.29150275
0.28557993
0.27577247
0.26335949
0.24986532
0.23681697
0.22555335
0.21711439
0.21220269
0.31574459
0.30932586
0.29869752
0.28524679
0.27062581
0.25648882
0.24428651
0.23514481
0.22982432
0.33327405
0.32650033
0.31528424
0.30108935
0.28566035
0.27074311
0.25786759
0.24822206
0.24260841
0.3431941
0.33622014
0.32467397
0.31006176
0.2941785
0.27882283
0.26556918
0.25564039
0.24986208
-0.09959856
-0.097558249
-0.094180308
-0.089906199
-0.085262006
-0.08077394
-0.076901876
-0.074002049
-0.072314661
-0.077478847
-0.075849345
-0.073152935
-0.069743697
-0.066042591
-0.06246946
-0.059389703
-0.057085078
-0.055744796
-0.040340425
-0.039402184
-0.037852278
-0.035897968
-0.033783442
-0.031749225
-0.030002028
-0.028698458
-0.027941917
0.0074849704
0.0075307272
0.0076000938
0.0076760752
0.007742804
0.0077906529
0.0078181406
0.0078299403
0.0078332411
0.060342894
0.059399857
0.057829138
0.055824191
0.053622384
0.05147019
0.049593072
0.048174472
0.047343779
0.11209434
0.11018113
0.10700146
0.1029557
0.098529205
0.094219618
0.090475244
0.087654292
0.086006031
0.15707328
0.15431635
0.14973694
0.14391537
0.13755377
0.13136788
0.12599939
0.12195896
0.11959969
0.19083709
0.18744613
0.1818161
0.17466179
0.16684694
0.15925252
0.15266499
0.14770898
0.14481609
0.21047463
0.2067147
0.20047273
0.19254364
0.1838843
0.17547037
0.16817431
0.162686
0.15948279
0.21980673
0.2158721
0.20933933
0.20104158
0.19198144
0.18317819
0.17554529
0.16980439
0.16645367
0.23896438
0.23467116
0.22754346
0.2184891
0.20860489
0.19900372
0.19067912
0.18441941
0.18076633
0.27046546
0.26558103
0.25747451
0.24717931
0.23594125
0.22502808
0.21556863
0.20845609
0.20430614
0.30979172
0.30417173
0.29484415
0.28300114
0.27007755
0.25752922
0.24665511
0.23848071
0.23371144
0.35159739
0.34519823
0.33457912
0.32109628
0.30638509
0.29210514
0.27973166
0.27043152
0.26500631
0.39078413
0.38365699
0.3718308
0.35681974
0.34044269
0.32454588
0.31077473
0.30042473
0.29438728
0.42336562
0.41564014
0.40281946
0.38654275
0.36878877
0.35155852
0.33663054
0.32541334
0.31887041
0.44687143
0.4387129
0.42518026
0.4080028
0.38925978
0.37107256
0.35531919
0.34347846
0.33657296
0.46015146
0.45175021
0.43781129
0.42012646
0.40083405
0.38210587
0.36588854
0.35370069
0.34659048
0.2846744
0.28008481
0.27244418
0.26270515
0.25203307
0.24162053
0.23255544
0.22571898
0.22172063
0.30979171
0.304779
0.29643693
0.28580104
0.27414373
0.26277677
0.25288196
0.24541744
0.24105302
0.35108807
0.34537646
0.33587531
0.32376888
0.31049841
0.29755739
0.28629957
0.27780759
0.27284165
0.40262046
0.3960422
0.38509607
0.37114969
0.35587107
0.3409731
0.32801166
0.31823906
0.31252531
0.45735594
0.4498587
0.43738743
0.42149597
0.40408346
0.38711215
0.37235026
0.36121804
0.35471028
0.50860319
0.50024639
0.48634495
0.46864024
0.44924597
0.43033698
0.41389318
0.40149758
0.39425058
0.55113927
0.54207998
0.52700638
0.50779718
0.48675935
0.46626001
0.44842646
0.43498122
0.42712347
0.58176953
0.57219869
0.55628629
0.53601644
0.5137998
0.49214945
0.47333066
0.45913827
0.45084016
0.59905316
0.58919434
0.57279855
0.55192734
0.52906376
0.50676584
0.48738295
0.47277713
0.46423671
2.1614352
2.1555594
2.1452578
2.1311293
2.1143029
2.0964818
2.0797759
2.0663951
2.0582456
2.218734
2.2126857
2.2021031
2.1876113
2.1703519
2.1520645
2.1349174
2.1211814
2.1128155
2.3091398
2.3028128
2.2917469
2.2766484
2.2587184
2.2397074
2.2218588
2.2075602
2.1988545
2.4145801
2.407993
2.3964357
2.3805997
2.3617906
2.3419099
2.3232762
2.3083432
2.2992459
2.516414
2.5095432
2.4975196
2.4810529
2.4614346
2.4406613
2.4212164
2.4056586
2.3961863
2.6007047
2.5935671
2.5810787
2.5640314
2.5437911
2.5223403
2.502212
2.4861001
2.4762975
2.6608391
2.6535363
2.6407426
2.6232375
2.6024649
2.5805219
2.5599578
2.5434778
2.5334408
2.6974597
2.6900441
2.6770714
2.6593232
2.6382159
2.6159143
2.5950619
2.5783741
2.5682096
2.715239
2.7077567
2.6946716
2.6768019
2.6555615
2.6330848
2.6120618
2.5952577
2.5850311
2.7226694
2.7151624
2.7020314
2.6841072
2.6628131
2.6402695
2.6191745
2.6023178
2.5920633
2.7360941
2.7285466
2.7153302
2.6972773
2.6758712
2.6532252
2.6320029
2.6150353
2.6047207
2.7521172
2.7444981
2.7311893
2.7130094
2.6914251
2.6686241
2.6472808
2.6301985
2.6198046
2.7608735
2.7531847
2.7397403
2.7214206
2.6997235
2.6768084
2.6553728
2.6382332
2.6278043
2.7546112
2.7469656
2.733563
2.7152138
2.6934544
2.6705173
2.6490864
2.63196
2.6215467
2.7321034
2.7244452
2.7111148
2.6929473
2.6713537
2.6485206
2.627192
2.610166
2.5998184
2.6993421
2.6916385
2.6782489
2.6601393
2.6387969
2.6162595
2.595154
2.5782904
2.5680445
2.6662666
2.6586326
2.6452891
2.627174
2.6059179
2.5836373
2.5628173
2.5461577
2.5360264
2.6434427
2.6359001
2.6226817
2.6046493
2.5834247
2.5612401
2.5405987
2.5240999
2.5140598
2.6315228
2.6240292
2.6108927
2.5929413
2.5717575
2.5496089
2.5290428
2.5126278
2.5026403
2.6053399
2.5979436
2.5849793
2.5672161
2.5461669
2.5241108
2.503672
2.487411
2.4775307
2.5565031
2.549179
2.5364591
2.5191307
2.4985109
2.4767256
2.4564779
2.4404181
2.4306973
2.485292
2.478017
2.4653926
2.4483786
2.4283974
2.4073153
2.3875668
2.3718098
2.3622622
2.395579
2.3885535
2.3762864
2.3596046
2.3400411
2.3196525
2.300707
2.2855698
2.2763604
2.2969362
2.2900963
2.2782593
2.2622307
2.2432999
2.2234599
2.2051255
2.1906035
2.1818068
2.2031635
2.1964482
2.1848334
2.1692563
2.1510628
2.1319728
2.1142094
2.1001247
2.0916198
2.1278735
2.1213597
2.1100223
2.094715
2.0769228
2.058456
2.0413073
2.0276462
2.0193719
2.0821181
2.0757354
2.0646418
2.0495983
2.0320162
2.0138253
1.9970413
1.9836891
1.975589
2.0597901
2.0534562
2.0424683
2.0275729
2.0101229
1.9920558
1.9754252
1.9622199
1.9542102
2.0132489
2.0069936
1.9962044
1.981644
1.9645167
1.9466974
1.9303487
1.9174392
1.909623
1.9341898
1.9280472
1.9174691
1.9033396
1.8868722
1.8696519
1.8537388
1.8412054
1.8336616
1.8309956
1.8251107
1.8149247
1.8012456
1.7854079
1.7690457
1.7539336
1.7419504
1.734716
1.7161509
1.7105332
1.700863
1.6878914
1.6727762
1.6571584
1.6428747
1.6316254
1.6248333
1.6045394
1.5991481
1.5898847
1.5775526
1.5632926
1.5485236
1.5349558
1.5243018
1.5179054
1.5094587
1.5043079
1.4954435
1.4836089
1.4699757
1.4559863
1.443163
1.4330488
1.4269604
1.4400937
1.4351113
1.4265699
1.4151815
1.4020087
1.3884963
1.3762037
1.366554
1.3607404
1.4008948
1.395993
1.3876057
1.3764705
1.3636136
1.350384
1.3383429
1.3289289
1.3232757
1.5519758
1.538924
1.5168258
1.4879546
1.455369
1.4226043
1.393269
1.3706166
1.3571553
1.5933413
1.5799497
1.5572757
1.5276532
1.4942211
1.4606043
1.4305047
1.4072623
1.3934507
1.6586204
1.6446956
1.6211196
1.5903199
1.555558
1.5206028
1.4893061
1.4651396
1.4507784
1.7348966
1.7203559
1.6957374
1.6635745
1.6272738
1.5907726
1.558092
1.5328562
1.5178595
1.8087583
1.7936303
1.7680174
1.7345563
1.6967917
1.6588184
1.6248192
1.5985656
1.5829643
1.8700287
1.8544255
1.8280088
1.7934984
1.7545498
1.7153866
1.680323
1.6532475
1.6371575
1.9139278
1.8979967
1.871025
1.8357901
1.7960251
1.7560423
1.7202452
1.6926034
1.6761771
1.9408215
1.9246988
1.8974036
1.8617474
1.8215083
1.7810491
1.744826
1.716856
1.7002347
1.9539423
1.9377313
1.9102871
1.8744371
1.8339795
1.7933012
1.7568828
1.7287622
1.7120514
1.9594697
1.9432234
1.9157197
1.8797922
1.8392473
1.7984816
1.7619852
1.7338043
1.7170577
1.9694765
1.9531697
1.9255639
1.8895034
1.8488093
1.8078949
1.7712657
1.7429823
1.7261749
1.9816288
1.9652617
1.9375541
1.9013623
1.8605223
1.8194625
1.782704
1.7543215
1.7374554
1.9887092
1.972341
1.9446329
1.9084423
1.8676058
1.8265518
1.7898005
1.7614245
1.7445625
1.9852491
1.9689805
1.9414429
1.9054778
1.8648989
1.824107
1.7875922
1.7594
1.7426479
1.970181
1.9541145
1.9269206
1.8914081
1.8513443
1.811074
1.7750288
1.7472007
1.7306654
1.9474177
1.9316142
1.9048672
1.8699407
1.8305419
1.7909444
1.7555046
1.7281455
1.7118894
1.9242054
1.9086543
1.8823362
1.8479727
1.8092119
1.7702586
1.7353979
1.7084875
1.6924986
1.9082056
1.8928233
1.8667924
1.8328064
1.7944737
1.7559521
1.7214792
1.6948693
1.6790593
2.1962995
2.1812908
2.155766
2.1222076
2.0840501
2.0453861
2.0105216
1.9834419
1.967285
2.2072185
2.1921502
2.1665242
2.1328339
2.0945288
2.0557171
2.0207201
1.9935383
1.9773209
2.2203026
2.2051718
2.1794405
2.1456142
2.107157
2.0681939
2.0330636
2.00578
1.9895023
2.227477
2.2123347
2.1865872
2.152743
2.114268
2.0752907
2.0401514
2.0128631
1.9965834
2.2226704
2.207605
2.1819909
2.1483291
2.1100704
2.0713178
2.036384
2.0092576
1.9930756
2.2047695
2.1898782
2.16456
2.1312887
2.09348
2.0551926
2.020685
1.9938925
1.9779106
2.1782828
2.1636216
2.1386989
2.10595
2.0687362
2.0310556
1.9971013
1.9707426
1.9550211
2.1514859
2.1370423
2.112496
2.0802518
2.0436178
2.0065252
1.9731028
1.9471599
1.9316879
2.1330827
2.1187845
2.0944882
2.0625796
2.0263348
1.9896396
1.9565758
1.9309122
1.9156072
1.899887
1.8845914
1.858708
1.8249159
1.7868033
1.7485035
1.7142298
1.687774
1.6720558
1.8815532
1.8664469
1.8408851
1.8075151
1.7698813
1.7320653
1.6982261
1.6721066
1.6565885
1.8472942
1.8325367
1.807566
1.7749711
1.7382176
1.7012914
1.6682514
1.6427499
1.6275997
1.7969477
1.7826969
1.7585846
1.7271115
1.6916265
1.6559818
1.6240946
1.5994859
1.584867
1.733449
1.719823
1.6967748
1.6666995
1.6327954
1.5987418
1.5682824
1.5447797
1.5308194
1.6636096
1.6506602
1.62876
1.6001935
1.5680057
1.5356856
1.5067802
1.4844782
1.4712321
1.5969572
1.5846533
1.5638445
1.5367027
1.5061282
1.4754418
1.4480069
1.4268426
1.4142729
1.543399
1.531611
1.5116788
1.4856821
1.4563969
1.427009
1.4007432
1.3804863
1.368457
1.5109022
1.4994237
1.4800192
1.4547164
1.4262146
1.3976124
1.3720511
1.3523406
1.3406371
1.4950569
1.4837288
1.4645804
1.4396151
1.4114956
1.383277
1.3580588
1.3386138
1.3270686
1.461981
1.4509651
1.4323476
1.4080823
1.380759
1.3533409
1.3288377
1.3099454
1.2987294
1.4056762
1.395193
1.3774763
1.3543913
1.3284127
1.3023564
1.2790722
1.2611187
1.2504603
1.3321753
1.3223892
1.3058528
1.2843065
1.2600649
1.2357665
1.2140673
1.1973407
1.1874109
1.2504512
1.2414331
1.2262026
1.2063689
1.1840596
1.1617008
1.1417426
1.1263672
1.1172432
1.1709987
1.1627197
1.1487435
1.1305578
1.110121
1.0896503
1.0713797
1.0573058
1.048956
1.1033604
1.0957131
1.0828034
1.0660091
1.0471483
1.0282732
1.0114376
0.99847181
0.99077931
1.0540678
1.046885
1.0347589
1.018982
1.0012638
0.9835385
0.96773831
0.95557625
0.94836234
1.0262084
1.0192874
1.0076056
0.99240677
0.97533609
0.95825865
0.94303864
0.93132635
0.92438079
1.6619609
1.6512651
1.6331195
1.6093444
1.5824113
1.5552111
1.5307538
1.5118037
1.5005168
1.6243747
1.6139604
1.5962938
1.5731486
1.5469371
1.5204792
1.4966957
1.4782674
1.467291
1.5604113
1.5504746
1.5336198
1.5115468
1.4865617
1.4613565
1.4387136
1.4211755
1.41073
1.4769201
1.4676214
1.4518457
1.4311776
1.4077853
1.3842022
1.3630335
1.3466489
1.3368948
1.3841158
1.3755003
1.3609126
1.3418297
1.320234
1.2984566
1.2789141
1.2637974
1.2548029
1.2940176
1.2860415
1.2725476
1.2549435
1.2350841
1.2150855
1.197139
1.1832555
1.1749955
1.2173517
1.2099576
1.1974248
1.1810506
1.162604
1.1440871
1.1275045
1.1146821
1.1070533
1.1614409
1.1544857
1.1426998
1.1272747
1.109857
1.0923777
1.0767602
1.0647053
1.0575379
1.1298411
1.1231212
1.111752
1.0968855
1.0800781
1.0631858
1.0480968
1.0364643
1.0295537
2.32582
2.3132985
2.2918984
2.2635785
2.2311456
2.1980326
2.1679508
2.1444417
2.130358
2.3024997
2.2901175
2.2689577
2.240949
2.2088668
2.176125
2.1463956
2.1231652
2.1092476
2.2590436
2.24691
2.2261847
2.1987641
2.1673513
2.1352873
2.1061894
2.0834688
2.0698609
2.1953842
2.1836115
2.1635103
2.136932
2.106505
2.0754512
2.0472661
2.0252641
2.0120928
2.1153357
2.1040104
2.0846804
2.0591393
2.0299262
2.0001392
1.9731164
1.9520212
1.9393923
2.0274332
2.016619
1.9981528
1.9737482
1.9458466
1.9174206
1.8916574
1.8715598
1.8595314
1.9436046
1.9332777
1.9156569
1.8923674
1.8657292
1.8385923
1.8140098
1.7948458
1.7833824
1.8763519
1.8663826
1.8494069
1.8270135
1.8014114
1.7753222
1.7516887
1.7332684
1.7222524
1.8356173
1.8258534
1.8092408
1.7873665
1.7623931
1.7369483
1.7138944
1.6959268
1.6851823
1.8157585
1.806098
1.7896603
1.76803
1.7433594
1.7182335
1.6954665
1.6777207
1.6671089
1.7743429
1.764907
1.7488388
1.7277043
1.7036456
1.6791753
1.6570046
1.6397222
1.6293882
1.7038282
1.6948167
1.6794355
1.6591506
1.636072
1.6126804
1.5915348
1.5750534
1.5651954
1.6116858
1.6032278
1.5888149
1.5697822
1.5480387
1.5259708
1.5060815
1.4906295
1.4813999
1.5093532
1.5014356
1.4879893
1.4703295
1.4502111
1.429738
1.4112269
1.3968482
1.3882747
1.4099864
1.4026206
1.3900908
1.3736412
1.354996
1.3361279
1.3190783
1.3058004
1.297869
1.3253567
1.3184883
1.3068114
1.2914514
1.2740007
1.256384
1.240553
1.2282623
1.2209211
1.2637175
1.2571792
1.2461007
1.2315761
1.2150668
1.1983544
1.1833401
1.1717227
1.1648031
1.2289346
1.2225739
1.2118051
1.1977246
1.1817618
1.1655971
1.1510498
1.1397917
1.1330934
1.9502729
1.9420835
1.9280389
1.9094011
1.8879906
1.86599
1.8458244
1.8299517
1.8204082
1.9057799
1.8977815
1.8840364
1.8657581
1.8447783
1.8232952
1.8036526
1.7881898
1.7788819
1.8299658
1.8222907
1.8091265
1.7915742
1.7713324
1.750624
1.7317987
1.7170397
1.7081622
1.7311741
1.7238258
1.7112864
1.6946947
1.675597
1.6559683
1.6380921
1.6241281
1.6157632
1.6215041
1.6145789
1.6027211
1.5870299
1.5691006
1.5507915
1.5341001
1.5210186
1.5131755
1.5147829
1.5082991
1.4972213
1.4825267
1.4656651
1.4484971
1.432959
1.4208213
1.4135404
1.4239903
1.4178247
1.4073353
1.3935231
1.3777091
1.3615367
1.3468822
1.3354843
1.3286747
1.3579011
1.3519921
1.3419107
1.3286469
1.3135719
1.2982203
1.2842663
1.2733808
1.2668801
1.3205183
1.3147796
1.3049756
1.2920318
1.2773183
1.2624089
1.2488922
1.2383297
1.2320105
0.76951905
0.75816238
0.73922865
0.71501201
0.6883298
0.66218384
0.63936017
0.62209176
0.61196672
0.79010152
0.77843436
0.75897893
0.7341157
0.70674665
0.67990828
0.65645929
0.63872868
0.62833975
0.82269204
0.81056204
0.79031138
0.76440476
0.73591262
0.7080092
0.68360905
0.6651393
0.65431833
0.86098247
0.84830986
0.82716921
0.80010553
0.77029147
0.74109968
0.7156099
0.69631306
0.68499865
0.8985209
0.88529687
0.86324579
0.83506619
0.80404722
0.7736274
0.74704271
0.72693848
0.71515986
0.93017239
0.91654512
0.89377956
0.86462903
0.83256687
0.80119001
0.77375242
0.75296725
0.74078446
0.95331201
0.93938151
0.91616869
0.88644436
0.85364424
0.82150626
0.79347164
0.77225972
0.75981749
0.96813154
0.9539136
0.93028953
0.90019157
0.86706388
0.83451382
0.80604669
0.78453644
0.77194278
0.97577763
0.9614036
0.93751377
0.9071277
0.87380554
0.84112461
0.81249024
0.7908129
0.77812063
0.97912878
0.9646893
0.94068011
0.91015058
0.87672142
0.8439824
0.81529365
0.79355663
0.78082414
0.98547212
0.97092886
0.94670802
0.9158769
0.88218264
0.84931578
0.82056057
0.79873986
0.78593827
0.99406003
0.97943709
0.95502372
0.92382219
0.88964852
0.85643565
0.82756319
0.80571256
0.79288354
1.001189
0.98657059
0.96214933
0.93084434
0.89634821
0.86266443
0.83344782
0.81148046
0.79864282
1.0039213
0.98937895
0.96509762
0.93399142
0.89965956
0.86592855
0.836452
0.81423017
0.80126732
1.0013471
0.98696963
0.96295486
0.93218794
0.89826404
0.8649537
0.83575063
0.81358938
0.80059179
0.99475629
0.98060719
0.95697157
0.92667623
0.89324519
0.86042001
0.83167966
0.80987847
0.79707294
0.98706507
0.9731326
0.94985745
0.92002499
0.88710274
0.85475957
0.82642409
0.80493429
0.79231952
0.98147416
0.9676895
0.94465992
0.91513837
0.88255316
0.85053601
0.82248344
0.80120722
0.78871806
1.2094585
1.1936702
1.1672294
1.133224
1.0955502
1.0583761
1.0256597
1.0007675
0.98614095
1.2167204
1.200873
1.1743309
1.1401904
1.1023664
1.065057
1.0322277
1.0072323
0.9925278
1.226196
1.2102901
1.1836492
1.1493761
1.1113951
1.0739323
1.0409858
1.0159076
1.0011471
1.2334044
1.2174967
1.1908527
1.1565754
1.118583
1.0810947
1.0481215
1.0230335
1.0082741
1.2348124
1.2190019
1.1925188
1.1584461
1.1206801
1.0834112
1.0506184
1.0256573
1.0109709
1.2294152
1.2138044
1.1876538
1.1540041
1.1167
1.0798837
1.0474893
1.0228285
1.0083151
1.2191293
1.2037776
1.1780596
1.144964
1.1082695
1.0720468
1.0401676
1.0158971
1.0016137
1.20787
1.1927676
1.1674657
1.1349026
1.098795
1.0631483
1.0317719
1.0078799
0.9938172
1.1998784
1.1849434
1.1599212
1.1277165
1.0920037
1.0567433
1.0257041
1.0020674
0.98815453
0.97849718
0.96478785
0.94188332
0.91252169
0.88011352
0.84826794
0.82035924
0.79918809
0.78676048
0.97182689
0.95828332
0.93565393
0.90664178
0.87461639
0.8431444
0.81555767
0.79462433
0.78233371
0.95902504
0.94578784
0.92366748
0.89530183
0.86398229
0.83319825
0.80620997
0.78572446
0.77369257
0.93967305
0.92687997
0.90549823
0.87807259
0.84777981
0.81799273
0.79187022
0.77203773
0.76038712
0.91466699
0.90242741
0.88196642
0.85571358
0.82670454
0.79816548
0.77312381
0.75410359
0.74292742
0.88663657
0.87500054
0.85554377
0.83056995
0.80296109
0.77578569
0.75192814
0.73379797
0.72314045
0.85951507
0.848451
0.8299462
0.80618572
0.77990576
0.754024
0.73128977
0.71400563
0.7038423
0.83751651
0.82690969
0.80916602
0.78637571
0.76115888
0.73631316
0.71447886
0.69787178
0.68810352
0.82408967
0.81375943
0.79647623
0.77427299
0.7496994
0.72548045
0.7041909
0.68799422
0.67846567
0.81751998
0.80732436
0.79026527
0.76834775
0.74408734
0.72017366
0.69914939
0.68315235
0.67374034
0.80376942
0.7938544
0.77726249
0.75594068
0.7323333
0.70905616
0.68858511
0.67300473
0.66383604
0.78024021
0.77080146
0.75500258
0.7346922
0.71219369
0.68999753
0.67046619
0.65559376
0.64683861
0.74931094
0.74049112
0.72572301
0.70672742
0.68567063
0.66488043
0.64657178
0.63262062
0.62440366
0.71463913
0.70650347
0.69287485
0.67533309
0.65587112
0.63663676
0.61968144
0.60675029
0.59912936
0.68062104
0.67314605
0.66061793
0.64448048
0.62655933
0.6088286
0.59318183
0.58123735
0.57419311
0.65138954
0.64447258
0.63287407
0.617923
0.60130378
0.58484394
0.5703036
0.55919366
0.55263729
0.62990454
0.62339069
0.6124638
0.59837004
0.58269193
0.56715097
0.55341067
0.54290432
0.53670097
0.61768005
0.61139234
0.60084223
0.58722952
0.57207954
0.55705433
0.54376319
0.53359579
0.52759068
0.97790348
0.96698914
0.94868986
0.92511029
0.89892095
0.87301507
0.85016552
0.83273393
0.82245959
0.95963501
0.94903287
0.93125584
0.90834678
0.88289848
0.85772117
0.83551019
0.81856295
0.80857285
0.92844077
0.91836823
0.90147714
0.87970548
0.8555142
0.83157304
0.8104456
0.79432025
0.78481251
0.88755611
0.8781711
0.86243029
0.84213567
0.81957702
0.79724147
0.77752153
0.76246391
0.75358289
0.84188506
0.83325938
0.8187889
0.80012564
0.77937066
0.75880928
0.74064482
0.72676735
0.71857908
0.79724981
0.7893572
0.77611302
0.7590242
0.74000968
0.72116065
0.70449783
0.69175977
0.6842404
0.7590539
0.75178001
0.73957116
0.72381197
0.70626723
0.68886376
0.67346859
0.66169262
0.65473812
0.73109362
0.72426652
0.71280525
0.69800637
0.6815235
0.66516448
0.650685
0.63960394
0.6330575
0.71523656
0.70866031
0.69761847
0.68335808
0.66747074
0.65169775
0.63773213
0.62704089
0.62072328
1.4267992
1.4112385
1.3850884
1.3512844
1.3136031
1.276197
1.2431018
1.2177937
1.2028539
1.4144771
1.3991164
1.3733022
1.3399322
1.3027337
1.2658055
1.233132
1.2081455
1.1933951
1.3912691
1.376276
1.3510796
1.3185072
1.2821965
1.2461477
1.2142501
1.1898555
1.1754537
1.3568752
1.3424127
1.3181073
1.286686
1.2516567
1.2168778
1.1861012
1.1625616
1.1486636
1.3131732
1.2993688
1.2761692
1.2461766
1.2127381
1.1795358
1.1501511
1.1276738
1.1144018
1.2648142
1.2517245
1.2297258
1.2012849
1.1695744
1.1380847
1.1102123
1.0888893
1.0762977
1.2184636
1.206049
1.185185
1.1582104
1.128133
1.0982624
1.0718199
1.0515884
1.0396402
1.1811136
1.1692378
1.1492789
1.1234739
1.0946995
1.0661208
1.0408197
1.0214594
1.0100249
1.1584093
1.146859
1.127447
1.1023486
1.0743612
1.0465631
1.0219516
1.0031178
0.99199367
1.1473278
1.1359359
1.11679
1.0920354
1.0644309
1.0370124
1.0127363
0.99415858
0.98318539
1.1241721
1.11311
1.0945184
1.07048
1.0436733
1.0170457
0.99346848
0.97542439
0.96476579
1.0846895
1.0741866
1.0565349
1.0337115
1.0082578
0.9829716
0.96057936
0.94344019
0.9333152
1.0330462
1.0232688
1.0068364
0.98558934
0.96189247
0.93834819
0.91749455
0.9015301
0.89209778
0.97549079
0.96651611
0.95143163
0.93192516
0.91016718
0.88854648
0.86939279
0.85472628
0.84605914
0.91938125
0.91118152
0.8973998
0.87957622
0.85969082
0.83992577
0.82241173
0.80899762
0.80106906
0.87149662
0.86394974
0.85126607
0.83486355
0.81656185
0.79836559
0.78223613
0.76987897
0.76257366
0.83653557
0.82946109
0.81757026
0.8021924
0.78503406
0.76797267
0.75284508
0.74125205
0.73439706
0.81674769
0.80993949
0.79849492
0.78369214
0.76717431
0.75074928
0.73618438
0.72502064
0.71841852
1.3214946
1.3099457
1.2904824
1.2652177
1.2369135
1.2086665
1.1835477
1.1642563
1.1528336
1.2933143
1.2820961
1.2631919
1.2386553
1.2111681
1.1837367
1.159344
1.1406107
1.1295186
1.2453143
1.2346551
1.2166965
1.1933935
1.1672931
1.1412466
1.1180851
1.1002978
1.0897661
1.182616
1.1726851
1.1559536
1.1342462
1.1099414
1.0856942
1.0641345
1.0475766
1.0377726
1.1128373
1.103715
1.0883473
1.0684089
1.0460847
1.0238184
1.0040261
0.98882809
0.97982941
1.0449239
1.0365789
1.0225259
1.0043011
0.98389856
0.96354735
0.94545738
0.93156853
0.92334602
0.98706397
0.97937587
0.96643047
0.94964784
0.93086971
0.91214379
0.89549705
0.88271436
0.87514634
0.94487774
0.93766852
0.92552886
0.90978955
0.89218146
0.87462915
0.85902939
0.84705013
0.83995693
0.9210258
0.91408629
0.90240177
0.88725201
0.87030173
0.85340629
0.83839341
0.82686605
0.82004034
0.25046411
0.2447352
0.23527212
0.22334013
0.21043273
0.1980245
0.18738091
0.17945422
0.17486199
0.25726944
0.25138958
0.24167729
0.22943124
0.21618428
0.20344984
0.19252664
0.18439184
0.17967911
0.26816308
0.26204483
0.25193882
0.2391965
0.22541298
0.21216302
0.20079784
0.19233411
0.18743092
0.28121557
0.27481816
0.26425108
0.25092748
0.23651528
0.22266114
0.21077796
0.20192865
0.19680217
0.29436422
0.28769536
0.27667982
0.26279067
0.2477666
0.23332425
0.22093658
0.21171163
0.20636757
0.30592234
0.29902681
0.28763655
0.27327444
0.25773835
0.24280346
0.22999307
0.22045323
0.21492674
0.31488369
0.30782386
0.29616199
0.28145687
0.26554886
0.25025575
0.23713768
0.22736849
0.22170907
0.32092457
0.31376269
0.30193161
0.28701253
0.27087246
0.25535541
0.24204469
0.23213178
0.226389
0.32415721
0.31694493
0.30503016
0.29000463
0.27374891
0.25812027
0.24471337
0.23472862
0.22894411
0.32561291
0.31837902
0.3064289
0.29135819
0.27505298
0.25937672
0.24592867
0.2359132
0.23011082
0.32846229
0.32118792
0.30917107
0.29401688
0.27762045
0.26185556
0.24833127
0.23825856
0.23242301
0.33268143
0.32535716
0.31325609
0.2979941
0.28148044
0.26560144
0.25197819
0.24183133
0.23595256
0.33709057
0.3297305
0.31757032
0.30223181
0.28563259
0.26966964
0.25597275
0.24577017
0.23985878
0.34063651
0.33327598
0.32111303
0.30576958
0.28916262
0.27318893
0.25948089
0.24926862
0.24335116
0.34275244
0.33543206
0.32333423
0.30806833
0.29154146
0.27564216
0.26199484
0.25182643
0.24593366
0.34349154
0.3362363
0.32424552
0.30911574
0.29273201
0.2769656
0.26343052
0.2533435
0.24749749
0.34334609
0.33616808
0.32429518
0.30930541
0.2930752
0.27745317
0.26403827
0.25404036
0.24824474
0.34297517
0.33584627
0.32406361
0.30917699
0.29305018
0.27753162
0.26420113
0.25426617
0.24850633
0.44847533
0.43955807
0.42479536
0.40612677
0.38582428
0.36618284
0.34923711
0.33653456
0.3291414
0.45197167
0.4430198
0.42818302
0.40940291
0.38899701
0.36925537
0.35221045
0.33944372
0.33200993
0.45699822
0.44798764
0.43306884
0.41417298
0.39362228
0.37375408
0.35659528
0.34373676
0.33625359
0.46195601
0.45290408
0.43791356
0.4189456
0.39831502
0.37835116
0.36111799
0.34820057
0.34068004
0.46540683
0.45637791
0.44141412
0.4224529
0.40183592
0.38189207
0.36465791
0.35174415
0.34422563
0.46675002
0.45776866
0.44290426
0.4240891
0.40359931
0.38376781
0.36664597
0.35380084
0.34632244
0.46624382
0.45737693
0.44265683
0.42400916
0.40374975
0.38412088
0.36714722
0.35443581
0.3470281
0.46475447
0.45599376
0.44149112
0.42306042
0.40296999
0.38357145
0.36678374
0.35417481
0.34684603
0.46350823
0.45477892
0.44036196
0.42212849
0.4021988
0.38289312
0.36626588
0.35375063
0.34645453
0.34272791
0.33561247
0.32387132
0.30904691
0.29297309
0.27750768
0.2642233
0.25432029
0.2485802
0.34208345
0.33502847
0.32336243
0.30865045
0.29271178
0.27735849
0.26417607
0.25434532
0.24864739
0.3405162
0.33358539
0.32211331
0.30761296
0.2919065
0.27678146
0.26378322
0.25409321
0.24847323
0.33774903
0.33096139
0.3197496
0.30559151
0.29023122
0.27543503
0.26271922
0.25323272
0.24773235
0.3336718
0.32710517
0.31621998
0.30246292
0.28755611
0.27318003
0.26081879
0.25159607
0.24624491
0.32865312
0.32229826
0.31180828
0.29853121
0.28409932
0.27019484
0.25822826
0.24929463
0.24411169
0.32355047
0.31740805
0.30721003
0.29436382
0.2804391
0.26696351
0.25538102
0.24672569
0.24170229
0.31906383
0.31317224
0.30335996
0.29081034
0.27723125
0.2641656
0.25285783
0.24444285
0.23954202
0.31631058
0.31042265
0.3008338
0.28862574
0.27519414
0.26235401
0.25126188
0.2429495
0.23815458
0.31500365
0.30912688
0.2995396
0.28750843
0.27421601
0.26140324
0.25047865
0.24219498
0.23743902
0.31221297
0.30646783
0.29691275
0.28499968
0.27212149
0.259495
0.24868281
0.24062787
0.23591121
0.30698457
0.30156339
0.29247048
0.28078831
0.26818776
0.25610343
0.24556996
0.23772751
0.2331775
0.30000431
0.29463699
0.28595985
0.27504353
0.26295094
0.2512341
0.24123065
0.2336802
0.22930175
0.29349264
0.28790695
0.27884722
0.2679335
0.2565895
0.24554799
0.23589735
0.22875969
0.22458503
0.2878949
0.28248698
0.27343798
0.26195026
0.24999107
0.23931905
0.23032763
0.22344846
0.21948728
0.28267886
0.27755082
0.26899593
0.25800823
0.2457593
0.23408248
0.22491431
0.21850336
0.21469511
0.27875481
0.27377129
0.26544799
0.25480423
0.24314474
0.23157836
0.22143777
0.2144513
0.21082382
0.27640067
0.27154073
0.26341713
0.25298922
0.24143815
0.2301697
0.2203056
0.21268779
0.20848198
0.41480411
0.40736745
0.39499128
0.37935784
0.36274343
0.34721646
0.33394466
0.32382947
0.31786196
0.41091632
0.40364039
0.39149755
0.37601228
0.35930317
0.34364704
0.33055124
0.32076435
0.31499414
0.40412044
0.39711305
0.38541991
0.37043374
0.3539451
0.33808263
0.32479415
0.3151567
0.30962414
0.39499969
0.38831614
0.3771715
0.36291692
0.34717821
0.33168647
0.31823467
0.30830819
0.30265983
0.38455322
0.37823542
0.36768325
0.35416606
0.3392736
0.32464884
0.31178014
0.30197682
0.29623487
0.37401699
0.36806382
0.35811426
0.3453461
0.3312256
0.31733574
0.30517363
0.29594388
0.2905089
0.36470978
0.35906378
0.34961961
0.3374932
0.32408216
0.31086231
0.29922651
0.29037353
0.28517418
0.35768234
0.35226583
0.34319975
0.33154276
0.31862664
0.30589146
0.29470117
0.28618437
0.28116678
0.35359635
0.34830793
0.33945377
0.32806804
0.31545149
0.30299564
0.29202626
0.28367395
0.27876115
0.60713818
0.59686105
0.57981019
0.55804804
0.53416205
0.51100326
0.49098383
0.47588053
0.46703485
0.60403461
0.59379149
0.576885
0.55542768
0.53184122
0.50883234
0.48895489
0.47403638
0.46531212
0.59835713
0.58810504
0.571238
0.55006856
0.52706552
0.50457429
0.48495995
0.4702304
0.46165517
0.59015513
0.58001791
0.56322062
0.54207714
0.51937545
0.49758511
0.4786491
0.4643048
0.45590696
0.57935572
0.56959081
0.55330853
0.53252623
0.50989429
0.48825291
0.46984131
0.4560982
0.44806392
0.56676452
0.557418
0.54185399
0.52196805
0.50005531
0.47863833
0.46020267
0.44657837
0.43873855
0.55436145
0.54539067
0.53043918
0.511349
0.49037683
0.46981275
0.45179424
0.43819721
0.43030043
0.54414553
0.53549204
0.52106313
0.50261178
0.48230535
0.46241956
0.44502777
0.43183099
0.42408491
0.53785954
0.5293927
0.51527048
0.4972088
0.47733059
0.45785503
0.44081305
0.42787889
0.42028008
0.53476401
0.52639078
0.51242376
0.49455473
0.47487531
0.45558879
0.43872336
0.42593111
0.41841335
0.52826599
0.52008515
0.50643609
0.48896847
0.46971952
0.45083725
0.43431892
0.42179873
0.41444597
0.51706387
0.50921028
0.49610119
0.47931497
0.46080355
0.44262212
0.42669299
0.41461293
0.40752245
0.50218415
0.49475866
0.48235534
0.46645644
0.44890465
0.43164786
0.41650696
0.40500413
0.3982445
0.48529192
0.4783428
0.46672571
0.45181636
0.43533148
0.41909883
0.40483994
0.39399637
0.38761756
0.46848141
0.461995
0.45114216
0.43719656
0.42175408
0.40652148
0.39311779
0.38291166
0.376904
0.45381562
0.44772301
0.43752074
0.42439532
0.40984047
0.39546332
0.38279556
0.37313736
0.36744635
0.44287539
0.43706908
0.42734023
0.41481296
0.40090645
0.38715291
0.37502089
0.36576399
0.36030704
0.43657605
0.43093126
0.4214696
0.40927991
0.39573966
0.38234007
0.37051326
0.36148381
0.35615844
0.66921959
0.6598977
0.64432729
0.62437095
0.60234349
0.58069302
0.56170876
0.54729546
0.5388279
0.65943156
0.65034862
0.63517409
0.61571899
0.59423639
0.57311236
0.55458152
0.54050691
0.53223609
0.64263178
0.63395498
0.61945343
0.60085044
0.58029431
0.56006592
0.54230726
0.52880986
0.52087425
0.62045406
0.61230596
0.59868073
0.58118801
0.56183941
0.54277832
0.5260266
0.51328293
0.50578559
0.5954647
0.5879023
0.57524816
0.55898625
0.54097702
0.52321145
0.50757774
0.49567132
0.48866106
0.5708042
0.56380863
0.5520945
0.53702441
0.520313
0.50380401
0.48925558
0.47816213
0.47162491
0.5494817
0.54296583
0.53204748
0.517987
0.50237565
0.48693223
0.4733048
0.4629021
0.45676713
0.53371426
0.52754561
0.51720347
0.50387432
0.48906024
0.47438975
0.46143098
0.45153002
0.44568736
0.52469884
0.51872528
0.50870694
0.49578883
0.48142309
0.46718761
0.45460545
0.44498721
0.43930932
