FiniteElementSpace
FiniteElementCollection: L2_2D_P8
VDim: 1
Ordering: 0

-2.4487509
-2.4485825
-2.4482556
-2.4477562
-2.4471005
-2.4463346
-2.4455603
-2.4449065
-2.4444956
-2.4881463
-2.4880505
-2.4878454
-2.4874994
-2.4870161
-2.4864253
-2.4858088
-2.4852732
-2.4849279
-2.5577583
-2.5577905
-2.5577971
-2.5577188
-2.5575412
-2.5572553
-2.5569135
-2.5565954
-2.5563732
-2.6531054
-2.6533101
-2.6536106
-2.6539084
-2.654144
-2.654274
-2.6543075
-2.6542715
-2.6542158
-2.764705
-2.7651162
-2.7657741
-2.7665317
-2.7672717
-2.7679025
-2.7683832
-2.7686855
-2.7688229
-2.878624
-2.8792793
-2.8803485
-2.8816184
-2.8829359
-2.8841389
-2.8851052
-2.8857751
-2.8861336
-2.9798285
-2.9807192
-2.9821856
-2.9839726
-2.9858534
-2.9876181
-2.989092
-2.9901416
-2.9907159
-3.0560935
-3.0571858
-3.0589729
-3.0611727
-3.0635089
-3.065723
-3.0676005
-3.0689827
-3.0697625
-3.1001687
-3.1013777
-3.1033677
-3.105834
-3.1084628
-3.1109575
-3.1130783
-3.1146483
-3.1155441
-2.406697
-2.4037958
-2.3980751
-2.3899579
-2.3802063
-2.369701
-2.3597743
-2.351752
-2.3468296
-2.4497236
-2.4469413
-2.4414322
-2.433572
-2.424078
-2.4138164
-2.4040728
-2.3961654
-2.3913086
-2.5257473
-2.523172
-2.5180429
-2.5106485
-2.5016253
-2.4917765
-2.4823556
-2.4746768
-2.4699445
-2.629898
-2.6276082
-2.6229956
-2.6162527
-2.6078862
-2.5986127
-2.5896482
-2.5822822
-2.5777155
-2.7520218
-2.7500718
-2.7460783
-2.7400934
-2.7325034
-2.7239416
-2.7155218
-2.7085185
-2.704151
-2.8774333
-2.8758376
-2.8724964
-2.8673277
-2.8605587
-2.852713
-2.8448693
-2.8382725
-2.834122
-2.9901639
-2.988882
-2.9861325
-2.981712
-2.9756953
-2.9685338
-2.9612245
-2.9549911
-2.9510467
-3.0765197
-3.0754945
-3.073208
-3.0693353
-3.0639198
-3.0573104
-3.0504271
-3.0444969
-3.0407134
-3.1272505
-3.1263763
-3.1243474
-3.1208383
-3.1157805
-3.1094785
-3.1028738
-3.0971226
-3.0934181
-3.5955815
-3.6072663
-3.6218006
-3.6322477
-3.6342259
-3.6268771
-3.6119057
-3.5964821
-3.5877169
-3.5701714
-3.5782866
-3.5863805
-3.5872732
-3.5776527
-3.5597329
-3.5384264
-3.5207137
-3.5119256
-3.4939444
-3.4920888
-3.4842052
-3.466675
-3.4416932
-3.4168649
-3.3971752
-3.384386
-3.379543
-3.2881897
-3.2751524
-3.2541983
-3.2293034
-3.2090449
-3.2012209
-3.2036786
-3.2095891
-3.2144754
-2.9337289
-2.9246016
-2.9157933
-2.9152993
-2.9309976
-2.9629336
-3.0007598
-3.0313055
-3.0468755
-2.5530065
-2.5593908
-2.5836429
-2.6280306
-2.6888701
-2.7574661
-2.8211534
-2.8681813
-2.8917756
-2.2612394
-2.2792646
-2.3301036
-2.4057462
-2.4943138
-2.5839807
-2.6629718
-2.7213287
-2.7522156
-2.0578954
-2.0874283
-2.153641
-2.2444047
-2.3482109
-2.4503434
-2.5388162
-2.6050138
-2.640579
-1.9398215
-1.9769309
-2.0499819
-2.1483389
-2.2606793
-2.3699607
-2.4634655
-2.5333281
-2.5711143
-3.7198448
-3.717643
-3.7124732
-3.7041181
-3.6926435
-3.678586
-3.6643595
-3.6523379
-3.6445797
-3.7004009
-3.6977093
-3.6920921
-3.6831848
-3.6708078
-3.6561707
-3.6415188
-3.6290097
-3.6209537
-3.664884
-3.6616443
-3.6554667
-3.6453465
-3.6317071
-3.6162378
-3.600685
-3.5873535
-3.5788254
-3.6143525
-3.6106752
-3.6033777
-3.5918583
-3.5771526
-3.5603078
-3.5432542
-3.528819
-3.5196747
-3.5520861
-3.5475735
-3.5389895
-3.5264519
-3.5103739
-3.4916731
-3.4729493
-3.4573437
-3.4475928
-3.4834645
-3.4782283
-3.4688191
-3.4550091
-3.4371884
-3.4168839
-3.3967843
-3.3801512
-3.3697928
-3.417182
-3.4116372
-3.4012977
-3.3860525
-3.3667535
-3.3451039
-3.3238732
-3.3064172
-3.295554
-3.362946
-3.356985
-3.3459234
-3.3296341
-3.3091032
-3.2863925
-3.2643467
-3.2463184
-3.2351623
-3.3294092
-3.3232018
-3.3117274
-3.2947961
-3.2735685
-3.2502661
-3.2277915
-3.2094602
-3.1981549
1.1187642
1.1203242
1.123181
1.1268168
1.13077
1.1345908
1.1379818
1.1407924
1.1426008
1.2451194
1.245933
1.2475926
1.2496302
1.2517469
1.2538725
1.255893
1.2577191
1.2589974
1.4483717
1.4485209
1.4488764
1.4489133
1.4485669
1.4480317
1.4474837
1.4472974
1.447393
1.6888055
1.6884969
1.6880098
1.687
1.685216
1.6828174
1.6802604
1.6782548
1.6771783
1.927258
1.9263603
1.9248705
1.9226322
1.9197129
1.9162439
1.9125527
1.9095404
1.9078028
2.1348597
2.133253
2.1306443
2.1271367
2.1228815
2.1181354
2.1133755
2.1094953
2.1071833
2.2939185
2.2917532
2.288241
2.2836035
2.2781627
2.2723805
2.266801
2.2622842
2.259579
2.3997045
2.397154
2.3929427
2.3874123
2.3810575
2.3744915
2.3683444
2.3634503
2.3605275
2.4556852
2.4529134
2.4483293
2.4423667
2.4355213
2.428452
2.4219047
2.4167325
2.4136488
1.2540371
1.2562188
1.2604226
1.2654192
1.2707267
1.2753354
1.2789936
1.2816281
1.2830457
1.3432715
1.3449501
1.3483307
1.3522018
1.3562038
1.3595352
1.3620892
1.3639135
1.3648656
1.4871258
1.4879464
1.4899311
1.4920379
1.4940766
1.495484
1.4963225
1.496817
1.496972
1.6622638
1.6619409
1.6618958
1.6614867
1.6608062
1.6596124
1.6582398
1.6570833
1.656285
1.8407017
1.8392993
1.8373621
1.8344699
1.8309576
1.826972
1.8231343
1.8200927
1.8181971
1.9977517
1.9953934
1.9917687
1.9867702
1.9809422
1.9746963
1.968839
1.9642081
1.9613696
2.1197361
2.11651
2.1113671
2.1044809
2.096609
2.0884351
2.0809415
2.0750837
2.0715375
2.2019372
2.1981331
2.1919565
2.1837246
2.1743381
2.164697
2.1559257
2.1490954
2.1449899
2.2455355
2.2414677
2.2347857
2.225894
2.2157533
2.2053507
2.1958864
2.1885088
2.1840822
-2.4360094
-2.4353371
-2.434166
-2.4325787
-2.4307195
-2.4287659
-2.42693
-2.4254512
-2.4245521
-2.4773616
-2.4767441
-2.4756688
-2.4742023
-2.4724743
-2.4706475
-2.468928
-2.4675415
-2.4666926
-2.5504516
-2.5499285
-2.549012
-2.5477472
-2.5462429
-2.5446433
-2.543126
-2.5418928
-2.5411346
-2.6505654
-2.6501764
-2.649477
-2.6484975
-2.6473097
-2.6460185
-2.6447806
-2.643767
-2.6431326
-2.7679055
-2.7676813
-2.767251
-2.7666161
-2.7658077
-2.7648955
-2.7639954
-2.763241
-2.7627531
-2.8883188
-2.8882739
-2.8881342
-2.8878778
-2.8874876
-2.8869841
-2.8864433
-2.8859653
-2.8856379
-2.9961819
-2.9963393
-2.996518
-2.9966601
-2.9967089
-2.9966304
-2.9964623
-2.9962759
-2.9961106
-3.0782081
-3.0785472
-3.0790293
-3.0795477
-3.0800159
-3.080365
-3.0805461
-3.0806071
-3.0806027
-3.1259552
-3.1264201
-3.1271001
-3.1278838
-3.1286586
-3.1292789
-3.1296862
-3.1299509
-3.1300816
-3.6834541
-3.6853559
-3.6882762
-3.6916061
-3.6941355
-3.6952863
-3.6954844
-3.6954047
-3.695617
-3.706218
-3.7080313
-3.7107009
-3.7136365
-3.7156234
-3.7160944
-3.7158936
-3.7160095
-3.7166548
-3.7403302
-3.7419657
-3.7441183
-3.7461435
-3.7470813
-3.7468254
-3.7472025
-3.7490198
-3.751068
-3.7763394
-3.7774747
-3.7789047
-3.7799384
-3.7806908
-3.7821972
-3.7859828
-3.7909579
-3.7946007
-3.80631
-3.8071553
-3.8085521
-3.8105119
-3.8142894
-3.8202253
-3.8274325
-3.8338328
-3.8376857
-3.8288437
-3.8305294
-3.8337532
-3.8386628
-3.8456505
-3.8534989
-3.8608614
-3.8666188
-3.8698784
-3.846769
-3.849277
-3.85396
-3.8603236
-3.8675819
-3.874699
-3.880914
-3.8855204
-3.8880466
-3.8586472
-3.8614346
-3.8660849
-3.8720053
-3.8786325
-3.8847879
-3.8896579
-3.8930602
-3.8949254
-3.8634546
-3.8663829
-3.8712563
-3.8771079
-3.8827589
-3.8875634
-3.8915006
-3.8943798
-3.8959605
-3.6209005
-3.623336
-3.6273663
-3.6323938
-3.6377853
-3.6431478
-3.6479338
-3.6515564
-3.6536679
-3.6416827
-3.6442222
-3.6484231
-3.6537115
-3.6593708
-3.6648381
-3.6696717
-3.6734456
-3.6757034
-3.6728247
-3.6754917
-3.6799153
-3.6855067
-3.6916012
-3.6975559
-3.702724
-3.7066778
-3.7090395
-3.7057853
-3.7086732
-3.7134459
-3.7194352
-3.7259313
-3.7323444
-3.7380266
-3.7424042
-3.7450026
-3.7320249
-3.7352444
-3.7405717
-3.7472565
-3.7544372
-3.7613862
-3.7674455
-3.7720994
-3.7748785
-3.746399
-3.7500085
-3.7559911
-3.7635027
-3.7716079
-3.7794755
-3.7862781
-3.7913847
-3.794361
-3.7489316
-3.7529546
-3.759642
-3.7680929
-3.7772047
-3.7860497
-3.7938134
-3.7997707
-3.8032984
-3.7443542
-3.7487157
-3.7560058
-3.7652488
-3.7754819
-3.785731
-3.7947643
-3.8017032
-3.8058453
-3.7391049
-3.7436823
-3.7513426
-3.7612271
-3.7722842
-3.7834962
-3.7937716
-3.8018944
-3.8067575
-3.7585626
-3.7635289
-3.768998
-3.7715704
-3.7718804
-3.7704701
-3.7676554
-3.7647516
-3.7625984
-3.7838059
-3.7887733
-3.794601
-3.797684
-3.7982802
-3.7972321
-3.7947364
-3.7920506
-3.7900014
-3.8216442
-3.8263443
-3.8324326
-3.8362998
-3.837295
-3.8368127
-3.8348036
-3.8323673
-3.8304948
-3.8612623
-3.8651866
-3.8708402
-3.875426
-3.8773387
-3.8774655
-3.8758631
-3.8736547
-3.8719986
-3.8925062
-3.8953353
-3.899645
-3.9040785
-3.9067511
-3.9073489
-3.9062614
-3.904387
-3.9029261
-3.9097815
-3.9113542
-3.913584
-3.9162096
-3.9188343
-3.9200036
-3.9194284
-3.9179701
-3.9167056
-3.9123117
-3.912665
-3.9129785
-3.9138707
-3.915672
-3.9166711
-3.9163092
-3.9151269
-3.9140329
-3.9061501
-3.9060788
-3.9063176
-3.9071796
-3.9075133
-3.9068656
-3.9055414
-3.903796
-3.9025398
-3.9002376
-3.9005263
-3.9013787
-3.9022398
-3.9017339
-3.8997504
-3.8971055
-3.8944463
-3.8927236
-3.5658046
-3.5708295
-3.5831854
-3.6004242
-3.6195299
-3.6375118
-3.6522992
-3.6625594
-3.6674112
-3.5353615
-3.5424541
-3.5574876
-3.5769898
-3.5979566
-3.6169725
-3.6323328
-3.6430413
-3.6481843
-3.4857417
-3.4954891
-3.514228
-3.5368039
-3.5601914
-3.58091
-3.5973174
-3.6089335
-3.6145976
-3.4214278
-3.4335504
-3.4556516
-3.4816768
-3.5079142
-3.5309465
-3.5491641
-3.5619473
-3.5680367
-3.345514
-3.3599478
-3.3852729
-3.4148266
-3.4449072
-3.4708694
-3.4907664
-3.5048653
-3.5118528
-3.2640879
-3.2808862
-3.309501
-3.3429236
-3.376744
-3.4057897
-3.428093
-3.4437756
-3.451604
-3.1862609
-3.2055378
-3.2371667
-3.2739708
-3.3113212
-3.3437597
-3.3685305
-3.3853677
-3.3936041
-3.1219341
-3.1434006
-3.1781057
-3.2180268
-3.2586196
-3.2935323
-3.3195908
-3.3378215
-3.3471895
-3.0814379
-3.1045607
-3.1415768
-3.1836875
-3.2259606
-3.2620695
-3.2896275
-3.3091894
-3.3190723
-2.7038266
-2.7161068
-2.7294675
-2.7337787
-2.725453
-2.7098039
-2.6928739
-2.6782884
-2.6696655
-2.6747887
-2.6723925
-2.6640941
-2.6475755
-2.6248722
-2.6000118
-2.5764745
-2.5578048
-2.5473476
-2.4987602
-2.4864005
-2.4650914
-2.4368998
-2.4048069
-2.3722537
-2.3429822
-2.3206402
-2.3079856
-2.166664
-2.1524222
-2.1276864
-2.0949875
-2.0580295
-2.0210817
-1.9879872
-1.9626209
-1.9481332
-1.7523957
-1.7368234
-1.7102231
-1.6762237
-1.6382323
-1.6001825
-1.5666534
-1.5414697
-1.5272448
-1.3423201
-1.3283004
-1.304041
-1.2727224
-1.2380717
-1.2045304
-1.1755835
-1.153922
-1.141643
-1.0182658
-1.0056898
-0.98417996
-0.9573165
-0.92806548
-0.89894121
-0.87317033
-0.85385406
-0.84293628
-0.80110123
-0.7900574
-0.77093764
-0.74641804
-0.71900674
-0.69177974
-0.66782539
-0.64979581
-0.63959367
-0.67565933
-0.66583133
-0.64809909
-0.62416715
-0.59738662
-0.57172587
-0.54938872
-0.53246578
-0.52276065
-1.1787212
-1.2603248
-1.3897219
-1.5492663
-1.7236778
-1.8746861
-2.0043148
-2.1054282
-2.1599613
-1.494926
-1.5672932
-1.6843875
-1.8326508
-1.988217
-2.1225434
-2.2341381
-2.3132731
-2.3561499
-2.013326
-2.0689047
-2.1569346
-2.2611114
-2.3607739
-2.4412752
-2.4966137
-2.5287964
-2.5438542
-2.403546
-2.4200708
-2.4410937
-2.4562052
-2.4580658
-2.4465943
-2.4278066
-2.4093599
-2.3976254
-2.2455177
-2.2290938
-2.1991021
-2.1584878
-2.1128082
-2.0684329
-2.0302064
-2.0021487
-1.9867143
-1.8024459
-1.7845381
-1.7557482
-1.7211617
-1.6840468
-1.6479598
-1.6175906
-1.5952754
-1.5823707
-1.4589867
-1.4483803
-1.4273091
-1.3955478
-1.3571056
-1.3189045
-1.2838178
-1.2541367
-1.2360743
-1.2240995
-1.2080888
-1.172916
-1.129708
-1.08379
-1.041291
-1.0071005
-0.98421684
-0.97239957
-1.0642516
-1.0498892
-1.0222031
-0.98397463
-0.94153452
-0.90449775
-0.87918581
-0.86318336
-0.85433932
-2.0243036
-2.0066859
-1.9766066
-1.9370093
-1.8917469
-1.8458979
-1.8047559
-1.7729444
-1.7548571
-1.8561147
-1.838397
-1.8083128
-1.7686067
-1.7235155
-1.6782724
-1.6378983
-1.6070091
-1.5896825
-1.5720484
-1.5547388
-1.525294
-1.486678
-1.4433608
-1.4003878
-1.3624005
-1.333656
-1.3173376
-1.2169218
-1.2010188
-1.1739203
-1.1389281
-1.100068
-1.0617691
-1.0281304
-1.0027669
-0.9883516
-0.86424443
-0.85075014
-0.82774156
-0.79847723
-0.76621318
-0.73456877
-0.70691999
-0.68633568
-0.67461377
-0.57244185
-0.56137326
-0.54241361
-0.51834102
-0.49184364
-0.46591467
-0.44342803
-0.42666345
-0.41718625
-0.3495676
-0.33998447
-0.32337384
-0.30219698
-0.27883832
-0.25598995
-0.23617839
-0.2214101
-0.21308903
-0.18353082
-0.17453838
-0.15889996
-0.13911141
-0.11748351
-0.096528805
-0.078342856
-0.064825124
-0.057270698
-0.084099983
-0.075504838
-0.06063574
-0.041820406
-0.021341914
-0.0016330708
0.015478367
0.028187449
0.035346741
-2.495897
-2.4832673
-2.4613953
-2.4319709
-2.3973899
-2.3613621
-2.3281935
-2.3020458
-2.2871267
-2.3496424
-2.335582
-2.3113579
-2.278698
-2.2407589
-2.2018843
-2.1666031
-2.1393143
-2.1240215
-2.0779176
-2.0621825
-2.0351607
-1.9993094
-1.9586523
-1.9179394
-1.8816342
-1.8539998
-1.8383238
-1.7021832
-1.6862619
-1.6589708
-1.6234841
-1.5837795
-1.5442605
-1.5091954
-1.4825555
-1.4673582
-1.2963301
-1.2816847
-1.2565341
-1.2241719
-1.1879796
-1.151946
-1.1201757
-1.0961797
-1.0825325
-0.9383106
-0.92539803
-0.9032048
-0.87462518
-0.84298678
-0.81188536
-0.78485794
-0.76469829
-0.75326684
-0.66409269
-0.65292887
-0.63357345
-0.60892921
-0.58180496
-0.55527455
-0.53228414
-0.51510507
-0.50541814
-0.4744933
-0.46428081
-0.44642798
-0.42370184
-0.39881423
-0.37454491
-0.35339727
-0.33756213
-0.32866576
-0.36357507
-0.35359524
-0.33634702
-0.31436397
-0.29032825
-0.26699419
-0.24664313
-0.23147519
-0.22292056
1.1780384
1.1805041
1.185326
1.1914334
1.1981959
1.2044861
1.2097479
1.2137481
1.216091
1.2847016
1.286552
1.2903464
1.2950021
1.300128
1.3049147
1.3089214
1.3120069
1.3138189
1.4569229
1.457809
1.4600284
1.4626583
1.465477
1.4679546
1.4699067
1.471439
1.4723349
1.6655982
1.6652407
1.66526
1.6652641
1.6653064
1.6651539
1.6648713
1.6646827
1.664554
1.879553
1.8778719
1.8755775
1.8725897
1.8693304
1.8660471
1.8631145
1.8609653
1.8597182
2.0682733
2.0657444
2.0618322
2.0567029
2.0509438
2.0450953
2.0398177
2.0357986
2.0334366
2.212534
2.2094225
2.2044578
2.1979962
2.1907264
2.1833449
2.1766509
2.1714821
2.1684217
2.3087166
2.3051391
2.2993322
2.2917978
2.2833847
2.2749418
2.2673429
2.2614848
2.2580196
2.359802
2.35602
2.3497853
2.3416616
2.3325681
2.3234604
2.3152954
2.3090073
2.3052895
2.5850228
2.5802979
2.5722261
2.5615921
2.5494645
2.5371179
2.5259516
2.5172361
2.5120138
2.567248
2.562541
2.5544966
2.5438934
2.5317927
2.5194648
2.5083084
2.4995919
2.494363
2.530116
2.5254519
2.5174796
2.5069738
2.4949776
2.4827375
2.4716453
2.4629654
2.4577502
2.4693434
2.4647817
2.4569807
2.4466925
2.4349329
2.4229044
2.4119786
2.4034176
2.3982652
2.3860686
2.3816516
2.3741061
2.3641451
2.3527549
2.3410949
2.3304903
2.322172
2.3171566
2.2891525
2.2848995
2.2776428
2.2680541
2.2570842
2.2458659
2.2356735
2.2276752
2.2228494
2.1932233
2.189132
2.1821587
2.1729432
2.1624006
2.151625
2.1418383
2.1341573
2.1295236
2.1144387
2.1104734
2.1037195
2.0947969
2.0846073
2.0742067
2.0647606
2.0573468
2.0528743
2.0660731
2.062185
2.0555603
2.0468076
2.0368232
2.0266459
2.0174092
2.0101624
2.0057911
2.704802
2.7016021
2.696096
2.6887321
2.6801859
2.6713172
2.6631392
2.6566472
2.6527102
2.6859099
2.6827543
2.6773177
2.6700403
2.6616003
2.6528497
2.6447794
2.6383665
2.6344742
2.6465566
2.6434966
2.6382117
2.6311142
2.6228593
2.6142861
2.6063758
2.600086
2.5962663
2.5825319
2.5795804
2.5744783
2.5676241
2.5596503
2.5513556
2.5436836
2.5375681
2.533849
2.4955045
2.4926574
2.4877284
2.4811024
2.4734011
2.4653952
2.4579913
2.4520874
2.448495
2.3946595
2.3919214
2.3871792
2.3808013
2.3733822
2.3656563
2.3585016
2.3527946
2.3493227
2.2950859
2.2924392
2.2878566
2.2817014
2.274547
2.2670945
2.2601901
2.2546799
2.2513251
2.2133844
2.21081
2.206351
2.2003604
2.1933953
2.1861461
2.1794424
2.1740979
2.1708429
2.1632054
2.1606752
2.1562954
2.1504109
2.1435648
2.1364375
2.1298484
2.1245967
2.1213982
1.3038956
1.3048716
1.3069533
1.3091373
1.3112242
1.312551
1.3132451
1.3135335
1.3135195
1.3780833
1.3785593
1.379822
1.3809175
1.3817688
1.3818929
1.3815491
1.3810723
1.380617
1.497461
1.497134
1.4970475
1.4963888
1.4952548
1.4934329
1.4913884
1.4896242
1.4884109
1.6414544
1.640123
1.6382624
1.6353824
1.6318217
1.6276307
1.6235038
1.6201458
1.6179994
1.7868065
1.7844625
1.7808504
1.7757218
1.769628
1.7629504
1.7566336
1.7515984
1.7484732
1.9143026
1.910994
1.9056953
1.8984464
1.8900316
1.8811165
1.872842
1.8663095
1.8623114
2.0126825
2.0085645
2.0018425
1.9927964
1.9824039
1.971591
1.9616782
1.9539069
1.9491927
2.0780991
2.0734764
2.0658493
2.055619
2.0438654
2.0317035
2.0205958
2.0119065
2.0066614
2.1124441
2.1075631
2.0994632
2.0886318
2.0762021
2.0633618
2.051633
2.0424528
2.0369203
2.2363652
2.2294742
2.2176892
2.2022545
2.1847255
2.1669925
2.1510242
2.138611
2.1312127
2.2196817
2.2128165
2.201066
2.1856834
2.168215
2.1505418
2.1346224
2.1222405
2.1148583
2.1858693
2.1790726
2.1674205
2.1521713
2.1348637
2.1173738
2.1016365
2.0893969
2.0820978
2.1319245
2.1252882
2.1138854
2.0989522
2.0819909
2.0648564
2.0494557
2.0374839
2.030346
2.0590916
2.0527187
2.0417479
2.0273684
2.0110189
1.9944955
1.9796477
1.9681024
1.961216
1.974891
1.968849
1.9584307
1.9447615
1.9292069
1.9134843
1.8993628
1.8883804
1.8818271
1.8917805
1.8860815
1.876244
1.86332
1.8485977
1.8337092
1.8203386
1.8099376
1.8037295
1.8235782
1.8181611
1.8088084
1.7965144
1.7825026
1.768327
1.7555947
1.7456857
1.7397683
1.7817179
1.7764702
1.7674095
1.7555009
1.7419297
1.7281976
1.7158643
1.7062651
1.7005308
2.4271057
2.4214238
2.4117092
2.3989332
2.3843691
2.3695565
2.3561573
2.3456897
2.3394184
2.4095999
2.4039434
2.3942681
2.3815513
2.3670672
2.3523486
2.3390415
2.3286416
2.3224062
2.3734035
2.367813
2.3582489
2.3456829
2.3313788
2.3168626
2.3037614
2.2935267
2.2873874
2.3148144
2.3093163
2.299925
2.287614
2.2736355
2.2594854
2.2467447
2.2367993
2.2308304
2.2353605
2.2299751
2.2207958
2.2087903
2.1952094
2.1815257
2.1692612
2.1597117
2.1539808
2.1435782
2.1383335
2.1294041
2.1177405
2.1045765
2.0913589
2.0795653
2.0704152
2.0649331
2.0531851
2.0481062
2.0394556
2.0281561
2.0154099
2.0026214
1.9912363
1.9824338
1.9771725
1.9791186
1.9741954
1.965808
1.9548496
1.9424783
1.9300499
1.9189908
1.9104608
1.9053696
1.9336804
1.9288571
1.9206413
1.9099123
1.8977936
1.885603
1.8747513
1.8663866
1.8613951
-2.4442981
-2.443864
-2.4430934
-2.4420311
-2.4407506
-2.439366
-2.4380523
-2.4369852
-2.4363272
-2.4847579
-2.4843839
-2.4837185
-2.4827861
-2.4816534
-2.4804176
-2.4792305
-2.4782583
-2.4776547
-2.5562573
-2.5559969
-2.5555221
-2.5548288
-2.5539603
-2.5529788
-2.5520104
-2.5512075
-2.5507005
-2.6541785
-2.654072
-2.6538547
-2.6534901
-2.652983
-2.6523538
-2.6516944
-2.6511242
-2.6507491
-2.7688732
-2.7689528
-2.7690482
-2.7690731
-2.7690006
-2.7687987
-2.7685125
-2.7682232
-2.7680092
-2.8862933
-2.8865907
-2.8870422
-2.8875238
-2.8879414
-2.8882089
-2.8883337
-2.8883659
-2.8883356
-2.9909823
-2.991498
-2.992319
-2.993281
-2.994222
-2.9950119
-2.9955855
-2.9959443
-2.996103
-3.070126
-3.070843
-3.0719929
-3.0733788
-3.0747883
-3.0760351
-3.0770255
-3.0777036
-3.0780421
-3.1159673
-3.1168147
-3.1181894
-3.1198504
-3.1215554
-3.1231137
-3.1243811
-3.1252675
-3.1257291
-3.1377447
-3.138649
-3.1401103
-3.1419023
-3.1437746
-3.1454844
-3.1468888
-3.1478855
-3.1484146
-3.1819125
-3.1829443
-3.1846289
-3.186705
-3.1888777
-3.1908981
-3.192592
-3.1938381
-3.1945257
-3.2532626
-3.2544943
-3.2565261
-3.2590735
-3.2617695
-3.264311
-3.2664721
-3.2681011
-3.2690363
-3.3398118
-3.3412597
-3.3436373
-3.3466404
-3.349895
-3.3530323
-3.3557398
-3.3577982
-3.3590021
-3.4288062
-3.43043
-3.4331065
-3.4364778
-3.4401046
-3.4436684
-3.4468157
-3.4492517
-3.4507131
-3.5094277
-3.5112153
-3.5141248
-3.5177877
-3.5217422
-3.5255949
-3.5290161
-3.5317243
-3.5333755
-3.5740773
-3.5759958
-3.5791393
-3.5830467
-3.5872225
-3.5913377
-3.5950084
-3.5978922
-3.5996607
-3.6189508
-3.6209777
-3.624286
-3.6284645
-3.6329401
-3.6371767
-3.6409193
-3.6438827
-3.6456888
-3.6433474
-3.6454806
-3.6489826
-3.65329
-3.6579515
-3.6623979
-3.6661402
-3.6691153
-3.6709262
-3.1211074
-3.1223639
-3.124435
-3.1270107
-3.1297906
-3.1324364
-3.1346692
-3.1363366
-3.1372937
-3.1635967
-3.1649628
-3.1672106
-3.1700078
-3.1730364
-3.1759691
-3.1784689
-3.1803289
-3.1814021
-3.232395
-3.233926
-3.2364569
-3.2396169
-3.2430237
-3.2463364
-3.2492109
-3.2513897
-3.252656
-3.316162
-3.3178751
-3.3207138
-3.3242809
-3.328143
-3.3318947
-3.3351448
-3.3376323
-3.3391012
-3.402615
-3.4044992
-3.4076185
-3.4115465
-3.4158114
-3.4199711
-3.4235907
-3.4263641
-3.4280065
-3.4810181
-3.4830593
-3.486449
-3.4907042
-3.4953068
-3.4998017
-3.5037221
-3.5067425
-3.5085439
-3.5435362
-3.5457379
-3.5493932
-3.5539959
-3.558947
-3.5637653
-3.5679873
-3.5712226
-3.5731379
-3.5866748
-3.5889775
-3.5927993
-3.59764
-3.6029222
-3.6080275
-3.6124483
-3.6158911
-3.6179543
-3.6101745
-3.6125503
-3.6164764
-3.6213973
-3.6267735
-3.6321364
-3.6367839
-3.6402509
-3.6423243
-3.1515434
-3.150732
-3.1488471
-3.1455221
-3.1406221
-3.1344838
-3.1280097
-3.1223267
-3.1186642
-3.2013634
-3.2007108
-3.1991313
-3.1961551
-3.19161
-3.1858043
-3.1795657
-3.1740548
-3.1705006
-3.28349
-3.2831467
-3.2820477
-3.2796653
-3.2757614
-3.2704774
-3.2646406
-3.2594461
-3.2560729
-3.3856848
-3.3858665
-3.3854411
-3.3838278
-3.380684
-3.3761167
-3.3708858
-3.3660818
-3.3629086
-3.4922352
-3.4935515
-3.4941185
-3.4933132
-3.4910606
-3.4872955
-3.4826936
-3.4783213
-3.4753865
-3.5883453
-3.5913033
-3.5933167
-3.5933864
-3.5920442
-3.5889895
-3.5850068
-3.5811075
-3.5784047
-3.6646424
-3.6688567
-3.6724499
-3.6733632
-3.6727
-3.6703757
-3.666966
-3.6634552
-3.6609056
-3.717168
-3.7219616
-3.7265847
-3.7282446
-3.728165
-3.726407
-3.7233139
-3.7200747
-3.7176826
-3.7455705
-3.7504952
-3.7556635
-3.757953
-3.7581392
-3.7566401
-3.7537547
-3.7507262
-3.7484927
-3.5836503
-3.5746754
-3.561609
-3.54921
-3.5424561
-3.5437622
-3.5509367
-3.5590153
-3.5640253
-3.5082208
-3.5006326
-3.491117
-3.4846399
-3.4867192
-3.4980709
-3.5133964
-3.5263459
-3.5330009
-3.3777546
-3.3746664
-3.3750929
-3.3836506
-3.402846
-3.4290792
-3.4546796
-3.473464
-3.4823775
-3.216265
-3.222115
-3.240502
-3.27102
-3.309115
-3.3479059
-3.3810837
-3.4048068
-3.4167057
-3.0526679
-3.0698226
-3.1068711
-3.1555021
-3.2081499
-3.2571783
-3.2968028
-3.3250365
-3.3395954
-2.9015246
-2.9277045
-2.9764294
-3.0365269
-3.1010365
-3.1602066
-3.2070919
-3.2400615
-3.2569738
-2.7653499
-2.7969781
-2.8536826
-2.9233456
-2.9976435
-3.06543
-3.119522
-3.1578484
-3.1777268
-2.6558729
-2.6915529
-2.7543551
-2.83101
-2.9123584
-2.9870687
-3.0473628
-3.0901196
-3.1122828
-2.5877154
-2.6261971
-2.6925283
-2.7734483
-2.8592979
-2.9383555
-3.0019585
-3.046999
-3.0708767
-2.5543343
-2.5942013
-2.662199
-2.7450685
-2.8329312
-2.9135494
-2.9789653
-3.0257925
-3.050791
-2.4825977
-2.5253052
-2.5969097
-2.6840545
-2.7764877
-2.8614586
-2.9307652
-2.9806151
-3.007003
-2.3565447
-2.4034493
-2.4808831
-2.5757427
-2.6764933
-2.7689995
-2.8448902
-2.899888
-2.9291258
-2.1933373
-2.2445215
-2.3287002
-2.432872
-2.5438629
-2.6464711
-2.7308101
-2.79177
-2.8251679
-2.0260417
-2.0820409
-2.1736666
-2.2877773
-2.4096257
-2.5228232
-2.615381
-2.6816742
-2.7186998
-1.9298881
-1.9899258
-2.0875177
-2.2080952
-2.3356888
-2.45378
-2.5501281
-2.6187492
-2.6572535
-1.9646662
-2.0240821
-2.1203288
-2.2384739
-2.3612663
-2.4726586
-2.5626362
-2.6261929
-2.6614222
-2.0574414
-2.1132351
-2.2034841
-2.3127928
-2.4239901
-2.5233777
-2.6022529
-2.6559406
-2.6845067
-2.1239203
-2.1761057
-2.2608945
-2.3631272
-2.4662373
-2.5563756
-2.624089
-2.6675337
-2.689719
-1.8847298
-1.9253757
-2.0016022
-2.1020715
-2.2174486
-2.329912
-2.42609
-2.4979626
-2.536946
-1.7644159
-1.8111875
-1.8962691
-2.0039769
-2.1260732
-2.2450977
-2.3465901
-2.4226215
-2.4638567
-1.5662482
-1.6195774
-1.7147515
-1.834734
-1.968484
-2.0979643
-2.2081935
-2.2906815
-2.3357079
-1.3142354
-1.3754917
-1.4809202
-1.6149352
-1.7630389
-1.9063008
-2.0286433
-2.1196583
-2.169856
-1.0461592
-1.1140323
-1.230303
-1.3811456
-1.5469414
-1.7060211
-1.8423401
-1.9427574
-1.9992612
-0.86122334
-0.93909681
-1.065968
-1.2287425
-1.4096711
-1.5836627
-1.7303908
-1.8386914
-1.900623
-0.84295419
-0.93126918
-1.0728236
-1.2463038
-1.4334118
-1.6117591
-1.7652467
-1.8725746
-1.9359253
-0.96062488
-1.0500855
-1.1932316
-1.3649164
-1.5516991
-1.720473
-1.8712971
-1.9728263
-2.0304766
-1.0703863
-1.1586624
-1.2966204
-1.4616666
-1.6432001
-1.8018545
-1.9402143
-2.0445128
-2.098295
-3.31304
-3.3066527
-3.2949496
-3.2777623
-3.2562439
-3.2326734
-3.2100136
-3.1915332
-3.1801665
-3.2781332
-3.271475
-3.259257
-3.2415161
-3.2194417
-3.1953077
-3.1722245
-3.1534543
-3.1418567
-3.2169763
-3.209711
-3.1966199
-3.1780605
-3.1551575
-3.1301268
-3.1062541
-3.0869615
-3.0750946
-3.1322313
-3.1241775
-3.1100224
-3.0903023
-3.0663026
-3.0403007
-3.0155568
-2.995572
-2.9834331
-3.0273815
-3.0188234
-3.00362
-2.9824817
-2.9572216
-2.9301735
-2.9045266
-2.8838905
-2.8712415
-2.9038698
-2.8946142
-2.878179
-2.8555099
-2.8286345
-2.8000452
-2.7730935
-2.7516246
-2.7386013
-2.7677494
-2.7574908
-2.7392653
-2.7145642
-2.6854405
-2.6546721
-2.6259364
-2.6031256
-2.5896538
-2.6402061
-2.6287241
-2.6087513
-2.5819386
-2.5504367
-2.51736
-2.4866343
-2.4623702
-2.448289
-2.5526596
-2.5404283
-2.5193674
-2.4911271
-2.4578911
-2.4231347
-2.3910068
-2.3656212
-2.350964
1.1433673
1.1452714
1.1491331
1.1542805
1.1602105
1.1659755
1.1709113
1.1747467
1.1770634
1.2594857
1.2608045
1.2636979
1.2674006
1.2715874
1.2756964
1.2792958
1.2822109
1.2840117
1.4473039
1.4474164
1.4483304
1.4496028
1.4512575
1.4529694
1.4544682
1.4558136
1.4566951
1.6765559
1.6754078
1.6739448
1.6721291
1.6702609
1.6685315
1.6671429
1.6663112
1.6659231
1.9068476
1.9049371
1.9020073
1.8981083
1.8936752
1.8891796
1.8851376
1.8821556
1.8804836
2.1059712
2.1034788
2.0994498
2.0941349
2.0880838
2.081923
2.0763242
2.0720462
2.0695673
2.2581931
2.2552959
2.2504826
2.2440984
2.2367828
2.2292655
2.2223967
2.2171392
2.2140861
2.3590496
2.3559604
2.3507672
2.3438573
2.3359006
2.3276324
2.3199618
2.3139942
2.3104815
2.4121074
2.4088942
2.4034892
2.3963339
2.3880855
2.3795137
2.3715705
2.3653474
2.3616498
2.4359047
2.4326261
2.427126
2.419847
2.4114506
2.4027127
2.3946112
2.3882776
2.3845197
2.4818233
2.4784332
2.4727138
2.4651419
2.4564368
2.4474156
2.439059
2.4325038
2.4286044
2.5483182
2.544739
2.5386934
2.5307098
2.5215442
2.5120821
2.5033529
2.4964921
2.4923939
2.6148705
2.6110804
2.6046628
2.5961889
2.5864753
2.5764989
2.5673505
2.560167
2.5558698
2.6636068
2.6596486
2.6529131
2.6440115
2.6338104
2.6233644
2.6138356
2.6063686
2.6019
2.6860172
2.6819651
2.6750487
2.665902
2.6554168
2.6446803
2.6348976
2.6272277
2.6226299
2.684955
2.6808904
2.6739349
2.6647217
2.6541444
2.6432967
2.6334055
2.6256376
2.6209682
2.6713844
2.6673411
2.6604164
2.6512355
2.6406866
2.6298509
2.6199555
2.6121721
2.6074845
2.6583702
2.6543484
2.6474579
2.6383171
2.6278153
2.6170264
2.6071657
2.5993994
2.5947162
2.4807503
2.4778888
2.4731521
2.4669648
2.4599119
2.4526668
2.4459391
2.4406336
2.4374813
2.5291989
2.5261838
2.521147
2.514538
2.5070021
2.499312
2.4922566
2.4867296
2.483452
2.5993063
2.5960835
2.5906557
2.5835203
2.5753686
2.5670587
2.5594774
2.5535521
2.5500421
2.6691048
2.6657004
2.6599355
2.6523436
2.6436646
2.634811
2.6267466
2.6204437
2.6167003
2.7197105
2.7162424
2.7103285
2.702513
2.6935475
2.6843648
2.6759932
2.6694358
2.6655174
2.742503
2.739059
2.7331657
2.7253504
2.7163556
2.7071037
2.6986374
2.6919744
2.6879696
2.7408732
2.737506
2.7317248
2.7240252
2.7151354
2.7059654
2.6975549
2.6909156
2.6869094
2.7264093
2.7231316
2.7174936
2.7099606
2.7012356
2.6922027
2.6838888
2.6773072
2.6733269
2.7127217
2.7094971
2.7039509
2.696537
2.6879359
2.6790124
2.6707846
2.6642569
2.6603013
1.2835944
1.285258
1.2885442
1.2922955
1.296133
1.2991945
1.3014361
1.3029443
1.3036718
1.3651695
1.3663149
1.3687618
1.3714044
1.3740018
1.3758713
1.3770787
1.3778163
1.3780953
1.4968767
1.4971718
1.4981919
1.4989855
1.4995151
1.4993941
1.4988869
1.4983332
1.4978498
1.655754
1.6550666
1.6543436
1.652964
1.6510931
1.6485823
1.6459424
1.6437416
1.6422911
1.8171451
1.8153301
1.8126819
1.8088645
1.8043149
1.7992475
1.7944015
1.7905282
1.7881044
1.959878
1.9570742
1.9526534
1.9465551
1.9394599
1.9319165
1.9249137
1.9194057
1.9160372
2.0697241
2.0661934
2.0604844
2.0527557
2.0438155
2.0344228
2.0257474
2.0189262
2.0147809
2.1429217
2.1388326
2.132163
2.1232434
2.1130171
2.1024155
2.0926885
2.0850484
2.080421
2.1818689
2.1774496
2.170184
2.1605206
2.1495055
2.1381793
2.1278469
2.1197575
2.114877
2.1993749
2.1948063
2.1872777
2.1772808
2.1658896
2.1542021
2.143567
2.1352573
2.1302511
2.2332176
2.2283595
2.2203177
2.2096698
2.1975517
2.1851519
2.1738947
2.1651162
2.1598416
2.2822712
2.2770331
2.2682815
2.25669
2.2434796
2.2299907
2.217762
2.2082327
2.2025216
2.3301604
2.3245882
2.3152108
2.3028158
2.2886627
2.2741928
2.2610435
2.2507684
2.2446092
2.3633507
2.3574243
2.3474172
2.3342693
2.3193268
2.304128
2.2903491
2.2795816
2.2731295
2.3761645
2.3699762
2.3594708
2.3456846
2.3300323
2.3141664
2.2998414
2.288682
2.2820128
2.3708127
2.3645235
2.3538052
2.3397348
2.3237324
2.3074949
2.2928279
2.2813993
2.2745724
2.3562782
2.3499607
2.3391734
2.3250225
2.3089342
2.2926167
2.2778788
2.2663864
2.2595169
2.3436024
2.3372873
2.3264885
2.3123193
2.2962099
2.2798815
2.2651482
2.2536658
2.2468033
2.2650474
2.2608715
2.2539883
2.244825
2.234354
2.22361
2.2138383
2.206223
2.2016552
2.3025621
2.298193
2.2909517
2.2813169
2.2702749
2.2589167
2.248561
2.240476
2.2356277
2.3565506
2.3518474
2.3440175
2.3336694
2.3218601
2.3097543
2.2987053
2.2900467
2.2848453
2.4103496
2.4052169
2.3966156
2.3853156
2.3724922
2.3594549
2.3476362
2.338407
2.3328769
2.4491498
2.4436955
2.4344818
2.4223723
2.4086097
2.3946287
2.3819781
2.3721175
2.3662234
2.4653561
2.4597197
2.4501502
2.4375788
2.4232776
2.4087397
2.3955751
2.3852972
2.3791475
2.4615297
2.4558122
2.4460702
2.4332709
2.4187071
2.4039131
2.390532
2.380087
2.373836
2.4473652
2.4416512
2.4318881
2.4190456
2.404413
2.3895403
2.3760919
2.3655943
2.3593109
2.4344926
2.4288001
2.4190672
2.4062627
2.3916658
2.3768225
2.363397
2.3529115
2.3466312
-2.4491741
-2.4492714
-2.4493977
-2.4494869
-2.4494848
-2.4493678
-2.4491715
-2.4489678
-2.4488211
-2.4873429
-2.487518
-2.4877825
-2.4880535
-2.4882603
-2.4883483
-2.4883275
-2.4882574
-2.4881839
-2.5547966
-2.5551178
-2.5556274
-2.5562196
-2.5567827
-2.5572153
-2.5574979
-2.5576656
-2.5577327
-2.6471631
-2.6476863
-2.6485368
-2.6495752
-2.6506386
-2.6515573
-2.652258
-2.6527429
-2.6529952
-2.755166
-2.7559347
-2.757201
-2.7587588
-2.7603946
-2.7619049
-2.7631384
-2.7640179
-2.7644936
-2.8652088
-2.8662561
-2.8679736
-2.8700879
-2.8723393
-2.8744736
-2.8762556
-2.877562
-2.8782954
-2.9627915
-2.9640786
-2.9661963
-2.968828
-2.9716734
-2.9744137
-2.9767196
-2.978414
-2.9793829
-3.0362917
-3.0377503
-3.0401632
-3.043182
-3.0464567
-3.0496316
-3.0523447
-3.054369
-3.0555429
-3.078826
-3.0803884
-3.0829702
-3.086206
-3.0897296
-3.0931522
-3.0960814
-3.0982794
-3.0995636
-3.0990249
-3.100647
-3.1033199
-3.1066509
-3.1102749
-3.1138131
-3.1168605
-3.119149
-3.1204814
-3.1399992
-3.1417229
-3.1445762
-3.1481592
-3.1520351
-3.1557808
-3.1590178
-3.1614745
-3.162915
-3.2065374
-3.2083906
-3.2114716
-3.2153785
-3.2196336
-3.2237539
-3.2273205
-3.2300334
-3.2316328
-3.2878812
-3.2899058
-3.2932629
-3.2974965
-3.3021093
-3.3066049
-3.3105233
-3.3135267
-3.3153089
-3.3719002
-3.374098
-3.3777481
-3.382368
-3.3873892
-3.3922517
-3.3964803
-3.3997366
-3.4016796
-3.4478981
-3.4502591
-3.4541714
-3.4591045
-3.4644941
-3.4697771
-3.4743851
-3.4779155
-3.4800115
-3.5080652
-3.510624
-3.5148661
-3.5202006
-3.5259604
-3.531548
-3.5364301
-3.5401996
-3.5424493
-3.5490458
-3.5517404
-3.5562235
-3.5618995
-3.5680805
-3.5740764
-3.5792582
-3.5832094
-3.5855459
-3.5711672
-3.5739365
-3.5785502
-3.5843754
-3.5907184
-3.5969564
-3.6024036
-3.6065534
-3.6090032
-3.5812748
-3.584081
-3.588746
-3.5946812
-3.6011465
-3.6074367
-3.6129531
-3.6171889
-3.619695
-3.6007223
-3.6036538
-3.6085145
-3.6146478
-3.6213217
-3.6278223
-3.6334885
-3.6378448
-3.6404308
-3.6292624
-3.632395
-3.6375982
-3.6441575
-3.6512665
-3.658191
-3.6642151
-3.668804
-3.6715177
-3.6579219
-3.6613764
-3.6670962
-3.6743165
-3.6821591
-3.6897712
-3.6963784
-3.7014085
-3.7043661
-3.6781794
-3.6820545
-3.6884955
-3.6966235
-3.7054508
-3.7140576
-3.7215071
-3.727133
-3.73044
-3.6858231
-3.6901183
-3.6972672
-3.7063614
-3.7163194
-3.72605
-3.7345044
-3.7408908
-3.7446193
-3.6815978
-3.6864106
-3.6943994
-3.7044675
-3.7154473
-3.7262569
-3.7356623
-3.7427705
-3.7469483
-3.6708421
-3.6760732
-3.684806
-3.6959233
-3.7080024
-3.7197339
-3.7299755
-3.7377104
-3.7422083
-3.6614119
-3.6669309
-3.6760904
-3.6877404
-3.7006056
-3.7131323
-3.7238309
-3.7320225
-3.7368494
-3.6560492
-3.6617618
-3.6712156
-3.6831467
-3.6962347
-3.7091764
-3.7203442
-3.7286449
-3.7335574
-3.6426782
-3.6488276
-3.6590115
-3.6717854
-3.6855918
-3.6991726
-3.7110925
-3.7200597
-3.725267
-3.6140651
-3.6209132
-3.6323311
-3.6467829
-3.6624808
-3.677728
-3.6909746
-3.7012061
-3.7073332
-3.5664008
-3.5740645
-3.5869597
-3.6035662
-3.6220271
-3.6405913
-3.6571686
-3.6700356
-3.6777925
-3.4989352
-3.5078929
-3.523045
-3.542644
-3.5651079
-3.5890152
-3.6119384
-3.6311009
-3.6431066
-3.4153922
-3.4265877
-3.445713
-3.4712403
-3.5021415
-3.5367325
-3.5711678
-3.6003499
-3.6185681
-3.3284474
-3.3429919
-3.3686752
-3.404815
-3.4505203
-3.5016751
-3.5503829
-3.5885695
-3.6104927
-3.257749
-3.2764973
-3.3106491
-3.359856
-3.4223433
-3.4880658
-3.5447487
-3.5846244
-3.6054771
-3.2163456
-3.2387881
-3.2795569
-3.3388509
-3.4123955
-3.4843608
-3.5416782
-3.5788275
-3.5969455
-2.4241149
-2.4232221
-2.4216681
-2.4195849
-2.4171612
-2.4146222
-2.4122776
-2.4099297
-2.4078998
-2.4662807
-2.46544
-2.4639667
-2.4619951
-2.4596976
-2.4572778
-2.4550456
-2.4528099
-2.4508725
-2.5407695
-2.5400233
-2.5387072
-2.5369389
-2.5348643
-2.5326731
-2.5306393
-2.5285891
-2.5268072
-2.6428272
-2.6422097
-2.641105
-2.639609
-2.6378496
-2.6359717
-2.6342061
-2.6324079
-2.630836
-2.7625225
-2.7620553
-2.761194
-2.7600277
-2.7586241
-2.7570906
-2.7556331
-2.7541322
-2.7528125
-2.8854844
-2.8851792
-2.8845879
-2.8837492
-2.8827148
-2.8815574
-2.8803866
-2.8791519
-2.8780776
-2.9960367
-2.9958859
-2.995534
-2.9950273
-2.9943372
-2.993458
-2.992517
-2.9915271
-2.9906748
-3.0806081
-3.0805962
-3.0804891
-3.0802655
-3.0798257
-3.0791921
-3.0784329
-3.0776079
-3.0769258
-3.1301442
-3.130245
-3.1303119
-3.1302571
-3.1300132
-3.1295682
-3.1288999
-3.1281638
-3.1275907
-3.1538044
-3.1539686
-3.1541278
-3.1541827
-3.1540508
-3.1536704
-3.1530555
-3.1523857
-3.1518585
-3.2020702
-3.2023914
-3.2027453
-3.2030434
-3.2032353
-3.2030711
-3.2025798
-3.2020314
-3.2016092
-3.2807572
-3.281373
-3.2821269
-3.283012
-3.2836858
-3.2838799
-3.283815
-3.2836819
-3.2835707
-3.3757726
-3.376835
-3.3782661
-3.3800161
-3.3814389
-3.3825806
-3.3838071
-3.3848541
-3.3854465
-3.4710052
-3.4724828
-3.4743001
-3.4764465
-3.4786263
-3.4809024
-3.4846866
-3.4888006
-3.4912028
-3.5546966
-3.5560167
-3.5574054
-3.559039
-3.5616565
-3.5658235
-3.5734419
-3.5815731
-3.5862888
-3.6193198
-3.6199952
-3.6209348
-3.6225096
-3.6269537
-3.635124
-3.6462473
-3.6563801
-3.6621053
-3.6621658
-3.6625307
-3.6639738
-3.6672156
-3.674742
-3.6861907
-3.6986292
-3.7088603
-3.7145833
-3.6850501
-3.685618
-3.6879665
-3.6930016
-3.7025229
-3.7150892
-3.7275757
-3.7375014
-3.7430313
-3.1486789
-3.1492214
-3.1499957
-3.1508985
-3.1518367
-3.1526103
-3.1531496
-3.1535247
-3.1537157
-3.194864
-3.1955443
-3.1965617
-3.197786
-3.1990237
-3.2001202
-3.2010225
-3.2016181
-3.2019103
-3.2694936
-3.2704349
-3.271896
-3.2736898
-3.2755788
-3.2772986
-3.2787504
-3.2798285
-3.2804214
-3.3595957
-3.3608187
-3.362778
-3.3652599
-3.3679889
-3.3705391
-3.3726496
-3.3742622
-3.375208
-3.4514253
-3.4528638
-3.4552298
-3.4582566
-3.4615545
-3.4647361
-3.4673903
-3.4692473
-3.4703129
-3.534198
-3.5358656
-3.5384903
-3.5417811
-3.5453836
-3.5487101
-3.551327
-3.5531162
-3.554116
-3.6005749
-3.6023939
-3.6052481
-3.6088046
-3.6122966
-3.6151587
-3.6172261
-3.6184518
-3.6190745
-3.6466493
-3.648554
-3.6515546
-3.6551866
-3.6582598
-3.6603532
-3.6615676
-3.6619751
-3.6621698
-3.6718861
-3.6738001
-3.67674
-3.6801697
-3.6829224
-3.6844581
-3.6849692
-3.6849302
-3.6850378
-3.6957262
-3.6965407
-3.699402
-3.7053057
-3.7156978
-3.7286114
-3.7409872
-3.7506749
-3.7560592
-3.7170714
-3.718617
-3.7228687
-3.7305569
-3.7421689
-3.7551686
-3.7670815
-3.7762812
-3.7813901
-3.7522166
-3.7552376
-3.7616907
-3.771338
-3.7834866
-3.7957196
-3.8065422
-3.8148139
-3.8194104
-3.7964029
-3.8005121
-3.8080332
-3.8178813
-3.8289648
-3.8395633
-3.8487325
-3.8556036
-3.8593995
-3.8394855
-3.8434938
-3.8503469
-3.8587595
-3.8677749
-3.8761289
-3.8831656
-3.8883199
-3.8911359
-3.8713837
-3.8747149
-3.880176
-3.8866053
-3.8932456
-3.8992089
-3.903988
-3.9072761
-3.9089914
-3.8891997
-3.8916332
-3.8955158
-3.9000082
-3.9044191
-3.9079766
-3.910315
-3.9115636
-3.9121087
-3.8957858
-3.8975353
-3.9002339
-3.9031081
-3.905287
-3.9063248
-3.906475
-3.9062518
-3.9061516
-3.8966768
-3.898006
-3.8998405
-3.9013403
-3.9017991
-3.9013853
-3.9006725
-3.9001592
-3.9001342
-3.8964973
-3.8975295
-3.8987881
-3.8994046
-3.8989588
-3.8980235
-3.8971928
-3.8968827
-3.8971172
-3.8935881
-3.8937391
-3.8934808
-3.8923354
-3.89056
-3.8892228
-3.8889467
-3.8895372
-3.8903476
-3.8794878
-3.8780548
-3.8757711
-3.8733194
-3.8718585
-3.8724586
-3.8746738
-3.8769416
-3.8782629
-3.8444817
-3.843021
-3.841746
-3.8422952
-3.845587
-3.8505229
-3.8553278
-3.8587355
-3.8601953
-3.7996161
-3.8007555
-3.8041384
-3.810003
-3.8175305
-3.8244949
-3.8302686
-3.8342451
-3.835701
-3.7597097
-3.7627397
-3.7695259
-3.7780147
-3.7867633
-3.7945681
-3.8010624
-3.8049948
-3.806086
-3.7242225
-3.7280818
-3.736161
-3.7456446
-3.7556887
-3.7647483
-3.7712449
-3.7746377
-3.7751499
-3.6957862
-3.7003196
-3.7089267
-3.7191824
-3.7298311
-3.7390493
-3.7455706
-3.7483573
-3.747768
-3.6781362
-3.6828525
-3.691766
-3.7025405
-3.7131181
-3.7227491
-3.7293282
-3.7311007
-3.7298249
-3.8655435
-3.8683075
-3.8729878
-3.8786278
-3.8839974
-3.8885067
-3.8920848
-3.8945803
-3.8959165
-3.8689194
-3.8713632
-3.875211
-3.8795909
-3.8839588
-3.8879471
-3.890962
-3.8926597
-3.8933672
-3.868676
-3.8706676
-3.8737134
-3.8771982
-3.8803097
-3.8822089
-3.8822888
-3.8810723
-3.8800558
-3.8612483
-3.8621876
-3.8631537
-3.8630166
-3.8606873
-3.8563688
-3.8513157
-3.8471607
-3.8452269
-3.8303468
-3.8278103
-3.8229386
-3.8156892
-3.8074466
-3.801234
-3.7985919
-3.7984473
-3.7992185
-3.7584293
-3.7535705
-3.7469576
-3.7414795
-3.7400125
-3.7435067
-3.7497245
-3.755493
-3.7587041
-3.6742711
-3.672297
-3.6720986
-3.6769902
-3.6874966
-3.7001458
-3.7113255
-3.7192871
-3.7230351
-3.6139682
-3.6159029
-3.6225415
-3.6347959
-3.650816
-3.6668219
-3.680273
-3.6897222
-3.6941551
-3.5807929
-3.5848475
-3.5955771
-3.6114676
-3.6297049
-3.6471552
-3.6615892
-3.6716174
-3.6763523
-3.6546913
-3.6567832
-3.660332
-3.6647953
-3.6694334
-3.6739702
-3.6779078
-3.6807722
-3.6825164
-3.6767911
-3.6789876
-3.6825868
-3.6871493
-3.6920574
-3.6967224
-3.7007352
-3.7036549
-3.7053159
-3.7101838
-3.71253
-3.7163837
-3.7211604
-3.726278
-3.7311092
-3.7350644
-3.7378968
-3.7394986
-3.7462649
-3.7488022
-3.7529125
-3.758048
-3.7633645
-3.7681277
-3.7719499
-3.7744869
-3.7757711
-3.7762458
-3.7790316
-3.7835783
-3.7891126
-3.7946569
-3.799402
-3.8027825
-3.804849
-3.8059208
-3.795802
-3.798706
-3.8035111
-3.8096266
-3.8156868
-3.8207604
-3.8245288
-3.8267411
-3.8281184
-3.8049984
-3.8085168
-3.8141113
-3.8209874
-3.8284215
-3.8345886
-3.8393386
-3.8433898
-3.8456215
-3.807838
-3.8120079
-3.8192843
-3.8277156
-3.8359858
-3.8436434
-3.8493609
-3.854261
-3.8572974
-3.8090933
-3.8137625
-3.8216965
-3.8311158
-3.8400869
-3.848348
-3.8547013
-3.8591799
-3.8620707
-3.8095791
-3.8145148
-3.8228561
-3.8327472
-3.8418847
-3.8501764
-3.8568929
-3.8614996
-3.8642383
-3.8104102
-3.8160376
-3.8252924
-3.8359297
-3.8453283
-3.8534563
-3.8603338
-3.8650976
-3.867719
-3.813004
-3.8193264
-3.8289835
-3.8395514
-3.8487106
-3.8558893
-3.8614493
-3.8654044
-3.8676391
-3.8149021
-3.8207115
-3.8289694
-3.8375648
-3.8452348
-3.851488
-3.8561387
-3.8591128
-3.8606295
-3.8079091
-3.8124888
-3.8188446
-3.8253059
-3.8306372
-3.8338546
-3.8342787
-3.8327096
-3.831251
-3.7868924
-3.789395
-3.7920746
-3.7929434
-3.7901224
-3.7833562
-3.7741611
-3.7655069
-3.7606591
-3.7429236
-3.7409621
-3.7359243
-3.726153
-3.7122216
-3.697755
-3.6859762
-3.6783359
-3.6753381
-3.6763492
-3.6694588
-3.6574481
-3.6415348
-3.6256858
-3.6153284
-3.611414
-3.6115372
-3.6132083
-3.6174665
-3.6084559
-3.5947255
-3.5803684
-3.5699704
-3.5667874
-3.5698053
-3.5751652
-3.5792848
-3.7358879
-3.7406184
-3.748577
-3.7588008
-3.7702924
-3.7822295
-3.7933299
-3.8020118
-3.8071178
-3.727745
-3.7328282
-3.7413854
-3.7524974
-3.7653957
-3.7789882
-3.7916581
-3.8016961
-3.8076028
-3.7102122
-3.716089
-3.7261488
-3.7396722
-3.7558728
-3.7733486
-3.7898021
-3.8025409
-3.809743
-3.6815055
-3.6893266
-3.7032746
-3.7225912
-3.7460627
-3.770372
-3.7907811
-3.8046433
-3.8117995
-3.6489135
-3.6610577
-3.6824077
-3.7110436
-3.7422094
-3.7693526
-3.7883609
-3.7997855
-3.8054318
-3.6274537
-3.6450335
-3.6733662
-3.706865
-3.7373246
-3.7598414
-3.7737991
-3.7815979
-3.7853325
-3.620658
-3.6399158
-3.667956
-3.6971586
-3.7199814
-3.7344651
-3.7412519
-3.7431944
-3.7433038
-3.614612
-3.6312666
-3.6534961
-3.6744305
-3.6877603
-3.6921639
-3.6897528
-3.6836764
-3.6790408
-3.6045057
-3.6181558
-3.6351
-3.6483497
-3.654671
-3.6520501
-3.6417191
-3.6291848
-3.6213563
-3.8973658
-3.897976
-3.8987923
-3.8995956
-3.8987797
-3.8961566
-3.8928453
-3.8896435
-3.8876303
-3.8908406
-3.8917171
-3.8929463
-3.8935044
-3.8919688
-3.8883578
-3.8836133
-3.8792928
-3.8765953
-3.8787893
-3.8797887
-3.8813275
-3.8813454
-3.8785053
-3.8735119
-3.8671722
-3.8613235
-3.8575351
-3.8606553
-3.8618015
-3.862782
-3.8614258
-3.8569703
-3.8502786
-3.8425822
-3.835615
-3.8309511
-3.8361232
-3.8369232
-3.8368269
-3.8334963
-3.827126
-3.81877
-3.8094518
-3.8012539
-3.7958162
-3.8062718
-3.8063845
-3.8046359
-3.7995035
-3.7914093
-3.7812752
-3.7704234
-3.7608374
-3.7545744
-3.7748722
-3.7737695
-3.7704195
-3.7639845
-3.7545673
-3.7429017
-3.7304779
-3.7198559
-3.7131549
-3.7468247
-3.7449599
-3.740839
-3.7332607
-3.7228957
-3.7099792
-3.696362
-3.6850781
-3.6778763
-3.7287204
-3.7267447
-3.7218825
-3.7137538
-3.7026842
-3.6889452
-3.6749238
-3.6631511
-3.6555598
-3.1979463
-3.2225895
-3.266946
-3.3318716
-3.4108441
-3.4837515
-3.5382681
-3.5724435
-3.588848
-3.1614345
-3.1912412
-3.2431877
-3.3176215
-3.4021099
-3.4743103
-3.5238011
-3.5522187
-3.5651526
-3.104852
-3.144254
-3.2117196
-3.2981751
-3.3819844
-3.4430297
-3.4765301
-3.4900294
-3.4936408
-3.0591217
-3.1071155
-3.1792383
-3.2519255
-3.3026083
-3.3233582
-3.3188845
-3.304052
-3.293732
-2.9729949
-3.0013632
-3.0327835
-3.0466673
-3.0356849
-3.0083705
-2.9759406
-2.9494665
-2.9379787
-2.6698373
-2.6639562
-2.6475857
-2.6174924
-2.583225
-2.560623
-2.5507273
-2.5480141
-2.5510869
-2.1787439
-2.1631914
-2.1432344
-2.1277112
-2.1301653
-2.160275
-2.2050352
-2.2405965
-2.2568421
-1.743234
-1.7391514
-1.7448809
-1.772358
-1.8208532
-1.8862517
-1.9621755
-2.0232041
-2.0496482
-1.4943741
-1.4990662
-1.5223517
-1.5779298
-1.6552692
-1.7382431
-1.82566
-1.8955037
-1.9271856
-1.3828202
-1.3904284
-1.4196634
-1.4863683
-1.5785455
-1.6702452
-1.7604441
-1.8346499
-1.870299
-1.1590679
-1.1757519
-1.2206979
-1.3043623
-1.4173423
-1.5286804
-1.6288558
-1.7072048
-1.7471178
-0.80825624
-0.84246045
-0.91826938
-1.0238234
-1.1535436
-1.2889225
-1.4089773
-1.4987627
-1.5453194
-0.41196157
-0.4604962
-0.55609945
-0.68435759
-0.83417887
-0.98809728
-1.1265759
-1.2317532
-1.2882189
-0.037462057
-0.097487033
-0.20335203
-0.34197642
-0.50589223
-0.67654062
-0.83133901
-0.94976935
-1.015503
0.22284071
0.16395407
0.049808753
-0.10172119
-0.27461343
-0.45243551
-0.61616444
-0.74508905
-0.8230747
0.30055818
0.23651642
0.12600127
-0.027902324
-0.21464629
-0.4069756
-0.58314426
-0.72042662
-0.80175197
0.24445938
0.17729998
0.063258838
-0.096442439
-0.29359635
-0.49890048
-0.68690052
-0.83283842
-0.9186751
0.1663697
0.099417709
-0.016475137
-0.18557609
-0.39160433
-0.60373214
-0.79617877
-0.94199659
-1.0273652
0.096626389
0.026238233
-0.10103424
-0.28352317
-0.49763666
-0.71449084
-0.90614444
-1.0528418
-1.1385579
-0.19945944
-0.28398207
-0.43167808
-0.62706491
-0.84629347
-1.0614024
-1.2480655
-1.385551
-1.4605183
-0.89157593
-0.97766561
-1.1199425
-1.3004217
-1.4952246
-1.6777532
-1.8303467
-1.9336905
-1.9865373
-1.7624589
-1.8226577
-1.9233082
-2.0472813
-2.1653669
-2.2629471
-2.3317096
-2.3738427
-2.3945491
-2.268282
-2.2863569
-2.3093534
-2.3250005
-2.3259425
-2.3120011
-2.2895974
-2.2673589
-2.252825
-2.117104
-2.0983673
-2.0639933
-2.016768
-1.9619921
-1.907872
-1.8617683
-1.8287235
-1.810927
-1.6913316
-1.6706761
-1.6366439
-1.5957318
-1.55552
-1.5208619
-1.49374
-1.4745674
-1.4639341
-1.4094367
-1.3946496
-1.3714004
-1.3451583
-1.3181723
-1.2907736
-1.2641428
-1.242818
-1.2298646
-1.2663783
-1.2511503
-1.2281975
-1.2001686
-1.1685125
-1.1354614
-1.1054965
-1.0840595
-1.0707451
-1.1999479
-1.1878683
-1.167186
-1.1400112
-1.1093276
-1.0777377
-1.0489308
-1.0245794
-1.0093626
-1.0659086
-1.0531373
-1.0309953
-1.0027696
-0.97058445
-0.93682178
-0.90488331
-0.87957563
-0.86484325
-0.82371833
-0.81087786
-0.78848659
-0.75927794
-0.72591656
-0.69215499
-0.66267758
-0.6399997
-0.62649492
-0.48525777
-0.47363483
-0.45355033
-0.42787395
-0.39974531
-0.37239688
-0.34874646
-0.33106025
-0.32090038
-0.091322745
-0.082701236
-0.067602988
-0.048722902
-0.028310593
-0.0084878412
0.0084322034
0.021525536
0.029572899
0.29998988
0.30672024
0.31795928
0.33155634
0.34554092
0.35857799
0.36978107
0.37854199
0.3838911
0.63329918
0.63844731
0.64723137
0.65780863
0.66828118
0.67758234
0.68499857
0.69061335
0.69419952
0.87703423
0.8812012
0.8881739
0.8965358
0.90489747
0.91208112
0.91757041
0.92175185
0.92438603
1.0178032
1.0216251
1.0275
1.0342701
1.0408109
1.046587
1.0510999
1.0541149
1.0559101
-3.6692786
-3.6741793
-3.6834023
-3.694352
-3.7049115
-3.7148094
-3.7211269
-3.7223897
-3.7209862
-3.6503204
-3.6556627
-3.6653995
-3.6763364
-3.6873143
-3.6975499
-3.7029891
-3.7034978
-3.7017781
-3.6169618
-3.6227653
-3.6328761
-3.6445374
-3.6564517
-3.6661687
-3.6701816
-3.6693244
-3.6666534
-3.5704822
-3.5767601
-3.5876182
-3.6003887
-3.6129177
-3.621648
-3.6231881
-3.6199315
-3.6163195
-3.5146383
-3.5217766
-3.5334844
-3.5462594
-3.5593957
-3.5662141
-3.5638776
-3.5585879
-3.5543691
-3.4546836
-3.4623704
-3.4746474
-3.4885383
-3.5008515
-3.5034386
-3.4979267
-3.4913134
-3.4861695
-3.397124
-3.4054322
-3.4191069
-3.433837
-3.4430486
-3.4415876
-3.4334204
-3.4254902
-3.4199941
-3.3513677
-3.3603764
-3.3742458
-3.3881473
-3.3949599
-3.3900421
-3.3799389
-3.371596
-3.3658977
-3.3233767
-3.3324272
-3.346055
-3.3598504
-3.364733
-3.3577157
-3.3471379
-3.3384097
-3.332438
-3.3095189
-3.3186449
-3.3323375
-3.3459168
-3.3496985
-3.3419087
-3.3311273
-3.3221813
-3.3161244
-3.2790279
-3.2887102
-3.3030202
-3.3159201
-3.3172363
-3.3081784
-3.2971353
-3.2876614
-3.2813151
-3.2276003
-3.2379486
-3.2522177
-3.2621877
-3.2595778
-3.2491466
-3.2375218
-3.2271081
-3.2203711
-3.1590592
-3.1694715
-3.1816925
-3.1859676
-3.1791974
-3.1674556
-3.1545953
-3.1431281
-3.135947
-3.080599
-3.08781
-3.0931715
-3.0902105
-3.0803035
-3.0667859
-3.0520347
-3.0394675
-3.0314631
-2.9916263
-2.9920201
-2.988126
-2.9788675
-2.9655317
-2.9487466
-2.9314005
-2.9171194
-2.9082676
-2.886261
-2.8815092
-2.872175
-2.8583667
-2.8400582
-2.8190181
-2.7986518
-2.7822262
-2.7725124
-2.7826855
-2.7757688
-2.7631564
-2.7449102
-2.7221618
-2.6976246
-2.6745446
-2.656169
-2.6455074
-2.7113228
-2.7029707
-2.6878127
-2.66664
-2.6412778
-2.6145241
-2.5896313
-2.5697727
-2.5583021
-3.0617549
-3.0855521
-3.1237273
-3.1670791
-3.2097284
-3.2462432
-3.2749135
-3.2951464
-3.3051469
-3.018705
-3.0442419
-3.0847986
-3.1305708
-3.1752765
-3.2139292
-3.243895
-3.2643756
-3.2744157
-2.9423667
-2.9707064
-3.0150472
-3.0654545
-3.1147475
-3.1573126
-3.1896652
-3.2114635
-3.2224765
-2.8404181
-2.8720251
-2.9221389
-2.9801836
-3.0360078
-3.0821665
-3.1170607
-3.1410489
-3.1535523
-2.7359221
-2.7710208
-2.8264859
-2.8907879
-2.9527204
-3.0038921
-3.0413069
-3.0649976
-3.0761934
-2.6751512
-2.711295
-2.7677652
-2.8326457
-2.8938826
-2.9417103
-2.9718212
-2.9860411
-2.9905221
-2.6776353
-2.7099903
-2.7596028
-2.8141387
-2.8597134
-2.8861776
-2.8937954
-2.8915376
-2.8882212
-2.6972883
-2.7221883
-2.7581547
-2.7922062
-2.8113348
-2.8118863
-2.8021173
-2.7918604
-2.785776
-2.6994073
-2.7177956
-2.7421429
-2.7594413
-2.7601844
-2.7484002
-2.7341886
-2.7222756
-2.7150305
-2.6654119
-2.6559422
-2.6391939
-2.6163108
-2.5892091
-2.5608587
-2.5345587
-2.5136361
-2.5016882
-2.5421641
-2.5307117
-2.5109985
-2.4844157
-2.4534067
-2.4213365
-2.3918907
-2.3689
-2.356006
-2.3016739
-2.28794
-2.2641998
-2.2323657
-2.1958244
-2.1587719
-2.1253569
-2.0997198
-2.0851377
-1.9410419
-1.9255722
-1.8989106
-1.864048
-1.8248527
-1.7857167
-1.7509322
-1.7245201
-1.7094913
-1.5204026
-1.5053706
-1.4796051
-1.4465588
-1.409762
-1.3732315
-1.3410702
-1.3167779
-1.302982
-1.13571
-1.1226139
-1.0999881
-1.0708729
-1.0383388
-1.0060629
-0.97772211
-0.95640263
-0.94422681
-0.83772475
-0.82598347
-0.80552359
-0.77933379
-0.75050858
-0.72231299
-0.69780376
-0.67942489
-0.66903073
-0.63474191
-0.62374244
-0.60456077
-0.58016574
-0.55350864
-0.52760312
-0.50513484
-0.48836377
-0.47895684
-0.51804312
-0.50747454
-0.48920744
-0.46585352
-0.44019441
-0.41520644
-0.39342132
-0.37717016
-0.36799564
-0.4612718
-0.45096151
-0.43312124
-0.41025446
-0.38515165
-0.36078241
-0.33958676
-0.32377074
-0.31472143
-0.34611817
-0.3363942
-0.31924396
-0.2973289
-0.27315095
-0.24967175
-0.22929022
-0.21393707
-0.20512782
-0.15177977
-0.14265058
-0.12649647
-0.10616536
-0.083746137
-0.062019425
-0.043247765
-0.029045687
-0.020915904
0.10039738
0.10852942
0.12305025
0.14135739
0.1614942
0.18081471
0.19735388
0.20975788
0.21685291
0.38104514
0.38791501
0.40035658
0.41587428
0.43284602
0.44902442
0.46285723
0.47328221
0.47924081
0.65551494
0.66107147
0.6712292
0.68382306
0.69754514
0.7104887
0.72145623
0.72968586
0.73438498
0.89257279
0.89685227
0.90481296
0.91468147
0.9254289
0.93543736
0.94384642
0.95014068
0.95370853
1.0684181
1.0718239
1.0782565
1.086046
1.0944058
1.1020901
1.1084984
1.1132943
1.1159895
1.169339
1.1722313
1.1777349
1.184398
1.1915047
1.1979166
1.2031602
1.2070235
1.2091933
-0.61857601
-0.60804226
-0.58954866
-0.56567292
-0.53973254
-0.51452261
-0.49228972
-0.47556496
-0.46593406
-0.49921764
-0.48883257
-0.47050704
-0.44731941
-0.42200601
-0.39744178
-0.37603078
-0.35981417
-0.35047082
-0.29476642
-0.28518618
-0.26826147
-0.24688095
-0.22309386
-0.19984204
-0.17974295
-0.16451237
-0.15577263
-0.02774293
-0.019037702
-0.0035111293
0.016054273
0.037477464
0.058082151
0.075798442
0.089156634
0.096859401
0.27219556
0.27954166
0.29282647
0.30946052
0.327742
0.34529601
0.36029671
0.37161547
0.37812575
0.56787631
0.5738143
0.58466478
0.59818581
0.61292257
0.62693802
0.63889035
0.64793938
0.65318085
0.82397686
0.82853873
0.83706177
0.84775172
0.85944941
0.87047716
0.87978297
0.88678644
0.89081702
1.0151158
1.0185784
1.0251932
1.0333893
1.0424236
1.0510289
1.0583338
1.0638819
1.0670726
1.1256038
1.1284324
1.1339292
1.1407478
1.1481585
1.1551061
1.1610134
1.1655462
1.1682048
-2.1854544
-2.2371773
-2.3184438
-2.4137976
-2.5078195
-2.5872815
-2.6449064
-2.6800799
-2.6969002
-2.3757502
-2.4158901
-2.4774082
-2.5453977
-2.6046031
-2.6453255
-2.6665719
-2.6738725
-2.6750986
-2.5501318
-2.5613372
-2.5740097
-2.5797735
-2.5734888
-2.5565175
-2.5347853
-2.515643
-2.5044031
-2.3915753
-2.377894
-2.3529061
-2.3187696
-2.2801323
-2.2425205
-2.2103405
-2.1866136
-2.1732368
-1.9794
-1.9637487
-1.9377431
-1.9053901
-1.8695854
-1.8332253
-1.7999912
-1.7741891
-1.7594901
-1.5759528
-1.5615441
-1.5353606
-1.4996577
-1.4589914
-1.4192745
-1.3858873
-1.3620065
-1.3487145
-1.227605
-1.2089249
-1.1784552
-1.1449862
-1.1131079
-1.0826482
-1.0560625
-1.0358508
-1.0239538
-0.96715435
-0.95591703
-0.93775556
-0.91563575
-0.89018108
-0.86201259
-0.83579822
-0.81663375
-0.80604932
-0.84996055
-0.84017562
-0.82252067
-0.79700575
-0.76526764
-0.73304401
-0.70676868
-0.6893131
-0.68004482
-0.78646901
-0.77665436
-0.7586525
-0.73337909
-0.70402606
-0.67543105
-0.65094149
-0.6331807
-0.62331697
-0.66314245
-0.65258692
-0.63309871
-0.60741294
-0.57949875
-0.55322824
-0.53070473
-0.51366092
-0.50382274
-0.44861496
-0.43800466
-0.41939847
-0.39627242
-0.37089767
-0.34598722
-0.32451646
-0.30832406
-0.2990024
-0.16595843
-0.15666904
-0.1400941
-0.11884662
-0.095478689
-0.073184571
-0.054191257
-0.039862829
-0.031558604
0.15562756
0.16359418
0.17788472
0.19560735
0.21489592
0.2336262
0.24974915
0.26194515
0.26902343
0.47511886
0.48114355
0.49222037
0.50636386
0.52202122
0.53704791
0.5498527
0.55960866
0.56533279
0.75514071
0.75934265
0.7673866
0.77775643
0.78933155
0.80056255
0.81024295
0.81767967
0.82206327
0.9653532
0.96841155
0.97428171
0.98154866
0.98966718
0.99775504
1.0048531
1.0104181
1.0137254
1.0861606
1.0883851
1.0928774
1.0988864
1.1057101
1.1121291
1.1175647
1.1218702
1.1244923
-1.0021479
-0.98587941
-0.95658597
-0.91650281
-0.87289025
-0.83819348
-0.81533692
-0.79985562
-0.79078735
-0.85768666
-0.84179329
-0.81418023
-0.77952702
-0.74486151
-0.71624127
-0.694179
-0.67756569
-0.66772781
-0.6203688
-0.60722089
-0.58500576
-0.55849131
-0.53095491
-0.50454812
-0.48134701
-0.46361529
-0.4533488
-0.31615591
-0.30585638
-0.28785979
-0.26479582
-0.23937695
-0.21502077
-0.19455575
-0.17916215
-0.17011239
0.033251811
0.041401455
0.05600962
0.074343011
0.094242604
0.11376829
0.13102056
0.14431834
0.15211419
0.38635916
0.39182242
0.4017951
0.41479963
0.42957973
0.44422429
0.45682896
0.46658595
0.47248251
0.69580282
0.69938797
0.7061494
0.71490044
0.72463569
0.73420398
0.74261266
0.74928925
0.7533646
0.92554516
0.92811905
0.9328003
0.93840874
0.94448816
0.95075054
0.95649834
0.96118431
0.96410742
1.0567342
1.05858
1.0618959
1.0661757
1.0711805
1.0760685
1.0800198
1.0831982
1.0852759
-0.037286488
-0.028921713
-0.014540874
0.0037639097
0.023759573
0.042976111
0.059612623
0.071920604
0.078898009
0.059405726
0.067230849
0.080860626
0.098128796
0.11706093
0.13522592
0.15092134
0.1626202
0.16925608
0.22113329
0.22816511
0.24065075
0.25621217
0.27323231
0.28949413
0.30343658
0.31387388
0.31977501
0.42778616
0.43383055
0.44459105
0.4579236
0.47245617
0.48614956
0.49773444
0.50631999
0.51113539
0.65317769
0.65797451
0.666742
0.67750263
0.68909423
0.69981448
0.70880503
0.71544576
0.71912761
0.86985971
0.87349897
0.88022706
0.88829483
0.89688408
0.90462402
0.91094895
0.91553469
0.91801996
1.0543294
1.0568599
1.0616733
1.0673258
1.0732422
1.078312
1.0822915
1.0851086
1.0865613
1.1898584
1.1915447
1.194929
1.1987463
1.2025832
1.2056238
1.2078637
1.2093503
1.2100126
1.2673482
1.268578
1.2711047
1.2738224
1.2764635
1.278346
1.2795435
1.2801962
1.2803802
-2.2799497
-2.2643084
-2.2373746
-2.2015459
-2.1600947
-2.1176493
-2.0792389
-2.0493755
-2.0324042
-2.1165499
-2.100093
-2.0720217
-2.0347203
-1.9920727
-1.9490282
-1.9104269
-1.8807889
-1.864181
-1.8306211
-1.8138595
-1.7852444
-1.7475412
-1.7050358
-1.6626423
-1.6249478
-1.5962975
-1.5800214
-1.459974
-1.443898
-1.4163825
-1.3806395
-1.3406822
-1.3010111
-1.2659462
-1.239392
-1.2242598
-1.0759601
-1.0615686
-1.0369407
-1.0054321
-0.97051802
-0.93607699
-0.9059358
-0.8832938
-0.87043141
-0.74781619
-0.73572127
-0.71498506
-0.68864251
-0.65960977
-0.63112364
-0.60637828
-0.58791345
-0.57743974
-0.50082717
-0.49045984
-0.47249279
-0.44962876
-0.42448311
-0.39990944
-0.37863314
-0.36276145
-0.3538118
-0.32444842
-0.31477669
-0.29790369
-0.27647593
-0.25302794
-0.23025082
-0.21046502
-0.1957161
-0.18745243
-0.21880672
-0.20949294
-0.19335376
-0.17282452
-0.15041025
-0.12874035
-0.109865
-0.095807456
-0.087894946
-0.16859384
-0.15948509
-0.14380287
-0.12377633
-0.10186751
-0.08074528
-0.062409323
-0.048783949
-0.041036608
-0.065443425
-0.056879627
-0.04192491
-0.022924123
-0.0020548733
0.018060512
0.035477333
0.048502558
0.055919467
0.10754178
0.11535166
0.12921088
0.14655953
0.1655872
0.1838622
0.19957507
0.21138098
0.21809009
0.32965607
0.33649664
0.34867485
0.36386553
0.38048434
0.3962468
0.40963742
0.41959964
0.42522345
0.57332926
0.57892297
0.58909925
0.60167306
0.61528189
0.62799615
0.63873239
0.64671988
0.65120337
0.80860707
0.81300858
0.82108057
0.8308908
0.84143441
0.85112597
0.8591882
0.86513153
0.86843175
1.0097739
1.0130039
1.0190748
1.0264026
1.0342418
1.0412581
1.046977
1.0511452
1.0534034
1.1582715
1.1606421
1.1652506
1.1706736
1.1763418
1.1812302
1.1851155
1.1878892
1.189326
1.2434044
1.245325
1.24907
1.2533673
1.257779
1.2614256
1.264195
1.2660851
1.26702
-0.31033471
-0.30058584
-0.28375607
-0.26222951
-0.23865036
-0.21581811
-0.19594121
-0.18112692
-0.17268379
-0.20100257
-0.19178442
-0.17565041
-0.15509138
-0.13247127
-0.11060163
-0.09164673
-0.077412532
-0.069267476
-0.017211094
-0.0087243435
0.0063382998
0.025267877
0.046098789
0.066219377
0.083580511
0.096674578
0.1041443
0.22010764
0.22764571
0.24107093
0.25791035
0.27638532
0.29401725
0.30906771
0.32032484
0.32672782
0.4819041
0.48821219
0.49966377
0.51389826
0.52938737
0.54400472
0.55642629
0.56572435
0.57099022
0.73646723
0.74151415
0.75074591
0.76209955
0.77440813
0.78589666
0.79556531
0.80276597
0.80682507
0.95524808
0.95909081
0.96625116
0.97501468
0.98447034
0.99310953
1.0002729
1.0055762
1.0085257
1.1171088
1.1200586
1.1257013
1.1324763
1.1396798
1.1461349
1.1514237
1.1553084
1.1574245
1.2100997
1.2125515
1.2172477
1.2228256
1.2287328
1.2339344
1.2381129
1.2411255
1.2427528
1.0842279
1.0874494
1.0925972
1.0986965
1.1047469
1.1100073
1.1137197
1.1163083
1.1180109
1.2170591
1.2196486
1.2241283
1.2296311
1.2349443
1.2391401
1.2418683
1.2435957
1.2446964
1.4291018
1.4308958
1.4341149
1.4379688
1.4417666
1.4448577
1.4466778
1.4476995
1.4482751
1.682583
1.6829628
1.6839605
1.685395
1.6868776
1.6880371
1.6885939
1.6888016
1.6888983
1.9376703
1.9367783
1.9355655
1.9341326
1.9326017
1.9310765
1.9295273
1.9283154
1.9276646
2.1601844
2.1582172
2.1551756
2.1514209
2.1473434
2.1433578
2.1397806
2.1370987
2.1356182
2.3297301
2.3271046
2.3229087
2.3176427
2.3118155
2.3060655
2.3009517
2.2971085
2.2949692
2.4417959
2.4388456
2.4339824
2.4277901
2.4208907
2.41405
2.4080252
2.4035085
2.4009457
2.5005311
2.4974133
2.4922558
2.4856918
2.4783544
2.4710729
2.4646673
2.4598139
2.4570296
2.5266177
2.5234828
2.5182752
2.5115702
2.5040951
2.4966789
2.4900596
2.4850304
2.4821477
2.5768535
2.5736342
2.5682599
2.5613461
2.5536065
2.5458544
2.5389456
2.5337004
2.5306685
2.6489307
2.6456579
2.6401451
2.6329952
2.6249332
2.6168423
2.609627
2.6041028
2.6008721
2.7193917
2.7161748
2.7107245
2.7036018
2.6955052
2.6872906
2.6798847
2.6741483
2.6707535
2.7691464
2.7660777
2.7608422
2.753934
2.7460183
2.737927
2.7305727
2.7248208
2.721383
2.789866
2.7870272
2.7821503
2.7756487
2.7681236
2.7603433
2.7531961
2.7475562
2.7441593
2.7858641
2.7832298
2.7786839
2.7725858
2.7654833
2.7580875
2.7512404
2.7457915
2.7424878
2.7696108
2.7671232
2.762805
2.7569757
2.7501648
2.7430566
2.7364563
2.7311849
2.7279781
2.754872
2.7524774
2.74831
2.7426629
2.7360284
2.72907
2.7225954
2.7174171
2.7142637
2.7464339
2.7440853
2.7399947
2.734437
2.7278884
2.7210078
2.7145953
2.7094601
2.7063316
2.7264717
2.7241909
2.7202172
2.714825
2.7084772
2.7017906
2.6955301
2.6904942
2.6874161
2.6855564
2.6833799
2.6795757
2.6743999
2.6682978
2.661868
2.655846
2.65099
2.6480135
2.6197423
2.6177064
2.6141322
2.6092364
2.6034249
2.5972664
2.5914803
2.586806
2.5839356
2.5308515
2.5289427
2.5255799
2.5209604
2.5154634
2.5096167
2.5040989
2.4996195
2.496857
2.4283419
2.4265488
2.4233787
2.4189999
2.4137679
2.4081885
2.4029093
2.398613
2.3959595
2.3274804
2.3257556
2.3227135
2.318518
2.3135036
2.3081439
2.3030568
2.2989072
2.2963425
2.2450182
2.2433154
2.2403204
2.2362048
2.2313049
2.2260846
2.2211355
2.2170989
2.2146058
2.1945321
2.1928367
2.1898588
2.1857677
2.1809007
2.1757282
2.1708381
2.1668585
2.164406
2.1698267
2.1681313
2.1651593
2.1610812
2.1562296
2.1510743
2.1462049
2.142246
2.1398082
2.1180391
2.1163309
2.1133481
2.109277
2.1044542
2.0993371
2.0945066
2.0905855
2.0881734
2.0294708
2.0277274
2.0246934
2.0205769
2.0157373
2.0106422
2.0058631
2.0020023
1.9996323
1.913287
1.9114814
1.9083552
1.9041435
1.8992271
1.8940922
1.8893162
1.8854875
1.8831497
1.7836568
1.7817677
1.778512
1.7741615
1.7691285
1.7639174
1.7591105
1.7552878
1.7529672
1.6573812
1.6554124
1.6520367
1.6475546
1.6424024
1.637108
1.6322644
1.6284435
1.6261376
1.5499081
1.5478761
1.5444091
1.5398341
1.5346038
1.5292573
1.5243927
1.5205765
1.518283
1.4717969
1.4697257
1.4662003
1.4615656
1.4562892
1.4509203
1.4460561
1.4422549
1.4399773
1.4277978
1.4257085
1.4221584
1.4174975
1.4121997
1.406822
1.4019622
1.3981736
1.3959086
1.2170888
1.2196646
1.2246093
1.2306783
1.2372232
1.2430772
1.2478139
1.2512904
1.2532373
1.3145244
1.3164821
1.3204176
1.3251422
1.330237
1.3347955
1.3384762
1.3411955
1.3427081
1.4725757
1.4735487
1.4758463
1.4784336
1.4811092
1.4833287
1.4850226
1.4862914
1.4869717
1.6643332
1.6642427
1.6646103
1.6647938
1.6647929
1.6643303
1.6636337
1.6630406
1.6626189
1.858975
1.8577544
1.8561979
1.8539487
1.8512782
1.8482592
1.8453181
1.8429905
1.8415463
2.0321857
2.029833
2.0262658
2.0215004
2.0161083
2.010516
2.0053865
2.0014137
1.9990229
2.1668468
2.1637468
2.1588038
2.152231
2.1447483
2.1370538
2.1300528
2.1246349
2.1213972
2.2562636
2.2527613
2.2470863
2.2395569
2.2309522
2.2220891
2.2139777
2.2076477
2.2038571
2.3034266
2.2996798
2.2935564
2.2854925
2.2763302
2.2669329
2.2583345
2.2516023
2.2475658
2.324586
2.3207216
2.3143974
2.3060755
2.2966244
2.2869624
2.2781487
2.271257
2.2671244
2.3655291
2.3614021
2.3546222
2.3457515
2.3357275
2.3255331
2.3162724
2.3090485
2.3047242
2.4252323
2.4207538
2.41331
2.4035636
2.3925606
2.3814248
2.3713587
2.3635329
2.3588631
2.4847867
2.4800122
2.4720035
2.4614985
2.449578
2.4374669
2.4264958
2.4179509
2.4128515
2.5278207
2.5228109
2.5143495
2.5032523
2.4906548
2.4778572
2.4662586
2.4572046
2.451791
2.5465769
2.5414438
2.5327289
2.5212819
2.50826
2.4950228
2.4830351
2.4736758
2.4680762
2.5437622
2.5385727
2.5297461
2.5181579
2.5049764
2.4915785
2.4794471
2.4699644
2.4642824
2.5297987
2.5245801
2.5156958
2.504039
2.4908002
2.4773804
2.465261
2.4557915
2.4501126
2.5169201
2.5116964
2.5028016
2.4911301
2.4778724
2.464444
2.4523393
2.4428927
2.4372295
2.38264
2.3787875
2.3724272
2.3641001
2.3547117
2.345276
2.336824
2.3303329
2.3265022
2.4266626
2.4226707
2.4160453
2.4073729
2.3975553
2.3876009
2.3786084
2.3716669
2.3675657
2.4903655
2.4861773
2.4791604
2.4699618
2.4595348
2.4489423
2.4393317
2.431862
2.4274229
2.553756
2.5493779
2.5419917
2.5322876
2.5212464
2.5099997
2.4997885
2.4918396
2.4871072
2.599716
2.5951888
2.5875112
2.5774154
2.5659151
2.5541906
2.5435352
2.5352145
2.5302453
2.6203907
2.6157499
2.607857
2.5974722
2.5856381
2.573592
2.5626762
2.5541532
2.549055
2.6186974
2.613989
2.6059654
2.595405
2.583373
2.5711372
2.5600703
2.551435
2.5462672
2.6052057
2.6004764
2.5924054
2.5817757
2.5696616
2.5573442
2.54621
2.5375213
2.5323177
2.5924394
2.5877111
2.5796371
2.569
2.5568676
2.5445218
2.5333633
2.5246573
2.5194423
2.509488
2.5042603
2.4953622
2.4836944
2.4704462
2.4570269
2.4449315
2.4354951
2.4298388
2.4918347
2.4866013
2.4776921
2.4660172
2.4527806
2.4393972
2.4273506
2.4179546
2.4123207
2.4552288
2.4500079
2.4411157
2.4294628
2.4162598
2.4029351
2.3909769
2.3816704
2.3760935
2.3957729
2.390605
2.3817943
2.3702512
2.3571776
2.3439836
2.3321554
2.3229659
2.3174638
2.3147271
2.3096779
2.3010585
2.2897576
2.2769497
2.2640067
2.2523919
2.2433651
2.2379605
2.2205094
2.2156341
2.207311
2.1963963
2.1840091
2.1714541
2.1601596
2.1513735
2.1461104
2.1272764
2.1225866
2.1145851
2.104096
2.0921855
2.0800931
2.0692007
2.0607219
2.0556352
2.0507044
2.0461745
2.0384495
2.0283199
2.0168142
2.0051316
1.9946083
1.9864136
1.9814915
2.0036697
1.9992424
1.991695
1.9817929
1.970545
1.959125
1.9488346
1.9408187
1.936003
1.9806174
1.9762414
1.9687831
1.9589924
1.9478722
1.9365856
1.9264131
1.9184865
1.9137237
1.9321996
1.9279294
1.9206573
1.9111092
1.9002654
1.8892631
1.8793443
1.8716108
1.8669624
1.84914
1.8450497
1.8380897
1.8289492
1.8185754
1.8080631
1.7985887
1.7911997
1.786758
1.739749
1.7359067
1.7293803
1.7208007
1.7110562
1.7011846
1.6922888
1.685354
1.6811885
1.617211
1.6136484
1.6076108
1.5996834
1.5906845
1.5815653
1.5733401
1.5669281
1.5630785
1.4975794
1.4942982
1.4887376
1.4814421
1.4731772
1.4648144
1.4572708
1.4513921
1.4478662
1.3957142
1.3926792
1.3875396
1.3807977
1.3731615
1.3654459
1.3584928
1.3530767
1.3498339
1.3217677
1.318908
1.3140687
1.3077341
1.3005636
1.2933213
1.2868007
1.2817264
1.2786937
1.2802106
1.2774486
1.2727721
1.2666597
1.2597483
1.2527698
1.2464905
1.2416107
1.2386992
2.0423725
2.0385241
2.0319659
2.0232993
2.0134141
2.003342
1.9942044
1.9870374
1.9827151
1.9925891
1.9888253
1.9824085
1.9739301
1.9642611
1.9544094
1.9454739
1.9384693
1.9342477
1.9071126
1.9034933
1.8973245
1.8891823
1.879903
1.8704494
1.8618725
1.855149
1.8511022
1.7944768
1.7910516
1.7852132
1.7775161
1.7687503
1.7598276
1.7517382
1.7454008
1.7415938
1.6682028
1.6650069
1.6595565
1.6523786
1.6442065
1.6358901
1.6283561
1.6224601
1.6189239
1.5448241
1.541849
1.5367811
1.5301143
1.5225328
1.5148316
1.5078641
1.5024184
1.4991576
1.4397895
1.4369937
1.432242
1.4260017
1.4189155
1.4117335
1.4052504
1.4001952
1.3971748
1.3635812
1.3609078
1.3563746
1.3504392
1.343713
1.336905
1.330768
1.3259928
1.3231437
1.3207634
1.3181554
1.3137394
1.3079691
1.3014434
1.2948487
1.2889098
1.2842928
1.281539
2.6507869
2.6467808
2.6399136
2.6307959
2.6203177
2.609555
2.5997198
2.5919719
2.587297
2.6325723
2.6286082
2.6218106
2.6127724
2.602367
2.5916623
2.5818748
2.5741648
2.5695118
2.5944007
2.5905101
2.5838425
2.5749732
2.5647522
2.5542194
2.5445718
2.5369579
2.5323558
2.5320331
2.5282407
2.5217388
2.5130842
2.5031128
2.4928434
2.4834427
2.4760209
2.4715304
2.4467426
2.4430789
2.4367941
2.4284208
2.4187694
2.408828
2.3997277
2.3925393
2.3881877
2.3476308
2.3440916
2.3380208
2.3299372
2.3206357
2.3110677
2.3023093
2.2953848
2.2911926
2.2496909
2.2462683
2.2403903
2.2325678
2.2235797
2.2143441
2.2058967
2.199223
2.1951862
2.1692574
2.1659343
2.1602252
2.1526345
2.1439118
2.1349434
2.1267403
2.12026
2.1163422
2.11984
2.1165752
2.1109702
2.103525
2.0949725
2.0861795
2.0781363
2.0717807
2.067939
2.095624
2.0923872
2.0868323
2.0794556
2.0709852
2.0622787
2.0543151
2.0480229
2.0442195
2.0447612
2.0415843
2.0361328
2.0288941
2.0205887
2.012062
2.0042687
1.998114
1.9943947
1.9574078
1.9543424
1.9490834
1.9421007
1.934088
1.9258622
1.9183492
1.912424
1.9088479
1.8422532
1.8393221
1.8343029
1.8276569
1.8200458
1.8122405
1.805116
1.799503
1.7961184
1.7132507
1.7104545
1.7056794
1.6993776
1.692182
1.6848315
1.6781483
1.6728969
1.6697344
1.5873729
1.5846991
1.5801463
1.5741581
1.56734
1.5604015
1.5541204
1.5492052
1.5462521
1.4803363
1.477761
1.4733853
1.4676455
1.4611328
1.4545282
1.4485653
1.4439164
1.4411331
1.4027014
1.4002012
1.3959593
1.3904025
1.3841069
1.3777369
1.3719967
1.3675316
1.364866
1.3590565
1.3566021
1.3524414
1.3469964
1.3408304
1.3345957
1.3289818
1.3246189
1.322017
2.1386155
2.1361036
2.1317592
2.1259263
2.1191423
2.1120795
2.1055487
2.1003416
2.0971693
2.0869935
2.0845118
2.0802276
2.0744881
2.0678262
2.0609021
2.0545013
2.0493929
2.0462786
1.9984733
1.9960388
1.9918442
1.9862355
1.9797441
1.9730213
1.9668218
1.9618807
1.9588724
1.8820092
1.8796193
1.8755192
1.870059
1.8637638
1.8572647
1.8512861
1.846537
1.8436547
1.7518384
1.7494773
1.7454433
1.7400962
1.7339619
1.727665
1.7219014
1.717344
1.7145883
1.6250199
1.6226844
1.6187048
1.6134468
1.6074334
1.6012898
1.5956978
1.5913005
1.5886536
1.5171746
1.5148604
1.5109269
1.5057519
1.499853
1.4938443
1.4883958
1.4841309
1.4815719
1.4388781
1.4365839
1.4326895
1.4275792
1.4217722
1.4158765
1.4105469
1.4063893
1.4039013
1.3948174
1.3925401
1.3886756
1.3836087
1.3778587
1.3720318
1.3667735
1.3626794
1.3602344
2.1277605
2.1227509
2.1144298
2.1033293
2.0906002
2.0774644
2.06547
2.0560806
2.0504226
2.1572296
2.1519526
2.1431708
2.1315117
2.1181834
2.1044741
2.0919716
2.0821838
2.076289
2.1997108
2.1939928
2.1844412
2.1718318
2.1574909
2.1428513
2.1295662
2.1191901
2.1129573
2.2415936
2.235405
2.2249944
2.2112844
2.1957128
2.1798885
2.165591
2.1544636
2.1478069
2.2699844
2.2634858
2.2524813
2.2379903
2.2214944
2.2047195
2.1895478
2.1777293
2.1706657
2.2787807
2.2720744
2.2606851
2.2457383
2.2287482
2.2114967
2.1958926
2.1837219
2.1764456
2.2712771
2.2644165
2.2527389
2.2374545
2.2201237
2.2025903
2.1867808
2.1744727
2.1671249
2.2562071
2.249299
2.237506
2.2220653
2.2045495
2.1868455
2.1709099
2.1585231
2.1511385
2.2435004
2.2366008
2.2248056
2.2093562
2.1918155
2.1740761
2.1581065
2.1456944
2.1382968
1.761207
1.7560418
1.7471225
1.7354016
1.7220461
1.7085307
1.6963922
1.6869448
1.6813006
1.7181664
1.7131717
1.7045497
1.69322
1.6803123
1.6672513
1.6555231
1.6463953
1.6409413
1.6443865
1.6396698
1.6315435
1.6208728
1.6087243
1.5964405
1.5854158
1.5768334
1.5717039
1.54745
1.5430719
1.5355592
1.5257104
1.5145204
1.5032349
1.4931238
1.4852515
1.4805437
1.4393328
1.4352985
1.428418
1.419417
1.409221
1.3989814
1.3898368
1.3827235
1.3784685
1.3343546
1.3306311
1.324317
1.3160762
1.3067683
1.2974516
1.2891557
1.2827165
1.278867
1.2454289
1.2419673
1.2361149
1.2284906
1.2198954
1.2112944
1.2036378
1.1977083
1.1941708
1.1810844
1.1778159
1.1722963
1.1651134
1.1570277
1.1489241
1.1416952
1.1361057
1.1327791
1.1449684
1.1418096
1.1364772
1.1295411
1.1217416
1.1139159
1.1069221
1.1015186
1.0983078
2.3363941
2.3300882
2.3192994
2.3051404
2.289038
2.2727168
2.2579929
2.2465198
2.2396639
2.3194007
2.3131285
2.3023809
2.288267
2.2722051
2.2559222
2.2412388
2.2298004
2.2229664
2.2844311
2.2782569
2.2676571
2.2537229
2.2378444
2.2217352
2.2072068
2.1958849
2.1891176
2.2279588
2.2219586
2.2116433
2.1980759
2.1826024
2.1668984
2.1527388
2.1416976
2.1350916
2.1512255
2.1454714
2.1355783
2.1225667
2.1077211
2.0926517
2.07907
2.0684756
2.062131
2.0623011
2.0568162
2.0474052
2.0350473
2.020968
2.0066892
1.993826
1.9837883
1.9777716
1.9746501
1.9694052
1.960428
1.9486654
1.9353027
1.9217908
1.9096468
1.9001768
1.8944978
1.9029298
1.8978655
1.8892167
1.8779063
1.8650876
1.8521641
1.8405835
1.8315675
1.8261626
1.8590034
1.8540433
1.8455851
1.8345407
1.8220434
1.8094647
1.7982129
1.7894639
1.7842223
1.8375094
1.8325991
1.8242301
1.8133107
1.8009662
1.7885523
1.7774574
1.7688364
1.7636734
1.7924532
1.7876499
1.779469
1.7688056
1.7567688
1.744686
1.7339105
1.7255536
1.7205534
1.715329
1.710712
1.7028583
1.6926375
1.6811191
1.6695766
1.659313
1.6513806
1.646645
1.6141227
1.6097661
1.6023545
1.5927195
1.5818733
1.571015
1.5613837
1.5539672
1.549553
1.5011738
1.4971427
1.4902693
1.4813303
1.4712696
1.4611861
1.4522385
1.4453623
1.4412792
1.3912287
1.3875318
1.3812226
1.3730226
1.3637939
1.3545234
1.3462729
1.3399237
1.336155
1.2978422
1.2944379
1.2886401
1.2811092
1.272624
1.2640867
1.2564713
1.2505936
1.2471013
1.2301278
1.2269451
1.221544
1.2145159
1.2065895
1.1986073
1.1914674
1.1859455
1.1826619
1.192071
1.1890151
1.1838432
1.1771009
1.1694976
1.1618396
1.1549724
1.1496551
1.1464919
1.9114258
1.9066521
1.8985208
1.8879051
1.8759149
1.8638485
1.8531035
1.8448206
1.8398781
1.864719
1.860054
1.8521067
1.8417324
1.8300154
1.818218
1.8077084
1.7996069
1.7947711
1.7846134
1.7801482
1.7725419
1.7626121
1.7513901
1.7400758
1.729986
1.7222052
1.7175576
1.6791764
1.6749838
1.6678529
1.6585508
1.6480315
1.6374116
1.6279282
1.620605
1.6162239
1.561218
1.557344
1.5507651
1.542185
1.5324828
1.5226862
1.5139307
1.5071647
1.5031146
1.4461627
1.4426208
1.4366106
1.4287646
1.4198916
1.4109343
1.4029164
1.3967129
1.3930041
1.3482685
1.3450169
1.3395048
1.3323056
1.3241653
1.3159521
1.3085893
1.3028829
1.2994748
1.2772306
1.2741917
1.2690426
1.2623169
1.254717
1.2470521
1.2401733
1.2348389
1.231657
1.2372945
1.2343764
1.2294343
1.2229784
1.2156851
1.2083289
1.2017211
1.1965959
1.1935424
