FiniteElementSpace
FiniteElementCollection: L2_2D_P8
VDim: 1
Ordering: 0

4.9850519
4.9875951
4.9918519
4.9972017
5.0030522
5.0087644
5.0137149
5.0187745
5.0229498
5.1909529
5.193808
5.1985929
5.2046165
5.2112183
5.2176797
5.2232964
5.2290556
5.2338233
5.5421644
5.5455809
5.5513181
5.5585586
5.5665198
5.5743373
5.5811574
5.5881757
5.5940093
6.0066469
6.0108522
6.0179292
6.0268863
6.0367739
6.0465227
6.0550625
6.0638833
6.0712435
6.5395295
6.5447128
6.5534488
6.5645278
6.5767916
6.5889198
6.5995812
6.610632
6.6198859
7.0853785
7.0916395
7.102206
7.1156292
7.130521
7.1452815
7.1582846
7.1717911
7.1831292
7.5830425
7.5903434
7.6026762
7.6183638
7.6357988
7.6531121
7.6683968
7.6843019
7.6976741
7.9731894
7.9813533
7.9951498
8.0127059
8.0322305
8.0516348
8.0687798
8.0866417
8.1016854
8.2074404
8.2161326
8.2308297
8.2495477
8.2703791
8.2910896
8.3093979
8.3284861
8.344564
4.9947152
4.9878101
4.9756073
4.958723
4.9383942
4.9166057
4.8959793
4.8793414
4.8691615
5.227411
5.2205956
5.20851
5.1916953
5.1713325
5.14941
5.1285811
5.1117279
5.1013954
5.6281032
5.6214993
5.6096914
5.5930928
5.5728043
5.550782
5.5297009
5.5125459
5.5019917
6.1651181
6.1588867
6.1476088
6.131529
6.1115872
6.0896431
6.068404
6.0509868
6.0402206
6.7907426
6.785086
6.7746693
6.7594882
6.7402431
6.7186755
6.6975165
6.6799998
6.6691079
7.4416537
7.4367417
7.4274428
7.413467
7.3952656
7.3744245
7.3536386
7.3362269
7.3253205
8.0433931
8.0392714
8.0311925
8.0185922
8.001644
7.9817413
7.9615182
7.9443578
7.9335247
8.5203311
8.5169164
8.5099389
8.4985931
8.4828083
8.4638002
8.4441435
8.4272748
8.4165585
8.8088166
8.8058582
8.79959
8.7890615
8.7740447
8.7556357
8.7363718
8.719723
8.7091065
18.578878
18.645824
18.766195
18.92933
19.121784
19.316724
19.486692
19.613442
19.684261
18.747963
18.821267
18.95016
19.119831
19.308469
19.490864
19.646238
19.761953
19.828514
19.041773
19.118012
19.242427
19.394871
19.555158
19.707986
19.84318
19.949372
20.015413
19.343165
19.401945
19.497621
19.62008
19.760557
19.906401
20.039762
20.149454
20.224642
19.519283
19.572415
19.665702
19.792623
19.942638
20.101023
20.243767
20.367252
20.460275
19.643168
19.707517
19.816846
19.961847
20.124339
20.287532
20.442023
20.58884
20.699997
19.766995
19.837311
19.952369
20.104448
20.275562
20.445972
20.62005
20.793024
20.917689
19.859778
19.932832
20.053012
20.209819
20.386745
20.566913
20.76158
20.954255
21.086353
19.914556
19.988998
20.111606
20.271916
20.451603
20.637722
20.847137
21.051128
21.185404
23.212057
23.247849
23.303715
23.367653
23.427704
23.475306
23.506859
23.524214
23.53178
23.455473
23.492059
23.549196
23.614767
23.676288
23.725209
23.75824
23.776608
23.784595
23.848443
23.886538
23.945904
24.014026
24.078264
24.129395
24.164052
24.183822
24.19263
24.325109
24.364873
24.426965
24.49827
24.565781
24.620106
24.657151
24.67836
24.688013
24.812146
24.853538
24.918289
24.992986
25.063858
25.121109
25.160913
25.184236
25.194974
25.244836
25.287935
25.355337
25.433118
25.507537
25.568124
25.610138
25.634986
25.646718
25.584207
25.628302
25.69764
25.777965
25.85458
25.917539
25.962292
25.988939
26.001475
25.813001
25.858814
25.929921
26.012334
26.091502
26.155736
26.200928
26.228472
26.241711
25.931387
25.979625
26.053546
26.137632
26.218312
26.284451
26.330345
26.357777
26.371014
21.843144
21.865098
21.900101
21.942882
21.987689
22.029414
22.063854
22.088035
22.101143
21.507805
21.530098
21.565339
21.608639
21.653877
21.695599
21.730059
21.754361
21.767631
20.925574
20.948084
20.983932
21.028289
21.074846
21.117698
21.15291
21.177614
21.191008
20.149469
20.171097
20.205751
20.248755
20.29462
20.337867
20.374219
20.400152
20.414296
19.259514
19.280012
19.312838
19.353486
19.396373
19.436917
19.471899
19.49742
19.511524
18.352676
18.372294
18.403476
18.441622
18.481691
18.519525
18.552141
18.576114
18.589552
17.535634
17.554253
17.583597
17.619525
17.657308
17.692697
17.723053
17.745457
17.758023
16.903109
16.921133
16.949638
16.984364
17.020459
17.053803
17.082105
17.10292
17.114588
16.526831
16.544559
16.572662
16.606755
16.642136
16.674732
16.702104
16.722014
16.733142
21.926018
21.90703
21.871517
21.82374
21.766356
21.706362
21.650375
21.605726
21.579037
21.5997
21.581189
21.54625
21.499436
21.443076
21.383822
21.328305
21.283783
21.257111
21.036183
21.017695
20.982845
20.936791
20.882049
20.824786
20.771055
20.727767
20.701786
20.285489
20.267054
20.23232
20.186128
20.13139
20.074822
20.022386
19.980466
19.955413
19.415574
19.398277
19.365244
19.321044
19.268075
19.21265
19.160946
19.11956
19.094864
18.51915
18.502915
18.471954
18.430605
18.381025
18.328939
18.279995
18.240501
18.216762
17.705455
17.69005
17.660603
17.621159
17.57392
17.524477
17.4782
17.440936
17.418547
17.072609
17.057934
17.029758
16.991984
16.946611
16.898831
16.85406
16.818081
16.796471
16.695287
16.680976
16.653567
16.616781
16.572603
16.526028
16.482335
16.447175
16.425994
5.0782655
5.0795298
5.0810269
5.0817821
5.0810261
5.0785999
5.0750353
5.0713875
5.0688571
5.3001969
5.3020599
5.3045294
5.3064715
5.306967
5.3056892
5.3030593
5.3000834
5.2979293
5.6804766
5.6834331
5.687681
5.6918226
5.694629
5.6954852
5.6946135
5.6928975
5.6914507
6.1866145
6.1911609
6.1980095
6.2053673
6.2115616
6.2155825
6.2173357
6.2175066
6.2171253
6.7715811
6.7781531
6.7883139
6.7997782
6.8103303
6.8184299
6.8235844
6.8262274
6.8272491
7.3753246
7.3841636
7.3980517
7.4141732
7.4296745
7.4424324
7.4514939
7.4569798
7.4596214
7.9294918
7.9405842
7.9581618
7.9788684
7.9992837
8.0166937
8.0296626
8.038003
8.0422714
8.3662649
8.3792342
8.3998867
8.424444
8.4489596
8.4702481
8.4864952
8.49724
8.5028886
8.6294529
8.6435742
8.6661658
8.6931442
8.7202186
8.7439353
8.7622386
8.7744972
8.7810192
13.048808
13.085942
13.146477
13.221144
13.299662
13.372491
13.432589
13.475714
13.499982
13.344509
13.383324
13.446636
13.524941
13.607391
13.683914
13.747191
13.792684
13.818299
13.843584
13.885386
13.953669
14.038113
14.127187
14.210159
14.278855
14.328337
14.356292
14.491992
14.537728
14.612514
14.705145
14.803029
14.894429
14.970402
15.025304
15.056375
15.217021
15.267207
15.349335
15.451296
15.559321
15.660446
15.744731
15.805789
15.840393
15.936195
15.990951
16.080663
16.192077
16.310353
16.421378
16.514034
16.581291
16.619535
16.569903
16.628681
16.72505
16.845091
16.972596
17.092301
17.192652
17.265764
17.307347
17.051208
17.113203
17.214876
17.341314
17.475891
17.6027
17.708972
17.786401
17.830491
17.333591
17.397485
17.50222
17.632482
17.771315
17.902371
18.012203
18.092038
18.137459
12.06715
12.085923
12.117796
12.158602
12.204207
12.249778
12.290303
12.332792
12.368808
12.32129
12.340832
12.373967
12.416319
12.463785
12.511254
12.55346
12.597678
12.635097
12.749752
12.770529
12.805704
12.850743
12.901264
12.951824
12.996843
13.044012
13.083976
13.304655
13.32708
13.365061
13.413742
13.468288
13.522908
13.571593
13.622639
13.665911
13.922998
13.947342
13.988435
14.041149
14.100403
14.159759
14.212572
14.267942
14.31494
14.534696
14.560896
14.60523
14.662195
14.725922
14.789794
14.846713
14.906524
14.957407
15.069968
15.0983
15.146074
15.207014
15.275546
15.343982
15.404247
15.467678
15.521856
15.471515
15.501794
15.552567
15.617685
15.690737
15.762597
15.825809
15.892754
15.949958
15.703418
15.735014
15.78803
15.856275
15.931588
16.005708
16.072072
16.141836
16.200853
13.748597
13.756001
13.766178
13.775019
13.778876
13.776275
13.768646
13.759447
13.752629
14.084259
14.092554
14.104115
14.114478
14.119774
14.118525
14.112046
14.103635
14.097232
14.65226
14.662013
14.675799
14.688733
14.696721
14.698013
14.693559
14.686501
14.680813
15.391964
15.403551
15.420321
15.437022
15.449012
15.453846
15.452087
15.446824
15.442085
16.221234
16.235094
16.255636
16.276997
16.2937
16.302638
16.303985
16.300711
16.296978
17.046995
17.063324
17.087792
17.11381
17.135194
17.148176
17.152497
17.151108
17.148345
17.777076
17.795577
17.82352
17.853669
17.879041
17.895321
17.902145
17.902503
17.900723
18.333213
18.353394
18.383964
18.417121
18.445368
18.46415
18.473034
18.474882
18.473937
18.660055
18.681205
18.713265
18.74809
18.778023
18.798396
18.808581
18.811369
18.810948
21.23767
21.329238
21.479777
21.667661
21.86784
22.057396
22.217812
22.335877
22.40363
21.441298
21.534338
21.687901
21.880752
22.086416
22.279983
22.442381
22.561202
22.629358
21.770845
21.868242
22.026817
22.223569
22.433507
22.632887
22.801323
22.924652
22.995203
22.134361
22.243971
22.420041
22.633242
22.854312
23.060304
23.233893
23.361837
23.435378
22.443817
22.562966
22.758142
23.000208
23.253179
23.484713
23.673519
23.808892
23.885715
22.709349
22.828916
23.026946
23.277714
23.548835
23.80671
24.022457
24.177785
24.265183
22.931261
23.049625
23.246097
23.495802
23.768133
24.03129
24.25657
24.422912
24.518239
23.095683
23.213575
23.409352
23.657787
23.927622
24.18802
24.411978
24.578891
24.675461
23.191268
23.308654
23.503202
23.749998
24.018272
24.277515
24.500662
24.666655
24.762792
25.034792
25.119782
25.259724
25.434473
25.62145
25.798421
25.947287
26.056055
26.116601
25.458575
25.532389
25.653369
25.804276
25.9645
26.114362
26.239224
26.329539
26.379431
26.039786
26.09533
26.186034
26.297925
26.414452
26.521281
26.60858
26.670421
26.704338
26.507664
26.542506
26.598467
26.665605
26.733282
26.793456
26.840395
26.872389
26.889083
26.659719
26.678459
26.707764
26.741843
26.774796
26.80244
26.822772
26.83578
26.842634
26.541634
26.553239
26.571036
26.591549
26.610781
26.626088
26.636665
26.643053
26.64634
26.333321
26.342441
26.355877
26.370666
26.383608
26.393089
26.398596
26.401051
26.402085
26.130588
26.137789
26.147829
26.15842
26.166934
26.172064
26.173474
26.172821
26.172241
25.989257
25.995239
26.00331
26.011605
26.017838
26.020763
26.020189
26.018204
26.016821
21.642006
21.780097
22.013559
22.308742
22.626838
22.931529
23.191636
23.384832
23.493648
22.387022
22.520009
22.738579
23.011764
23.303585
23.580357
23.816007
23.990541
24.087978
23.59475
23.702012
23.878698
24.100022
24.336192
24.560378
24.751334
24.89173
24.970453
24.81555
24.89207
25.018851
25.177407
25.346831
25.507136
25.642013
25.740219
25.795435
25.61537
25.665787
25.748827
25.851713
25.960537
26.061758
26.145236
26.206655
26.241032
25.869733
25.902125
25.955245
26.021437
26.091933
26.158295
26.213672
26.253878
26.276955
25.796911
25.823135
25.865375
25.917166
25.971452
26.022419
26.065607
26.097699
26.116446
25.64908
25.672207
25.709639
25.756457
25.80664
25.854535
25.895035
25.924858
25.942337
25.540301
25.561457
25.596564
25.641415
25.689986
25.736267
25.775152
25.803536
25.81994
26.930105
26.900543
26.846108
26.768981
26.673399
26.563806
26.452339
26.358913
26.300181
26.856894
26.828318
26.777127
26.706653
26.618816
26.512975
26.402257
26.309282
26.250758
26.736822
26.7096
26.660798
26.592317
26.506397
26.402905
26.293285
26.200624
26.142612
26.559564
26.529646
26.476317
26.403224
26.315006
26.213519
26.105483
26.013306
25.955994
26.294771
26.262606
26.206718
26.131144
26.040514
25.939754
25.833558
25.742225
25.685841
25.971162
25.936804
25.877027
25.79712
25.703336
25.602751
25.4987
25.408592
25.35289
25.625843
25.590791
25.530448
25.448575
25.352124
25.250586
25.14824
25.059621
25.004697
25.329598
25.29362
25.230774
25.147178
25.05016
24.948121
24.84646
24.758857
24.704581
25.140635
25.103651
25.040103
24.955892
24.858157
24.756154
24.654964
24.567756
24.51372
26.852132
26.883733
26.932783
26.988176
27.039042
27.077971
27.102365
27.114543
27.119067
26.959671
26.982238
27.01619
27.052588
27.083029
27.10245
27.11046
27.110886
27.10905
27.047373
27.056525
27.068498
27.077691
27.079631
27.072897
27.059905
27.045957
27.036319
27.008997
27.007506
27.002518
26.991752
26.974115
26.950861
26.925537
26.903384
26.88949
26.844096
26.838017
26.825742
26.806808
26.781266
26.751152
26.720522
26.694439
26.678169
26.598808
26.589651
26.571951
26.546196
26.512975
26.475153
26.437726
26.406635
26.387539
26.316335
26.304978
26.283685
26.253036
26.214422
26.171527
26.129523
26.094985
26.073925
26.060251
26.047174
26.022715
25.988327
25.945751
25.899102
25.85371
25.816644
25.794344
25.890794
25.87662
25.850346
25.81374
25.768831
25.720024
25.672865
25.634603
25.611621
22.204352
22.205202
22.203212
22.198078
22.188165
22.175074
22.160779
22.147995
22.139824
21.876159
21.877309
21.875634
21.871381
21.86271
21.850697
21.837054
21.824292
21.815956
21.306341
21.308017
21.306922
21.303442
21.295801
21.284996
21.272647
21.260876
21.253096
20.537506
20.539786
20.539984
20.537804
20.531506
20.521987
20.51069
20.499782
20.49257
19.645675
19.648488
19.649583
19.648629
19.643798
19.635609
19.625528
19.615556
19.608846
18.72735
18.731066
18.733884
18.734772
18.731709
18.72494
18.716022
18.707011
18.700841
17.891951
17.896188
17.900208
17.902783
17.901793
17.896985
17.889698
17.881846
17.876256
17.243315
17.247633
17.251959
17.255086
17.254989
17.251326
17.245378
17.238691
17.233777
16.857084
16.861555
16.866253
16.869659
16.869778
16.866393
16.860864
16.854662
16.850094
11.03539
11.035477
11.034626
11.032424
11.0284
11.022714
11.016703
11.011315
11.007613
10.691081
10.690958
10.689825
10.687314
10.68299
10.677028
10.670746
10.665122
10.661266
10.121332
10.120942
10.119469
10.116593
10.111894
10.105537
10.09884
10.092873
10.088823
9.4023639
9.4016733
9.3998414
9.3966096
9.3916561
9.3850421
9.3780335
9.3718725
9.3677301
8.6257991
8.6248789
8.6227913
8.6191929
8.6139272
8.6071719
8.600118
8.5940056
8.5899252
7.8826261
7.8814823
7.8791426
7.8752482
7.8697205
7.8629007
7.8559325
7.8499392
7.8459814
7.2497487
7.2483838
7.2457465
7.2415426
7.2358122
7.2289769
7.2220967
7.216216
7.212377
6.7821586
6.7806539
6.7777992
6.7733317
6.7674193
6.7605339
6.7536805
6.7478847
6.7441362
6.5129409
6.5113621
6.5083912
6.5037977
6.4978012
6.4908834
6.4840301
6.4782669
6.4745596
10.872906
10.883351
10.900218
10.920557
10.94135
10.960061
10.975148
10.985639
10.991254
10.538414
10.548321
10.564316
10.583606
10.603354
10.621118
10.635378
10.645237
10.650505
9.9850751
9.9941156
10.008653
10.026126
10.044004
10.060122
10.073058
10.081954
10.086696
9.2868183
9.2947525
9.307463
9.3227099
9.3382716
9.3522281
9.363358
9.3709723
9.3750346
8.5330019
8.5396806
8.5503505
8.5631337
8.5761855
8.5878284
8.5970044
8.6032051
8.6064836
7.8119844
7.8174741
7.8262244
7.8366705
7.8472727
7.8566187
7.8638827
7.8687314
7.8712688
7.1978531
7.2023504
7.2094938
7.2179972
7.2265568
7.2339725
7.2396279
7.2433298
7.2452261
6.7438304
6.7476135
6.7535921
6.7606597
6.7677002
6.7737247
6.7782648
6.7811705
6.7826056
6.4822597
6.4856474
6.4909871
6.4972547
6.5034257
6.5086406
6.512533
6.5149848
6.5161631
21.077384
21.040973
20.97704
20.893754
20.797718
20.698899
20.607955
20.533978
20.488189
20.759009
20.723012
20.659721
20.5773
20.482093
20.384296
20.294285
20.221253
20.176152
20.210822
20.175466
20.113127
20.032342
19.93899
19.843071
19.754878
19.683492
19.639498
19.480375
19.445798
19.384822
19.305878
19.214673
19.121381
19.035748
18.966806
18.924475
18.638283
18.605184
18.546472
18.470469
18.382267
18.291986
18.209143
18.142657
18.10199
17.77465
17.74309
17.687217
17.615061
17.531177
17.445221
17.366064
17.302488
17.263551
16.994393
16.963807
16.909683
16.840092
16.759569
16.677534
16.602191
16.541883
16.505022
16.390113
16.360443
16.307802
16.24
16.161451
16.081638
16.008637
15.950498
15.915124
16.029759
16.000911
15.949611
15.883261
15.806138
15.727657
15.65581
15.598648
15.563904
10.51251
10.494474
10.462358
10.420606
10.372081
10.322531
10.27699
10.240713
10.218383
10.18189
10.1645
10.133493
10.093097
10.046155
9.9982602
9.9543164
9.9193521
9.8978239
9.6340527
9.6178044
9.5888194
9.550913
9.5067438
9.4615521
9.420081
9.3871145
9.366805
8.9418496
8.9269402
8.9003982
8.8656603
8.8252316
8.7837825
8.7456604
8.7152848
8.696496
8.1942044
8.1806875
8.1566463
8.1250856
8.0884198
8.0508739
8.0164138
7.9889748
7.9719564
7.4787463
7.4666073
7.4450414
7.4166054
7.3835267
7.3495643
7.3183921
7.2935832
7.278164
6.8694666
6.8584449
6.8389186
6.8131323
6.7831791
6.7523831
6.7240855
6.7015202
6.6874351
6.419511
6.4092929
6.3912159
6.3672889
6.3395289
6.3110073
6.284843
6.2639861
6.2509357
6.160541
6.1507965
6.1335707
6.110731
6.0842226
6.0569586
6.0319588
6.0120405
5.9995665
10.918561
10.910717
10.895546
10.874361
10.848412
10.820371
10.794117
10.772854
10.759771
10.572534
10.564951
10.550378
10.530057
10.505169
10.478237
10.45299
10.432498
10.419859
10.000214
9.992952
9.9791795
9.960054
9.9367492
9.9116344
9.8881394
9.8690258
9.8571929
9.27898
9.2720121
9.2590286
9.2411022
9.2194426
9.1962958
9.1747933
9.1573591
9.1465516
8.5018279
8.4950654
8.4827371
8.4658514
8.4456811
8.4243536
8.4047016
8.3888603
8.3790407
7.7604482
7.7538386
7.7419796
7.7258861
7.7068783
7.6869912
7.668852
7.6543617
7.6454021
7.1304439
7.1240574
7.1126695
7.0972926
7.0792212
7.0603829
7.0433
7.0297757
7.0214541
6.6653506
6.6591922
6.6482546
6.6335378
6.6162794
6.5982736
6.5819352
6.5690462
6.5611379
6.397704
6.3916867
6.381028
6.3667271
6.3499881
6.3325168
6.3166442
6.3041343
6.2964667
5.0252432
5.0303029
5.0388753
5.0489581
5.0586579
5.0666794
5.0723899
5.075869
5.0775551
5.2364464
5.242253
5.2521521
5.2639051
5.2754104
5.2851652
5.2923329
5.2968883
5.2991945
5.597227
5.604384
5.6166798
5.6314713
5.6462426
5.6591348
5.6689728
5.6754983
5.6789389
6.0753123
6.0843942
6.100114
6.119271
6.1387396
6.1561363
6.1698224
6.1792073
6.1842979
6.6250121
6.6364983
6.656503
6.6811194
6.7064961
6.7295798
6.7481099
6.7610978
6.768276
7.1894196
7.2035473
7.2282758
7.2589624
7.2909232
7.3203683
7.3443506
7.3613898
7.3709111
7.7050983
7.7218035
7.7511283
7.7876959
7.8260826
7.8617647
7.8910983
7.9121392
7.92398
8.1100485
8.1288873
8.1620131
8.2034438
8.2471065
8.2879365
8.3217062
8.34606
8.3598345
8.3534994
8.3736233
8.409106
8.4535795
8.5005221
8.5445244
8.5810588
8.6074907
8.6224619
8.4717729
8.4925574
8.5291989
8.5751574
8.6237341
8.6692965
8.7071941
8.7346486
8.7502016
8.7185641
8.740734
8.7798113
8.8289167
8.8809529
8.9298788
8.970635
9.0002412
9.0170686
9.1392592
9.1638394
9.2072486
9.2618789
9.3199426
9.3747651
9.4205846
9.4539826
9.4730238
9.6939969
9.7218671
9.7711702
9.8334044
9.8997389
9.9625926
10.015392
10.054015
10.076079
10.326361
10.35813
10.414406
10.485612
10.561789
10.63424
10.695282
10.740113
10.765815
10.967731
11.00362
11.067284
11.147975
11.234491
11.317037
11.386859
11.438267
11.467783
11.545671
11.585355
11.655828
11.745359
11.841548
11.933515
12.011478
12.069027
12.10214
11.993516
12.036272
12.112229
12.208684
12.312575
12.412085
12.496497
12.558919
12.594879
12.260053
12.304689
12.383891
12.484676
12.593168
12.697169
12.785607
12.850961
12.888609
8.3211983
8.3301504
8.3452906
8.3645762
8.3860479
8.4074057
8.4262985
8.4459871
8.4625618
8.5583988
8.5678996
8.5839717
8.6044535
8.6272746
8.6499962
8.6701002
8.691063
8.7087352
8.9623441
8.9728161
8.9905354
9.0131244
9.0383019
9.0633799
9.0855945
9.1087924
9.1283674
9.4941803
9.5059736
9.5259417
9.5514152
9.579835
9.6081685
9.6332833
9.6595169
9.6816659
10.099438
10.112787
10.135397
10.164264
10.1965
10.228672
10.257218
10.287071
10.312306
10.712332
10.727327
10.752737
10.785186
10.821441
10.857642
10.889793
10.923433
10.951878
11.263739
11.280243
11.308226
11.343994
11.384005
11.423985
11.459494
11.496667
11.528131
11.690683
11.708398
11.738416
11.776778
11.819707
11.86262
11.900804
11.940811
11.974651
11.944591
11.963032
11.994282
12.034248
12.078979
12.123725
12.163489
12.205088
12.240354
8.9494031
8.9466741
8.9407662
8.9306486
8.9160158
8.8979116
8.8788544
8.8623257
8.8517652
9.2437519
9.241522
9.2363945
9.2271724
9.213383
9.1959502
9.1773612
9.1611183
9.1506931
9.7484153
9.7470893
9.7433724
9.7357656
9.7235066
9.7073502
9.6896914
9.6739968
9.6638152
10.419075
10.419014
10.417285
10.412005
10.402029
10.387776
10.37144
10.356526
10.346727
11.190205
11.191708
11.192463
11.190119
11.182994
11.171081
11.156462
11.142687
11.133488
11.979118
11.98235
11.985834
11.986657
11.982614
11.973415
11.960914
11.948483
11.93993
12.695317
12.700164
12.706205
12.710086
12.709194
12.702738
12.692158
12.680866
12.672886
13.253602
13.259754
13.267909
13.274404
13.276107
13.271692
13.262558
13.252274
13.24487
13.587177
13.594163
13.603673
13.611764
13.614929
13.611718
13.603576
13.594013
13.587001
19.717866
19.792972
19.949122
20.19206
20.463332
20.71758
20.935783
21.097683
21.192311
19.860907
19.93518
20.097173
20.354662
20.641812
20.908755
21.134264
21.299241
21.395282
20.050365
20.13378
20.313522
20.590157
20.900579
21.19496
21.441888
21.620036
21.722473
20.266863
20.367106
20.567317
20.85448
21.177126
21.492599
21.764433
21.964989
22.080204
20.512371
20.628539
20.843539
21.135276
21.458782
21.776167
22.054177
22.263444
22.385508
20.760141
20.888022
21.111526
21.40392
21.726987
22.044247
22.320883
22.528897
22.650913
20.982346
21.115907
21.34187
21.634348
21.957243
22.27323
22.547287
22.752966
22.873582
21.152839
21.288508
21.515571
21.80792
22.128914
22.441995
22.713878
22.918447
23.038364
21.251778
21.388056
21.616057
21.907683
22.227371
22.539188
22.810339
23.014654
23.134184
21.298072
21.434129
21.662096
21.953581
22.272862
22.584109
22.854786
23.058824
23.178105
21.393287
21.529229
21.757135
22.04787
22.366074
22.676278
22.945879
23.149221
23.2681
21.549869
21.685642
21.912864
22.202241
22.519002
22.82746
23.095338
23.297157
23.415161
21.746726
21.882313
22.107832
22.394691
22.708912
23.014709
23.280393
23.480426
23.597177
21.971464
22.105121
22.327132
22.609762
22.919402
23.22125
23.483416
23.680485
23.795502
22.245772
22.374978
22.590173
22.864616
23.165313
23.458412
23.712916
23.903796
24.014887
22.618297
22.741025
22.945831
23.206312
23.491542
23.769215
24.010007
24.190416
24.294587
23.027865
23.144494
23.337935
23.583805
23.852539
24.113436
24.338824
24.506902
24.602981
23.322022
23.434007
23.61996
23.855962
24.113431
24.362409
24.576507
24.735899
24.826142
19.939982
20.015352
20.138222
20.298916
20.480302
20.671053
20.888004
21.096724
21.231805
19.986922
20.064044
20.191374
20.357206
20.541256
20.74144
20.97389
21.19033
21.326857
20.065108
20.144889
20.278097
20.450397
20.642145
20.863431
21.120312
21.345705
21.483152
20.165829
20.247129
20.384664
20.564398
20.774295
21.029842
21.311667
21.542327
21.679752
20.283483
20.368237
20.512452
20.703015
20.941623
21.239492
21.539462
21.769661
21.905724
20.454515
20.543415
20.693614
20.905877
21.194476
21.526568
21.826753
22.051671
22.183165
20.719278
20.817796
20.998062
21.266208
21.598989
21.932374
22.219484
22.435239
22.559658
21.078111
21.199871
21.421376
21.723292
22.055858
22.374262
22.649547
22.855098
22.972309
21.386806
21.522308
21.757097
22.056769
22.379077
22.690071
22.95743
23.156173
23.26891
25.98256
26.032182
26.108089
26.193546
26.275015
26.342604
26.389961
26.417904
26.431069
26.077414
26.130194
26.211367
26.301865
26.385335
26.45328
26.501803
26.531072
26.545072
26.205532
26.261772
26.349875
26.450892
26.544462
26.617646
26.668007
26.698159
26.712547
26.334242
26.390489
26.479826
26.585391
26.688617
26.773235
26.831719
26.866351
26.882832
26.455695
26.509128
26.594041
26.694254
26.793365
26.878688
26.941834
26.981008
27.000272
26.560703
26.610704
26.689838
26.783022
26.87413
26.950886
27.007705
27.043838
27.061804
26.653863
26.699266
26.770959
26.854392
26.93523
27.002269
27.050149
27.079765
27.094462
26.741958
26.781515
26.8437
26.915622
26.984149
27.039772
27.078272
27.10068
27.111011
26.804243
26.839341
26.894149
26.956859
27.015618
27.062137
27.092937
27.109814
27.117055
22.107392
22.119218
22.136013
22.154779
22.171843
22.185733
22.195477
22.200888
22.203166
21.774145
21.786533
21.804077
21.824158
21.842535
21.857138
21.867191
21.872576
21.874809
21.197598
21.210198
21.228095
21.248966
21.268605
21.284602
21.295905
21.302097
21.304724
20.421158
20.434583
20.454015
20.476158
20.496845
20.513713
20.525726
20.532623
20.535738
19.518469
19.532315
19.552853
19.576878
19.599865
19.618695
19.632231
19.64015
19.643707
18.596181
18.60955
18.629674
18.65335
18.676564
18.696371
18.711357
18.720664
18.725051
17.764235
17.776926
17.796238
17.818959
17.841149
17.860311
17.87532
17.884907
17.889522
17.120352
17.132175
17.150348
17.17192
17.193164
17.211778
17.226625
17.236207
17.240869
16.738601
16.749788
16.766976
16.787272
16.807444
16.825475
16.840126
16.849782
16.854595
16.55466
16.565567
16.582258
16.601995
16.621616
16.639189
16.653591
16.663148
16.667923
16.17379
16.184126
16.199892
16.218453
16.236782
16.253188
16.266826
16.276045
16.280716
15.533517
15.543036
15.55751
15.574385
15.590819
15.605281
15.61726
15.625459
15.629672
14.707368
14.71589
14.728709
14.743653
14.758133
14.77053
14.780508
14.787203
14.790569
13.791156
13.798728
13.810162
13.823358
13.835906
13.846265
13.854228
13.85932
13.861714
12.889707
12.896434
12.906652
12.918468
12.929578
12.938378
12.94474
12.948478
12.949988
12.101972
12.107972
12.117075
12.127584
12.137471
12.145123
12.150391
12.15329
12.154269
11.507288
11.512801
11.521207
11.530709
11.539516
11.546227
11.550672
11.552986
11.553667
11.159788
11.165013
11.173014
11.181974
11.190202
11.196382
11.20034
11.202295
11.20281
16.345486
16.362995
16.390704
16.424512
16.459655
16.491956
16.519007
16.538531
16.549339
15.969674
15.986719
16.013805
16.046989
16.081479
16.113099
16.139484
16.158395
16.16874
15.33802
15.354419
15.380589
15.41257
15.445765
15.476048
15.501141
15.519104
15.528846
14.523057
14.538584
14.563405
14.59376
14.625274
14.653934
14.677504
14.694211
14.703138
13.620471
13.634854
13.65802
13.686199
13.715415
13.742069
13.763868
13.779187
13.787355
12.733939
12.747119
12.768438
12.794297
12.821013
12.845333
12.865101
12.878907
12.886291
11.960172
11.972206
11.991667
12.015293
12.039749
12.0619
12.079751
12.092217
12.098906
11.376658
11.387821
11.405866
11.427693
11.450203
11.470537
11.486914
11.49836
11.504501
11.035794
11.046477
11.06373
11.084547
11.10587
11.125086
11.140594
11.151391
11.157165
21.566413
21.537957
21.486909
21.419894
21.341615
21.261147
21.187021
21.12868
21.094019
21.244628
21.216382
21.165431
21.0988
21.021143
20.941307
20.867743
20.809823
20.775427
20.689691
20.662147
20.611981
20.546187
20.469397
20.390383
20.317765
20.260747
20.226875
19.943803
19.917408
19.869376
19.806255
19.732189
19.655654
19.584983
19.529254
19.496057
19.08348
19.057671
19.010761
18.949644
18.87853
18.805432
18.73811
18.684954
18.653191
18.205791
18.180916
18.135485
18.076012
18.006649
17.935546
17.870481
17.819338
17.788862
17.408241
17.384831
17.341923
17.285473
17.219118
17.150596
17.087553
17.037828
17.008174
16.78656
16.764089
16.722895
16.668953
16.605718
16.540329
16.479973
16.432118
16.403448
16.416258
16.394261
16.353975
16.301229
16.239498
16.175835
16.11716
16.070631
16.042727
16.237392
16.215659
16.175863
16.123689
16.062624
15.999724
15.941811
15.895901
15.868378
15.866225
15.845081
15.806267
15.755311
15.695595
15.634089
15.577593
15.532864
15.506082
15.240393
15.220185
15.183051
15.134308
15.077141
15.018117
14.963844
14.920867
14.895133
14.430184
14.411181
14.376212
14.330166
14.276169
14.220447
14.169235
14.128631
14.104282
13.527586
13.510081
13.47778
13.435107
13.384905
13.332905
13.285087
13.247134
13.224342
12.636407
12.620233
12.59042
12.551001
12.50469
12.456662
12.412451
12.37728
12.356103
11.855819
11.840805
11.81309
11.776302
11.733079
11.688295
11.647174
11.614482
11.594776
11.265003
11.250985
11.225071
11.19051
11.149725
11.107295
11.068312
11.037332
11.018658
10.919117
10.905641
10.880777
10.847589
10.808388
10.767511
10.729865
10.699883
10.681788
16.513088
16.49898
16.471941
16.435568
16.391891
16.345891
16.302738
16.267982
16.247034
16.134979
16.12131
16.094982
16.059476
16.016817
15.9719
15.929861
15.89602
15.875606
15.496549
15.483788
15.45906
15.425498
15.38489
15.341801
15.301437
15.268977
15.249377
14.668871
14.657043
14.634151
14.60303
14.565392
14.525291
14.487595
14.457144
14.438661
13.748204
13.737391
13.716361
13.687566
13.652664
13.615442
13.58061
13.552506
13.535408
12.838884
12.829217
12.810342
12.784208
12.752264
12.717893
12.685636
12.659578
12.643681
12.041748
12.032875
12.015627
11.991719
11.962524
11.931025
11.901396
11.877349
11.862588
11.439321
11.430991
11.414827
11.392329
11.364858
11.335279
11.307582
11.285136
11.271334
11.086992
11.07901
11.063541
11.041925
11.015458
10.986898
10.960169
10.938529
10.925222
4.94172
4.9448114
4.9499515
4.9564811
4.9635952
4.9704971
4.9765081
4.9810844
4.9837614
5.1426532
5.1460779
5.1517785
5.1590327
5.1669538
5.1746564
5.1813786
5.1865048
5.189507
5.4849995
5.4890235
5.4957291
5.5042771
5.5136329
5.5227574
5.5307457
5.5368545
5.5404395
5.9369413
5.9418138
5.9499445
5.9603291
5.9717211
5.9828586
5.9926334
6.0001256
6.0045299
6.4543343
6.4602479
6.4701284
6.4827726
6.496677
6.5103058
6.5222962
6.531505
6.5369262
6.9831823
6.9902421
7.0020473
7.0171725
7.0338306
7.0501884
7.0646077
7.0757013
7.0822402
7.4643635
7.472528
7.4861934
7.5037248
7.5230603
7.5420716
7.558848
7.5717668
7.5793873
7.8410277
7.8500947
7.8652749
7.8847605
7.906273
7.9274522
7.9461664
7.9605925
7.9691067
8.0669613
8.0765891
8.0927129
8.1134134
8.1362711
8.1587831
8.1786844
8.1940324
8.2030948
8.1766243
8.1865254
8.2031104
8.2244114
8.2479386
8.2711108
8.2915965
8.3073966
8.3167273
8.4050987
8.4155848
8.4331561
8.4557332
8.4806789
8.5052551
8.5269866
8.5437526
8.5536555
8.7938365
8.8053299
8.8245995
8.849378
8.8767844
8.9038149
8.9277385
8.9462066
8.9571185
9.3050646
9.3179282
9.3395091
9.3672793
9.3980202
9.4283685
9.4552513
9.4760207
9.4882998
9.8859845
9.9004534
9.9247491
9.9560468
9.9907312
10.025011
10.055399
10.078891
10.092786
10.473567
10.489692
10.51678
10.551708
10.590468
10.628846
10.662911
10.689268
10.704864
11.001653
11.019337
11.049043
11.087357
11.129874
11.171984
11.2094
11.238374
11.255526
11.410022
11.428923
11.460677
11.501661
11.547197
11.592312
11.632421
11.663495
11.681877
11.652842
11.672466
11.705437
11.747996
11.7953
11.842202
11.883923
11.916271
11.935418
11.770114
11.790093
11.823646
11.866982
11.915136
11.962864
12.005342
12.038281
12.0578
12.013131
12.03388
12.06873
12.113694
12.163648
12.213144
12.25721
12.291384
12.3116
12.422157
12.444193
12.481237
12.529057
12.582172
12.63478
12.681628
12.717971
12.739446
12.951546
12.975263
13.015119
13.066634
13.123896
13.180624
13.231143
13.270351
13.293524
13.541005
13.56668
13.609803
13.665539
13.727489
13.788829
13.843503
13.885949
13.910952
14.12147
14.149298
14.195931
14.25623
14.323336
14.389711
14.448735
14.494589
14.521662
14.625362
14.655308
14.705473
14.770213
14.842336
14.913929
14.97748
15.026775
15.055949
14.999986
15.031608
15.084565
15.15309
15.229475
15.305307
15.372863
15.425362
15.456489
15.214888
15.24764
15.302394
15.373165
15.452303
15.530854
15.600594
15.655066
15.687577
15.316291
15.349509
15.405225
15.477233
15.557515
15.637322
15.708411
15.763915
15.797104
15.52211
15.556371
15.613589
15.687706
15.770785
15.853352
15.926906
15.984478
16.018871
15.854537
15.8902
15.950164
16.027936
16.114838
16.201728
16.279324
16.33967
16.375759
16.262856
16.300115
16.362856
16.444518
16.535857
16.627184
16.708969
16.772331
16.810002
16.693471
16.732734
16.798408
16.883948
16.979487
17.073967
17.157805
17.222706
17.261238
17.095736
17.136634
17.205822
17.295981
17.393596
17.487894
17.571589
17.635975
17.674715
17.430579
17.472868
17.543261
17.63489
17.733914
17.827119
17.909745
17.977268
18.0211
17.670776
17.713542
17.784493
17.876674
17.975475
18.069834
18.159438
18.238963
18.293802
17.806014
17.84829
17.918605
18.01139
18.111077
18.209564
18.311351
18.403905
18.465529
5.0675344
5.0646033
5.0590502
5.0507016
5.039821
5.0273469
5.0149073
5.0044902
4.997962
5.2967814
5.2942006
5.2892009
5.2814953
5.2712324
5.2592847
5.2472242
5.2370303
5.2306109
5.6906338
5.6887178
5.684772
5.6783056
5.6692691
5.6583592
5.6470567
5.6373532
5.6311901
6.216807
6.2158977
6.2135566
6.2090096
6.2018844
6.192623
6.1825888
6.1737311
6.168009
6.8275898
6.8280122
6.8278046
6.825811
6.8212696
6.8143135
6.8060739
6.7984183
6.7933409
7.4607249
7.4626927
7.4649687
7.4659874
7.4645354
7.4603276
7.4542616
7.44812
7.443872
8.0441408
8.0476657
8.0524679
8.0565671
8.0582574
8.0568976
8.0531355
8.0485902
8.0452118
8.5054128
8.5102665
8.5172066
8.52388
8.5282672
8.5293892
8.5275938
8.5244147
8.5217981
8.783954
8.7896381
8.7979048
8.8062229
8.81234
8.8150057
8.8144558
8.8121731
8.8100543
8.9195855
8.9256737
8.9346033
8.9437542
8.9507188
8.9541497
8.9542332
8.9523974
8.9505255
9.2032642
9.210227
9.2206011
9.2315269
9.240299
9.2453854
9.2468326
9.2459603
9.244625
9.6888806
9.6974214
9.7103546
9.7243841
9.7363874
9.7444568
9.7483375
9.7491994
9.7488362
10.332929
10.343635
10.360067
10.378412
10.394962
10.407236
10.414558
10.417864
10.418862
11.071688
11.085012
11.105716
11.129327
11.151389
11.168762
11.180267
11.186548
11.189214
11.825653
11.841813
11.867135
11.896426
11.92442
11.947248
11.963241
11.972765
11.977267
12.50875
12.527546
12.557181
12.591828
12.62544
12.653484
12.673803
12.686423
12.692657
13.040425
13.061347
13.094439
13.133328
13.17147
13.203782
13.227589
13.242681
13.250298
13.357817
13.380012
13.415175
13.456666
13.497579
13.532468
13.558388
13.574988
13.583468
8.757472
8.7721799
8.7957269
8.8238886
8.8522448
8.8771601
8.8964808
8.9094983
8.9164489
9.0249475
9.0408974
9.0664571
9.0971515
9.1282324
9.1557239
9.1772283
9.1918438
9.1996995
9.4819512
9.5000532
9.5291763
9.5643399
9.6002228
9.6323011
9.6576492
9.6750679
9.6845447
10.086441
10.107496
10.141501
10.182816
10.225327
10.2637
10.294402
10.315779
10.327524
10.777904
10.802501
10.842332
10.890956
10.941341
10.98727
11.024419
11.050539
11.064998
11.481686
11.510018
11.556036
11.612429
11.671191
11.725119
11.769053
11.8002
11.817578
12.117747
12.149572
12.201335
12.265021
12.331639
12.393005
12.443336
12.479262
12.499378
12.611843
12.646473
12.702898
12.772332
12.845131
12.912582
12.968061
13.007727
13.030016
12.906396
12.942725
13.00195
13.074875
13.1515
13.222599
13.281175
13.323154
13.346779
13.51132
13.534123
13.570305
13.613084
13.655331
13.691458
13.71842
13.735771
13.744681
13.830278
13.85439
13.892713
13.938173
13.98326
14.021978
14.051092
14.070058
14.079903
14.369389
14.395799
14.437865
14.487893
14.537742
14.580943
14.613901
14.635717
14.647167
15.070945
15.100351
15.147303
15.203375
15.259671
15.309057
15.34716
15.372549
15.38596
15.856641
15.889469
15.942037
16.005211
16.069148
16.12547
16.16907
16.19842
16.214129
16.637518
16.673935
16.732426
16.802848
16.874106
16.937153
16.986587
17.020377
17.038669
17.326899
17.366485
17.430033
17.506581
17.584411
17.653986
17.709133
17.747066
17.767671
17.851223
17.893173
17.960475
18.041782
18.125152
18.200113
18.259561
18.300586
18.322974
18.158827
18.20213
18.271841
18.356323
18.442985
18.520995
18.583038
18.625914
18.649338
18.306217
18.350162
18.421026
18.507084
18.595364
18.67482
18.738103
18.781853
18.805751
18.609587
18.654995
18.728315
18.817546
18.909146
18.991619
19.057464
19.103052
19.127935
19.113575
19.161632
19.239199
19.33352
19.43062
19.518261
19.588149
19.636567
19.66304
19.752895
19.804228
19.887191
19.988181
20.09214
20.185982
20.26083
20.312717
20.341175
20.446286
20.501151
20.589846
20.697848
20.808904
20.909073
20.989328
21.04537
21.076246
21.110411
21.168623
21.262583
21.37673
21.494355
21.601107
21.687031
21.747302
21.780671
21.674036
21.734752
21.832941
21.952725
22.076451
22.189129
22.280435
22.344663
22.380231
22.087882
22.150557
22.251845
22.375779
22.504606
22.622032
22.717064
22.784267
22.821635
22.324387
22.388529
22.492104
22.618324
22.749653
22.870138
22.967623
23.036334
23.074579
17.469027
17.533765
17.639863
17.771991
17.912857
18.045866
18.15745
18.238491
18.284542
17.747155
17.813698
17.922924
18.059229
18.204477
18.341335
18.456136
18.539651
18.587188
18.208936
18.278563
18.392962
18.535881
18.688331
18.831731
18.951884
19.039699
19.089898
18.793703
18.86753
18.988718
19.139672
19.300459
19.452333
19.580328
19.674044
19.727616
19.426397
19.504333
19.63247
19.79239
19.963229
20.125074
20.261779
20.361966
20.419258
20.030836
20.112774
20.247699
20.416555
20.597866
20.769823
20.914762
21.021005
21.081768
20.54171
20.627832
20.769865
20.947636
21.137504
21.317496
21.469541
21.580716
21.644159
20.918844
21.007434
21.153425
21.336736
21.533496
21.719925
21.87674
21.991484
22.057057
21.135747
21.225911
21.374246
21.560281
21.760044
21.949537
22.109076
22.225968
22.292887
12.388894
12.434309
12.515111
12.618015
12.72873
12.834962
12.925311
12.992104
13.030621
12.655959
12.703256
12.787474
12.894657
13.010141
13.120956
13.215292
13.285193
13.325495
13.106285
13.15684
13.246722
13.361231
13.484874
13.603662
13.704827
13.779838
13.823132
13.690065
13.744796
13.842299
13.966639
14.100944
14.230221
14.340491
14.422327
14.469631
14.341194
14.400769
14.506917
14.642406
14.788967
14.930129
15.050805
15.140578
15.192482
14.985828
15.050236
15.16505
15.311749
15.470684
15.624149
15.755367
15.852945
15.909448
15.552149
15.621011
15.743849
15.900754
16.07081
16.234982
16.375642
16.480485
16.541182
15.98192
16.054151
16.182757
16.3476
16.526363
16.698881
16.846779
16.957036
17.020934
16.233717
16.307904
16.440337
16.60957
16.793198
16.971023
17.123233
17.23659
17.302401
16.354061
16.429439
16.563685
16.734975
16.921016
17.101185
17.25553
17.370618
17.437398
16.601768
16.679482
16.817153
16.993096
17.184235
17.369099
17.52773
17.64609
17.714668
17.011967
17.093399
17.237055
17.421009
17.620575
17.813746
17.97959
18.103277
18.174981
17.530488
17.616868
17.768028
17.961921
18.172352
18.376121
18.55098
18.681738
18.757742
18.093996
18.183919
18.341716
18.54643
18.768692
18.984255
19.169605
19.308058
19.388413
18.638888
18.728407
18.889508
19.103814
19.337798
19.565003
19.760442
19.906158
19.99083
19.108646
19.195607
19.355268
19.576466
19.821148
20.056846
20.259743
20.411328
20.499663
19.45177
19.533563
19.690075
19.919513
20.174447
20.417538
20.62775
20.784028
20.875184
19.63683
19.714329
19.870123
20.107663
20.372666
20.622747
20.837989
20.997623
21.091001
15.813357
15.845644
15.899536
15.968979
16.045781
16.121842
16.189757
16.260647
16.320653
16.035797
16.069573
16.126029
16.198561
16.278355
16.358055
16.430095
16.504796
16.567201
16.393721
16.430075
16.490316
16.567632
16.653027
16.739746
16.823013
16.907875
16.975245
16.828746
16.867603
16.929574
17.010254
17.103941
17.203346
17.310345
17.41508
17.490405
17.279434
17.318755
17.382539
17.467081
17.576427
17.704747
17.845865
17.971107
18.051923
17.692362
17.732271
17.80537
17.909119
18.051169
18.218026
18.38367
18.517243
18.597917
18.042283
18.090964
18.184912
18.320879
18.494535
18.681212
18.854181
18.989764
19.069191
18.321436
18.383203
18.496259
18.65056
18.835259
19.027031
19.201933
19.337034
19.414272
18.496198
18.562995
18.681993
18.841122
19.029625
19.223658
19.39673
19.527768
19.601574
18.816689
18.838289
18.871075
18.906742
18.937488
18.958634
18.969477
18.972732
18.972577
19.139311
19.161766
19.1959
19.233273
19.265849
19.288671
19.300899
19.305114
19.305489
19.675147
19.699094
19.735594
19.775872
19.811608
19.837414
19.852067
19.857992
19.859296
20.354211
20.380124
20.419914
20.464312
20.504359
20.534145
20.552026
20.560192
20.562725
21.090406
21.118645
21.162246
21.211426
21.256521
21.290854
21.312333
21.322965
21.326832
21.796011
21.826731
21.874354
21.928354
21.978352
22.017118
22.042087
22.055105
22.060254
22.396582
22.429352
22.480358
22.538611
22.592926
22.635452
22.66335
22.678293
22.684472
22.838843
22.873324
22.926898
22.988104
23.045505
23.09072
23.120677
23.137099
23.144054
23.092204
23.127634
23.18285
23.245877
23.304996
23.351765
23.38278
23.399955
23.407395
17.869952
17.912248
17.981354
18.073594
18.176181
18.280868
18.389139
18.485299
18.547926
17.99445
18.037983
18.109165
18.200866
18.306696
18.421592
18.541187
18.646147
18.713844
18.188105
18.231792
18.308967
18.409816
18.532671
18.672033
18.8133
18.932548
19.005583
18.431597
18.480886
18.569555
18.691875
18.842719
19.00282
19.146324
19.25401
19.314608
18.70187
18.759515
18.857171
18.982315
19.117706
19.245827
19.35638
19.4426
19.494138
18.914826
18.962654
19.039167
19.132926
19.235982
19.345013
19.454461
19.550555
19.612107
18.973692
19.010238
19.074251
19.165675
19.285304
19.422787
19.555378
19.663892
19.73235
18.969404
19.012506
19.089846
19.199396
19.337312
19.491516
19.636874
19.751684
19.823748
18.97104
19.020199
19.107621
19.227786
19.371766
19.530857
19.683198
19.802938
19.877474
18.969882
19.021353
19.113945
19.242177
19.391817
19.551527
19.704402
19.826348
19.902389
18.97502
19.030342
19.129717
19.268463
19.429181
19.593564
19.747355
19.871265
19.948714
18.997716
19.058045
19.164792
19.313143
19.486426
19.662091
19.820476
19.946451
20.02565
19.044013
19.108674
19.220209
19.372769
19.554086
19.742932
19.912921
20.044454
20.125577
19.105589
19.174126
19.291115
19.448842
19.636219
19.834707
20.017078
20.157197
20.241638
19.207392
19.280805
19.405062
19.571081
19.766872
19.975252
20.170249
20.321969
20.411476
19.399881
19.478878
19.612815
19.790957
20.000145
20.220224
20.422433
20.579821
20.673752
19.669048
19.75262
19.894931
20.084345
20.303404
20.52942
20.739909
20.913846
21.023148
19.884543
19.971412
20.120182
20.317939
20.543308
20.77498
21.002017
21.199954
21.324993
20.057662
20.1454
20.296377
20.495609
20.725831
20.975844
21.229462
21.446703
21.578395
20.551074
20.648661
20.819606
21.056421
21.345919
21.661336
21.960154
22.193169
22.324746
21.680187
21.806288
22.025829
22.31929
22.649779
22.970581
23.241239
23.436242
23.543965
23.374955
23.490848
23.681521
23.915795
24.158174
24.380789
24.566645
24.702663
24.779289
24.696493
24.766113
24.880751
25.023637
25.177138
25.324084
25.448748
25.539866
25.59122
25.260349
25.310598
25.392237
25.491421
25.592954
25.685579
25.763156
25.820696
25.853959
25.354214
25.382849
25.4311
25.495379
25.569788
25.644233
25.708539
25.756126
25.78375
25.249518
25.278701
25.32751
25.388948
25.454255
25.517011
25.571555
25.612965
25.637422
25.159507
25.190713
25.240849
25.301571
25.364839
25.42292
25.471289
25.507983
25.529828
25.112391
25.140253
25.185051
25.241691
25.304785
25.365429
25.415742
25.452329
25.473425
24.985447
25.011905
25.055767
25.113144
25.175831
25.235484
25.286573
25.324395
25.346093
24.738522
24.764129
24.806009
24.858915
24.916175
24.972226
25.021372
25.058179
25.079643
24.3377
24.362697
24.403155
24.45441
24.5103
24.564166
24.610622
24.645336
24.665312
23.774458
23.801796
23.845668
23.900909
23.96022
24.016688
24.064809
24.099839
24.119634
23.112184
23.140608
23.18703
23.245775
23.309615
23.370889
23.423133
23.461189
23.482476
22.464949
22.493598
22.54002
22.598888
22.663595
22.726516
22.780857
22.820785
22.843253
21.937552
21.966501
22.013682
22.07302
22.137192
22.19931
22.253373
22.293392
22.316023
21.612383
21.640939
21.68855
21.748683
21.813459
21.875402
21.929006
21.969058
21.991696
22.435603
22.500726
22.605889
22.73367
22.865908
22.987363
23.086074
23.155585
23.194231
22.661553
22.727229
22.834077
22.965264
23.101182
23.225376
23.326426
23.397676
23.437227
23.028386
23.095966
23.205581
23.340282
23.480856
23.609554
23.714149
23.788238
23.82944
23.470062
23.540898
23.655719
23.79616
23.94223
24.076329
24.185361
24.262398
24.305287
23.921784
23.995237
24.114312
24.260545
24.41292
24.552606
24.666363
24.746794
24.791493
24.305856
24.387861
24.518132
24.673783
24.832697
24.976913
25.0939
25.176951
25.223347
24.563078
24.654162
24.800355
24.975214
25.150717
25.306022
25.42911
25.514783
25.562242
24.721183
24.81478
24.967206
25.153747
25.344691
25.514195
25.647643
25.739684
25.78995
24.808277
24.901453
25.053758
25.241979
25.438222
25.615915
25.756764
25.85391
25.907041
24.848193
24.941094
25.093006
25.281291
25.478814
25.65917
25.803275
25.902952
25.957529
24.928609
25.020737
25.171509
25.358615
25.5563
25.739447
25.888557
25.993216
26.050883
25.059456
25.150038
25.298271
25.482242
25.676776
25.858561
26.009156
26.11707
26.177493
25.217368
25.305964
25.450645
25.629874
25.819009
25.995261
26.141435
26.246845
26.306412
25.380055
25.465836
25.605987
25.779206
25.961658
26.131432
26.271718
26.372503
26.42924
25.53942
25.621399
25.755058
25.920339
26.093967
26.255007
26.387716
26.482585
26.53589
25.714572
25.790541
25.914466
26.066816
26.226883
26.374788
26.496458
26.583099
26.631429
25.902652
25.970896
26.082862
26.219911
26.363499
26.495654
26.603573
26.680192
26.7224
26.040001
26.103
26.206136
26.33196
26.463301
26.58343
26.680824
26.749578
26.78709
23.235049
23.352324
23.546522
23.792763
24.060697
24.319365
24.541817
24.707148
24.802781
23.324721
23.441479
23.63495
23.880039
24.146797
24.403996
24.624703
24.788914
24.883679
23.471464
23.587471
23.779712
24.023102
24.287442
24.542047
24.759938
24.921728
25.015231
23.652972
23.767945
23.958372
24.19921
24.459925
24.710272
24.924292
25.082703
25.174045
23.850308
23.963164
24.150181
24.386562
24.642166
24.886817
25.095227
25.249403
25.338155
24.06789
24.177095
24.357782
24.585752
24.831906
25.067235
25.267185
25.414474
25.499209
24.343825
24.446221
24.615876
24.82893
25.058226
25.27716
25.463092
25.599902
25.677924
24.648292
24.743079
24.899259
25.094991
25.305106
25.505189
25.674723
25.799034
25.869783
24.868546
24.957718
25.104527
25.288127
25.484878
25.671664
25.829383
25.944873
26.009875
26.144766
26.204192
26.300583
26.418082
26.540116
26.650926
26.740269
26.802875
26.836636
26.402908
26.451884
26.530509
26.625922
26.723067
26.809507
26.877541
26.923891
26.948456
26.72007
26.752513
26.804156
26.864599
26.923431
26.972721
27.008641
27.03121
27.042492
26.896933
26.913303
26.936655
26.961961
26.983905
26.998835
27.006514
27.008992
27.009286
26.845607
26.850913
26.857891
26.863607
26.865631
26.863232
26.857563
26.851033
26.846507
26.647747
26.649493
26.650358
26.648893
26.643261
26.633418
26.621272
26.609889
26.602568
26.402314
26.401547
26.398259
26.391064
26.379037
26.363209
26.345866
26.330668
26.321189
26.171799
26.169218
26.162529
26.151358
26.135229
26.115507
26.094558
26.076542
26.065681
26.015864
26.012312
26.004056
25.990895
25.972693
25.950876
25.927917
25.908464
25.89672
25.936804
25.932682
25.923875
25.909772
25.890356
25.867505
25.843791
25.82389
25.811676
25.763349
25.758838
25.748692
25.733074
25.711777
25.686883
25.661406
25.6399
25.62667
25.444904
25.439037
25.426239
25.407666
25.383095
25.355155
25.327285
25.303837
25.28957
24.980829
24.973719
24.958607
24.936886
24.908746
24.877491
24.846918
24.82165
24.806276
24.39508
24.386747
24.369318
24.345126
24.314565
24.281145
24.248618
24.221665
24.205309
23.749208
23.739931
23.720764
23.694242
23.66106
23.625311
23.59104
23.562982
23.545988
23.121071
23.112154
23.09336
23.066885
23.033209
22.996622
22.961327
22.932345
22.914803
22.605479
22.596504
22.577761
22.551994
22.519474
22.483937
22.449305
22.420558
22.403077
22.290153
22.280645
22.261398
22.235201
22.202718
22.167711
22.133823
22.105815
22.088677
25.915682
25.921342
25.929002
25.936529
25.941811
25.943869
25.942601
25.940102
25.938149
25.756454
25.761339
25.767218
25.772619
25.775374
25.77501
25.771865
25.76776
25.764852
25.455917
25.459961
25.463947
25.467132
25.46695
25.463383
25.457446
25.451001
25.446815
25.012476
25.014567
25.015376
25.0147
25.010866
25.004425
24.99633
24.988457
24.983309
24.447592
24.448932
24.447673
24.444141
24.436713
24.426501
24.415083
24.404625
24.398046
23.804793
23.806122
23.804991
23.801652
23.794219
23.783637
23.771414
23.760001
23.752622
23.1809
23.18124
23.178514
23.173492
23.164972
23.154228
23.142385
23.131402
23.124301
22.674126
22.674259
22.670767
22.664445
22.65405
22.641278
22.627955
22.616142
22.608734
22.359653
22.360242
22.357709
22.352067
22.341775
22.328479
22.314274
22.301747
22.293802
23.544628
23.653125
23.833579
24.062128
24.310931
24.550687
24.756224
24.908814
24.994563
24.13403
24.232621
24.395785
24.602145
24.824814
25.037049
25.217338
25.34995
25.42375
25.007869
25.086994
25.217653
25.381421
25.555668
25.719509
25.857215
25.957371
26.013311
25.82143
25.876018
25.965624
26.076299
26.192595
26.300781
26.390416
26.454892
26.490843
26.257109
26.291022
26.3455
26.411976
26.480579
26.543332
26.594178
26.630245
26.650365
26.287809
26.309423
26.34405
26.385939
26.428944
26.467977
26.499789
26.522549
26.535562
26.125372
26.142915
26.17083
26.204958
26.240259
26.272647
26.298952
26.317639
26.32835
25.950568
25.966339
25.991105
26.021051
26.051764
26.079589
26.10176
26.117357
26.126411
25.82767
25.84241
25.865154
25.892328
25.919901
25.944608
25.96404
25.977777
25.985687
25.76026
25.774567
25.796779
25.822996
25.849451
25.873152
25.891783
25.904968
25.91241
25.609246
25.622998
25.644174
25.669783
25.695524
25.718126
25.73546
25.747098
25.753478
25.333433
25.344895
25.361924
25.382814
25.40381
25.422645
25.437588
25.447566
25.453116
24.911133
24.9225
24.938762
24.957406
24.974782
24.989282
25.000051
25.006982
25.01067
24.349391
24.360043
24.375096
24.393334
24.410997
24.425875
24.436637
24.442907
24.44596
23.720392
23.730102
23.743364
23.758734
23.77314
23.785441
23.794752
23.800458
23.803253
23.100319
23.111073
23.125639
23.141902
23.156214
23.167221
23.174505
23.178276
23.179889
22.583987
22.595201
22.610783
22.628956
22.645594
22.65863
22.667254
22.67148
22.673109
22.264967
22.276382
22.292566
22.310975
22.327863
22.341569
22.351145
22.356384
22.358531
25.483428
25.503637
25.537055
25.579712
25.626299
25.67112
25.708916
25.736853
25.7529
25.356456
25.376831
25.408667
25.447513
25.488663
25.528058
25.561921
25.587254
25.602081
25.090099
25.110538
25.142839
25.182863
25.224085
25.26169
25.292581
25.31461
25.327226
24.674882
24.693774
24.723493
24.760424
24.79982
24.837357
24.869027
24.891962
24.90492
24.129216
24.14783
24.176411
24.211669
24.248368
24.282456
24.311102
24.331765
24.343499
23.49263
23.512677
23.543672
23.581332
23.619993
23.65526
23.684026
23.70407
23.715014
22.854053
22.875546
22.908813
22.94926
22.990993
23.029208
23.06054
23.082436
23.094404
22.326884
22.348607
22.382953
22.425657
22.469885
22.509989
22.542659
22.565396
22.577823
22.002337
22.024038
22.058864
22.101845
22.146822
22.188333
22.222318
22.246044
22.258857
25.043958
25.007437
24.944701
24.86036
24.762005
24.660076
24.559425
24.472453
24.418441
24.840871
24.804437
24.740713
24.655327
24.556338
24.453756
24.354016
24.268236
24.214554
24.477163
24.43994
24.37535
24.289469
24.189803
24.086569
23.987476
23.903128
23.850525
23.966935
23.929426
23.864043
23.777347
23.677253
23.573833
23.47583
23.393052
23.341327
23.346538
23.308894
23.243124
23.15638
23.056315
22.952962
22.856325
22.775583
22.725154
22.678703
22.641209
22.575609
22.489344
22.389939
22.287455
22.192271
22.113533
22.064477
22.046873
22.009655
21.944362
21.858969
21.760668
21.659344
21.565786
21.488994
21.441242
21.538531
21.501731
21.437183
21.35283
21.255485
21.155385
21.063128
20.987846
20.941218
21.228819
21.192304
21.128115
21.044417
20.947926
20.848677
20.7573
20.682845
20.636769
27.120559
27.122562
27.121572
27.111362
27.087516
27.050456
27.007708
26.96892
26.94317
27.10762
27.103293
27.091885
27.0691
27.032924
26.986284
26.937603
26.896191
26.869998
27.031312
27.019809
26.997361
26.963003
26.917896
26.86655
26.816115
26.774735
26.749401
26.882481
26.867135
26.839441
26.800223
26.751722
26.698135
26.645324
26.600887
26.573237
26.670047
26.651918
26.618822
26.57217
26.514508
26.45096
26.389635
26.339785
26.30956
26.378071
26.356991
26.319164
26.267248
26.204355
26.136461
26.071733
26.01899
25.986873
26.063496
26.04045
25.999161
25.942188
25.873511
25.800198
25.730897
25.67545
25.642232
25.783284
25.758485
25.714307
25.654309
25.582857
25.507203
25.436302
25.379975
25.346178
25.600275
25.57492
25.529874
25.469274
25.397416
25.321298
25.249656
25.192178
25.157652
25.511172
25.485651
25.440419
25.37876
25.305212
25.227315
25.15405
25.095889
25.061149
25.314845
25.288728
25.242223
25.179069
25.103929
25.02503
24.951304
24.892911
24.857946
24.960949
24.934015
24.885443
24.820602
24.744043
24.66389
24.589205
24.529724
24.494367
24.46031
24.432403
24.382437
24.315917
24.237444
24.155812
24.080027
24.020062
23.98438
23.845714
23.817316
23.76605
23.698285
23.618836
23.536549
23.460199
23.399766
23.363936
23.179629
23.150852
23.099059
23.030849
22.950952
22.868338
22.791934
22.731716
22.696018
22.544949
22.516329
22.464703
22.396702
22.317064
22.234966
22.159167
22.099381
22.063946
22.032195
22.00374
21.95232
21.884855
21.806089
21.72483
21.649679
21.590457
21.555374
21.719406
21.690886
21.639702
21.572522
21.494101
21.413328
21.338826
21.280307
21.245539
25.805384
25.790932
25.764491
25.72734
25.681753
25.632372
25.584709
25.546151
25.522808
25.62014
25.605162
25.577433
25.538804
25.49139
25.440143
25.390863
25.350889
25.326695
25.282811
25.266765
25.236572
25.195348
25.145115
25.091199
25.039807
24.998059
24.972924
24.798881
24.781449
24.748984
24.704901
24.651572
24.594947
24.541482
24.498505
24.472705
24.197631
24.179359
24.14496
24.098643
24.043006
23.984363
23.929168
23.8848
23.858252
23.537983
23.519018
23.483577
23.436176
23.379415
23.31982
23.263914
23.219123
23.192324
22.90659
22.887239
22.851111
22.802853
22.745284
22.68527
22.629216
22.584359
22.55757
22.394933
22.375574
22.33915
22.290548
22.232701
22.172468
22.116301
22.071436
22.044712
22.080551
22.061356
22.025423
21.977244
21.919636
21.859473
21.803347
21.758666
21.732022
21.452733
21.481527
21.529078
21.588941
21.653826
21.716099
21.769793
21.809799
21.832439
21.118807
21.147756
21.194807
21.253838
21.317925
21.380036
21.43409
21.474231
21.496905
20.54473
20.573532
20.62006
20.678271
20.740706
20.800639
20.853011
20.892214
20.914629
19.775565
19.804727
19.85159
19.909564
19.971295
20.029935
20.080294
20.117649
20.139037
18.890886
18.919623
18.966076
19.023828
19.085234
19.143229
19.192698
19.229038
19.249574
17.990894
18.019363
18.065272
18.122173
18.182585
18.239502
18.287842
18.323246
18.343136
17.181124
17.208922
17.253877
17.309621
17.369049
17.425182
17.472681
17.50728
17.526507
16.556146
16.583152
16.627112
16.681656
16.739941
16.795067
16.84157
16.875409
16.894238
16.185336
16.212076
16.2556
16.309414
16.366722
16.420836
16.46641
16.499576
16.518109
16.006734
16.033224
16.076437
16.130005
16.186858
16.24042
16.285638
16.318524
16.336842
15.637293
15.663134
15.705437
15.758087
15.814097
15.866848
15.911226
15.943363
15.961244
15.017827
15.042736
15.083525
15.134097
15.188007
15.238943
15.281688
15.312629
15.32991
14.220779
14.24433
14.282963
14.330867
14.38181
14.429739
14.469882
14.49903
14.515377
13.340409
13.362237
13.398018
13.442353
13.489561
13.534034
13.571228
13.598207
13.613379
12.47768
12.497701
12.530474
12.571058
12.614165
12.654768
12.688811
12.713511
12.727436
11.725789
11.74412
11.774089
11.811226
11.850677
11.887829
11.918968
11.941523
11.954233
11.159123
11.176137
11.203919
11.238294
11.274865
11.309404
11.338371
11.359336
11.371148
10.828173
10.844423
10.870964
10.903804
10.938684
10.971579
10.999192
11.019212
11.030512
10.670044
10.685927
10.711872
10.743993
10.778107
10.810237
10.837176
10.856707
10.867739
10.345405
10.360503
10.385163
10.415746
10.448252
10.478857
10.504491
10.523043
10.533511
9.8085195
9.8223077
9.8448465
9.8728221
9.9025469
9.9305394
9.9540191
9.9710134
9.9805904
9.1313689
9.1435302
9.1634275
9.1881189
9.2143097
9.2389196
9.259545
9.2744775
9.2828799
8.4004543
8.4108771
8.4279035
8.449009
8.4713819
8.4923759
8.5099286
8.5225937
8.5296845
7.701099
7.7098857
7.7242292
7.7419625
7.7607168
7.7782787
7.7928998
7.803393
7.8092485
7.1050663
7.1124863
7.1245947
7.1395391
7.1552975
7.1699843
7.1821294
7.1907885
7.1956025
6.66413
6.6705651
6.6810554
6.6939717
6.7075431
6.720142
6.7305055
6.7378501
6.7419245
6.4099683
6.4158491
6.4254358
6.4372098
6.4495339
6.4609387
6.4702859
6.476885
6.480546
6.2893868
6.2950061
6.3041653
6.315406
6.3271536
6.3380006
6.3468698
6.353118
6.3565781
6.0435551
6.0486467
6.056934
6.0670865
6.077672
6.0874022
6.0953169
6.1008703
6.1039303
5.6419826
5.6462367
5.6531376
5.661549
5.6702635
5.6782095
5.6846187
5.6890798
5.6915133
5.1441858
5.1474418
5.1526922
5.1590381
5.165532
5.171362
5.1759837
5.1791398
5.1808297
4.6172276
4.6194854
4.623078
4.6273532
4.6316367
4.6353666
4.6382135
4.6400792
4.6410378
4.1224852
4.1238672
4.1260213
4.128501
4.1308598
4.1327606
4.1340683
4.1348184
4.1351482
3.7074215
3.7081254
3.7091701
3.7102717
3.7111561
3.7116557
3.7117842
3.7116776
3.7115215
3.4037198
3.4039691
3.4042656
3.4044337
3.4043237
3.4038866
3.4032292
3.4025526
3.4020753
3.229759
3.2297633
3.2296608
3.2293265
3.2286794
3.2277424
3.226666
3.2256828
3.225035
22.136032
22.126348
22.106942
22.080429
22.047638
22.012644
21.978961
21.951144
21.934096
21.812189
21.802427
21.782406
21.755115
21.721495
21.685885
21.65211
21.624408
21.607523
21.249699
21.240599
21.221236
21.194376
21.160643
21.124266
21.089565
21.061195
21.044025
20.489438
20.481112
20.463332
20.438376
20.406686
20.372095
20.338457
20.310483
20.293375
19.605997
19.598363
19.581714
19.558416
19.528851
19.496516
19.465127
19.438963
19.422894
18.698198
18.691227
18.675925
18.654245
18.626471
18.595846
18.56607
18.541288
18.526061
17.873864
17.867594
17.853559
17.833353
17.807292
17.778376
17.750163
17.726601
17.712057
17.2317
17.226143
17.213316
17.194546
17.169975
17.142342
17.11535
17.092841
17.078908
16.848154
16.843008
16.831075
16.813395
16.78997
16.763302
16.73706
16.715106
16.701471
16.662832
16.657858
16.646258
16.629028
16.606177
16.580087
16.554317
16.532679
16.519209
16.278401
16.273646
16.262539
16.246097
16.224334
16.199429
16.174777
16.153944
16.140898
15.630941
15.626641
15.616401
15.600971
15.580407
15.556868
15.533757
15.514294
15.502076
14.791464
14.787935
14.779189
14.765559
14.74693
14.725161
14.703646
14.685486
14.674047
13.857206
13.854117
13.846521
13.83461
13.818256
13.798959
13.779766
13.763389
13.752948
12.937546
12.934605
12.927604
12.916621
12.901689
12.884269
12.867134
12.852522
12.84315
12.134025
12.130974
12.124166
12.113711
12.099699
12.083525
12.067771
12.054353
12.045705
11.528155
11.524822
11.517846
11.507433
11.493829
11.478476
11.463721
11.451168
11.443053
11.174698
11.171188
11.164033
11.153471
11.139883
11.124793
11.110472
11.09838
11.090583
16.670421
16.674993
16.679857
16.683477
16.683827
16.680636
16.675285
16.669221
16.664728
16.283183
16.287791
16.292921
16.297011
16.29793
16.295244
16.290315
16.284553
16.280224
15.631904
15.636172
15.641134
15.645308
15.646766
15.64506
15.641265
15.636403
15.632573
14.792387
14.795938
14.79999
14.80326
14.804246
14.802791
14.799873
14.79599
14.7928
13.862999
13.86555
13.868322
13.870199
13.870004
13.867886
13.864898
13.861312
13.85842
12.950779
12.952321
12.953621
12.953865
12.952227
12.949033
12.945416
12.941639
12.938766
12.154732
12.155561
12.155759
12.154723
12.151863
12.147461
12.142806
12.138469
12.135371
11.553955
11.55439
11.554029
11.552323
11.548756
11.543566
11.538079
11.533119
11.529685
11.20301
11.203222
11.202539
11.200489
11.196593
11.191065
11.185222
11.179955
11.176333
11.005922
11.002321
10.995071
10.984449
10.970873
10.955862
10.941683
10.929773
10.922102
10.659482
10.655717
10.648303
10.637545
10.623939
10.609028
10.595061
10.583436
10.57598
10.086923
10.082926
10.07526
10.064302
10.050649
10.035832
10.022065
10.010752
10.003555
9.3657438
9.3615231
9.3535627
9.3423837
9.3286927
9.3139293
9.3002812
9.2892201
9.2822405
8.5879237
8.5836276
8.575631
8.5645021
8.5509691
8.5363722
8.5228278
8.511895
8.5050459
7.8440162
7.8397588
7.8319664
7.8212267
7.8082205
7.7941289
7.7809392
7.7702733
7.7636099
7.2104609
7.2063016
7.1987854
7.188502
7.1761109
7.1626703
7.1500573
7.1398752
7.1335002
6.7422595
6.7382098
6.7309571
6.7210491
6.7091362
6.6962382
6.6841439
6.6743991
6.6682947
6.4727014
6.4687175
6.4616267
6.4519376
6.4403137
6.4277624
6.4159899
6.406506
6.4005738
6.3449357
6.3409841
6.333971
6.3243776
6.3128879
6.3005088
6.2888956
6.2795408
6.2736941
6.0846909
6.0808008
6.0739288
6.064523
6.053295
6.0412608
6.0299889
6.0209101
6.015242
5.6603833
5.6566193
5.6500014
5.6409188
5.6300995
5.6185856
5.6078478
5.599222
5.5938571
5.1360375
5.1324326
5.1261603
5.1175502
5.1073126
5.0964719
5.0863848
5.0783054
5.073307
4.5834774
4.5800421
4.5741172
4.5660298
4.5564767
4.5464115
4.5370651
4.5296028
4.5250029
4.0675351
4.0643011
4.0587273
4.0511537
4.0422865
4.0330038
4.0243914
4.0175314
4.0133218
3.6371845
3.6341359
3.6289004
3.6218148
3.6135558
3.6049741
3.5970335
3.5907086
3.5868455
3.3239615
3.3210601
3.3160818
3.3093876
3.3016031
3.2935464
3.2861213
3.2802217
3.2766382
3.1452286
3.1424245
3.1376011
3.1311465
3.1236582
3.1159089
3.1087737
3.1031239
3.0997101
6.3853192
6.3837032
6.3806742
6.3760245
6.3699964
6.3630751
6.3562295
6.3504785
6.3467861
6.1253368
6.1236334
6.1204679
6.1157037
6.1096231
6.1027049
6.0958878
6.0901748
6.0865214
5.7013731
5.6995425
5.6961786
5.6912347
5.685042
5.67811
5.671347
5.6657183
5.6621595
5.1771947
5.1752422
5.1716984
5.1666101
5.1603309
5.1534034
5.1467146
5.1411917
5.1377483
4.6243545
4.622298
4.6185976
4.6134087
4.6071193
4.6002866
4.5937631
4.5884214
4.5851164
4.1076105
4.1055043
4.1017512
4.0965421
4.0902994
4.0836249
4.0773248
4.0722144
4.0690804
3.6761051
3.6739831
3.6702505
3.6651206
3.659018
3.6525539
3.6464933
3.6416138
3.6386431
3.3617464
3.3596165
3.3559042
3.3508659
3.3449271
3.3386771
3.3328452
3.3281784
3.3253465
3.1822565
3.1801313
3.1764442
3.1714665
3.1656293
3.1595172
3.1538369
3.1493093
3.1465649
10.993799
10.998866
11.006639
11.01532
11.023289
11.029226
11.03296
11.034778
11.035234
10.652884
10.657621
10.66491
10.67301
10.680385
10.685814
10.689152
10.690701
10.691016
10.088827
10.093069
10.099592
10.106724
10.113044
10.117543
10.120197
10.121293
10.121387
9.3768589
9.380477
9.3860134
9.3919564
9.3970595
9.4004706
9.4022566
9.4027646
9.4025718
8.60795
8.6108439
8.6152093
8.6197701
8.623529
8.6258243
8.6267592
8.6266667
8.6261602
7.8723962
7.8746004
7.8778394
7.8810448
7.8834663
7.8846231
7.884652
7.8839291
7.8831194
7.2460623
7.2476607
7.2499028
7.2519638
7.2532836
7.2534694
7.2527078
7.2514422
7.2503618
6.783227
6.7843708
6.7858694
6.7870864
6.7875718
6.7870339
6.7857309
6.7841079
6.7828483
6.5166634
6.5175617
6.5186757
6.5194357
6.5194404
6.5184764
6.5168524
6.5150238
6.5136684
6.3902568
6.3910419
6.3919854
6.3925415
6.3923334
6.3911765
6.3893998
6.3874726
6.3860673
6.1326975
6.1332452
6.1338246
6.1339595
6.1333406
6.131825
6.1297553
6.1276301
6.1261256
5.7125147
5.7127002
5.7126982
5.7121417
5.7108421
5.7087539
5.7062524
5.7038545
5.7022179
5.1926754
5.1924407
5.1917748
5.1904441
5.1883698
5.1856043
5.1825903
5.1798806
5.1780971
4.6438738
4.6432235
4.6419133
4.6398428
4.6370383
4.6336652
4.630212
4.6272289
4.6253079
4.1303117
4.1293331
4.1275104
4.1248397
4.1214322
4.1175635
4.1137728
4.1106037
4.108597
3.7009666
3.6997555
3.6975725
3.694484
3.690682
3.6864943
3.6824615
3.6791587
3.6771066
3.3878144
3.3864563
3.3840502
3.380709
3.3766758
3.3723257
3.368183
3.3648186
3.3627511
3.2088474
3.2074201
3.204909
3.2014505
3.1973045
3.192877
3.1886973
3.1853235
3.1832592
6.3581992
6.3613992
6.3664384
6.3723383
6.3781191
6.3829642
6.3865433
6.3887661
6.3898145
6.1053602
6.1081769
6.1125998
6.1177451
6.1227359
6.126858
6.1298292
6.131592
6.1323764
5.6926431
5.6948555
5.6983008
5.7022327
5.7059497
5.7089108
5.7109181
5.7119772
5.7123713
5.1816069
5.1831097
5.1854119
5.1879297
5.1901578
5.1917265
5.1925627
5.1927935
5.1927386
4.6414702
4.6422737
4.6434446
4.6445639
4.6453119
4.6455098
4.6452124
4.6446375
4.6441411
4.1352883
4.1354959
4.1356943
4.1356131
4.1350863
4.1341082
4.1328532
4.131606
4.1307438
3.7114365
3.7111846
3.7106371
3.7096608
3.7081998
3.7063491
3.7043821
3.7026477
3.70152
3.4018406
3.4012812
3.4002328
3.3986541
3.3965799
3.3941771
3.391765
3.3897283
3.3884413
3.2247235
3.2240059
3.2226929
3.2207888
3.2183854
3.2156963
3.2130583
3.2108699
3.2095073
15.855596
15.827152
15.776507
15.710969
15.634687
15.556948
15.485724
15.429027
15.394552
15.493678
15.466025
15.416814
15.353157
15.278885
15.202938
15.133148
15.077464
15.043526
14.883248
14.856796
14.809739
14.748984
14.678216
14.605871
14.539209
14.485871
14.453219
14.093032
14.068044
14.02358
13.966157
13.899363
13.831282
13.768718
13.718805
13.688281
13.21383
13.190521
13.149005
13.095324
13.032848
12.969156
12.910664
12.864097
12.835652
12.346337
12.324721
12.286185
12.236255
12.178145
12.118877
12.064436
12.02109
11.994549
11.585692
11.565633
11.529849
11.48336
11.429185
11.373856
11.323025
11.282569
11.25776
11.010054
10.991118
10.957371
10.913518
10.862443
10.810215
10.762175
10.723911
10.7004
10.673439
10.655102
10.622458
10.58004
10.530718
10.480326
10.433991
10.397071
10.374354
6.0378001
6.0282733
6.0114458
5.9891242
5.9632183
5.9365597
5.9121126
5.8926326
5.8804249
5.787812
5.7787235
5.7627
5.7414304
5.7167572
5.691343
5.6680239
5.6494302
5.6377574
5.380431
5.3720313
5.3572676
5.3376588
5.314958
5.2915756
5.2701253
5.2530038
5.242217
4.877514
4.8699438
4.8566938
4.8390764
4.8187257
4.7977782
4.7785903
4.7632765
4.753593
4.348183
4.3414564
4.3297524
4.3141926
4.2962668
4.2778387
4.2609783
4.247522
4.2389758
3.854764
3.8487941
3.8384769
3.824781
3.8090518
3.7929369
3.7782259
3.7664939
3.7590087
3.4439635
3.4386189
3.42944
3.4172758
3.4033422
3.3891108
3.3761516
3.3658396
3.359236
3.1454341
3.1405449
3.132191
3.1211432
3.1085257
3.0956604
3.0839609
3.0746684
3.0686966
2.9752983
2.9706681
2.9627808
2.9523665
2.9405015
2.928419
2.9174422
2.9087343
2.9031239
10.753757
10.740515
10.716104
10.683536
10.645083
10.604972
10.568005
10.538537
10.520733
10.414042
10.40126
10.377739
10.34637
10.30939
10.270853
10.235339
10.206987
10.189824
9.8517266
9.8397488
9.8177237
9.7882458
9.7534764
9.7172959
9.6840501
9.6575386
9.6414801
9.141541
9.1306147
9.1105755
9.0836473
9.0517819
9.018509
8.9879024
8.9634908
8.9486979
8.3744625
8.3645667
8.34653
8.3222572
8.2935609
8.2635735
8.2359495
8.2138615
8.2004397
7.6412006
7.632206
7.6159275
7.5939936
7.5681181
7.5411173
7.5162864
7.496444
7.4843713
7.0175385
7.0092414
6.9943521
6.9743127
6.9507503
6.9261895
6.9036155
6.8855843
6.8746019
6.5574043
6.5495568
6.5355816
6.5168208
6.4948721
6.4720794
6.4511702
6.4344746
6.4242915
6.2928372
6.2852378
6.2717588
6.2536857
6.2325946
6.2107505
6.1907621
6.1748292
6.1651117
6.1675045
6.1600237
6.1467795
6.1290324
6.1083443
6.0869381
6.0673688
6.0517831
6.0422787
5.9123196
5.9050825
5.8923128
5.875223
5.8553401
5.834807
5.8160695
5.8011753
5.792098
5.4966112
5.4897701
5.4777655
5.4617537
5.4431758
5.4240376
5.4066208
5.3928179
5.3844136
4.9835343
4.9772086
4.9661462
4.9514639
4.9344818
4.9170423
4.9012137
4.88872
4.8811302
4.4434287
4.4377054
4.4276897
4.4144519
4.399188
4.3835515
4.3693446
4.3581789
4.3514237
3.9397121
3.9345681
3.9255747
3.9137485
3.9001535
3.8862484
3.8735865
3.8636468
3.857655
3.5201255
3.5154694
3.5073764
3.4967664
3.4845815
3.4721296
3.4608022
3.451901
3.4465511
3.2150724
3.2107869
3.2034046
3.193691
3.1825505
3.1711688
3.1608098
3.1526771
3.1478005
3.0411521
3.0370823
3.0301215
3.0209193
3.01039
2.9996378
2.9898316
2.9821429
2.9775399
6.2708604
6.264917
6.2543998
6.2403044
6.2238205
6.206612
6.1909652
6.1786364
6.1710843
6.0124882
6.0067056
5.9964895
5.982818
5.9668666
5.9502156
5.935049
5.923106
5.9157941
5.5912436
5.5857452
5.5760734
5.5631649
5.5481307
5.532429
5.5180937
5.506812
5.499906
5.0708649
5.0657206
5.0567491
5.0448426
5.0310012
5.0165503
5.0033449
4.9929526
4.9865818
4.5227512
4.518023
4.5098323
4.4989836
4.4863971
4.4732954
4.4613347
4.451937
4.446178
4.0112644
4.0069698
3.9995617
3.989737
3.9783563
3.9665596
3.9557902
3.9473263
3.9421664
3.584962
3.5810428
3.5743058
3.5653644
3.5550316
3.5443718
3.5346446
3.5269862
3.5223399
3.2748938
3.2712635
3.2650295
3.2567494
3.2472046
3.2373874
3.2284289
3.2213792
3.2171219
3.098048
3.0945855
3.0886496
3.0807664
3.0716912
3.0623645
3.0538428
3.0471416
3.0431108
