FiniteElementSpace
FiniteElementCollection: L2_2D_P8
VDim: 1
Ordering: 0

-2.0831392
-2.0743405
-2.0589521
-2.0379041
-2.0128842
-1.9863706
-1.961489
-1.94155
-1.9294001
-2.1307576
-2.1219146
-2.1064256
-2.0852241
-2.0599861
-2.0332075
-2.0080571
-1.9878745
-1.9755634
-2.2124773
-2.2035522
-2.1878976
-2.1664228
-2.1408003
-2.1135686
-2.0879426
-2.067347
-2.0547776
-2.3209526
-2.311923
-2.2960501
-2.2742083
-2.2480753
-2.2202222
-2.1939593
-2.1728259
-2.1599116
-2.4451645
-2.4360153
-2.4198915
-2.3976425
-2.3709256
-2.3423651
-2.31537
-2.2936011
-2.2802849
-2.5713941
-2.5621263
-2.5457606
-2.5230975
-2.4958048
-2.4665388
-2.4387992
-2.4163987
-2.4026823
-2.685128
-2.6757621
-2.6591742
-2.6361592
-2.6083536
-2.5784583
-2.5500786
-2.5271072
-2.513017
-2.7731976
-2.7637477
-2.7470154
-2.7237279
-2.6955289
-2.6651762
-2.6362774
-2.6128672
-2.5985237
-2.8255631
-2.8160849
-2.7992669
-2.7758005
-2.7474038
-2.7167515
-2.6875536
-2.6639304
-2.649427
-1.160633
-1.1403804
-1.1060544
-1.0611688
-1.0104056
-0.9591836
-0.91321172
-0.87768432
-0.85655934
-1.1920594
-1.1713559
-1.1362769
-1.0903712
-1.0383773
-0.98592551
-0.93889839
-0.90254456
-0.88090715
-1.2460522
-1.2245818
-1.1881595
-1.1404169
-1.0863634
-1.0319067
-0.98303229
-0.94517037
-0.92261696
-1.3177833
-1.2952442
-1.2569943
-1.2068995
-1.1502229
-1.0930136
-1.0415647
-1.0017242
-0.97802112
-1.3999735
-1.3762451
-1.3360024
-1.2832671
-1.2234509
-1.1630161
-1.1087591
-1.0667824
-1.0417874
-1.4838056
-1.458889
-1.4165598
-1.3609899
-1.2980202
-1.2345213
-1.177436
-1.1331369
-1.1067206
-1.5595519
-1.533489
-1.4892376
-1.4312749
-1.3656383
-1.2992276
-1.2393673
-1.1929662
-1.1653538
-1.6182607
-1.5913839
-1.5458049
-1.4860443
-1.4181192
-1.349314
-1.2874721
-1.2396428
-1.2111774
-1.6533308
-1.6260011
-1.5796012
-1.5186349
-1.4493036
-1.3792118
-1.3162921
-1.2675871
-1.2385637
-4.7859583
-4.7771771
-4.7602561
-4.7341772
-4.7002303
-4.6623537
-4.6254308
-4.5948862
-4.5758527
-4.8100592
-4.8009394
-4.7834323
-4.7569194
-4.723065
-4.685632
-4.6489967
-4.6184194
-4.5993352
-4.8466951
-4.8370375
-4.8189474
-4.7926628
-4.7596757
-4.7226066
-4.6859748
-4.6554838
-4.6364524
-4.8874233
-4.8779213
-4.8604886
-4.8351242
-4.8027005
-4.7658758
-4.7293807
-4.6990164
-4.6800633
-4.9271528
-4.9181819
-4.9014402
-4.8765293
-4.8443166
-4.8078489
-4.7717039
-4.7413189
-4.7222194
-4.9606089
-4.9518602
-4.9352601
-4.9106878
-4.8791216
-4.8427966
-4.806228
-4.7755169
-4.7562547
-4.9840285
-4.9754772
-4.9595169
-4.9354197
-4.9035409
-4.8668505
-4.8300849
-4.7990711
-4.7796352
-4.9988448
-4.9903227
-4.9741383
-4.9498877
-4.9179147
-4.8807413
-4.8437344
-4.8127997
-4.7933686
-5.0056475
-4.9973207
-4.9810171
-4.9563429
-4.9244003
-4.8873121
-4.8499965
-4.8190003
-4.7996827
-3.0327577
-2.9871046
-2.9093041
-2.8067297
-2.6897727
-2.5709545
-2.4635527
-2.3799754
-2.330051
-3.0505276
-3.004651
-2.9264699
-2.8234197
-2.7059331
-2.5865588
-2.4786534
-2.3946898
-2.3445311
-3.0786103
-3.0323956
-2.9536576
-2.8498885
-2.7315649
-2.6113382
-2.5026622
-2.4180744
-2.3675261
-3.1115888
-3.0650147
-2.9856651
-2.881076
-2.7618136
-2.6406094
-2.5309882
-2.4456271
-2.3946129
-3.1438562
-3.0969529
-3.0170346
-2.9116873
-2.7915103
-2.6692919
-2.5587262
-2.472647
-2.4212112
-3.1710231
-3.1238618
-3.0434879
-2.9374773
-2.816475
-2.693435
-2.5821618
-2.4955219
-2.4437371
-3.1908334
-3.1434736
-3.0627251
-2.956208
-2.8346877
-2.7111373
-2.5993476
-2.5122748
-2.4602302
-3.2031222
-3.1556223
-3.0746616
-2.9679203
-2.8461253
-2.7222219
-2.6100997
-2.5227874
-2.4706048
-3.2091634
-3.1616204
-3.0806007
-2.9737577
-2.8517976
-2.7277262
-2.6154714
-2.528055
-2.4758057
-3.8076653
-3.7978283
-3.7805274
-3.7570601
-3.729735
-3.7016224
-3.6759791
-3.6557336
-3.6434604
-3.7625782
-3.7531476
-3.7365992
-3.7140194
-3.6871917
-3.658985
-3.6330271
-3.6125781
-3.6002696
-3.6865524
-3.6770197
-3.6605382
-3.6385827
-3.6130156
-3.5861403
-3.5610242
-3.5409053
-3.528665
-3.5876189
-3.5782617
-3.5619703
-3.5400743
-3.5146709
-3.4884276
-3.4643438
-3.44522
-3.4335903
-3.4749496
-3.4657152
-3.4497825
-3.4285171
-3.4037671
-3.3780174
-3.354347
-3.3356181
-3.3242836
-3.3617175
-3.3526204
-3.3368589
-3.3158055
-3.2914888
-3.2664354
-3.2434998
-3.2253475
-3.2143512
-3.2594624
-3.2506419
-3.2353711
-3.2149112
-3.1910816
-3.1663751
-3.1437835
-3.1260196
-3.1153153
-3.1803189
-3.1715298
-3.1564273
-3.1364071
-3.1132735
-3.0892265
-3.0670394
-3.0494903
-3.0388973
-3.1336315
-3.1248863
-3.1097828
-3.0897108
-3.0666922
-3.0430658
-3.0213697
-3.0041494
-2.9937181
-2.5794985
-2.5410814
-2.4756557
-2.3894701
-2.2911227
-2.191038
-2.1004672
-2.0299617
-1.9878348
-2.5504352
-2.5124401
-2.4476651
-2.3623044
-2.2649927
-2.1660178
-2.0764116
-2.0066309
-1.9649361
-2.5005055
-2.4632311
-2.3996858
-2.3158412
-2.22019
-2.1230263
-2.0351402
-1.9666707
-1.9257379
-2.4342436
-2.3978427
-2.3358515
-2.2541455
-2.1608577
-2.0659894
-1.9802351
-1.9135036
-1.8736254
-2.358551
-2.3230824
-2.2627025
-2.1832419
-2.0927006
-2.0006533
-1.9173588
-1.8525162
-1.8137837
-2.2814112
-2.2470545
-2.1884384
-2.1111815
-2.0231836
-1.9339053
-1.8532273
-1.7904069
-1.7528605
-2.2109179
-2.1777425
-2.1210641
-2.046134
-1.9605338
-1.8736015
-1.7951324
-1.734125
-1.6976864
-2.1558278
-2.1234116
-2.0682131
-1.9953078
-1.9118513
-1.8268798
-1.7500798
-1.6903827
-1.6547565
-2.1231749
-2.0910623
-2.0365468
-1.9647911
-1.8826998
-1.7990107
-1.7232766
-1.6643657
-1.629203
-1.7108409
-1.6950829
-1.6681085
-1.6322669
-1.5909867
-1.548675
-1.510102
-1.4798389
-1.4616631
-1.7536025
-1.7375747
-1.7101063
-1.6735757
-1.6315354
-1.588412
-1.5490416
-1.5181625
-1.4996296
-1.8269801
-1.8104614
-1.7821324
-1.7444806
-1.7011162
-1.6565511
-1.6158662
-1.5839672
-1.5648063
-1.9243616
-1.9072058
-1.877786
-1.8386311
-1.793455
-1.7470322
-1.7046313
-1.6713291
-1.6513076
-2.0359506
-2.0180759
-1.9873807
-1.9464824
-1.8992984
-1.8507451
-1.8063213
-1.7714306
-1.7504628
-2.149472
-2.130844
-2.0988627
-2.0562602
-2.0070084
-1.9562631
-1.9098553
-1.8733816
-1.8514302
-2.2518831
-2.2326221
-2.1995165
-2.1552989
-2.1041863
-2.0515661
-2.0033386
-1.9653694
-1.9425292
-2.3313335
-2.3115537
-2.2775092
-2.2321053
-2.1796441
-2.1254654
-2.0757907
-2.0367646
-2.0132956
-2.3785721
-2.3584722
-2.3239383
-2.277903
-2.2245478
-2.1694318
-2.118999
-2.0793519
-2.0554663
-3.1082796
-3.083726
-3.0413162
-2.9845818
-2.9189194
-2.8508204
-2.7878628
-2.7380885
-2.7081146
-3.1529898
-3.1281265
-3.0853209
-3.0281856
-2.9618143
-2.8926824
-2.8288751
-2.7786232
-2.7484084
-3.2274668
-3.2023102
-3.159004
-3.1008667
-3.0328804
-2.9622604
-2.8975286
-2.846625
-2.8159391
-3.3228405
-3.2971768
-3.252741
-3.192883
-3.1233132
-3.0515756
-2.9856627
-2.9334493
-2.901838
-3.4266587
-3.4001991
-3.3545661
-3.2936242
-3.2230225
-3.1496004
-3.0815357
-3.0275654
-2.99498
-3.5268094
-3.500033
-3.4539619
-3.3920769
-3.3194841
-3.2436396
-3.1737297
-3.118628
-3.0854248
-3.6140564
-3.5869478
-3.5398746
-3.4761436
-3.4016332
-3.324494
-3.2536305
-3.1976571
-3.1638554
-3.6789827
-3.6512103
-3.6030446
-3.5382924
-3.4630989
-3.3852259
-3.3134468
-3.2566792
-3.2224047
-3.71614
-3.688062
-3.6395154
-3.574432
-3.4988379
-3.4204286
-3.3481191
-3.2909372
-3.2564091
-3.6278951
-3.6179629
-3.5999842
-3.5747596
-3.5434379
-3.5089137
-3.475819
-3.4486905
-3.4318231
-3.6766364
-3.6666763
-3.6488512
-3.6234894
-3.5918966
-3.5573766
-3.5240266
-3.4965337
-3.4795388
-3.7578029
-3.7479238
-3.7300243
-3.7043875
-3.6727413
-3.6378947
-3.6040279
-3.5763122
-3.559229
-3.8610365
-3.8510898
-3.8330543
-3.8074327
-3.7754867
-3.7401498
-3.7060164
-3.6779836
-3.6605722
-3.9733224
-3.9634217
-3.9454968
-3.9196339
-3.8873729
-3.8518415
-3.8171838
-3.788594
-3.7709316
-4.0818828
-4.071992
-4.0538573
-4.0279639
-3.9956539
-3.9595539
-3.9244961
-3.8957784
-3.8779409
-4.1748261
-4.1649057
-4.1470483
-4.1211718
-4.0883438
-4.0522234
-4.0170721
-3.9877657
-3.9695142
-4.2440591
-4.2344107
-4.2164129
-4.1900446
-4.1575868
-4.1213837
-4.0854251
-4.055879
-4.0377538
-4.2843632
-4.2744359
-4.25603
-4.2301446
-4.1978002
-4.1608922
-4.1249618
-4.0957765
-4.0776776
-2.1994193
-2.1644498
-2.1050021
-2.0268626
-1.9380381
-1.8480679
-1.7669495
-1.7039286
-1.6663147
-2.2333373
-2.1979376
-2.1377295
-2.0585655
-1.9685706
-1.8774001
-1.7951646
-1.7312488
-1.6930926
-2.2899639
-2.2538324
-2.1923679
-2.111536
-2.019595
-1.9263685
-1.842218
-1.776796
-1.7377391
-2.3623274
-2.3252706
-2.2622268
-2.1792692
-2.0847909
-1.9888736
-1.9022509
-1.8349102
-1.7947135
-2.4417332
-2.4036383
-2.3387847
-2.2533718
-2.1560433
-2.0572202
-1.9679707
-1.8985873
-1.8571747
-2.5188513
-2.4796838
-2.4129756
-2.3251117
-2.2250315
-2.1234727
-2.0317927
-1.9605336
-1.9180005
-2.5852283
-2.5451315
-2.4768515
-2.3869391
-2.2845501
-2.1806923
-2.0869789
-2.0141498
-1.9706764
-2.6346835
-2.5939136
-2.5244981
-2.4331063
-2.3290649
-2.2235471
-2.128321
-2.0543089
-2.0101319
-2.6633178
-2.6221675
-2.5521101
-2.459892
-2.3549244
-2.2484497
-2.1523469
-2.0776544
-2.0330697
-4.1915165
-4.1612767
-4.10886
-4.0381528
-3.9554422
-3.869306
-3.7897456
-3.72676
-3.6886962
-4.213855
-4.1834743
-4.1308292
-4.0598409
-3.9768503
-3.8904562
-3.8106618
-3.7474851
-3.7092996
-4.2489262
-4.2183461
-4.16539
-4.0940489
-4.0107023
-3.9239489
-3.8438037
-3.780326
-3.7419465
-4.2896779
-4.2589416
-4.2057508
-4.1341321
-4.0504634
-3.9633362
-3.8827891
-3.8189451
-3.780321
-4.3291155
-4.2983137
-4.2450139
-4.1732245
-4.0892916
-4.0017877
-3.9207817
-3.8564963
-3.8175763
-4.3620062
-4.3312002
-4.2778593
-4.2059423
-4.1217367
-4.0337981
-3.952288
-3.8875837
-3.8484221
-4.3857219
-4.3549132
-4.3015325
-4.2294579
-4.1449313
-4.0565897
-3.9747428
-3.9098154
-3.8705203
-4.4002703
-4.3694473
-4.3159705
-4.2437156
-4.1589591
-4.070433
-3.9884559
-3.9233863
-3.8839889
-4.4072342
-4.3764219
-4.322922
-4.2505532
-4.16571
-4.0771484
-3.9950809
-3.9299336
-3.8905231
-4.3414224
-4.3130778
-4.2648448
-4.2004075
-4.122523
-4.0370409
-3.956864
-3.8933584
-3.8545133
-4.2948983
-4.2709359
-4.2309409
-4.1777444
-4.1086391
-4.0252934
-3.9452911
-3.8821296
-3.8432243
-4.2475819
-4.228263
-4.194407
-4.1476629
-4.0839228
-4.0030277
-3.9236097
-3.8608673
-3.8222662
-4.2059653
-4.1866637
-4.152462
-4.1063727
-4.0466686
-3.9695481
-3.8910887
-3.8290112
-3.7908619
-4.150336
-4.1311547
-4.0980438
-4.0543507
-3.9986882
-3.9260795
-3.8490469
-3.7874849
-3.7501002
-4.094311
-4.0753026
-4.0420628
-3.9981996
-3.944858
-3.8763544
-3.801162
-3.7402257
-3.7035279
-4.0357305
-4.0168843
-3.9849222
-3.9428721
-3.8919856
-3.8273545
-3.7540606
-3.6935196
-3.6574253
-3.9900652
-3.9715274
-3.9396882
-3.8975711
-3.8478887
-3.7862592
-3.7149976
-3.6549555
-3.6191964
-3.9629247
-3.9442739
-3.9122181
-3.8699269
-3.8205816
-3.7603422
-3.6904872
-3.6310018
-3.5954623
-4.937521
-4.9259009
-4.9049536
-4.8754256
-4.8390802
-4.7992896
-4.7607814
-4.7292413
-4.710335
-4.8868136
-4.8737961
-4.8506678
-4.8183553
-4.7791657
-4.73695
-4.6968661
-4.6648112
-4.6457591
-4.7869688
-4.772426
-4.7469171
-4.7121623
-4.6714473
-4.6291736
-4.5904515
-4.5603029
-4.5425534
-4.6762348
-4.6626698
-4.6393775
-4.6085273
-4.5732242
-4.5372232
-4.5045173
-4.4790813
-4.4640094
-4.6096601
-4.598033
-4.5779433
-4.5511317
-4.5199033
-4.487347
-4.4571696
-4.4330864
-4.4184806
-4.5544085
-4.5422149
-4.5210984
-4.4928345
-4.4599714
-4.4258829
-4.394493
-4.3697189
-4.3548633
-4.4923783
-4.4806383
-4.4603527
-4.4331837
-4.4015436
-4.3686094
-4.3381052
-4.3138923
-4.2992634
-4.4458141
-4.4340009
-4.4135271
-4.3861462
-4.3541925
-4.3208909
-4.290019
-4.2654995
-4.2507455
-4.4151177
-4.4031153
-4.3822306
-4.354256
-4.3218266
-4.2882299
-4.2572537
-4.2327995
-4.218173
-1.6287876
-1.5741534
-1.4819016
-1.3618493
-1.2269884
-1.0920605
-0.97183587
-0.87937925
-0.82459392
-1.6243555
-1.5698812
-1.4778986
-1.3581956
-1.2237265
-1.08919
-0.96931321
-0.87712376
-0.82249659
-1.6157835
-1.5616098
-1.4701344
-1.3510905
-1.217361
-1.0835638
-0.96434493
-0.87266065
-0.81833242
-1.602621
-1.5488957
-1.4581774
-1.3401188
-1.2074959
-1.074805
-0.95657128
-0.86564415
-0.81176448
-1.5851981
-1.5320522
-1.4423125
-1.3255277
-1.194336
-1.0630772
-0.94611991
-0.85617484
-0.80287724
-1.5650586
-1.5125698
-1.4239404
-1.3086012
-1.1790346
-1.0494037
-0.93389858
-0.84507113
-0.79243614
-1.5449014
-1.4930612
-1.4055279
-1.2916172
-1.1636578
-1.0356371
-0.92156865
-0.83384762
-0.78186881
-1.5280211
-1.4767193
-1.3900961
-1.2773715
-1.1507471
-1.0240646
-0.9111905
-0.82438925
-0.77295598
-1.5174657
-1.4664988
-1.3804419
-1.2684555
-1.1426618
-1.0168123
-0.90468201
-0.81845335
-0.76735958
-3.1850803
-3.1382757
-3.058468
-2.9531662
-2.8329384
-2.7106074
-2.5998819
-2.5136212
-2.4620511
-3.1760216
-3.1293571
-3.0497894
-2.9448081
-2.8249438
-2.7029792
-2.5925832
-2.5065797
-2.4551636
-3.1587868
-3.1123886
-3.0332715
-2.9288827
-2.8096918
-2.6884111
-2.5786336
-2.4931106
-2.4419818
-3.1327873
-3.0867805
-3.0083285
-2.9048127
-2.7866139
-2.6663425
-2.5574802
-2.4726691
-2.4219653
-3.0989018
-3.0533884
-2.9757748
-2.8733695
-2.756446
-2.6374694
-2.5297768
-2.4458767
-2.3957174
-3.0601703
-3.015217
-2.9385551
-2.837397
-2.7219001
-2.6043795
-2.4980082
-2.4151376
-2.3655932
-3.021711
-2.977302
-2.9015766
-2.8016504
-2.6875563
-2.5714627
-2.4663885
-2.3845315
-2.3355929
-2.9896886
-2.9457202
-2.8707578
-2.7718467
-2.6589208
-2.5440121
-2.4400087
-2.3589884
-2.3105506
-2.9697298
-2.9260372
-2.8515465
-2.7532594
-2.641056
-2.5268864
-2.42355
-2.3430488
-2.2949213
-3.423092
-3.4074664
-3.3810921
-3.3460165
-3.3061941
-3.2629472
-3.2116854
-3.161717
-3.1301429
-3.38443
-3.3688545
-3.3425307
-3.3075848
-3.2680428
-3.2255375
-3.1755431
-3.126567
-3.0954682
-3.3183586
-3.3033218
-3.2776989
-3.2433229
-3.2041391
-3.1621435
-3.1133035
-3.0655794
-3.0352651
-3.2289145
-3.2145537
-3.1901262
-3.1574752
-3.1200631
-3.0798128
-3.032576
-2.985591
-2.9555169
-3.1277332
-3.1137076
-3.0898575
-3.0581633
-3.0222116
-2.9840944
-2.9398411
-2.8950368
-2.8657432
-3.0251566
-3.0117953
-2.9889574
-2.9584007
-2.923512
-2.8865882
-2.8441632
-2.8013088
-2.7732443
-2.9317902
-2.9189465
-2.8970529
-2.8679189
-2.8346291
-2.7993197
-2.7584823
-2.7166531
-2.6890876
-2.8598912
-2.8472721
-2.8257692
-2.7972504
-2.7649208
-2.7309329
-2.6918531
-2.6513957
-2.6243716
-2.8172264
-2.8048614
-2.783714
-2.7555311
-2.7235162
-2.6899543
-2.6516453
-2.6121237
-2.5856924
-2.1489603
-2.1394607
-2.1233037
-2.1019518
-2.0778174
-2.0526825
-2.0237626
-1.9930663
-1.972188
-2.1070781
-2.0978102
-2.0820267
-2.0610713
-2.0372605
-2.0124127
-1.9839365
-1.9538739
-1.9334627
-2.0368078
-2.0278004
-2.0125089
-1.9922921
-1.9693091
-1.9452196
-1.9174459
-1.8881229
-1.8682921
-1.9466976
-1.93801
-1.9232385
-1.9037068
-1.8815813
-1.858492
-1.8319211
-1.8037767
-1.7846745
-1.8467151
-1.8384399
-1.8243743
-1.8057481
-1.7845856
-1.7624544
-1.7370168
-1.7101728
-1.6919937
-1.748256
-1.7403363
-1.7268836
-1.7091115
-1.6889682
-1.6679195
-1.6436741
-1.6180264
-1.6006538
-1.6619026
-1.6543288
-1.6414504
-1.624398
-1.6050569
-1.584874
-1.561707
-1.5372395
-1.5206521
-1.5963019
-1.5889859
-1.5765655
-1.5601415
-1.541488
-1.5219715
-1.4995308
-1.4758827
-1.4598994
-1.5578578
-1.5506668
-1.5384637
-1.5223682
-1.5041412
-1.4850936
-1.463141
-1.439939
-1.4242497
-2.3987871
-2.3917429
-2.3796344
-2.3635225
-2.3450421
-2.3261223
-2.3088166
-2.2951513
-2.2868978
-2.3525583
-2.3456726
-2.3338443
-2.3180442
-2.2997896
-2.2810436
-2.2639691
-2.2505722
-2.2425127
-2.2751783
-2.2684445
-2.2569185
-2.2416132
-2.2239802
-2.2057998
-2.1891433
-2.1760503
-2.1681876
-2.1757837
-2.169293
-2.158159
-2.1433619
-2.1263553
-2.1089093
-2.0929734
-2.0804346
-2.0728899
-2.0657213
-2.0595111
-2.0488758
-2.0347551
-2.0184998
-2.0017902
-1.9865277
-1.9745408
-1.9673413
-1.957525
-1.9515785
-1.9413912
-1.9278754
-1.9123505
-1.8964161
-1.8818492
-1.8703861
-1.8634926
-1.8626736
-1.8569689
-1.8471958
-1.8342149
-1.8192782
-1.8039454
-1.7899559
-1.7789695
-1.7723681
-1.7907223
-1.7851782
-1.7756931
-1.763124
-1.74868
-1.7338335
-1.7202596
-1.7095942
-1.7031909
-1.7485315
-1.743085
-1.7337548
-1.7213873
-1.7072077
-1.6926756
-1.6793937
-1.6689384
-1.6626506
-1.3086882
-1.2642308
-1.1891813
-1.0915495
-0.98192344
-0.87229684
-0.77465454
-0.69957963
-0.65509697
-1.2930552
-1.2490809
-1.1748498
-1.0782881
-0.96986832
-0.86144625
-0.76487053
-0.69061178
-0.64661222
-1.2662579
-1.2231117
-1.1502835
-1.055556
-0.94919901
-0.8428282
-0.74806746
-0.67520477
-0.63203665
-1.2306994
-1.1886586
-1.1176938
-1.0253834
-0.92172982
-0.81806002
-0.72572007
-0.65473785
-0.61269272
-1.1899096
-1.1491315
-1.0802952
-0.9907408
-0.89017928
-0.7896323
-0.70011256
-0.63131552
-0.59056729
-1.1483341
-1.1088118
-1.042113
-0.95537891
-0.8580293
-0.76071801
-0.6740817
-0.6074996
-0.56806426
-1.1107585
-1.0723802
-1.0076199
-0.92343921
-0.82899846
-0.73461378
-0.65058378
-0.58600726
-0.54776278
-1.0815531
-1.0440952
-0.9808788
-0.89868813
-0.80647777
-0.71434517
-0.63234601
-0.56934105
-0.53202893
-1.0641267
-1.0272247
-0.96494357
-0.88395205
-0.79307186
-0.7022773
-0.62148686
-0.55941826
-0.52266179
-0.79235563
-0.7641257
-0.71645625
-0.65441197
-0.58478215
-0.51531102
-0.45361182
-0.40627272
-0.37825664
-0.77522669
-0.74756505
-0.70088557
-0.64013323
-0.57190089
-0.50376322
-0.44323498
-0.39681078
-0.36934594
-0.74665932
-0.71984323
-0.67470488
-0.61611677
-0.55033427
-0.48451922
-0.42596687
-0.38105292
-0.35449326
-0.71041948
-0.68469365
-0.64134384
-0.58518364
-0.52240737
-0.45974702
-0.40393138
-0.36102874
-0.33563254
-0.67022566
-0.64591717
-0.60486666
-0.55146895
-0.49168321
-0.43219932
-0.37941733
-0.33888948
-0.31488401
-0.63060116
-0.60758123
-0.56881546
-0.51846747
-0.46193221
-0.40546677
-0.35537594
-0.31702713
-0.29436177
-0.59620372
-0.57425874
-0.53729173
-0.48940816
-0.43584961
-0.38233812
-0.33469664
-0.29815174
-0.27655913
-0.5701675
-0.54913829
-0.51363764
-0.46752984
-0.41601147
-0.36473648
-0.31913206
-0.28407564
-0.26332374
-0.55483133
-0.53434267
-0.49977373
-0.4548117
-0.40446187
-0.35438559
-0.30995375
-0.2758237
-0.25560701
-1.6106807
-1.5855986
-1.5428633
-1.4867746
-1.4231266
-1.358433
-1.2998036
-1.2542223
-1.2270708
-1.5782517
-1.5537157
-1.5118398
-1.4566502
-1.3940207
-1.3306493
-1.2732732
-1.2285275
-1.2018151
-1.5238759
-1.5000868
-1.4596385
-1.4063471
-1.3455324
-1.2839645
-1.2285491
-1.1854399
-1.1596528
-1.4542145
-1.4313599
-1.3924687
-1.3414064
-1.2833162
-1.224294
-1.1710304
-1.129727
-1.1051077
-1.3769929
-1.355285
-1.3183223
-1.2696545
-1.2143173
-1.1582961
-1.107712
-1.068359
-1.0448794
-1.3010457
-1.2803878
-1.245272
-1.1991393
-1.1465995
-1.0933276
-1.0453486
-1.0081014
-0.98586353
-1.2345387
-1.2148548
-1.1813353
-1.1372879
-1.0872708
-1.0365606
-0.99078071
-0.95525347
-0.93408494
-1.1840509
-1.1651194
-1.1329142
-1.090506
-1.0422767
-0.99351511
-0.94953897
-0.91533415
-0.89492766
-1.1544777
-1.1359374
-1.1044583
-1.0630955
-1.015963
-0.96824874
-0.92531637
-0.89196196
-0.87204226
-1.9235855
-1.9110835
-1.8894974
-1.8605313
-1.8267522
-1.7916628
-1.7593174
-1.733718
-1.7182461
-1.9696744
-1.9570066
-1.9351349
-1.9057333
-1.871439
-1.835807
-1.8029071
-1.7768608
-1.7611301
-2.0487665
-2.0358208
-2.0134277
-1.9832941
-1.9481282
-1.9115218
-1.8776971
-1.8509191
-1.8347307
-2.1537347
-2.140411
-2.1173473
-2.0862755
-2.0499208
-2.0120334
-1.9770002
-1.9492191
-1.9324075
-2.2739199
-2.2601753
-2.2363591
-2.2042011
-2.1665315
-2.1271995
-2.0907473
-2.0618255
-2.0443256
-2.3961235
-2.3819385
-2.3573291
-2.3241004
-2.2851047
-2.2443073
-2.2064759
-2.1764163
-2.1581947
-2.5062842
-2.4917111
-2.4664316
-2.4322039
-2.3919933
-2.3499364
-2.3108479
-2.2797417
-2.2608979
-2.5916695
-2.5768146
-2.5509641
-2.5159683
-2.4748847
-2.4317767
-2.3917072
-2.3598786
-2.3405778
-2.6424837
-2.6274197
-2.6012393
-2.5658675
-2.5241944
-2.4804623
-2.439891
-2.4075959
-2.3879703
-2.6669771
-2.6518233
-2.6255317
-2.5899533
-2.5479778
-2.5039911
-2.4631601
-2.4306087
-2.4108335
-2.7178252
-2.7025316
-2.675964
-2.6398752
-2.5973673
-2.5528492
-2.5113906
-2.4783325
-2.458291
-2.8035949
-2.788015
-2.7608719
-2.7240438
-2.6807002
-2.6351361
-2.5926856
-2.5589075
-2.53842
-2.9147085
-2.898738
-2.8709505
-2.8332363
-2.7886768
-2.7418354
-2.6982316
-2.6634452
-2.6422998
-3.0386785
-3.0223373
-2.99384
-2.9550282
-2.9092235
-2.8610411
-2.8160266
-2.7800997
-2.7582961
-3.1615716
-3.1448067
-3.1155622
-3.0758321
-3.0288051
-2.9791663
-2.932881
-2.8959607
-2.8734962
-3.2697597
-3.2527013
-3.2229609
-3.1823093
-3.1341168
-3.083438
-3.0360386
-2.998052
-2.9749495
-3.3522043
-3.3349096
-3.3045736
-3.2632092
-3.2144298
-3.1628063
-3.1143616
-3.0757387
-3.0523143
-3.4005994
-3.3830588
-3.3524372
-3.3109128
-3.2616189
-3.2093004
-3.1604862
-3.1215974
-3.0979179
-2.8508432
-2.8413567
-2.8244679
-2.8009443
-2.772445
-2.7416382
-2.7123325
-2.6885889
-2.6739803
-2.9032758
-2.893728
-2.8767541
-2.8531063
-2.8243488
-2.793298
-2.7637131
-2.7396695
-2.7248945
-2.9915609
-2.9819501
-2.964861
-2.9409372
-2.9118311
-2.8803417
-2.8502389
-2.8257935
-2.8107849
-3.1058951
-3.0962192
-3.0789349
-3.054718
-3.0251708
-2.993084
-2.9624037
-2.9374468
-2.9220752
-3.2332999
-3.2235355
-3.2060995
-3.181569
-3.1515176
-3.1188545
-3.0875059
-3.0619391
-3.0462091
-3.359383
-3.3495822
-3.331978
-3.3071404
-3.2766837
-3.243401
-3.2114264
-3.1853665
-3.1692851
-3.470346
-3.460465
-3.4427506
-3.4177362
-3.3868367
-3.3531136
-3.3206528
-3.2940364
-3.2776137
-3.5545893
-3.5447302
-3.5270048
-3.5016998
-3.4706248
-3.4365707
-3.4035788
-3.3766832
-3.3601393
-3.6041265
-3.5942945
-3.5763564
-3.5510359
-3.5198915
-3.4854607
-3.452361
-3.4253881
-3.4086449
-1.6702791
-1.6427197
-1.5959008
-1.5343434
-1.4643593
-1.3936731
-1.3302313
-1.2810893
-1.2517872
-1.7055597
-1.6774946
-1.62975
-1.5669496
-1.4956873
-1.423823
-1.3592541
-1.309139
-1.2792267
-1.7650269
-1.7360302
-1.6867259
-1.6220507
-1.5488379
-1.4748808
-1.4081897
-1.3563445
-1.3254077
-1.8420535
-1.8119749
-1.7609502
-1.6940792
-1.6181278
-1.5410677
-1.4715285
-1.4175716
-1.3854247
-1.9286201
-1.8974675
-1.844504
-1.7747847
-1.695365
-1.6149075
-1.542517
-1.4864131
-1.4529807
-2.0150519
-1.9826071
-1.9273414
-1.8546258
-1.7720756
-1.688652
-1.613558
-1.5552776
-1.5205212
-2.0910083
-2.0573947
-2.000282
-1.9253474
-1.8403011
-1.754197
-1.676597
-1.6163658
-1.5804474
-2.1488547
-2.1145104
-2.0561725
-1.9795598
-1.8924955
-1.8043137
-1.7248412
-1.6631367
-1.6263244
-2.1830174
-2.1482483
-2.0891615
-2.0115234
-1.9232782
-1.8338926
-1.7533092
-1.6907171
-1.6533652
-4.5666956
-4.5466136
-4.5112362
-4.4625437
-4.4041847
-4.3417488
-4.2826042
-4.2348126
-4.2055524
-4.5901659
-4.5700815
-4.5347322
-4.4860395
-4.4275716
-4.3648719
-4.3054028
-4.2573685
-4.2279562
-4.6273291
-4.6072992
-4.5719997
-4.5231753
-4.4643028
-4.4010966
-4.3411458
-4.2927412
-4.2631241
-4.6709775
-4.650943
-4.6154823
-4.5662453
-4.5067778
-4.4429467
-4.382499
-4.3337546
-4.3039568
-4.713056
-4.6928069
-4.6569529
-4.6071892
-4.5471888
-4.4829352
-4.4222011
-4.3733082
-4.3434375
-4.747031
-4.7265976
-4.6904297
-4.6403453
-4.5801262
-4.5157917
-4.4550773
-4.4061974
-4.3763376
-4.7703501
-4.7498422
-4.7136322
-4.6635394
-4.6034205
-4.5392686
-4.4786915
-4.4299054
-4.4000602
-4.7840646
-4.7634974
-4.7273237
-4.677496
-4.6176057
-4.553598
-4.4931484
-4.4444004
-4.414606
-4.7904726
-4.7700251
-4.7338378
-4.6840808
-4.6244802
-4.5605951
-4.5001877
-4.4514133
-4.4215643
-4.7930411
-4.7726809
-4.736588
-4.6867878
-4.6273293
-4.5636315
-4.5032108
-4.4544772
-4.4245639
-4.7978832
-4.7775633
-4.7417371
-4.6920236
-4.6323362
-4.5687647
-4.5084921
-4.4597695
-4.4299004
-4.802824
-4.782569
-4.7469485
-4.697859
-4.6385657
-4.5748163
-4.5144268
-4.4655786
-4.4356899
-4.8043304
-4.7844287
-4.7490523
-4.6999179
-4.6408309
-4.5773359
-4.5169499
-4.4681606
-4.4382298
-4.7979742
-4.7783516
-4.7437006
-4.6952987
-4.6362505
-4.5727083
-4.512424
-4.4636682
-4.4338822
-4.7847874
-4.7648956
-4.7297292
-4.6813762
-4.6231908
-4.5602113
-4.5004184
-4.4521287
-4.4224581
-4.7676785
-4.7477466
-4.7122195
-4.6626974
-4.603854
-4.5418304
-4.4827062
-4.4349445
-4.4058479
-4.7445839
-4.7247265
-4.6896734
-4.6411592
-4.5826383
-4.5207416
-4.4630196
-4.4159778
-4.3872598
-4.7228072
-4.7029989
-4.6682438
-4.6201207
-4.5626105
-4.5014956
-4.4449692
-4.3997057
-4.3717933
-5.0082331
-4.9999886
-4.983825
-4.9590346
-4.9269177
-4.889983
-4.8526989
-4.8216204
-4.8022644
-5.0123517
-5.0041933
-4.9883888
-4.9637723
-4.9312381
-4.8942985
-4.857423
-4.8264426
-4.8071246
-5.0154898
-5.0072112
-4.9914851
-4.9675018
-4.9354447
-4.8983949
-4.8617923
-4.8312027
-4.8120127
-5.0151759
-5.0064516
-4.9899447
-4.9654669
-4.9341216
-4.8981512
-4.862108
-4.8320998
-4.8133433
-5.0112152
-5.0018749
-4.9844305
-4.9587097
-4.9262754
-4.8904807
-4.8552079
-4.8254972
-4.8068922
-5.0036539
-4.9936721
-4.9753742
-4.9489019
-4.9154972
-4.8782727
-4.8422457
-4.8125087
-4.7938067
-4.9909404
-4.980576
-4.9616107
-4.9344317
-4.9005444
-4.8628346
-4.8257951
-4.7953888
-4.776662
-4.9719112
-4.9611477
-4.9416522
-4.9139595
-4.8794158
-4.8411045
-4.8037049
-4.7727272
-4.7535803
-4.9540328
-4.9429365
-4.9227859
-4.894225
-4.8588827
-4.8199828
-4.7821123
-4.7509972
-4.7319651
-3.2117355
-3.1641795
-3.0831343
-2.9762433
-2.854217
-2.7300814
-2.617773
-2.5303136
-2.4780374
-3.2164557
-3.1688818
-3.087787
-2.9807969
-2.8586544
-2.7344202
-2.6220233
-2.5344865
-2.482161
-3.2223711
-3.1747653
-3.0935943
-2.9865008
-2.8642681
-2.7399475
-2.6274529
-2.539829
-2.4874496
-3.2261131
-3.1785012
-3.0973324
-2.990267
-2.8680628
-2.7437409
-2.6312297
-2.5435915
-2.4912033
-3.2250237
-3.1775016
-3.0964871
-2.9896031
-2.8675745
-2.7434228
-2.6310665
-2.5435459
-2.4912255
-3.2184471
-3.1710782
-3.0903091
-2.9837395
-2.8620768
-2.7382973
-2.6262685
-2.5389975
-2.4868252
-3.2079378
-3.1607543
-3.080309
-2.9741733
-2.8529961
-2.7296984
-2.6181038
-2.5311713
-2.4792005
-3.1968933
-3.1499006
-3.069776
-2.9640497
-2.843336
-2.7205145
-2.6093496
-2.5227481
-2.4709738
-3.1891481
-3.1422785
-3.0623619
-2.9569151
-2.8365228
-2.7140246
-2.6031489
-2.5167717
-2.4651317
-3.63783
-3.6252586
-3.6033565
-3.5738995
-3.5394868
-3.5038284
-3.4711378
-3.4454854
-3.4301447
-3.5946639
-3.5822432
-3.5607946
-3.5322689
-3.499011
-3.4642993
-3.4321684
-3.406714
-3.3914219
-3.5230913
-3.5106611
-3.4891647
-3.4607688
-3.4282135
-3.3947984
-3.3641172
-3.3397853
-3.3251018
-3.4282631
-3.4164336
-3.3958477
-3.3682704
-3.3362627
-3.3032787
-3.2731854
-3.2495727
-3.2354316
-3.319083
-3.3076543
-3.2879159
-3.2616905
-3.2313404
-3.1998656
-3.1708472
-3.1478849
-3.1340764
-3.2093023
-3.1981909
-3.1789693
-3.1533993
-3.123979
-3.0937662
-3.0661402
-3.0443439
-3.0312199
-3.110385
-3.0996383
-3.081117
-3.0564542
-3.0279298
-2.998491
-2.9715502
-2.9503702
-2.9376738
-3.0340063
-3.02337
-3.0051257
-2.9810215
-2.953368
-2.9249035
-2.8987544
-2.8780831
-2.8656447
-2.9889012
-2.9783654
-2.9602387
-2.9362366
-2.9087918
-2.8807691
-2.8551921
-2.8350086
-2.822853
-2.9670734
-2.9566438
-2.9386578
-2.9147605
-2.8873794
-2.8594689
-2.834081
-2.8140997
-2.8020823
-2.9213788
-2.9111846
-2.8936373
-2.8702497
-2.8432323
-2.8155008
-2.7902778
-2.7705341
-2.7587167
-2.8446701
-2.8345653
-2.8172924
-2.7945073
-2.7683839
-2.7415405
-2.7169555
-2.697611
-2.6860142
-2.7454516
-2.735665
-2.7188487
-2.6965709
-2.6710611
-2.6450227
-2.6213329
-2.6027567
-2.5916248
-2.6338209
-2.6244008
-2.6082889
-2.5869759
-2.5624922
-2.5373649
-2.5144259
-2.4964626
-2.4857293
-2.5228809
-2.5137501
-2.4981384
-2.4775397
-2.454006
-2.4299722
-2.4080454
-2.3908438
-2.3805458
-2.4243613
-2.4156003
-2.4006075
-2.3807546
-2.3579801
-2.3346911
-2.3135099
-2.2969704
-2.2870941
-2.3488089
-2.3402612
-2.3257012
-2.3065086
-2.2845373
-2.2619882
-2.241366
-2.2252238
-2.2155863
-2.3043946
-2.2959431
-2.2815306
-2.2625636
-2.2409829
-2.2189584
-2.1988223
-2.1830081
-2.1735373
-3.1110325
-3.1023915
-3.0873911
-3.067342
-3.044279
-3.0206982
-2.9991789
-2.9821453
-2.9718231
-3.0635456
-3.0551567
-3.0406176
-3.0210528
-2.9982023
-2.9745681
-2.9530555
-2.9361973
-2.9260475
-2.9836583
-2.9753171
-2.9610125
-2.9420273
-2.9200424
-2.8971702
-2.8760655
-2.8593879
-2.849327
-2.8803764
-2.8722615
-2.8582565
-2.8395771
-2.8180356
-2.7958736
-2.7756004
-2.7596062
-2.7499296
-2.7641933
-2.7563669
-2.7429315
-2.7250074
-2.7042306
-2.6827193
-2.6629953
-2.6474859
-2.638147
-2.648645
-2.6410243
-2.6279478
-2.6105515
-2.590522
-2.5699076
-2.5510033
-2.5360777
-2.5270661
-2.5460429
-2.538706
-2.5260998
-2.5092599
-2.4897809
-2.4697199
-2.4514061
-2.4370277
-2.4283747
-2.4673667
-2.4601795
-2.447889
-2.4315638
-2.4127218
-2.3932306
-2.3753193
-2.3612214
-2.352747
-2.4210615
-2.4139433
-2.4017428
-2.3855647
-2.3670213
-2.3479679
-2.3304673
-2.3166317
-2.3082816
-1.967638
-1.9252125
-1.8532859
-1.7591294
-1.6525965
-1.5451982
-1.4488246
-1.3742777
-1.3299267
-1.9449473
-1.9029604
-1.8317867
-1.7386292
-1.6332401
-1.5270033
-1.4316737
-1.3579339
-1.3140636
-1.9061089
-1.8648715
-1.7949645
-1.7034912
-1.6000545
-1.4958109
-1.4022726
-1.3299176
-1.2868715
-1.8545019
-1.8143197
-1.7461706
-1.656943
-1.5560378
-1.454395
-1.3632324
-1.2927285
-1.2507853
-1.7952187
-1.7562191
-1.6901131
-1.6035737
-1.5056542
-1.4069747
-1.3184871
-1.2500797
-1.2093927
-1.7348615
-1.6970391
-1.632933
-1.5490701
-1.4542559
-1.3587015
-1.272964
-1.2066573
-1.1672175
-1.6802203
-1.6435142
-1.5812751
-1.4998081
-1.4077154
-1.3149646
-1.2317578
-1.1673894
-1.1290942
-1.63769
-1.6018376
-1.5410803
-1.4615453
-1.371566
-1.2809238
-1.1996568
-1.1368235
-1.0994477
-1.6123635
-1.5769882
-1.517073
-1.4386901
-1.350009
-1.2606339
-1.1805071
-1.1185814
-1.0817556
-1.6001728
-1.5650166
-1.5054882
-1.427648
-1.3396009
-1.2508501
-1.1712739
-1.1097803
-1.0732159
-1.574818
-1.5401447
-1.4814226
-1.4046624
-1.3179078
-1.2304826
-1.1520755
-1.0914829
-1.0554599
-1.5320069
-1.4981613
-1.4408097
-1.3658472
-1.2812238
-1.1960539
-1.1196766
-1.0606201
-1.025501
-1.475991
-1.4433939
-1.3880454
-1.3155297
-1.2335974
-1.151228
-1.0774706
-1.0204683
-0.98656537
-1.412565
-1.3813147
-1.3283751
-1.2590157
-1.180416
-1.1011746
-1.0301984
-0.97541326
-0.94286214
-1.3497815
-1.3196189
-1.2686354
-1.2021525
-1.1270747
-1.0513322
-0.98330796
-0.93071499
-0.89945704
-1.2943703
-1.2653513
-1.2161289
-1.151836
-1.0794704
-1.0067983
-0.94161447
-0.89115042
-0.86111571
-1.2515872
-1.2235818
-1.1760346
-1.1136729
-1.043237
-0.97260458
-0.90947821
-0.86069722
-0.83166842
-1.2262239
-1.1987448
-1.1521921
-1.0911517
-1.0220031
-0.95251808
-0.89048498
-0.84263922
-0.81419406
-2.1075561
-2.07557
-2.0213079
-1.9500337
-1.8686025
-1.7855673
-1.7103687
-1.6518408
-1.6168974
-2.0751138
-2.04344
-1.9896545
-1.9192433
-1.8391429
-1.7574795
-1.6834208
-1.6257474
-1.591301
-2.0201465
-1.989374
-1.9367794
-1.8675286
-1.7890696
-1.7096886
-1.6377875
-1.5816521
-1.5480703
-1.9476626
-1.9180732
-1.867627
-1.8008981
-1.7245691
-1.647284
-1.5777828
-1.5237631
-1.4914572
-1.8666766
-1.8380198
-1.7893202
-1.7253925
-1.6524544
-1.5780428
-1.5107357
-1.4585311
-1.4274346
-1.785951
-1.7584949
-1.7116302
-1.649886
-1.5797608
-1.5087032
-1.4443297
-1.3941096
-1.3641098
-1.7138162
-1.6874335
-1.6425056
-1.5831884
-1.5153977
-1.4467329
-1.3849424
-1.3368805
-1.3081217
-1.6587058
-1.6329588
-1.5892297
-1.5318255
-1.4663044
-1.3995546
-1.3393438
-1.2926949
-1.2648843
-1.626275
-1.6009569
-1.5578719
-1.5013589
-1.4371433
-1.3717824
-1.3125969
-1.2666515
-1.2392929
-2.1827702
-2.179156
-2.1710587
-2.1584835
-2.1429702
-2.1258054
-2.1092171
-2.0956125
-2.0871386
-2.2301353
-2.2265733
-2.2185713
-2.2061039
-2.1906646
-2.1735284
-2.156924
-2.1432793
-2.1347715
-2.3114359
-2.3079622
-2.300125
-2.2878369
-2.272522
-2.2554308
-2.2387956
-2.2250839
-2.2165174
-2.4193678
-2.4160119
-2.4083909
-2.3963401
-2.3811885
-2.3641533
-2.3474769
-2.3336747
-2.3250281
-2.5429342
-2.5397129
-2.5323421
-2.5205671
-2.5056061
-2.4886406
-2.4719187
-2.4580144
-2.4492795
-2.668447
-2.6653672
-2.6582577
-2.6467708
-2.6320154
-2.6151301
-2.5983725
-2.5843722
-2.5755488
-2.7814551
-2.7785054
-2.7716388
-2.7604264
-2.7458668
-2.7290683
-2.7122885
-2.6982084
-2.689314
-2.868897
-2.8660523
-2.8593853
-2.8483902
-2.833997
-2.8172732
-2.8004857
-2.7863567
-2.7774084
-2.9208706
-2.9180956
-2.9115407
-2.900684
-2.8863935
-2.8697175
-2.8529361
-2.8387724
-2.8297873
-2.94596
-2.94321
-2.9367133
-2.9259303
-2.9116839
-2.8950411
-2.8782574
-2.8640743
-2.855084
-2.9979397
-2.9952539
-2.9888918
-2.9782436
-2.9641095
-2.9475229
-2.9307379
-2.916542
-2.9075307
-3.0854355
-3.0828689
-3.076717
-3.0663169
-3.0523797
-3.0358926
-3.0191324
-3.0049008
-2.9958375
-3.1986157
-3.1961992
-3.1903393
-3.1802822
-3.1666107
-3.1502867
-3.1335625
-3.1192925
-3.1101891
-3.3245633
-3.3223299
-3.3168167
-3.3071585
-3.2938225
-3.2776959
-3.2610418
-3.246763
-3.2376153
-3.4490291
-3.4469816
-3.441823
-3.4326027
-3.4196168
-3.4037263
-3.3871689
-3.3728798
-3.3637053
-3.5583784
-3.5565055
-3.5516961
-3.5428628
-3.5302293
-3.5145656
-3.4981071
-3.4838621
-3.4746801
-3.6413657
-3.6396399
-3.63506
-3.6265703
-3.6142087
-3.5987276
-3.582401
-3.5681488
-3.5589234
-3.6900296
-3.6883556
-3.6839696
-3.6756914
-3.6634599
-3.648155
-3.6318406
-3.6175791
-3.6084263
-3.7133216
-3.7116938
-3.7074423
-3.6992031
-3.6870906
-3.6718386
-3.6555113
-3.6413417
-3.632227
-3.7613033
-3.7597934
-3.7556415
-3.7476143
-3.735717
-3.7205171
-3.7043454
-3.690215
-3.681002
-3.8410073
-3.8396225
-3.835735
-3.828096
-3.8164533
-3.8015264
-3.7854797
-3.7713166
-3.7621274
-3.9421041
-3.940914
-3.9374525
-3.9302299
-3.9190283
-3.9044068
-3.8884982
-3.874486
-3.8653639
-4.0520705
-4.0511068
-4.0480068
-4.0413644
-4.0306398
-4.0163609
-4.000749
-3.9867942
-3.9776351
-4.1579526
-4.1571919
-4.1546186
-4.1484672
-4.1382334
-4.1244072
-4.1089341
-4.0951422
-4.0861484
-4.2486995
-4.2481889
-4.2458837
-4.2402853
-4.230559
-4.2169496
-4.2018944
-4.1882568
-4.1791326
-4.3160701
-4.3155715
-4.3136707
-4.3085206
-4.2989544
-4.2859321
-4.2708829
-4.2570783
-4.2481967
-4.3547398
-4.3544614
-4.3530605
-4.3476723
-4.3386455
-4.3257092
-4.3104535
-4.2972103
-4.2885728
-4.3732386
-4.3732418
-4.3715242
-4.366322
-4.3576123
-4.3443603
-4.3294926
-4.3164484
-4.3075415
-4.411023
-4.4108247
-4.4091031
-4.4047199
-4.395746
-4.3827912
-4.3684569
-4.3549948
-4.3458583
-4.4722347
-4.4721489
-4.4711422
-4.4668089
-4.4582045
-4.4459211
-4.4313002
-4.4178668
-4.409138
-4.54804
-4.5483281
-4.5474347
-4.5435574
-4.5357059
-4.523457
-4.5092607
-4.4963624
-4.487619
-4.627519
-4.6277756
-4.6274843
-4.6244417
-4.6167125
-4.6052012
-4.5914275
-4.578231
-4.5694601
-4.7008404
-4.7016566
-4.7017196
-4.69868
-4.6920455
-4.6807047
-4.6668202
-4.6544764
-4.6462293
-4.7611679
-4.7616431
-4.7618754
-4.7603124
-4.7532934
-4.7424091
-4.7300245
-4.7173509
-4.7083613
-4.8031791
-4.8043763
-4.8059379
-4.8031191
-4.7970456
-4.7876771
-4.7736909
-4.7602673
-4.7518546
-4.8282176
-4.8298865
-4.8294697
-4.8268727
-4.822697
-4.8117949
-4.7972971
-4.7853141
-4.7775727
-1.4529662
-1.4345738
-1.4032683
-1.362023
-1.314957
-1.2671469
-1.2239656
-1.1903485
-1.170248
-1.4907639
-1.4720063
-1.4400498
-1.397896
-1.3498192
-1.3010038
-1.2568562
-1.2224546
-1.2018913
-1.5556359
-1.5362164
-1.5031085
-1.4594588
-1.4096932
-1.3590712
-1.313241
-1.2775584
-1.2562423
-1.6417268
-1.6214373
-1.5868614
-1.5412624
-1.4891713
-1.4361475
-1.3881807
-1.3508195
-1.3284723
-1.7404308
-1.7191725
-1.682904
-1.6349944
-1.5802732
-1.5245944
-1.4741401
-1.434777
-1.411231
-1.8409224
-1.818642
-1.7806272
-1.730458
-1.6731211
-1.6146392
-1.561624
-1.5203166
-1.4956164
-1.9316041
-1.9084475
-1.8689472
-1.816721
-1.7569044
-1.6959649
-1.6407814
-1.5977079
-1.5719006
-2.002065
-1.9782294
-1.9374874
-1.8835716
-1.8219671
-1.7592263
-1.7022313
-1.6576768
-1.6310086
-2.0440284
-2.0197422
-1.9782462
-1.9234339
-1.8608123
-1.7968782
-1.7387629
-1.693408
-1.6662903
-2.0642601
-2.039766
-1.9979332
-1.9426988
-1.879556
-1.81504
-1.7564151
-1.7106918
-1.6833569
-2.1062487
-2.0813464
-2.038868
-1.9827694
-1.9184733
-1.852729
-1.7931065
-1.7466544
-1.7188647
-2.1771956
-2.1516636
-2.1080583
-2.050291
-1.984021
-1.9164563
-1.8552473
-1.8074373
-1.7787661
-2.2694543
-2.242998
-2.1977425
-2.1378418
-2.069352
-1.9994847
-1.935909
-1.8861415
-1.856323
-2.3724025
-2.3449383
-2.2980518
-2.236074
-2.1649694
-2.0921208
-2.025904
-1.9742698
-1.9433925
-2.4747523
-2.446439
-2.3979961
-2.3336423
-2.2596618
-2.1841972
-2.1158465
-2.0624522
-2.0304149
-2.5653277
-2.536059
-2.4859118
-2.4194907
-2.3435878
-2.2661552
-2.1955777
-2.140194
-2.106944
-2.6339867
-2.6040037
-2.5528373
-2.4853127
-2.4079404
-2.3285097
-2.2559681
-2.1991712
-2.1651449
-2.6743635
-2.6440962
-2.5924706
-2.5241965
-2.4456797
-2.3650003
-2.2914489
-2.2339442
-2.199505
-2.4013545
-2.3811214
-2.346372
-2.3000023
-2.2462093
-2.1906796
-2.1398769
-2.0999042
-2.0758113
-2.4486914
-2.4282017
-2.3929717
-2.3458332
-2.291176
-2.2348516
-2.1832333
-2.1425322
-2.1180028
-2.5285968
-2.5075994
-2.4714327
-2.4230826
-2.3671422
-2.3093557
-2.2562458
-2.2144128
-2.1892467
-2.6321593
-2.6104884
-2.5732121
-2.5234301
-2.4656685
-2.4058983
-2.3510766
-2.3079258
-2.2819221
-2.7478474
-2.7255105
-2.6870321
-2.6354718
-2.5756491
-2.5139013
-2.4571808
-2.4123814
-2.3853565
-2.8627157
-2.8396354
-2.7998502
-2.7466694
-2.6850287
-2.6211251
-2.5623019
-2.5159773
-2.488103
-2.9638789
-2.940219
-2.8995163
-2.8449867
-2.7814243
-2.715608
-2.6553102
-2.607795
-2.5790995
-3.0410884
-3.0170474
-2.9755021
-2.9196231
-2.8547723
-2.7879075
-2.7263669
-2.6775959
-2.6481184
-3.0865477
-3.0621547
-3.0199866
-2.9634928
-2.8981259
-2.8304669
-2.7679526
-2.7184709
-2.6886418
-2.693761
-2.663365
-2.6115061
-2.5428314
-2.4637387
-2.3824726
-2.3084641
-2.2506389
-2.2160098
-2.7339402
-2.7032827
-2.6508652
-2.5812081
-2.5008728
-2.4184928
-2.3436286
-2.2851564
-2.250125
-2.8012089
-2.7699291
-2.7162566
-2.64481
-2.5626381
-2.4786783
-2.402436
-2.3428289
-2.3070909
-2.886638
-2.8543594
-2.7990442
-2.7257117
-2.6416752
-2.5557996
-2.4776748
-2.4165413
-2.3798845
-2.9793449
-2.9462101
-2.8895912
-2.8146262
-2.7285676
-2.6404385
-2.5602117
-2.4974251
-2.4597652
-3.0695001
-3.0357279
-2.9779257
-2.9012088
-2.8130377
-2.7227473
-2.6405056
-2.5760634
-2.537375
-3.1476353
-3.1131995
-3.0542371
-2.9760062
-2.8860902
-2.7938818
-2.7097586
-2.643794
-2.6041859
-3.2059724
-3.1710728
-3.1113216
-3.0319851
-2.9406549
-2.8468902
-2.7613253
-2.6942365
-2.6539579
-3.2398597
-3.20469
-3.1444494
-3.0644097
-2.9722225
-2.8775567
-2.7911644
-2.7234323
-2.6827731
-3.2559405
-3.2206403
-3.1601637
-3.07978
-2.987172
-2.8920692
-2.8052878
-2.7372601
-2.6964261
-3.2889138
-3.2533371
-3.1923518
-3.111247
-3.017784
-2.9218083
-2.8342482
-2.7656202
-2.7244287
-3.3429513
-3.3068786
-3.2450082
-3.1626972
-3.0678481
-2.970482
-2.8816861
-2.8121106
-2.7703598
-3.4099173
-3.3731924
-3.3102016
-3.2264204
-3.1299282
-3.030933
-2.9406958
-2.8700116
-2.8275977
-3.4803598
-3.4429669
-3.3788548
-3.293635
-3.1955512
-3.094976
-3.0033124
-2.9314967
-2.8883938
-3.5457088
-3.507755
-3.4427124
-3.3562998
-3.256877
-3.1549172
-3.0619513
-2.9890872
-2.9453427
-3.5996502
-3.5612963
-3.4955786
-3.4082758
-3.3077963
-3.2046979
-3.1106474
-3.0368849
-2.9925726
-3.6384109
-3.5997975
-3.5336324
-3.445706
-3.3444629
-3.2405385
-3.1456562
-3.0711876
-3.0264471
-3.6602515
-3.6214985
-3.5550867
-3.4668027
-3.3651336
-3.2607116
-3.1653213
-3.0904624
-3.0454981
-3.7337393
-3.7055353
-3.6568432
-3.5916343
-3.5158589
-3.4371825
-3.364602
-3.3072111
-3.2725583
-3.7696031
-3.741245
-3.6923724
-3.6269022
-3.5506669
-3.47143
-3.3983447
-3.3405558
-3.3056518
-3.8285151
-3.8000179
-3.7508496
-3.684791
-3.6077257
-3.5276314
-3.4537457
-3.3952637
-3.3599074
-3.9021521
-3.8733972
-3.8236741
-3.7567902
-3.6787728
-3.5976271
-3.5226201
-3.4631499
-3.4271686
-3.9801883
-3.9510898
-3.9007852
-3.8331136
-3.7540266
-3.6715331
-3.5951498
-3.5345689
-3.4979214
-4.053036
-4.0236692
-3.9728245
-3.9042285
-3.8238523
-3.7399501
-3.6622994
-3.6007526
-3.563538
-4.1133597
-4.0836547
-4.0321423
-3.9625851
-3.881112
-3.7961329
-3.7175447
-3.6552971
-3.6176763
-4.156358
-4.1263584
-4.074345
-4.0041396
-3.9219468
-3.8362755
-3.7571104
-3.6944374
-3.6565646
-4.180398
-4.1502346
-4.0979416
-4.0273818
-3.9448207
-3.8588198
-3.7793763
-3.7164834
-3.6784752
-3.4237202
-3.4061096
-3.3754443
-3.3337892
-3.2841829
-3.2316217
-3.1826492
-3.1435675
-3.119738
-3.4714016
-3.4537472
-3.4229734
-3.3808392
-3.3306194
-3.2777369
-3.2283928
-3.1887917
-3.1646118
-3.5510325
-3.5331805
-3.5018605
-3.4589579
-3.4082108
-3.3546385
-3.3042446
-3.2638167
-3.2392469
-3.652205
-3.6339775
-3.6021133
-3.5587069
-3.5070693
-3.4521622
-3.4007487
-3.3597484
-3.334816
-3.7624702
-3.7440584
-3.7118161
-3.6674842
-3.6145942
-3.5588246
-3.5066489
-3.4646776
-3.4390049
-3.8693581
-3.8505808
-3.81756
-3.7724402
-3.7190777
-3.6623368
-3.6086374
-3.565523
-3.5393423
-3.9607637
-3.9417363
-3.908602
-3.8633374
-3.8088636
-3.7506007
-3.6962099
-3.6529711
-3.6266832
-4.0290878
-4.0101926
-3.9768919
-3.9305822
-3.8750383
-3.8167064
-3.7623965
-3.7187057
-3.6919056
-4.0689738
-4.0498513
-4.0159541
-3.9691117
-3.913655
-3.8554314
-3.8006872
-3.7563968
-3.7292273
-4.0878004
-4.0685408
-4.0344324
-3.9874885
-3.9320999
-3.8738376
-3.8188246
-3.7742412
-3.7469064
-4.1260293
-4.1064594
-4.0720431
-4.0252045
-3.9700328
-3.9113857
-3.8556001
-3.8104502
-3.7828635
-4.1879568
-4.1683286
-4.1341825
-4.0877372
-4.0320898
-3.9721186
-3.9152444
-3.8696055
-3.8418408
-4.265669
-4.2463412
-4.2123415
-4.1650953
-4.1078287
-4.0466571
-3.9893457
-3.9435033
-3.9155725
-4.3485999
-4.3288399
-4.293722
-4.245062
-4.1870752
-4.1258032
-4.0682651
-4.0220028
-3.9937545
-4.4238708
-4.4035513
-4.36796
-4.3193914
-4.2615917
-4.1999994
-4.1418964
-4.0952001
-4.0667032
-4.4852417
-4.4651564
-4.4299419
-4.3814552
-4.3232739
-4.2612775
-4.2028985
-4.1559025
-4.1271531
-4.5298949
-4.5098586
-4.4745377
-4.4258134
-4.3675389
-4.3054467
-4.2467228
-4.1993095
-4.1702787
-4.5549632
-4.5348996
-4.4995608
-4.4508719
-4.3925356
-4.3302254
-4.2712286
-4.2235704
-4.1943898
-4.3032342
-4.2931955
-4.2749702
-4.2493297
-4.216723
-4.1796909
-4.1439226
-4.11475
-4.0965685
-4.341572
-4.3317134
-4.3140268
-4.288309
-4.2550728
-4.2182397
-4.1828229
-4.1534253
-4.134954
-4.4050277
-4.3954343
-4.3775866
-4.3511958
-4.3182477
-4.2819653
-4.2460098
-4.2158026
-4.1969816
-4.4834337
-4.4736018
-4.455524
-4.4297147
-4.3972039
-4.3600137
-4.3232054
-4.2930699
-4.2745296
-4.5653543
-4.5558407
-4.5384653
-4.5126548
-4.479048
-4.441652
-4.4057473
-4.3761362
-4.3575773
-4.642273
-4.6327768
-4.6146803
-4.5880632
-4.5553527
-4.5192811
-4.4831419
-4.4524658
-4.433174
-4.7040989
-4.6941593
-4.6764648
-4.651651
-4.6197927
-4.5824372
-4.5448417
-4.5137015
-4.4944551
-4.7479892
-4.7390669
-4.7226534
-4.697733
-4.6643705
-4.6260941
-4.5887716
-4.5581013
-4.5390451
-4.7739595
-4.7652202
-4.7484091
-4.7226119
-4.6888611
-4.6507969
-4.6136999
-4.5831525
-4.5641115
-2.6768738
-2.6355473
-2.5651939
-2.4725974
-2.3671999
-2.2602797
-2.1637705
-2.0887579
-2.0439776
-2.7047039
-2.6630213
-2.5920736
-2.4987029
-2.3924067
-2.2845651
-2.1872193
-2.1115374
-2.0663454
-2.7503639
-2.7081225
-2.6362255
-2.541588
-2.4338347
-2.3245005
-2.2257589
-2.1489476
-2.1030684
-2.8072738
-2.7643557
-2.6912948
-2.5951079
-2.4855533
-2.3743067
-2.2737676
-2.1955383
-2.1488098
-2.8677272
-2.8241033
-2.7498245
-2.6519814
-2.5404368
-2.4270953
-2.3246486
-2.2449314
-2.1973099
-2.9243579
-2.8800631
-2.8045972
-2.705115
-2.5916687
-2.4763973
-2.3721935
-2.2911006
-2.2426599
-2.9713083
-2.9264153
-2.8499153
-2.7490837
-2.6341023
-2.5172467
-2.4116163
-2.3294312
-2.2803407
-3.0049816
-2.9596652
-2.8824578
-2.7806799
-2.6645892
-2.5466319
-2.4400302
-2.3570801
-2.3075267
-3.0239277
-2.978384
-2.9007753
-2.7984492
-2.6817607
-2.5632167
-2.4560678
-2.3726856
-2.3228776
-4.8399298
-4.840481
-4.8399611
-4.8389113
-4.8341979
-4.8226788
-4.8089253
-4.7972949
-4.7895852
-4.8603063
-4.8610354
-4.862602
-4.8627532
-4.8562255
-4.8447381
-4.8327071
-4.8216036
-4.8138078
-4.8951823
-4.8969594
-4.8989703
-4.8970753
-4.8906277
-4.8817306
-4.8706334
-4.8590289
-4.8507347
-4.9356831
-4.9372094
-4.9380143
-4.9369472
-4.9336567
-4.9254575
-4.9127811
-4.9001014
-4.8914707
-4.9711196
-4.973707
-4.9772988
-4.9787923
-4.9743148
-4.9639705
-4.9510461
-4.9390537
-4.9309512
-5.0052267
-5.00846
-5.0117135
-5.0105019
-5.0044057
-4.9948343
-4.9830302
-4.9719719
-4.9642932
-5.0267186
-5.0277442
-5.0292873
-5.0295646
-5.0257962
-5.0177992
-5.0065881
-4.995388
-4.9876545
-5.0345017
-5.0359623
-5.0387443
-5.0400346
-5.0375546
-5.0304269
-5.0199833
-5.0096217
-5.0023316
-5.0388155
-5.040625
-5.0428355
-5.0440249
-5.0425177
-5.0359113
-5.0258755
-5.0159788
-5.0089695
-5.0404595
-5.0423572
-5.0446887
-5.0460342
-5.0443588
-5.037916
-5.02826
-5.0184641
-5.0115298
-5.043992
-5.0455591
-5.0479565
-5.0495719
-5.0474641
-5.0412554
-5.0321861
-5.0225158
-5.0156135
-5.0489862
-5.0506842
-5.0531086
-5.0542194
-5.051441
-5.0449411
-5.0357464
-5.0258937
-5.018836
-5.0539852
-5.0561359
-5.058504
-5.0584009
-5.0549773
-5.04763
-5.037024
-5.0262132
-5.0187395
-5.0592544
-5.0605696
-5.0617383
-5.0611742
-5.056784
-5.0476876
-5.0354087
-5.0233362
-5.0150859
-5.0626327
-5.0635924
-5.0635404
-5.0613991
-5.0552039
-5.0440031
-5.0299998
-5.0166766
-5.007844
-5.0628197
-5.0639536
-5.0632207
-5.0578151
-5.0485362
-5.034989
-5.0192313
-5.0047221
-4.9952901
-5.0613724
-5.0602675
-5.0576088
-5.0491257
-5.0361641
-5.0198471
-5.002078
-4.9865256
-4.9765155
-5.0568858
-5.0547013
-5.0499069
-5.0388434
-5.0233694
-5.0049972
-4.9857841
-4.9693033
-4.9589484
-5.0517643
-5.0488952
-5.0416011
-5.028504
-5.0112614
-4.9912198
-4.9706981
-4.9533175
-4.9426959
-5.0281613
-5.0219825
-5.0100464
-4.9929666
-4.9716916
-4.9477582
-4.9241622
-4.9046225
-4.8927294
-4.9611407
-4.9521352
-4.9364356
-4.9144377
-4.887445
-4.8582147
-4.8302017
-4.8074188
-4.7936573
-4.8558074
-4.8461531
-4.8285944
-4.8039397
-4.7751291
-4.7451323
-4.7173695
-4.6954305
-4.682321
-4.7683102
-4.758701
-4.7422512
-4.7204422
-4.6951092
-4.6689588
-4.6450099
-4.6261435
-4.6148339
-4.7119444
-4.7030393
-4.6874653
-4.6663214
-4.6414973
-4.61541
-4.5910474
-4.5715918
-4.5598372
-4.6481809
-4.6392072
-4.6235654
-4.6024539
-4.5776273
-4.5517481
-4.5278569
-4.5089712
-4.4976127
-4.5971492
-4.5885964
-4.573598
-4.553396
-4.5296426
-4.5046092
-4.4811459
-4.4623405
-4.4510155
-4.5691967
-4.5601527
-4.5446653
-4.5240355
-4.4999414
-4.4746934
-4.4509803
-4.4319339
-4.4204081
-4.5534005
-4.5445341
-4.5286135
-4.5072674
-4.482864
-4.4577333
-4.4344571
-4.415862
-4.4045638
-4.5171183
-4.5095242
-4.4956568
-4.4759239
-4.4517493
-4.4260032
-4.4020764
-4.3831522
-4.3717739
-4.4518682
-4.4440439
-4.4304667
-4.4123588
-4.3908437
-4.3676174
-4.3453586
-4.3271474
-4.3159649
-4.3705301
-4.3626341
-4.3485737
-4.3293272
-4.3067645
-4.283375
-4.2618594
-4.2447513
-4.2343262
-4.2707241
-4.263573
-4.2508429
-4.2333535
-4.2121569
-4.1891741
-4.1673962
-4.149848
-4.1391612
-4.1675747
-4.1602019
-4.1472775
-4.1298581
-4.1095464
-4.0882023
-4.0681119
-4.0517563
-4.0416264
-4.073669
-4.0665859
-4.0539872
-4.0366338
-4.0159777
-3.9942572
-3.974209
-3.9582756
-3.9485743
-3.9989659
-3.9918051
-3.9794372
-3.9628259
-3.9430994
-3.9218882
-3.9018055
-3.8855932
-3.8756744
-3.9552797
-3.947749
-3.9348071
-3.917676
-3.898025
-3.8775569
-3.8583
-3.8426351
-3.8329374
-3.6704339
-3.6316231
-3.5650953
-3.4766507
-3.3747821
-3.2701126
-3.1744873
-3.0994542
-3.0543851
-3.6909712
-3.652025
-3.5852578
-3.4964901
-3.3941739
-3.2889898
-3.1929162
-3.1175407
-3.0722584
-3.7235162
-3.6843612
-3.6172156
-3.5278578
-3.4247764
-3.3188238
-3.2220614
-3.1461256
-3.1005026
-3.7617624
-3.7223276
-3.6546474
-3.5645277
-3.4605957
-3.3537766
-3.2562015
-3.1796389
-3.1336526
-3.7988709
-3.7591177
-3.6909002
-3.6001047
-3.4953846
-3.3877469
-3.2894688
-3.2123797
-3.166075
-3.8296108
-3.7896317
-3.7210312
-3.6296942
-3.5243727
-3.4161901
-3.3174192
-3.2399195
-3.1933634
-3.8516435
-3.8115067
-3.742627
-3.6509874
-3.5453834
-3.4368663
-3.3377555
-3.2599877
-3.2132603
-3.8650684
-3.8248574
-3.7559106
-3.664193
-3.5584149
-3.4497086
-3.3504282
-3.2724776
-3.2256159
-3.8716103
-3.8314138
-3.7624618
-3.6706723
-3.5648279
-3.4560698
-3.3566759
-3.278605
-3.2316818
-3.8743861
-3.8341867
-3.7652229
-3.6734128
-3.5675583
-3.4587671
-3.3593153
-3.2812049
-3.2342656
-3.8794109
-3.8392061
-3.7702165
-3.6784015
-3.5725411
-3.4636597
-3.364104
-3.2859487
-3.2389937
-3.8854648
-3.8452747
-3.7763236
-3.6845462
-3.578617
-3.469627
-3.3700422
-3.2918869
-3.2449198
-3.8888474
-3.8487236
-3.7798499
-3.6880809
-3.582157
-3.4732652
-3.3737706
-3.2956358
-3.2486657
-3.8865352
-3.8464718
-3.7776847
-3.6860971
-3.5804649
-3.471809
-3.3724523
-3.2944279
-3.2475361
-3.8776174
-3.837702
-3.7692207
-3.6780293
-3.5727283
-3.4643754
-3.3653537
-3.2876117
-3.2408835
-3.864327
-3.824633
-3.7564569
-3.6655799
-3.5606931
-3.4528485
-3.3542664
-3.2768347
-3.2302875
-3.8507141
-3.8111192
-3.7431503
-3.6526613
-3.5482755
-3.4408606
-3.342641
-3.2655108
-3.21915
-3.8411417
-3.8016624
-3.733906
-3.6437056
-3.5395822
-3.4324473
-3.3344999
-3.2575808
-3.2113474
-4.4101927
-4.3793223
-4.3258086
-4.2534275
-4.1685444
-4.079958
-3.9978402
-3.9326921
-3.8933023
-4.4155085
-4.3845582
-4.3308906
-4.2584638
-4.1736101
-4.084945
-4.0028118
-3.9377088
-3.8983299
-4.4213158
-4.3904254
-4.3368147
-4.2643821
-4.1794562
-4.0908003
-4.0087839
-3.9437432
-3.9043756
-4.4238452
-4.3929087
-4.339302
-4.2669428
-4.1821949
-4.0938073
-4.0119582
-3.947019
-3.907726
-4.41956
-4.3887719
-4.3353683
-4.2633051
-4.1789498
-4.0908818
-4.0093168
-3.9445842
-3.9053778
-4.4082106
-4.3775614
-4.3245047
-4.2529264
-4.1689863
-4.0813213
-4.0000469
-3.9354857
-3.896398
-4.3918401
-4.3616273
-4.309032
-4.2378394
-4.1543838
-4.0670933
-3.9861158
-3.9218733
-3.8830049
-4.373529
-4.3439884
-4.2926026
-4.2225202
-4.1394386
-4.0524221
-3.9719311
-3.9080394
-3.8693298
-4.3584008
-4.3292889
-4.279181
-4.2108281
-4.1288543
-4.0423772
-3.9620788
-3.8983645
-3.8596856
-3.8360675
-3.7967135
-3.729074
-3.6390009
-3.5350254
-3.4280399
-3.3302305
-3.2534179
-3.2072489
-3.8248571
-3.7857076
-3.718364
-3.6285505
-3.5248898
-3.4182324
-3.3207353
-3.2441578
-3.1981178
-3.8039112
-3.7649461
-3.6980373
-3.6087437
-3.5056824
-3.39963
-3.3026831
-3.226544
-3.180756
-3.7725002
-3.7338278
-3.6675002
-3.5789556
-3.4767854
-3.3716346
-3.2754867
-3.1999833
-3.1545727
-3.7317701
-3.6934317
-3.6278639
-3.5402856
-3.4391856
-3.3351705
-3.240065
-3.1653854
-3.1204597
-3.6854076
-3.6474705
-3.5826658
-3.4962027
-3.3963225
-3.2935715
-3.1996076
-3.1258405
-3.0814763
-3.6395103
-3.6019419
-3.5378638
-3.4524888
-3.3538183
-3.2523194
-3.159477
-3.086588
-3.042769
-3.6015004
-3.5642108
-3.5006502
-3.416126
-3.3184226
-3.2179619
-3.1260698
-3.0539107
-3.0105441
-3.5779091
-3.5408063
-3.4775153
-3.3934843
-3.2963746
-3.1965442
-3.1052381
-3.0335373
-2.9904561
-3.5662459
-3.5292319
-3.4660868
-3.3822962
-3.2854695
-3.1859355
-3.0949214
-3.0234512
-2.9805104
-3.5413692
-3.5047086
-3.4419326
-3.3585438
-3.2623059
-3.1634499
-3.073027
-3.0020189
-2.9593734
-3.4973275
-3.461173
-3.3993393
-3.3170602
-3.2217516
-3.1239094
-3.034553
-2.964384
-2.9222544
-3.43737
-3.4016826
-3.3406402
-3.2598326
-3.1662789
-3.0699374
-2.9818668
-2.9127558
-2.8713019
-3.3660314
-3.3311437
-3.2712308
-3.1917813
-3.1000071
-3.0057145
-2.9194372
-2.8515997
-2.8108968
-3.2906395
-3.2564856
-3.1978618
-3.1201694
-3.0302064
-2.9377343
-2.8533358
-2.7870183
-2.7472033
-3.2205879
-3.1870674
-3.1294427
-3.053227
-2.965192
-2.8745317
-2.791678
-2.7266404
-2.6876367
-3.1650117
-3.1319847
-3.0752061
-3.000014
-2.9132999
-2.8242161
-2.742745
-2.6786752
-2.640244
-3.1314452
-3.0986705
-3.0423758
-2.9679001
-2.8819052
-2.7936395
-2.7130729
-2.6496784
-2.6116092
-3.9473674
-3.9288816
-3.8976692
-3.856418
-3.8074484
-3.7475844
-3.6782498
-3.6190911
-3.5837388
-3.9176987
-3.8994642
-3.8685303
-3.8274293
-3.7793048
-3.7208583
-3.6523015
-3.5935493
-3.5586259
-3.8659598
-3.8478944
-3.8173249
-3.7767675
-3.7296281
-3.6736948
-3.6072633
-3.5489897
-3.5143081
-3.7953422
-3.7776716
-3.7478626
-3.7081601
-3.6622476
-3.6088386
-3.5452033
-3.4882408
-3.4540322
-3.712667
-3.6953518
-3.6661648
-3.6272893
-3.5827063
-3.5320175
-3.4713387
-3.4158132
-3.3822394
-3.6263822
-3.6095917
-3.5812316
-3.5432964
-3.4998458
-3.4513332
-3.3934963
-3.3395046
-3.3064727
-3.5454135
-3.5292841
-3.5019461
-3.4652817
-3.4232584
-3.3767485
-3.3212473
-3.2685888
-3.2360744
-3.4804518
-3.4647326
-3.4381435
-3.4026075
-3.3618816
-3.3172021
-3.2638803
-3.2123811
-3.1802323
-3.4416243
-3.4259943
-3.3996164
-3.3644806
-3.324427
-3.280743
-3.2288714
-3.1783635
-3.1465172
-4.7011293
-4.6812431
-4.6465022
-4.5986743
-4.5416682
-4.4814575
-4.4259647
-4.3816118
-4.3544389
-4.6364736
-4.616521
-4.5816062
-4.5341681
-4.4787168
-4.4214748
-4.3698375
-4.3298163
-4.3060567
-4.534204
-4.515809
-4.4844916
-4.4433006
-4.396552
-4.349529
-4.3076649
-4.2755762
-4.2565514
-4.457031
-4.4418109
-4.4158674
-4.381628
-4.3423558
-4.3018216
-4.2640272
-4.2335174
-4.2148839
-4.4116334
-4.396458
-4.3701717
-4.334881
-4.293527
-4.2501995
-4.2100129
-4.1782794
-4.1592791
-4.3479604
-4.3327089
-4.3064161
-4.2715462
-4.2313388
-4.1898542
-4.1516887
-4.1213812
-4.1030268
-4.2924039
-4.2773206
-4.2512947
-4.2163711
-4.1756547
-4.1332396
-4.0939925
-4.0630013
-4.0444399
-4.2438512
-4.2285386
-4.2021164
-4.1670091
-4.1263835
-4.0844886
-4.0462936
-4.01642
-3.9985049
-4.2113842
-4.1963646
-4.1704794
-4.1361536
-4.0966834
-4.0560916
-4.0188413
-3.9892902
-3.9713879
-4.1984929
-4.183618
-4.1579886
-4.1237122
-4.0838451
-4.0424463
-4.0042222
-3.9739998
-3.9558557
-4.1675831
-4.1526104
-4.1267515
-4.092319
-4.0524358
-4.0112618
-3.9734757
-3.9437862
-3.9260067
-4.1120077
-4.0972186
-4.0716218
-4.037687
-3.9984387
-3.9579674
-3.9209144
-3.8916913
-3.8741442
-4.0376399
-4.0230222
-3.9977616
-3.9642345
-3.9255295
-3.8857191
-3.8492727
-3.8205801
-3.803366
-3.9487065
-3.9346872
-3.9102829
-3.8777715
-3.8400324
-3.8010881
-3.7654214
-3.7373259
-3.7204749
-3.8533586
-3.8398177
-3.81639
-3.7852875
-3.7492473
-3.7119334
-3.6775424
-3.6503153
-3.6339387
-3.7671883
-3.7536486
-3.7302619
-3.6993804
-3.6639389
-3.6276653
-3.594524
-3.5683975
-3.5526964
-3.6996634
-3.6865067
-3.6635962
-3.6330691
-3.5978138
-3.5616803
-3.5288052
-3.5030155
-3.4875844
-3.6581506
-3.6454059
-3.6232044
-3.5933726
-3.5586126
-3.5227015
-3.4898509
-3.464101
-3.448718
-4.3993788
-4.3876381
-4.3671743
-4.3395789
-4.307526
-4.2743631
-4.2438211
-4.2197334
-4.2052485
-4.3666424
-4.3549679
-4.3347809
-4.3077886
-4.2762555
-4.2434119
-4.2130176
-4.1889048
-4.1743584
-4.3109172
-4.2993148
-4.278997
-4.2517924
-4.2201375
-4.187319
-4.157082
-4.1331006
-4.1186549
-4.2295484
-4.2187418
-4.1997831
-4.1740731
-4.1436778
-4.1117084
-4.0820004
-4.0584071
-4.0441562
-4.1343705
-4.1234233
-4.104391
-4.0791172
-4.0498188
-4.0193684
-3.9911515
-3.9686342
-3.9549846
-4.0370477
-4.0265256
-4.0079904
-3.9828746
-3.9534372
-3.9228818
-3.894871
-3.8727884
-3.8594813
-3.9441929
-3.93427
-3.9169037
-3.8934031
-3.8655382
-3.8360326
-3.8084816
-3.786511
-3.7732195
-3.8712145
-3.8611158
-3.8436389
-3.8204583
-3.7936091
-3.7655587
-3.7393955
-3.7183562
-3.7055113
-3.8285164
-3.8184544
-3.8009277
-3.7774315
-3.750274
-3.7223095
-3.6966476
-3.6762588
-3.6638583
-1.5122337
-1.4614325
-1.3756557
-1.2640343
-1.1386513
-1.0132137
-0.90145105
-0.81550548
-0.76457965
-1.5011045
-1.4506551
-1.3654725
-1.2546256
-1.1301147
-1.0055516
-0.89456956
-0.8092256
-0.75865683
-1.4815065
-1.4316736
-1.3475338
-1.2380467
-1.1150665
-0.99203778
-0.88242596
-0.79813795
-0.74819586
-1.4545513
-1.4055627
-1.3228502
-1.2152247
-1.0943405
-0.97341442
-0.86568124
-0.78284117
-0.73375818
-1.4224197
-1.3744336
-1.2934161
-1.1880004
-1.0696056
-0.95117791
-0.8456759
-0.76455378
-0.71648964
-1.3884385
-1.341508
-1.2622769
-1.1591927
-1.0434236
-0.92762789
-0.82447608
-0.74516671
-0.69817974
-1.3567185
-1.3107723
-1.2332052
-1.1322907
-1.0189651
-0.90562225
-0.80466544
-0.72705004
-0.68106806
-1.3314548
-1.2862927
-1.21005
-1.1108606
-0.99947922
-0.88809185
-0.78888339
-0.7126111
-0.66742231
-1.3161446
-1.2714566
-1.1960163
-1.0978738
-0.98767218
-0.87746934
-0.77931582
-0.7038503
-0.65913706
-2.4373156
-2.3853457
-2.2971966
-2.1817429
-2.051055
-1.9192546
-1.8009341
-1.7093745
-1.6548871
-2.4305008
-2.3786856
-2.2907985
-2.175686
-2.0453837
-1.9139712
-1.795998
-1.7047069
-1.6503791
-2.4174559
-2.3659293
-2.2785321
-2.16406
-2.0344813
-1.9037975
-1.7864777
-1.6956917
-1.641664
-2.3976431
-2.3465444
-2.2598726
-2.1463511
-2.0178482
-1.8882492
-1.7719023
-1.6818684
-1.628288
-2.3716572
-2.3211086
-2.2353696
-2.1230708
-1.9959519
-1.8677489
-1.7526552
-1.6635915
-1.6105889
-2.341829
-2.2919013
-2.2072155
-2.0962982
-1.970744
-1.8441205
-1.7304467
-1.642483
-1.5901356
-2.3121204
-2.2628041
-2.1791554
-2.0695976
-1.9455852
-1.8205202
-1.7082478
-1.6213694
-1.5696684
-2.2873197
-2.2385099
-2.1557209
-2.0472905
-1.9245569
-1.800784
-1.6896734
-1.6036952
-1.5525306
-2.2718401
-2.2233442
-2.1410894
-2.0333608
-1.9114223
-1.7884522
-1.6780641
-1.592646
-1.5418149
-2.2641742
-2.2158334
-2.1338423
-2.0264603
-1.9049149
-1.7823417
-1.6723105
-1.5871692
-1.536503
-2.2478828
-2.1998711
-2.1184392
-2.011792
-1.8910805
-1.7693493
-1.6600757
-1.5755221
-1.5252062
-2.2192353
-2.1718014
-2.0913491
-1.985987
-1.8667364
-1.7464839
-1.6385398
-1.5550164
-1.5053144
-2.1798886
-2.1332474
-2.0541403
-1.9505397
-1.8332852
-1.7150531
-1.6089295
-1.5268177
-1.4779566
-2.1330604
-2.0873532
-2.0098364
-1.908329
-1.7934499
-1.677615
-1.573648
-1.4932098
-1.4453466
-2.0836063
-2.0388842
-1.9630379
-1.8637242
-1.751343
-1.6380392
-1.5363487
-1.457674
-1.4108615
-2.0374612
-1.9936636
-1.9193844
-1.8221184
-1.7120561
-1.6011021
-1.5015323
-1.4245033
-1.3786713
-2.0007182
-1.9576503
-1.8846185
-1.7889916
-1.6807814
-1.5716936
-1.4738056
-1.3980846
-1.3530332
-1.9784689
-1.9358353
-1.8635505
-1.7689145
-1.661831
-1.5538775
-1.4570076
-1.3820765
-1.3374965
-2.9598506
-2.9162947
-2.8420369
-2.7440564
-2.632209
-2.5184049
-2.4153989
-2.3351545
-2.2871804
-2.9388523
-2.8955911
-2.8218417
-2.7245183
-2.6134177
-2.5003834
-2.3980793
-2.3183811
-2.2707329
-2.9019741
-2.85922
-2.7863442
-2.6901771
-2.5803938
-2.4687025
-2.3676236
-2.2888855
-2.2418108
-2.8513548
-2.8092971
-2.7376277
-2.6430541
-2.5350804
-2.425225
-2.3258112
-2.2483791
-2.2020882
-2.791319
-2.7500266
-2.6797003
-2.5869739
-2.4811575
-2.3735055
-2.2760751
-2.2001853
-2.1548177
-2.7280559
-2.6876291
-2.6187253
-2.527858
-2.424219
-2.3188586
-2.2235316
-2.149283
-2.1048954
-2.6689027
-2.6293361
-2.5618857
-2.4728593
-2.3712308
-2.2679257
-2.174512
-2.1017829
-2.0583113
-2.621803
-2.5828569
-2.516526
-2.4290395
-2.3291151
-2.2274618
-2.1355312
-2.0639791
-2.0212226
-2.5933428
-2.5547492
-2.489032
-2.4024356
-2.3035791
-2.202973
-2.1119489
-2.0410993
-1.9987674
-3.9343845
-3.9270249
-3.9140016
-3.8964183
-3.8762865
-3.8557068
-3.8367365
-3.8214386
-3.8119568
-3.8888065
-3.8818482
-3.869541
-3.8524798
-3.8320752
-3.8107556
-3.7913393
-3.776061
-3.7667783
-3.8122354
-3.8050006
-3.7924742
-3.7757602
-3.7561438
-3.7353444
-3.7158805
-3.7003131
-3.6908471
-3.7122017
-3.7051592
-3.6927328
-3.6758029
-3.6559487
-3.6352885
-3.6162337
-3.601049
-3.5918013
-3.5972173
-3.5902821
-3.5782376
-3.5619906
-3.5427717
-3.5224168
-3.5034436
-3.4883236
-3.4791449
-3.4814927
-3.474606
-3.4625677
-3.4463536
-3.4274576
-3.4077438
-3.3894361
-3.3747799
-3.3658244
-3.3767891
-3.3701557
-3.3585726
-3.3428183
-3.3241802
-3.3045944
-3.2864983
-3.2721623
-3.263453
-3.2955612
-3.288885
-3.2773867
-3.2620225
-3.244073
-3.2250883
-3.2072575
-3.1929993
-3.1843253
-3.2476856
-3.2409996
-3.2293925
-3.2138356
-3.1959124
-3.1773582
-3.1600514
-3.1461148
-3.1375779
-3.2244947
-3.217907
-3.2063926
-3.1908132
-3.1727348
-3.1541452
-3.1370298
-3.1233182
-3.1149078
-3.1758273
-3.1694272
-3.1582881
-3.143114
-3.1251559
-3.1063731
-3.0891407
-3.0755556
-3.0673204
-3.0940574
-3.0876327
-3.0765786
-3.0617649
-3.0444502
-3.0262395
-3.0092263
-2.9956631
-2.9874415
-2.9880839
-2.9818102
-2.9709405
-2.9562782
-2.9391879
-2.9214356
-2.9050292
-2.8919762
-2.8840382
-2.8689887
-2.8628762
-2.8523389
-2.8381657
-2.8215917
-2.8042561
-2.7881858
-2.7754455
-2.767744
-2.7503681
-2.7443934
-2.7340699
-2.7202113
-2.7041132
-2.6873883
-2.6718998
-2.6595726
-2.6520998
-2.6449301
-2.6391332
-2.6291238
-2.6156624
-2.5999508
-2.5835952
-2.5685125
-2.556579
-2.5493703
-2.5641469
-2.5584265
-2.5485826
-2.5354305
-2.5201605
-2.5042355
-2.4894575
-2.4777235
-2.470639
-2.5165091
-2.5108593
-2.501087
-2.4879989
-2.4728814
-2.4572503
-2.4427915
-2.4312744
-2.4242925
-2.4935129
-2.4879383
-2.4782778
-2.4652661
-2.4501676
-2.4345868
-2.4202506
-2.4088666
-2.4019683
-2.4459486
-2.4404363
-2.4309439
-2.4182092
-2.4033523
-2.3879005
-2.3736798
-2.3624492
-2.3556764
-2.3664076
-2.3609895
-2.3516555
-2.3391877
-2.3247428
-2.3097403
-2.2958689
-2.2848722
-2.278237
-2.2639778
-2.2587358
-2.2497063
-2.2376185
-2.2235915
-2.2090656
-2.1956945
-2.1851151
-2.178729
-2.1505285
-2.1454625
-2.1367489
-2.1251195
-2.1116518
-2.097695
-2.0848349
-2.0746714
-2.0685467
-2.0388337
-2.0339658
-2.0255912
-2.0144077
-2.0014697
-1.9881023
-1.9758082
-1.9660911
-1.9602317
-1.9409211
-1.9362231
-1.9281532
-1.9173969
-1.9049536
-1.8920801
-1.8802419
-1.8708999
-1.8652739
-1.8667153
-1.8621478
-1.8542947
-1.8438303
-1.8317538
-1.8192797
-1.807798
-1.7987224
-1.7932531
-1.8231692
-1.8186873
-1.8109813
-1.8006919
-1.7887954
-1.7765301
-1.7652732
-1.7563801
-1.7510156
-1.8022889
-1.7978376
-1.7901989
-1.7800167
-1.768226
-1.7560412
-1.7448662
-1.7360573
-1.7307499
-1.7593375
-1.7549542
-1.7474276
-1.737412
-1.7258488
-1.7138944
-1.7029026
-1.6942337
-1.6890169
-1.687855
-1.6836
-1.6762924
-1.6665585
-1.6553245
-1.6437387
-1.6330996
-1.624702
-1.6196436
-1.5968812
-1.5927822
-1.5857494
-1.5763946
-1.5656026
-1.5544696
-1.5442546
-1.5362035
-1.5313578
-1.4975735
-1.4936496
-1.4869186
-1.4779687
-1.4676564
-1.4570325
-1.4472884
-1.4396078
-1.4349858
-1.4014457
-1.3976897
-1.3912518
-1.3826996
-1.3728503
-1.3627088
-1.353418
-1.3461032
-1.3417039
-1.3187085
-1.3150969
-1.3089083
-1.3006933
-1.291245
-1.2815279
-1.2726305
-1.2656284
-1.2614196
-1.2570864
-1.2535828
-1.2475834
-1.2396238
-1.2304729
-1.2210713
-1.2124733
-1.2057104
-1.2016452
-1.2214527
-1.2180102
-1.2121187
-1.2043104
-1.1953374
-1.1861148
-1.1776831
-1.1710577
-1.1670779
-3.1151749
-3.0825628
-3.0264439
-2.9522787
-2.8666502
-2.7787402
-2.6985941
-2.6355511
-2.59767
-3.0807352
-3.0486047
-2.9930258
-2.9194582
-2.8347346
-2.7476285
-2.6681877
-2.6058394
-2.5683971
-3.0209236
-2.9897412
-2.9356987
-2.863497
-2.7799809
-2.6943122
-2.6162247
-2.5549121
-2.5181316
-2.9413869
-2.9107745
-2.85822
-2.7885642
-2.7075869
-2.6238098
-2.5473686
-2.4874201
-2.4514597
-2.8519336
-2.8218224
-2.7699464
-2.7016322
-2.6233756
-2.5427115
-2.4686586
-2.4103258
-2.3752917
-2.7600049
-2.7311466
-2.6810693
-2.6142719
-2.5374087
-2.4589683
-2.387632
-2.3314384
-2.2975891
-2.6761283
-2.6480375
-2.5996815
-2.5353912
-2.4606988
-2.3836743
-2.3138423
-2.2592992
-2.2265692
-2.6116071
-2.5838463
-2.5361067
-2.4732307
-2.4008302
-2.325777
-2.2570553
-2.2032978
-2.1711586
-2.5731702
-2.5458538
-2.4985642
-2.436131
-2.3647001
-2.2910739
-2.2234496
-2.1702368
-2.1383571
-2.55451
-2.5274758
-2.4805261
-2.4183372
-2.3472766
-2.2742569
-2.2072326
-2.1543854
-2.1226581
-2.5153317
-2.4888673
-2.4429154
-2.3814841
-2.3109463
-2.2389776
-2.1732638
-2.1213283
-2.0900315
-2.4492102
-2.4232335
-2.3785257
-2.3191271
-2.2502125
-2.1793528
-2.1151774
-2.064888
-2.0346033
-2.3636707
-2.3384053
-2.294756
-2.2370736
-2.1708453
-2.1024439
-2.0398971
-1.990936
-1.9616238
-2.2672217
-2.2429725
-2.2010601
-2.1453161
-2.0812014
-2.0155546
-1.9557
-1.9085523
-1.8801956
-2.1709523
-2.1475341
-2.1071508
-2.0537056
-1.9920915
-1.9286723
-1.8710681
-1.8259811
-1.7988896
-2.08542
-2.0628654
-2.0238483
-1.9721135
-1.9127847
-1.8518038
-1.7961069
-1.7524431
-1.7262926
-2.01966
-1.9977661
-1.9599847
-1.9097503
-1.8518959
-1.7926889
-1.738797
-1.6963801
-1.6708799
-1.9808751
-1.9592726
-1.9220897
-1.872874
-1.8160615
-1.7577019
-1.7047583
-1.663225
-1.6382262
-2.7965212
-2.7843077
-2.763393
-2.7354572
-2.7036443
-2.6702782
-2.6322563
-2.5930782
-2.5668972
-2.7532395
-2.7412914
-2.7208853
-2.6936519
-2.6624912
-2.6296186
-2.5920151
-2.5532958
-2.5275123
-2.6806287
-2.6689135
-2.6489532
-2.622511
-2.5924652
-2.5608674
-2.5245198
-2.486618
-2.4612084
-2.5864603
-2.5751996
-2.5559757
-2.5304124
-2.5013707
-2.4709684
-2.4362011
-2.3998383
-2.3752969
-2.4807431
-2.4699276
-2.4515328
-2.4271657
-2.3994812
-2.3704471
-2.3370784
-2.3020519
-2.2784192
-2.3757566
-2.365347
-2.34764
-2.3242086
-2.2976808
-2.2699889
-2.2381653
-2.2045554
-2.1817657
-2.2825061
-2.2725315
-2.2555736
-2.233096
-2.2075467
-2.1808174
-2.1501106
-2.1177417
-2.0958195
-2.2111032
-2.2013827
-2.184895
-2.1631418
-2.1384623
-2.1126062
-2.0827476
-2.0511648
-2.0297899
-2.1691271
-2.15954
-2.1432559
-2.121774
-2.0974923
-2.0721606
-2.0429477
-2.0119365
-1.9908717
-1.9622793
-1.940824
-1.9038928
-1.855108
-1.7988438
-1.7409376
-1.6883942
-1.6472507
-1.6225041
-1.9237702
-1.9027229
-1.8663315
-1.8182563
-1.7631275
-1.7063244
-1.6545565
-1.6140882
-1.589835
-1.8589052
-1.8385757
-1.8034447
-1.7567464
-1.7031061
-1.6481606
-1.5980677
-1.5587267
-1.5351381
-1.7756143
-1.7560071
-1.7222266
-1.6775423
-1.6260839
-1.5732254
-1.5252199
-1.4876058
-1.4650103
-1.6833729
-1.6646956
-1.6324252
-1.5896865
-1.5406898
-1.4904168
-1.4446264
-1.408758
-1.3872604
-1.5924206
-1.5746215
-1.5439562
-1.5033379
-1.4566343
-1.4088012
-1.3653516
-1.3312755
-1.3108197
-1.5127781
-1.495737
-1.466351
-1.4275513
-1.3830369
-1.3373203
-1.2957876
-1.2633139
-1.2438411
-1.4523243
-1.4359333
-1.4076225
-1.3701034
-1.3271554
-1.2831885
-1.2431503
-1.2117904
-1.1930149
-1.4168202
-1.4007757
-1.3731421
-1.3364901
-1.2943876
-1.2513813
-1.2123138
-1.1816523
-1.1632616
-1.3998617
-1.3839634
-1.356618
-1.320402
-1.2787386
-1.2361583
-1.1975404
-1.1672377
-1.1490446
-1.3649613
-1.3493748
-1.3225471
-1.2871715
-1.2465248
-1.2048197
-1.1670357
-1.137492
-1.1197533
-1.3068419
-1.2918771
-1.2660526
-1.2319101
-1.1928496
-1.152825
-1.1164248
-1.0879708
-1.0709402
-1.2328993
-1.2186662
-1.194168
-1.1617735
-1.1246106
-1.0866221
-1.0521597
-1.0251662
-1.0089819
-1.1523237
-1.1388918
-1.1157539
-1.085224
-1.0502699
-1.0144788
-0.98201922
-0.95666122
-0.94146923
-1.0743477
-1.0617124
-1.0399621
-1.0112229
-0.97833435
-0.9447418
-0.91426467
-0.89042712
-0.87615734
-1.0072974
-0.99532331
-0.97473075
-0.94758539
-0.91650103
-0.88473324
-0.85597956
-0.83351282
-0.82004867
-0.95738474
-0.94592596
-0.92619255
-0.90017616
-0.87047012
-0.84010208
-0.81257619
-0.79110582
-0.77826292
-0.92849703
-0.91733952
-0.89814271
-0.87278537
-0.84382662
-0.8142975
-0.78751484
-0.76658895
-0.75408051
-1.5394811
-1.5323577
-1.5202597
-1.504297
-1.4862422
-1.4674073
-1.4457166
-1.4227619
-1.4072184
-1.5015601
-1.4946033
-1.4827761
-1.4671256
-1.4493998
-1.4309296
-1.4097407
-1.3873489
-1.3721634
-1.4384182
-1.4317144
-1.4203345
-1.4052914
-1.3882265
-1.370397
-1.3499209
-1.3283434
-1.3137536
-1.3581903
-1.351792
-1.3409287
-1.3265836
-1.3103448
-1.2934064
-1.2739411
-1.2533894
-1.2394851
-1.2706424
-1.264597
-1.2543349
-1.2407737
-1.2254119
-1.20939
-1.1910116
-1.1716397
-1.1585361
-1.1859439
-1.1802295
-1.1705343
-1.1577397
-1.1432604
-1.1281607
-1.1108236
-1.0925479
-1.0801984
-1.1130878
-1.1076657
-1.0984644
-1.0863143
-1.072569
-1.0582518
-1.0418396
-1.0245414
-1.0128444
-1.0588212
-1.0536165
-1.0447912
-1.0331435
-1.0199597
-1.0062148
-0.99046048
-0.97388481
-0.96269198
-1.0274512
-1.022365
-1.0137425
-1.0023777
-0.9895306
-0.9761414
-0.96077366
-0.94459112
-0.93367071
-2.2830638
-2.2746914
-2.260383
-2.2415124
-2.2200497
-2.1982131
-2.1783057
-2.1626788
-2.1533125
-2.2387744
-2.2306131
-2.2166494
-2.1981376
-2.1769483
-2.1553576
-2.1357637
-2.120465
-2.1113204
-2.1645408
-2.1566087
-2.1430978
-2.125265
-2.1048484
-2.0839206
-2.0648141
-2.0498712
-2.0409512
-2.0693846
-2.0617506
-2.048723
-2.0315233
-2.0118954
-1.991859
-1.9735859
-1.9592611
-1.950686
-1.9639973
-1.9567242
-1.9443143
-1.9279078
-1.9091241
-1.8899046
-1.8723926
-1.8586998
-1.8505184
-1.860286
-1.853317
-1.8414307
-1.8257469
-1.807837
-1.7895275
-1.7728196
-1.7597295
-1.7519007
-1.7692965
-1.7626229
-1.7512302
-1.7361708
-1.7189539
-1.7013751
-1.6853772
-1.6728654
-1.6653849
-1.7002109
-1.6937489
-1.6827371
-1.6682055
-1.6515828
-1.6345647
-1.6190475
-1.6069168
-1.5996742
-1.6597209
-1.6533664
-1.6425369
-1.628269
-1.6119991
-1.5953702
-1.580187
-1.5682884
-1.5611742
-1.6403411
-1.6340499
-1.6233157
-1.6091585
-1.5930233
-1.5765645
-1.5615566
-1.549793
-1.5427539
-1.6003522
-1.5942032
-1.5837071
-1.5698355
-1.5539853
-1.5378185
-1.5231183
-1.5116252
-1.504754
-1.533823
-1.5278739
-1.5177362
-1.5043641
-1.4890871
-1.4734726
-1.4592513
-1.4481377
-1.4415025
-1.4492212
-1.4435342
-1.4338386
-1.4210523
-1.4064686
-1.3915933
-1.3780533
-1.3674636
-1.3611355
-1.3568703
-1.3514788
-1.3422927
-1.3301807
-1.3163586
-1.3022558
-1.2894289
-1.2794098
-1.2734279
-1.267527
-1.2624155
-1.2537085
-1.2422376
-1.2291642
-1.2158356
-1.2037113
-1.1942375
-1.1885808
-1.1906459
-1.1857821
-1.1774978
-1.1665817
-1.1541389
-1.1414626
-1.129947
-1.1209572
-1.115591
-1.1333928
-1.1287084
-1.1207363
-1.1102433
-1.0982886
-1.0861029
-1.0750272
-1.0663835
-1.0612274
-1.1002987
-1.0957171
-1.0879181
-1.0776563
-1.0659801
-1.0540917
-1.0432842
-1.0348426
-1.0298043
-1.728302
-1.7229149
-1.7136789
-1.7014151
-1.6873391
-1.6729297
-1.6597863
-1.6494487
-1.6432299
-1.6866108
-1.6813268
-1.672282
-1.6602776
-1.6464706
-1.6323055
-1.6193937
-1.6092625
-1.6031778
-1.6173071
-1.6121803
-1.6034089
-1.5917889
-1.5784519
-1.5647677
-1.5522716
-1.542456
-1.5365622
-1.529117
-1.5242077
-1.5158059
-1.5046679
-1.4918843
-1.4787871
-1.4668466
-1.4574718
-1.4518412
-1.4328451
-1.428165
-1.4201621
-1.4095654
-1.3974112
-1.384958
-1.3736066
-1.3647021
-1.3593587
-1.3396635
-1.3352103
-1.3275964
-1.317518
-1.3059702
-1.2941554
-1.283395
-1.2749547
-1.2698891
-1.2594652
-1.2552084
-1.2479361
-1.2383167
-1.2272965
-1.2160218
-1.2057603
-1.1977193
-1.1928966
-1.199755
-1.1956429
-1.1886184
-1.1793334
-1.1687098
-1.1578483
-1.1479607
-1.1402109
-1.1355636
-1.1652265
-1.161202
-1.1543256
-1.1452311
-1.1348254
-1.1241996
-1.1145373
-1.1069648
-1.1024221
-1.0557187
-1.0190827
-0.95725313
-0.87684576
-0.78661286
-0.69646341
-0.6162526
-0.55463381
-0.5181451
-1.0382247
-1.0021385
-0.94124452
-0.86205479
-0.77317865
-0.68438037
-0.60537648
-0.54469032
-0.50875639
-1.0086997
-0.97352169
-0.91418032
-0.83705366
-0.75051212
-0.66402002
-0.58704798
-0.5279276
-0.4929274
-0.97034409
-0.93637122
-0.87904846
-0.80455304
-0.72101568
-0.63756323
-0.56328933
-0.506228
-0.47244402
-0.9272947
-0.89470021
-0.83971109
-0.7682203
-0.68801889
-0.60792795
-0.53669372
-0.48198137
-0.449586
-0.88451713
-0.85323102
-0.80049545
-0.73201457
-0.65522302
-0.57850832
-0.51026661
-0.45787159
-0.42685972
-0.8467617
-0.8166598
-0.76589074
-0.69998192
-0.62616585
-0.55248779
-0.48694372
-0.43660688
-0.40681251
-0.81779534
-0.78868124
-0.73952127
-0.67560965
-0.60400346
-0.53259942
-0.46913573
-0.42040269
-0.39155254
-0.80060253
-0.77208756
-0.72392923
-0.66126612
-0.59098847
-0.52089729
-0.45863549
-0.41084824
-0.38256187
-0.54752766
-0.52728439
-0.4931515
-0.44875775
-0.39899299
-0.34947892
-0.30558502
-0.27189412
-0.2519384
-0.53245667
-0.51268616
-0.47941191
-0.43621128
-0.38771426
-0.33935018
-0.29651232
-0.26370577
-0.24429203
-0.50760003
-0.48860921
-0.45663909
-0.41525081
-0.36895025
-0.32269434
-0.28158081
-0.25010514
-0.23152077
-0.47602607
-0.45812848
-0.4279503
-0.38878247
-0.34502024
-0.30148376
-0.26279966
-0.23309296
-0.21552171
-0.44163303
-0.42488332
-0.39668924
-0.36012416
-0.31917107
-0.27838596
-0.24225816
-0.21458845
-0.19822117
-0.4085469
-0.39289865
-0.36654588
-0.33241478
-0.29428325
-0.25628141
-0.22254173
-0.19671093
-0.18146139
-0.38010723
-0.36544374
-0.34074222
-0.30869689
-0.27288769
-0.23729563
-0.20572805
-0.18151574
-0.16720071
-0.35895309
-0.34499587
-0.32151874
-0.29109895
-0.25705253
-0.22317124
-0.19318489
-0.17023246
-0.15666012
-0.34676435
-0.33320924
-0.31040588
-0.28089885
-0.24791776
-0.21505724
-0.18594259
-0.16368246
-0.15053752
-1.2141158
-1.1868635
-1.1407469
-1.0803409
-1.0118625
-0.94294955
-0.88141355
-0.83398768
-0.80581008
-1.1890648
-1.1622412
-1.116929
-1.0577887
-0.99079312
-0.92315795
-0.86265217
-0.81606601
-0.78842258
-1.1473212
-1.1213243
-1.0772879
-1.0198732
-0.95522846
-0.89008297
-0.83153552
-0.78630065
-0.75945815
-1.0933374
-1.0685693
-1.0265686
-0.97155112
-0.90945857
-0.84719172
-0.79146589
-0.74833721
-0.72266319
-1.0336531
-1.0100653
-0.97018462
-0.91811583
-0.85923115
-0.79992463
-0.746912
-0.70606436
-0.68180069
-0.97521921
-0.95283135
-0.91491412
-0.86543326
-0.80972044
-0.75369445
-0.70343743
-0.66462199
-0.64158458
-0.92395535
-0.90268368
-0.86666334
-0.81954494
-0.76637509
-0.71306411
-0.66541029
-0.62857465
-0.60666025
-0.8851628
-0.86466653
-0.83002462
-0.78482092
-0.7337408
-0.6823653
-0.63650254
-0.60117731
-0.58018989
-0.86250543
-0.84246669
-0.8085748
-0.76440426
-0.71460916
-0.66448178
-0.61963018
-0.58509429
-0.56461042
-0.85167574
-0.83186747
-0.79834759
-0.75465867
-0.70545492
-0.65594188
-0.61160053
-0.57743972
-0.55718533
-0.82930334
-0.81000255
-0.77729984
-0.73459155
-0.68653821
-0.63830221
-0.59507441
-0.56169789
-0.54189703
-0.79207999
-0.77357169
-0.74226706
-0.70136152
-0.65520337
-0.60891458
-0.56756608
-0.53563846
-0.51665863
-0.74492508
-0.72738984
-0.69773609
-0.65908093
-0.61551343
-0.57172474
-0.53259335
-0.50245365
-0.48456587
-0.69351954
-0.67710446
-0.64932675
-0.61306319
-0.57223128
-0.53127791
-0.49465369
-0.46640127
-0.44963586
-0.64386379
-0.62849271
-0.60251986
-0.56865721
-0.53048788
-0.49219049
-0.45800629
-0.43166163
-0.41601775
-0.60123761
-0.58677839
-0.56232395
-0.53046262
-0.49462869
-0.45866832
-0.42653215
-0.40178634
-0.38711276
-0.56948148
-0.55572221
-0.53245429
-0.50208694
-0.46792441
-0.43372086
-0.40316714
-0.37960469
-0.36562632
-0.55112436
-0.53774739
-0.51516013
-0.48570537
-0.45251641
-0.41928077
-0.38964646
-0.36680414
-0.35324166
-1.1403614
-1.1220089
-1.0908533
-1.0499686
-1.0033898
-0.95618565
-0.9137258
-0.8807702
-0.8610897
-1.1112806
-1.0933447
-1.0628415
-1.0228603
-0.97745365
-0.93136993
-0.88983869
-0.85766013
-0.83847788
-1.0628155
-1.0456304
-1.0163808
-0.97790969
-0.9342517
-0.89010307
-0.85026946
-0.81932955
-0.8008946
-1.0012577
-0.98493836
-0.95722426
-0.92084474
-0.87946939
-0.83760366
-0.79993931
-0.77070875
-0.75326782
-0.93421594
-0.91887996
-0.89280132
-0.85858494
-0.81977503
-0.78049453
-0.74510533
-0.71767303
-0.70133272
-0.86934834
-0.85497059
-0.83054912
-0.79847818
-0.76206211
-0.72527932
-0.69218235
-0.66649681
-0.65118636
-0.81361851
-0.80003882
-0.77698235
-0.74677834
-0.71250218
-0.67782556
-0.64665195
-0.62250829
-0.60812026
-0.772131
-0.75917921
-0.7371602
-0.70828142
-0.67558708
-0.64255092
-0.61279866
-0.58975138
-0.57603808
-0.74811239
-0.73552244
-0.71414144
-0.68606107
-0.65422975
-0.62213428
-0.59325479
-0.57084711
-0.55750461
