FiniteElementSpace
FiniteElementCollection: L2_2D_P7
VDim: 1
Ordering: 0

0.1
0.1
0.1
0.1
0.1
0.1
0.1
0.1
0.1
0.1
0.1
0.1
0.1
0.1
0.1
0.1
0.1
0.1
0.1
0.1
0.1
0.1
0.1
0.1
0.1
0.1
0.1
0.1
0.1
0.1
0.1
0.1
0.1
0.1
0.1
0.1
0.1
0.1
0.1
0.1
0.1
0.1
0.1
0.1
0.1
0.1
0.1
0.1
0.1
0.1
0.1
0.1
0.1
0.1
0.1
0.1
0.099999999
0.1
0.1
0.1
0.1
0.1
0.1
0.1
0.2732588
0.27310774
0.27282335
0.27239796
0.27190859
0.27151148
0.2712421
0.27110072
0.27317772
0.2730206
0.27273439
0.27230168
0.2718195
0.27143444
0.27118071
0.27104065
0.27305443
0.27289414
0.27259491
0.27215556
0.2716889
0.27132724
0.27108862
0.27095977
0.27292703
0.27275999
0.27244684
0.27200246
0.27155671
0.2712224
0.27100563
0.2708869
0.27281724
0.27264299
0.27231726
0.27187796
0.27146226
0.27116076
0.27096675
0.2708611
0.27275652
0.27257578
0.27224261
0.27181113
0.27142114
0.27114543
0.27096887
0.27086995
0.27271803
0.27253236
0.27219446
0.27177284
0.27140171
0.27114113
0.27097265
0.27087894
0.27269326
0.27250158
0.27216132
0.27174486
0.27138774
0.27113928
0.27097876
0.2708865
0.26309407
0.26206785
0.22113323
0.12888545
0.099816523
0.10142732
0.098585363
0.10077156
0.26366519
0.26339489
0.22806032
0.13393034
0.099969896
0.10159431
0.098503298
0.10060457
0.26445722
0.26498122
0.23806874
0.14313464
0.10053157
0.10176567
0.098491656
0.10022539
0.26550771
0.26612138
0.2480579
0.15596673
0.10190839
0.10176107
0.098720605
0.099561821
0.26676614
0.26656492
0.2558116
0.17066617
0.10434828
0.10149197
0.099235957
0.098755125
0.26784906
0.26654623
0.26080362
0.18459291
0.10759016
0.10106081
0.09988579
0.098085973
0.2684605
0.26645273
0.26356712
0.19537091
0.11082287
0.10066369
0.1004507
0.097676377
0.26872143
0.26641518
0.26483824
0.20163701
0.11304792
0.10042579
0.10079178
0.097491289
0.099999651
0.10000009
0.10000004
0.10000002
0.10000002
0.1
0.10000002
0.099999921
0.099999715
0.10000005
0.10000005
0.10000002
0.10000002
0.099999999
0.10000003
0.099999919
0.099999819
0.1
0.10000007
0.10000001
0.10000003
0.099999993
0.10000003
0.099999933
0.099999956
0.099999949
0.10000008
0.10000001
0.10000004
0.099999989
0.10000004
0.099999963
0.10000018
0.09999991
0.1000001
0.10000001
0.10000004
0.099999988
0.10000003
0.099999985
0.10000045
0.099999903
0.1000001
0.10000001
0.10000004
0.099999991
0.10000003
0.099999997
0.10000064
0.099999925
0.10000009
0.10000002
0.10000004
0.099999996
0.10000002
0.10000001
0.10000073
0.099999951
0.10000008
0.10000002
0.10000003
0.1
0.10000001
0.10000002
0.10000252
0.1000005
0.10000067
0.10000054
0.10000027
0.10000009
0.09999998
0.10000002
0.10000652
0.10000122
0.10000078
0.10000062
0.10000037
0.10000019
0.099999953
0.10000023
0.10000446
0.10000368
0.10000041
0.10000102
0.10000018
0.10000054
0.099999518
0.10000063
0.099985107
0.10000716
0.099999962
0.10000157
0.09999987
0.100001
0.099999113
0.10000037
0.099979228
0.10000522
0.10000129
0.10000117
0.10000041
0.10000047
0.10000022
0.099997758
0.099991089
0.1000004
0.1000032
0.10000046
0.10000123
0.099999661
0.10000147
0.099996527
0.10000117
0.099997536
0.10000414
0.10000022
0.10000157
0.09999943
0.1000016
0.099997944
0.10000675
0.099996684
0.10000437
0.10000028
0.10000161
0.099999482
0.10000142
0.099999061
0.11046644
0.10268036
0.10016413
0.10015832
0.10005142
0.10001105
0.10000938
0.099952661
0.11856645
0.1055066
0.10031226
0.10019501
0.10007318
0.10002425
0.10001439
0.10002649
0.13290741
0.11131661
0.10076529
0.10024271
0.10006783
0.1000676
0.099973871
0.1000619
0.15489112
0.12238394
0.10220801
0.10025246
0.10007648
0.10010737
0.099945782
0.10001375
0.18114888
0.13903601
0.10556377
0.10017545
0.1001837
0.10003652
0.10007234
0.099753272
0.20535458
0.15848917
0.11111431
0.10008439
0.10039943
0.099858725
0.10031573
0.09944135
0.22204189
0.17552299
0.11750522
0.10016503
0.10060128
0.099691689
0.10050742
0.099318663
0.23041562
0.18600879
0.12227592
0.10035601
0.10070562
0.099608494
0.10058064
0.099354429
0.1
0.1
0.1
0.1
0.1
0.1
0.1
0.1
0.1
0.1
0.1
0.1
0.1
0.1
0.1
0.1
0.1
0.1
0.1
0.1
0.1
0.1
0.1
0.1
0.1
0.1
0.1
0.1
0.1
0.1
0.1
0.1
0.1
0.1
0.1
0.1
0.1
0.1
0.1
0.1
0.1
0.1
0.1
0.1
0.1
0.1
0.1
0.1
0.1
0.1
0.1
0.1
0.1
0.1
0.1
0.1
0.1
0.1
0.1
0.1
0.1
0.1
0.1
0.1
0.1
0.1
0.1
0.1
0.1
0.1
0.1
0.1
0.099999999
0.1
0.1
0.1
0.1
0.1
0.1
0.1
0.099999999
0.1
0.1
0.1
0.1
0.1
0.1
0.1
0.1
0.1
0.1
0.1
0.1
0.1
0.1
0.1
0.1
0.1
0.1
0.1
0.1
0.1
0.1
0.1
0.1
0.1
0.1
0.1
0.1
0.1
0.1
0.1
0.1
0.1
0.1
0.1
0.1
0.1
0.1
0.1
0.1
0.1
0.1
0.1
0.1
0.1
0.1
0.1
0.10000002
0.10000001
0.10000001
0.10000001
0.1
0.1
0.099999999
0.1
0.1
0.10000002
0.1
0.10000001
0.1
0.1
0.099999996
0.1
0.099999912
0.10000004
0.1
0.10000001
0.099999999
0.10000001
0.099999994
0.1
0.099999874
0.10000004
0.10000001
0.10000001
0.1
0.1
0.1
0.099999983
0.099999933
0.10000001
0.10000002
0.10000001
0.10000001
0.099999998
0.10000001
0.099999976
0.099999991
0.099999982
0.10000003
0.10000001
0.10000001
0.099999996
0.10000001
0.099999989
0.10000007
0.099999969
0.10000003
0.10000001
0.10000002
0.099999996
0.10000001
0.099999997
0.10000014
0.099999969
0.10000003
0.10000001
0.10000002
0.099999997
0.10000001
0.1
0.26892483
0.26885689
0.26866461
0.26797476
0.26754848
0.26733502
0.26671126
0.26629609
0.268944
0.26888411
0.26865527
0.2679759
0.26764298
0.26741194
0.26677452
0.26645388
0.26901484
0.26896571
0.26866901
0.26804245
0.26785837
0.26754348
0.26692711
0.26666954
0.26917852
0.26911791
0.26874437
0.26821404
0.26810992
0.26765488
0.26708767
0.26693049
0.26935197
0.26925048
0.26881757
0.26841489
0.268337
0.26778739
0.2673324
0.26724351
0.2694825
0.26934006
0.26890367
0.2686449
0.26854345
0.26794536
0.26759573
0.26753626
0.26959245
0.26942276
0.26901014
0.26884874
0.2686886
0.26806974
0.26778402
0.2677312
0.26966476
0.26947657
0.26908219
0.26895449
0.26874717
0.26813972
0.26791155
0.26786043
0.27025248
0.27010795
0.27007922
0.26993752
0.26941254
0.26914726
0.26908555
0.26903995
0.27030425
0.27017032
0.27014814
0.26997799
0.26945368
0.26921177
0.26915184
0.26911032
0.27037525
0.27026186
0.27025044
0.27003996
0.26952183
0.26931037
0.26925557
0.26921747
0.27046223
0.27037427
0.27036936
0.27011382
0.26960937
0.26942727
0.26937451
0.26934294
0.2705657
0.2704974
0.27048344
0.27017878
0.26968926
0.2695321
0.26948655
0.26946571
0.27064849
0.27059322
0.2705666
0.27022872
0.26976197
0.26962699
0.2695874
0.26957658
0.27070413
0.27065997
0.2706268
0.27027208
0.26982396
0.26970024
0.26966297
0.2696587
0.27073462
0.27069613
0.27065877
0.27029621
0.26986004
0.26974266
0.2697051
0.26970352
0.27273526
0.27252304
0.27219905
0.27187739
0.27164063
0.27148364
0.27137643
0.27131309
0.27274992
0.27253747
0.27221599
0.27189962
0.27166846
0.27151624
0.27141302
0.27135223
0.27277137
0.27256089
0.27224771
0.27194605
0.27173004
0.27158901
0.27149285
0.27143573
0.27280722
0.27260231
0.27230322
0.27202176
0.27182357
0.27169299
0.27160121
0.2715453
0.27285029
0.27264941
0.27236091
0.27209406
0.2719075
0.27178327
0.27169483
0.2716407
0.2728785
0.27268024
0.27239982
0.27214571
0.27197212
0.27185851
0.27177771
0.27172773
0.27289791
0.27270521
0.27243636
0.27219732
0.27203673
0.27193098
0.27185361
0.27180445
0.27291482
0.27272587
0.27246386
0.27223259
0.27207751
0.27197367
0.27189554
0.27184502
0.099936272
0.10001921
0.10000076
0.10000468
0.09999958
0.10000248
0.099998773
0.099996204
0.099939577
0.10001603
0.10000224
0.10000406
0.1000003
0.10000169
0.10000018
0.099993569
0.099955839
0.10000906
0.10000506
0.10000282
0.10000166
0.10000021
0.10000252
0.099990113
0.099983061
0.10000071
0.10000815
0.10000155
0.1000031
0.099998797
0.10000436
0.099989871
0.10000642
0.099995069
0.10001007
0.10000105
0.10000388
0.099998267
0.1000045
0.099994026
0.10002049
0.099993082
0.10001065
0.10000127
0.10000403
0.099998466
0.10000369
0.099998271
0.1000285
0.099993273
0.10001051
0.10000173
0.1000039
0.099998881
0.10000283
0.10000046
0.10003241
0.09999401
0.10001024
0.1000021
0.10000375
0.0999992
0.10000227
0.10000124
0.10002836
0.10002185
0.10000361
0.10000791
0.10000088
0.10000394
0.099996027
0.10000247
0.10002051
0.10002443
0.10000313
0.10000834
0.10000065
0.10000426
0.099995678
0.10000254
0.10000452
0.10002854
0.10000239
0.10000901
0.10000029
0.10000478
0.099995152
0.10000264
0.099980217
0.10003321
0.1000016
0.10000979
0.099999878
0.10000536
0.09999461
0.10000268
0.09995174
0.10003729
0.10000101
0.10001049
0.099999532
0.10000585
0.099994232
0.10000249
0.099926624
0.10003996
0.10000075
0.10001095
0.099999346
0.10000612
0.099994124
0.100002
0.09990949
0.10004126
0.10000076
0.10001117
0.099999303
0.10000622
0.099994213
0.10000138
0.099900588
0.10004172
0.10000084
0.10001125
0.099999319
0.10000622
0.099994332
0.10000092
0.26825342
0.26859104
0.26988668
0.25377263
0.15302529
0.10128548
0.10262998
0.098627121
0.26822
0.26882883
0.26998688
0.2557562
0.15645949
0.10175676
0.10255902
0.098866151
0.26819243
0.26920567
0.27012864
0.25855227
0.16202733
0.10264057
0.10240889
0.099257202
0.26820592
0.26964757
0.27027261
0.26133202
0.16873555
0.10390115
0.10218692
0.099722352
0.26827859
0.27007162
0.27039292
0.26356702
0.17540418
0.10536968
0.10194023
0.10016761
0.26838816
0.27041731
0.27047958
0.26511178
0.18102666
0.10678106
0.10172487
0.1005229
0.26849032
0.27065628
0.27053308
0.26604904
0.1850236
0.10788583
0.10157319
0.10076098
0.2685545
0.27078529
0.27055965
0.26651478
0.18722662
0.10853254
0.10149147
0.10088613
0.099999999
0.1
0.1
0.1
0.1
0.1
0.1
0.1
0.1
0.099999999
0.1
0.1
0.1
0.1
0.1
0.1
0.1
0.099999999
0.1
0.1
0.1
0.1
0.1
0.1
0.1
0.099999999
0.1
0.1
0.1
0.1
0.1
0.1
0.10000001
0.099999999
0.1
0.1
0.1
0.1
0.1
0.1
0.10000001
0.1
0.1
0.1
0.1
0.1
0.1
0.1
0.10000001
0.1
0.1
0.1
0.1
0.1
0.1
0.1
0.1
0.1
0.1
0.1
0.1
0.1
0.1
0.1
0.099999989
0.1
0.1
0.1
0.1
0.1
0.1
0.099999999
0.099999989
0.1
0.1
0.1
0.1
0.1
0.1
0.099999998
0.09999999
0.1
0.1
0.1
0.1
0.1
0.1
0.099999998
0.099999991
0.1
0.1
0.1
0.1
0.1
0.1
0.099999998
0.099999993
0.1
0.1
0.1
0.1
0.1
0.1
0.099999998
0.099999994
0.1
0.1
0.1
0.1
0.1
0.1
0.099999998
0.099999995
0.1
0.1
0.1
0.1
0.1
0.1
0.099999998
0.099999995
0.1
0.1
0.1
0.1
0.1
0.1
0.099999998
0.099998742
0.10000046
0.099999975
0.10000011
0.099999976
0.10000007
0.099999936
0.09999999
0.099998677
0.10000046
0.099999982
0.10000011
0.099999979
0.10000007
0.099999945
0.099999964
0.099998646
0.10000043
0.099999998
0.1000001
0.099999987
0.10000006
0.099999964
0.09999992
0.099998707
0.10000038
0.10000002
0.10000009
0.1
0.10000005
0.099999991
0.099999866
0.099998838
0.10000032
0.10000005
0.10000008
0.10000001
0.10000003
0.10000002
0.099999821
0.099998982
0.10000026
0.10000008
0.10000007
0.10000003
0.10000002
0.10000004
0.099999792
0.099999095
0.10000021
0.10000009
0.10000006
0.10000003
0.10000001
0.10000005
0.099999778
0.09999916
0.10000019
0.1000001
0.10000006
0.10000004
0.1
0.10000006
0.099999773
0.099998932
0.099999325
0.099999955
0.099999824
0.099999894
0.099999845
0.099999988
0.099999586
0.099998118
0.10000085
0.099999966
0.10000009
0.099999976
0.10000008
0.099999957
0.10000004
0.10000108
0.10000019
0.10000012
0.10000001
0.10000003
0.099999975
0.10000009
0.09999976
0.099997292
0.10000101
0.099999962
0.10000013
0.099999942
0.1000001
0.09999992
0.10000003
0.10000262
0.10000047
0.10000036
0.10000012
0.10000014
0.099999993
0.10000018
0.099999644
0.099993044
0.10000308
0.10000062
0.10000082
0.10000014
0.10000039
0.099999868
0.10000017
0.10000674
0.10000514
0.10000402
0.10000209
0.1000014
0.10000027
0.10000117
0.099997273
0.10000364
0.10000902
0.10000595
0.10000421
0.10000168
0.10000068
0.09999956
0.099998358
0.1
0.1
0.1
0.1
0.1
0.1
0.1
0.1
0.1
0.1
0.1
0.1
0.1
0.1
0.1
0.1
0.1
0.1
0.1
0.1
0.1
0.1
0.1
0.1
0.1
0.1
0.1
0.1
0.1
0.1
0.1
0.1
0.1
0.1
0.1
0.1
0.1
0.1
0.1
0.1
0.1
0.1
0.1
0.1
0.1
0.1
0.1
0.1
0.1
0.1
0.1
0.1
0.1
0.1
0.1
0.1
0.1
0.1
0.1
0.1
0.1
0.1
0.1
0.1
0.1
0.1
0.1
0.1
0.1
0.1
0.1
0.1
0.1
0.1
0.1
0.1
0.1
0.1
0.1
0.1
0.1
0.1
0.1
0.1
0.1
0.1
0.1
0.1
0.1
0.1
0.1
0.1
0.1
0.1
0.1
0.1
0.1
0.1
0.1
0.1
0.1
0.1
0.1
0.1
0.1
0.1
0.1
0.1
0.1
0.1
0.1
0.1
0.1
0.1
0.1
0.1
0.1
0.1
0.1
0.1
0.099999999
0.1
0.1
0.1
0.1
0.1
0.1
0.1
0.1
0.1
0.1
0.1
0.1
0.1
0.1
0.1
0.1
0.1
0.1
0.1
0.1
0.1
0.1
0.1
0.1
0.1
0.1
0.1
0.1
0.1
0.1
0.1
0.1
0.1
0.1
0.1
0.1
0.1
0.1
0.1
0.1
0.1
0.1
0.1
0.1
0.1
0.1
0.1
0.1
0.1
0.1
0.1
0.1
0.1
0.1
0.1
0.099999997
0.1
0.1
0.1
0.1
0.1
0.1
0.1
0.099999999
0.1
0.10000001
0.1
0.1
0.1
0.1
0.099999999
0.27102631
0.27088859
0.2706575
0.27034322
0.26999567
0.26959302
0.2691856
0.26898728
0.27097831
0.27084397
0.270622
0.2703114
0.26996913
0.2695575
0.26916247
0.26899235
0.27089787
0.27077231
0.27055899
0.27026645
0.26993666
0.26951765
0.26916683
0.2690467
0.27083127
0.27071633
0.2705169
0.27025156
0.26993825
0.26953211
0.26926213
0.26919871
0.27080925
0.270706
0.27052249
0.27028689
0.26997933
0.26959589
0.2694093
0.26937648
0.27082219
0.27072519
0.27055009
0.27032789
0.27001038
0.26966079
0.2695435
0.2695178
0.27083253
0.27073947
0.27057252
0.27036129
0.2700414
0.26973703
0.26966931
0.26963982
0.27084359
0.27075171
0.270593
0.27039052
0.27007572
0.26980431
0.26975825
0.26971791
0.27085136
0.27076434
0.2706087
0.27041014
0.27009583
0.2698398
0.26980075
0.26975684
0.27087786
0.27079378
0.27064881
0.27045434
0.27013992
0.26990879
0.26987633
0.26981493
0.27092913
0.27084789
0.27071032
0.27051264
0.27019715
0.27000951
0.26998063
0.26989448
0.27098613
0.27090583
0.27077507
0.27057001
0.27026969
0.27014456
0.27011401
0.27000125
0.27105867
0.2709845
0.27086614
0.27065965
0.27039023
0.27031711
0.2702603
0.27011673
0.27115799
0.27108843
0.27097425
0.27075663
0.27050948
0.27045951
0.27036512
0.27019889
0.27123
0.27116176
0.27104572
0.27082001
0.27059699
0.27056345
0.27044426
0.27026927
0.27126555
0.27119758
0.27108098
0.2708551
0.2706522
0.27062795
0.27049601
0.27031831
0.27268051
0.27249021
0.27214731
0.27173424
0.27138213
0.27114063
0.27098362
0.27089595
0.27266491
0.27246959
0.27212677
0.27172055
0.27138054
0.27114914
0.27100119
0.27091764
0.27265354
0.27245425
0.27211119
0.27171923
0.27140048
0.27118597
0.27104666
0.27096757
0.27266383
0.27245865
0.27211547
0.27173638
0.27143524
0.27123294
0.27109962
0.27102281
0.27267148
0.27246129
0.27211981
0.2717562
0.27147479
0.27128763
0.27116386
0.27109278
0.27267965
0.27246815
0.27213453
0.27179156
0.27153473
0.27136674
0.27125482
0.27118935
0.27270507
0.27249414
0.27216754
0.27183856
0.27159478
0.2714342
0.2713254
0.27126112
0.27272612
0.27251432
0.27218965
0.27186592
0.27162732
0.27146905
0.27136063
0.27129629
0.10070827
0.099968075
0.10006154
0.10002153
0.10002896
0.099994581
0.10001637
0.10001057
0.10080438
0.10001264
0.10005224
0.10002768
0.10002561
0.099999875
0.10000825
0.10002087
0.1009009
0.10010599
0.10003522
0.100039
0.10001902
0.10000975
0.099994696
0.10002901
0.10093168
0.10024346
0.100016
0.10005277
0.10001091
0.10002174
0.099980191
0.10002802
0.10080246
0.10040392
0.10000064
0.10006654
0.10000263
0.10003379
0.099967166
0.10002445
0.10050083
0.10055146
0.099993161
0.10007806
0.099995687
0.1000438
0.099957766
0.10002062
0.10017379
0.10065175
0.09999519
0.10008457
0.099992206
0.10004915
0.099954482
0.10001332
0.099956539
0.1007002
0.10000089
0.10008679
0.099991513
0.10005073
0.099954903
0.10000631
0.099849244
0.10071983
0.10000485
0.10008737
0.099991554
0.10005101
0.099955827
0.10000202
0.099630408
0.10075094
0.10001603
0.1000873
0.099992759
0.10005035
0.099959421
0.099991261
0.099288399
0.10077422
0.10004255
0.10008371
0.099997656
0.1000459
0.099970018
0.099968132
0.098926164
0.10075286
0.10008885
0.10007334
0.10000882
0.10003471
0.099990498
0.099932204
0.098647881
0.10067287
0.1001506
0.1000566
0.1000257
0.10001753
0.10001811
0.099891012
0.098494318
0.10055491
0.10021497
0.10003784
0.10004427
0.0999988
0.10004564
0.099856342
0.098450356
0.10043928
0.10026795
0.10002197
0.10005996
0.099983206
0.10006706
0.099833716
0.098456289
0.10036361
0.10029966
0.10001248
0.10006944
0.099973929
0.10007918
0.099822979
0.26880411
0.26641179
0.26536208
0.20459501
0.11419802
0.10031558
0.10095314
0.097419261
0.2689361
0.26642598
0.26628679
0.21048965
0.11670953
0.10010545
0.10127409
0.097305718
0.26899883
0.26655248
0.2674338
0.21958608
0.12125556
0.099831589
0.10175306
0.097221002
0.26890232
0.26685867
0.26839959
0.22972598
0.12758272
0.099668835
0.10223313
0.097282091
0.26869736
0.26731693
0.26906472
0.23886227
0.13492554
0.099776904
0.10256667
0.097530881
0.26847949
0.267816
0.26947564
0.24582127
0.14209394
0.10017132
0.10269985
0.097910947
0.26833773
0.26822915
0.26971375
0.25036033
0.14786526
0.10068511
0.10269665
0.098277453
0.26827684
0.26847488
0.26983351
0.252721
0.15134464
0.1010755
0.1026576
0.098511122
0.10000003
0.10000001
0.1
0.1
0.1
0.1
0.099999998
0.1
0.10000002
0.10000001
0.1
0.1
0.1
0.1
0.099999997
0.1
0.099999987
0.10000002
0.099999999
0.10000001
0.1
0.1
0.099999996
0.1
0.099999947
0.10000003
0.099999998
0.10000001
0.099999999
0.1
0.099999996
0.1
0.099999927
0.10000003
0.099999999
0.10000001
0.1
0.1
0.099999997
0.099999997
0.09999993
0.10000002
0.1
0.10000001
0.1
0.1
0.1
0.099999991
0.099999938
0.10000002
0.1
0.1
0.1
0.1
0.1
0.099999988
0.099999945
0.10000001
0.10000001
0.1
0.1
0.1
0.1
0.099999987
0.099999948
0.10000001
0.10000001
0.1
0.1
0.1
0.1
0.099999987
0.099999955
0.10000001
0.10000001
0.1
0.1
0.099999999
0.1
0.099999987
0.099999968
0.099999999
0.10000001
0.1
0.1
0.099999999
0.10000001
0.099999989
0.099999986
0.099999992
0.10000001
0.1
0.10000001
0.099999998
0.10000001
0.099999992
0.10000001
0.099999987
0.10000001
0.1
0.10000001
0.099999998
0.10000001
0.099999995
0.10000004
0.099999983
0.10000002
0.1
0.10000001
0.099999998
0.10000001
0.099999998
0.10000006
0.099999983
0.10000002
0.1
0.10000001
0.099999998
0.1
0.099999999
0.10000007
0.099999983
0.10000002
0.1
0.10000001
0.099999998
0.1
0.1
0.10000075
0.099999967
0.10000008
0.10000002
0.10000003
0.1
0.10000001
0.10000002
0.10000076
0.10000001
0.10000007
0.10000003
0.10000003
0.10000001
0.099999997
0.10000003
0.10000065
0.10000009
0.10000005
0.10000005
0.10000002
0.10000002
0.099999979
0.10000005
0.10000026
0.10000021
0.10000002
0.10000007
0.1
0.10000004
0.099999953
0.10000007
0.099999691
0.10000033
0.09999999
0.10000009
0.099999985
0.10000006
0.099999931
0.10000007
0.099999197
0.10000042
0.099999973
0.10000011
0.099999976
0.10000007
0.099999923
0.10000005
0.099998908
0.10000045
0.09999997
0.10000011
0.099999974
0.10000008
0.099999926
0.10000002
0.099998786
0.10000046
0.099999973
0.10000011
0.099999975
0.10000008
0.099999932
0.1
0.27584031
0.27582844
0.27579155
0.2757183
0.27560293
0.27549749
0.27541952
0.27536291
0.27565131
0.27563001
0.27558996
0.27550875
0.27538725
0.27527389
0.27518218
0.27510995
0.27537297
0.27534869
0.27529077
0.27518364
0.27503882
0.27490107
0.27478128
0.27469232
0.27510792
0.27506784
0.2749889
0.27485561
0.27469152
0.27452936
0.27437484
0.27426101
0.27489223
0.27484259
0.27474099
0.27458407
0.27440426
0.27421958
0.27403532
0.27390624
0.27472845
0.27466932
0.27455449
0.2743843
0.27419499
0.27398873
0.27378185
0.27364016
0.27460851
0.27454641
0.27442223
0.27424836
0.27405454
0.27383594
0.27361581
0.2734714
0.27454979
0.27447702
0.27435123
0.27417184
0.27397413
0.2737449
0.27352385
0.27337289
0.28080004
0.2812483
0.2837521
0.28636098
0.28722276
0.23034692
0.14815975
0.11790955
0.27547463
0.27436118
0.2736814
0.27057566
0.25896964
0.22504248
0.16494544
0.12995333
0.26860775
0.26806108
0.26614475
0.25975634
0.25047619
0.23969966
0.1916382
0.14927283
0.26430376
0.26360064
0.26108901
0.25805781
0.25382374
0.24785024
0.21793692
0.17591103
0.26446103
0.26370285
0.26131235
0.25790565
0.25441433
0.25293174
0.23757813
0.20337456
0.26286522
0.26218358
0.25986201
0.25845068
0.25734822
0.25494851
0.24790784
0.22468654
0.26385102
0.26296294
0.26106909
0.25973709
0.25713067
0.25643566
0.25366974
0.23767358
0.26247784
0.26136991
0.25951203
0.25844893
0.25857739
0.25653421
0.25495013
0.24314639
0.26388458
0.26271707
0.26117395
0.25999926
0.25915222
0.2577853
0.25578576
0.24585671
0.26400051
0.26322721
0.26183181
0.2610525
0.26018548
0.25885802
0.25728232
0.24975502
0.26451362
0.26363984
0.26266678
0.26187549
0.26085992
0.26006547
0.25917674
0.25471934
0.26486104
0.26417338
0.26350557
0.26277889
0.26207708
0.26156254
0.26083193
0.25852096
0.26534083
0.26480439
0.26438197
0.26374923
0.26312543
0.26281646
0.2622853
0.26100443
0.26568222
0.265354
0.26506501
0.26450987
0.26404194
0.26390439
0.26340419
0.26247737
0.26598597
0.26574281
0.26549647
0.26499624
0.26473788
0.26464149
0.26412263
0.26343729
0.26610313
0.2659683
0.26566519
0.26529585
0.26504888
0.2649567
0.26457285
0.26388491
0.27043039
0.2699976
0.26921131
0.26845977
0.26728751
0.2654014
0.26443608
0.26386747
0.27021676
0.26978401
0.26897184
0.26829131
0.26710621
0.26550659
0.2647644
0.26444867
0.26990095
0.26945968
0.26881751
0.26821735
0.26696728
0.26577965
0.26526977
0.2647623
0.26954255
0.26916378
0.2687444
0.2681937
0.26696625
0.26619284
0.26576301
0.2652354
0.26921295
0.26892895
0.26869195
0.26810851
0.26707365
0.26665926
0.26620431
0.2656031
0.2689953
0.26882436
0.26866926
0.26804302
0.26726854
0.26704108
0.26647079
0.26593527
0.26891937
0.26880792
0.26865893
0.26798905
0.26741805
0.26724264
0.26663329
0.26614237
0.26892149
0.26883961
0.26866058
0.2679887
0.26751618
0.26730628
0.26664291
0.26627905
0.273241
0.27305224
0.27273534
0.2723224
0.27182993
0.27129828
0.27087158
0.27056524
0.27303147
0.27284796
0.27255136
0.27216746
0.27167873
0.27115354
0.27071392
0.2704092
0.27261665
0.27244823
0.2721745
0.27181724
0.27135633
0.27084921
0.27041058
0.27007988
0.27209147
0.27193667
0.27168841
0.27135618
0.2709312
0.27048739
0.27006109
0.26972672
0.27161672
0.27146507
0.27122541
0.27090091
0.27050326
0.27010219
0.26968352
0.2693613
0.27130192
0.27114907
0.27090681
0.27057649
0.27019762
0.26981215
0.26939084
0.26911199
0.27112721
0.27098328
0.27074843
0.27042101
0.27005413
0.26966004
0.26924133
0.26900011
0.27105787
0.27091036
0.27068035
0.27036025
0.27000801
0.26960929
0.26919542
0.26898845
0.27531375
0.27523793
0.2750489
0.27476942
0.27438424
0.27392904
0.27355241
0.27336425
0.2750725
0.2749676
0.27476637
0.27449277
0.27412283
0.27367387
0.27331626
0.27311637
0.27464141
0.27452735
0.27431403
0.27402057
0.27363324
0.27320784
0.27288155
0.27270283
0.27420296
0.27406778
0.27383506
0.27350648
0.27307128
0.27263504
0.27233008
0.27216505
0.27383921
0.27369605
0.27344594
0.27307678
0.27260251
0.27216234
0.2718574
0.27169301
0.27357154
0.27342047
0.27315847
0.27276041
0.2722637
0.27182849
0.27153536
0.27137388
0.2733968
0.27324364
0.27296916
0.27255526
0.27205883
0.27163681
0.27135268
0.27119992
0.2733079
0.27314872
0.27287084
0.27244477
0.2719555
0.2715496
0.27127677
0.27112082
0.1
0.099999999
0.1
0.099999999
0.1
0.1
0.1
0.099999999
0.099999998
0.1
0.1
0.1
0.1
0.1
0.1
0.1
0.1
0.1
0.1
0.1
0.1
0.1
0.1
0.1
0.099999999
0.1
0.1
0.1
0.1
0.1
0.1
0.1
0.1
0.1
0.1
0.1
0.1
0.1
0.1
0.1
0.099999998
0.1
0.1
0.1
0.1
0.1
0.1
0.1
0.10000001
0.1
0.1
0.1
0.1
0.1
0.1
0.1
0.09999998
0.10000001
0.099999997
0.1
0.099999998
0.1
0.099999999
0.1
0.10000001
0.099999989
0.1
0.099999997
0.1
0.099999998
0.1
0.099999996
0.099999991
0.10000001
0.099999998
0.1
0.099999999
0.1
0.1
0.1
0.1
0.1
0.1
0.099999999
0.1
0.1
0.1
0.1
0.099999997
0.1
0.1
0.1
0.1
0.1
0.1
0.099999999
0.1
0.1
0.1
0.1
0.1
0.1
0.1
0.1
0.1
0.10000001
0.10000001
0.10000001
0.1
0.1
0.1
0.099999998
0.10000002
0.10000004
0.10000003
0.10000002
0.10000001
0.10000001
0.1
0.1
0.099999953
0.10000007
0.10000004
0.10000004
0.10000001
0.10000001
0.099999995
0.099999989
0.099999944
0.099999964
0.10000001
0.099999981
0.099999999
0.099999985
0.1
0.099999953
0.099999905
0.10000005
0.099999998
0.10000001
0.099999998
0.10000001
0.1
0.099999996
0.10000003
0.10000003
0.10000001
0.1
0.1
0.099999999
0.1
0.09999999
0.099999895
0.10000004
0.1
0.10000001
0.099999999
0.1
0.1
0.099999988
0.10000007
0.10000007
0.10000002
0.10000001
0.10000001
0.1
0.10000001
0.099999992
0.099999883
0.10000014
0.10000007
0.10000006
0.10000003
0.10000002
0.10000001
0.099999977
0.10000094
0.10000046
0.10000031
0.10000018
0.10000012
0.10000004
0.10000007
0.0999999
0.099999518
0.10000062
0.10000051
0.10000036
0.10000017
0.10000006
0.099999997
0.099999799
0.09999979
0.1000001
0.10000006
0.10000006
0.10000002
0.10000001
0.10000001
0.099999958
0.099999898
0.10000002
0.10000011
0.10000004
0.10000005
0.099999993
0.10000005
0.099999915
0.10000007
0.099999935
0.10000016
0.10000004
0.10000007
0.099999981
0.10000006
0.09999995
0.10000068
0.099999871
0.10000018
0.10000005
0.10000009
0.099999985
0.10000005
0.10000001
0.10000153
0.10000005
0.10000015
0.10000009
0.10000008
0.10000002
0.099999999
0.10000005
0.10000061
0.10000053
0.10000004
0.10000017
0.10000002
0.1000001
0.099999901
0.10000014
0.099998483
0.10000095
0.099999957
0.10000024
0.099999975
0.10000016
0.099999837
0.10000013
0.099997411
0.10000108
0.099999948
0.10000026
0.099999967
0.10000017
0.099999844
0.10000005
0.099997108
0.10000109
0.099999967
0.10000026
0.099999974
0.10000016
0.099999862
0.099999978
0.099996842
0.10000102
0.10000003
0.10000024
0.1
0.10000013
0.099999931
0.099999813
0.099997475
0.10000065
0.1000002
0.10000017
0.10000008
0.10000005
0.10000008
0.099999539
0.099998807
0.10000012
0.10000041
0.10000009
0.10000017
0.099999962
0.10000021
0.099999504
0.10000001
0.099999708
0.10000054
0.10000005
0.10000022
0.099999934
0.10000022
0.099999766
0.10000138
0.099999513
0.1000006
0.10000006
0.10000024
0.099999942
0.10000019
0.09999995
0.10000285
0.099999536
0.10000059
0.10000009
0.10000023
0.099999967
0.10000014
0.10000002
0.10000371
0.09999966
0.10000056
0.10000013
0.10000022
0.099999993
0.1000001
0.10000006
0.10000971
0.099996443
0.10000448
0.10000031
0.10000165
0.099999514
0.10000133
0.099999493
0.10001465
0.099996592
0.10000436
0.10000055
0.10000155
0.099999708
0.100001
0.10000025
0.10002367
0.099998168
0.10000392
0.10000104
0.10000133
0.10000011
0.10000041
0.1000008
0.10002988
0.1000028
0.10000281
0.10000196
0.10000082
0.10000085
0.099999427
0.1000013
0.10001061
0.10001096
0.10000093
0.10000342
0.099999872
0.10000207
0.099997937
0.10000222
0.0999703
0.10001861
0.099999379
0.10000476
0.099999012
0.10000312
0.099996913
0.100002
0.099944286
0.10002107
0.099999434
0.10000512
0.099998962
0.10000319
0.099997309
0.099999732
0.099936957
0.10002029
0.10000019
0.10000492
0.09999931
0.1000028
0.099998184
0.09999752
0.09995355
0.10003478
0.10000452
0.10000908
0.10000092
0.10000368
0.09999773
0.099998345
0.099889777
0.10003986
0.10000918
0.10000941
0.10000253
0.1000031
0.10000136
0.09998965
0.099924512
0.10001646
0.1000231
0.10000498
0.10000826
0.099997848
0.10001002
0.099977056
0.10004199
0.099982535
0.10003669
0.10000195
0.10001312
0.099994741
0.10001253
0.099989043
0.10014984
0.099982424
0.10003701
0.10000604
0.10001222
0.099998346
0.10000511
0.10000677
0.10015932
0.10001758
0.10002784
0.10001518
0.10000733
0.10000579
0.099995035
0.10001278
0.10005364
0.1000597
0.10001756
0.10002419
0.10000189
0.10001319
0.099986206
0.10001552
0.099934229
0.10008726
0.1000109
0.10003027
0.099998452
0.10001758
0.099981773
0.10001489
0.099869564
0.10009695
0.10000883
0.10003222
0.099997152
0.10001907
0.099980436
0.1000132
0.099720099
0.10011609
0.10000512
0.10003677
0.099995084
0.10002194
0.099979047
0.10000844
0.099556453
0.1001144
0.10000958
0.10003772
0.099997057
0.10002001
0.09998591
0.099986815
0.099594487
0.10005283
0.10003199
0.10002879
0.1000086
0.10000753
0.10000825
0.099945859
0.099879409
0.099964226
0.10005961
0.10001659
0.10002332
0.099992747
0.10002931
0.099929292
0.10023679
0.099918618
0.10007247
0.10001217
0.10003101
0.099987069
0.10003292
0.099956554
0.10051059
0.099926095
0.1000709
0.10001489
0.10003181
0.099988947
0.10002646
0.09998794
0.10064886
0.099951624
0.10006502
0.10001914
0.10003011
0.099992499
0.10001985
0.10000427
0.23397161
0.19105309
0.12485702
0.10049797
0.10075198
0.099573318
0.10060482
0.099394867
0.24039694
0.20124752
0.13066734
0.10094155
0.10081743
0.099532923
0.10060958
0.099560113
0.248455
0.21696705
0.14180266
0.1021793
0.10083376
0.099552913
0.10050354
0.099911643
0.25478922
0.23363008
0.15813728
0.1048941
0.10067147
0.09976036
0.10017993
0.10037029
0.2585935
0.24681509
0.17748123
0.10957255
0.10031885
0.10018857
0.099665049
0.10076517
0.260751
0.25506266
0.1958727
0.11583236
0.099961886
0.10070238
0.099147816
0.10095213
0.26208966
0.2594085
0.20975381
0.12217062
0.099790462
0.10111109
0.098801417
0.10092735
0.26280353
0.26128847
0.2175511
0.12658526
0.099784122
0.10133131
0.098644556
0.10083611
0.1
0.1
0.1
0.1
0.1
0.1
0.1
0.1
0.1
0.1
0.1
0.1
0.1
0.1
0.1
0.1
0.1
0.1
0.1
0.1
0.1
0.1
0.1
0.1
0.1
0.1
0.1
0.1
0.1
0.1
0.1
0.1
0.1
0.1
0.1
0.1
0.1
0.1
0.1
0.1
0.1
0.1
0.1
0.1
0.1
0.1
0.1
0.1
0.1
0.1
0.1
0.1
0.1
0.1
0.1
0.1
0.1
0.1
0.1
0.1
0.1
0.1
0.1
0.1
0.1
0.1
0.1
0.1
0.1
0.1
0.1
0.1
0.1
0.1
0.1
0.1
0.1
0.1
0.1
0.1
0.1
0.1
0.1
0.1
0.1
0.1
0.1
0.1
0.1
0.1
0.1
0.1
0.1
0.1
0.1
0.1
0.1
0.1
0.1
0.1
0.1
0.1
0.1
0.1
0.1
0.1
0.1
0.1
0.1
0.1
0.1
0.1
0.1
0.1
0.1
0.1
0.1
0.1
0.1
0.1
0.1
0.1
0.1
0.1
0.1
0.1
0.1
0.1
0.1
0.1
0.1
0.1
0.1
0.1
0.1
0.1
0.1
0.1
0.1
0.1
0.1
0.1
0.1
0.1
0.1
0.1
0.1
0.1
0.1
0.1
0.1
0.1
0.1
0.1
0.1
0.1
0.1
0.1
0.1
0.1
0.1
0.1
0.1
0.1
0.1
0.1
0.1
0.1
0.1
0.1
0.1
0.1
0.1
0.1
0.1
0.1
0.1
0.1
0.1
0.1
0.1
0.1
0.1
0.1
0.1
0.1
0.1
0.1
0.1
0.1
0.1
0.1
0.1
0.1
0.1
0.1
0.1
0.1
0.1
0.1
0.1
0.1
0.1
0.1
0.1
0.1
0.1
0.1
0.1
0.1
0.1
0.1
0.1
0.1
0.1
0.1
0.1
0.1
0.1
0.1
0.1
0.1
0.1
0.1
0.1
0.1
0.1
0.1
0.1
0.1
0.1
0.1
0.1
0.1
0.1
0.1
0.1
0.1
0.1
0.1
0.1
0.1
0.1
0.1
0.1
0.1
0.1
0.1
0.1
0.1
0.1
0.1
0.1
0.1
0.1
0.1
0.1
0.1
0.1
0.1
0.1
0.1
0.1
0.1
0.1
0.1
0.1
0.1
0.1
0.1
0.1
0.1
0.1
0.1
0.1
0.1
0.1
0.1
0.1
0.1
0.1
0.1
0.1
0.1
0.1
0.1
0.1
0.1
0.1
0.1
0.1
0.1
0.1
0.1
0.1
0.1
0.1
0.1
0.1
0.1
0.1
0.1
0.1
0.1
0.1
0.1
0.1
0.1
0.1
0.1
0.1
0.1
0.1
0.1
0.1
0.1
0.1
0.1
0.1
0.1
0.1
0.1
0.1
0.1
0.1
0.1
0.1
0.1
0.1
0.1
0.1
0.1
0.1
0.1
0.1
0.1
0.099999999
0.1
0.1
0.1
0.1
0.1
0.1
0.1
0.099999997
0.1
0.1
0.1
0.1
0.1
0.1
0.1
0.099999996
0.1
0.1
0.1
0.1
0.1
0.1
0.1
0.099999997
0.1
0.1
0.1
0.1
0.1
0.1
0.099999999
0.099999998
0.1
0.1
0.1
0.1
0.1
0.1
0.099999999
0.099999999
0.1
0.1
0.1
0.1
0.1
0.1
0.099999999
0.1
0.1
0.1
0.1
0.1
0.1
0.1
0.1
0.1
0.1
0.1
0.1
0.1
0.1
0.1
0.1
0.10000001
0.099999999
0.1
0.1
0.1
0.1
0.1
0.1
0.10000001
0.1
0.1
0.1
0.1
0.1
0.1
0.1
0.1
0.10000001
0.1
0.1
0.1
0.1
0.099999999
0.1
0.099999981
0.10000001
0.1
0.1
0.1
0.1
0.099999999
0.1
0.099999976
0.10000001
0.1
0.1
0.1
0.1
0.1
0.099999998
0.099999978
0.10000001
0.1
0.1
0.1
0.1
0.1
0.099999997
0.09999998
0.10000001
0.1
0.1
0.1
0.1
0.1
0.099999996
0.099999983
0.1
0.1
0.1
0.1
0.1
0.1
0.099999996
0.09999999
0.1
0.1
0.1
0.1
0.099999999
0.1
0.099999996
0.1
0.099999996
0.1
0.1
0.1
0.099999999
0.1
0.099999998
0.10000002
0.099999994
0.10000001
0.1
0.1
0.099999999
0.1
0.1
0.10000004
0.099999996
0.1
0.1
0.1
0.1
0.1
0.1
0.10000004
0.1
0.1
0.1
0.1
0.1
0.1
0.1
0.10000004
0.1
0.1
0.1
0.1
0.1
0.099999999
0.1
0.10000018
0.09999997
0.10000003
0.10000001
0.10000002
0.099999997
0.10000001
0.1
0.10000024
0.099999982
0.10000003
0.10000001
0.10000001
0.1
0.1
0.10000001
0.10000026
0.10000002
0.10000002
0.10000002
0.10000001
0.10000001
0.099999995
0.10000001
0.10000004
0.10000009
0.1
0.10000003
0.1
0.10000002
0.09999998
0.10000003
0.099999682
0.10000016
0.099999989
0.10000004
0.099999995
0.10000003
0.099999973
0.10000002
0.099999532
0.10000017
0.099999998
0.10000004
0.099999998
0.10000002
0.099999985
0.099999977
0.099999569
0.10000013
0.10000002
0.10000003
0.10000001
0.10000001
0.1
0.09999994
0.099999621
0.1000001
0.10000003
0.10000003
0.10000001
0.10000001
0.10000001
0.099999925
0.27451375
0.27445001
0.27431694
0.27414038
0.27393858
0.27370719
0.27347896
0.27333771
0.27446628
0.27439313
0.27425929
0.27407833
0.27387211
0.27362859
0.27339741
0.27324857
0.27439161
0.27431428
0.27417338
0.27399003
0.27377367
0.2735164
0.27327804
0.27312934
0.27432341
0.27423943
0.27409266
0.27390338
0.27367212
0.27339841
0.27315519
0.27300264
0.27427648
0.27418774
0.27403563
0.27383855
0.27358759
0.27329936
0.27305163
0.27289659
0.27426165
0.27416923
0.27401436
0.27380963
0.27354318
0.27324623
0.27299684
0.27283763
0.27426391
0.27416947
0.27401135
0.27379874
0.27351955
0.27321732
0.27296489
0.27280261
0.27427102
0.2741733
0.27401333
0.27379409
0.27350657
0.27319989
0.27294483
0.2727774
0.27427507
0.27417868
0.27401595
0.27379378
0.27350163
0.27319342
0.27293602
0.27276926
0.27429228
0.27419222
0.27402617
0.27379571
0.27349589
0.27318433
0.27292445
0.27275302
0.27432365
0.27422207
0.27405185
0.27381157
0.27350172
0.27318683
0.27292162
0.27274522
0.27437868
0.27427542
0.27410146
0.27385143
0.27353406
0.27321604
0.27294284
0.27275864
0.27445191
0.27434649
0.27416608
0.27390319
0.27357558
0.27324965
0.27296359
0.27277045
0.27451755
0.27440929
0.27422148
0.27394656
0.27361082
0.27327711
0.27298008
0.2727805
0.27457881
0.27446872
0.27427567
0.27399305
0.27365311
0.27331445
0.27301012
0.27280709
0.27462168
0.27451124
0.27431617
0.27403049
0.27368848
0.27334537
0.27303512
0.27282889
0.27464211
0.27453144
0.2743354
0.2740481
0.27370498
0.27335966
0.27304643
0.27283882
0.27467978
0.27456853
0.2743698
0.27407861
0.27373264
0.27338265
0.2730641
0.272854
0.27473071
0.27461788
0.27441493
0.27411886
0.27376975
0.27341327
0.27308788
0.27287563
0.274782
0.27466718
0.2744596
0.27415983
0.27381021
0.27345
0.27312131
0.27290991
0.27484988
0.27473361
0.27452183
0.27421808
0.27386539
0.2734979
0.27316371
0.27295205
0.27490937
0.27479219
0.27457694
0.27426906
0.27391092
0.27353376
0.27319274
0.27297985
0.27492535
0.27480758
0.27459117
0.27428363
0.27392628
0.27354772
0.2732073
0.27299721
0.27493216
0.27481368
0.27459665
0.27429041
0.27393553
0.27355845
0.27322017
0.27301258
0.27493702
0.27481806
0.2746005
0.27429454
0.27394058
0.27356415
0.27322692
0.27302046
0.27494737
0.27482729
0.27460835
0.27430246
0.27394945
0.27357342
0.2732377
0.27303331
0.274979
0.27485564
0.27463149
0.27432114
0.2739642
0.27358396
0.27324715
0.27304404
0.27502505
0.27489735
0.2746654
0.27434626
0.27397994
0.27359097
0.2732507
0.27304804
0.27505503
0.27492567
0.27469064
0.27436831
0.27399766
0.27360373
0.27326165
0.27305961
0.2750894
0.27496063
0.27472573
0.27440241
0.2740275
0.27362645
0.2732783
0.273073
0.2751171
0.27498899
0.27475409
0.27442881
0.27404848
0.27363953
0.27328428
0.27307478
0.27512479
0.27499662
0.27476143
0.27443548
0.27405375
0.27364273
0.27328547
0.27307468
0.2661826
0.26603789
0.26587782
0.26547657
0.26523181
0.26517777
0.26471446
0.26418343
0.26634981
0.26624082
0.26605842
0.26572292
0.26557677
0.2655356
0.26507302
0.26468114
0.26660999
0.26651974
0.26633952
0.26609116
0.26608345
0.26599544
0.26560237
0.26547582
0.26689379
0.26680862
0.26664975
0.26652593
0.26660285
0.26646796
0.26624677
0.26624488
0.26720679
0.267139
0.26699295
0.26695144
0.26707536
0.26688865
0.26684236
0.26690786
0.26749491
0.26743626
0.26728342
0.26733094
0.26744733
0.26725138
0.26732979
0.26755068
0.26769558
0.2676385
0.267523
0.26762979
0.26770925
0.26753288
0.26770687
0.26806072
0.26783347
0.26777971
0.26766732
0.26778357
0.26786405
0.26770224
0.26791852
0.26835593
0.26789032
0.26783023
0.26774014
0.26787977
0.26793428
0.26777332
0.26804215
0.26846838
0.2680087
0.26794626
0.26787591
0.26802717
0.26807361
0.26794404
0.26826409
0.26869494
0.26820161
0.26813581
0.26810827
0.2682725
0.26829073
0.2682147
0.26862929
0.26897222
0.26840859
0.26835442
0.26837591
0.26854905
0.26854682
0.26855622
0.26904514
0.26917226
0.26861773
0.26858483
0.26865126
0.26881823
0.26879605
0.26891154
0.2694209
0.2692503
0.26879303
0.2687853
0.26887965
0.26903569
0.26901149
0.26923344
0.26968961
0.26927195
0.26891861
0.26893322
0.26904258
0.2691952
0.26917512
0.26947274
0.26984638
0.26927816
0.2689886
0.26901522
0.26913674
0.26928717
0.26926769
0.26961157
0.26992078
0.26927644
0.26969633
0.26950072
0.26911142
0.26900446
0.26877769
0.26818139
0.26795503
0.267913
0.26974724
0.26953666
0.26917571
0.26910242
0.26883642
0.26825849
0.26807479
0.26802924
0.26981515
0.26959244
0.26928934
0.2692631
0.26893643
0.26840736
0.26826198
0.26822154
0.26991486
0.26969386
0.26947329
0.26946408
0.26905756
0.26858521
0.2684732
0.26843138
0.27002302
0.26981172
0.26966083
0.26962853
0.26916176
0.26876471
0.26868042
0.26864026
0.27010398
0.2699141
0.26982427
0.26976056
0.2692647
0.26893142
0.26886077
0.26881771
0.27017715
0.27001093
0.26995922
0.26985834
0.26934619
0.26905288
0.26898582
0.26894045
0.27022951
0.27007715
0.27004046
0.26991137
0.26938819
0.26911416
0.26905112
0.26901026
0.26902238
0.26905658
0.26917961
0.26932395
0.26931076
0.26967777
0.26995034
0.2692813
0.26909479
0.26913967
0.26926765
0.26940863
0.26940174
0.26980455
0.27000174
0.26928658
0.26920781
0.26926849
0.26940121
0.26953605
0.26954341
0.27000069
0.27006092
0.26931748
0.26934194
0.2694171
0.26955598
0.26968291
0.26971307
0.27021812
0.27009766
0.26938259
0.2694779
0.2695615
0.26970711
0.26982392
0.26988137
0.27040956
0.27010901
0.26946756
0.2696
0.26968335
0.26983231
0.26993549
0.27002029
0.27055047
0.27010829
0.2695481
0.2696886
0.26976783
0.26991745
0.27000892
0.27011776
0.27063958
0.27010495
0.26961019
0.26973675
0.26981417
0.26996567
0.27005077
0.27017192
0.27068351
0.27010236
0.26964581
0.26976202
0.26983669
0.2699854
0.27006714
0.27019526
0.27070324
0.27010167
0.26966272
0.26980455
0.26987706
0.27002763
0.27010333
0.27024381
0.27073934
0.27009941
0.26969526
0.26987063
0.26993911
0.27009002
0.27015535
0.27031385
0.27078756
0.2700967
0.26974522
0.26993795
0.27000112
0.27015169
0.27020742
0.27038667
0.27083288
0.27009641
0.26979929
0.26998929
0.27004792
0.27019886
0.27024777
0.27044496
0.27086566
0.27009788
0.26984406
0.2700217
0.27007816
0.27022939
0.27027342
0.27048016
0.27088295
0.27009843
0.2698709
0.27003685
0.27009283
0.27024425
0.27028534
0.27049456
0.2708889
0.27009787
0.26988167
0.27004053
0.27009642
0.27024779
0.27028768
0.27049757
0.27089022
0.27009776
0.26988408
0.2707498
0.27071504
0.27067674
0.2703107
0.26987697
0.26976036
0.26972515
0.26972725
0.27078419
0.27075369
0.27070998
0.27033577
0.26991135
0.26979885
0.2697629
0.26976732
0.27083607
0.27081074
0.27075747
0.27037152
0.26995934
0.26985243
0.26981928
0.26982998
0.27089253
0.27087278
0.27081049
0.27041462
0.27001525
0.26991182
0.269879
0.26989471
0.27094293
0.27092859
0.2708599
0.27045633
0.27006412
0.2699595
0.26992548
0.26994464
0.27097902
0.27096528
0.27088893
0.27047814
0.27009012
0.26998665
0.26995374
0.26997589
0.27099577
0.27098017
0.27089801
0.27048295
0.27009731
0.26999622
0.26996576
0.26999019
0.27099879
0.27098255
0.27089885
0.27048283
0.27009844
0.26999868
0.26996894
0.26999378
0.27128236
0.27121583
0.27109951
0.27087421
0.27068136
0.27066059
0.27052045
0.27034094
0.27132304
0.27125946
0.27114558
0.27092332
0.27074882
0.27072942
0.27057293
0.2703901
0.27140795
0.27134758
0.27123221
0.27100918
0.27085536
0.27082711
0.27064221
0.27045653
0.27151767
0.27145677
0.27133231
0.27110458
0.2709712
0.27092817
0.27071692
0.27053512
0.27161365
0.27155374
0.2714249
0.27120446
0.2710979
0.27103934
0.27080634
0.27063079
0.27170233
0.27164489
0.27151436
0.2713017
0.27121046
0.27112918
0.27087706
0.27070737
0.27177887
0.27171997
0.2715826
0.27136925
0.27128158
0.27118137
0.27091961
0.27075741
0.27181859
0.27175722
0.27161425
0.2714
0.27131439
0.27120512
0.2709406
0.27078412
0.27183449
0.27177203
0.27162638
0.27141184
0.27132808
0.271216
0.27095142
0.27079782
0.27186329
0.27179966
0.27165161
0.27144018
0.27136107
0.27124273
0.27097711
0.27082897
0.27190381
0.27183991
0.27169031
0.27148542
0.27141351
0.27128543
0.27101804
0.27087695
0.27194334
0.27187926
0.27172835
0.27153047
0.27146526
0.27132791
0.27106118
0.27092886
0.27196892
0.27190327
0.27174999
0.27155802
0.27150029
0.27135974
0.27109803
0.27097487
0.27197121
0.27190828
0.27176027
0.2715796
0.27153111
0.27138926
0.27112893
0.27100943
0.2719692
0.2719104
0.27176925
0.27159754
0.27155409
0.27140965
0.27114682
0.27102663
0.27196764
0.27191046
0.27177179
0.27160257
0.27155994
0.27141432
0.27115044
0.27102985
0.27292342
0.27273603
0.27247679
0.27224835
0.27209469
0.27199083
0.2719123
0.27186134
0.27293757
0.27275325
0.2724994
0.27227635
0.27212545
0.27202172
0.27194228
0.27189057
0.27294943
0.27276814
0.27252046
0.27230478
0.27215968
0.27205943
0.27198191
0.27193097
0.27295428
0.27277577
0.27253455
0.27232748
0.27218995
0.27209476
0.27202008
0.27197027
0.27296655
0.27279011
0.27255318
0.27235109
0.27221674
0.2721223
0.27204704
0.27199644
0.27297846
0.27279914
0.27255779
0.27235085
0.27221316
0.27211866
0.27204578
0.2719975
0.27297826
0.27279508
0.27254814
0.2723364
0.27219745
0.27210592
0.27203801
0.27199353
0.27297753
0.27279303
0.27254402
0.27233021
0.27219044
0.27209999
0.27203411
0.27199118
0.10000412
0.099999745
0.10000054
0.10000014
0.10000021
0.10000001
0.10000008
0.10000008
0.10000464
0.099999997
0.10000048
0.10000019
0.10000018
0.10000005
0.10000002
0.10000013
0.10000439
0.10000059
0.10000034
0.1000003
0.10000011
0.10000014
0.099999889
0.10000024
0.1000011
0.10000163
0.10000009
0.10000048
0.099999983
0.10000031
0.09999968
0.1000004
0.099995513
0.10000267
0.099999871
0.10000067
0.099999858
0.10000046
0.099999525
0.10000038
0.099991751
0.10000308
0.099999861
0.10000073
0.099999842
0.10000048
0.099999576
0.10000001
0.099990845
0.10000289
0.10000002
0.10000068
0.099999915
0.1000004
0.099999761
0.099999532
0.099991116
0.10000259
0.10000017
0.10000061
0.099999987
0.10000031
0.099999913
0.099999216
0.099991421
0.10000242
0.10000025
0.10000058
0.10000003
0.10000027
0.099999991
0.099999069
0.099992266
0.10000201
0.10000043
0.1000005
0.10000011
0.10000017
0.10000015
0.099998805
0.099994051
0.10000129
0.10000072
0.10000037
0.10000025
0.10000003
0.10000038
0.09999853
0.099996397
0.10000045
0.10000103
0.10000025
0.10000039
0.099999889
0.10000056
0.099998533
0.099998572
0.099999751
0.10000127
0.10000017
0.10000049
0.099999808
0.10000062
0.099998869
0.10000012
0.099999301
0.10000141
0.10000014
0.10000054
0.099999783
0.10000061
0.099999277
0.10000105
0.099999068
0.10000148
0.10000015
0.10000056
0.099999787
0.10000056
0.099999571
0.10000149
0.099998974
0.1000015
0.10000016
0.10000056
0.099999798
0.10000053
0.099999723
0.10003418
0.099994507
0.10001007
0.1000023
0.10000367
0.099999366
0.100002
0.1000015
0.1000376
0.099995775
0.10000966
0.10000272
0.10000348
0.099999729
0.10000143
0.10000186
0.10004257
0.099998516
0.10000885
0.10000348
0.10000312
0.10000037
0.1000005
0.10000213
0.10004698
0.10000284
0.1000077
0.10000448
0.10000263
0.10000119
0.099999354
0.1000022
0.10004814
0.10000817
0.10000642
0.10000554
0.1000021
0.10000206
0.099998229
0.10000221
0.10004417
0.10001357
0.10000525
0.10000652
0.1000016
0.10000284
0.099997266
0.1000023
0.1000374
0.10001794
0.10000436
0.10000726
0.10000121
0.10000343
0.099996583
0.10000238
0.10003168
0.10002058
0.10000386
0.1000077
0.10000099
0.10000377
0.099996205
0.10000243
0.10000168
0.09999894
0.1000015
0.10000017
0.10000056
0.099999805
0.10000051
0.099999787
0.10000201
0.09999889
0.10000151
0.10000018
0.10000056
0.099999822
0.10000047
0.099999905
0.10000243
0.099998859
0.1000015
0.10000022
0.10000055
0.099999856
0.10000041
0.10000005
0.10000281
0.099998888
0.10000146
0.10000028
0.10000053
0.099999905
0.10000032
0.10000016
0.10000314
0.099998971
0.10000141
0.10000034
0.1000005
0.099999958
0.10000024
0.10000021
0.10000347
0.099999073
0.10000136
0.1000004
0.10000047
0.1
0.10000017
0.10000023
0.10000376
0.09999916
0.10000132
0.10000044
0.10000046
0.10000004
0.10000012
0.10000024
0.10000395
0.099999213
0.10000129
0.10000046
0.10000045
0.10000005
0.10000009
0.10000023
0.10000405
0.099999238
0.10000128
0.10000047
0.10000044
0.10000006
0.10000008
0.10000023
0.10000425
0.09999929
0.10000126
0.10000049
0.10000043
0.10000008
0.10000006
0.10000023
0.10000457
0.099999371
0.10000123
0.10000052
0.10000042
0.1000001
0.10000003
0.10000022
0.10000493
0.099999463
0.10000119
0.10000055
0.10000041
0.10000012
0.099999996
0.10000021
0.10000524
0.099999543
0.10000116
0.10000057
0.1000004
0.10000014
0.09999997
0.1000002
0.10000544
0.099999594
0.10000115
0.10000059
0.10000039
0.10000015
0.099999955
0.1000002
0.10000552
0.099999616
0.10000114
0.10000059
0.10000039
0.10000016
0.099999949
0.1000002
0.10000554
0.099999621
0.10000114
0.1000006
0.10000039
0.10000016
0.099999947
0.1000002
0.099896681
0.10004187
0.1000009
0.10001127
0.099999336
0.10000621
0.099994405
0.10000068
0.099889436
0.10004204
0.10000105
0.1000113
0.099999389
0.10000617
0.099994579
0.10000015
0.099879734
0.10004199
0.10000137
0.10001129
0.099999513
0.10000605
0.099994919
0.099999249
0.09987106
0.10004154
0.10000181
0.1000112
0.099999704
0.10000586
0.099995377
0.099998148
0.099865264
0.10004089
0.10000226
0.10001108
0.099999902
0.10000565
0.099995818
0.099997154
0.099862273
0.10004036
0.10000257
0.10001099
0.10000004
0.10000551
0.099996118
0.099996505
0.099861145
0.10004011
0.10000271
0.10001094
0.10000011
0.10000544
0.099996251
0.099996223
0.09986091
0.10004005
0.10000274
0.10001093
0.10000012
0.10000543
0.09999628
0.099996162
0.098466009
0.10032618
0.10031471
0.10000803
0.10007391
0.099969597
0.10008466
0.099818878
0.098500412
0.10024834
0.10034486
0.099999239
0.10008285
0.099961061
0.10009509
0.09981264
0.098590104
0.1001212
0.10039116
0.099986343
0.10009633
0.099948565
0.10010921
0.099809565
0.098744664
0.099971186
0.10044154
0.09997366
0.10011039
0.099936254
0.10012101
0.099817961
0.098937379
0.099830494
0.10048451
0.099964809
0.10012148
0.099927524
0.10012656
0.099839129
0.099123424
0.099721267
0.1005146
0.099960565
0.1001284
0.099923044
0.10012659
0.099864713
0.09926679
0.099649857
0.10053239
0.099959419
0.10013193
0.099921457
0.10012427
0.099885703
0.099349465
0.099612926
0.10054088
0.099959463
0.10013337
0.099921144
0.10012221
0.099897951
0.099388135
0.099596594
0.10054446
0.099959647
0.10013392
0.099921133
0.10012108
0.099903672
0.099464514
0.09956605
0.10055082
0.099960302
0.10013476
0.099921352
0.10011859
0.099914948
0.099579553
0.099524016
0.10055877
0.099961985
0.10013547
0.099922247
0.1001142
0.099931768
0.099701206
0.099484403
0.10056518
0.099964636
0.10013556
0.099923885
0.10010878
0.099949251
0.099799403
0.099455843
0.10056894
0.09996741
0.10013515
0.099925701
0.10010388
0.099963074
0.099859138
0.099439907
0.10057064
0.099969371
0.10013469
0.099927015
0.10010067
0.099971341
0.099884108
0.099433564
0.10057122
0.099970252
0.10013446
0.099927611
0.10009927
0.099974762
0.099889518
0.099432213
0.10057133
0.099970448
0.1001344
0.099927744
0.10009897
0.099975501
0.26858527
0.27084397
0.27057083
0.26671722
0.18823751
0.10883861
0.10145462
0.10094208
0.26864828
0.27095611
0.27059152
0.26709053
0.1901978
0.10944919
0.10138456
0.10104768
0.26874756
0.27111797
0.27061823
0.26759512
0.19307737
0.1103883
0.10128579
0.10119575
0.26885856
0.2712805
0.27064117
0.26806407
0.19604438
0.11141082
0.10119042
0.10133909
0.26895235
0.27140586
0.27065597
0.26840131
0.19839322
0.1122618
0.10112055
0.10144562
0.26901051
0.27147931
0.27066363
0.26859084
0.19980576
0.11279197
0.10108129
0.10150662
0.26903474
0.27150932
0.27066665
0.26866697
0.20039307
0.11301659
0.10106564
0.1015313
0.26904007
0.27151577
0.27066729
0.26868326
0.20052013
0.11306551
0.1010623
0.10153658
0.1
0.1
0.1
0.1
0.1
0.1
0.1
0.1
0.1
0.1
0.1
0.1
0.1
0.1
0.1
0.1
0.099999999
0.1
0.1
0.1
0.1
0.1
0.1
0.1
0.099999999
0.1
0.1
0.1
0.1
0.1
0.1
0.1
0.099999999
0.1
0.1
0.1
0.1
0.1
0.1
0.1
0.1
0.1
0.1
0.1
0.1
0.1
0.1
0.1
0.1
0.1
0.1
0.1
0.1
0.1
0.1
0.1
0.1
0.1
0.1
0.1
0.1
0.1
0.1
0.1
0.1
0.1
0.1
0.1
0.1
0.1
0.1
0.1
0.1
0.1
0.1
0.1
0.1
0.1
0.1
0.1
0.1
0.1
0.1
0.1
0.1
0.1
0.1
0.1
0.1
0.1
0.1
0.1
0.1
0.1
0.1
0.1
0.1
0.1
0.1
0.1
0.1
0.1
0.1
0.1
0.1
0.1
0.1
0.1
0.1
0.1
0.1
0.1
0.1
0.1
0.1
0.1
0.1
0.1
0.1
0.1
0.1
0.1
0.1
0.1
0.1
0.1
0.1
0.1
0.1
0.1
0.1
0.1
0.1
0.1
0.1
0.1
0.1
0.1
0.1
0.1
0.1
0.1
0.1
0.1
0.099999998
0.1
0.1
0.1
0.1
0.1
0.099999999
0.1
0.099999993
0.1
0.1
0.1
0.1
0.1
0.099999999
0.1
0.09999999
0.1
0.1
0.1
0.1
0.1
0.099999999
0.1
0.099999988
0.1
0.1
0.1
0.1
0.1
0.1
0.099999999
0.099999988
0.1
0.1
0.1
0.1
0.1
0.1
0.099999999
0.099999988
0.1
0.1
0.1
0.1
0.1
0.1
0.099999999
0.1
0.1
0.1
0.1
0.1
0.1
0.1
0.1
0.1
0.1
0.1
0.1
0.1
0.1
0.1
0.1
0.1
0.1
0.1
0.1
0.1
0.1
0.1
0.1
0.1
0.1
0.1
0.1
0.1
0.1
0.1
0.1
0.1
0.1
0.1
0.1
0.1
0.1
0.1
0.1
0.1
0.1
0.1
0.1
0.1
0.1
0.1
0.1
0.1
0.1
0.1
0.1
0.1
0.1
0.1
0.1
0.1
0.1
0.1
0.1
0.1
0.1
0.1
0.1
0.1
0.1
0.1
0.1
0.1
0.1
0.1
0.1
0.099999999
0.1
0.1
0.1
0.1
0.1
0.1
0.1
0.099999999
0.1
0.1
0.1
0.1
0.1
0.1
0.1
0.099999999
0.1
0.1
0.1
0.1
0.1
0.1
0.1
0.099999999
0.1
0.1
0.1
0.1
0.1
0.1
0.1
0.099999999
0.1
0.1
0.1
0.1
0.1
0.1
0.1
0.099999999
0.1
0.1
0.1
0.1
0.1
0.1
0.1
0.099999999
0.1
0.1
0.1
0.1
0.1
0.1
0.1
0.099999996
0.1
0.1
0.1
0.1
0.1
0.1
0.099999998
0.099999996
0.099999999
0.1
0.1
0.1
0.1
0.1
0.099999998
0.099999997
0.099999999
0.1
0.1
0.1
0.1
0.1
0.099999999
0.099999998
0.099999999
0.1
0.1
0.1
0.1
0.1
0.099999999
0.099999998
0.099999999
0.1
0.1
0.1
0.1
0.1
0.099999999
0.099999999
0.099999999
0.1
0.1
0.1
0.1
0.1
0.099999999
0.099999999
0.099999998
0.1
0.1
0.1
0.1
0.1
0.099999999
0.099999999
0.099999998
0.1
0.1
0.1
0.1
0.1
0.099999999
0.10000008
0.099999983
0.10000002
0.1
0.10000001
0.099999998
0.1
0.1
0.10000009
0.099999985
0.10000002
0.1
0.10000001
0.099999999
0.1
0.1
0.10000011
0.099999988
0.10000001
0.1
0.10000001
0.099999999
0.1
0.1
0.10000012
0.099999993
0.10000001
0.1
0.10000001
0.1
0.1
0.1
0.10000012
0.1
0.10000001
0.1
0.1
0.1
0.099999999
0.10000001
0.10000011
0.10000001
0.10000001
0.10000001
0.1
0.1
0.099999998
0.10000001
0.1000001
0.10000001
0.10000001
0.10000001
0.1
0.1
0.099999997
0.10000001
0.10000009
0.10000002
0.10000001
0.10000001
0.1
0.1
0.099999996
0.10000001
0.10000009
0.10000002
0.10000001
0.10000001
0.1
0.1
0.099999995
0.10000001
0.10000008
0.10000002
0.10000001
0.10000001
0.1
0.10000001
0.099999995
0.10000001
0.10000007
0.10000002
0.1
0.10000001
0.1
0.10000001
0.099999994
0.10000001
0.10000005
0.10000003
0.1
0.10000001
0.1
0.10000001
0.099999993
0.10000001
0.10000003
0.10000003
0.1
0.10000001
0.1
0.10000001
0.099999992
0.10000001
0.10000002
0.10000004
0.1
0.10000001
0.1
0.10000001
0.099999992
0.10000001
0.10000002
0.10000004
0.1
0.10000001
0.099999999
0.10000001
0.099999991
0.10000001
0.10000002
0.10000004
0.1
0.10000001
0.099999999
0.10000001
0.099999991
0.10000001
0.09999919
0.10000018
0.10000011
0.10000006
0.10000004
0.1
0.10000006
0.099999772
0.099999248
0.10000016
0.10000012
0.10000005
0.10000004
0.099999998
0.10000007
0.09999977
0.099999334
0.10000013
0.10000013
0.10000005
0.10000005
0.099999993
0.10000007
0.09999977
0.099999422
0.1000001
0.10000014
0.10000004
0.10000005
0.099999988
0.10000008
0.099999774
0.099999489
0.10000007
0.10000015
0.10000004
0.10000006
0.099999985
0.10000008
0.099999779
0.099999529
0.10000006
0.10000015
0.10000004
0.10000006
0.099999983
0.10000009
0.099999784
0.099999545
0.10000005
0.10000016
0.10000004
0.10000006
0.099999982
0.10000009
0.099999786
0.099999549
0.10000005
0.10000016
0.10000004
0.10000006
0.099999982
0.10000009
0.099999786
