FiniteElementSpace
FiniteElementCollection: L2_2D_P7
VDim: 1
Ordering: 0

1.0007616
1.0014331
1.0012687
1.0021713
0.99623903
0.96631047
0.93129017
0.90798278
1.0007616
1.0014331
1.0012687
1.0021713
0.99623903
0.96631047
0.93129017
0.90798278
1.0007616
1.0014331
1.0012687
1.0021713
0.99623903
0.96631047
0.93129017
0.90798278
1.0007616
1.0014331
1.0012687
1.0021713
0.99623903
0.96631047
0.93129018
0.90798278
1.0007616
1.0014331
1.0012687
1.0021713
0.99623903
0.96631047
0.93129018
0.90798278
1.0007616
1.0014331
1.0012687
1.0021713
0.99623903
0.96631048
0.93129018
0.90798279
1.0007616
1.0014331
1.0012687
1.0021713
0.99623904
0.96631048
0.93129019
0.9079828
1.0007616
1.0014331
1.0012687
1.0021713
0.99623904
0.96631049
0.93129019
0.9079828
0.51213411
0.51040082
0.51270682
0.5156021
0.51014704
0.51284093
0.51784718
0.51756229
0.51213412
0.51040081
0.51270681
0.51560208
0.51014702
0.51284091
0.51784717
0.51756225
0.51213413
0.51040083
0.51270682
0.5156021
0.51014704
0.51284092
0.51784719
0.5175623
0.51213415
0.51040084
0.51270685
0.51560211
0.51014703
0.51284094
0.51784719
0.51756227
0.51213417
0.51040089
0.51270686
0.51560214
0.51014707
0.51284093
0.51784721
0.51756232
0.51213421
0.51040087
0.51270692
0.51560216
0.51014707
0.51284099
0.5178472
0.51756226
0.51213427
0.510401
0.5127069
0.5156022
0.51014717
0.51284096
0.51784727
0.51756243
0.51213436
0.51040081
0.512707
0.51560211
0.51014703
0.51284116
0.51784725
0.51756201
1.000775
1.0014458
1.0012864
1.0021958
0.99627182
0.96634797
0.93133097
0.90802384
1.0007781
1.0014494
1.0012899
1.0022
0.99627608
0.96635128
0.93133486
0.90802464
1.0007862
1.0014565
1.0012966
1.0022071
0.99628206
0.96635833
0.93133891
0.90802055
1.0008004
1.0014676
1.001306
1.0022154
0.99628943
0.96636701
0.93131818
0.9079556
1.0008179
1.0014814
1.0013176
1.0022237
0.99629869
0.96635097
0.93118901
0.9077236
1.0008371
1.0014923
1.0013296
1.0022319
0.9963007
0.96625863
0.93090515
0.90733563
1.0008477
1.0015023
1.0013396
1.0022394
0.99628738
0.96609167
0.93057474
0.90692268
1.000851
1.0015103
1.0013444
1.0022456
0.99626432
0.96594799
0.9303316
0.90663218
0.49452235
0.49439312
0.49828377
0.5039234
0.50054567
0.50582443
0.51296313
0.51368523
0.49302209
0.4922715
0.49620991
0.50170199
0.49847998
0.50355264
0.51075784
0.51145059
0.48975161
0.48924513
0.49272255
0.49818821
0.49470471
0.4995883
0.50683457
0.50760872
0.48733774
0.48627165
0.48943783
0.49470443
0.49125303
0.49541843
0.50249313
0.50333532
0.4862725
0.48679435
0.49116182
0.4978983
0.49618507
0.50058711
0.50766519
0.50873506
0.48689766
0.4893962
0.4973583
0.50960327
0.51284769
0.52113967
0.53196164
0.53406666
0.4831326
0.48867731
0.49875743
0.51499176
0.52347098
0.53569592
0.55163829
0.55768743
0.48174066
0.48378211
0.49451989
0.5113273
0.52181707
0.53536041
0.55362507
0.56051359
1.0011034
1.0016531
1.0013567
1.002359
0.9927862
0.95833675
0.92113857
0.89698124
1.001105
1.0016548
1.0013588
1.0023619
0.99278788
0.9583382
0.92113996
0.89698392
1.0011064
1.0016566
1.0013615
1.002366
0.99279145
0.95833973
0.92114328
0.89698681
1.0011071
1.0016578
1.0013634
1.0023694
0.99279601
0.95834219
0.92114484
0.89698893
1.0011079
1.0016586
1.0013645
1.0023707
0.99279899
0.95834566
0.92114765
0.89698991
1.0011085
1.0016592
1.0013651
1.0023712
0.99279992
0.95834741
0.92115008
0.8969931
1.0011087
1.0016594
1.0013653
1.0023715
0.99280024
0.9583479
0.92115048
0.89699333
1.0011088
1.0016594
1.0013653
1.0023715
0.99280023
0.9583482
0.92115074
0.89699386
0.30209412
0.30136302
0.30047432
0.29945817
0.29853912
0.29786135
0.2974704
0.2971854
0.30200511
0.30142489
0.30054849
0.2996049
0.29869123
0.29809282
0.29772774
0.29752606
0.30183831
0.30123654
0.30046637
0.29965614
0.29884035
0.29831399
0.29802684
0.29784153
0.30113544
0.30061089
0.30000348
0.29940665
0.29874461
0.29837726
0.2981925
0.29807307
0.3000547
0.29959587
0.29922478
0.29888197
0.29843387
0.29824229
0.29816353
0.29809217
0.29907872
0.29872176
0.29854131
0.29837469
0.29811054
0.29807498
0.29808201
0.29806449
0.29858885
0.29828907
0.29822061
0.29813413
0.29796697
0.29800791
0.29807003
0.29807761
0.29843884
0.29817545
0.29813768
0.29808872
0.29795954
0.29802961
0.29810838
0.29814605
0.59302514
0.57109493
0.53764232
0.51248273
0.5088818
0.51091918
0.51184517
0.51224232
0.59302514
0.57109493
0.53764232
0.51248273
0.5088818
0.51091918
0.51184517
0.51224232
0.59302514
0.57109493
0.53764232
0.51248273
0.5088818
0.51091918
0.51184518
0.51224233
0.59302514
0.57109493
0.53764232
0.51248273
0.5088818
0.51091919
0.51184519
0.51224234
0.59302515
0.57109494
0.53764233
0.51248274
0.50888182
0.51091921
0.51184521
0.51224236
0.59302516
0.57109495
0.53764235
0.51248276
0.50888184
0.51091924
0.51184525
0.5122424
0.59302518
0.57109497
0.53764237
0.51248279
0.50888188
0.51091929
0.5118453
0.51224247
0.5930252
0.57109498
0.53764238
0.51248281
0.50888191
0.51091932
0.51184535
0.5122425
0.59302595
0.57109586
0.53764332
0.51248407
0.50888376
0.51092189
0.51184853
0.51224634
0.59302619
0.57109606
0.53764356
0.51248434
0.50888425
0.51092255
0.51184955
0.51224732
0.59302651
0.57109642
0.53764393
0.51248488
0.50888511
0.51092392
0.51185146
0.51224975
0.59302711
0.57109706
0.53764467
0.51248591
0.50888692
0.51092668
0.51185536
0.51225431
0.59302864
0.57109888
0.53764675
0.51248876
0.50889125
0.51093254
0.51186237
0.51226203
0.59303218
0.57110282
0.53765122
0.51249437
0.50889905
0.51094238
0.51187443
0.51227591
0.59303697
0.5711081
0.5376567
0.51250091
0.50890766
0.5109531
0.51188671
0.51228891
0.59304075
0.57111177
0.53766075
0.51250527
0.5089137
0.51095956
0.51189243
0.51229234
1.0007617
1.0014331
1.0012688
1.0021714
0.99623918
0.96631067
0.93129041
0.90798302
1.0007617
1.0014332
1.0012688
1.0021714
0.99623922
0.96631071
0.93129045
0.90798308
1.0007617
1.0014332
1.0012689
1.0021715
0.99623928
0.96631078
0.93129055
0.90798318
1.0007618
1.0014333
1.0012689
1.0021716
0.99623938
0.96631092
0.93129073
0.9079834
1.0007619
1.0014334
1.001269
1.0021717
0.99623959
0.96631122
0.93129112
0.90798384
1.0007621
1.0014335
1.0012692
1.002172
0.99623997
0.96631176
0.93129179
0.90798458
1.0007623
1.0014337
1.0012695
1.0021723
0.99624048
0.96631245
0.93129265
0.90798557
1.0007625
1.0014339
1.0012697
1.0021726
0.99624089
0.96631302
0.93129338
0.90798642
0.27622585
0.15870378
0.10261682
0.10127159
0.099674203
0.10050766
0.099668249
0.099509517
0.27622588
0.15870379
0.10261681
0.10127158
0.099674214
0.10050767
0.099668245
0.099509516
0.27622587
0.15870379
0.10261682
0.10127159
0.099674207
0.10050767
0.099668249
0.099509517
0.27622588
0.15870379
0.10261682
0.10127158
0.099674211
0.10050767
0.099668246
0.099509516
0.27622588
0.1587038
0.10261682
0.10127159
0.099674209
0.10050767
0.099668249
0.099509518
0.2762259
0.15870381
0.10261682
0.10127158
0.099674217
0.10050767
0.099668247
0.099509516
0.27622584
0.15870379
0.10261684
0.10127161
0.09967421
0.10050768
0.099668262
0.099509528
0.2762259
0.15870373
0.1026167
0.10127155
0.099674269
0.10050761
0.099668205
0.099509521
0.27622177
0.15870207
0.10261706
0.10127197
0.099674326
0.10050649
0.099666694
0.099509117
0.27622731
0.15870361
0.10261592
0.10127103
0.099674306
0.10050828
0.099668582
0.099509147
0.27622664
0.15870475
0.10261749
0.10127191
0.099674073
0.10050731
0.099668164
0.099509868
0.27622812
0.15870417
0.10261653
0.10127145
0.099674438
0.10050801
0.099668341
0.099509219
0.27622901
0.15870638
0.10261818
0.10127238
0.099674361
0.10050752
0.099668336
0.099509938
0.27622856
0.15870415
0.10261683
0.10127211
0.099675593
0.1005092
0.09966905
0.09950951
0.27623015
0.15870987
0.10262132
0.10127302
0.09967292
0.10050682
0.099669644
0.099513137
0.2762207
0.1586831
0.10260632
0.10127891
0.099679106
0.10050627
0.099660168
0.09949589
0.51213689
0.51040477
0.51270845
0.51560224
0.51014754
0.5128404
0.51784789
0.51756554
0.5121419
0.51040588
0.51271093
0.5156047
0.51014804
0.51284233
0.51784761
0.517561
0.51214512
0.51041155
0.51271349
0.51560647
0.51015157
0.51284365
0.51785059
0.51756774
0.51215248
0.51041617
0.51272051
0.51561172
0.51015105
0.51284429
0.51784889
0.51756091
0.51215931
0.51042621
0.51272612
0.51561776
0.51016265
0.51284975
0.51785438
0.51757266
0.51217253
0.51043409
0.51273706
0.51562601
0.51016319
0.51285642
0.5178573
0.51756489
0.51217105
0.51044626
0.51274705
0.51563567
0.51018346
0.51286801
0.51787107
0.51759504
0.51220114
0.51043335
0.51274475
0.51564169
0.51017026
0.51287289
0.51787438
0.51755624
0.5915812
0.56927746
0.53534472
0.50882068
0.50270651
0.50168361
0.49958587
0.49809539
0.59111658
0.56878167
0.53481312
0.50808516
0.50167755
0.50025584
0.49772347
0.49601298
0.59031606
0.56795292
0.53392118
0.50685751
0.49987647
0.49755728
0.49424655
0.49226447
0.58930168
0.56691565
0.53278445
0.50526289
0.49719418
0.49340893
0.48922719
0.4870396
0.58822981
0.56579304
0.5315395
0.50335946
0.49357507
0.4881203
0.48327135
0.48099622
0.58724924
0.56472029
0.53036246
0.50129555
0.48946218
0.48263363
0.47736184
0.47501339
0.58648526
0.56385761
0.52939847
0.49938787
0.48576256
0.47793783
0.47245349
0.46994504
0.5860046
0.56333879
0.52878228
0.49810195
0.48339173
0.47496193
0.46935287
0.46678875
0.57966797
0.55565531
0.51826858
0.4766035
0.44612318
0.42943493
0.42162528
0.41695888
0.57898754
0.55510317
0.5172375
0.47498028
0.44274522
0.42546076
0.41698324
0.41304635
0.57813208
0.55404339
0.51576436
0.47221427
0.43750895
0.41847653
0.40958161
0.40567653
0.57703262
0.5527757
0.51400534
0.46897938
0.43114285
0.40957862
0.40009582
0.39639719
0.57593462
0.55151562
0.51226819
0.46591938
0.42483726
0.40008767
0.38969251
0.38608948
0.57493395
0.55043844
0.51081253
0.46347627
0.41963401
0.39153091
0.37990614
0.37649994
0.57419125
0.54962236
0.50978311
0.46180462
0.41609046
0.38512356
0.37211043
0.36867581
0.57369685
0.54917828
0.5091954
0.46094022
0.41421075
0.38155154
0.36742237
0.36404717
1.0009659
1.0015654
1.0013154
1.0022891
0.9943603
0.96203727
0.92596805
0.90228468
1.0009793
1.0015659
1.0013111
1.0022868
0.99413594
0.96166587
0.92559308
0.90193945
1.001
1.0015668
1.0013059
1.0022843
0.99378549
0.96106015
0.92497505
0.90134595
1.0010198
1.0015697
1.0013018
1.0022875
0.99340222
0.96033441
0.92419834
0.90059305
1.0010323
1.0015765
1.0013014
1.0022991
0.99309351
0.9596363
0.92338737
0.89977513
1.0010378
1.001585
1.0013048
1.0023142
0.99291123
0.95910477
0.92268303
0.89902858
1.0010404
1.0015921
1.00131
1.0023254
0.99283119
0.95878837
0.92219627
0.89847219
1.0010422
1.0015967
1.0013134
1.0023314
0.99280332
0.95864617
0.92194337
0.89817305
0.27614143
0.15875743
0.10270228
0.1013509
0.099507158
0.10026371
0.099596627
0.099500715
0.27638207
0.158644
0.10250299
0.10128209
0.099796553
0.100556
0.099610274
0.09940974
0.27655485
0.15891873
0.10268348
0.10121872
0.099579476
0.10049592
0.099726022
0.099583833
0.27634963
0.15877648
0.10264743
0.10136985
0.099784586
0.10052683
0.099629178
0.09944985
0.27581476
0.15883826
0.10286931
0.10136295
0.099695406
0.10058699
0.099797045
0.099649038
0.28771283
0.1628909
0.10303919
0.10175295
0.10016886
0.1007638
0.099765025
0.099456923
0.34024844
0.18461945
0.10458238
0.10042586
0.099373416
0.10092642
0.10070638
0.099758407
0.401091
0.21529119
0.11004418
0.10150903
0.099044752
0.098295802
0.098982508
0.098021152
0.26542272
0.26939215
0.27445675
0.27864841
0.28203425
0.28472493
0.286641
0.28712371
0.2758675
0.27781694
0.28038112
0.28306435
0.28531592
0.28665076
0.28712751
0.28693715
0.27833116
0.27898024
0.27970739
0.27981305
0.27933958
0.27877239
0.27829297
0.27792283
0.27900293
0.27907937
0.27909956
0.2792159
0.27891391
0.27827151
0.27768922
0.27728974
0.28001775
0.27980552
0.27958562
0.27933941
0.27879984
0.27823923
0.27780368
0.27734408
0.28155661
0.28142062
0.2812863
0.28078947
0.279763
0.27880891
0.27806722
0.27753938
0.28265463
0.28228637
0.28193095
0.28123841
0.28032646
0.27972536
0.27934457
0.27893092
0.28332997
0.28318653
0.28253583
0.28163557
0.28048794
0.27966772
0.27894092
0.27871193
0.23384663
0.22951271
0.23520502
0.23998991
0.24302395
0.23445587
0.24288026
0.24752735
0.24435538
0.2367981
0.24857086
0.24721759
0.25260566
0.25270096
0.24907027
0.24127266
0.25481553
0.24367562
0.23837637
0.23177029
0.23527464
0.24422176
0.25714952
0.26384603
0.25785798
0.26719114
0.26815482
0.2675517
0.27253468
0.271273
0.26581803
0.26405622
0.28422196
0.27826482
0.2763279
0.27737729
0.27684659
0.27824006
0.28171187
0.28330815
0.27989228
0.28307774
0.28180434
0.28024376
0.27980948
0.27984712
0.27922025
0.27878045
0.29046065
0.28715852
0.28730808
0.28836084
0.28758803
0.28596307
0.28675914
0.28646969
0.28945444
0.28924866
0.28778266
0.28644248
0.28598146
0.28682483
0.28607565
0.2862354
0.56816977
0.54328678
0.50285001
0.45318423
0.40233084
0.35866365
0.32962883
0.31746388
0.5678755
0.54296432
0.50244826
0.45270501
0.40175852
0.35798094
0.32867178
0.31606219
0.56752984
0.54254939
0.50191628
0.45201887
0.400911
0.35694943
0.32735624
0.3142313
0.56728006
0.54223668
0.5014822
0.45140471
0.40008727
0.35589896
0.32606426
0.31260474
0.56717181
0.54208842
0.50125465
0.45104457
0.3995512
0.35515809
0.32513274
0.3114789
0.56713786
0.54204379
0.50117569
0.45090186
0.3993143
0.35479805
0.32466033
0.31089994
0.56713254
0.5420316
0.50115689
0.45085768
0.39923658
0.35466554
0.32448146
0.31067988
0.56713052
0.5420288
0.50115204
0.45084601
0.39921383
0.35462542
0.32442254
0.31061604
0.56712612
0.54202254
0.50114305
0.45082939
0.3991833
0.35457295
0.32434265
0.31052104
0.56712577
0.54202239
0.50114277
0.45082916
0.39918297
0.35457269
0.32434222
0.31052085
0.56712552
0.54202206
0.50114243
0.45082877
0.39918255
0.35457223
0.32434174
0.31052021
0.56712525
0.5420218
0.50114211
0.45082844
0.39918216
0.35457183
0.32434134
0.3105198
0.56712516
0.54202167
0.50114198
0.45082828
0.399182
0.35457165
0.32434119
0.31051962
0.56712511
0.54202164
0.50114193
0.45082824
0.39918195
0.35457161
0.32434113
0.3105196
0.56712511
0.54202162
0.50114192
0.45082821
0.39918193
0.35457158
0.3243411
0.31051955
0.56712508
0.54202161
0.50114191
0.4508282
0.39918191
0.35457156
0.32434107
0.31051955
1.0011085
1.0016592
1.0013649
1.0023709
0.99279935
0.95834715
0.92114994
0.89699323
1.0011085
1.0016591
1.0013649
1.0023709
0.99279931
0.95834712
0.92114988
0.89699322
1.0011085
1.0016591
1.0013649
1.0023709
0.99279927
0.95834707
0.92114983
0.89699314
1.0011085
1.0016591
1.0013649
1.0023708
0.99279923
0.95834702
0.92114978
0.89699309
1.0011085
1.0016591
1.0013649
1.0023708
0.99279921
0.95834699
0.92114974
0.89699305
1.0011085
1.0016591
1.0013648
1.0023708
0.9927992
0.95834698
0.92114972
0.89699303
1.0011084
1.0016591
1.0013648
1.0023708
0.99279919
0.95834697
0.92114972
0.89699302
1.0011084
1.0016591
1.0013648
1.0023708
0.99279919
0.95834697
0.92114971
0.89699302
0.29307176
0.29280542
0.29240577
0.29147088
0.29050666
0.28996931
0.28965848
0.2895436
0.29350714
0.29331808
0.29296957
0.29200716
0.29106305
0.29064189
0.29037666
0.29029297
0.29421385
0.29406587
0.29381046
0.2928933
0.29202123
0.2916674
0.29143966
0.29137859
0.29498571
0.29492695
0.294803
0.29386595
0.29306756
0.29284012
0.29267925
0.29267362
0.29562968
0.29565285
0.29568155
0.2947434
0.29406467
0.29396999
0.29387766
0.29394029
0.29618497
0.29627988
0.29643458
0.2955152
0.29499189
0.29506507
0.29506515
0.2952352
0.29664075
0.29679837
0.29708611
0.29624601
0.29587111
0.29609054
0.2962066
0.29647096
0.29700237
0.29719017
0.29752666
0.29674437
0.29650338
0.2968339
0.29699981
0.29729576
0.29965527
0.29990062
0.30029976
0.29946784
0.29910796
0.29923716
0.29918308
0.29933692
0.2996493
0.29989442
0.30029379
0.29946224
0.29910134
0.29923201
0.29917459
0.29933057
0.29964023
0.299885
0.3002835
0.29945135
0.29909153
0.29922248
0.29916695
0.2993225
0.29963016
0.29987518
0.30027425
0.29944272
0.29908357
0.29921533
0.29915967
0.29931624
0.29962359
0.29986873
0.30026803
0.29943685
0.2990783
0.29921059
0.29915586
0.29931229
0.29962006
0.29986543
0.30026505
0.29943428
0.29907613
0.29920876
0.2991539
0.29931091
0.29961887
0.29986418
0.30026381
0.2994331
0.2990751
0.29920782
0.29915347
0.29931002
0.29961819
0.29986365
0.30026344
0.29943266
0.29907474
0.29920751
0.29915247
0.29931003
0.29902666
0.29879131
0.29891054
0.29898839
0.29908573
0.29937541
0.29962494
0.29975433
0.29902012
0.29878631
0.29890482
0.29898132
0.29907798
0.29936844
0.29961864
0.29974877
0.2990116
0.29877725
0.29889648
0.29897344
0.29906973
0.29935951
0.29960977
0.29973991
0.29900324
0.29876876
0.29888741
0.29896415
0.2990604
0.29935005
0.29960005
0.29973008
0.298998
0.29876287
0.29888116
0.29895754
0.29905329
0.29934248
0.2995924
0.2997224
0.29899521
0.29875994
0.29887785
0.29895403
0.29904963
0.29933871
0.29958848
0.29971845
0.29899413
0.2987586
0.29887642
0.29895238
0.29904778
0.29933673
0.29958654
0.29971652
0.29899341
0.29875809
0.29887582
0.2989519
0.29904731
0.29933625
0.29958595
0.29971597
0.896153
0.871604
0.83046623
0.77743709
0.72057848
0.66848498
0.62797025
0.60422292
0.89615299
0.871604
0.83046623
0.77743709
0.72057848
0.66848498
0.62797025
0.60422292
0.896153
0.871604
0.83046623
0.77743709
0.72057848
0.66848498
0.62797026
0.60422292
0.896153
0.871604
0.83046623
0.77743709
0.72057848
0.66848498
0.62797026
0.60422292
0.896153
0.871604
0.83046624
0.7774371
0.72057848
0.66848499
0.62797026
0.60422293
0.89615301
0.87160401
0.83046625
0.7774371
0.72057849
0.668485
0.62797028
0.60422294
0.89615301
0.87160402
0.83046625
0.77743711
0.72057851
0.66848501
0.62797029
0.60422296
0.89615302
0.87160402
0.83046626
0.77743712
0.72057851
0.66848502
0.6279703
0.60422297
0.89615302
0.87160403
0.83046626
0.77743712
0.72057852
0.66848503
0.62797031
0.60422298
0.89615302
0.87160403
0.83046627
0.77743713
0.72057853
0.66848504
0.62797032
0.60422299
0.89615303
0.87160404
0.83046628
0.77743715
0.72057854
0.66848506
0.62797034
0.60422301
0.89615305
0.87160406
0.8304663
0.77743717
0.72057857
0.66848508
0.62797037
0.60422304
0.89615308
0.87160409
0.83046634
0.77743721
0.72057862
0.66848514
0.62797043
0.60422311
0.89615313
0.87160414
0.8304664
0.77743729
0.72057871
0.66848526
0.62797058
0.60422326
0.89615318
0.87160421
0.83046648
0.77743739
0.72057884
0.66848543
0.62797076
0.60422349
0.89615325
0.87160426
0.83046653
0.77743747
0.72057895
0.66848555
0.62797092
0.60422362
1.0007616
1.0014331
1.0012687
1.0021713
0.99623904
0.96631049
0.93129019
0.9079828
1.0007616
1.0014331
1.0012687
1.0021713
0.99623905
0.96631049
0.9312902
0.90798281
1.0007616
1.0014331
1.0012687
1.0021713
0.99623905
0.9663105
0.93129021
0.90798281
1.0007616
1.0014331
1.0012687
1.0021713
0.99623906
0.96631051
0.93129022
0.90798283
1.0007616
1.0014331
1.0012687
1.0021713
0.99623908
0.96631053
0.93129025
0.90798286
1.0007617
1.0014331
1.0012688
1.0021714
0.9962391
0.96631057
0.93129029
0.90798291
1.0007617
1.0014331
1.0012688
1.0021714
0.99623914
0.96631061
0.93129035
0.90798296
1.0007617
1.0014331
1.0012688
1.0021714
0.99623917
0.96631065
0.93129038
0.907983
0.51585955
0.51268572
0.51035282
0.51194661
0.50830167
0.50219998
0.48297729
0.35381917
0.51585955
0.51268572
0.51035284
0.51194666
0.50830169
0.50219999
0.48297731
0.35381919
0.51585955
0.51268571
0.51035284
0.51194663
0.50830169
0.5022
0.48297731
0.35381919
0.51585958
0.51268575
0.51035285
0.51194668
0.50830169
0.5022
0.48297732
0.3538192
0.51585955
0.51268571
0.51035288
0.51194664
0.50830171
0.50220002
0.48297733
0.35381921
0.51585962
0.51268578
0.51035284
0.5119467
0.5083017
0.50220001
0.48297733
0.35381921
0.51585952
0.51268568
0.51035291
0.5119466
0.50830173
0.50220002
0.48297732
0.35381918
0.51585988
0.51268602
0.51035276
0.51194674
0.50830147
0.5022
0.48297731
0.35381915
0.51585935
0.5126856
0.51035306
0.51194656
0.5083018
0.50219983
0.48297724
0.35381927
0.51585968
0.51268582
0.51035275
0.51194674
0.50830174
0.50220005
0.48297736
0.35381914
0.51585967
0.51268579
0.51035307
0.51194671
0.50830172
0.50220009
0.48297736
0.35381931
0.51585985
0.5126861
0.51035304
0.51194692
0.50830195
0.50220011
0.48297754
0.35381937
0.51585978
0.51268577
0.51035314
0.51194688
0.5083019
0.50220038
0.4829776
0.35381956
0.51586019
0.51268654
0.51035322
0.51194705
0.50830218
0.50220018
0.48297759
0.3538193
0.51586054
0.51268613
0.51035348
0.511947
0.50830173
0.50220094
0.48297826
0.35382001
0.51586283
0.51268871
0.51035431
0.5119471
0.50830251
0.5021981
0.48297573
0.35381954
0.51213426
0.51040121
0.51270689
0.51560223
0.5101471
0.51284091
0.51784733
0.5175628
0.51213453
0.51040104
0.51270705
0.51560224
0.51014713
0.512841
0.51784712
0.51756207
0.51213457
0.51040135
0.51270719
0.51560236
0.51014732
0.51284109
0.51784749
0.51756272
0.51213507
0.51040153
0.51270746
0.5156026
0.51014726
0.51284124
0.51784729
0.51756218
0.51213506
0.51040197
0.51270781
0.51560289
0.51014789
0.51284133
0.51784775
0.51756307
0.51213611
0.51040222
0.51270809
0.51560322
0.51014771
0.51284184
0.51784752
0.51756215
0.5121365
0.51040321
0.51270861
0.51560369
0.51014921
0.51284224
0.51784902
0.51756488
0.51214028
0.51040453
0.51270951
0.51560424
0.51014784
0.51284328
0.51784799
0.51756047
0.89619225
0.87164593
0.83049244
0.77739386
0.72030858
0.66786583
0.62699996
0.60294393
0.89619195
0.87164305
0.8304659
0.77729379
0.72009457
0.66755007
0.62660426
0.60250285
0.89618133
0.8716083
0.83034349
0.77699852
0.71962306
0.66693343
0.62588893
0.60172941
0.89608518
0.87143649
0.82999168
0.77643514
0.718886
0.66605918
0.62495073
0.60074636
0.89580609
0.87104227
0.82940683
0.77567996
0.71800808
0.66508473
0.62395726
0.59971037
0.89537012
0.87050731
0.82872669
0.77489727
0.7171711
0.66418963
0.62305574
0.5987457
0.89491834
0.86999949
0.82812915
0.77426846
0.71650919
0.66349756
0.62234299
0.5979917
0.89460417
0.8696657
0.82775831
0.77389471
0.71611321
0.66308527
0.62190502
0.59754461
0.89444863
0.86949906
0.8275782
0.77371168
0.71592397
0.66288541
0.62169468
0.59731456
0.89411422
0.86915037
0.82720811
0.77333561
0.71553567
0.66247708
0.62124757
0.59687103
0.89354704
0.86855481
0.82660547
0.77271313
0.71491014
0.66178964
0.62051391
0.59609485
0.89281962
0.86780119
0.82585371
0.77193832
0.71413731
0.66091041
0.61958329
0.59512334
0.89204417
0.86700661
0.82505229
0.77112826
0.71331228
0.6599565
0.61858317
0.59401062
0.89132548
0.86627383
0.82430951
0.77039411
0.71252266
0.65908146
0.6176182
0.5929816
0.89076555
0.86569058
0.8237338
0.7698066
0.71189904
0.6583877
0.61684296
0.59215641
0.89040919
0.8653434
0.82338086
0.76945214
0.71151766
0.65797198
0.61635758
0.5916892
1.0008512
1.0015143
1.001346
1.0022487
0.9962477
0.96586578
0.9302034
0.90648121
1.0008538
1.0015229
1.0013486
1.0022564
0.99619903
0.9656727
0.92991794
0.90615961
1.0008607
1.0015357
1.00135
1.0022715
0.9960745
0.96528291
0.92939267
0.90559848
1.0008747
1.0015475
1.0013478
1.002287
0.99583462
0.96468061
0.92867949
0.9048807
1.0008945
1.0015573
1.0013408
1.0022962
0.99547548
0.96393767
0.92788034
0.90410567
1.0009202
1.0015632
1.0013304
1.0022977
0.99506084
0.96319563
0.92711943
0.90338317
1.0009441
1.0015651
1.0013221
1.0022939
0.99469762
0.96259056
0.9265163
0.90280738
1.0009587
1.0015657
1.0013169
1.0022913
0.99446948
0.96222066
0.92614549
0.90246817
0.51265384
0.51029589
0.50939816
0.51173927
0.50837445
0.50197141
0.48266764
0.35373174
0.51070499
0.50845809
0.50804959
0.51126791
0.50835658
0.50252514
0.48343217
0.35404736
0.50671681
0.50452963
0.50465195
0.508795
0.50709832
0.50177381
0.48304378
0.35417138
0.50249161
0.50036768
0.50004606
0.50472197
0.50415229
0.50021373
0.48253704
0.35384925
0.5075836
0.50491623
0.50382908
0.50712419
0.50538808
0.50027556
0.48200947
0.35315341
0.53424389
0.53257769
0.53330042
0.53793681
0.53585574
0.52764061
0.50617665
0.36976138
0.55875452
0.56020576
0.56526078
0.57708937
0.58178002
0.57764735
0.5670298
0.43434903
0.56418493
0.56754443
0.57574198
0.59241017
0.60445617
0.60602064
0.61154531
0.49848104
0.56099829
0.56551788
0.57613832
0.59715336
0.61294669
0.61598502
0.62990353
0.53566602
0.55856756
0.56323441
0.57377611
0.59314546
0.61412458
0.62879473
0.65615381
0.59217267
0.52657951
0.53748274
0.55599274
0.58962696
0.61796283
0.63360483
0.65892029
0.61909652
0.49099332
0.50069523
0.5150297
0.53205524
0.55710398
0.58719664
0.58856358
0.51584147
0.40628497
0.41399471
0.42574699
0.44386422
0.47239568
0.50633876
0.46105808
0.3812813
0.33109638
0.33027197
0.3345084
0.35061964
0.39440427
0.40553642
0.33558898
0.2940891
0.28570533
0.28578259
0.28908323
0.30050839
0.3196125
0.29097983
0.2595165
0.25618179
0.2552126
0.25611477
0.25830933
0.27190876
0.26830997
0.24585519
0.24867376
0.25868881
0.47650353
0.48313252
0.48949845
0.50663291
0.51971325
0.53175793
0.54956193
0.56001245
0.46734067
0.47159005
0.48485468
0.50069095
0.50876989
0.52314862
0.54403633
0.55417227
0.45915252
0.46063161
0.4598243
0.46891205
0.48303125
0.49541688
0.51123693
0.52244859
0.4222134
0.42378573
0.43617383
0.44152444
0.44358799
0.45305052
0.47208785
0.48527445
0.38796215
0.39560027
0.38608793
0.3769446
0.38655844
0.39616289
0.3982072
0.40227106
0.27432974
0.28353909
0.30677865
0.32798
0.33064285
0.32748874
0.33341545
0.33309076
0.24558044
0.237963
0.23511915
0.24355925
0.26556649
0.27701007
0.28095148
0.28322173
0.24737531
0.24687314
0.23699092
0.22772507
0.23384784
0.24639669
0.25426925
0.25584759
0.88470061
0.85907316
0.81638011
0.76155713
0.70269233
0.64817483
0.60574047
0.58039016
0.88469928
0.85907128
0.81636595
0.76152028
0.70260567
0.64802227
0.60551647
0.58013447
0.88470333
0.85907278
0.8163574
0.76148677
0.70252199
0.6478567
0.60526315
0.57981502
0.88470561
0.85907875
0.81636059
0.76147441
0.7024784
0.64775924
0.60509638
0.57959695
0.88470591
0.8590787
0.81636487
0.76147733
0.70246828
0.6477261
0.60503071
0.57950145
0.88470855
0.85908024
0.8163645
0.76147965
0.70247021
0.64772144
0.60501615
0.57947765
0.88470952
0.85908156
0.8163658
0.76147906
0.70247089
0.6477215
0.60501494
0.57947367
0.88470894
0.85908126
0.81636595
0.76147935
0.70247009
0.6477212
0.60501385
0.57947439
0.88470976
0.85908104
0.81636594
0.7614791
0.70247013
0.64772055
0.60501395
0.57947242
0.88470988
0.85908127
0.81636563
0.76147888
0.70246965
0.64772007
0.60501278
0.57947283
0.88471029
0.85908159
0.8163661
0.76147865
0.70246919
0.64771914
0.60501172
0.57947128
0.88471007
0.85908145
0.81636625
0.76147898
0.70246911
0.64771856
0.60501076
0.57947052
0.88470983
0.8590811
0.81636597
0.76147886
0.7024693
0.64771875
0.60501082
0.5794704
0.88470951
0.85908081
0.81636567
0.7614786
0.70246907
0.64771874
0.605011
0.57947075
0.8847094
0.8590806
0.81636541
0.76147831
0.70246881
0.6477184
0.60501069
0.57947041
0.88470925
0.85908055
0.81636532
0.76147817
0.70246861
0.64771827
0.60501044
0.57947031
1.0011088
1.0016594
1.0013654
1.0023715
0.99280027
0.95834815
0.92115107
0.89699356
1.0011088
1.0016594
1.0013653
1.0023715
0.99280018
0.95834819
0.92115105
0.8969943
1.0011087
1.0016594
1.0013652
1.0023713
0.9928
0.95834803
0.92115099
0.89699431
1.0011087
1.0016593
1.0013651
1.0023712
0.99279975
0.95834775
0.92115068
0.89699411
1.0011086
1.0016593
1.0013651
1.0023711
0.99279957
0.95834747
0.92115037
0.89699374
1.0011086
1.0016592
1.001365
1.002371
0.99279946
0.95834731
0.92115012
0.89699351
1.0011086
1.0016592
1.001365
1.002371
0.99279939
0.95834721
0.92115001
0.89699333
1.0011085
1.0016592
1.0013649
1.0023709
0.99279935
0.95834718
0.92114994
0.89699332
0.2971661
0.29685147
0.2963721
0.29568216
0.29513759
0.29445328
0.29366364
0.29320294
0.29738881
0.29717437
0.29670381
0.2960473
0.29552628
0.2948824
0.29408017
0.29366585
0.2977695
0.29757229
0.29716076
0.29652608
0.29609096
0.29554278
0.29476616
0.29434569
0.29799965
0.29787111
0.29754299
0.29697771
0.29665597
0.29623899
0.29549293
0.29510242
0.29806807
0.29799553
0.29776992
0.29728484
0.29709608
0.29683938
0.29610303
0.29572326
0.29805418
0.29804706
0.29791976
0.29752588
0.29744138
0.29733293
0.29659311
0.29625755
0.29809799
0.29812232
0.298059
0.2977212
0.29772602
0.29772575
0.2969687
0.29667433
0.29816001
0.29822257
0.29819947
0.29788592
0.29793763
0.29800722
0.29727815
0.29702333
0.29821784
0.29828236
0.29828249
0.29798195
0.29806821
0.29816312
0.29745502
0.29721096
0.29836869
0.2984612
0.29848393
0.29821914
0.29838967
0.29855101
0.29786596
0.29766936
0.29877654
0.29891585
0.29900489
0.29881801
0.2991116
0.2993749
0.29875753
0.29859914
0.29946083
0.29964105
0.29977931
0.29964948
0.29999577
0.30027325
0.29963979
0.29946777
0.29982596
0.30000975
0.30014695
0.29999634
0.30030116
0.30053516
0.29985957
0.29965393
0.29982684
0.30000775
0.30014058
0.29998645
0.30028897
0.30052328
0.29985052
0.29964983
0.29983239
0.3000146
0.30014888
0.29999533
0.30029757
0.3005306
0.29985447
0.29964867
0.299822
0.30000466
0.3001397
0.29998582
0.30028533
0.30051725
0.29984327
0.29963987
0.2984265
0.29815354
0.29812915
0.29808218
0.29797376
0.29805825
0.29815489
0.29818511
0.29842618
0.29817649
0.2981599
0.29811142
0.2980349
0.2981622
0.29828555
0.29833808
0.29859576
0.29833123
0.29833515
0.29831623
0.2982873
0.29846482
0.29863842
0.29872677
0.29892778
0.29866257
0.29872067
0.29874127
0.29878553
0.2990408
0.29927196
0.29939718
0.29905201
0.29881387
0.29892849
0.29899921
0.29908912
0.29937603
0.29962765
0.29975828
0.29904092
0.29880514
0.29892214
0.2989993
0.29909574
0.29938534
0.29963303
0.29976192
0.29903808
0.298804
0.29892238
0.29899726
0.29909245
0.29938307
0.29963492
0.29976546
0.29902553
0.29879253
0.29891295
0.29899256
0.29908904
0.29937807
0.29962681
0.29975683
0.51224687
0.51229661
0.51140028
0.50967801
0.5102937
0.51212135
0.51349089
0.51292926
0.51224687
0.51229662
0.51140029
0.509678
0.5102937
0.51212135
0.5134909
0.51292926
0.51224687
0.51229662
0.5114003
0.50967802
0.51029372
0.51212137
0.51349091
0.51292928
0.51224689
0.51229664
0.51140032
0.50967804
0.51029373
0.51212139
0.51349093
0.5129293
0.51224691
0.51229667
0.51140034
0.50967806
0.51029376
0.51212141
0.51349096
0.51292932
0.51224696
0.51229671
0.51140039
0.5096781
0.51029381
0.51212146
0.513491
0.51292936
0.51224701
0.51229677
0.51140045
0.50967821
0.51029393
0.51212157
0.51349109
0.51292944
0.51224708
0.51229683
0.51140055
0.50967831
0.51029404
0.51212166
0.51349117
0.51292948
0.51224708
0.51229687
0.51140058
0.50967838
0.51029406
0.51212168
0.51349118
0.51292953
0.51224717
0.51229694
0.51140067
0.50967842
0.51029418
0.51212183
0.51349133
0.51292962
0.51224729
0.51229709
0.51140086
0.50967871
0.51029444
0.51212204
0.51349151
0.51292985
0.51224748
0.5122973
0.51140112
0.5096789
0.51029466
0.51212232
0.51349181
0.51293009
0.5122478
0.51229766
0.51140147
0.50967935
0.5102951
0.51212269
0.51349214
0.51293047
0.51224851
0.51229838
0.51140228
0.50968
0.51029586
0.51212354
0.51349294
0.51293103
0.51224949
0.51229952
0.51140339
0.50968223
0.51029905
0.51212622
0.51349487
0.51293264
0.51225057
0.51230035
0.51140508
0.50968516
0.51030089
0.5121275
0.51349636
0.51293349
0.59302519
0.57109499
0.53764239
0.51248282
0.50888192
0.51091934
0.51184537
0.51224256
0.59302522
0.571095
0.5376424
0.51248284
0.50888195
0.51091938
0.51184543
0.5122426
0.59302523
0.57109503
0.53764243
0.51248287
0.50888201
0.51091946
0.51184553
0.51224273
0.59302526
0.57109506
0.53764246
0.51248292
0.50888208
0.51091957
0.51184568
0.51224289
0.59302533
0.57109514
0.53764255
0.51248303
0.50888225
0.51091981
0.51184596
0.51224322
0.59302551
0.57109532
0.53764276
0.51248329
0.50888264
0.51092032
0.51184658
0.51224387
0.59302571
0.57109557
0.53764302
0.51248364
0.50888316
0.51092102
0.51184743
0.51224487
0.59302592
0.57109575
0.53764324
0.5124839
0.50888357
0.51092154
0.51184818
0.5122456
0.51225086
0.51230087
0.51140687
0.5096858
0.5103003
0.51212842
0.51349698
0.51293529
0.51225222
0.51230292
0.51140721
0.50968522
0.51030352
0.51213122
0.51349969
0.51293621
0.51225483
0.51230529
0.51141215
0.50969572
0.51031229
0.51213809
0.51350505
0.51294232
0.51225966
0.51231179
0.51141913
0.5096962
0.51031267
0.51214104
0.51350986
0.51294645
0.51226771
0.5123196
0.51142703
0.50971255
0.51033196
0.51215688
0.51352194
0.51295807
0.51228247
0.51233774
0.51145137
0.50972537
0.51033466
0.51216039
0.51352799
0.51296403
0.51229632
0.51235029
0.51144364
0.50972327
0.51035341
0.51217983
0.51354116
0.5129748
0.51229841
0.51234431
0.51145149
0.50975551
0.51037637
0.51218937
0.51354825
0.51297479
0.5122933
0.51233758
0.51146263
0.50977456
0.51031914
0.51210471
0.51349142
0.5129621
0.51229481
0.51236161
0.5114669
0.50951541
0.50976387
0.5115473
0.51309459
0.51273931
0.51208239
0.51195336
0.51038691
0.50765401
0.50760076
0.50959385
0.51156069
0.5116412
0.51019775
0.50944915
0.50703894
0.50403321
0.5041693
0.50638566
0.50872185
0.50896281
0.50654237
0.50545727
0.5029927
0.50019953
0.50037979
0.50266812
0.50510871
0.50527376
0.50304944
0.50169058
0.49910244
0.4962316
0.49631179
0.49872015
0.5012449
0.50137541
0.50008835
0.49844489
0.495734
0.49285874
0.49292598
0.49545012
0.49798902
0.49810146
0.49813439
0.49632724
0.49358055
0.49078018
0.49095235
0.49353697
0.49607696
0.49603819
0.59304218
0.57111401
0.53766227
0.51250725
0.50891675
0.5109633
0.51189338
0.51229274
0.59304668
0.57111814
0.53766646
0.51251322
0.50892085
0.51096055
0.51188715
0.51228501
0.5930545
0.57112416
0.53767066
0.51251616
0.50891301
0.51092782
0.51180962
0.51215269
0.59305911
0.5711215
0.53766023
0.51247953
0.50872665
0.51042002
0.51076489
0.51058551
0.59301793
0.57102332
0.53748648
0.51206655
0.5077314
0.50852421
0.5078667
0.50712998
0.5927288
0.57060876
0.53689106
0.51102398
0.50592271
0.50582809
0.50461423
0.50370783
0.59220803
0.56997672
0.53611491
0.50989765
0.50422614
0.50363826
0.50207559
0.50089882
0.59179908
0.56951179
0.53560043
0.50917547
0.50320096
0.50233267
0.50043542
0.49902922
0.89615324
0.87160428
0.83046658
0.7774375
0.72057901
0.66848562
0.62797098
0.60422375
0.89615331
0.87160435
0.83046665
0.77743762
0.72057914
0.66848578
0.62797117
0.60422391
0.89615342
0.87160448
0.83046682
0.77743783
0.7205794
0.66848607
0.62797148
0.60422427
0.89615366
0.87160475
0.83046714
0.77743822
0.72057984
0.66848658
0.62797205
0.60422482
0.89615413
0.87160526
0.83046777
0.77743897
0.72058075
0.66848775
0.62797334
0.6042263
0.8961549
0.87160617
0.83046888
0.77744037
0.72058265
0.66849013
0.62797626
0.60422957
0.89615598
0.87160738
0.83047042
0.77744241
0.72058537
0.66849361
0.62798033
0.60423424
0.89615679
0.87160854
0.83047176
0.77744415
0.72058774
0.66849637
0.62798383
0.60423765
0.89615753
0.87160904
0.83047255
0.77744529
0.72058888
0.66849814
0.6279857
0.60424002
0.89615879
0.87161071
0.83047458
0.77744787
0.72059217
0.66850184
0.62798901
0.60424302
0.89616209
0.87161439
0.83047904
0.777453
0.72059841
0.66850864
0.62799651
0.60425086
0.8961681
0.8716206
0.83048668
0.77746111
0.72060723
0.66851693
0.62800091
0.60425389
0.89617539
0.87162964
0.83049625
0.77746844
0.72061662
0.66851101
0.62798185
0.60422226
0.89618316
0.87164016
0.83050138
0.77747522
0.72060004
0.66843076
0.62783536
0.60398934
0.89619055
0.87164583
0.83050326
0.77746111
0.72051028
0.66822145
0.6274886
0.60352827
0.8961925
0.87164735
0.83049847
0.77742461
0.72039012
0.66799858
0.62717512
0.60314648
1.0007626
1.001434
1.0012699
1.0021728
0.99624113
0.96631334
0.93129382
0.90798692
1.0007629
1.0014343
1.0012702
1.0021732
0.9962417
0.96631417
0.93129493
0.90798823
1.0007635
1.0014349
1.0012709
1.0021741
0.99624303
0.96631616
0.9312976
0.90799129
1.0007645
1.0014359
1.0012721
1.0021759
0.99624578
0.96632025
0.93130294
0.90799709
1.0007661
1.0014373
1.0012743
1.0021793
0.99625079
0.96632755
0.93131089
0.90800463
1.0007683
1.0014394
1.0012778
1.0021843
0.99625821
0.96633607
0.93131826
0.90801226
1.000771
1.0014422
1.0012818
1.0021899
0.99626545
0.96634239
0.93132469
0.90801941
1.0007734
1.0014445
1.0012848
1.0021938
0.99626977
0.9663461
0.93132914
0.90802326
0.27622583
0.15870379
0.10261682
0.10127145
0.099674097
0.10050773
0.099668237
0.099509431
0.27622589
0.15870379
0.10261683
0.10127164
0.099674212
0.10050762
0.099668257
0.099509556
0.27622591
0.15870381
0.10261681
0.10127155
0.099674221
0.1005077
0.099668243
0.099509494
0.27622609
0.15870389
0.10261685
0.10127162
0.099674202
0.10050764
0.099668253
0.099509535
0.2762261
0.15870391
0.10261685
0.10127157
0.09967424
0.1005077
0.099668254
0.099509501
0.27622611
0.15870398
0.10261697
0.10127175
0.09967426
0.10050767
0.099668283
0.099509577
0.27622619
0.15870375
0.10261667
0.1012715
0.099674438
0.10050798
0.099668328
0.09950948
0.27622784
0.15870518
0.10261709
0.10127134
0.099673175
0.1005072
0.099668858
0.09951
0.27623295
0.15871187
0.10260245
0.10124693
0.099672881
0.10051189
0.099671249
0.099510242
0.27623367
0.15870969
0.1026267
0.101277
0.099666406
0.10050142
0.099666998
0.099512586
0.27623617
0.15870392
0.10260988
0.10126959
0.099680193
0.10051155
0.099668551
0.099506467
0.27625917
0.15872358
0.10262699
0.10127472
0.09967039
0.10050527
0.099668972
0.099512744
0.27626906
0.15872207
0.10262046
0.10127812
0.099685863
0.10051542
0.099671176
0.099507892
0.27627712
0.15874394
0.10264595
0.10128852
0.09967682
0.10051238
0.099678948
0.099525193
0.27630523
0.15869612
0.10258153
0.10128599
0.099724605
0.10053226
0.099668888
0.099495102
0.27646601
0.15884691
0.10264631
0.10110248
0.099552155
0.10056897
0.099727472
0.099576731
0.51585656
0.51268493
0.51035361
0.51194819
0.5083012
0.50219948
0.48297556
0.35381644
0.51586091
0.51268658
0.51035272
0.51194631
0.50830239
0.50220136
0.48297925
0.35382063
0.51586262
0.5126881
0.5103557
0.51194929
0.508303
0.50220031
0.48297765
0.35382019
0.5158607
0.51268812
0.51035489
0.5119484
0.50830435
0.50220319
0.48298059
0.35382191
0.51586584
0.51268911
0.51035619
0.51195041
0.50830436
0.50220194
0.48298008
0.35382283
0.51586598
0.51269485
0.51035893
0.51195052
0.50830638
0.50220574
0.48298229
0.3538224
0.51588102
0.5126989
0.51036215
0.51195502
0.50830641
0.50220268
0.48297963
0.35382357
0.51588018
0.51271334
0.51037096
0.51194882
0.50829856
0.50220467
0.48298753
0.35381827
0.515868
0.51269009
0.51036275
0.51196268
0.50830948
0.50219481
0.48297884
0.35382836
0.51588156
0.51271209
0.51037242
0.51195821
0.50831108
0.50220592
0.48297702
0.35382524
0.51591285
0.51272754
0.51039043
0.51197795
0.50832675
0.50221772
0.48299898
0.35383741
0.51590502
0.51273354
0.51039673
0.51199392
0.50834194
0.50223946
0.48301033
0.35385301
0.51593718
0.51276164
0.51041815
0.51200045
0.5083549
0.50224831
0.48303931
0.35388057
0.51565325
0.5126067
0.5104122
0.5120523
0.50840064
0.50228913
0.48303853
0.35386608
0.51471738
0.51189169
0.51012495
0.51190576
0.50837649
0.50231465
0.48317102
0.35395902
0.51345283
0.51092143
0.50976696
0.51189112
0.50831308
0.50218616
0.48300116
0.3540166
0.51215313
0.51046026
0.51273503
0.51561891
0.51015833
0.51283396
0.51784882
0.51760015
0.51205938
0.51042352
0.51275994
0.5156521
0.51019362
0.51288463
0.51787871
0.51757262
0.51105981
0.50990486
0.51264181
0.51563933
0.51019729
0.51289148
0.51789716
0.51761737
0.50849023
0.50777593
0.51139713
0.51527281
0.51012862
0.51289191
0.5179027
0.51756198
0.5048383
0.50431241
0.50834628
0.51324347
0.50923821
0.51273601
0.51788025
0.51760041
0.50105425
0.50055065
0.504687
0.50988672
0.50653048
0.51127253
0.51725567
0.51711268
0.49769671
0.49733814
0.50145459
0.50691885
0.50367538
0.50884822
0.51556638
0.51594082
0.4959596
0.49525334
0.49943304
0.50476867
0.50148825
0.5068072
0.51396258
0.51428908
0.49712336
0.49527446
0.49248272
0.48975098
0.48998006
0.49263881
0.4951205
0.49517761
0.4949934
0.49301226
0.49023179
0.48758575
0.48795456
0.49070079
0.49326747
0.49319211
0.49115146
0.489083
0.48642138
0.48396626
0.48450163
0.48758374
0.4903038
0.49030643
0.4859009
0.48380348
0.48132479
0.47909998
0.48009988
0.48386232
0.48720655
0.48746606
0.47981103
0.47778673
0.47536929
0.47334458
0.47491661
0.47978169
0.48442651
0.48619188
0.47374524
0.47178873
0.46926327
0.46728997
0.46924413
0.47471804
0.4808613
0.48483987
0.46865071
0.46679733
0.46399832
0.46182279
0.46367676
0.46863499
0.47519716
0.48110662
0.46530324
0.4636861
0.46070482
0.45812965
0.45983562
0.46350592
0.47010403
0.47596255
0.46343482
0.46195603
0.45913434
0.45597282
0.4582408
0.46030375
0.46837988
0.4749478
0.4604137
0.45876824
0.45547543
0.45251495
0.45237142
0.45449176
0.45509765
0.46183691
0.4533052
0.45301334
0.44937915
0.44382094
0.44471581
0.43805846
0.44574791
0.45329387
0.44704527
0.44233021
0.44157292
0.43241859
0.43164947
0.4139781
0.40343211
0.40652559
0.43945672
0.43374818
0.43174517
0.41964032
0.41406579
0.37324662
0.36731833
0.35647132
0.42741227
0.42854068
0.42008995
0.41103703
0.38593203
0.32790618
0.29073994
0.24563544
0.42306568
0.4184401
0.4102972
0.40149767
0.36095944
0.30440603
0.25963002
0.23296589
0.41903646
0.41316753
0.40781602
0.39443374
0.35779534
0.28822157
0.25113564
0.24397492
0.58578668
0.56307165
0.52848446
0.49743086
0.48221496
0.47348834
0.46782558
0.46515034
0.58528971
0.56254854
0.52779945
0.49601946
0.47968369
0.47036241
0.46450677
0.46181857
0.58448767
0.56165014
0.52660107
0.49348583
0.47527962
0.46506665
0.45870205
0.45564846
0.5834502
0.56048687
0.52492808
0.49004704
0.46931693
0.45800105
0.4512085
0.4475321
0.58234892
0.55912417
0.52298343
0.48615888
0.46258486
0.45007716
0.44312958
0.43967521
0.58122892
0.55779259
0.52104837
0.48239208
0.45603593
0.44224811
0.4347
0.43150451
0.5803142
0.55674442
0.51951038
0.47939717
0.45073421
0.43566485
0.42778263
0.42360605
0.57974464
0.55609394
0.51858575
0.47760369
0.4475217
0.43164119
0.42340965
0.41992081
0.41645977
0.41140933
0.40716858
0.38943872
0.36202155
0.27692725
0.2484438
0.24677845
0.41185511
0.40757092
0.401225
0.38583112
0.35036197
0.27613463
0.25258067
0.24228382
0.40441264
0.39995733
0.39390706
0.37733628
0.34075525
0.27789195
0.25673221
0.2484577
0.39476549
0.39156121
0.38474704
0.36948851
0.33413671
0.28647645
0.2653782
0.26256763
0.38481042
0.38193398
0.3766541
0.36165089
0.33283933
0.29584488
0.2751887
0.27276677
0.37534186
0.37349194
0.36930637
0.3565401
0.33171804
0.30338856
0.2860502
0.2790793
0.3676988
0.36665852
0.36398205
0.35275039
0.33162333
0.30802554
0.29239359
0.28555101
0.36309589
0.36247234
0.36082634
0.35086159
0.33119629
0.30995471
0.29574915
0.28912499
0.36102193
0.36040102
0.35930254
0.34986666
0.3310978
0.31093531
0.29697854
0.29036148
0.35609414
0.35623235
0.35609773
0.34804534
0.33067774
0.31239377
0.29949638
0.29316822
0.34843628
0.34898411
0.35082262
0.34495473
0.32984954
0.31405276
0.3026678
0.29666077
0.33880407
0.33965544
0.34376928
0.34099645
0.32834514
0.31516547
0.30522488
0.29968102
0.3293743
0.32972052
0.3355375
0.33635753
0.32629303
0.31540023
0.30682507
0.30167926
0.32188747
0.32120627
0.32736524
0.33129367
0.32399836
0.31500834
0.30754438
0.30272931
0.31720095
0.31538316
0.32094184
0.32659402
0.32178882
0.31433254
0.30774197
0.30322382
0.31486565
0.31238094
0.31726525
0.32350429
0.32018608
0.31375709
0.30767804
0.30335727
0.5735352
0.54891758
0.50895169
0.46049876
0.4134065
0.3798217
0.36527353
0.361459
0.57305628
0.54846939
0.50840333
0.45973881
0.41180993
0.37662187
0.36066538
0.35695559
0.57232528
0.54768863
0.50757227
0.45856579
0.40963302
0.37187459
0.35354478
0.34906376
0.57137758
0.54669458
0.50654516
0.45727465
0.40747878
0.36715352
0.34549436
0.3397626
0.57034968
0.54560464
0.50543054
0.45600427
0.40569313
0.36353824
0.33860028
0.33085501
0.56938473
0.5446069
0.50435607
0.45486101
0.40427127
0.36120631
0.33395031
0.32420728
0.56869081
0.54386603
0.50352789
0.4539589
0.40322671
0.35977347
0.33136317
0.32016602
0.56831476
0.54346998
0.50305801
0.45343529
0.40261416
0.35901915
0.3301376
0.31829339
0.89025482
0.86516227
0.82321686
0.76926993
0.71134471
0.6577512
0.61616244
0.59133212
0.88989656
0.86481142
0.82285562
0.76891823
0.71095278
0.65734732
0.61566885
0.59091488
0.88931636
0.86421299
0.82226961
0.76831612
0.71033208
0.65665558
0.61491794
0.5900535
0.88856428
0.86345345
0.82151621
0.76755617
0.70953928
0.65580222
0.61396917
0.58903665
0.8877473
0.86262159
0.8206942
0.7667291
0.70868959
0.65489351
0.612989
0.58796924
0.88698234
0.86183805
0.8199082
0.76594289
0.7078852
0.65405118
0.61208826
0.58703559
0.88640574
0.86122469
0.81927667
0.76530163
0.70723704
0.65337477
0.61138595
0.58628206
0.88607597
0.86087326
0.81889246
0.76491287
0.70683593
0.65297356
0.61095311
0.58588384
0.88593658
0.86070311
0.81871285
0.76471568
0.70664565
0.65276387
0.61075961
0.58561915
0.885651
0.8603831
0.81833998
0.76432094
0.70623645
0.65235297
0.61032523
0.5852097
0.88527329
0.85991866
0.81776692
0.76366801
0.70555403
0.65165044
0.60961216
0.5844698
0.88495407
0.85949255
0.81716579
0.76290448
0.70469305
0.65074536
0.60868383
0.58353676
0.88478284
0.85923121
0.81672883
0.76224685
0.70384773
0.64978566
0.60767435
0.58250058
0.88471943
0.85912191
0.81650526
0.76184137
0.70322692
0.64899259
0.60677805
0.58156091
0.88470363
0.85908569
0.81641821
0.76165285
0.70288799
0.64849679
0.60616991
0.58088795
0.88469824
0.85907708
0.8163886
0.76158369
0.70274487
0.64826939
0.60586415
0.58055169
1.0010436
1.0015987
1.0013157
1.0023334
0.99279508
0.95858803
0.92183673
0.89802928
1.0010466
1.0016033
1.0013194
1.0023378
0.99278278
0.958495
0.92164003
0.89777935
1.0010539
1.0016112
1.0013258
1.0023425
0.99277638
0.95839771
0.92140217
0.89744285
1.001066
1.0016221
1.0013331
1.0023461
0.99277781
0.95834592
0.9212322
0.89717642
1.0010806
1.0016339
1.0013406
1.0023484
0.99278119
0.95833311
0.92115908
0.89704002
1.0010925
1.0016436
1.0013475
1.0023514
0.99278258
0.95833364
0.92113966
0.89699535
1.0010994
1.0016495
1.0013527
1.0023551
0.99278401
0.9583351
0.92113737
0.89698384
1.0011023
1.0016522
1.0013553
1.0023579
0.99278518
0.95833648
0.92113727
0.89698381
0.43921149
0.23608489
0.11458257
0.10259642
0.10067473
0.098548686
0.097516407
0.095320013
0.50780255
0.28612501
0.1294807
0.10402316
0.10149214
0.10186077
0.1024835
0.098972388
0.5559072
0.36719789
0.19692081
0.14236204
0.11523649
0.10282371
0.10043602
0.098277861
0.46171445
0.35842664
0.28103081
0.2526725
0.20679987
0.16223638
0.13392564
0.12125184
0.34594343
0.29762562
0.2759487
0.28063151
0.28296415
0.27350051
0.25068807
0.23149995
0.28066112
0.26853214
0.27097694
0.27664723
0.27897613
0.28078751
0.28203211
0.28232505
0.25727516
0.26354414
0.27240567
0.27696638
0.28005917
0.28205499
0.28344082
0.28388245
0.26171404
0.26901506
0.27591519
0.28069183
0.28403495
0.28702372
0.28877475
0.28950563
0.28438923
0.28392155
0.28350327
0.28263096
0.28167692
0.28091985
0.28030823
0.279822
0.28521874
0.28496916
0.28445995
0.28354711
0.28239869
0.2815507
0.28087409
0.2804555
0.28673487
0.2863828
0.28584702
0.28485073
0.28366409
0.2827555
0.28209775
0.28172163
0.28840012
0.28809727
0.28751498
0.28646926
0.28526802
0.28440063
0.28379476
0.28347064
0.29005527
0.28971654
0.28917478
0.28814561
0.28698828
0.28618149
0.28565919
0.28541911
0.29137747
0.29109118
0.29057127
0.28955792
0.28844983
0.28774586
0.28730632
0.28711734
0.2923141
0.29202966
0.29158031
0.29058676
0.28952553
0.28892203
0.28857236
0.28844456
0.29279411
0.29256916
0.29213864
0.2912105
0.29021664
0.28964225
0.28929439
0.28918757
0.25204627
0.25597121
0.26168923
0.25556639
0.24134507
0.24436357
0.25676503
0.2620478
0.24022882
0.23789222
0.23982741
0.2464884
0.25736526
0.26708319
0.27262121
0.27465766
0.26742517
0.27295533
0.27397407
0.2694641
0.27136085
0.27588858
0.27699005
0.27786062
0.2615635
0.25899056
0.26376777
0.27761188
0.28059311
0.27828484
0.27909422
0.27905137
0.2844811
0.28561093
0.28403213
0.2786941
0.27815418
0.28049326
0.28021311
0.28003257
0.27865699
0.27874125
0.28059039
0.2835579
0.2830855
0.28189174
0.28173666
0.28174008
0.286997
0.28758712
0.28629066
0.28271838
0.28296335
0.28389792
0.28315576
0.28274409
0.28535998
0.28488241
0.28444557
0.28615591
0.28600474
0.28462412
0.28406815
0.28371025
0.28763426
0.28702122
0.28675386
0.28608217
0.2861024
0.28540038
0.28485565
0.28429413
0.28870841
0.28857419
0.28796665
0.28740846
0.28693323
0.28641005
0.28576114
0.28546504
0.29071884
0.29030795
0.28980341
0.28912958
0.28857121
0.28790726
0.28726676
0.2868637
0.29275994
0.2924595
0.29182507
0.29111217
0.29045304
0.28972959
0.2889908
0.28859735
0.29449746
0.29413779
0.29358213
0.29284823
0.29219343
0.2914218
0.29065499
0.29021795
0.29575189
0.29547684
0.29491069
0.29420364
0.29356275
0.29280812
0.29199593
0.29156756
0.29655992
0.29624669
0.29573646
0.29505039
0.29446579
0.29372997
0.29291842
0.29246754
0.29686332
0.29668634
0.29619064
0.29550324
0.29491352
0.2942391
0.29341929
0.29300142
0.29237251
0.29013839
0.29055358
0.28911886
0.28869819
0.28808125
0.28791729
0.28707562
0.29356986
0.29325954
0.29214008
0.29120052
0.29024504
0.28962105
0.28905
0.28900493
0.29634943
0.29536043
0.29447531
0.29339014
0.29251407
0.29173389
0.29123699
0.29079492
0.298541
0.2980268
0.29688422
0.2957515
0.2946841
0.29384863
0.29323058
0.29297003
0.30032408
0.29952309
0.29857085
0.29742594
0.29638794
0.29558169
0.2950206
0.29462899
0.30128401
0.30075027
0.29968029
0.29855242
0.29751569
0.29672246
0.2961774
0.29592374
0.30182338
0.30108736
0.30018275
0.2991274
0.29814322
0.29743303
0.29697514
0.29666068
0.30185615
0.30139095
0.3003951
0.29937032
0.29842071
0.29776774
0.29729511
0.29709055
0.31391511
0.31105546
0.31557385
0.32195761
0.31932347
0.31341138
0.30760904
0.30338367
0.31213969
0.30863977
0.31229904
0.318744
0.3173573
0.31255075
0.30734193
0.30338144
0.30988868
0.30545717
0.30763564
0.31355416
0.31364232
0.31058286
0.30654542
0.30307408
0.30792553
0.30269466
0.30322566
0.30787724
0.30870174
0.30729686
0.30486079
0.30222901
0.30664083
0.30090931
0.30022413
0.30345706
0.30419826
0.30373094
0.30261427
0.30095252
0.30599486
0.30003719
0.29874473
0.30100166
0.30140175
0.30136651
0.30088871
0.29985302
0.30573971
0.2996963
0.29821733
0.30000519
0.30013188
0.3003162
0.30012941
0.29929947
0.30565493
0.29958421
0.29803958
0.29966876
0.29967885
0.29994737
0.2999258
0.29914094
0.30563011
0.29954702
0.29797485
0.29955068
0.29952161
0.29981949
0.29988231
0.29910348
0.30559341
0.29949583
0.29787772
0.29937757
0.29928962
0.29963675
0.29986814
0.29910895
0.30557405
0.29945107
0.29779965
0.29922128
0.29908922
0.29947339
0.29994788
0.29929294
0.30556878
0.29943215
0.29776723
0.2991515
0.29899963
0.29938947
0.29998221
0.29956877
0.30556514
0.2994292
0.29775745
0.29913427
0.29897044
0.29936633
0.29996878
0.29962865
0.30556533
0.29942836
0.2977554
0.29912854
0.29895871
0.29935013
0.29995734
0.29961726
0.30556509
0.29942814
0.2977538
0.29912626
0.29895184
0.29934098
0.29994496
0.29961002
0.30556448
0.29942773
0.29775298
0.29912461
0.29894854
0.29933449
0.29993949
0.29960066
0.56713211
0.54202722
0.50115098
0.45084212
0.39920709
0.3546122
0.32440387
0.31059287
0.56713025
0.54202613
0.50114846
0.4508375
0.39919718
0.35459518
0.32437659
0.31056436
0.56712864
0.54202442
0.50114594
0.45083321
0.39918932
0.35458148
0.32435561
0.31053707
0.56712654
0.54202314
0.50114385
0.45083061
0.39918503
0.35457542
0.32434617
0.31052494
0.56712637
0.54202278
0.5011432
0.45082956
0.39918358
0.35457343
0.3243437
0.31052225
0.56712654
0.54202314
0.50114351
0.4508298
0.3991837
0.35457343
0.32434338
0.31052213
0.56712638
0.54202291
0.50114344
0.45082981
0.39918372
0.35457341
0.32434312
0.31052173
0.56712599
0.54202271
0.50114311
0.45082956
0.3991834
0.35457316
0.32434273
0.31052157
0.30556469
0.29942741
0.29775263
0.29912405
0.29894713
0.29933171
0.29993572
0.2995987
0.30556412
0.29942709
0.29775183
0.29912327
0.29894476
0.29932772
0.29993001
0.29959295
0.30556355
0.29942656
0.29775091
0.29912222
0.29894252
0.29932253
0.29992249
0.29958409
0.30556303
0.29942614
0.29775028
0.29912158
0.29894129
0.29931918
0.29991646
0.29957606
0.30556287
0.29942597
0.29775003
0.29912124
0.29894081
0.29931775
0.29991331
0.29957108
0.3055628
0.2994259
0.29774991
0.29912099
0.29894034
0.29931702
0.2999119
0.29956875
0.30556279
0.29942584
0.29774981
0.29912082
0.29894002
0.29931655
0.29991125
0.29956772
0.30556274
0.29942581
0.29774975
0.29912073
0.29893984
0.29931629
0.29991092
0.29956737
0.30556275
0.29942579
0.29774972
0.2991207
0.29893977
0.29931618
0.2999108
0.29956717
0.30556271
0.29942576
0.29774967
0.29912064
0.29893966
0.29931599
0.29991057
0.2995669
0.30556268
0.29942572
0.29774961
0.29912058
0.29893953
0.29931575
0.29991026
0.29956656
0.30556264
0.29942569
0.29774957
0.29912053
0.29893945
0.29931558
0.29991001
0.29956626
0.30556263
0.29942568
0.29774955
0.2991205
0.29893941
0.29931549
0.29990986
0.29956604
0.30556262
0.29942567
0.29774954
0.29912049
0.29893939
0.29931545
0.29990977
0.29956592
0.30556263
0.29942567
0.29774954
0.29912048
0.29893938
0.29931543
0.29990973
0.29956587
0.30556262
0.29942567
0.29774954
0.29912048
0.29893937
0.29931543
0.29990973
0.29956586
0.5671251
0.5420216
0.5011419
0.45082819
0.39918191
0.35457155
0.32434106
0.31051951
0.56712507
0.54202159
0.50114188
0.45082818
0.39918189
0.35457153
0.32434103
0.31051949
0.56712505
0.54202156
0.50114186
0.45082815
0.39918185
0.3545715
0.324341
0.31051945
0.56712503
0.54202154
0.50114183
0.45082812
0.39918182
0.35457147
0.32434097
0.31051942
0.56712502
0.54202153
0.50114182
0.45082811
0.39918181
0.35457145
0.32434096
0.3105194
0.56712501
0.54202153
0.50114182
0.4508281
0.39918181
0.35457145
0.32434095
0.3105194
0.56712502
0.54202153
0.50114182
0.45082811
0.39918181
0.35457145
0.32434095
0.3105194
0.56712502
0.54202153
0.50114182
0.45082811
0.39918181
0.35457145
0.32434095
0.3105194
0.88470931
0.85908048
0.81636528
0.76147809
0.70246856
0.64771814
0.60501042
0.57947002
0.88470921
0.85908044
0.81636518
0.76147799
0.7024684
0.64771798
0.60501019
0.57946996
0.88470916
0.85908036
0.81636509
0.76147785
0.70246822
0.64771774
0.60500992
0.5794696
0.88470909
0.8590803
0.81636501
0.76147776
0.70246808
0.64771757
0.60500971
0.57946939
0.88470906
0.85908026
0.81636497
0.76147771
0.70246802
0.64771749
0.60500962
0.57946926
0.88470903
0.85908024
0.81636494
0.76147769
0.70246799
0.64771746
0.60500959
0.57946924
0.88470903
0.85908022
0.81636493
0.76147767
0.70246798
0.64771744
0.60500957
0.57946921
0.88470901
0.85908022
0.81636492
0.76147766
0.70246796
0.64771743
0.60500955
0.57946922
0.88470902
0.85908021
0.81636492
0.76147765
0.70246796
0.64771742
0.60500955
0.57946919
0.88470901
0.85908021
0.81636491
0.76147764
0.70246795
0.64771741
0.60500954
0.57946919
0.884709
0.8590802
0.8163649
0.76147763
0.70246793
0.64771739
0.60500952
0.57946916
0.88470899
0.85908019
0.81636489
0.76147762
0.70246792
0.64771738
0.60500949
0.57946914
0.88470899
0.85908019
0.81636489
0.76147761
0.70246791
0.64771737
0.60500949
0.57946913
0.88470899
0.85908018
0.81636488
0.76147761
0.70246791
0.64771737
0.60500948
0.57946913
0.88470899
0.85908018
0.81636488
0.76147761
0.70246791
0.64771737
0.60500948
0.57946913
0.88470899
0.85908018
0.81636488
0.76147761
0.70246791
0.64771737
0.60500948
0.57946913
1.0011084
1.0016591
1.0013648
1.0023708
0.99279919
0.95834696
0.92114971
0.89699301
1.0011084
1.0016591
1.0013648
1.0023708
0.99279918
0.95834696
0.9211497
0.89699301
1.0011084
1.0016591
1.0013648
1.0023708
0.99279917
0.95834695
0.9211497
0.896993
1.0011084
1.0016591
1.0013648
1.0023708
0.99279917
0.95834694
0.92114969
0.89699299
1.0011084
1.0016591
1.0013648
1.0023708
0.99279917
0.95834694
0.92114968
0.89699298
1.0011084
1.0016591
1.0013648
1.0023708
0.99279917
0.95834694
0.92114968
0.89699298
1.0011084
1.0016591
1.0013648
1.0023708
0.99279917
0.95834694
0.92114968
0.89699298
1.0011084
1.0016591
1.0013648
1.0023708
0.99279917
0.95834694
0.92114968
0.89699298
0.29720618
0.29742023
0.29779651
0.2970316
0.29682302
0.29719373
0.29737313
0.29768354
0.29768718
0.29795186
0.29841263
0.29772413
0.2975716
0.2979472
0.29812039
0.29841159
0.29864062
0.29894683
0.29944952
0.29877267
0.29860358
0.29889016
0.29894143
0.29915452
0.29950008
0.29977504
0.30021104
0.29941725
0.29909002
0.29923641
0.29918933
0.29934925
0.29967103
0.29991498
0.30031261
0.29948046
0.29912448
0.29926064
0.29920946
0.29936893
0.29966858
0.29991633
0.30031874
0.2994892
0.29913107
0.29926191
0.29920511
0.2993594
0.29966582
0.2999097
0.30030698
0.29947482
0.2991136
0.29924403
0.29918879
0.29934564
0.29965708
0.29990193
0.30030023
0.29946755
0.29910989
0.2992436
0.29918686
0.29934191
0.29961814
0.29986354
0.30026314
0.29943274
0.29907469
0.29920747
0.29915318
0.2993094
0.29961781
0.29986324
0.30026301
0.29943236
0.29907449
0.29920728
0.29915275
0.29930982
0.29961752
0.29986295
0.30026268
0.29943214
0.29907424
0.29920707
0.29915251
0.29930929
0.29961717
0.29986262
0.30026237
0.29943179
0.29907395
0.29920674
0.29915222
0.29930917
0.2996169
0.29986233
0.30026208
0.29943154
0.29907366
0.29920651
0.29915199
0.29930883
0.29961672
0.29986217
0.30026193
0.29943137
0.29907354
0.29920638
0.29915187
0.2993088
0.29961667
0.29986209
0.30026186
0.29943133
0.29907346
0.29920632
0.29915182
0.29930869
0.29961664
0.2998621
0.30026185
0.29943129
0.29907348
0.2992063
0.29915179
0.2993087
0.29982096
0.30000174
0.30013592
0.29998242
0.30028375
0.30051544
0.29984081
0.29963765
0.29981461
0.29999634
0.30012985
0.29997611
0.30027767
0.30051067
0.29983567
0.29963172
0.29980612
0.29998773
0.30012187
0.29996815
0.3002692
0.3005016
0.29982701
0.2996229
0.29979602
0.2999775
0.30011124
0.2999576
0.30025866
0.30049119
0.29981664
0.29961271
0.29978846
0.29996982
0.30010368
0.29995006
0.30025123
0.30048395
0.2998098
0.29960607
0.29978438
0.29996574
0.30009951
0.29994601
0.30024731
0.30048016
0.29980609
0.29960249
0.29978257
0.29996389
0.30009775
0.29994426
0.30024563
0.30047861
0.29980476
0.29960123
0.29978186
0.29996325
0.3000971
0.29994375
0.30024516
0.30047807
0.29980415
0.2996007
0.29978171
0.29996299
0.30009684
0.29994344
0.30024485
0.30047783
0.29980393
0.29960039
0.29978123
0.29996259
0.30009643
0.29994303
0.30024449
0.30047752
0.29980369
0.29960021
0.29978079
0.29996213
0.30009601
0.29994264
0.30024412
0.30047715
0.29980332
0.29959986
0.29978041
0.29996176
0.30009562
0.29994226
0.30024375
0.3004768
0.299803
0.29959954
0.29978013
0.29996147
0.30009534
0.29994198
0.30024346
0.3004765
0.2998027
0.29959925
0.29977997
0.29996131
0.30009517
0.29994181
0.30024329
0.30047633
0.29980253
0.29959908
0.29977991
0.29996124
0.3000951
0.29994175
0.30024323
0.30047627
0.29980247
0.29959902
0.29977989
0.29996123
0.30009509
0.29994173
0.30024321
0.30047625
0.29980246
0.29959901
0.29899364
0.29875786
0.2988756
0.29895157
0.29904703
0.29933595
0.29958571
0.29971564
0.29899311
0.29875764
0.29887529
0.29895117
0.29904655
0.29933549
0.29958525
0.29971526
0.29899281
0.29875721
0.29887488
0.29895077
0.29904613
0.29933503
0.2995848
0.29971478
0.29899246
0.29875692
0.29887454
0.29895041
0.29904577
0.29933467
0.29958442
0.29971442
0.29899226
0.29875667
0.29887429
0.29895016
0.29904551
0.29933439
0.29958414
0.29971413
0.29899212
0.29875654
0.29887415
0.29895001
0.29904535
0.29933423
0.29958398
0.29971397
0.29899207
0.29875648
0.29887409
0.29894995
0.29904529
0.29933416
0.29958392
0.2997139
0.29899206
0.29875646
0.29887407
0.29894994
0.29904528
0.29933416
0.29958391
0.2997139
