FiniteElementSpace
FiniteElementCollection: L2_2D_P7
VDim: 1
Ordering: 0

0.26725044
0.26833766
0.27488749
0.29061371
0.31042578
0.32861534
0.34254309
0.35107206
0.26725052
0.26833766
0.27488711
0.29061323
0.31042489
0.32860641
0.34252049
0.35104145
0.26724952
0.26833647
0.27488631
0.29061087
0.31041065
0.32855415
0.34241814
0.35090061
0.26724777
0.26833471
0.27487994
0.2905867
0.31033717
0.32839427
0.34216843
0.35057749
0.26723145
0.26831396
0.27483993
0.29050116
0.31016332
0.32810504
0.34176411
0.35008215
0.26716229
0.26823928
0.27474699
0.29035484
0.30992266
0.32775056
0.34129265
0.34950658
0.26705274
0.26812859
0.27462554
0.29019563
0.30969087
0.32742692
0.34086373
0.34897349
0.26696403
0.26803977
0.27453117
0.2900814
0.30953614
0.32721666
0.34057955
0.3486191
0.5024575
0.50397452
0.50614333
0.50777613
0.5095487
0.51179875
0.51212898
0.51191589
0.50236472
0.50391602
0.50608918
0.50768616
0.50945538
0.51168344
0.51194391
0.51171884
0.50208144
0.50365652
0.50580769
0.50732512
0.50906057
0.5111367
0.51128003
0.51099583
0.5014812
0.50303408
0.50517997
0.50652085
0.50797837
0.50987019
0.50996551
0.50963659
0.50058712
0.50206031
0.5040882
0.50516133
0.50631702
0.50812801
0.50821398
0.50786756
0.49940016
0.50076207
0.50264439
0.50354666
0.50456218
0.50637196
0.5064555
0.50607433
0.49818757
0.49949076
0.50131105
0.50215952
0.50311658
0.50491148
0.50499866
0.50457089
0.49738533
0.49867273
0.50048817
0.5013302
0.50226257
0.50404983
0.50413521
0.50369288
0.26169986
0.26252003
0.26708152
0.27792021
0.29118213
0.30340888
0.31351247
0.31984733
0.26151817
0.26231569
0.26673856
0.27731257
0.2903859
0.30253095
0.31260126
0.31893118
0.26120688
0.26196447
0.26615253
0.27628352
0.28905471
0.3010668
0.31108183
0.31739941
0.26079624
0.2615011
0.26538546
0.27495851
0.28735422
0.29920083
0.3091484
0.3154478
0.26033359
0.26098248
0.26453759
0.27350861
0.28550994
0.29717727
0.30704995
0.31332099
0.2598851
0.26048214
0.26373208
0.27213737
0.28375767
0.2952625
0.30506584
0.31131108
0.25952097
0.26007686
0.26308849
0.27103925
0.28234687
0.29371609
0.30346192
0.30968714
0.25929793
0.25982999
0.2626984
0.27037314
0.28148997
0.29277513
0.30247861
0.3086948
0.46258767
0.46483974
0.4689112
0.47305931
0.47649732
0.47977356
0.48327541
0.48517939
0.45781101
0.45994469
0.46426883
0.46815579
0.47103368
0.47386791
0.47703945
0.47898222
0.45066058
0.45217592
0.45541369
0.45877502
0.461448
0.46329903
0.46571056
0.4673902
0.43988634
0.44057089
0.44380198
0.44638517
0.44821426
0.44917829
0.45056159
0.45159967
0.42744321
0.42799812
0.42988328
0.43185863
0.43314161
0.43303291
0.43351373
0.43372543
0.41277014
0.41328133
0.4154868
0.41704842
0.4175357
0.41667402
0.41685272
0.41678898
0.39917987
0.40355717
0.4036602
0.40429515
0.40483127
0.40296756
0.40247795
0.40195245
0.38426487
0.39308882
0.39790035
0.39590907
0.39641787
0.39409012
0.39396152
0.3929162
0.25245731
0.25244624
0.25243138
0.25249052
0.25312525
0.25524812
0.25896853
0.26247264
0.25234158
0.25232659
0.25229126
0.25228784
0.25275983
0.25455338
0.25788032
0.26112437
0.25215485
0.25213429
0.25206888
0.25197395
0.25220917
0.25350681
0.25619596
0.25899017
0.25192689
0.25190062
0.25180352
0.25161245
0.25160155
0.25236664
0.25430663
0.2565188
0.2516896
0.25165862
0.25153408
0.25126083
0.2510414
0.25134842
0.25259011
0.25420275
0.25147276
0.25143815
0.25129334
0.25095977
0.25058902
0.25056262
0.25127096
0.25238738
0.25130248
0.25126502
0.25110745
0.25073533
0.25026945
0.25003325
0.25039945
0.25118489
0.25119991
0.25116053
0.25099659
0.25060455
0.25009049
0.2497477
0.24993886
0.25055376
0.28478288
0.28473538
0.28418772
0.28386017
0.2836653
0.28354616
0.28349733
0.28347863
0.28631294
0.28577065
0.28534671
0.28497472
0.28474955
0.2846
0.28451217
0.28446986
0.28793147
0.28760624
0.28711037
0.2867342
0.28643616
0.2862497
0.28611476
0.28604929
0.29006361
0.28963966
0.28918207
0.28874633
0.28840324
0.28814708
0.28797544
0.28787797
0.29195214
0.29164694
0.29115858
0.29068956
0.29028064
0.28998259
0.28976704
0.28965269
0.29367055
0.29329612
0.2928177
0.29230304
0.29184991
0.29150258
0.29126712
0.29113031
0.29478386
0.29450117
0.29400171
0.2934663
0.29297086
0.29260104
0.29233659
0.29219881
0.29553596
0.29515117
0.2946737
0.29411002
0.29360994
0.29321268
0.29295304
0.29279246
0.46020464
0.46698994
0.47809092
0.49116317
0.49785561
0.49785111
0.49767294
0.49745643
0.46026193
0.46706516
0.47815208
0.49117019
0.49783492
0.49784745
0.49768742
0.49747603
0.46033692
0.46726784
0.47838109
0.49125371
0.49780058
0.49779813
0.49766169
0.49746658
0.45966547
0.46686912
0.47837562
0.49145094
0.49795256
0.49785028
0.4976401
0.4974074
0.45789783
0.46522063
0.47716769
0.49087636
0.49782786
0.4979483
0.49776915
0.49750822
0.45598022
0.46329755
0.475312
0.48924621
0.49656675
0.49711821
0.49725377
0.49712713
0.45444514
0.46180621
0.47386244
0.48774075
0.49505037
0.49574432
0.49606243
0.49605163
0.45351186
0.46089408
0.47298899
0.4868578
0.49414382
0.4948605
0.49520149
0.49520604
0.4420625
0.44965177
0.46180455
0.4754159
0.48225845
0.48330409
0.48396977
0.48410875
0.44115749
0.44873797
0.46087009
0.4744528
0.48124826
0.48233523
0.48303552
0.4831914
0.43963773
0.44720379
0.45929899
0.47281848
0.47953544
0.48071601
0.48150294
0.48170349
0.43767342
0.44521796
0.4572694
0.47071295
0.47732145
0.47861716
0.4795038
0.47976278
0.4355101
0.44302814
0.45501872
0.46837541
0.47488237
0.47632081
0.47730917
0.47762003
0.43342379
0.44092157
0.4528595
0.46612673
0.47252915
0.47409082
0.47514827
0.47549509
0.43172305
0.43920932
0.45111361
0.46429526
0.47060562
0.47225042
0.47333246
0.47368501
0.43067539
0.43816293
0.45004679
0.46316405
0.46941246
0.47110054
0.47218131
0.47253698
0.26522192
0.2662797
0.2726574
0.28777924
0.30644523
0.32280884
0.33451048
0.34144671
0.2650812
0.26614052
0.27249521
0.28754712
0.30609616
0.3222432
0.33376519
0.34062819
0.26485102
0.26591571
0.27222047
0.28714771
0.30546888
0.32121612
0.33246762
0.33923325
0.26456718
0.26563677
0.27186141
0.28661362
0.30457013
0.31977851
0.33075248
0.33743151
0.26426971
0.26533515
0.27146044
0.28598926
0.3034562
0.31810271
0.32885799
0.33547141
0.26399517
0.265047
0.27106952
0.28533805
0.30227869
0.31645384
0.32706469
0.33363196
0.26377677
0.26481317
0.27074391
0.28476262
0.30126091
0.31510835
0.32563422
0.3321679
0.26364347
0.26466945
0.27053881
0.28438753
0.30061406
0.3142838
0.32476783
0.33128272
0.50843465
0.50757602
0.5077484
0.50930478
0.51109871
0.51241917
0.51359496
0.51459446
0.50843757
0.50758162
0.5077564
0.50931255
0.51110363
0.51242152
0.51359625
0.51459522
0.50842647
0.50757779
0.50775022
0.50930922
0.51110216
0.51242258
0.51359772
0.51459673
0.50837969
0.50756352
0.5077516
0.50931748
0.51110796
0.51242755
0.51360092
0.51460016
0.50803851
0.507349
0.50766228
0.50929528
0.51110495
0.51243328
0.51360574
0.51460688
0.50720177
0.50670203
0.50730187
0.50916296
0.51106391
0.51242952
0.51360484
0.51461205
0.50610736
0.50571362
0.50657352
0.50877473
0.5109042
0.51238205
0.51359351
0.51461203
0.50535224
0.50499333
0.50593797
0.50831881
0.51063644
0.51223999
0.51351627
0.51456232
0.49279234
0.4921601
0.49313212
0.49587331
0.49904422
0.50157102
0.50369296
0.5055204
0.49195267
0.49130837
0.49222361
0.49493318
0.49811335
0.50061064
0.50266908
0.5044563
0.49015202
0.4894129
0.49026903
0.49293668
0.49611372
0.49862177
0.50070278
0.50250316
0.488414
0.48757667
0.48820229
0.49057178
0.49354309
0.49585397
0.49773526
0.49942428
0.49038228
0.48933412
0.48979444
0.49172971
0.49434569
0.49622585
0.49764763
0.49900367
0.49942445
0.49814741
0.49854454
0.50046292
0.5029279
0.50437657
0.50524011
0.50645073
0.51310354
0.51199478
0.51281339
0.51539926
0.51844209
0.52005015
0.52081283
0.52216164
0.52301019
0.52223122
0.52357763
0.52700324
0.53091336
0.53308449
0.5342788
0.53605314
0.48749832
0.4885929
0.49028397
0.4910558
0.49147598
0.49292017
0.49307284
0.49242819
0.48690541
0.48796314
0.48961983
0.490378
0.49075303
0.49214539
0.49231324
0.49163493
0.4860734
0.48704733
0.4886013
0.48926734
0.48948005
0.49073948
0.49087349
0.49014872
0.4855022
0.48640786
0.48792044
0.48858126
0.48870743
0.48984598
0.48998937
0.4892854
0.48565187
0.4867394
0.48855331
0.48964091
0.49023267
0.49144659
0.49182575
0.49123313
0.48637798
0.4879705
0.49055712
0.49275351
0.49439966
0.49655682
0.49760561
0.49742693
0.48708674
0.48932885
0.49291536
0.49644514
0.49939429
0.50292948
0.5049843
0.50539703
0.48731073
0.49003544
0.49426416
0.49861958
0.50243327
0.5068495
0.50966052
0.51047746
0.4164701
0.42372246
0.43536709
0.44661764
0.45099295
0.45156885
0.45128631
0.45087102
0.41527353
0.42252728
0.4340949
0.44510152
0.44918452
0.44956077
0.44902739
0.44859406
0.41333486
0.42051883
0.43196381
0.44248433
0.4460905
0.44602012
0.44512703
0.44432498
0.41084686
0.4179861
0.42919113
0.43904411
0.44195175
0.44127417
0.43972815
0.43864996
0.40819935
0.41523474
0.42615557
0.43516378
0.43728188
0.43575022
0.4334892
0.43165111
0.40570631
0.41266339
0.42322469
0.43143036
0.43265096
0.4302977
0.42711105
0.42492319
0.403785
0.41060272
0.42087197
0.4283441
0.42888601
0.42566943
0.42191189
0.41874526
0.40249893
0.40943887
0.41933314
0.42656769
0.42639422
0.42300575
0.41821113
0.4163365
0.38761777
0.39335658
0.40017549
0.40106203
0.39470387
0.38457479
0.37384461
0.36306197
0.38644326
0.39201383
0.39876657
0.39893901
0.3923944
0.38177606
0.37016164
0.35949607
0.38451181
0.39001656
0.39608671
0.39584356
0.3882812
0.37748675
0.36476122
0.35603281
0.38199773
0.38743653
0.39293094
0.3917849
0.38367063
0.37214214
0.35952855
0.34939334
0.37945152
0.38459594
0.38962763
0.3876076
0.37893627
0.36724418
0.35422753
0.34479641
0.37695465
0.38206241
0.386553
0.38391904
0.3749577
0.3630777
0.35062858
0.34091963
0.37506158
0.38000477
0.38421663
0.38111437
0.37194598
0.36040703
0.3478679
0.33874949
0.37391034
0.37877481
0.3828456
0.37943091
0.37041059
0.35864985
0.34680154
0.33772145
0.25645521
0.2567121
0.25802222
0.26219782
0.27027103
0.28013768
0.28918021
0.29515068
0.25624241
0.25648185
0.25769681
0.26160931
0.26938041
0.27908381
0.28805478
0.29399976
0.25589778
0.2561093
0.25717606
0.26066294
0.26791175
0.27731798
0.28615814
0.29205765
0.25547841
0.25565647
0.25655308
0.25952549
0.2660818
0.27505777
0.28370812
0.28953914
0.25504938
0.2551942
0.25592764
0.25838418
0.26416451
0.27260194
0.2810062
0.28675218
0.25466989
0.25478609
0.2553842
0.25739873
0.26243853
0.27029364
0.27841905
0.28406122
0.25438366
0.25447894
0.25497989
0.25667482
0.26112538
0.26846488
0.27632313
0.28187306
0.25421701
0.25430057
0.25474715
0.25626234
0.26036135
0.26736515
0.27504301
0.28051904
0.51560246
0.51873663
0.52299017
0.52980096
0.54140626
0.55136984
0.55851821
0.56592863
0.50857516
0.51151469
0.51610992
0.52369364
0.53715616
0.54786808
0.55327573
0.55945826
0.49546802
0.49933457
0.50548425
0.51211818
0.52389919
0.53802686
0.54968036
0.55996646
0.47732319
0.48013396
0.48675524
0.49832992
0.51494468
0.5310699
0.54352562
0.55226657
0.4567081
0.46141943
0.47085656
0.48507036
0.5065397
0.52945806
0.54123438
0.54421851
0.43742578
0.44357161
0.45536434
0.47492175
0.48944394
0.49323452
0.49380438
0.49526177
0.42375837
0.4295073
0.44012317
0.44809889
0.45017354
0.44929458
0.44606615
0.44464166
0.41415408
0.41876442
0.42444667
0.42168039
0.41743151
0.41569011
0.41768074
0.42076779
0.22242221
0.21889347
0.2173789
0.21404738
0.21492382
0.2186237
0.22386612
0.22823942
0.21457354
0.21938676
0.22223625
0.22925476
0.23015919
0.22762854
0.22384643
0.22195985
0.22062637
0.21806666
0.21512486
0.21268698
0.21661043
0.22497408
0.23308912
0.23705027
0.23562049
0.23957101
0.24730782
0.25552938
0.25770471
0.2556653
0.25259598
0.25119976
0.25447231
0.25665684
0.25515616
0.25530039
0.25919917
0.2666201
0.27479118
0.27982587
0.27339183
0.27094833
0.27481003
0.2776879
0.27893975
0.27663284
0.2720103
0.26885285
0.27011709
0.27396671
0.27243361
0.27176841
0.2708963
0.2711216
0.27383099
0.27607819
0.27445932
0.27027503
0.27298273
0.27280307
0.27587515
0.27743035
0.27616821
0.27399449
0.20480672
0.19478673
0.19664115
0.20677882
0.21696873
0.2192956
0.21526362
0.21617811
0.20652042
0.20342256
0.21009145
0.20415376
0.2035201
0.20052174
0.20272924
0.20159606
0.20923798
0.20848293
0.20710219
0.2010833
0.20051873
0.20253288
0.20759906
0.21157099
0.20927562
0.20935204
0.20977148
0.20991126
0.21555688
0.21500332
0.21691828
0.21517108
0.23767555
0.23158874
0.22805161
0.22689493
0.23149079
0.23344362
0.23566094
0.23594729
0.24656553
0.2457627
0.24783132
0.24901141
0.24339802
0.24533174
0.24843572
0.25216021
0.26563621
0.26509585
0.25902458
0.25801303
0.26525533
0.26819836
0.26804564
0.26772633
0.26105253
0.2578776
0.2638715
0.26258628
0.26137238
0.25989477
0.26216577
0.26222806
0.35944662
0.36407466
0.36675082
0.36229637
0.35492865
0.34648278
0.33846762
0.33363769
0.35834952
0.36296876
0.36560331
0.3611739
0.35404487
0.34585232
0.33813036
0.33347735
0.35652596
0.36115252
0.36372453
0.35937426
0.35263202
0.34486654
0.33757548
0.33326859
0.35424455
0.35887312
0.36139878
0.35718701
0.35093488
0.3436833
0.33690798
0.33297033
0.35181179
0.35644435
0.35894538
0.35492889
0.34918522
0.3424587
0.33620332
0.33263128
0.34955823
0.35419322
0.35668655
0.35288452
0.34759339
0.34131904
0.33553419
0.33226333
0.34777652
0.35241992
0.35491175
0.35129599
0.34634416
0.34040014
0.33496949
0.3319295
0.34670262
0.35135268
0.3538482
0.35034713
0.34559331
0.33983416
0.33460918
0.33169501
0.32903713
0.33560792
0.34026275
0.33865616
0.3360951
0.33214246
0.32886727
0.32724108
0.32690174
0.33379122
0.33891443
0.33770331
0.33533991
0.33151405
0.32836784
0.32680553
0.32308826
0.33046979
0.33639855
0.33602006
0.33406349
0.33046711
0.32752201
0.32605721
0.31793774
0.32577417
0.33265353
0.33357309
0.33235835
0.32912379
0.32642132
0.32507099
0.3123426
0.32033144
0.32795588
0.33033741
0.33026509
0.32760871
0.32518825
0.32397486
0.30745711
0.31524384
0.32313208
0.32665298
0.32785797
0.32602136
0.32395264
0.32289817
0.30402984
0.31146964
0.31922146
0.32333496
0.32552876
0.32452796
0.32286285
0.32197059
0.30219929
0.30937892
0.31691502
0.32121875
0.32393558
0.32348202
0.32212854
0.3213596
0.24975414
0.24972458
0.24951429
0.24902328
0.24826698
0.24743246
0.24673587
0.24638929
0.24962449
0.24959629
0.24938697
0.24889612
0.24814224
0.24730344
0.24661157
0.24624379
0.24940953
0.24937983
0.2491754
0.24868685
0.24794145
0.24709816
0.24641818
0.24603481
0.24914362
0.24910755
0.24891281
0.24843042
0.24769936
0.246854
0.2461831
0.24580711
0.24887591
0.2488329
0.24864781
0.24817346
0.24745501
0.24660929
0.24593222
0.24557688
0.24865591
0.24860961
0.24842901
0.247959
0.24724379
0.24639508
0.24570062
0.24535736
0.24851012
0.24846305
0.24828213
0.2478109
0.24709057
0.24623476
0.24552311
0.24517952
0.24843615
0.24838894
0.24820639
0.24773208
0.24700547
0.2461428
0.24542039
0.2450728
0.28345359
0.28316209
0.28315804
0.28301618
0.28290047
0.2827767
0.28267484
0.28266526
0.28394524
0.28396577
0.28384155
0.28369866
0.2835131
0.28335879
0.28326666
0.28321412
0.28523678
0.28512016
0.2849825
0.28476961
0.28454174
0.28433942
0.28420503
0.28414667
0.28664805
0.28655365
0.28634599
0.28608087
0.28578383
0.28552957
0.28536001
0.28527337
0.28811746
0.28796472
0.28773002
0.28740988
0.28706546
0.28675952
0.28654599
0.28643635
0.28935638
0.2892104
0.28893776
0.28858753
0.28819837
0.28785009
0.28760325
0.2874736
0.29030509
0.29012804
0.28984773
0.28946996
0.28905717
0.28868241
0.28841228
0.28826474
0.29081791
0.29066521
0.29036565
0.28998713
0.28955738
0.28916544
0.28887482
0.28872428
0.2950674
0.29487575
0.29454771
0.29410426
0.29358934
0.2930973
0.29273257
0.29253578
0.2951543
0.29495952
0.29462488
0.29417349
0.29364861
0.29314468
0.29276949
0.29256662
0.29534271
0.29514599
0.29480648
0.29434483
0.29380493
0.29328405
0.29289427
0.29268248
0.29561802
0.29542777
0.29509678
0.29464
0.29409474
0.29356036
0.29315797
0.29293911
0.29588851
0.29570557
0.29538626
0.29494076
0.29439881
0.2938577
0.29344653
0.29322251
0.29611915
0.29593964
0.29562535
0.29518507
0.29464362
0.29409671
0.29367958
0.29345278
0.29629955
0.29612107
0.29580716
0.29536606
0.29482178
0.29426908
0.29384716
0.29361812
0.29640387
0.29622625
0.29591298
0.29547065
0.29492182
0.29436337
0.29393717
0.29370646
0.30029392
0.29998808
0.29946874
0.29883599
0.29823235
0.29777213
0.29746594
0.29730028
0.30042119
0.3001115
0.29959215
0.29895655
0.29835248
0.29789154
0.29758533
0.29741769
0.30058837
0.30028238
0.29976417
0.29913042
0.29852979
0.29807373
0.29777195
0.29760727
0.3007611
0.30046033
0.29994671
0.299318
0.29872746
0.29828199
0.29798844
0.29782802
0.30092639
0.30063207
0.30012205
0.29949682
0.29891754
0.29848759
0.29820561
0.29805062
0.30108549
0.30079514
0.30028561
0.29965794
0.29908535
0.29866978
0.29840103
0.29825294
0.30121925
0.30093292
0.3004221
0.29978878
0.29921743
0.29881074
0.29855077
0.29840773
0.30130477
0.30101955
0.30050738
0.29986905
0.29929696
0.29889411
0.29863831
0.29849708
0.35533443
0.36440147
0.37978793
0.39897401
0.4188957
0.43622714
0.44940358
0.45682743
0.35529928
0.36435361
0.3797102
0.39885293
0.41871738
0.43609117
0.44938173
0.45686576
0.35513842
0.3641417
0.37938075
0.39832659
0.41798687
0.43548637
0.44914105
0.45685109
0.35477366
0.3636823
0.37869723
0.39726992
0.41667637
0.43423622
0.44813557
0.45606153
0.35422799
0.36300502
0.37771943
0.3959486
0.41516469
0.4325875
0.44636703
0.45427613
0.3535933
0.36221786
0.3766633
0.3946651
0.41365297
0.43085903
0.44449318
0.45236333
0.35300572
0.36150673
0.37577069
0.39358093
0.41233369
0.42938945
0.44294258
0.45081057
0.35261943
0.36104979
0.37520497
0.39287936
0.41149108
0.42848475
0.44199648
0.44986698
0.35242448
0.36082049
0.37492067
0.39252438
0.411071
0.42804368
0.44153965
0.44941602
0.35200834
0.36033208
0.37431041
0.39176375
0.4101893
0.42713081
0.44059411
0.44848748
0.35127155
0.35946027
0.37321343
0.3904246
0.40869832
0.42561906
0.43902855
0.44694681
0.35022282
0.35821369
0.37167401
0.38863365
0.40680128
0.42371977
0.43707141
0.44502355
0.34889598
0.35666792
0.36986298
0.38665644
0.40477419
0.42168861
0.43498511
0.44296931
0.34745016
0.35505171
0.36807821
0.38479919
0.40288757
0.41979549
0.4330602
0.44106795
0.34617769
0.353682
0.36662839
0.38332026
0.40138778
0.41829338
0.43154777
0.43957107
0.345368
0.35282855
0.36574293
0.3824229
0.40048083
0.41738879
0.43063671
0.43866364
0.26691533
0.26799103
0.27448
0.29002113
0.30945735
0.32711073
0.34043424
0.34843895
0.26680534
0.26788016
0.27436417
0.28988753
0.30928744
0.3268821
0.34011894
0.34805289
0.26659846
0.26767119
0.27414638
0.28964097
0.30898187
0.32646879
0.33955078
0.34736899
0.26630548
0.26737746
0.27384027
0.28929286
0.30854493
0.32587296
0.33874631
0.34640219
0.26597567
0.26704617
0.27349097
0.28888096
0.30800332
0.32512973
0.33773226
0.34517815
0.26567031
0.26673485
0.27315916
0.28846375
0.30742978
0.32431827
0.33659574
0.34382442
0.26543259
0.26649181
0.27289542
0.28811139
0.30692979
0.32357081
0.33554949
0.34261375
0.26529059
0.26634834
0.27273544
0.28788939
0.30660761
0.32306807
0.33485977
0.34183514
0.51186825
0.5118735
0.51285817
0.51358145
0.51094916
0.51011238
0.51005864
0.50892989
0.51167485
0.51168535
0.51270178
0.51350234
0.51091821
0.51010651
0.51005762
0.50893166
0.51094925
0.51096394
0.51210624
0.51315022
0.51077046
0.51006707
0.51003989
0.50891869
0.50959016
0.50962699
0.5108966
0.51220818
0.51018234
0.50981079
0.50992696
0.50885791
0.50782861
0.50790288
0.50927998
0.51076137
0.50894075
0.50894992
0.50937054
0.50846816
0.50602556
0.50611682
0.50756098
0.50919316
0.50746793
0.50765425
0.50830526
0.50757888
0.50450702
0.50459171
0.50604075
0.50773784
0.50606589
0.50635448
0.50710982
0.50645859
0.50362739
0.5037123
0.50515547
0.50687382
0.50520856
0.50553447
0.50633633
0.50570217
0.50320318
0.50328414
0.50473768
0.50647252
0.50481842
0.50515392
0.50597941
0.50535824
0.50224007
0.5023253
0.50375857
0.50551921
0.50386063
0.5042181
0.50512178
0.50453242
0.50069574
0.5007582
0.50215939
0.50392772
0.50222292
0.50256616
0.50351403
0.50295879
0.49880319
0.49884145
0.50019233
0.50198571
0.50025181
0.5005286
0.50151075
0.50098522
0.49672306
0.49671452
0.49798321
0.49977357
0.49796591
0.49815027
0.4991384
0.49862911
0.49492911
0.49488382
0.49608578
0.49789142
0.49603909
0.4960913
0.4970691
0.49656292
0.49332927
0.49323878
0.49436573
0.49618934
0.49430688
0.49426955
0.49525667
0.49476942
0.49249329
0.49240041
0.49347185
0.49527938
0.49334504
0.49320973
0.4941677
0.49366921
0.49698735
0.49827057
0.50008632
0.50092678
0.50184676
0.50363403
0.50373238
0.50328035
0.49615564
0.49742914
0.49924763
0.50008133
0.50095507
0.50271697
0.50281833
0.5023311
0.49478368
0.49604722
0.49786496
0.49869682
0.49951436
0.50124033
0.50134246
0.50081372
0.49307115
0.49431309
0.49612757
0.49696366
0.49771117
0.4993977
0.49952023
0.4989522
0.491275
0.49248813
0.49428383
0.49510636
0.49576381
0.49738772
0.49752016
0.49690523
0.48966967
0.49084829
0.49262292
0.49344546
0.49402932
0.49560116
0.49575792
0.49513213
0.48847188
0.4896052
0.49133551
0.49212553
0.49260274
0.4940824
0.49423146
0.49356124
0.48780597
0.48891036
0.49061483
0.49138731
0.49182389
0.4932792
0.49342059
0.49273081
0.32306015
0.32998383
0.34224855
0.35853701
0.37622637
0.39257432
0.40531863
0.41281682
0.32212905
0.32903989
0.34127144
0.35752766
0.37517075
0.39148211
0.40418639
0.41167961
0.32058222
0.32746209
0.33964461
0.35584147
0.3734168
0.3896614
0.40231701
0.40973797
0.31861142
0.32545176
0.33757233
0.35369599
0.37119153
0.38736382
0.39994563
0.40730205
0.31647471
0.32326652
0.3353262
0.35137042
0.36879655
0.3848955
0.39740206
0.40467674
0.31444903
0.32120513
0.33320483
0.34918399
0.36655415
0.38260103
0.3950198
0.40227391
0.3128186
0.31954674
0.33150421
0.34743576
0.36477628
0.38078217
0.39314512
0.40033215
0.31181021
0.31852926
0.33045503
0.34637722
0.3636955
0.37969734
0.39199705
0.39924036
0.31132841
0.31802575
0.32994722
0.34584712
0.36318334
0.3791495
0.39147886
0.39856968
0.31030541
0.31699674
0.32888311
0.3447668
0.36209041
0.37806745
0.39034096
0.39748324
0.3086031
0.31526566
0.32710909
0.34295532
0.36026906
0.37622236
0.38846247
0.39552443
0.30641484
0.31304643
0.32483495
0.34065752
0.35796411
0.37390149
0.38607665
0.39309445
0.30401921
0.31061122
0.32235738
0.33816587
0.35549038
0.37142615
0.38355508
0.39048624
0.30172763
0.30829074
0.32000283
0.33581388
0.35318109
0.36913357
0.38122082
0.38808717
0.29987305
0.30641538
0.3181008
0.33393105
0.35134597
0.36732729
0.37938378
0.38619828
0.29872867
0.30526753
0.31693688
0.33278524
0.35023377
0.3662396
0.37827188
0.38504496
0.25918934
0.25970932
0.2625098
0.27004932
0.28107234
0.29231507
0.30200115
0.30820207
0.25896428
0.25946016
0.26212202
0.2693841
0.28020725
0.29136499
0.30100588
0.3071986
0.25858954
0.25904608
0.26148151
0.26828368
0.27876471
0.28977303
0.29934076
0.30550493
0.25811557
0.25852419
0.26068411
0.26690478
0.27692819
0.28773414
0.29720345
0.30333266
0.25761008
0.25796951
0.25984972
0.26544806
0.27494173
0.28550707
0.29486353
0.30095018
0.25714315
0.25745893
0.25909613
0.26411982
0.27307785
0.28339126
0.29263207
0.29867763
0.25677707
0.2570609
0.25852053
0.26309357
0.27159733
0.28168669
0.29082758
0.29683436
0.25655963
0.25682538
0.25818299
0.26248806
0.27070376
0.28064671
0.28972052
0.29570924
0.48604172
0.48762227
0.49043004
0.49629836
0.50272802
0.50638766
0.51062132
0.51407812
0.47978048
0.48132862
0.48375287
0.48915197
0.49579661
0.49970654
0.50366681
0.5068465
0.4683246
0.4699332
0.47225214
0.47627878
0.48281523
0.48757874
0.4908552
0.49389363
0.45212175
0.45351313
0.45576037
0.45890565
0.46378156
0.46924805
0.47334629
0.47583311
0.43421648
0.43471187
0.4362426
0.4386123
0.44202717
0.44650215
0.45120941
0.45479845
0.41664185
0.41683554
0.41723052
0.41843774
0.42133413
0.42547981
0.43082007
0.43499322
0.40266405
0.40222834
0.40278071
0.40318006
0.40537607
0.40937705
0.41541391
0.42098982
0.39182808
0.39290593
0.39280947
0.39434723
0.39622153
0.40046616
0.40603737
0.41091964
0.39270169
0.38985065
0.38936826
0.39085606
0.39261211
0.39380396
0.39927721
0.40593112
0.37543789
0.37555873
0.37729594
0.37845979
0.38325731
0.39154429
0.39210128
0.3910829
0.36155122
0.36081858
0.35941613
0.36253053
0.36256209
0.36394316
0.3661637
0.36670257
0.32559696
0.32821036
0.33098818
0.3332266
0.33389721
0.33007752
0.32628231
0.32482461
0.29374846
0.29531195
0.29500827
0.29167758
0.28950981
0.29055311
0.29109827
0.29072077
0.22479085
0.22795617
0.23474015
0.24420357
0.25129136
0.25568476
0.25953079
0.26118459
0.20301916
0.20768945
0.21500889
0.22304641
0.22888421
0.23177467
0.23377791
0.23365026
0.20884423
0.20818614
0.21144883
0.21449503
0.21643088
0.21946368
0.22253424
0.2249689
0.37755868
0.38485075
0.39155995
0.3922414
0.39179717
0.38971133
0.39279306
0.38999941
0.36219397
0.3745899
0.38206736
0.38274075
0.38296883
0.37803073
0.37652646
0.37471053
0.3304306
0.33614736
0.35526592
0.361289
0.36416102
0.36129122
0.36195833
0.36010217
0.27715284
0.29405504
0.31287615
0.32348953
0.33410457
0.33009989
0.3276601
0.32685021
0.21867966
0.22402152
0.23252861
0.2455691
0.25808991
0.27363027
0.2875407
0.29316173
0.21942461
0.21280674
0.21311588
0.20726649
0.20852765
0.21406897
0.2186591
0.22202057
0.20108069
0.19946927
0.20595613
0.21215666
0.21226541
0.20531764
0.20224144
0.20291439
0.19893855
0.20340575
0.19672721
0.19591275
0.20098117
0.20466431
0.20678685
0.20784023
0.26455895
0.269732
0.28086589
0.29886926
0.32009712
0.33808618
0.35029034
0.3567169
0.26309018
0.26804115
0.2789716
0.29708465
0.31868941
0.33690976
0.34916536
0.35559927
0.26073502
0.26526584
0.27575595
0.29399368
0.31627558
0.33495139
0.3473039
0.35376954
0.25796202
0.26187337
0.27160184
0.2898379
0.31305096
0.33244705
0.34496808
0.35147167
0.25531323
0.25848131
0.26711806
0.28505895
0.30930309
0.3296828
0.34247152
0.34902717
0.2532046
0.25565756
0.26303828
0.28033218
0.30546742
0.3269673
0.34013554
0.34675943
0.25179568
0.25371021
0.25997452
0.27645102
0.30215443
0.32466175
0.3382543
0.34496601
0.25105545
0.25267173
0.25823483
0.27407883
0.30003033
0.32318008
0.33709319
0.34387736
0.25072415
0.25220585
0.25742629
0.27292591
0.29896486
0.32243211
0.33651825
0.34334844
0.25009744
0.25132373
0.25584445
0.27055933
0.29670091
0.32082288
0.33530613
0.34224361
0.24920655
0.25008466
0.25350118
0.26671603
0.29275782
0.31793018
0.33318
0.34036362
0.24830011
0.2488732
0.25109219
0.26215473
0.28751295
0.31382485
0.3301958
0.33782341
0.24753022
0.24791307
0.24919814
0.25784859
0.2817379
0.30883739
0.32647341
0.33473666
0.24695232
0.24723036
0.24800022
0.25455868
0.27647113
0.30371882
0.32240591
0.33134842
0.24657334
0.2467821
0.24735085
0.25250556
0.27256837
0.29946204
0.31875882
0.32822874
0.24637567
0.24654002
0.24705139
0.25150179
0.27039135
0.29686801
0.31639602
0.32614913
0.25115007
0.25110971
0.25094296
0.25054214
0.25000687
0.24961739
0.24973111
0.25027165
0.25104711
0.25100456
0.25083269
0.25041529
0.24984064
0.24936436
0.24933315
0.24973533
0.25087477
0.25082855
0.25064947
0.25020914
0.24958014
0.24898641
0.24875218
0.24896739
0.25065151
0.25060204
0.25041499
0.249953
0.24927145
0.24857122
0.24813737
0.2481737
0.25040008
0.25035196
0.25015612
0.24967875
0.24895698
0.24818551
0.24760135
0.24748915
0.25015122
0.25010993
0.24990587
0.24941995
0.24867437
0.24786579
0.24720018
0.24697397
0.24994452
0.24991025
0.24970139
0.24921175
0.2484568
0.24763157
0.24693842
0.24663948
0.24981673
0.24978594
0.24957575
0.24908498
0.24832843
0.2474965
0.24679936
0.24646623
0.28342838
0.28343385
0.28342083
0.28338514
0.28337468
0.28328894
0.28334842
0.28302055
0.28445851
0.2844108
0.28435014
0.28428786
0.28420833
0.28414884
0.28405287
0.28409024
0.2860109
0.28595212
0.28584908
0.2857189
0.28558291
0.28543902
0.28533594
0.28522073
0.28783581
0.2877395
0.2875874
0.28739899
0.28719081
0.28699543
0.28681607
0.28673328
0.28959308
0.2894803
0.28928984
0.28904621
0.2887802
0.28851859
0.28831184
0.28816177
0.29106853
0.29093678
0.29072038
0.29044168
0.29013091
0.28983581
0.28958518
0.28944802
0.29212658
0.29198825
0.29175575
0.29145603
0.29112399
0.29079933
0.29054255
0.29036863
0.2927305
0.29258121
0.29234172
0.29203054
0.29168064
0.29135253
0.29107424
0.29092688
0.29300261
0.29285969
0.29261483
0.29229703
0.29194641
0.29160648
0.29133705
0.29115632
0.29356212
0.29340956
0.29315834
0.29283246
0.29246838
0.29212098
0.29183879
0.29167052
0.29441238
0.29425809
0.29400011
0.29366282
0.29328557
0.29292387
0.29263347
0.29245417
0.29536779
0.29521086
0.29495033
0.29460767
0.29422029
0.29384839
0.29354804
0.29336576
0.29620269
0.29605025
0.29579553
0.29545851
0.29507522
0.29470455
0.29440508
0.29422069
0.2967486
0.29659589
0.29634304
0.29600877
0.29562857
0.29526396
0.29497075
0.29479178
0.29702991
0.29687476
0.29661559
0.29627197
0.29588093
0.2955071
0.29520944
0.29502792
0.29716311
0.29700434
0.29674141
0.29639064
0.29599034
0.29560756
0.29530276
0.29511854
0.29575277
0.29548036
0.29496997
0.29442074
0.29389708
0.29350674
0.29322776
0.29308418
0.29640376
0.29607724
0.29558219
0.29500904
0.29447998
0.29407093
0.29379165
0.29363416
0.29730331
0.29700146
0.29649779
0.29591328
0.29536163
0.29493941
0.29464891
0.2944901
0.29829863
0.29799315
0.2974938
0.29689744
0.2963343
0.29590029
0.29560665
0.29544408
0.29913649
0.29884142
0.29834147
0.2977396
0.29716714
0.29673096
0.29643811
0.29627893
0.29972638
0.29942392
0.29891991
0.29830589
0.2977232
0.29727858
0.29698404
0.2968235
0.30006374
0.29976015
0.29924698
0.29862182
0.29802568
0.29757221
0.29727093
0.29710765
0.30022989
0.29991865
0.29940295
0.2987706
0.29816978
0.29771017
0.29740613
0.29723951
0.49739344
0.49728424
0.49727682
0.49699751
0.49647554
0.49752124
0.49979775
0.50153471
0.49741206
0.49730134
0.49728331
0.49699407
0.49646311
0.49749728
0.49977878
0.50153177
0.4973971
0.49729985
0.49728357
0.49698972
0.49644889
0.49740222
0.49967663
0.50132142
0.49731251
0.49719374
0.49714243
0.49683182
0.49629222
0.49712787
0.49931021
0.50078022
0.49739152
0.49721684
0.49703482
0.49659588
0.49594418
0.49663246
0.49866381
0.49995947
0.49706635
0.49697636
0.496832
0.49635435
0.49554734
0.49598176
0.49777451
0.49885442
0.4960479
0.49606923
0.4960665
0.49569023
0.49486306
0.49512419
0.49673109
0.4976912
0.49521367
0.49525571
0.49529726
0.49498204
0.4941895
0.49441055
0.49597082
0.49689931
0.49479287
0.49483838
0.49488998
0.49459536
0.49381944
0.49403293
0.49558054
0.49650314
0.49395361
0.49400021
0.49405646
0.49377323
0.49301512
0.49322134
0.49475667
0.49567561
0.49259706
0.49265329
0.49271352
0.49243536
0.4916863
0.49188034
0.49338989
0.49430226
0.49080337
0.49088007
0.49098066
0.49075679
0.49004689
0.49022764
0.49169363
0.49259085
0.48886334
0.48895784
0.48909389
0.48892315
0.48827471
0.48846993
0.48990754
0.49079761
0.48699856
0.48713108
0.48734391
0.48726776
0.48670428
0.48692088
0.48832116
0.48919748
0.48552505
0.48568818
0.48596491
0.48597907
0.48551073
0.48576927
0.48715524
0.48801324
0.48464258
0.48483615
0.4851625
0.48523568
0.48483013
0.48512324
0.48650526
0.48735469
0.45306666
0.46045343
0.47255632
0.48642937
0.49371199
0.49443638
0.49477932
0.49478345
0.45215517
0.45955559
0.47166392
0.48553757
0.49282398
0.49358026
0.49393774
0.49394252
0.45064768
0.45809129
0.47021935
0.48405528
0.49131588
0.4921406
0.49255389
0.49257936
0.44876147
0.45624735
0.46839788
0.48221877
0.48942515
0.4902879
0.49073589
0.49077585
0.44674754
0.45428465
0.46645332
0.4802326
0.48736373
0.48827628
0.48877253
0.48882716
0.44487696
0.45244668
0.46462678
0.47835824
0.48537969
0.48632119
0.48686596
0.48694531
0.44340012
0.45098687
0.46315129
0.47681735
0.48375225
0.48475065
0.48535452
0.48545724
0.44250098
0.45009387
0.46225052
0.47587393
0.4827456
0.48378098
0.48443202
0.48456075
0.48419874
0.4844093
0.48477087
0.48488856
0.48452136
0.48483192
0.48620725
0.48705472
0.48329319
0.48353162
0.48395516
0.48416245
0.48389051
0.48425608
0.48564047
0.48647353
0.4818321
0.4821234
0.48264116
0.48298044
0.48287301
0.48338536
0.48484595
0.48567989
0.47992338
0.48029507
0.48095509
0.48150577
0.4816618
0.48246247
0.48416863
0.48511883
0.47780819
0.47825473
0.4790396
0.47981087
0.48030504
0.48158461
0.48382235
0.48515284
0.47570038
0.4762057
0.47708937
0.47805454
0.47889044
0.48071166
0.48365364
0.48560744
0.4738984
0.47442186
0.47535089
0.47643863
0.47753671
0.47980089
0.48335899
0.48594618
0.47274409
0.47327573
0.47421655
0.47535717
0.47658112
0.47909102
0.48298999
0.48596826
0.4721667
0.47268524
0.47363671
0.47479521
0.47608122
0.47868774
0.48274471
0.48588375
0.47090555
0.47141671
0.47236117
0.47355088
0.47493638
0.47773551
0.48206824
0.48551568
0.46867368
0.46913536
0.47004427
0.47122384
0.47270556
0.47571271
0.48039151
0.48422534
0.46551399
0.46590163
0.46669367
0.467754
0.46921388
0.47227505
0.47717805
0.48135091
0.46169351
0.46194506
0.46252252
0.46326447
0.46446966
0.46731883
0.47225703
0.47674642
0.45768496
0.457778
0.458021
0.45822094
0.45891906
0.46127907
0.46609777
0.47092188
0.45420113
0.45408597
0.45394801
0.45354321
0.45361757
0.45541744
0.45997347
0.46507488
0.45189885
0.45169305
0.45123893
0.45041281
0.44998613
0.45142096
0.45570811
0.46107905
0.43016665
0.43764845
0.44952634
0.46260699
0.46882505
0.47052568
0.47160334
0.47194526
0.42909991
0.43658379
0.44844205
0.46144713
0.46759342
0.46931732
0.47036595
0.4707013
0.42731387
0.4347865
0.44661847
0.4594764
0.46549237
0.46721329
0.46818421
0.46847311
0.42501099
0.43246234
0.44427013
0.45689826
0.46269615
0.46433799
0.4651428
0.46535809
0.42249337
0.42990257
0.44169333
0.45400291
0.45949177
0.46093816
0.46148912
0.46157676
0.42010131
0.42746777
0.43921797
0.45116606
0.4562744
0.45744652
0.45769718
0.4576544
0.41819039
0.42550414
0.43720706
0.44881292
0.45355501
0.45443941
0.45442134
0.45421705
0.41700596
0.42431561
0.43596463
0.4473501
0.45183634
0.45253567
0.45231502
0.45205207
0.34496608
0.35240932
0.36531091
0.38198458
0.40004044
0.41695025
0.43019573
0.4382229
0.344123
0.35153608
0.36441517
0.38107657
0.39913104
0.41604879
0.42928841
0.43731509
0.34269398
0.35006741
0.36291491
0.3795581
0.3976197
0.41455271
0.42777723
0.43579312
0.34085895
0.34818935
0.36099416
0.37762005
0.39570413
0.41265258
0.42584443
0.43383333
0.33887015
0.34615565
0.35890508
0.37551612
0.39362892
0.41058088
0.42373051
0.43168109
0.33700645
0.34424768
0.35693603
0.37353571
0.39166525
0.40860592
0.42171042
0.42961488
0.33552316
0.342727
0.35536495
0.37195443
0.39008772
0.40700419
0.42006715
0.4279319
0.33462458
0.34180646
0.35441469
0.37099632
0.38912522
0.40601902
0.41905568
0.42689982
0.33418931
0.34135899
0.35395336
0.37053037
0.3886558
0.40553536
0.41856017
0.42639086
0.33328825
0.3404369
0.35300215
0.36956965
0.38768185
0.40452826
0.41752805
0.42534138
0.33179319
0.33890458
0.35142292
0.36797156
0.3860497
0.40282952
0.41579519
0.42357275
0.32990136
0.33696709
0.3494272
0.36594428
0.38395312
0.40064367
0.41357045
0.42129791
0.3278662
0.3348822
0.34728655
0.36375222
0.38166585
0.39825896
0.41113799
0.4187957
0.32595715
0.33293239
0.34528426
0.36168521
0.37950842
0.39600511
0.4088288
0.41643331
0.32443368
0.33138158
0.34368888
0.36003043
0.37778355
0.39420102
0.40698272
0.41453697
0.32350682
0.33044291
0.34271907
0.35902769
0.37673388
0.39311032
0.40585624
0.41340538
0.26357825
0.26459881
0.27043669
0.28419719
0.30029265
0.31388072
0.32434656
0.33085117
0.26344234
0.26445168
0.27022
0.28378946
0.29961724
0.31304715
0.32347611
0.32996284
0.26321263
0.26420158
0.26984098
0.28306576
0.2984584
0.31165312
0.32202945
0.32848617
0.26291192
0.26387234
0.26932328
0.28207129
0.2969417
0.3098769
0.32019164
0.32661577
0.26257287
0.26349794
0.26871511
0.28091394
0.295261
0.30795312
0.31820717
0.32460109
0.26223864
0.26312588
0.26809706
0.27976158
0.29365357
0.3061455
0.31634438
0.32271351
0.2619604
0.26281343
0.26757389
0.27880553
0.29235811
0.30470686
0.31485654
0.3212061
0.26178626
0.2626173
0.26724468
0.27821195
0.29156706
0.30383425
0.31395214
0.32029449
0.50502246
0.50465897
0.50563408
0.50810066
0.51050758
0.51216742
0.51346365
0.51451374
0.50420005
0.50386
0.50490388
0.50751896
0.51015168
0.51201477
0.51342041
0.51450939
0.502634
0.50230696
0.5034177
0.50615942
0.50903001
0.51121967
0.51290916
0.51415388
0.50065154
0.50031411
0.50147844
0.50433067
0.50737196
0.50978156
0.51174979
0.51322675
0.49826799
0.49787356
0.4990378
0.50195108
0.50514547
0.50769565
0.5098159
0.51149732
0.49618149
0.49571255
0.49681372
0.49967517
0.50289887
0.50547063
0.50760731
0.50936441
0.49437302
0.49384567
0.49491502
0.49777982
0.50105347
0.50368156
0.50587162
0.50770021
0.49325186
0.49265501
0.49366186
0.49643547
0.49967257
0.50224169
0.50440345
0.50624209
0.52771508
0.52714978
0.52877962
0.53273408
0.53723369
0.53977218
0.54135501
0.54331364
0.53631109
0.53618496
0.53852638
0.54360673
0.54944071
0.55310411
0.55557765
0.55836493
0.54428646
0.54492851
0.54833454
0.55510801
0.56313413
0.56861074
0.57282592
0.5769174
0.5444593
0.54579813
0.5497986
0.55767058
0.56720324
0.57394614
0.57942382
0.5843746
0.53961669
0.54144525
0.5456063
0.55389273
0.5639667
0.57124013
0.57679519
0.58175127
0.53240687
0.53450404
0.53857079
0.54683886
0.55774305
0.56552231
0.57089437
0.57614129
0.52447291
0.52685307
0.53079885
0.53869973
0.55051882
0.55900488
0.5644861
0.57026815
0.51873064
0.52145642
0.52543374
0.5329099
0.54533542
0.55445517
0.56020564
0.5664774
0.49219974
0.49204065
0.49311471
0.49490238
0.49297741
0.49280752
0.49372098
0.49321683
0.49138136
0.49122295
0.49224075
0.49409458
0.49218575
0.49194157
0.49288055
0.49237126
0.48988162
0.48965871
0.49057269
0.49238989
0.49045513
0.49011723
0.49105774
0.4905912
0.4890076
0.48867497
0.48940321
0.4911567
0.48917062
0.48859195
0.48940486
0.48887587
0.49100264
0.49087382
0.49152243
0.49325003
0.49146298
0.49067174
0.49145713
0.49095159
0.49740676
0.49755634
0.49861966
0.50105251
0.49966917
0.49914986
0.50031989
0.5000367
0.50563533
0.50620285
0.50819623
0.51190132
0.51132804
0.51156232
0.51352573
0.51360702
0.51088711
0.51180771
0.51451472
0.5191709
0.51940195
0.52030437
0.52297146
0.52342604
0.51315588
0.51422878
0.51728111
0.52240796
0.523089
0.52436088
0.52737345
0.52803482
0.51675965
0.5181447
0.52177781
0.52772427
0.52942927
0.53147093
0.5352577
0.53637096
0.51878143
0.52044645
0.52459464
0.53126341
0.53437779
0.53739864
0.54199773
0.54388858
0.51599978
0.5177615
0.5219539
0.52873925
0.53287478
0.53645632
0.54117276
0.54366041
0.51000845
0.51184447
0.51582587
0.52253659
0.52745199
0.5312822
0.53593566
0.53856143
0.50227066
0.50404773
0.50776063
0.51430693
0.51976306
0.52366869
0.52833653
0.53119728
0.49440695
0.49605322
0.49930425
0.50566481
0.51154433
0.51530557
0.5199484
0.52308153
0.48894469
0.49051534
0.49346366
0.49953503
0.50572405
0.50942187
0.51384673
0.51714597
0.48738054
0.49024993
0.49478247
0.4994818
0.50368205
0.50848102
0.5116644
0.5126556
0.48714817
0.49039637
0.4954324
0.50070774
0.50553212
0.51094534
0.51475354
0.51614254
0.48608751
0.48956016
0.49504278
0.50079249
0.50606989
0.51187792
0.51619689
0.518007
0.48333484
0.48683672
0.49229369
0.498026
0.50321216
0.50879093
0.5131309
0.51514136
0.47891402
0.48219727
0.48740667
0.49282725
0.4977062
0.50283548
0.50704501
0.50910199
0.47337321
0.47643832
0.48132019
0.48627982
0.49069612
0.49533404
0.49934383
0.50139314
0.46794447
0.47070607
0.47534654
0.47988401
0.48373878
0.48777643
0.49157116
0.49355047
0.46410252
0.46670693
0.47116468
0.47544679
0.47894582
0.48253768
0.48612383
0.48810368
0.45086392
0.45041758
0.44990985
0.44874613
0.44818276
0.44925767
0.45363196
0.45879914
0.44829728
0.44785466
0.44692052
0.44524826
0.44412064
0.44449228
0.44887105
0.45410658
0.44404973
0.44313371
0.44153261
0.43894595
0.43654355
0.43622837
0.43953915
0.44553367
0.43795872
0.43656316
0.43408578
0.42970151
0.42584436
0.42326523
0.42671912
0.43260128
0.43084897
0.42893001
0.42465321
0.41883224
0.411267
0.40761379
0.40891645
0.41615095
0.42339082
0.42117331
0.41461296
0.40704591
0.39531691
0.38892504
0.38899538
0.39826366
0.41663319
0.41526708
0.40541356
0.39683149
0.37952725
0.37001301
0.37093113
0.37695253
0.41063234
0.41230869
0.39896021
0.39050409
0.36761836
0.35620011
0.35639813
0.36367668
0.41069786
0.40860229
0.3962975
0.38761792
0.35979393
0.35006288
0.34619369
0.35737485
0.40437917
0.40788253
0.38812003
0.38163377
0.34692899
0.33627799
0.32999652
0.33643891
0.39978894
0.39478593
0.38003512
0.36389888
0.32467793
0.30151522
0.29615222
0.30377452
0.39042792
0.38493364
0.36946456
0.33755004
0.29297065
0.24587935
0.2427587
0.2420129
0.38281615
0.36916536
0.35579764
0.30199191
0.27220358
0.21910335
0.22429794
0.21078793
0.37114633
0.36325681
0.33386243
0.28319346
0.24800575
0.21356512
0.22559218
0.20826495
0.36161502
0.35814728
0.32257485
0.2761219
0.23197778
0.22612712
0.22640958
0.19036062
0.35804582
0.35257334
0.31982407
0.2664179
0.23344808
0.22533452
0.20940761
0.20783165
0.40206276
0.40875292
0.41870044
0.42553782
0.42540483
0.42133819
0.41698926
0.41238504
0.40081991
0.4075185
0.41721997
0.42363773
0.42292174
0.41848665
0.41341047
0.41001801
0.39886831
0.40543608
0.41473127
0.42043136
0.41881126
0.41349193
0.40728716
0.4021123
0.39636452
0.40278485
0.41160502
0.41627058
0.41354279
0.40719154
0.40001301
0.39499098
0.39376375
0.39990362
0.40825854
0.41166584
0.40789827
0.40019516
0.39192122
0.38460034
0.39119892
0.39740953
0.40486981
0.40761827
0.40234944
0.39413654
0.38471281
0.37825862
0.38924289
0.39533365
0.40232404
0.40423646
0.39818272
0.38903622
0.37858464
0.36904117
0.38816142
0.39398423
0.40086445
0.40216213
0.39569256
0.38640722
0.37459815
0.36791946
0.36035097
0.34922825
0.31512456
0.26372756
0.23925822
0.22160632
0.20192521
0.21103403
0.35884096
0.34119331
0.31724392
0.25496859
0.24159105
0.22575963
0.20410391
0.21412561
0.35085197
0.33517338
0.30810004
0.25576629
0.24366324
0.22416389
0.21276474
0.20323507
0.34479586
0.32907813
0.30269616
0.25774623
0.24697019
0.23099692
0.224073
0.21095792
0.33907218
0.32570028
0.30070937
0.26336656
0.24890033
0.24525785
0.23363801
0.23333454
0.3351388
0.32461245
0.29986876
0.26957695
0.2531336
0.25289173
0.250188
0.25072317
0.33430295
0.32322961
0.3024267
0.27356182
0.25824926
0.25648751
0.25685485
0.25712933
0.33349659
0.32310183
0.30287785
0.27691876
0.26076325
0.2591783
0.26077638
0.26183022
0.33295539
0.3230812
0.30360669
0.27825876
0.26224619
0.2603797
0.26128413
0.26325795
0.33255405
0.32298351
0.30480835
0.28124544
0.26524795
0.26265125
0.2638343
0.26554275
0.33185316
0.32313443
0.30678922
0.28611853
0.27022215
0.26671848
0.26717398
0.26875541
0.3314543
0.32348549
0.30933959
0.2915828
0.27663466
0.2717886
0.2714728
0.27216607
0.33122199
0.3241061
0.31175724
0.29666528
0.28296482
0.27718799
0.27588125
0.27593261
0.33120045
0.3247048
0.3137971
0.30054912
0.28815952
0.281836
0.27977909
0.27920449
0.3311535
0.32521303
0.31518797
0.30317631
0.29168428
0.28518201
0.28260804
0.28174767
0.33119617
0.32546465
0.31598895
0.30454616
0.29361283
0.2870048
0.28425567
0.28306549
0.37330601
0.37821808
0.38213365
0.37872048
0.36950631
0.35813014
0.34598763
0.33775263
0.37218806
0.37699085
0.38079021
0.37712315
0.36800325
0.35668424
0.34502066
0.33680207
0.37025803
0.37501754
0.37856444
0.37463039
0.36559439
0.35462802
0.34348239
0.33589431
0.36786729
0.37254994
0.37584524
0.37164199
0.36283867
0.35236497
0.34195123
0.33502103
0.36530879
0.36995762
0.37301574
0.36863647
0.36018012
0.35030217
0.34065976
0.33443967
0.36295648
0.36757797
0.37046193
0.36599652
0.3579431
0.34863927
0.33968686
0.33404024
0.36109914
0.36572164
0.36848713
0.3640072
0.35630981
0.34745686
0.33901999
0.33382097
0.35999645
0.36460752
0.36731749
0.36284589
0.35537482
0.34678877
0.33865546
0.33364663
0.29817946
0.30469875
0.31637376
0.33222009
0.34969964
0.3657047
0.37774607
0.38446709
0.29701904
0.30352972
0.31519183
0.33106523
0.34858233
0.36462338
0.3766292
0.38338398
0.29506221
0.30155215
0.31320851
0.32911919
0.34673127
0.36280635
0.37479811
0.38144849
0.29252543
0.29899385
0.31064177
0.32663051
0.34436843
0.36051952
0.37247883
0.37909661
0.2897101
0.29615397
0.30780801
0.32389562
0.34180967
0.35804215
0.3699924
0.37650633
0.28699661
0.293405
0.30507352
0.32128334
0.33938486
0.35572388
0.36765048
0.3741475
0.28476852
0.29115622
0.30283336
0.31916405
0.33744098
0.35386698
0.36580469
0.37222821
0.28340637
0.28975414
0.30145694
0.3178505
0.33626244
0.35273316
0.36468249
0.37108605
0.2827261
0.28907614
0.30076556
0.31722308
0.33567052
0.3522019
0.36411787
0.37057097
0.2813235
0.28763882
0.29934368
0.3158849
0.33447684
0.35106042
0.36300487
0.36939218
0.27894756
0.28519978
0.29691362
0.31362744
0.33246471
0.34917511
0.36112975
0.36751454
0.27587134
0.28200858
0.29371673
0.31067976
0.3298836
0.34677683
0.35876425
0.36512535
0.27249471
0.27844982
0.29010639
0.30737356
0.32705249
0.3441882
0.35621864
0.3625875
0.26930767
0.27501908
0.28655462
0.3041255
0.32434271
0.34175863
0.35384765
0.36022497
0.26678723
0.27224273
0.28360701
0.30141584
0.32213423
0.33982552
0.35196937
0.35837129
0.26528295
0.2705532
0.28177163
0.29971435
0.32076996
0.33865416
0.3508411
0.3572462
0.2541378
0.25421583
0.25463723
0.25606869
0.25999913
0.26683384
0.27441739
0.2798587
0.25397798
0.25404526
0.25441641
0.25568397
0.25927054
0.26574687
0.27312053
0.27848161
0.25372291
0.2537738
0.25406803
0.25508618
0.25812251
0.26397345
0.27095702
0.27616001
0.25341771
0.25345056
0.25365812
0.25440065
0.25678781
0.26180958
0.26821877
0.27317365
0.25310964
0.2531262
0.25325321
0.25374512
0.25550695
0.25961847
0.26531062
0.26992734
0.25283872
0.25284263
0.25290557
0.25320128
0.25445579
0.25773299
0.2626741
0.2669003
0.25263403
0.25262949
0.25264879
0.25281172
0.25371837
0.25636687
0.26067222
0.26453657
0.25251442
0.25250533
0.25250121
0.25259268
0.25331236
0.25560223
0.25951475
0.26313893
0.4075229
0.41139979
0.41067103
0.40823013
0.40681515
0.40696648
0.40682921
0.40702867
0.39230904
0.39001543
0.38796649
0.38564366
0.38432305
0.38430042
0.38546817
0.38676137
0.36288227
0.36181256
0.35886298
0.35589709
0.35366414
0.35285839
0.35433229
0.35570771
0.32673521
0.3259197
0.32554664
0.32517203
0.32508788
0.32495629
0.32541681
0.32540662
0.28989119
0.28942766
0.28975152
0.29122399
0.29246026
0.29334087
0.2936364
0.29348366
0.25984272
0.2601992
0.26137332
0.2624154
0.26330017
0.26397871
0.26402988
0.26396267
0.236543
0.23733465
0.23808156
0.23890944
0.23856373
0.23840008
0.23892655
0.23901004
0.22105755
0.22518001
0.22390151
0.22481688
0.22267373
0.22432718
0.22479021
0.2266715
0.27084179
0.27423296
0.27431744
0.27445271
0.2737945
0.2752461
0.27550869
0.27578277
0.27456045
0.27459588
0.27491786
0.27511526
0.27567187
0.27600451
0.2764527
0.27653953
0.27629581
0.27581337
0.27607059
0.27653007
0.27668215
0.27698734
0.27705727
0.27727624
0.27645775
0.27729403
0.27758263
0.27775684
0.27808567
0.27820901
0.27841478
0.27838602
0.27976477
0.27924323
0.27929041
0.27943765
0.27942433
0.2795153
0.27950854
0.27965236
0.28020139
0.28072594
0.28081195
0.28081365
0.28089193
0.28087047
0.28092075
0.28083332
0.28253049
0.28213734
0.28208709
0.28204513
0.28190057
0.28182589
0.28175489
0.28183404
0.28239728
0.28286242
0.28276576
0.28268395
0.28259372
0.28249995
0.28246196
0.28235866
0.21486086
0.21642449
0.2103535
0.21216367
0.21615904
0.21976412
0.22164891
0.22179307
0.20251092
0.20217593
0.2055217
0.20783191
0.20964375
0.21079615
0.21340964
0.21300022
0.21196074
0.2146664
0.21917194
0.22247846
0.22508464
0.22549357
0.22345266
0.22262895
0.21597705
0.21670175
0.21629307
0.21664141
0.21844655
0.22322018
0.22908073
0.2337388
0.23702807
0.23858309
0.24130875
0.24580966
0.24985645
0.253426
0.25534635
0.25380261
0.25340406
0.25630179
0.26226463
0.26774891
0.26990073
0.26995967
0.26871518
0.27260424
0.26728687
0.26694786
0.26543353
0.26513285
0.26710714
0.26932238
0.27247634
0.27024876
0.26342853
0.26415075
0.26660851
0.27032541
0.27185721
0.27252226
0.27133455
0.27546474
0.26879042
0.26921913
0.26933259
0.26980405
0.27094504
0.27068074
0.27190747
0.27292277
0.26991399
0.27037367
0.27127303
0.2722055
0.27302844
0.27387076
0.27418402
0.27441774
0.27233942
0.27263323
0.27288987
0.27341523
0.27400285
0.27456051
0.27497818
0.27490242
0.27509425
0.27526388
0.27572457
0.27615225
0.27657149
0.2768785
0.27716748
0.27765391
0.27766907
0.27778246
0.2778611
0.27809547
0.27836923
0.2786843
0.27885
0.27863687
0.28010989
0.28016536
0.28035166
0.28049946
0.28062836
0.28067148
0.28074062
0.2810547
0.28189574
0.2818951
0.28185488
0.2818861
0.28194724
0.28204776
0.28208737
0.2818189
0.28296327
0.28295566
0.28299067
0.28300762
0.28297208
0.28295213
0.28284973
0.28326433
0.26146737
0.26722392
0.26377986
0.26503095
0.26458023
0.26658134
0.26800471
0.26809938
0.26945337
0.26727006
0.26727125
0.26882343
0.26894526
0.2684213
0.26892714
0.26960089
0.26966519
0.27166787
0.27140738
0.27011938
0.27064393
0.27176471
0.27239721
0.27243001
0.27598102
0.27384229
0.27369936
0.27455625
0.27469255
0.27442657
0.27455484
0.27484271
0.27765916
0.27848895
0.27787359
0.277045
0.27701677
0.27751821
0.27771358
0.27774767
0.28173412
0.28030854
0.28006381
0.2802814
0.28018418
0.27991768
0.27989059
0.27998249
0.28293599
0.2832166
0.28260286
0.28195861
0.28183975
0.28195853
0.28198026
0.28197265
0.28499105
0.28382751
0.2834825
0.28342077
0.28317644
0.28299807
0.28288276
0.28288262
0.33112593
0.32562431
0.31631574
0.30520845
0.29445251
0.28788566
0.28495858
0.2838327
0.3311332
0.32586483
0.31701168
0.30642673
0.29613665
0.28953532
0.28646865
0.28508893
0.33106169
0.32622714
0.31802508
0.30823916
0.29861706
0.29204039
0.28875422
0.28714278
0.33095114
0.32656445
0.31908807
0.31017517
0.30129508
0.29480434
0.29134064
0.28948574
0.33076967
0.32678881
0.31996812
0.31186396
0.30367896
0.29734589
0.29376516
0.29175066
0.33054978
0.32687276
0.32057357
0.31310443
0.30549213
0.29936134
0.29573506
0.29361508
0.33031598
0.32685707
0.3209185
0.31388174
0.30666637
0.30072088
0.29711263
0.29495457
0.3301542
0.32680546
0.32107526
0.31426866
0.30727348
0.30143925
0.29786919
0.29567465
0.33005679
0.32677401
0.32113291
0.31444004
0.30753867
0.30176387
0.29820953
0.29603489
0.32985784
0.32667783
0.32122774
0.31474899
0.30804075
0.30237294
0.29887807
0.29669468
0.32946354
0.32645538
0.32129232
0.3151599
0.30873657
0.30324031
0.29984908
0.29769656
0.32888106
0.32606592
0.32122869
0.31551112
0.30942258
0.30411723
0.30085768
0.29875927
0.32816957
0.32554672
0.32101858
0.3157121
0.30997263
0.30485487
0.30170971
0.2996619
0.32744685
0.32499736
0.32073181
0.31577259
0.31034077
0.30538908
0.30232628
0.30029431
0.32683801
0.32452851
0.32045563
0.31575532
0.3105413
0.30571154
0.30269704
0.30066917
0.32645737
0.32423198
0.32026899
0.31572043
0.31062625
0.30586184
0.30287118
0.30084512
0.34617733
0.35083635
0.35333319
0.34988986
0.34522807
0.33955785
0.33442506
0.33158217
0.34509508
0.34977064
0.35227878
0.34895022
0.34447822
0.33897928
0.33403711
0.33131474
0.34326798
0.34799962
0.35054692
0.34740564
0.34323521
0.33800543
0.33335122
0.33083081
0.3408458
0.34572261
0.3483925
0.34547518
0.34166959
0.33675279
0.33242714
0.33014151
0.33796007
0.34314033
0.34610209
0.34342631
0.33999588
0.33538895
0.33138764
0.32933445
0.33482938
0.34046452
0.3439215
0.34153063
0.33844005
0.33410181
0.33039499
0.32853208
0.33195003
0.33805337
0.34207929
0.3400268
0.33720648
0.33307194
0.32959599
0.32786502
0.33002408
0.33643921
0.34087836
0.3391082
0.33645945
0.33244655
0.32910726
0.327447
0.32626766
0.32408481
0.32017256
0.31569722
0.31065794
0.30592307
0.30294247
0.30091997
0.32587163
0.32377285
0.31996227
0.31563551
0.31070483
0.30602501
0.30306591
0.30105053
0.32519321
0.32323053
0.31957776
0.31549158
0.31072825
0.30612737
0.30320904
0.30122075
0.32430004
0.32249563
0.31902929
0.31523289
0.31066252
0.30615523
0.30331336
0.30138354
0.32329832
0.32164373
0.31836838
0.31485754
0.31047634
0.30609182
0.303378
0.30153336
0.32231147
0.32079404
0.31769053
0.31441894
0.31020971
0.30598762
0.30343066
0.30167632
0.32146712
0.32007788
0.31711439
0.31401826
0.30996235
0.30590724
0.30348837
0.30179838
0.32091722
0.31962109
0.31675146
0.31376127
0.30981376
0.30587038
0.30353574
0.30187806
0.32063542
0.31939136
0.31657146
0.31363508
0.30974538
0.30585734
0.30356241
0.3019194
0.32002019
0.31889714
0.31619423
0.31337841
0.30961897
0.30584296
0.30362504
0.30201095
0.31886444
0.31800253
0.31555529
0.31299222
0.30947695
0.30586836
0.30375201
0.30217482
0.3171345
0.31670237
0.314745
0.31264781
0.30947406
0.30601698
0.30397424
0.30239149
0.31510009
0.31516287
0.31390639
0.31249989
0.30971395
0.30632781
0.30429843
0.30263424
0.3134612
0.31388816
0.3132484
0.31249862
0.31006359
0.30667807
0.30460334
0.30283186
0.31267162
0.3132547
0.31292491
0.31251899
0.31028103
0.30688769
0.30476052
0.30292468
0.3124925
0.313108
0.31285063
0.31252491
0.31033493
0.30694112
0.30479695
0.30294496
0.30137938
0.30842508
0.3158266
0.32017504
0.32311542
0.32292966
0.32174447
0.32104523
0.29983429
0.30659643
0.3136728
0.31801705
0.32134419
0.32169669
0.32088697
0.32034967
0.29769165
0.30399079
0.31044318
0.31452756
0.31824362
0.31939722
0.31924953
0.31903404
0.29567068
0.3014547
0.30710796
0.31055645
0.3143206
0.31621638
0.31685916
0.31707456
0.29421092
0.29958264
0.30451813
0.30719038
0.3106147
0.31292844
0.31422055
0.31483549
0.29338383
0.29851475
0.30300498
0.30510661
0.30811689
0.31055791
0.31220303
0.31306715
0.29304556
0.29808283
0.30238994
0.30424612
0.30702988
0.30948436
0.31124896
0.31220538
0.29297185
0.29799081
0.30225852
0.30406621
0.30679379
0.30924716
0.31103215
0.3120078
0.24628764
0.24642915
0.24692474
0.25107523
0.26939248
0.295615
0.3152122
0.3250884
0.24612192
0.24621342
0.2466932
0.25031272
0.2674662
0.293068
0.31271387
0.32280363
0.24588795
0.2458922
0.24636784
0.24935292
0.26469452
0.28903239
0.30847299
0.31877868
0.2456452
0.24554822
0.24600816
0.24855426
0.26197054
0.28446578
0.30318079
0.31347523
0.24541384
0.24524272
0.24564758
0.24800995
0.25993245
0.28043283
0.29796043
0.30789964
0.24519795
0.24499453
0.24532907
0.24763784
0.25868211
0.27755323
0.29381767
0.30319134
0.24502122
0.24480889
0.24509147
0.24737703
0.25800066
0.27583662
0.29112898
0.29997853
0.24491366
0.24469904
0.24495507
0.24722538
0.25767898
0.27501046
0.289764
0.29829266
0.24486169
0.24464629
0.2448908
0.24715286
0.25754076
0.27465913
0.28916839
0.29754479
0.24475655
0.24453906
0.24476268
0.24700573
0.25728502
0.27402499
0.28807198
0.29614561
0.24459195
0.24436873
0.24456398
0.24677154
0.25692519
0.27319609
0.28660505
0.29422839
0.24441208
0.24417672
0.24434278
0.24650393
0.25655216
0.27244478
0.28527107
0.29244477
0.24426547
0.24401421
0.24415334
0.24627108
0.25623874
0.27190046
0.28432853
0.29117541
0.2441769
0.24391377
0.24403243
0.24612199
0.25603682
0.27158646
0.28379723
0.29046452
0.24414024
0.24387199
0.2439804
0.24605817
0.25594895
0.27145826
0.28358052
0.29017799
0.24413233
0.24386301
0.24396895
0.2460443
0.25592951
0.27143085
0.28353352
0.29011697
0.24840415
0.2483569
0.24817324
0.24769683
0.24696642
0.24609972
0.24537204
0.24502182
0.24834617
0.24829879
0.24811236
0.24763054
0.24689102
0.24601464
0.2452762
0.24491924
0.2482724
0.2482244
0.24803247
0.24753935
0.2467822
0.2458867
0.24513049
0.24476055
0.24821271
0.24816338
0.24796449
0.24745572
0.24667528
0.2457535
0.24497512
0.24458877
0.24817847
0.24812753
0.2479226
0.24739941
0.24659725
0.24565031
0.24484993
0.2444488
0.2481634
0.24811134
0.24790278
0.24737079
0.24655444
0.24559101
0.24477489
0.24436356
0.24815806
0.24810573
0.24789586
0.2473602
0.24653776
0.2455673
0.24474408
0.24432767
0.24815696
0.24810462
0.2478945
0.24735802
0.24653424
0.24556227
0.24473745
0.24431986
0.29109467
0.29090742
0.29061831
0.29022519
0.28979235
0.2893899
0.28910182
0.28894247
0.29158019
0.29140754
0.29110446
0.29070696
0.2902602
0.28984699
0.28954173
0.2893766
0.29236947
0.29218522
0.29187582
0.29146474
0.29100278
0.29057059
0.29025037
0.29007445
0.29327423
0.29308731
0.29276547
0.29233904
0.29185627
0.29140367
0.2910669
0.29088259
0.29413095
0.29394044
0.29361495
0.29317762
0.29267822
0.29220574
0.29185369
0.29166047
0.29470278
0.29451797
0.29419773
0.29376553
0.2932669
0.29279343
0.29244068
0.29224812
0.29493949
0.29475297
0.29443283
0.29399924
0.29349779
0.29302086
0.29266814
0.29247751
0.29502681
0.29483821
0.29451263
0.29407285
0.29356238
0.293076
0.29271651
0.29252272
0.29645272
0.29627495
0.29596154
0.29551916
0.2949682
0.29440629
0.29397794
0.29374583
0.29654595
0.29636786
0.29605307
0.29560975
0.29505541
0.29448664
0.29405276
0.29381846
0.29668249
0.29650283
0.2961834
0.29573563
0.29517509
0.2945951
0.29415228
0.29391374
0.29684355
0.29666012
0.29633242
0.29587934
0.29531184
0.29471762
0.29426297
0.2940193
0.29697734
0.29679568
0.29646013
0.29600107
0.29542996
0.29482109
0.29435485
0.29410644
0.2970405
0.29686445
0.29652909
0.29606322
0.29548854
0.29486621
0.29438783
0.29413632
0.2970779
0.29690148
0.29656657
0.29609809
0.2955259
0.29488767
0.29440555
0.29415438
0.29709439
0.29691613
0.29657966
0.29611073
0.2955406
0.29489571
0.29441441
0.29416365
0.29722031
0.29706277
0.29679766
0.29644448
0.2960402
0.29565329
0.29534562
0.29515805
0.29733929
0.29717928
0.29691239
0.29655504
0.29614479
0.29575155
0.29543823
0.29524796
0.29752927
0.2973715
0.2971056
0.29674751
0.29633561
0.29594128
0.29562758
0.29543644
0.29775272
0.2975992
0.29734037
0.29698837
0.29658209
0.29619677
0.29589316
0.29570882
0.29797706
0.29782698
0.29757163
0.29722361
0.29682275
0.29644593
0.2961527
0.29597549
0.29818273
0.29803766
0.29778654
0.29743739
0.29703648
0.29666524
0.29637809
0.29620458
0.29833957
0.29819916
0.29795465
0.29760815
0.29720509
0.29683685
0.29655514
0.29638401
0.29843026
0.29829157
0.29804961
0.29770574
0.29730326
0.29693627
0.29665741
0.29648795
0.29847318
0.29833494
0.29809403
0.2977505
0.29734819
0.29698293
0.29670552
0.29653638
0.29855938
0.29842193
0.29818248
0.29784002
0.29743565
0.29707126
0.2967975
0.29662975
0.29870009
0.29856329
0.29832423
0.29798079
0.29757228
0.29720481
0.29693279
0.29676616
0.29886636
0.29872771
0.29849039
0.298146
0.29772856
0.29735998
0.29709337
0.29692807
0.29902249
0.29887777
0.29863814
0.29829779
0.29786682
0.29747796
0.2972148
0.29705835
0.29912622
0.29897575
0.2987282
0.298393
0.29796978
0.29756233
0.29727879
0.29711983
0.29916343
0.29901521
0.29876319
0.29842311
0.29800756
0.29760762
0.29732491
0.29716039
0.29916824
0.29902147
0.29877177
0.29843566
0.29800602
0.29760785
0.29734051
0.29717829
0.30134713
0.30106325
0.30054963
0.29990852
0.29933544
0.29893429
0.29867995
0.29854006
0.30144136
0.30115694
0.3006391
0.29999037
0.29941476
0.29901659
0.29876519
0.29862576
0.30160723
0.30132255
0.30079573
0.30013194
0.29954985
0.29915335
0.29890415
0.29876605
0.30182229
0.3015326
0.30098636
0.30030371
0.2997198
0.29932799
0.29907634
0.29893399
0.30206024
0.3017574
0.30116234
0.3004473
0.29986875
0.29949049
0.29924018
0.29909291
0.30227541
0.30195672
0.30128891
0.30053007
0.2999563
0.29959223
0.29934623
0.2991969
0.30239558
0.30206649
0.30134535
0.30055952
0.29998628
0.29962885
0.29938833
0.29923493
0.30242562
0.3020928
0.30135684
0.30056498
0.29999107
0.29963417
0.29939502
0.2992396
