FiniteElementSpace
FiniteElementCollection: L2_2D_P7
VDim: 1
Ordering: 0

1.0000014
1.0000117
1.0000027
1.000011
0.99999807
1.0000221
0.99999166
1.0000672
1.0000014
1.0000117
1.0000027
1.000011
0.99999807
1.0000221
0.99999166
1.0000672
1.0000014
1.0000117
1.0000027
1.000011
0.99999807
1.0000221
0.99999166
1.0000672
1.0000014
1.0000117
1.0000027
1.000011
0.99999807
1.0000221
0.99999166
1.0000672
1.0000014
1.0000117
1.0000027
1.000011
0.99999807
1.0000221
0.99999166
1.0000672
1.0000014
1.0000117
1.0000027
1.000011
0.99999807
1.0000221
0.99999166
1.0000672
1.0000014
1.0000117
1.0000027
1.000011
0.99999807
1.0000221
0.99999166
1.0000672
1.0000014
1.0000117
1.0000027
1.000011
0.99999807
1.0000221
0.99999166
1.0000672
0.50628006
0.52181047
0.51026689
0.50848648
0.27630126
0.10208447
0.10601043
0.096576864
0.50628006
0.52181047
0.5102669
0.50848648
0.27630126
0.10208447
0.10601043
0.096576864
0.50628007
0.52181048
0.51026689
0.50848648
0.27630126
0.10208447
0.10601043
0.096576864
0.50628006
0.52181046
0.5102669
0.50848648
0.27630126
0.10208447
0.10601043
0.096576864
0.50628007
0.52181049
0.51026689
0.50848648
0.27630126
0.10208447
0.10601043
0.096576865
0.50628006
0.52181045
0.51026691
0.50848648
0.27630126
0.10208447
0.10601043
0.096576863
0.50628008
0.52181052
0.51026688
0.50848649
0.27630126
0.10208447
0.10601043
0.096576867
0.50628004
0.52181038
0.51026691
0.50848644
0.27630125
0.10208446
0.10601043
0.096576856
1.0000014
1.0000117
1.0000028
1.000011
0.99999814
1.000022
0.99999188
1.0000666
1.0000014
1.0000118
1.0000027
1.000011
0.99999805
1.0000222
0.99999161
1.0000675
1.0000014
1.0000118
1.0000028
1.000011
0.9999981
1.0000222
0.99999176
1.0000671
1.0000014
1.0000118
1.0000028
1.000011
0.9999981
1.0000222
0.99999168
1.0000674
1.0000014
1.0000117
1.0000028
1.000011
0.99999809
1.0000221
0.9999917
1.0000671
1.0000013
1.0000118
1.0000027
1.000011
0.99999806
1.0000222
0.99999163
1.0000674
1.0000014
1.0000118
1.0000027
1.000011
0.9999981
1.0000221
0.99999176
1.0000669
1.0000013
1.0000118
1.0000027
1.0000111
0.999998
1.0000224
0.99999138
1.0000686
0.50632976
0.52179174
0.51032702
0.50842199
0.27628732
0.10210914
0.1060306
0.096574744
0.5062218
0.52181056
0.5102124
0.50850411
0.27626188
0.10205716
0.10600335
0.096581081
0.5064001
0.52181476
0.51031434
0.5084656
0.27632419
0.10210458
0.10601416
0.096573046
0.50620989
0.5219021
0.510282
0.50855281
0.2763007
0.10206888
0.10600784
0.096580995
0.50654415
0.52185778
0.51042612
0.50855049
0.27635921
0.10210836
0.10601704
0.096576475
0.50608203
0.52199329
0.51030155
0.50873542
0.27648228
0.1020777
0.10601139
0.096588591
0.50699536
0.52180048
0.51048794
0.50819855
0.27649369
0.10233344
0.10611939
0.096610759
0.50512128
0.5230689
0.51104765
0.50936698
0.27534401
0.1018637
0.10655896
0.097080579
1.0000121
1.0000082
1.0000078
1.0000089
0.99999943
1.0000222
1.0000026
1.0001053
1.0000121
1.0000082
1.0000078
1.0000089
0.99999936
1.0000223
1.0000024
1.0001061
1.0000121
1.0000082
1.0000078
1.0000089
0.99999938
1.0000223
1.0000025
1.0001058
1.0000121
1.0000082
1.0000078
1.0000089
0.99999937
1.0000223
1.0000024
1.0001059
1.0000121
1.0000082
1.0000078
1.0000089
0.99999938
1.0000223
1.0000025
1.0001058
1.0000121
1.0000082
1.0000078
1.0000089
0.99999937
1.0000223
1.0000024
1.0001059
1.0000121
1.0000082
1.0000078
1.0000089
0.99999938
1.0000223
1.0000025
1.0001058
1.0000121
1.0000082
1.0000078
1.0000089
0.99999936
1.0000223
1.0000024
1.000106
0.30110097
0.30124297
0.30068035
0.30228068
0.30462004
0.30466846
0.30624902
0.30781248
0.30090476
0.30124644
0.3006689
0.30228153
0.30467783
0.30478417
0.30623203
0.30781917
0.30097444
0.30124497
0.30066499
0.30228465
0.30465949
0.30470626
0.30624227
0.30786521
0.30092852
0.30123894
0.3006578
0.30227207
0.30465012
0.30474006
0.30623415
0.30782967
0.30095505
0.30123903
0.30066049
0.30227627
0.30465256
0.30471378
0.30623235
0.30784693
0.30093748
0.30124002
0.30065638
0.30227152
0.30464485
0.30472733
0.30623358
0.30783515
0.30094639
0.3012342
0.30065981
0.30227076
0.30465096
0.30471917
0.30622862
0.30784162
0.30093807
0.3012426
0.30064728
0.30227241
0.30463077
0.30472034
0.30622088
0.30781405
1.0009348
1.001004
0.99951902
1.0009588
0.9998322
1.0033847
0.97675761
0.93435563
1.0009348
1.001004
0.99951902
1.0009588
0.9998322
1.0033847
0.97675761
0.93435563
1.0009348
1.001004
0.99951902
1.0009588
0.9998322
1.0033847
0.97675761
0.93435563
1.0009348
1.001004
0.99951902
1.0009588
0.9998322
1.0033847
0.97675761
0.93435563
1.0009348
1.001004
0.99951902
1.0009588
0.9998322
1.0033847
0.97675761
0.93435563
1.0009348
1.001004
0.99951902
1.0009588
0.9998322
1.0033847
0.97675761
0.93435563
1.0009348
1.001004
0.99951902
1.0009588
0.9998322
1.0033847
0.97675762
0.93435562
1.0009348
1.001004
0.99951902
1.0009588
0.9998322
1.0033847
0.97675761
0.93435565
1.0009348
1.0010039
0.99951903
1.0009588
0.9998322
1.0033846
0.97675746
0.93435524
1.0009347
1.001004
0.99951901
1.0009588
0.9998322
1.0033848
0.9767577
0.93435589
1.0009348
1.001004
0.99951904
1.0009588
0.99983224
1.0033847
0.97675764
0.93435551
1.0009347
1.001004
0.99951902
1.0009589
0.99983221
1.0033848
0.97675768
0.93435585
1.0009349
1.001004
0.99951906
1.0009588
0.99983228
1.0033847
0.97675775
0.93435559
1.0009346
1.001004
0.99951899
1.0009589
0.99983216
1.0033848
0.97675763
0.93435591
1.000935
1.0010039
0.99951912
1.0009588
0.99983236
1.0033848
0.97675802
0.9343555
1.0009339
1.0010042
0.99951877
1.000959
0.99983196
1.0033848
0.97675647
0.93435594
1.0000014
1.0000117
1.0000027
1.000011
0.99999807
1.0000221
0.99999167
1.0000672
1.0000014
1.0000117
1.0000027
1.000011
0.99999807
1.0000221
0.99999166
1.0000672
1.0000014
1.0000117
1.0000027
1.000011
0.99999807
1.0000221
0.99999167
1.0000672
1.0000014
1.0000118
1.0000027
1.000011
0.99999807
1.0000221
0.99999166
1.0000672
1.0000014
1.0000117
1.0000027
1.000011
0.99999807
1.0000221
0.99999167
1.0000672
1.0000014
1.0000118
1.0000027
1.000011
0.99999807
1.0000221
0.99999166
1.0000672
1.0000014
1.0000117
1.0000027
1.000011
0.99999807
1.0000221
0.99999167
1.0000672
1.0000014
1.0000118
1.0000027
1.000011
0.99999806
1.0000222
0.99999162
1.0000674
0.10024497
0.10001006
0.10003461
0.10000611
0.10000262
0.10000077
0.099995363
0.10001426
0.10024497
0.10001006
0.10003461
0.10000611
0.10000262
0.10000077
0.099995363
0.10001426
0.10024497
0.10001006
0.10003461
0.10000611
0.10000262
0.10000077
0.099995363
0.10001426
0.10024497
0.10001006
0.10003461
0.10000611
0.10000262
0.10000077
0.099995363
0.10001426
0.10024497
0.10001006
0.10003461
0.10000611
0.10000262
0.10000077
0.099995363
0.10001426
0.10024497
0.10001006
0.10003461
0.10000611
0.10000262
0.10000077
0.099995363
0.10001426
0.10024497
0.10001006
0.10003461
0.10000611
0.10000262
0.10000077
0.099995363
0.10001426
0.10024498
0.10001006
0.10003461
0.10000611
0.10000262
0.10000077
0.099995363
0.10001426
0.10024497
0.10001007
0.10003461
0.10000611
0.10000262
0.10000077
0.099995363
0.10001426
0.10024498
0.10001006
0.10003461
0.10000611
0.10000262
0.10000077
0.099995363
0.10001426
0.10024497
0.10001006
0.10003461
0.10000611
0.10000262
0.10000077
0.099995363
0.10001426
0.10024498
0.10001006
0.10003461
0.10000611
0.10000262
0.10000077
0.099995363
0.10001426
0.10024498
0.10001006
0.10003461
0.10000611
0.10000262
0.10000077
0.099995364
0.10001426
0.10024498
0.10001006
0.10003461
0.10000611
0.10000262
0.10000077
0.099995363
0.10001426
0.10024497
0.10001007
0.10003461
0.10000612
0.10000262
0.10000077
0.099995364
0.10001426
0.100245
0.10001005
0.10003462
0.10000611
0.10000262
0.10000077
0.099995364
0.10001427
0.506281
0.52181076
0.51026485
0.50848611
0.27630122
0.10208442
0.10601032
0.096576876
0.50627937
0.5218103
0.5102675
0.50848621
0.27630114
0.10208451
0.10601045
0.09657686
0.50628065
0.52181051
0.51026666
0.5084869
0.27630134
0.10208444
0.10601042
0.096576861
0.50627989
0.52181099
0.51026727
0.5084861
0.27630126
0.1020845
0.10601044
0.096576877
0.50628085
0.52181024
0.51026711
0.50848748
0.27630147
0.10208446
0.10601043
0.096576858
0.50627993
0.52181206
0.51026737
0.50848584
0.27630151
0.10208457
0.10601048
0.096576936
0.50628191
0.52181004
0.51026943
0.50848948
0.2763024
0.10208452
0.10601047
0.096576855
0.5062751
0.52180864
0.51025968
0.50848159
0.27629964
0.10208603
0.1060103
0.096576554
1.0009415
1.0010011
0.99952113
1.0009571
0.99983548
1.0033814
0.97676915
0.93432639
1.0009323
1.0010055
0.99951869
1.0009608
0.99983281
1.0033908
0.97675807
0.93437565
1.0009379
1.0010041
0.99952164
1.0009604
0.99983856
1.0033897
0.9767702
0.93435233
1.0009328
1.0010058
0.99951915
1.0009628
0.99983476
1.0033934
0.9767603
0.93437677
1.0009376
1.0010035
0.9995219
1.0009586
0.99983814
1.0033871
0.97677027
0.93434266
1.0009315
1.0010075
0.99951814
1.0009645
0.99983451
1.0033959
0.97675747
0.93439718
1.0009421
1.0010004
0.99952445
1.0009596
0.99985165
1.0033951
0.97681391
0.9343576
1.0009153
1.0010208
0.99951054
1.0009898
0.99983442
1.0034703
0.97675676
0.9346725
1.0012766
1.0008059
0.99964694
1.0009731
1.0000562
1.0021581
0.968572
0.9227139
1.0013391
1.0007791
0.99966556
1.0009782
1.0000972
1.002022
0.96699475
0.91992296
1.0014244
1.0007562
0.99962845
1.0010322
1.0000507
1.0020801
0.96480893
0.91678778
1.0015242
1.0007444
0.99961099
1.0010597
1.0000072
1.0020056
0.96337317
0.91422252
1.0015628
1.0007827
0.99959262
1.0010886
1.0000111
1.0018883
0.96268686
0.91284736
1.0015787
1.0008092
0.99960885
1.0010864
1.0000495
1.0019426
0.96254693
0.91247145
1.001572
1.0008193
0.99962147
1.0010858
1.0000468
1.001961
0.96258091
0.9123895
1.001555
1.0008227
0.99961114
1.0011051
1.0000165
1.0019829
0.96253758
0.91261909
1.0000073
1.0000095
1.0000055
1.0000094
0.99999894
1.0000216
0.99999648
1.0000842
1.0000087
1.0000088
1.000006
1.000009
0.99999911
1.0000217
0.99999763
1.0000911
1.0000103
1.0000081
1.0000067
1.0000083
0.99999947
1.0000216
0.99999951
1.0000961
1.0000115
1.000008
1.0000071
1.0000082
0.99999913
1.0000222
1.0000012
1.0001019
1.000012
1.0000081
1.0000075
1.0000085
0.99999909
1.0000221
1.0000023
1.000105
1.0000121
1.0000082
1.0000077
1.0000087
0.99999924
1.0000222
1.0000024
1.000106
1.0000121
1.0000082
1.0000078
1.0000088
0.9999993
1.0000223
1.0000026
1.0001057
1.000012
1.0000082
1.0000077
1.0000089
0.99999925
1.0000223
1.0000022
1.0001071
0.10024488
0.10000974
0.10003469
0.10000602
0.10000266
0.10000067
0.099995424
0.10001404
0.10024458
0.10001018
0.1000345
0.10000616
0.10000256
0.1000008
0.09999531
0.10001434
0.10024561
0.10000991
0.10003471
0.10000607
0.10000267
0.10000073
0.099995415
0.10001418
0.10024412
0.10001028
0.10003451
0.10000618
0.10000256
0.10000082
0.099995307
0.10001437
0.10024633
0.10000987
0.10003478
0.10000605
0.1000027
0.10000071
0.099995455
0.10001413
0.10024347
0.10001082
0.1000345
0.10000629
0.10000255
0.10000092
0.099995278
0.10001453
0.10024976
0.10000982
0.10003529
0.10000595
0.10000296
0.10000063
0.09999569
0.10001393
0.10023419
0.10001198
0.10003267
0.100007
0.10000175
0.10000127
0.099994428
0.1000155
0.10001217
0.099920162
0.10004713
0.10001054
0.10002461
0.099994896
0.10001312
0.099951991
0.10046031
0.099898944
0.10005261
0.10001258
0.10003278
0.099991976
0.10002687
0.099972698
0.10084689
0.099944942
0.1000438
0.10002102
0.10003263
0.099997892
0.10002002
0.10000119
0.10121271
0.10003245
0.10002618
0.10003681
0.10002613
0.10001144
0.1000043
0.10002539
0.10137265
0.10008816
0.10002253
0.10004415
0.10002392
0.10001834
0.099995629
0.10003377
0.10145162
0.10010951
0.10002213
0.10004773
0.10002374
0.10002016
0.099993644
0.10003643
0.10146496
0.10011163
0.10002418
0.10004706
0.10002409
0.10001986
0.099993074
0.10003624
0.10144941
0.1001147
0.10002099
0.10004794
0.10002274
0.10002001
0.099992089
0.10003738
0.28455797
0.28978441
0.31758815
0.30583797
0.30111331
0.31540688
0.3308206
0.32074438
0.29681667
0.2848539
0.28864636
0.29963309
0.30528561
0.29276712
0.28444796
0.27305072
0.28831205
0.28972987
0.28795467
0.28095742
0.27907319
0.27885676
0.27406705
0.27212555
0.29527408
0.29733745
0.29447859
0.29276654
0.28872769
0.28532601
0.28413243
0.28351491
0.30305795
0.2988487
0.29572481
0.29371099
0.29393165
0.29287811
0.29131282
0.29132606
0.2976979
0.29948498
0.298539
0.29842372
0.29769563
0.29741054
0.29886188
0.30045832
0.30115646
0.29794741
0.29754358
0.29829259
0.30104897
0.30251307
0.30296458
0.30365663
0.29641779
0.30011081
0.29929024
0.30087145
0.30207198
0.30154227
0.30418952
0.30636506
1.0015923
1.0007979
0.9996314
1.0010812
1.0000399
1.0018872
0.96254863
0.91250133
1.0015861
1.0008011
0.99962934
1.0010841
1.0000354
1.001891
0.96253674
0.91253447
1.0015882
1.0008001
0.99962967
1.0010826
1.0000357
1.0018876
0.96253825
0.91252201
1.0015866
1.0008005
0.99962909
1.0010831
1.0000348
1.0018883
0.96253514
0.91252718
1.0015876
1.0008002
0.99962959
1.0010828
1.0000354
1.0018877
0.96253702
0.91252329
1.0015869
1.0008004
0.99962929
1.0010832
1.0000351
1.0018883
0.96253556
0.91252607
1.0015877
1.0008002
0.9996296
1.0010828
1.0000355
1.001888
0.96253693
0.91252357
1.0015861
1.0008005
0.99962888
1.0010832
1.0000345
1.0018884
0.96253457
0.91252799
1.0015873
1.0008001
0.99962929
1.0010827
1.0000349
1.0018874
0.96253568
0.91252371
1.0015872
1.0008002
0.99962925
1.0010828
1.0000348
1.0018876
0.96253563
0.91252434
1.0015872
1.0008002
0.99962926
1.0010828
1.0000348
1.0018875
0.96253561
0.91252415
1.0015872
1.0008002
0.99962925
1.0010828
1.0000348
1.0018875
0.9625356
0.9125242
1.0015872
1.0008002
0.99962926
1.0010828
1.0000348
1.0018875
0.9625356
0.91252416
1.0015872
1.0008002
0.99962925
1.0010828
1.0000348
1.0018875
0.9625356
0.91252419
1.0015872
1.0008002
0.99962926
1.0010828
1.0000348
1.0018875
0.96253561
0.91252416
1.0015872
1.0008002
0.99962924
1.0010828
1.0000348
1.0018875
0.96253557
0.91252419
1.0000121
1.0000082
1.0000078
1.0000089
0.99999938
1.0000223
1.0000025
1.0001059
1.0000121
1.0000082
1.0000078
1.0000089
0.99999937
1.0000223
1.0000025
1.0001059
1.0000121
1.0000082
1.0000078
1.0000089
0.99999937
1.0000223
1.0000025
1.0001059
1.0000121
1.0000082
1.0000078
1.0000089
0.99999937
1.0000223
1.0000025
1.0001059
1.0000121
1.0000082
1.0000078
1.0000089
0.99999937
1.0000223
1.0000025
1.0001059
1.0000121
1.0000082
1.0000078
1.0000089
0.99999937
1.0000223
1.0000025
1.0001059
1.0000121
1.0000082
1.0000078
1.0000089
0.99999937
1.0000223
1.0000025
1.0001059
1.0000121
1.0000082
1.0000078
1.0000089
0.99999937
1.0000223
1.0000025
1.0001059
0.10148317
0.10011071
0.10002387
0.10004666
0.10002434
0.10001937
0.099993637
0.10003575
0.10147772
0.10011222
0.10002326
0.10004717
0.10002408
0.10001971
0.099993403
0.10003631
0.10147965
0.10011173
0.10002347
0.10004701
0.10002417
0.1000196
0.099993493
0.10003612
0.10147856
0.10011205
0.10002339
0.10004712
0.10002412
0.10001967
0.099993436
0.10003623
0.10147935
0.10011184
0.10002347
0.10004706
0.10002417
0.10001962
0.099993481
0.10003615
0.10147864
0.10011201
0.10002339
0.10004711
0.10002412
0.10001966
0.099993442
0.10003622
0.1014793
0.10011176
0.10002345
0.10004703
0.10002416
0.10001961
0.099993483
0.10003614
0.101478
0.10011215
0.10002326
0.10004715
0.10002406
0.10001969
0.099993392
0.10003628
0.10147896
0.10011187
0.10002341
0.10004706
0.10002414
0.10001963
0.099993462
0.10003617
0.10147891
0.10011189
0.1000234
0.10004706
0.10002413
0.10001963
0.099993455
0.10003619
0.10147893
0.10011188
0.10002341
0.10004706
0.10002413
0.10001963
0.099993459
0.10003618
0.10147892
0.10011189
0.1000234
0.10004706
0.10002413
0.10001963
0.099993457
0.10003618
0.10147893
0.10011188
0.10002341
0.10004706
0.10002413
0.10001963
0.099993458
0.10003618
0.10147892
0.10011188
0.1000234
0.10004706
0.10002413
0.10001963
0.099993457
0.10003618
0.10147892
0.10011188
0.1000234
0.10004706
0.10002413
0.10001963
0.099993458
0.10003618
0.10147891
0.10011188
0.1000234
0.10004706
0.10002413
0.10001963
0.099993457
0.10003618
0.30094147
0.30123579
0.30065378
0.30226881
0.30464457
0.30471908
0.30622617
0.30783042
0.30094059
0.30123534
0.30065539
0.30226962
0.30464547
0.30471876
0.30622985
0.30783806
0.30094143
0.30123583
0.30065468
0.30226967
0.30464521
0.30471943
0.30622837
0.30783469
0.30094071
0.30123546
0.30065516
0.3022695
0.3046453
0.30471872
0.30622892
0.30783651
0.30094119
0.30123564
0.30065472
0.30226958
0.30464509
0.30471908
0.30622851
0.3078352
0.30094074
0.30123543
0.30065499
0.3022694
0.30464523
0.30471879
0.30622867
0.30783609
0.30094114
0.30123563
0.30065474
0.30226957
0.30464505
0.30471898
0.3062287
0.30783545
0.30094046
0.30123516
0.30065496
0.30226911
0.30464516
0.30471847
0.30622823
0.30783605
1.0001119
1.0000213
1.0000465
1.0000393
1.0000041
1.0001917
1.000102
1.0004647
1.0001119
1.0000213
1.0000465
1.0000393
1.0000041
1.0001917
1.000102
1.0004647
1.0001119
1.0000213
1.0000465
1.0000393
1.0000041
1.0001917
1.000102
1.0004647
1.0001119
1.0000213
1.0000465
1.0000393
1.0000041
1.0001917
1.000102
1.0004647
1.0001119
1.0000213
1.0000465
1.0000393
1.0000041
1.0001917
1.000102
1.0004647
1.0001119
1.0000213
1.0000465
1.0000393
1.0000041
1.0001917
1.000102
1.0004647
1.0001119
1.0000213
1.0000465
1.0000393
1.0000041
1.0001917
1.000102
1.0004647
1.0001119
1.0000213
1.0000465
1.0000393
1.0000041
1.0001917
1.000102
1.0004647
1.0001119
1.0000213
1.0000465
1.0000393
1.0000041
1.0001917
1.000102
1.0004647
1.0001119
1.0000213
1.0000465
1.0000393
1.0000041
1.0001917
1.000102
1.0004647
1.0001119
1.0000213
1.0000465
1.0000393
1.0000041
1.0001917
1.000102
1.0004647
1.0001119
1.0000213
1.0000465
1.0000393
1.0000041
1.0001917
1.000102
1.0004647
1.0001119
1.0000213
1.0000465
1.0000393
1.0000041
1.0001917
1.000102
1.0004647
1.0001119
1.0000213
1.0000465
1.0000393
1.0000041
1.0001917
1.000102
1.0004647
1.0001119
1.0000213
1.0000465
1.0000393
1.0000042
1.0001917
1.000102
1.0004647
1.0001118
1.0000213
1.0000465
1.0000393
1.0000041
1.0001917
1.000102
1.0004647
1.0000014
1.0000117
1.0000027
1.000011
0.99999807
1.0000221
0.99999166
1.0000672
1.0000014
1.0000117
1.0000027
1.000011
0.99999807
1.0000221
0.99999166
1.0000672
1.0000014
1.0000117
1.0000027
1.000011
0.99999807
1.0000221
0.99999166
1.0000672
1.0000014
1.0000117
1.0000027
1.000011
0.99999807
1.0000221
0.99999166
1.0000672
1.0000014
1.0000117
1.0000027
1.000011
0.99999807
1.0000221
0.99999166
1.0000672
1.0000014
1.0000117
1.0000027
1.000011
0.99999807
1.0000221
0.99999166
1.0000672
1.0000014
1.0000117
1.0000027
1.000011
0.99999807
1.0000221
0.99999166
1.0000672
1.0000014
1.0000117
1.0000027
1.000011
0.99999807
1.0000221
0.99999166
1.0000672
0.09508553
0.10160934
0.10055399
0.10019353
0.099965262
0.10005883
0.099994938
0.099481585
0.095085531
0.10160934
0.10055399
0.10019353
0.099965262
0.10005883
0.099994938
0.099481585
0.09508553
0.10160934
0.10055399
0.10019353
0.099965262
0.10005883
0.099994938
0.099481585
0.095085531
0.10160934
0.10055399
0.10019353
0.099965262
0.10005883
0.099994938
0.099481585
0.09508553
0.10160934
0.10055399
0.10019353
0.099965262
0.10005883
0.099994938
0.099481585
0.095085531
0.10160934
0.10055399
0.10019353
0.099965262
0.10005883
0.099994938
0.099481585
0.095085529
0.10160934
0.10055399
0.10019353
0.099965262
0.10005883
0.099994938
0.099481585
0.095085538
0.10160934
0.10055399
0.10019353
0.099965263
0.10005883
0.099994939
0.099481583
0.095085521
0.10160934
0.10055399
0.10019353
0.099965262
0.10005883
0.099994938
0.099481586
0.095085532
0.10160934
0.10055399
0.10019353
0.099965262
0.10005883
0.099994938
0.099481585
0.095085529
0.10160934
0.10055399
0.10019353
0.099965262
0.10005883
0.099994938
0.099481585
0.095085531
0.10160934
0.10055399
0.10019353
0.099965263
0.10005883
0.099994938
0.099481585
0.095085529
0.10160934
0.10055399
0.10019353
0.099965262
0.10005883
0.099994938
0.099481585
0.095085535
0.10160934
0.10055399
0.10019353
0.099965263
0.10005883
0.099994939
0.099481585
0.095085528
0.10160935
0.10055399
0.10019353
0.099965261
0.10005883
0.099994938
0.099481586
0.09508552
0.10160931
0.100554
0.10019353
0.099965265
0.10005883
0.099994941
0.099481583
0.50628004
0.52181052
0.51026684
0.50848648
0.27630125
0.10208448
0.10601042
0.096576869
0.50628003
0.52181039
0.51026693
0.50848647
0.27630125
0.10208447
0.10601043
0.096576862
0.50628012
0.52181058
0.51026684
0.5084865
0.27630127
0.10208447
0.10601043
0.096576866
0.50628003
0.52181038
0.51026701
0.50848646
0.27630126
0.10208447
0.10601043
0.096576862
0.50628017
0.52181066
0.51026679
0.50848655
0.27630128
0.10208447
0.10601043
0.096576868
0.50628001
0.52181029
0.51026714
0.50848644
0.27630128
0.10208447
0.10601044
0.096576863
0.50628029
0.52181097
0.5102667
0.50848668
0.27630131
0.10208449
0.10601042
0.096576879
0.50627926
0.52180937
0.51026785
0.50848635
0.27630114
0.10208442
0.10601049
0.096576818
1.0001127
1.0000209
1.0000469
1.0000389
1.0000047
1.0001909
1.000104
1.0004587
1.0001116
1.0000214
1.0000464
1.0000395
1.0000041
1.0001923
1.0001015
1.0004674
1.0001121
1.0000212
1.0000467
1.0000394
1.0000046
1.0001919
1.0001033
1.0004639
1.0001117
1.0000215
1.0000465
1.0000396
1.0000044
1.0001924
1.0001022
1.0004668
1.0001121
1.0000211
1.0000467
1.0000393
1.0000044
1.0001914
1.0001027
1.0004629
1.0001115
1.0000216
1.0000463
1.0000396
1.0000039
1.0001927
1.0001021
1.0004681
1.0001125
1.0000208
1.0000468
1.000039
1.0000052
1.0001917
1.0001037
1.00046
1.0001105
1.000022
1.0000459
1.000041
1.0000035
1.0001955
1.0000987
1.0004857
1.0001137
1.0000203
1.0000479
1.0000388
1.0000072
1.0001906
1.0001095
1.0004515
1.0001114
1.0000217
1.000047
1.0000408
1.000006
1.0001951
1.0001044
1.0004723
1.0001125
1.0000216
1.0000486
1.0000415
1.0000081
1.0001939
1.0001087
1.0004698
1.0001126
1.0000233
1.0000491
1.0000428
1.0000055
1.0001926
1.0001053
1.0004756
1.0001167
1.0000236
1.0000508
1.0000407
1.0000033
1.0001949
1.0001162
1.0004891
1.0001216
1.0000231
1.0000514
1.0000383
1.0000025
1.0002053
1.0001137
1.0005492
1.0001264
1.0000201
1.0000532
1.0000332
1.0000077
1.000208
1.0001049
1.0006249
1.0001279
1.0000157
1.0000562
1.0000287
1.000014
1.0002043
1.0001156
1.0006891
1.0000014
1.0000117
1.0000028
1.000011
0.99999826
1.0000221
0.99999208
1.0000662
1.0000014
1.0000118
1.0000028
1.0000111
0.99999819
1.0000223
0.99999173
1.0000679
1.0000014
1.0000118
1.0000029
1.0000113
0.99999835
1.0000224
0.99999209
1.0000675
1.0000015
1.0000119
1.0000031
1.0000115
0.99999835
1.0000223
0.999992
1.0000674
1.0000018
1.0000121
1.0000033
1.0000115
0.99999809
1.0000225
0.99999206
1.0000698
1.0000032
1.0000117
1.0000039
1.0000111
0.99999816
1.0000228
0.99999262
1.0000744
1.0000051
1.0000106
1.0000047
1.0000102
0.99999863
1.000022
0.99999429
1.0000778
1.0000064
1.0000099
1.0000051
1.0000098
0.99999868
1.0000219
0.99999515
1.0000834
0.095067931
0.10158482
0.10055841
0.10019313
0.099964827
0.10005829
0.099994946
0.099481283
0.095095024
0.10161818
0.10055016
0.10019398
0.099965185
0.10005909
0.099994679
0.099481963
0.095079077
0.10160439
0.10055693
0.1001931
0.099965354
0.10005864
0.099995179
0.099481021
0.095091438
0.10161366
0.10055142
0.10019405
0.09996522
0.10005904
0.099994738
0.099482393
0.095081534
0.10160615
0.10055762
0.10019307
0.099965499
0.10005872
0.099995399
0.0994805
0.095100243
0.10162204
0.10055237
0.10019498
0.099965891
0.10005969
0.09999513
0.099483833
0.095086347
0.1015903
0.10057189
0.10019574
0.099967056
0.10005897
0.099997568
0.099479779
0.095474986
0.10170017
0.10042496
0.10023181
0.099957076
0.10006934
0.099983638
0.099500551
0.0946268
0.10189395
0.1007743
0.10007674
0.099980971
0.10003103
0.10001584
0.0994213
0.095003738
0.10118076
0.10044913
0.10025323
0.099953426
0.10006721
0.099980278
0.099514411
0.095263758
0.10199001
0.10061529
0.10014903
0.099974539
0.10005305
0.10000766
0.099453342
0.094935828
0.10122999
0.10050786
0.10023639
0.099958535
0.10006437
0.09998309
0.0995131
0.095281582
0.10208538
0.10064944
0.10014354
0.099979203
0.10005049
0.10001735
0.099437219
0.098555673
0.10145349
0.10039313
0.10029144
0.099969367
0.100062
0.099978384
0.099567118
0.14459861
0.12679505
0.10539861
0.10019336
0.10015925
0.099990227
0.10006368
0.099487977
0.22628744
0.18894111
0.13064029
0.10253691
0.10036359
0.099831377
0.10005587
0.099801346
0.50770217
0.52043402
0.51108523
0.51089228
0.27684524
0.10071709
0.10441152
0.09577283
0.50369165
0.5207959
0.50689433
0.50536719
0.27649641
0.10311679
0.10660073
0.096623621
0.50451886
0.51995414
0.5125136
0.51028294
0.27545587
0.10126711
0.10568864
0.096719595
0.48926831
0.51036115
0.50074452
0.50508022
0.27747608
0.10296373
0.10636102
0.096398693
0.48629197
0.50700862
0.5122911
0.5252494
0.28688673
0.10306697
0.10520402
0.096900781
0.45137814
0.47840443
0.49602611
0.55515156
0.36899818
0.14107922
0.11704893
0.10235593
0.39350379
0.3888401
0.4076908
0.44742804
0.37224385
0.24016652
0.19694713
0.15883272
0.29057311
0.31576896
0.32061433
0.36171615
0.31426343
0.28958827
0.28230531
0.24081378
1.0001323
1.0000079
1.0000737
1.0000143
1.0000354
1.0002122
1.000179
1.000831
1.0001316
1.0000083
1.0000733
1.0000148
1.0000348
1.0002132
1.0001772
1.0008374
1.0001318
1.0000081
1.0000735
1.0000146
1.000035
1.0002127
1.0001777
1.0008351
1.0001317
1.0000082
1.0000734
1.0000147
1.0000348
1.0002129
1.0001772
1.0008361
1.0001318
1.0000082
1.0000735
1.0000147
1.000035
1.0002128
1.0001776
1.0008353
1.0001317
1.0000082
1.0000734
1.0000147
1.0000349
1.0002129
1.0001774
1.0008361
1.0001318
1.0000082
1.0000734
1.0000146
1.000035
1.0002128
1.0001776
1.0008354
1.0001315
1.0000083
1.0000733
1.0000147
1.0000348
1.000213
1.0001771
1.0008366
1.0001319
1.0000081
1.0000735
1.0000146
1.000035
1.0002127
1.0001776
1.0008347
1.0001317
1.0000082
1.0000734
1.0000147
1.0000349
1.0002129
1.0001774
1.000836
1.0001318
1.0000082
1.0000734
1.0000146
1.0000349
1.0002128
1.0001774
1.0008355
1.0001317
1.0000082
1.0000734
1.0000147
1.0000349
1.0002128
1.0001774
1.0008357
1.0001318
1.0000082
1.0000734
1.0000146
1.0000349
1.0002128
1.0001774
1.0008356
1.0001317
1.0000082
1.0000734
1.0000147
1.0000349
1.0002128
1.0001774
1.0008357
1.0001318
1.0000082
1.0000734
1.0000146
1.0000349
1.0002128
1.0001774
1.0008356
1.0001317
1.0000082
1.0000734
1.0000147
1.0000349
1.0002128
1.0001773
1.0008358
1.0000121
1.0000082
1.0000078
1.0000089
0.99999939
1.0000223
1.0000025
1.0001057
1.0000121
1.0000082
1.0000078
1.0000089
0.99999937
1.0000223
1.0000024
1.0001059
1.0000121
1.0000082
1.0000078
1.0000089
0.99999938
1.0000223
1.0000025
1.0001059
1.0000121
1.0000082
1.0000078
1.0000089
0.99999937
1.0000223
1.0000025
1.0001059
1.0000121
1.0000082
1.0000078
1.0000089
0.99999937
1.0000223
1.0000025
1.0001059
1.0000121
1.0000082
1.0000078
1.0000089
0.99999937
1.0000223
1.0000025
1.0001059
1.0000121
1.0000082
1.0000078
1.0000089
0.99999937
1.0000223
1.0000025
1.0001059
1.0000121
1.0000082
1.0000078
1.0000089
0.99999937
1.0000223
1.0000024
1.0001059
0.3070328
0.31047373
0.28447203
0.15651616
0.099574548
0.10282506
0.09763612
0.10034232
0.30696098
0.31059999
0.28448797
0.15652329
0.099571948
0.10282944
0.097633345
0.10035053
0.30701466
0.31057192
0.28447875
0.1565224
0.099572453
0.10282797
0.097633793
0.10034752
0.30696641
0.31057172
0.28448018
0.15652334
0.099572359
0.10282866
0.097633555
0.10034896
0.30699504
0.31057006
0.28447725
0.15652205
0.099572502
0.10282823
0.097633782
0.10034805
0.3069715
0.31056683
0.28447709
0.15652167
0.099572262
0.10282849
0.09763357
0.10034884
0.30699233
0.31057243
0.28447559
0.15652011
0.099572398
0.10282815
0.097633786
0.10034807
0.30694359
0.31055369
0.28447173
0.15652115
0.099571822
0.10282842
0.097633212
0.10034902
0.30699098
0.31056599
0.28447379
0.15652009
0.099572334
0.10282824
0.09763374
0.10034808
0.30697447
0.31056611
0.28447525
0.15652049
0.099572254
0.10282828
0.097633634
0.10034858
0.30698308
0.31056786
0.28447461
0.15652061
0.099572254
0.1028283
0.097633636
0.10034837
0.30697679
0.3105655
0.28447491
0.15652066
0.099572278
0.10282829
0.097633642
0.10034849
0.30698035
0.31056689
0.28447462
0.15652062
0.099572258
0.1028283
0.097633636
0.10034841
0.30697796
0.31056578
0.28447467
0.15652056
0.09957226
0.10282829
0.097633636
0.10034847
0.30697936
0.31056648
0.28447451
0.15652049
0.099572245
0.10282828
0.097633631
0.10034841
0.3069753
0.31056476
0.28447422
0.15652053
0.099572224
0.10282829
0.097633611
0.10034849
0.30094278
0.30122753
0.30065878
0.30226031
0.30464979
0.30470205
0.30621919
0.30782923
0.30093947
0.3012368
0.30065446
0.30227323
0.30464328
0.30472467
0.30623656
0.30784146
0.30094297
0.301236
0.30065615
0.30226931
0.30464867
0.30471858
0.30622678
0.30783472
0.30094026
0.30123602
0.30065505
0.30227085
0.30464446
0.30472034
0.30623115
0.30783767
0.30094236
0.30123601
0.30065553
0.30226946
0.30464644
0.30471906
0.30622777
0.3078347
0.30094022
0.30123565
0.30065491
0.30226999
0.30464499
0.30471881
0.30622946
0.30783728
0.30094217
0.3012358
0.30065516
0.3022695
0.30464528
0.30471995
0.3062288
0.30783419
0.30093861
0.3012341
0.30065424
0.30226877
0.30464407
0.304716
0.30622766
0.30783834
0.90943036
0.85101296
0.7486915
0.61525905
0.51910507
0.50750359
0.51096036
0.50870873
0.90943035
0.85101296
0.7486915
0.61525905
0.51910507
0.5075036
0.51096037
0.50870873
0.90943036
0.85101296
0.7486915
0.61525906
0.51910507
0.5075036
0.51096036
0.50870874
0.90943035
0.85101296
0.7486915
0.61525906
0.51910507
0.5075036
0.51096037
0.50870874
0.90943036
0.85101296
0.7486915
0.61525906
0.51910508
0.5075036
0.51096037
0.50870874
0.90943035
0.85101296
0.7486915
0.61525906
0.51910507
0.5075036
0.51096036
0.50870874
0.90943036
0.85101296
0.7486915
0.61525906
0.51910507
0.5075036
0.51096038
0.50870875
0.90943034
0.85101296
0.74869151
0.61525906
0.51910506
0.50750358
0.51096027
0.50870868
0.90943035
0.85101294
0.74869149
0.61525904
0.51910508
0.50750361
0.51096041
0.50870869
0.90943036
0.85101296
0.7486915
0.61525906
0.51910507
0.50750359
0.51096036
0.50870878
0.90943036
0.85101297
0.74869151
0.61525906
0.51910508
0.50750361
0.51096037
0.5087087
0.90943036
0.85101297
0.7486915
0.61525906
0.51910508
0.50750362
0.51096039
0.50870881
0.90943037
0.85101297
0.74869152
0.61525906
0.51910508
0.50750361
0.51096038
0.5087087
0.90943036
0.85101297
0.74869149
0.61525906
0.51910508
0.50750364
0.51096043
0.5087089
0.90943045
0.85101303
0.74869158
0.61525908
0.51910507
0.50750355
0.51096027
0.50870853
0.90943011
0.85101286
0.74869132
0.615259
0.51910507
0.50750385
0.51096065
0.50870926
1.0009348
1.001004
0.99951902
1.0009588
0.9998322
1.0033847
0.9767576
0.93435559
1.0009348
1.001004
0.99951902
1.0009588
0.9998322
1.0033847
0.97675761
0.93435564
1.0009348
1.001004
0.99951902
1.0009588
0.9998322
1.0033847
0.97675762
0.93435562
1.0009348
1.001004
0.99951902
1.0009588
0.9998322
1.0033847
0.97675761
0.93435564
1.0009348
1.001004
0.99951902
1.0009588
0.9998322
1.0033847
0.97675764
0.93435563
1.0009347
1.001004
0.99951901
1.0009588
0.99983219
1.0033847
0.97675759
0.93435565
1.0009348
1.001004
0.99951903
1.0009588
0.99983221
1.0033847
0.97675771
0.93435568
1.0009347
1.001004
0.99951899
1.0009588
0.99983219
1.0033847
0.97675747
0.93435556
0.90943021
0.85101268
0.74869138
0.61525896
0.51910514
0.50750349
0.51096049
0.50870839
0.90943049
0.85101317
0.74869165
0.61525913
0.51910504
0.50750339
0.51095988
0.50870856
0.90943036
0.85101288
0.74869147
0.61525907
0.51910517
0.50750392
0.51096086
0.50870894
0.90943046
0.85101317
0.74869164
0.61525916
0.51910516
0.50750359
0.51096028
0.50870892
0.90943048
0.85101292
0.74869154
0.6152591
0.5191052
0.50750409
0.51096106
0.50870915
0.90943036
0.85101329
0.74869168
0.61525916
0.51910514
0.50750329
0.51096008
0.50870903
0.90943079
0.8510128
0.74869148
0.61525905
0.5191051
0.50750473
0.51096241
0.5087098
0.90942809
0.85101275
0.74869097
0.6152589
0.51910572
0.50750368
0.51095908
0.50870723
0.90943243
0.85101254
0.74869192
0.61525974
0.51910499
0.50750134
0.51095455
0.50870535
0.90943031
0.85101431
0.74869234
0.61525946
0.51910493
0.50750355
0.51096173
0.50870942
0.90943148
0.85101259
0.74869173
0.61525946
0.5191066
0.50750677
0.51096346
0.50871004
0.90943029
0.85101485
0.7486928
0.61526019
0.51910554
0.50750408
0.51096112
0.5087127
0.90943242
0.85101243
0.74869181
0.61525935
0.51910785
0.5075095
0.51096761
0.50871178
0.90942874
0.85101561
0.74869271
0.61526091
0.51910424
0.50749869
0.51095499
0.50871161
0.90943738
0.85101183
0.74869138
0.61525835
0.51910789
0.5075181
0.51097999
0.50871111
0.90940964
0.85101852
0.74869316
0.61526267
0.51911283
0.50750921
0.51095594
0.50872096
1.0009354
1.0010036
0.99951917
1.0009586
0.99983236
1.003384
0.97675755
0.93435402
1.0009345
1.0010042
0.99951906
1.000959
0.99983232
1.0033855
0.97675835
0.9343575
1.0009352
1.0010039
0.99951918
1.0009589
0.99983264
1.0033847
0.976758
0.93435474
1.0009344
1.0010042
0.99951913
1.0009592
0.99983236
1.0033856
0.97675828
0.93435804
1.0009353
1.0010038
0.9995192
1.0009587
0.99983278
1.0033848
0.97675843
0.93435415
1.000934
1.0010044
0.99951892
1.0009592
0.99983191
1.0033855
0.97675807
0.93435972
1.0009362
1.0010037
0.9995194
1.0009586
0.99983347
1.003385
0.97675931
0.93435101
1.0009296
1.0010055
0.99951788
1.0009606
0.99983063
1.0033879
0.97675238
0.93437991
1.0001119
1.0000212
1.0000465
1.0000393
1.0000042
1.0001917
1.000102
1.0004646
1.0001118
1.0000213
1.0000465
1.0000393
1.0000041
1.0001917
1.000102
1.0004647
1.0001119
1.0000213
1.0000465
1.0000393
1.0000042
1.0001917
1.000102
1.0004646
1.0001118
1.0000213
1.0000465
1.0000393
1.0000041
1.0001917
1.000102
1.0004647
1.0001119
1.0000213
1.0000465
1.0000393
1.0000042
1.0001917
1.000102
1.0004646
1.0001118
1.0000213
1.0000465
1.0000393
1.0000041
1.0001917
1.000102
1.0004648
1.0001119
1.0000212
1.0000465
1.0000393
1.0000042
1.0001917
1.0001021
1.0004645
1.0001117
1.0000213
1.0000464
1.0000394
1.0000041
1.0001918
1.0001018
1.0004653
1.000112
1.0000212
1.0000465
1.0000393
1.0000042
1.0001916
1.0001022
1.000464
1.0001118
1.0000213
1.0000465
1.0000394
1.0000041
1.0001918
1.000102
1.000465
1.0001119
1.0000213
1.0000465
1.0000393
1.0000042
1.0001917
1.0001022
1.0004645
1.0001118
1.0000213
1.0000465
1.0000394
1.0000042
1.0001918
1.000102
1.0004651
1.0001119
1.0000212
1.0000465
1.0000393
1.0000042
1.0001916
1.0001022
1.0004642
1.0001117
1.0000213
1.0000465
1.0000394
1.0000041
1.0001918
1.0001019
1.0004654
1.0001121
1.0000212
1.0000466
1.0000392
1.0000043
1.0001915
1.0001024
1.0004634
1.0001112
1.0000216
1.0000462
1.0000397
1.0000037
1.0001925
1.0001006
1.0004697
1.0000014
1.0000117
1.0000027
1.000011
0.99999808
1.0000221
0.99999171
1.0000671
1.0000014
1.0000118
1.0000027
1.000011
0.99999806
1.0000222
0.99999165
1.0000673
1.0000014
1.0000117
1.0000027
1.000011
0.99999808
1.0000221
0.99999169
1.0000672
1.0000014
1.0000118
1.0000027
1.000011
0.99999807
1.0000222
0.99999166
1.0000673
1.0000014
1.0000117
1.0000027
1.000011
0.99999808
1.0000221
0.99999168
1.0000672
1.0000014
1.0000118
1.0000027
1.000011
0.99999806
1.0000222
0.99999164
1.0000673
1.0000014
1.0000117
1.0000027
1.000011
0.99999808
1.0000221
0.99999171
1.000067
1.0000014
1.0000118
1.0000027
1.0000111
0.99999801
1.0000222
0.99999148
1.0000679
0.10024497
0.10001006
0.10003461
0.10000611
0.10000262
0.10000077
0.099995363
0.10001426
0.10024498
0.10001006
0.10003461
0.10000611
0.10000262
0.10000077
0.099995363
0.10001426
0.10024497
0.10001006
0.10003461
0.10000611
0.10000262
0.10000077
0.099995363
0.10001426
0.10024498
0.10001006
0.10003461
0.10000611
0.10000262
0.10000077
0.099995363
0.10001426
0.10024497
0.10001006
0.10003461
0.10000611
0.10000262
0.10000077
0.099995363
0.10001426
0.10024498
0.10001006
0.10003461
0.10000611
0.10000262
0.10000077
0.099995363
0.10001426
0.10024497
0.10001006
0.10003461
0.10000611
0.10000262
0.10000077
0.099995363
0.10001426
0.10024498
0.10001006
0.10003461
0.10000611
0.10000262
0.10000077
0.099995364
0.10001426
0.10024492
0.10001006
0.10003459
0.10000612
0.10000261
0.10000077
0.099995356
0.10001425
0.10024497
0.10001006
0.10003461
0.10000611
0.10000262
0.10000077
0.099995362
0.10001427
0.100245
0.10001006
0.10003461
0.10000611
0.10000262
0.10000077
0.099995366
0.10001425
0.10024494
0.10001007
0.10003461
0.10000612
0.10000262
0.10000077
0.099995359
0.10001427
0.10024505
0.10001006
0.10003462
0.10000611
0.10000262
0.10000077
0.099995371
0.10001425
0.10024491
0.1000101
0.10003462
0.10000612
0.10000262
0.10000078
0.099995359
0.10001429
0.1002452
0.10001005
0.10003462
0.10000611
0.10000263
0.10000076
0.099995388
0.10001422
0.10024467
0.10001013
0.10003453
0.10000613
0.10000258
0.1000008
0.099995279
0.10001442
0.095085574
0.10160935
0.10055398
0.10019354
0.099965258
0.10005883
0.099994935
0.099481581
0.095085486
0.10160933
0.100554
0.10019353
0.099965263
0.10005883
0.099994937
0.099481587
0.09508556
0.10160935
0.10055399
0.10019353
0.099965262
0.10005884
0.099994939
0.099481584
0.095085509
0.10160933
0.10055399
0.10019353
0.099965263
0.10005883
0.099994938
0.099481586
0.095085559
0.10160936
0.10055399
0.10019354
0.099965263
0.10005884
0.09999494
0.099481586
0.095085528
0.10160935
0.10055401
0.10019354
0.099965269
0.10005884
0.099994943
0.099481588
0.095085701
0.10160943
0.10055399
0.10019354
0.09996526
0.10005884
0.099994936
0.099481588
0.095084659
0.10160954
0.10055415
0.10019349
0.099965297
0.10005881
0.099994971
0.09948158
0.095086269
0.10160829
0.1005537
0.1001936
0.099965184
0.10005885
0.099994883
0.099481563
0.095085234
0.10160977
0.10055402
0.10019348
0.099965275
0.10005881
0.099994936
0.099481582
0.095085679
0.10160911
0.10055399
0.10019357
0.099965254
0.10005885
0.099994938
0.099481591
0.095085475
0.10160952
0.100554
0.10019351
0.099965277
0.10005882
0.09999495
0.099481578
0.095085701
0.10160929
0.10055403
0.10019358
0.099965261
0.10005887
0.099994936
0.099481608
0.095085872
0.10160986
0.10055416
0.10019353
0.09996533
0.10005882
0.099995012
0.099481594
0.095087385
0.10160949
0.10055408
0.10019378
0.099965235
0.10005897
0.099994955
0.099481702
0.095085857
0.10161979
0.10055236
0.10019275
0.099965478
0.10005863
0.099994787
0.099481245
0.50628199
0.52180572
0.51026198
0.5084837
0.27629502
0.10208111
0.10601079
0.09657742
0.50627731
0.52181333
0.51026829
0.50848526
0.27630377
0.10208527
0.10600976
0.096576384
0.50628424
0.52180845
0.51026846
0.50848789
0.27629985
0.10208421
0.10601103
0.096577176
0.50628061
0.5218175
0.51026724
0.50848784
0.27630286
0.1020847
0.10600988
0.096576689
0.50628791
0.52181054
0.51027559
0.50849118
0.2763032
0.1020846
0.10601126
0.096577213
0.50627651
0.52182354
0.51026971
0.5084924
0.27630743
0.10208591
0.10601007
0.096577249
0.50629313
0.52178773
0.51027257
0.508494
0.27630309
0.10208527
0.10601546
0.096579285
0.50624515
0.52184958
0.51021144
0.50848051
0.27631754
0.10207853
0.10598598
0.096567021
0.90945549
0.85100762
0.74870018
0.61526224
0.51911541
0.50749385
0.51093637
0.50865948
0.90942408
0.85102519
0.74869642
0.61526694
0.51909869
0.50750495
0.51096848
0.50873621
0.90945337
0.85101705
0.7487035
0.61526889
0.51913561
0.5075553
0.51101663
0.50873619
0.90942048
0.8510267
0.74870235
0.61527591
0.51911327
0.50752712
0.51098764
0.50876251
0.90946021
0.85101451
0.74870387
0.61525571
0.51914372
0.50759083
0.51105972
0.50878991
0.90940676
0.85105195
0.74870695
0.61529559
0.51914889
0.50752348
0.51101783
0.50881162
0.90956201
0.85105465
0.74874185
0.61530139
0.51911022
0.50757763
0.5111523
0.5088267
0.90930273
0.8511509
0.7487058
0.61534148
0.51918079
0.50777311
0.51096117
0.50911476
0.90972419
0.85102671
0.74881515
0.61527864
0.51929534
0.50734641
0.51060622
0.50720765
0.9094688
0.85111501
0.74873806
0.61533342
0.51856456
0.50595529
0.50870443
0.50775359
0.9095949
0.85094961
0.74833129
0.6134512
0.51447824
0.49977022
0.50404759
0.50292539
0.90889044
0.8500905
0.74552836
0.60814033
0.50710159
0.49000019
0.49248344
0.49327829
0.90676306
0.84611163
0.7400922
0.60125595
0.49885561
0.47493137
0.47544599
0.4780842
0.90288683
0.83973443
0.73476422
0.59384926
0.48861994
0.45230397
0.4406225
0.44522535
0.90058829
0.83442547
0.7322886
0.58609853
0.48072425
0.42552483
0.4044576
0.36814056
0.8983216
0.83330245
0.7268263
0.58443856
0.47137032
0.4113805
0.37981695
0.31621411
1.0009612
1.0009935
0.99954121
1.0009617
0.9998884
1.0034204
0.97689658
0.93420583
1.0009333
1.0010113
0.99953071
1.000992
0.99987822
1.0034548
0.97680513
0.9345438
1.0009408
1.0010126
0.99954692
1.0010052
0.99989626
1.0034854
0.97691588
0.93450595
1.0009373
1.0010311
0.99957362
1.0009997
0.99992931
1.0035418
0.97693155
0.93418461
1.0009444
1.0010936
0.99954154
1.0010257
0.99990978
1.003464
0.97609297
0.93226593
1.0010866
1.0010608
0.99950497
1.0010613
0.99983902
1.0032432
0.97350386
0.92847954
1.0012411
1.0008912
0.99958919
1.0009991
0.99995049
1.0025901
0.97053847
0.92486222
1.0012782
1.0008247
0.9996469
1.0009704
1.0000511
1.0022355
0.96918982
0.92341342
0.89581199
0.8340738
0.72319946
0.58540813
0.46521519
0.4084453
0.35900322
0.2857286
0.89270879
0.83207292
0.71972647
0.58360303
0.45604827
0.39793037
0.33461275
0.28968411
0.89005707
0.82686302
0.71794485
0.57686942
0.44725985
0.37444225
0.32851567
0.29271463
0.8861609
0.82281621
0.71126127
0.57154838
0.43557574
0.35327371
0.32264584
0.30408622
0.88407362
0.82028369
0.70562106
0.56584993
0.42585324
0.33707118
0.31247716
0.30366571
0.88316044
0.81931512
0.70298514
0.56151944
0.4194325
0.32660757
0.30561607
0.3017845
0.88332098
0.81922963
0.70238227
0.55989419
0.41650488
0.32192007
0.30163538
0.30062874
0.88303041
0.81924341
0.70226521
0.55944661
0.4156816
0.32035527
0.30055754
0.29941382
0.88330252
0.81912502
0.70229355
0.55930612
0.41547405
0.31988229
0.30016705
0.30016746
0.88314882
0.8191171
0.70225809
0.55923359
0.41512181
0.31945866
0.29956653
0.30042245
0.88319335
0.81908348
0.70225758
0.55914524
0.41497843
0.31915765
0.29934032
0.29998471
0.88314296
0.81905777
0.70222982
0.55913946
0.41495611
0.31912531
0.29931956
0.300068
0.88316871
0.81904311
0.70223241
0.55912528
0.4149643
0.31912246
0.29930598
0.29995695
0.88315149
0.81905678
0.70223423
0.55913939
0.41496108
0.31911984
0.29928869
0.29998705
0.88317634
0.81905398
0.70224117
0.55913589
0.41497069
0.31911931
0.29928686
0.29993081
0.88312938
0.81907046
0.7022286
0.55914531
0.41495243
0.31911648
0.29923358
0.2999413
1.0015957
1.0008015
0.99963454
1.0010797
1.0000515
1.0019037
0.96262801
0.91230202
1.0015814
1.0008065
0.99962444
1.0010893
1.0000351
1.0019188
0.96254885
0.91256803
1.0015875
1.0008021
0.9996304
1.0010828
1.0000381
1.0018978
0.96257392
0.91251743
1.0015859
1.0008015
0.99962952
1.0010845
1.000034
1.0018874
0.96253684
0.91254638
1.0015888
1.0008009
0.99963216
1.0010857
1.0000405
1.0018897
0.96254054
0.91251451
1.0015862
1.0008018
0.99963039
1.0010872
1.0000405
1.0018975
0.96254255
0.91254363
1.0015895
1.0007995
0.9996308
1.0010832
1.0000404
1.0018928
0.96254685
0.91251656
1.0015803
1.0008036
0.99962718
1.0010865
1.0000342
1.0018988
0.9625341
0.91256195
1.0001297
1.0000129
1.0000585
1.0000255
1.0000185
1.0001989
1.0001248
1.0006954
1.0001277
1.00001
1.0000617
1.0000213
1.0000246
1.000195
1.0001407
1.0007269
1.0001262
1.0000073
1.0000655
1.0000169
1.0000307
1.0001981
1.0001622
1.000771
1.0001278
1.0000051
1.0000678
1.0000125
1.0000347
1.0002022
1.000163
1.0008098
1.0001319
1.0000064
1.0000707
1.0000111
1.0000348
1.0002122
1.000172
1.000828
1.0001316
1.0000083
1.0000723
1.0000131
1.0000324
1.000213
1.0001781
1.0008345
1.0001326
1.0000076
1.0000736
1.0000138
1.0000352
1.0002109
1.0001804
1.0008292
1.0001304
1.0000085
1.000073
1.0000148
1.0000345
1.0002146
1.0001769
1.0008476
1.0001331
1.0000073
1.0000746
1.0000133
1.0000369
1.0002109
1.0001849
1.0008217
1.0001313
1.0000085
1.0000731
1.0000151
1.0000344
1.000214
1.0001773
1.0008396
1.000132
1.0000079
1.0000736
1.0000144
1.0000353
1.0002121
1.0001783
1.0008331
1.0001316
1.0000084
1.0000733
1.0000149
1.0000347
1.0002134
1.000177
1.0008376
1.000132
1.0000082
1.0000736
1.0000147
1.0000352
1.0002128
1.0001783
1.0008347
1.0001316
1.0000084
1.0000735
1.0000149
1.000035
1.0002134
1.0001775
1.0008377
1.0001321
1.0000081
1.0000736
1.0000146
1.0000352
1.0002128
1.0001782
1.0008341
1.0001309
1.0000085
1.0000731
1.000015
1.0000346
1.0002135
1.0001763
1.0008409
1.0000121
1.0000081
1.0000078
1.0000088
0.99999947
1.000022
1.0000028
1.0001049
1.0000121
1.0000083
1.0000078
1.0000089
0.99999933
1.0000224
1.0000024
1.0001063
1.0000121
1.0000082
1.0000078
1.0000089
0.99999936
1.0000223
1.0000025
1.0001058
1.0000121
1.0000082
1.0000078
1.0000089
0.99999939
1.0000223
1.0000024
1.000106
1.0000121
1.0000082
1.0000078
1.0000089
0.99999942
1.0000223
1.0000026
1.0001058
1.0000121
1.0000082
1.0000078
1.0000089
0.99999938
1.0000224
1.0000025
1.0001061
1.0000121
1.0000082
1.0000078
1.0000089
0.9999994
1.0000223
1.0000025
1.0001057
1.0000121
1.0000082
1.0000077
1.0000089
0.99999932
1.0000224
1.0000023
1.0001065
0.1002619
0.10000532
0.10003555
0.10000434
0.10000315
0.099999731
0.099995949
0.10001261
0.10022707
0.10001118
0.10003362
0.10000684
0.10000195
0.10000122
0.099994743
0.10001498
0.10026222
0.10000947
0.10003551
0.10000555
0.10000324
0.10000037
0.099995911
0.10001382
0.10022467
0.10001162
0.10003358
0.10000688
0.10000192
0.10000136
0.099994686
0.10001499
0.10027404
0.10001049
0.1000365
0.10000535
0.10000362
0.10000021
0.099996272
0.10001371
0.10020101
0.10001543
0.10003348
0.10001
0.10000124
0.10000257
0.099993449
0.10001632
0.10025204
0.099998655
0.10003174
0.10001398
0.10000836
0.1000004
0.099996001
0.10000726
0.099778444
0.10003677
0.099999827
0.10003265
0.099998913
0.10001153
0.099984414
0.10000102
0.10149127
0.10010958
0.10002401
0.10004637
0.10002456
0.10001925
0.099993913
0.10003489
0.10147813
0.10011231
0.10002304
0.10004754
0.10002395
0.10001996
0.099993291
0.10003668
0.10148107
0.1001127
0.10002369
0.10004706
0.10002422
0.10001968
0.099993466
0.10003618
0.10147978
0.1001127
0.10002344
0.1000473
0.1000241
0.10001977
0.09999339
0.10003639
0.10148025
0.10011213
0.10002362
0.10004709
0.10002424
0.10001964
0.099993507
0.10003611
0.10147816
0.10011235
0.10002341
0.10004725
0.1000241
0.10001972
0.0999934
0.10003634
0.10148089
0.10011165
0.10002367
0.10004695
0.10002426
0.10001957
0.099993573
0.10003602
0.10147102
0.10011298
0.10002269
0.10004745
0.10002375
0.10001989
0.099993101
0.1000367
0.31460552
0.28570992
0.1856376
0.10979685
0.10029762
0.10026192
0.099451397
0.10072364
0.26754316
0.25681934
0.19975083
0.11885982
0.099705999
0.10109869
0.098856016
0.10099824
0.26985735
0.26946941
0.229669
0.13021153
0.099423808
0.10174897
0.098311865
0.10093055
0.28207004
0.28236869
0.2521683
0.14278205
0.099336996
0.10241827
0.097867371
0.10065468
0.29066
0.29458617
0.27131303
0.1515188
0.099523573
0.10267036
0.097734584
0.10045711
0.30050193
0.30378809
0.27996276
0.15544411
0.099578868
0.10279713
0.097661114
0.10035488
0.30336256
0.30780827
0.28489954
0.15663798
0.099589685
0.10281722
0.097648709
0.10035979
0.30637891
0.30669314
0.28330696
0.15647375
0.099598115
0.10280951
0.097620829
0.10038253
0.3060614
0.30957265
0.2842118
0.15668503
0.099560924
0.10282906
0.097628692
0.10033046
0.30724142
0.31091213
0.284639
0.15663812
0.099574773
0.10284022
0.097629525
0.10035836
0.30720183
0.31065977
0.28464604
0.15660481
0.099577956
0.10282688
0.097635576
0.10034318
0.30709683
0.3107358
0.28458144
0.15659076
0.099574346
0.10283223
0.09763241
0.10034804
0.30708895
0.3106074
0.28456921
0.15656426
0.09957501
0.1028282
0.097634274
0.10034661
0.30698393
0.31065347
0.28453368
0.15653725
0.09957284
0.10282976
0.097633149
0.10034989
0.30707863
0.31055491
0.2844783
0.15652591
0.099573193
0.10282803
0.09763488
0.10034699
0.30670626
0.31051178
0.284498
0.15651932
0.099570183
0.10282771
0.097630396
0.10035414
0.30232321
0.29997676
0.30078556
0.30139649
0.30338193
0.3040152
0.30506375
0.30622105
0.30059518
0.30165364
0.30078605
0.30239333
0.30448489
0.30475034
0.30646381
0.30819289
0.30138326
0.30126901
0.30089015
0.30242169
0.30481139
0.30499906
0.30657708
0.3081179
0.30093621
0.30149863
0.30080187
0.30246388
0.30486052
0.30487826
0.30634442
0.30796543
0.30115567
0.30127135
0.30078443
0.3023861
0.3047465
0.30484194
0.306374
0.30794827
0.3009132
0.30135106
0.30072894
0.30234777
0.30472516
0.30479961
0.30626254
0.3078683
0.30107337
0.30124239
0.30070829
0.30233568
0.30465907
0.30475429
0.30636119
0.30790856
0.30075667
0.30127138
0.30068431
0.30225241
0.30457188
0.30462094
0.30605419
0.30771681
0.88318984
0.81904175
0.70224009
0.55912773
0.4149623
0.31909572
0.29926247
0.29985597
0.88314842
0.81905185
0.70223094
0.5591318
0.41495476
0.31910383
0.2992515
0.29992734
0.883161
0.81904498
0.70223033
0.55912764
0.41495502
0.31910376
0.29924465
0.29989611
0.88315184
0.81904677
0.70222737
0.55912799
0.41495267
0.31910236
0.29924643
0.29990304
0.88315805
0.81904546
0.70222958
0.55912735
0.41495435
0.3191033
0.29924832
0.29989973
0.88315271
0.81904652
0.7022282
0.559128
0.41495356
0.31910244
0.29924653
0.29990206
0.88315797
0.81904517
0.70222943
0.55912767
0.41495422
0.31910285
0.29924736
0.29990078
0.88315018
0.81904698
0.70222736
0.55912761
0.41495294
0.31910108
0.29924299
0.29989624
0.88315765
0.81904531
0.70222885
0.55912708
0.41495381
0.31910055
0.29924524
0.29989326
0.88315394
0.81904557
0.7022284
0.55912739
0.41495317
0.31910193
0.29924498
0.29990064
0.88315524
0.81904529
0.70222814
0.55912707
0.41495317
0.31910153
0.29924438
0.29989715
0.8831543
0.8190455
0.70222811
0.55912721
0.41495315
0.31910166
0.29924512
0.29989875
0.88315492
0.81904527
0.70222822
0.55912708
0.4149532
0.31910153
0.2992448
0.29989792
0.8831543
0.81904539
0.70222804
0.55912715
0.41495317
0.31910162
0.29924492
0.29989832
0.88315501
0.81904526
0.70222827
0.55912709
0.41495318
0.31910146
0.29924451
0.29989774
0.88315392
0.81904549
0.70222786
0.55912709
0.41495306
0.31910139
0.29924457
0.29989763
1.0015881
1.0007998
0.99962956
1.0010826
1.0000353
1.0018872
0.96253651
0.91252033
1.001587
1.0008004
0.99962928
1.0010829
1.0000349
1.0018878
0.96253578
0.91252548
1.0015873
1.0008002
0.99962928
1.0010827
1.0000349
1.0018876
0.96253579
0.91252394
1.0015871
1.0008003
0.99962926
1.0010828
1.0000348
1.0018876
0.96253564
0.91252449
1.0015873
1.0008002
0.99962929
1.0010828
1.0000349
1.0018876
0.96253568
0.9125241
1.0015871
1.0008002
0.99962925
1.0010828
1.0000349
1.0018876
0.96253562
0.9125243
1.0015873
1.0008002
0.99962928
1.0010828
1.0000349
1.0018876
0.96253571
0.91252421
1.001587
1.0008002
0.9996292
1.0010828
1.0000348
1.0018876
0.96253543
0.91252434
0.88315471
0.81904501
0.70222806
0.55912695
0.41495316
0.31910139
0.2992449
0.29989722
0.88315456
0.81904537
0.70222815
0.55912711
0.41495312
0.31910148
0.29924455
0.29989814
0.8831546
0.81904527
0.70222807
0.55912706
0.4149531
0.31910146
0.29924465
0.29989779
0.88315454
0.8190453
0.70222809
0.55912707
0.41495312
0.31910146
0.29924466
0.29989797
0.88315457
0.81904526
0.70222807
0.55912705
0.41495311
0.31910145
0.29924463
0.29989779
0.88315454
0.81904529
0.70222808
0.55912707
0.41495312
0.31910146
0.29924464
0.29989791
0.88315457
0.81904527
0.70222808
0.55912705
0.41495311
0.31910144
0.2992446
0.29989775
0.88315446
0.81904526
0.70222805
0.55912706
0.4149531
0.31910146
0.29924462
0.29989789
0.88315462
0.81904526
0.7022281
0.55912705
0.41495312
0.31910144
0.29924462
0.29989773
0.88315454
0.81904529
0.70222807
0.55912706
0.4149531
0.31910144
0.29924461
0.29989784
0.88315456
0.81904527
0.70222808
0.55912705
0.41495311
0.31910145
0.29924462
0.29989783
0.88315455
0.81904528
0.70222807
0.55912705
0.41495311
0.31910144
0.29924461
0.29989783
0.88315455
0.81904527
0.70222808
0.55912705
0.41495311
0.31910144
0.29924462
0.29989782
0.88315455
0.81904528
0.70222807
0.55912705
0.41495311
0.31910144
0.29924461
0.29989782
0.88315455
0.81904527
0.70222807
0.55912705
0.41495311
0.31910144
0.29924462
0.29989783
0.88315455
0.81904527
0.70222807
0.55912705
0.41495311
0.31910144
0.2992446
0.29989781
1.0015872
1.0008002
0.99962926
1.0010828
1.0000348
1.0018875
0.9625356
0.91252414
1.0015872
1.0008002
0.99962925
1.0010828
1.0000348
1.0018875
0.9625356
0.91252418
1.0015872
1.0008002
0.99962925
1.0010828
1.0000348
1.0018875
0.9625356
0.91252417
1.0015872
1.0008002
0.99962925
1.0010828
1.0000348
1.0018875
0.9625356
0.91252417
1.0015872
1.0008002
0.99962925
1.0010828
1.0000348
1.0018875
0.9625356
0.91252417
1.0015872
1.0008002
0.99962925
1.0010828
1.0000348
1.0018875
0.9625356
0.91252417
1.0015872
1.0008002
0.99962925
1.0010828
1.0000348
1.0018875
0.9625356
0.91252417
1.0015872
1.0008002
0.99962925
1.0010828
1.0000348
1.0018875
0.9625356
0.91252417
1.0001318
1.0000082
1.0000734
1.0000146
1.0000349
1.0002128
1.0001774
1.0008355
1.0001317
1.0000082
1.0000734
1.0000147
1.0000349
1.0002128
1.0001774
1.0008357
1.0001318
1.0000082
1.0000734
1.0000146
1.0000349
1.0002128
1.0001774
1.0008356
1.0001317
1.0000082
1.0000734
1.0000146
1.0000349
1.0002128
1.0001774
1.0008357
1.0001317
1.0000082
1.0000734
1.0000146
1.0000349
1.0002128
1.0001774
1.0008356
1.0001317
1.0000082
1.0000734
1.0000146
1.0000349
1.0002128
1.0001774
1.0008357
1.0001317
1.0000082
1.0000734
1.0000146
1.0000349
1.0002128
1.0001774
1.0008356
1.0001317
1.0000082
1.0000734
1.0000146
1.0000349
1.0002128
1.0001774
1.0008357
1.0001318
1.0000082
1.0000734
1.0000146
1.0000349
1.0002128
1.0001774
1.0008356
1.0001317
1.0000082
1.0000734
1.0000146
1.0000349
1.0002128
1.0001774
1.0008356
1.0001317
1.0000082
1.0000734
1.0000146
1.0000349
1.0002128
1.0001774
1.0008356
1.0001317
1.0000082
1.0000734
1.0000146
1.0000349
1.0002128
1.0001774
1.0008356
1.0001317
1.0000082
1.0000734
1.0000146
1.0000349
1.0002128
1.0001774
1.0008356
1.0001317
1.0000082
1.0000734
1.0000146
1.0000349
1.0002128
1.0001774
1.0008356
1.0001317
1.0000082
1.0000734
1.0000146
1.0000349
1.0002128
1.0001774
1.0008356
1.0001317
1.0000082
1.0000734
1.0000146
1.0000349
1.0002128
1.0001774
1.0008356
1.0000121
1.0000082
1.0000078
1.0000089
0.99999937
1.0000223
1.0000025
1.0001059
1.0000121
1.0000082
1.0000078
1.0000089
0.99999937
1.0000223
1.0000025
1.0001059
1.0000121
1.0000082
1.0000078
1.0000089
0.99999937
1.0000223
1.0000025
1.0001059
1.0000121
1.0000082
1.0000078
1.0000089
0.99999937
1.0000223
1.0000025
1.0001059
1.0000121
1.0000082
1.0000078
1.0000089
0.99999937
1.0000223
1.0000025
1.0001059
1.0000121
1.0000082
1.0000078
1.0000089
0.99999937
1.0000223
1.0000025
1.0001059
1.0000121
1.0000082
1.0000078
1.0000089
0.99999937
1.0000223
1.0000025
1.0001059
1.0000121
1.0000082
1.0000078
1.0000089
0.99999937
1.0000223
1.0000025
1.0001059
0.10147959
0.10011168
0.10002353
0.10004699
0.10002419
0.10001959
0.099993508
0.10003609
0.10147874
0.10011193
0.10002337
0.10004708
0.10002412
0.10001964
0.099993443
0.10003621
0.10147902
0.10011186
0.10002342
0.10004706
0.10002414
0.10001963
0.099993465
0.10003617
0.10147887
0.10011191
0.1000234
0.10004707
0.10002413
0.10001964
0.099993453
0.10003619
0.10147897
0.10011187
0.10002342
0.10004706
0.10002414
0.10001963
0.099993462
0.10003618
0.10147889
0.1001119
0.1000234
0.10004707
0.10002413
0.10001964
0.099993455
0.10003619
0.10147896
0.10011187
0.10002341
0.10004706
0.10002414
0.10001963
0.099993461
0.10003618
0.10147885
0.10011191
0.10002339
0.10004707
0.10002413
0.10001964
0.099993451
0.1000362
0.10147893
0.10011188
0.1000234
0.10004706
0.10002413
0.10001963
0.099993458
0.10003618
0.10147892
0.10011188
0.1000234
0.10004706
0.10002413
0.10001963
0.099993457
0.10003618
0.10147892
0.10011188
0.1000234
0.10004706
0.10002413
0.10001963
0.099993458
0.10003618
0.10147892
0.10011188
0.1000234
0.10004706
0.10002413
0.10001963
0.099993457
0.10003618
0.10147892
0.10011188
0.1000234
0.10004706
0.10002413
0.10001963
0.099993457
0.10003618
0.10147892
0.10011188
0.1000234
0.10004706
0.10002413
0.10001963
0.099993457
0.10003618
0.10147892
0.10011188
0.1000234
0.10004706
0.10002413
0.10001963
0.099993457
0.10003618
0.10147892
0.10011188
0.1000234
0.10004706
0.10002413
0.10001963
0.099993457
0.10003618
0.3069805
0.31056617
0.28447454
0.15652043
0.099572266
0.10282827
0.097633643
0.1003484
0.30697844
0.31056608
0.28447447
0.1565205
0.099572245
0.10282828
0.097633629
0.10034845
0.30697889
0.31056618
0.28447452
0.1565205
0.099572251
0.10282829
0.097633633
0.10034844
0.30697855
0.31056599
0.28447449
0.15652051
0.099572251
0.10282828
0.097633632
0.10034844
0.30697869
0.31056606
0.2844745
0.1565205
0.099572251
0.10282829
0.097633633
0.10034844
0.30697857
0.31056604
0.28447447
0.1565205
0.099572248
0.10282828
0.09763363
0.10034844
0.3069787
0.31056598
0.28447449
0.15652049
0.099572252
0.10282828
0.097633634
0.10034843
0.30697833
0.31056601
0.28447442
0.1565205
0.09957224
0.10282829
0.097633623
0.10034845
0.30697856
0.31056597
0.28447449
0.15652048
0.099572251
0.10282828
0.097633634
0.10034843
0.30697869
0.31056604
0.28447447
0.1565205
0.099572248
0.10282829
0.097633631
0.10034844
0.30697859
0.31056601
0.28447448
0.1565205
0.09957225
0.10282828
0.097633632
0.10034844
0.30697863
0.31056602
0.28447447
0.1565205
0.099572248
0.10282828
0.097633631
0.10034844
0.3069786
0.31056601
0.28447448
0.1565205
0.099572249
0.10282828
0.097633632
0.10034844
0.30697861
0.31056602
0.28447447
0.1565205
0.099572248
0.10282828
0.097633631
0.10034844
0.30697862
0.31056601
0.28447447
0.15652049
0.099572249
0.10282828
0.097633632
0.10034844
0.30697858
0.31056601
0.28447447
0.1565205
0.099572248
0.10282828
0.097633631
0.10034844
0.30094108
0.30123545
0.30065443
0.30226959
0.30464471
0.3047191
0.30622868
0.30783498
0.30094086
0.30123554
0.300655
0.30226939
0.30464533
0.30471882
0.3062286
0.307836
0.30094099
0.30123552
0.30065479
0.30226956
0.30464506
0.30471896
0.30622868
0.30783559
0.30094088
0.3012355
0.30065489
0.30226942
0.30464519
0.30471886
0.30622859
0.30783579
0.30094094
0.3012355
0.30065481
0.30226949
0.30464509
0.3047189
0.30622863
0.30783565
0.3009409
0.3012355
0.30065486
0.30226944
0.30464515
0.30471888
0.30622861
0.30783574
0.30094093
0.30123551
0.30065483
0.30226947
0.30464513
0.30471888
0.30622861
0.30783569
0.3009409
0.30123548
0.30065483
0.30226945
0.3046451
0.30471888
0.30622861
0.30783569
