FiniteElementSpace
FiniteElementCollection: L2_2D_P7
VDim: 1
Ordering: 0

0.10000854
0.099999181
0.10000087
0.10000052
0.10000042
0.099999968
0.10000008
0.099998908
0.10000854
0.099999181
0.10000087
0.10000052
0.10000042
0.099999968
0.10000008
0.099998908
0.10000854
0.099999181
0.10000087
0.10000052
0.10000042
0.099999968
0.10000008
0.099998908
0.10000854
0.099999181
0.10000087
0.10000052
0.10000042
0.099999968
0.10000008
0.099998908
0.10000854
0.099999181
0.10000087
0.10000052
0.10000042
0.099999968
0.10000008
0.099998908
0.10000854
0.099999181
0.10000087
0.10000052
0.10000042
0.099999968
0.10000008
0.099998908
0.10000854
0.099999181
0.10000087
0.10000052
0.10000042
0.099999968
0.10000008
0.099998908
0.10000854
0.099999181
0.10000087
0.10000052
0.10000042
0.099999968
0.10000008
0.099998908
0.1
0.1
0.1
0.1
0.1
0.1
0.1
0.1
0.1
0.1
0.1
0.1
0.1
0.1
0.1
0.1
0.1
0.1
0.1
0.1
0.1
0.1
0.1
0.1
0.1
0.1
0.1
0.1
0.1
0.1
0.1
0.1
0.1
0.1
0.1
0.1
0.1
0.1
0.1
0.1
0.1
0.1
0.1
0.1
0.1
0.1
0.1
0.1
0.1
0.1
0.1
0.1
0.1
0.1
0.1
0.1
0.1
0.1
0.1
0.1
0.1
0.1
0.1
0.1
0.10000887
0.099999073
0.10000089
0.10000049
0.10000044
0.099999942
0.10000009
0.099998847
0.10000833
0.099999222
0.10000084
0.10000053
0.10000041
0.099999977
0.10000006
0.099998924
0.10000874
0.099999152
0.10000089
0.10000051
0.10000044
0.099999961
0.10000009
0.099998895
0.10000835
0.099999222
0.10000084
0.10000053
0.10000041
0.099999977
0.10000007
0.099998922
0.10000886
0.09999915
0.10000091
0.1000005
0.10000044
0.099999958
0.10000009
0.099998892
0.10000825
0.099999316
0.10000084
0.10000056
0.10000041
0.099999993
0.10000006
0.099998946
0.10001003
0.099999385
0.10000107
0.10000051
0.10000053
0.099999973
0.10000016
0.099998881
0.10000521
0.099999875
0.10000033
0.10000076
0.10000015
0.10000007
0.09999992
0.099998996
0.1
0.1
0.1
0.1
0.1
0.1
0.1
0.1
0.1
0.1
0.1
0.1
0.1
0.1
0.1
0.1
0.1
0.1
0.1
0.1
0.1
0.1
0.1
0.1
0.1
0.1
0.1
0.1
0.1
0.1
0.1
0.1
0.1
0.1
0.1
0.1
0.1
0.1
0.1
0.1
0.1
0.1
0.1
0.1
0.1
0.1
0.1
0.1
0.1
0.1
0.1
0.1
0.1
0.1
0.1
0.1
0.1
0.1
0.1
0.1
0.1
0.1
0.1
0.1
0.099496429
0.10014663
0.10001983
0.10005054
0.099994872
0.10003083
0.099967435
0.10001866
0.099497796
0.10014666
0.10001997
0.10005048
0.099994926
0.10003079
0.099967451
0.1000187
0.099497826
0.1001468
0.10001992
0.10005052
0.099994909
0.10003081
0.099967455
0.1000187
0.099498615
0.1001467
0.10001997
0.10005051
0.09999493
0.10003081
0.099967465
0.10001875
0.099498882
0.10014669
0.10001992
0.1000505
0.099994914
0.1000308
0.099967455
0.10001875
0.099499236
0.1001466
0.10001993
0.10005048
0.099994925
0.10003079
0.099967463
0.10001876
0.099499224
0.10014663
0.10001991
0.10005049
0.099994913
0.1000308
0.099967447
0.10001878
0.099499499
0.1001465
0.10001994
0.10005045
0.099994929
0.10003077
0.09996747
0.10001873
0.099999943
0.10000002
0.099999999
0.10000001
0.1
0.1
0.099999998
0.099999997
0.099999943
0.10000002
0.099999999
0.10000001
0.1
0.1
0.099999998
0.099999997
0.099999943
0.10000002
0.099999999
0.10000001
0.1
0.1
0.099999998
0.099999997
0.099999943
0.10000002
0.099999999
0.10000001
0.1
0.1
0.099999998
0.099999997
0.099999943
0.10000002
0.099999999
0.10000001
0.1
0.1
0.099999998
0.099999997
0.099999943
0.10000002
0.099999999
0.10000001
0.1
0.1
0.099999998
0.099999997
0.099999943
0.10000002
0.099999999
0.10000001
0.1
0.1
0.099999998
0.099999997
0.099999943
0.10000002
0.099999999
0.10000001
0.1
0.1
0.099999998
0.099999997
0.099999786
0.10000006
0.099999994
0.10000001
0.099999996
0.10000001
0.099999992
0.099999998
0.099999786
0.10000006
0.099999994
0.10000001
0.099999996
0.10000001
0.099999992
0.099999998
0.099999786
0.10000006
0.099999994
0.10000001
0.099999996
0.10000001
0.099999992
0.099999998
0.099999786
0.10000006
0.099999994
0.10000001
0.099999996
0.10000001
0.099999992
0.099999998
0.099999786
0.10000006
0.099999994
0.10000001
0.099999996
0.10000001
0.099999992
0.099999998
0.099999786
0.10000006
0.099999994
0.10000001
0.099999996
0.10000001
0.099999992
0.099999998
0.099999786
0.10000006
0.099999994
0.10000001
0.099999996
0.10000001
0.099999992
0.099999998
0.099999786
0.10000006
0.099999994
0.10000001
0.099999996
0.10000001
0.099999992
0.099999998
0.099999786
0.10000006
0.099999994
0.10000001
0.099999996
0.10000001
0.099999992
0.099999997
0.099999785
0.10000006
0.099999994
0.10000001
0.099999996
0.10000001
0.099999992
0.099999998
0.099999786
0.10000006
0.099999994
0.10000001
0.099999996
0.10000001
0.099999992
0.099999998
0.099999785
0.10000006
0.099999994
0.10000001
0.099999996
0.10000001
0.099999992
0.099999998
0.099999786
0.10000006
0.099999994
0.10000001
0.099999996
0.10000001
0.099999992
0.099999998
0.099999785
0.10000006
0.099999994
0.10000001
0.099999996
0.10000001
0.099999992
0.099999998
0.099999786
0.10000006
0.099999994
0.10000001
0.099999996
0.10000001
0.099999992
0.099999997
0.099999784
0.10000006
0.099999993
0.10000001
0.099999995
0.10000001
0.099999992
0.099999998
0.10000855
0.09999918
0.10000087
0.10000052
0.10000042
0.099999967
0.10000008
0.099998907
0.10000854
0.099999182
0.10000086
0.10000052
0.10000042
0.099999968
0.10000008
0.099998908
0.10000854
0.099999181
0.10000087
0.10000052
0.10000042
0.099999968
0.10000008
0.099998907
0.10000854
0.099999182
0.10000086
0.10000052
0.10000042
0.099999968
0.10000008
0.099998908
0.10000855
0.099999181
0.10000087
0.10000052
0.10000042
0.099999967
0.10000008
0.099998907
0.10000854
0.099999183
0.10000086
0.10000052
0.10000042
0.099999968
0.10000008
0.099998909
0.10000855
0.09999918
0.10000087
0.10000052
0.10000043
0.099999967
0.10000008
0.099998906
0.10000853
0.099999183
0.10000086
0.10000052
0.10000042
0.099999969
0.10000007
0.099998914
0.1
0.1
0.1
0.1
0.1
0.1
0.1
0.1
0.1
0.1
0.1
0.1
0.1
0.1
0.1
0.1
0.1
0.1
0.1
0.1
0.1
0.1
0.1
0.1
0.1
0.1
0.1
0.1
0.1
0.1
0.1
0.1
0.1
0.1
0.1
0.1
0.1
0.1
0.1
0.1
0.1
0.1
0.1
0.1
0.1
0.1
0.1
0.1
0.1
0.1
0.1
0.1
0.1
0.1
0.1
0.1
0.1
0.1
0.1
0.1
0.1
0.1
0.1
0.1
0.099999791
0.10000006
0.099999994
0.10000001
0.099999996
0.10000001
0.099999992
0.099999996
0.099999783
0.10000006
0.099999993
0.10000001
0.099999995
0.10000001
0.099999992
0.099999998
0.099999788
0.10000006
0.099999994
0.10000001
0.099999996
0.10000001
0.099999992
0.099999997
0.099999783
0.10000006
0.099999993
0.10000001
0.099999995
0.10000001
0.099999992
0.099999998
0.099999789
0.10000006
0.099999994
0.10000001
0.099999996
0.10000001
0.099999992
0.099999997
0.099999782
0.10000006
0.099999993
0.10000001
0.099999995
0.10000001
0.099999992
0.099999998
0.099999796
0.10000006
0.099999995
0.10000001
0.099999996
0.10000001
0.099999993
0.099999997
0.09999975
0.10000007
0.099999991
0.10000001
0.099999994
0.10000001
0.099999991
0.1
0.10000008
0.099999961
0.10000016
0.10000005
0.10000008
0.099999994
0.10000003
0.099999954
0.10000068
0.099999914
0.10000019
0.10000007
0.10000009
0.099999999
0.10000004
0.10000002
0.10000185
0.099999923
0.10000022
0.10000008
0.10000011
0.10000001
0.10000003
0.10000004
0.10000229
0.10000024
0.10000017
0.10000015
0.10000009
0.10000007
0.099999942
0.10000014
0.10000088
0.10000079
0.10000006
0.10000026
0.10000003
0.10000016
0.099999815
0.10000025
0.099998909
0.10000128
0.099999955
0.10000035
0.09999997
0.10000025
0.09999972
0.10000029
0.099997586
0.10000156
0.099999906
0.10000041
0.099999942
0.10000029
0.099999676
0.10000028
0.099996903
0.1000017
0.099999878
0.10000043
0.099999925
0.10000031
0.099999655
0.10000026
0.099978146
0.10000118
0.10002444
0.10000438
0.1000085
0.099998035
0.100006
0.099987667
0.10005944
0.099979627
0.10003645
0.10000305
0.1000135
0.099995408
0.10001153
0.099992502
0.10014966
0.099970083
0.10004594
0.10000393
0.10001545
0.099995952
0.10000945
0.10000377
0.10021621
0.099988634
0.1000443
0.10001133
0.10001295
0.10000187
0.10000104
0.10001419
0.10017379
0.10002508
0.10003695
0.10002112
0.1000083
0.10000977
0.099990409
0.10002005
0.10005251
0.1000614
0.10002898
0.10003068
0.10000343
0.100017
0.099981374
0.10002422
0.099933113
0.10008624
0.10002437
0.10003705
0.10000029
0.10002178
0.099975846
0.10002493
0.099854871
0.10009878
0.10002205
0.10004017
0.09999886
0.10002397
0.099973441
0.10002513
0.1
0.1
0.1
0.1
0.1
0.1
0.1
0.1
0.1
0.1
0.1
0.1
0.1
0.1
0.1
0.1
0.1
0.1
0.1
0.1
0.1
0.1
0.1
0.1
0.099999999
0.1
0.1
0.1
0.1
0.1
0.1
0.1
0.1
0.1
0.1
0.1
0.1
0.1
0.1
0.1
0.1
0.1
0.1
0.1
0.1
0.1
0.1
0.1
0.1
0.1
0.1
0.1
0.1
0.1
0.1
0.1
0.1
0.1
0.1
0.1
0.1
0.1
0.1
0.1
0.1
0.099999999
0.1
0.1
0.1
0.1
0.1
0.1
0.10000001
0.1
0.1
0.1
0.1
0.1
0.1
0.1
0.10000001
0.1
0.1
0.1
0.1
0.1
0.099999999
0.1
0.099999992
0.10000001
0.099999999
0.1
0.1
0.1
0.099999998
0.1
0.099999969
0.10000002
0.099999998
0.1
0.099999999
0.1
0.099999997
0.1
0.099999957
0.10000002
0.099999998
0.10000001
0.099999999
0.1
0.099999997
0.1
0.099999951
0.10000002
0.099999998
0.10000001
0.099999999
0.1
0.099999998
0.099999999
0.099999949
0.10000002
0.099999999
0.10000001
0.099999999
0.1
0.099999998
0.099999998
0.099995076
0.1000021
0.099999859
0.10000051
0.099999901
0.10000036
0.09999962
0.10000018
0.099995065
0.1000021
0.099999857
0.10000051
0.099999899
0.10000036
0.099999619
0.10000018
0.099995074
0.1000021
0.099999858
0.10000051
0.0999999
0.10000036
0.09999962
0.10000018
0.099995073
0.1000021
0.099999857
0.10000051
0.0999999
0.10000036
0.099999619
0.10000018
0.099995078
0.1000021
0.099999858
0.10000051
0.0999999
0.10000036
0.099999619
0.10000018
0.099995076
0.1000021
0.099999857
0.10000051
0.0999999
0.10000036
0.099999619
0.10000018
0.099995079
0.1000021
0.099999858
0.10000051
0.0999999
0.10000036
0.099999619
0.10000018
0.099995075
0.1000021
0.099999857
0.10000051
0.0999999
0.10000036
0.099999619
0.10000018
0.099995078
0.1000021
0.099999858
0.10000051
0.0999999
0.10000036
0.099999619
0.10000018
0.099995078
0.1000021
0.099999858
0.10000051
0.0999999
0.10000036
0.099999619
0.10000018
0.099995078
0.1000021
0.099999858
0.10000051
0.0999999
0.10000036
0.099999619
0.10000018
0.099995078
0.1000021
0.099999858
0.10000051
0.0999999
0.10000036
0.099999619
0.10000018
0.099995078
0.1000021
0.099999858
0.10000051
0.0999999
0.10000036
0.099999619
0.10000018
0.099995078
0.1000021
0.099999858
0.10000051
0.0999999
0.10000036
0.099999619
0.10000018
0.099995078
0.1000021
0.099999858
0.10000051
0.0999999
0.10000036
0.099999619
0.10000018
0.099995078
0.1000021
0.099999858
0.10000051
0.0999999
0.10000036
0.099999619
0.10000018
0.099499424
0.10014659
0.10001991
0.10005048
0.099994918
0.10003079
0.099967457
0.10001877
0.099499453
0.10014658
0.10001992
0.10005048
0.09999492
0.10003079
0.099967459
0.10001877
0.099499445
0.10014658
0.10001992
0.10005048
0.099994919
0.10003079
0.099967458
0.10001877
0.099499451
0.10014658
0.10001992
0.10005048
0.09999492
0.10003079
0.099967458
0.10001877
0.099499448
0.10014658
0.10001992
0.10005048
0.099994919
0.10003079
0.099967458
0.10001877
0.099499451
0.10014658
0.10001992
0.10005048
0.09999492
0.10003079
0.099967458
0.10001877
0.09949945
0.10014658
0.10001992
0.10005048
0.099994919
0.10003079
0.099967458
0.10001877
0.099499449
0.10014658
0.10001992
0.10005048
0.099994919
0.10003079
0.099967458
0.10001877
0.1
0.1
0.1
0.1
0.1
0.1
0.1
0.1
0.1
0.1
0.1
0.1
0.1
0.1
0.1
0.1
0.1
0.1
0.1
0.1
0.1
0.1
0.1
0.1
0.1
0.1
0.1
0.1
0.1
0.1
0.1
0.1
0.1
0.1
0.1
0.1
0.1
0.1
0.1
0.1
0.1
0.1
0.1
0.1
0.1
0.1
0.1
0.1
0.1
0.1
0.1
0.1
0.1
0.1
0.1
0.1
0.1
0.1
0.1
0.1
0.1
0.1
0.1
0.1
0.1
0.1
0.1
0.1
0.1
0.1
0.1
0.1
0.1
0.1
0.1
0.1
0.1
0.1
0.1
0.1
0.1
0.1
0.1
0.1
0.1
0.1
0.1
0.1
0.1
0.1
0.1
0.1
0.1
0.1
0.1
0.1
0.1
0.1
0.1
0.1
0.1
0.1
0.1
0.1
0.1
0.1
0.1
0.1
0.1
0.1
0.1
0.1
0.1
0.1
0.1
0.1
0.1
0.1
0.1
0.1
0.1
0.1
0.1
0.1
0.1
0.1
0.1
0.1
0.099999943
0.10000002
0.099999999
0.10000001
0.1
0.1
0.099999998
0.099999997
0.099999943
0.10000002
0.099999999
0.10000001
0.1
0.1
0.099999998
0.099999997
0.099999943
0.10000002
0.099999999
0.10000001
0.1
0.1
0.099999998
0.099999997
0.099999943
0.10000002
0.099999999
0.10000001
0.1
0.1
0.099999998
0.099999997
0.099999943
0.10000002
0.099999999
0.10000001
0.1
0.1
0.099999998
0.099999997
0.099999943
0.10000002
0.099999999
0.10000001
0.1
0.1
0.099999998
0.099999997
0.099999943
0.10000002
0.099999999
0.10000001
0.1
0.1
0.099999998
0.099999997
0.099999943
0.10000002
0.099999999
0.10000001
0.1
0.1
0.099999998
0.099999997
0.10000036
0.099999876
0.10000018
0.10000001
0.10000007
0.09999996
0.10000005
0.099999991
0.10000036
0.099999876
0.10000018
0.10000001
0.10000007
0.09999996
0.10000005
0.099999991
0.10000036
0.099999876
0.10000018
0.10000001
0.10000007
0.09999996
0.10000005
0.099999991
0.10000036
0.099999876
0.10000018
0.10000001
0.10000007
0.09999996
0.10000005
0.099999991
0.10000036
0.099999876
0.10000018
0.10000001
0.10000007
0.09999996
0.10000005
0.099999991
0.10000036
0.099999876
0.10000018
0.10000001
0.10000007
0.09999996
0.10000005
0.099999991
0.10000036
0.099999876
0.10000018
0.10000001
0.10000007
0.09999996
0.10000005
0.099999991
0.10000036
0.099999876
0.10000018
0.10000001
0.10000007
0.09999996
0.10000005
0.099999991
0.10000036
0.099999876
0.10000018
0.10000001
0.10000007
0.09999996
0.10000005
0.099999991
0.10000036
0.099999876
0.10000018
0.10000001
0.10000007
0.09999996
0.10000005
0.099999991
0.10000036
0.099999876
0.10000018
0.10000001
0.10000007
0.09999996
0.10000005
0.099999991
0.10000036
0.099999876
0.10000018
0.10000001
0.10000007
0.09999996
0.10000005
0.099999991
0.10000036
0.099999876
0.10000018
0.10000001
0.10000007
0.09999996
0.10000005
0.099999991
0.10000036
0.099999876
0.10000018
0.10000001
0.10000007
0.09999996
0.10000005
0.099999991
0.10000036
0.099999876
0.10000018
0.10000001
0.10000007
0.09999996
0.10000005
0.099999991
0.10000036
0.099999876
0.10000018
0.10000001
0.10000007
0.099999961
0.10000005
0.099999991
0.10000854
0.099999181
0.10000087
0.10000052
0.10000042
0.099999968
0.10000008
0.099998908
0.10000854
0.099999181
0.10000087
0.10000052
0.10000042
0.099999968
0.10000008
0.099998908
0.10000854
0.099999181
0.10000087
0.10000052
0.10000042
0.099999968
0.10000008
0.099998908
0.10000854
0.099999181
0.10000087
0.10000052
0.10000042
0.099999968
0.10000008
0.099998908
0.10000854
0.099999181
0.10000087
0.10000052
0.10000042
0.099999968
0.10000008
0.099998908
0.10000854
0.099999181
0.10000087
0.10000052
0.10000042
0.099999968
0.10000008
0.099998908
0.10000855
0.099999181
0.10000087
0.10000052
0.10000042
0.099999968
0.10000008
0.099998907
0.10000854
0.099999182
0.10000086
0.10000052
0.10000042
0.099999968
0.10000008
0.099998909
0.1
0.1
0.1
0.1
0.1
0.1
0.1
0.1
0.1
0.1
0.1
0.1
0.1
0.1
0.1
0.1
0.1
0.1
0.1
0.1
0.1
0.1
0.1
0.1
0.1
0.1
0.1
0.1
0.1
0.1
0.1
0.1
0.1
0.1
0.1
0.1
0.1
0.1
0.1
0.1
0.1
0.1
0.1
0.1
0.1
0.1
0.1
0.1
0.1
0.1
0.1
0.1
0.1
0.1
0.1
0.1
0.1
0.1
0.1
0.1
0.1
0.1
0.1
0.1
0.10000041
0.099999857
0.10000018
0.10000001
0.10000007
0.099999956
0.10000005
0.099999981
0.10000035
0.099999882
0.10000017
0.10000001
0.10000006
0.099999962
0.10000005
0.099999995
0.10000038
0.099999872
0.10000018
0.10000001
0.10000007
0.09999996
0.10000005
0.099999989
0.10000035
0.099999881
0.10000017
0.10000001
0.10000006
0.099999961
0.10000005
0.099999994
0.10000038
0.099999872
0.10000018
0.10000001
0.10000007
0.09999996
0.10000005
0.099999989
0.10000034
0.099999888
0.10000017
0.10000002
0.10000006
0.099999963
0.10000005
0.099999996
0.10000045
0.099999876
0.10000019
0.10000001
0.10000007
0.09999996
0.10000006
0.099999988
0.10000014
0.099999939
0.10000014
0.10000003
0.10000005
0.099999972
0.10000003
0.10000002
0.10000041
0.099999755
0.1000002
0.09999997
0.10000008
0.099999932
0.10000006
0.099999938
0.10000044
0.099999922
0.10000016
0.10000003
0.10000006
0.09999997
0.10000004
0.10000001
0.10000025
0.099999879
0.10000019
0.1
0.10000007
0.099999958
0.10000005
0.099999992
0.10000028
0.099999923
0.10000016
0.10000003
0.10000006
0.099999972
0.10000004
0.10000001
0.10000002
0.099999878
0.1000002
0.10000002
0.10000008
0.099999968
0.10000005
0.1
0.100001
0.10000004
0.10000022
0.1000001
0.1000001
0.1
0.10000005
0.1
0.099999771
0.10000063
0.10000051
0.10000032
0.10000021
0.10000009
0.10000002
0.10000005
0.099999366
0.10000118
0.10000056
0.10000075
0.10000023
0.10000019
0.099999878
0.099999949
0.1000102
0.099997493
0.10000093
0.10000006
0.10000046
0.099999672
0.10000008
0.099998645
0.10000728
0.099999863
0.10000082
0.10000061
0.10000039
0.10000003
0.10000009
0.09999871
0.10001021
0.099999144
0.10000095
0.10000049
0.10000046
0.099999945
0.1000001
0.099999028
0.10001025
0.099999925
0.10000081
0.1000006
0.10000041
0.10000002
0.10000005
0.099998927
0.10000976
0.10000015
0.10000073
0.10000075
0.10000043
0.10000018
0.099999879
0.099999791
0.099998148
0.1000029
0.10000165
0.10000145
0.10000066
0.10000042
0.10000018
0.099998323
0.10001109
0.10000745
0.10000593
0.10000362
0.10000231
0.10000063
0.10000097
0.099998294
0.099973995
0.10002008
0.10000852
0.10000717
0.10000297
0.10000174
0.099999051
0.099996081
0.1
0.1
0.1
0.1
0.1
0.1
0.1
0.1
0.1
0.1
0.1
0.1
0.1
0.1
0.1
0.1
0.1
0.1
0.1
0.1
0.1
0.1
0.1
0.1
0.1
0.1
0.1
0.1
0.1
0.1
0.1
0.1
0.1
0.1
0.1
0.1
0.1
0.1
0.1
0.1
0.1
0.1
0.1
0.1
0.1
0.1
0.1
0.1
0.1
0.1
0.1
0.1
0.1
0.1
0.1
0.1
0.099999998
0.1
0.1
0.1
0.1
0.1
0.1
0.1
0.10001447
0.0999927
0.10000827
0.10000005
0.10000308
0.099998736
0.10000293
0.099997233
0.10001445
0.099992723
0.10000827
0.10000006
0.10000308
0.099998742
0.10000294
0.099997247
0.10001443
0.099992727
0.10000827
0.10000006
0.10000308
0.099998742
0.10000294
0.099997241
0.10001442
0.099992734
0.10000827
0.10000006
0.10000308
0.099998742
0.10000294
0.099997241
0.1000144
0.09999273
0.10000827
0.10000006
0.10000308
0.099998742
0.10000294
0.099997239
0.10001439
0.099992732
0.10000827
0.10000006
0.10000308
0.099998742
0.10000294
0.099997239
0.10001438
0.099992729
0.10000827
0.10000005
0.10000308
0.099998741
0.10000294
0.099997237
0.10001439
0.099992727
0.10000827
0.10000005
0.10000308
0.099998742
0.10000294
0.099997239
0.10001437
0.09999273
0.10000827
0.10000006
0.10000308
0.099998742
0.10000294
0.099997237
0.10001439
0.099992731
0.10000827
0.10000005
0.10000308
0.099998741
0.10000294
0.099997238
0.10001438
0.099992732
0.10000827
0.10000006
0.10000308
0.099998742
0.10000294
0.099997238
0.10001438
0.099992731
0.10000827
0.10000006
0.10000308
0.099998742
0.10000294
0.099997238
0.10001438
0.099992731
0.10000827
0.10000006
0.10000308
0.099998742
0.10000294
0.099997238
0.10001438
0.099992731
0.10000827
0.10000006
0.10000308
0.099998742
0.10000294
0.099997238
0.10001438
0.099992731
0.10000827
0.10000006
0.10000308
0.099998742
0.10000294
0.099997238
0.10001438
0.099992729
0.10000827
0.10000005
0.10000308
0.099998742
0.10000294
0.099997238
0.099499062
0.10014664
0.10001987
0.1000505
0.0999949
0.1000308
0.099967446
0.10001877
0.099499463
0.10014657
0.10001993
0.10005047
0.099994926
0.10003079
0.09996746
0.10001877
0.099499349
0.10014661
0.10001991
0.10005048
0.099994917
0.10003079
0.099967458
0.10001877
0.099499447
0.10014658
0.10001993
0.10005048
0.099994923
0.10003079
0.09996746
0.10001877
0.0994994
0.10014659
0.10001991
0.10005048
0.099994918
0.10003079
0.099967458
0.10001877
0.099499453
0.10014658
0.10001992
0.10005047
0.099994921
0.10003079
0.099967459
0.10001877
0.099499425
0.10014659
0.10001992
0.10005048
0.099994919
0.10003079
0.099967457
0.10001877
0.09949946
0.10014657
0.10001992
0.10005047
0.099994921
0.10003079
0.099967459
0.10001876
0.1
0.099999999
0.1
0.1
0.1
0.1
0.1
0.1
0.1
0.099999999
0.1
0.1
0.1
0.1
0.1
0.1
0.1
0.099999999
0.1
0.1
0.1
0.1
0.1
0.1
0.1
0.099999999
0.1
0.1
0.1
0.1
0.1
0.1
0.1
0.099999999
0.1
0.1
0.1
0.1
0.1
0.1
0.1
0.099999999
0.1
0.1
0.1
0.1
0.1
0.1
0.1
0.099999999
0.1
0.1
0.1
0.1
0.1
0.1
0.1
0.099999999
0.1
0.1
0.1
0.1
0.1
0.1
0.1
0.099999999
0.1
0.1
0.1
0.1
0.1
0.1
0.1
0.099999999
0.1
0.1
0.1
0.1
0.1
0.1
0.1
0.099999999
0.1
0.1
0.1
0.1
0.1
0.1
0.1
0.099999999
0.1
0.1
0.1
0.1
0.1
0.1
0.1
0.099999999
0.1
0.1
0.1
0.1
0.1
0.1
0.1
0.099999999
0.1
0.1
0.1
0.1
0.1
0.1
0.1
0.099999999
0.1
0.1
0.1
0.1
0.1
0.1
0.1
0.099999999
0.1
0.1
0.1
0.1
0.1
0.1
0.099999943
0.10000002
0.099999999
0.10000001
0.1
0.1
0.099999998
0.099999997
0.099999943
0.10000002
0.099999999
0.10000001
0.1
0.1
0.099999998
0.099999997
0.099999943
0.10000002
0.099999999
0.10000001
0.1
0.1
0.099999998
0.099999997
0.099999943
0.10000002
0.099999999
0.10000001
0.1
0.1
0.099999998
0.099999997
0.099999943
0.10000002
0.099999999
0.10000001
0.1
0.1
0.099999998
0.099999997
0.099999943
0.10000002
0.099999999
0.10000001
0.1
0.1
0.099999998
0.099999997
0.099999943
0.10000002
0.099999999
0.10000001
0.1
0.1
0.099999998
0.099999997
0.099999943
0.10000002
0.099999999
0.10000001
0.1
0.1
0.099999998
0.099999997
0.099768423
0.10004916
0.099996567
0.10001127
0.099999277
0.100005
0.09999696
0.099987038
0.099768423
0.10004916
0.099996567
0.10001127
0.099999277
0.100005
0.09999696
0.099987038
0.099768423
0.10004916
0.099996567
0.10001127
0.099999277
0.100005
0.09999696
0.099987038
0.099768423
0.10004916
0.099996567
0.10001127
0.099999277
0.100005
0.09999696
0.099987038
0.099768423
0.10004916
0.099996567
0.10001127
0.099999277
0.100005
0.09999696
0.099987038
0.099768423
0.10004916
0.099996567
0.10001127
0.099999277
0.100005
0.09999696
0.099987039
0.099768423
0.10004916
0.099996567
0.10001127
0.099999277
0.100005
0.09999696
0.099987038
0.099768424
0.10004916
0.099996567
0.10001127
0.099999276
0.100005
0.09999696
0.099987039
0.099768423
0.10004916
0.099996567
0.10001127
0.099999277
0.10000499
0.09999696
0.099987038
0.099768423
0.10004916
0.099996567
0.10001127
0.099999277
0.100005
0.09999696
0.099987039
0.099768424
0.10004916
0.099996567
0.10001127
0.099999277
0.100005
0.09999696
0.099987038
0.099768423
0.10004916
0.099996567
0.10001127
0.099999276
0.100005
0.09999696
0.099987039
0.099768424
0.10004916
0.099996567
0.10001127
0.099999277
0.10000499
0.09999696
0.099987038
0.099768423
0.10004916
0.099996566
0.10001127
0.099999276
0.100005
0.09999696
0.099987039
0.099768428
0.10004916
0.099996567
0.10001127
0.099999277
0.10000499
0.09999696
0.099987037
0.099768406
0.10004916
0.099996564
0.10001127
0.099999275
0.100005
0.099996958
0.099987042
0.099768432
0.10004915
0.099996568
0.10001127
0.099999277
0.10000499
0.099996961
0.099987034
0.099768422
0.10004916
0.099996565
0.10001127
0.099999276
0.100005
0.099996959
0.09998704
0.099768424
0.10004916
0.099996568
0.10001127
0.099999277
0.10000499
0.099996961
0.099987037
0.099768424
0.10004917
0.099996566
0.10001127
0.099999276
0.100005
0.099996959
0.09998704
0.099768424
0.10004915
0.099996569
0.10001127
0.099999278
0.10000499
0.099996961
0.099987036
0.099768429
0.10004918
0.099996565
0.10001127
0.099999275
0.100005
0.099996958
0.099987042
0.099768452
0.10004915
0.099996577
0.10001127
0.099999282
0.10000499
0.099996965
0.099987034
0.09976845
0.1000492
0.099996534
0.10001128
0.099999264
0.100005
0.099996942
0.099987064
0.099768201
0.10004911
0.099996577
0.10001126
0.099999279
0.10000498
0.099996973
0.099986993
0.099768479
0.10004916
0.09999656
0.10001127
0.099999273
0.100005
0.099996951
0.099987057
0.099768417
0.10004916
0.099996573
0.10001127
0.09999928
0.10000499
0.099996969
0.099987023
0.099768424
0.10004918
0.099996566
0.10001127
0.099999275
0.100005
0.099996951
0.099987056
0.09976846
0.10004915
0.099996577
0.10001127
0.099999282
0.10000499
0.099996975
0.099987015
0.099768507
0.10004927
0.099996578
0.10001128
0.099999277
0.100005
0.099996946
0.09998708
0.09976882
0.10004935
0.099996681
0.10001129
0.099999317
0.10000501
0.099997033
0.099986989
0.099767203
0.10004851
0.099996561
0.1000113
0.099999188
0.10000502
0.099996801
0.099987418
0.10000001
0.099999999
0.1
0.1
0.1
0.1
0.1
0.099999999
0.10000001
0.099999999
0.1
0.1
0.1
0.1
0.1
0.099999999
0.10000001
0.099999999
0.1
0.1
0.1
0.1
0.1
0.099999999
0.10000001
0.099999999
0.1
0.1
0.1
0.1
0.1
0.099999999
0.10000001
0.099999999
0.1
0.1
0.1
0.1
0.1
0.099999999
0.10000001
0.099999999
0.1
0.1
0.1
0.1
0.1
0.099999999
0.10000001
0.099999999
0.1
0.1
0.1
0.1
0.1
0.099999999
0.10000001
0.099999999
0.1
0.1
0.1
0.1
0.1
0.099999999
0.10000001
0.099999999
0.1
0.1
0.1
0.1
0.1
0.099999999
0.10000001
0.099999999
0.1
0.1
0.1
0.1
0.1
0.099999999
0.10000001
0.099999999
0.1
0.1
0.1
0.1
0.1
0.099999999
0.10000001
0.099999999
0.1
0.1
0.1
0.1
0.1
0.099999999
0.10000001
0.099999999
0.1
0.1
0.1
0.1
0.1
0.099999999
0.10000001
0.099999999
0.1
0.1
0.1
0.1
0.1
0.099999999
0.10000001
0.099999999
0.1
0.1
0.1
0.1
0.1
0.099999999
0.10000001
0.099999999
0.1
0.1
0.1
0.1
0.1
0.099999999
0.099999786
0.10000006
0.099999994
0.10000001
0.099999996
0.10000001
0.099999992
0.099999998
0.099999786
0.10000006
0.099999994
0.10000001
0.099999996
0.10000001
0.099999992
0.099999998
0.099999786
0.10000006
0.099999994
0.10000001
0.099999996
0.10000001
0.099999992
0.099999998
0.099999786
0.10000006
0.099999994
0.10000001
0.099999996
0.10000001
0.099999992
0.099999998
0.099999786
0.10000006
0.099999994
0.10000001
0.099999996
0.10000001
0.099999992
0.099999998
0.099999785
0.10000006
0.099999994
0.10000001
0.099999996
0.10000001
0.099999992
0.099999998
0.099999786
0.10000006
0.099999994
0.10000001
0.099999996
0.10000001
0.099999992
0.099999998
0.099999785
0.10000006
0.099999994
0.10000001
0.099999996
0.10000001
0.099999992
0.099999998
0.10000001
0.099999999
0.1
0.1
0.1
0.1
0.1
0.099999999
0.10000001
0.099999999
0.1
0.1
0.1
0.1
0.1
0.099999999
0.10000001
0.099999999
0.1
0.1
0.1
0.1
0.1
0.099999999
0.10000001
0.099999999
0.1
0.1
0.1
0.1
0.1
0.099999999
0.10000001
0.099999999
0.1
0.1
0.1
0.1
0.1
0.099999999
0.10000001
0.099999999
0.1
0.1
0.1
0.1
0.1
0.099999999
0.10000001
0.099999999
0.1
0.1
0.1
0.1
0.1
0.099999999
0.10000001
0.099999999
0.1
0.1
0.1
0.1
0.1
0.099999999
0.10000001
0.099999999
0.1
0.1
0.1
0.1
0.1
0.099999999
0.10000001
0.099999999
0.1
0.1
0.1
0.1
0.1
0.099999999
0.10000001
0.099999999
0.1
0.1
0.1
0.1
0.1
0.099999999
0.10000001
0.099999999
0.1
0.1
0.1
0.1
0.1
0.099999999
0.10000001
0.099999999
0.1
0.1
0.1
0.1
0.1
0.099999999
0.10000001
0.099999999
0.1
0.1
0.1
0.1
0.1
0.099999999
0.10000001
0.099999999
0.1
0.1
0.1
0.1
0.1
0.099999999
0.10000001
0.099999999
0.1
0.1
0.1
0.1
0.1
0.099999999
0.099999787
0.10000006
0.099999994
0.10000001
0.099999996
0.10000001
0.099999992
0.099999997
0.099999785
0.10000006
0.099999993
0.10000001
0.099999995
0.10000001
0.099999992
0.099999998
0.099999786
0.10000006
0.099999994
0.10000001
0.099999996
0.10000001
0.099999992
0.099999997
0.099999785
0.10000006
0.099999993
0.10000001
0.099999995
0.10000001
0.099999992
0.099999998
0.099999786
0.10000006
0.099999994
0.10000001
0.099999996
0.10000001
0.099999992
0.099999997
0.099999784
0.10000006
0.099999993
0.10000001
0.099999995
0.10000001
0.099999992
0.099999998
0.099999788
0.10000006
0.099999994
0.10000001
0.099999996
0.10000001
0.099999992
0.099999997
0.099999779
0.10000007
0.099999993
0.10000001
0.099999995
0.10000001
0.099999991
0.099999998
0.10000036
0.099999875
0.10000018
0.10000001
0.10000007
0.09999996
0.10000005
0.099999991
0.10000036
0.099999876
0.10000018
0.10000001
0.10000007
0.099999961
0.10000005
0.099999991
0.10000036
0.099999876
0.10000018
0.10000001
0.10000007
0.09999996
0.10000005
0.099999991
0.10000036
0.099999876
0.10000018
0.10000001
0.10000007
0.099999961
0.10000005
0.099999991
0.10000036
0.099999876
0.10000018
0.10000001
0.10000007
0.09999996
0.10000005
0.099999991
0.10000036
0.099999876
0.10000018
0.10000001
0.10000007
0.099999961
0.10000005
0.099999991
0.10000037
0.099999875
0.10000018
0.10000001
0.10000007
0.09999996
0.10000005
0.099999991
0.10000036
0.099999878
0.10000018
0.10000001
0.10000007
0.099999961
0.10000005
0.099999992
0.10000037
0.099999873
0.10000018
0.10000001
0.10000007
0.09999996
0.10000005
0.099999989
0.10000036
0.099999877
0.10000018
0.10000001
0.10000007
0.099999961
0.10000005
0.099999992
0.10000037
0.099999875
0.10000018
0.10000001
0.10000007
0.09999996
0.10000005
0.099999991
0.10000036
0.099999877
0.10000018
0.10000001
0.10000007
0.099999961
0.10000005
0.099999992
0.10000037
0.099999875
0.10000018
0.10000001
0.10000007
0.09999996
0.10000005
0.09999999
0.10000036
0.099999878
0.10000018
0.10000001
0.10000007
0.099999961
0.10000005
0.099999992
0.10000038
0.099999873
0.10000018
0.10000001
0.10000007
0.09999996
0.10000005
0.099999989
0.10000031
0.099999888
0.10000017
0.10000002
0.10000006
0.099999963
0.10000005
0.099999998
0.10000855
0.099999178
0.10000086
0.10000052
0.10000042
0.099999966
0.10000008
0.099998899
0.10000854
0.099999183
0.10000086
0.10000052
0.10000042
0.099999968
0.10000008
0.099998911
0.10000855
0.099999178
0.10000087
0.10000052
0.10000043
0.099999967
0.10000008
0.099998904
0.10000854
0.099999187
0.10000086
0.10000052
0.10000042
0.099999969
0.10000007
0.099998911
0.10000856
0.099999174
0.10000087
0.10000052
0.10000043
0.099999966
0.10000008
0.099998903
0.10000853
0.099999197
0.10000086
0.10000052
0.10000042
0.099999971
0.10000007
0.099998916
0.1000086
0.099999173
0.10000088
0.10000051
0.10000043
0.099999964
0.10000008
0.099998892
0.10000831
0.099999221
0.10000084
0.10000053
0.10000041
0.099999982
0.10000006
0.099998964
0.1
0.1
0.1
0.1
0.1
0.1
0.1
0.1
0.1
0.1
0.1
0.1
0.1
0.1
0.1
0.1
0.1
0.1
0.1
0.1
0.1
0.1
0.1
0.1
0.1
0.1
0.1
0.1
0.1
0.1
0.1
0.1
0.1
0.1
0.1
0.1
0.1
0.1
0.1
0.1
0.1
0.1
0.1
0.1
0.1
0.1
0.1
0.1
0.1
0.1
0.1
0.1
0.1
0.1
0.1
0.1
0.1
0.1
0.1
0.1
0.1
0.1
0.1
0.1
0.099770105
0.10004893
0.099995781
0.10001116
0.099999178
0.10000486
0.099996877
0.099986442
0.099766215
0.10004912
0.099996891
0.10001125
0.099999305
0.100005
0.099997005
0.099987199
0.099770382
0.10004925
0.099996408
0.1000113
0.099999282
0.100005
0.099996961
0.099986919
0.099766636
0.1000492
0.099996743
0.10001125
0.099999281
0.10000499
0.099996957
0.099987165
0.099771058
0.10004938
0.099996577
0.10001134
0.099999336
0.10000502
0.099997047
0.09998681
0.099768522
0.10005048
0.099997236
0.10001136
0.099999384
0.10000508
0.099997019
0.099987416
0.09979332
0.10006091
0.099997874
0.10001206
0.099999651
0.10000551
0.099997443
0.099986909
0.099708746
0.10008049
0.10000538
0.10000991
0.099999256
0.10000443
0.099998047
0.099986088
0.09975151
0.099927291
0.099983487
0.100009
0.099998211
0.10000208
0.099994637
0.099983388
0.099804874
0.10011796
0.099999726
0.10001209
0.099998887
0.10000598
0.099997472
0.09998643
0.099722315
0.099999029
0.099998672
0.10001002
0.10000049
0.10000362
0.09999873
0.099983929
0.099823782
0.10009271
0.10000197
0.10001052
0.10000055
0.10000395
0.099999984
0.099979966
0.099822314
0.099982748
0.10000504
0.10000794
0.10000432
0.10000139
0.1000033
0.099980524
0.099910387
0.10016788
0.10002604
0.10002002
0.10000479
0.10000812
0.099999131
0.099995838
0.10096241
0.10015928
0.10012931
0.1000559
0.10003412
0.10000448
0.1000154
0.099966768
0.11201089
0.1034608
0.1002091
0.10018282
0.1000264
0.10003148
0.099972531
0.099963052
0.13660082
0.1124419
0.10095021
0.10026628
0.10003853
0.1000804
0.099942993
0.10001845
0.15322443
0.1216575
0.10215425
0.10027369
0.10006195
0.10011755
0.099928892
0.10002173
0.17807426
0.13589086
0.10459363
0.10022532
0.10015665
0.10007324
0.1000246
0.099824408
0.20502182
0.1549565
0.10899518
0.10009872
0.10035467
0.099927815
0.10024985
0.099475314
0.22836171
0.17462716
0.11479253
0.099990403
0.10061347
0.099721327
0.10050932
0.099201506
0.24429541
0.1912657
0.12074015
0.099991487
0.10083858
0.099546246
0.10070281
0.099094346
0.25507064
0.20306243
0.12538079
0.10006022
0.10098535
0.099439255
0.10080285
0.099106851
0.2595883
0.20896527
0.127981
0.10012914
0.10105741
0.099388038
0.10084619
0.099137203
0.26165017
0.21185055
0.12924256
0.10016076
0.1010878
0.099363002
0.10086128
0.099150017
0.2659875
0.21710135
0.1315893
0.10024034
0.10114722
0.099326088
0.1008899
0.099198989
0.27210443
0.22478124
0.13507519
0.10036861
0.10122393
0.099274843
0.10091942
0.099270661
0.27850325
0.23243958
0.13849949
0.10050185
0.10129397
0.099229269
0.10094423
0.099340732
0.28390201
0.23815978
0.14086681
0.10058842
0.10134012
0.099197572
0.10096071
0.099382061
0.2873324
0.24123313
0.14198221
0.10062174
0.10136207
0.099181322
0.10097073
0.099394836
0.28879305
0.24239099
0.14234367
0.10063053
0.10136902
0.099176022
0.10097431
0.099397308
0.28929729
0.24270756
0.14242489
0.10062944
0.10137089
0.099173525
0.10097557
0.099395289
0.10000001
0.099999998
0.1
0.1
0.1
0.1
0.1
0.099999998
0.10000001
0.099999999
0.1
0.1
0.1
0.1
0.1
0.099999999
0.10000001
0.099999999
0.1
0.1
0.1
0.1
0.1
0.099999999
0.10000001
0.099999999
0.1
0.1
0.1
0.1
0.1
0.099999999
0.10000001
0.099999999
0.1
0.1
0.1
0.1
0.1
0.099999999
0.10000001
0.099999999
0.1
0.1
0.1
0.1
0.1
0.099999999
0.10000001
0.099999999
0.1
0.1
0.1
0.1
0.1
0.099999998
0.1
0.099999999
0.1
0.1
0.1
0.1
0.1
0.099999999
0.10000001
0.099999998
0.1
0.1
0.1
0.099999999
0.1
0.099999998
0.10000001
0.099999999
0.1
0.1
0.1
0.1
0.1
0.099999999
0.10000001
0.099999999
0.1
0.1
0.1
0.1
0.1
0.099999998
0.10000001
0.099999999
0.1
0.1
0.1
0.1
0.1
0.099999999
0.10000001
0.099999999
0.1
0.1
0.1
0.1
0.1
0.099999998
0.10000001
0.1
0.1
0.1
0.1
0.1
0.1
0.099999999
0.1
0.1
0.10000001
0.1
0.1
0.1
0.1
0.099999999
0.099999997
0.10000001
0.10000001
0.10000001
0.1
0.1
0.099999999
0.1
0.099999805
0.10000005
0.099999995
0.10000001
0.099999996
0.1
0.099999992
0.099999993
0.099999776
0.10000007
0.099999991
0.10000001
0.099999995
0.10000001
0.099999991
0.099999999
0.099999783
0.10000006
0.099999995
0.10000001
0.099999996
0.10000001
0.099999992
0.099999997
0.099999783
0.10000007
0.099999993
0.10000001
0.099999995
0.10000001
0.099999992
0.099999997
0.099999793
0.10000006
0.099999997
0.10000001
0.099999998
0.10000001
0.099999993
0.099999995
0.099999844
0.10000006
0.1
0.10000002
0.1
0.10000001
0.099999996
0.099999996
0.099999834
0.10000007
0.10000004
0.10000004
0.10000002
0.10000001
0.099999998
0.099999999
0.099999758
0.10000011
0.10000006
0.10000007
0.10000003
0.10000002
0.099999992
0.099999982
0.099999949
0.10000003
0.10000001
0.10000001
0.1
0.1
0.099999998
0.099999996
0.099999889
0.10000004
0.10000001
0.10000001
0.1
0.1
0.1
0.099999983
0.099999871
0.10000003
0.10000002
0.10000001
0.10000001
0.1
0.10000001
0.099999962
0.099999901
0.099999998
0.10000003
0.10000001
0.10000002
0.099999994
0.10000002
0.099999961
0.099999967
0.099999966
0.10000005
0.10000001
0.10000002
0.099999991
0.10000002
0.099999974
0.10000004
0.099999945
0.10000006
0.1
0.10000003
0.099999989
0.10000002
0.099999981
0.10000011
0.099999933
0.10000006
0.1
0.10000003
0.099999988
0.10000003
0.099999985
0.10000013
0.099999929
0.10000006
0.1
0.10000003
0.099999987
0.10000003
0.099999987
0.10000015
0.099999926
0.10000006
0.1
0.10000003
0.099999987
0.10000003
0.099999987
0.10000018
0.099999923
0.10000007
0.1
0.10000003
0.099999987
0.10000003
0.099999988
0.10000021
0.099999919
0.10000007
0.1
0.10000003
0.099999986
0.10000003
0.099999989
0.10000024
0.099999917
0.10000007
0.1
0.10000003
0.099999986
0.10000003
0.09999999
0.10000025
0.099999916
0.10000007
0.1
0.10000003
0.099999986
0.10000003
0.09999999
0.10000025
0.099999916
0.10000007
0.1
0.10000003
0.099999986
0.10000003
0.09999999
0.10000025
0.099999916
0.10000007
0.1
0.10000003
0.099999986
0.10000003
0.09999999
0.10000025
0.099999917
0.10000007
0.1
0.10000003
0.099999986
0.10000003
0.09999999
0.099996688
0.10000174
0.099999882
0.10000044
0.099999925
0.10000031
0.099999652
0.10000025
0.099996197
0.10000185
0.099999868
0.10000046
0.099999916
0.10000033
0.09999964
0.10000024
0.099995644
0.10000196
0.099999859
0.10000048
0.099999908
0.10000034
0.099999631
0.10000021
0.099995266
0.10000205
0.099999856
0.1000005
0.099999902
0.10000035
0.099999623
0.10000019
0.099995106
0.10000209
0.099999857
0.10000051
0.099999901
0.10000035
0.099999621
0.10000018
0.099995066
0.1000021
0.099999857
0.10000051
0.0999999
0.10000036
0.09999962
0.10000018
0.099995065
0.1000021
0.099999858
0.10000051
0.0999999
0.10000036
0.09999962
0.10000018
0.099995053
0.1000021
0.099999855
0.10000051
0.099999899
0.10000036
0.099999619
0.10000018
0.09999709
0.10000356
0.10000044
0.10000116
0.10000018
0.10000052
0.0999995
0.10000035
0.099984658
0.10000668
0.1000002
0.10000165
0.1
0.10000099
0.099999216
0.10000018
0.099972465
0.100008
0.10000069
0.10000182
0.10000012
0.10000101
0.09999961
0.099998275
0.099975641
0.10000435
0.10000269
0.10000115
0.10000099
0.10000018
0.10000113
0.09999523
0.099986376
0.099999823
0.1000046
0.10000054
0.1000018
0.099999489
0.10000221
0.099994435
0.099994606
0.099996894
0.10000592
0.10000022
0.10000229
0.099999137
0.10000262
0.09999518
0.10000045
0.099995199
0.10000667
0.10000009
0.10000254
0.099998982
0.10000276
0.099995863
0.10000288
0.099994551
0.10000698
0.10000007
0.10000264
0.099998927
0.10000276
0.099996281
0.1000046
0.099994156
0.10000721
0.10000002
0.10000274
0.099998892
0.10000282
0.09999641
0.10000663
0.09999379
0.10000744
0.10000004
0.1000028
0.099998868
0.10000284
0.099996688
0.1000098
0.099993204
0.10000778
0.10000003
0.10000292
0.099998818
0.10000287
0.099997005
0.10001228
0.099992887
0.10000805
0.10000005
0.10000301
0.09999878
0.1000029
0.09999719
0.10001382
0.099992745
0.10000821
0.10000005
0.10000306
0.099998755
0.10000292
0.099997257
0.10001431
0.099992725
0.10000825
0.10000006
0.10000307
0.099998747
0.10000293
0.099997258
0.10001448
0.099992709
0.10000827
0.10000005
0.10000308
0.09999874
0.10000294
0.099997249
0.10001441
0.099992716
0.10000826
0.10000006
0.10000307
0.099998744
0.10000293
0.09999726
0.09982616
0.10010272
0.10002194
0.10004117
0.0999985
0.10002475
0.099972511
0.10002483
0.099757427
0.10011321
0.10001996
0.10004384
0.099997228
0.10002662
0.099970738
0.10002459
0.099663608
0.10012511
0.10001923
0.10004671
0.099996218
0.10002849
0.099969097
0.10002281
0.099579063
0.1001349
0.10001941
0.10004881
0.099995534
0.1000298
0.099968086
0.10002094
0.099526353
0.10014161
0.1000197
0.10004991
0.099995219
0.10003042
0.099967765
0.10001931
0.099504337
0.10014481
0.10001992
0.10005034
0.099995011
0.10003069
0.099967555
0.10001879
0.099498737
0.10014638
0.10001988
0.10005048
0.099994935
0.10003078
0.099967488
0.10001867
0.099497716
0.10014607
0.10001994
0.10005042
0.099994933
0.10003074
0.099967477
0.10001857
0.1
0.1
0.1
0.1
0.1
0.1
0.1
0.1
0.1
0.1
0.1
0.1
0.1
0.1
0.1
0.1
0.1
0.1
0.1
0.1
0.1
0.1
0.1
0.1
0.1
0.1
0.1
0.1
0.1
0.1
0.1
0.1
0.1
0.1
0.1
0.1
0.1
0.1
0.1
0.1
0.1
0.1
0.1
0.1
0.1
0.1
0.1
0.1
0.1
0.1
0.1
0.1
0.1
0.1
0.1
0.1
0.1
0.1
0.1
0.1
0.1
0.1
0.1
0.1
0.1
0.1
0.1
0.1
0.1
0.1
0.1
0.1
0.1
0.1
0.1
0.1
0.1
0.1
0.1
0.1
0.1
0.1
0.1
0.1
0.1
0.1
0.1
0.1
0.1
0.099999999
0.1
0.1
0.1
0.1
0.1
0.1
0.1
0.099999999
0.1
0.1
0.1
0.1
0.1
0.1
0.1
0.099999999
0.1
0.1
0.1
0.1
0.1
0.1
0.1
0.099999999
0.1
0.1
0.1
0.1
0.1
0.1
0.1
0.099999999
0.1
0.1
0.1
0.1
0.1
0.1
0.1
0.099999999
0.1
0.1
0.1
0.1
0.1
0.1
0.1
0.099999999
0.1
0.1
0.1
0.1
0.1
0.1
0.1
0.099999999
0.1
0.1
0.1
0.1
0.1
0.1
0.1
0.099999999
0.1
0.1
0.1
0.1
0.1
0.1
0.1
0.099999999
0.1
0.1
0.1
0.1
0.1
0.1
0.1
0.099999999
0.1
0.1
0.1
0.1
0.1
0.1
0.1
0.099999999
0.1
0.1
0.1
0.1
0.1
0.1
0.1
0.099999999
0.1
0.1
0.1
0.1
0.1
0.1
0.099999948
0.10000002
0.099999999
0.10000001
0.1
0.1
0.099999998
0.099999998
0.099999946
0.10000002
0.099999999
0.10000001
0.1
0.1
0.099999998
0.099999998
0.099999944
0.10000002
0.099999999
0.10000001
0.1
0.1
0.099999998
0.099999997
0.099999943
0.10000002
0.099999999
0.10000001
0.1
0.1
0.099999998
0.099999997
0.099999943
0.10000002
0.099999999
0.10000001
0.1
0.1
0.099999998
0.099999997
0.099999943
0.10000002
0.099999999
0.10000001
0.1
0.1
0.099999998
0.099999997
0.099999943
0.10000002
0.099999999
0.10000001
0.1
0.1
0.099999998
0.099999997
0.099999942
0.10000002
0.099999999
0.10000001
0.1
0.1
0.099999998
0.099999997
0.28942134
0.24279058
0.14244025
0.10063208
0.10137018
0.099174598
0.10097503
0.099397736
0.28953229
0.24285243
0.1424535
0.10063038
0.10137167
0.099173562
0.10097633
0.099395857
0.28959291
0.24286764
0.14244304
0.10062994
0.10137137
0.099173961
0.10097632
0.09939562
0.28956877
0.24282272
0.14241987
0.10062845
0.10137117
0.099173966
0.10097643
0.099394663
0.28953448
0.242782
0.14239954
0.1006276
0.1013707
0.099174268
0.10097627
0.099394332
0.28950607
0.24275239
0.1423877
0.10062687
0.1013706
0.099174249
0.10097626
0.099393939
0.28949448
0.24273957
0.14238195
0.10062682
0.10137037
0.099174417
0.10097616
0.099393975
0.28948257
0.24273308
0.14237991
0.10062648
0.10137043
0.099174313
0.1009762
0.099393648
0.28948437
0.24273116
0.14237903
0.1006266
0.10137032
0.099174372
0.10097609
0.099394006
0.28948239
0.24272924
0.14237806
0.10062654
0.1013704
0.099174397
0.10097621
0.099393771
0.28947979
0.24272657
0.14237693
0.10062654
0.10137035
0.099174437
0.10097617
0.099393845
0.28947727
0.24272446
0.14237611
0.10062648
0.10137035
0.099174428
0.10097619
0.099393777
0.2894762
0.24272291
0.14237535
0.10062644
0.10137032
0.099174436
0.10097617
0.09939378
0.28947497
0.24272189
0.14237483
0.1006264
0.10137032
0.099174437
0.10097617
0.099393751
0.28947486
0.24272105
0.14237451
0.10062638
0.10137032
0.09917443
0.10097617
0.099393746
0.28947363
0.24272103
0.14237429
0.10062641
0.10137027
0.099174454
0.10097615
0.099393741
0.28947407
0.24272042
0.14237437
0.10062634
0.10137032
0.09917442
0.10097618
0.099393744
0.289474
0.2427206
0.14237421
0.10062638
0.1013703
0.099174443
0.10097616
0.09939374
0.28947386
0.24272031
0.14237418
0.10062637
0.10137031
0.09917444
0.10097617
0.099393742
0.28947357
0.24272019
0.1423741
0.10062637
0.1013703
0.099174444
0.10097617
0.09939374
0.28947346
0.24272005
0.14237407
0.10062637
0.1013703
0.099174441
0.10097617
0.099393739
0.28947344
0.24272002
0.14237403
0.10062637
0.1013703
0.099174443
0.10097617
0.099393737
0.28947335
0.24271993
0.142374
0.10062636
0.1013703
0.099174441
0.10097617
0.099393736
0.28947344
0.24271989
0.14237398
0.10062636
0.1013703
0.09917444
0.10097617
0.099393735
0.28947323
0.2427199
0.14237397
0.10062636
0.1013703
0.099174443
0.10097616
0.099393735
0.28947336
0.24271987
0.14237396
0.10062636
0.1013703
0.099174441
0.10097617
0.099393736
0.28947329
0.24271985
0.14237396
0.10062636
0.1013703
0.099174442
0.10097617
0.099393736
0.28947329
0.24271984
0.14237396
0.10062636
0.1013703
0.099174442
0.10097617
0.099393736
0.28947326
0.24271983
0.14237396
0.10062636
0.1013703
0.099174442
0.10097617
0.099393736
0.28947328
0.24271983
0.14237395
0.10062636
0.1013703
0.099174442
0.10097617
0.099393736
0.28947328
0.24271983
0.14237395
0.10062636
0.1013703
0.099174442
0.10097617
0.099393736
0.28947328
0.24271983
0.14237395
0.10062636
0.1013703
0.099174442
0.10097617
0.099393735
0.10000025
0.099999916
0.10000007
0.1
0.10000003
0.099999985
0.10000003
0.099999989
0.10000025
0.099999916
0.10000007
0.1
0.10000003
0.099999986
0.10000003
0.09999999
0.10000025
0.099999916
0.10000007
0.1
0.10000003
0.099999985
0.10000003
0.099999989
0.10000025
0.099999916
0.10000007
0.1
0.10000003
0.099999986
0.10000003
0.09999999
0.10000025
0.099999916
0.10000007
0.1
0.10000003
0.099999986
0.10000003
0.099999989
0.10000025
0.099999916
0.10000007
0.1
0.10000003
0.099999986
0.10000003
0.09999999
0.10000025
0.099999916
0.10000007
0.1
0.10000003
0.099999985
0.10000003
0.099999989
0.10000025
0.099999916
0.10000007
0.1
0.10000003
0.099999986
0.10000003
0.09999999
0.10000025
0.099999916
0.10000007
0.1
0.10000003
0.099999985
0.10000003
0.099999989
0.10000025
0.099999916
0.10000007
0.1
0.10000003
0.099999986
0.10000003
0.09999999
0.10000025
0.099999916
0.10000007
0.1
0.10000003
0.099999986
0.10000003
0.099999989
0.10000025
0.099999916
0.10000007
0.1
0.10000003
0.099999986
0.10000003
0.09999999
0.10000025
0.099999916
0.10000007
0.1
0.10000003
0.099999986
0.10000003
0.099999989
0.10000025
0.099999916
0.10000007
0.1
0.10000003
0.099999986
0.10000003
0.099999989
0.10000025
0.099999916
0.10000007
0.1
0.10000003
0.099999986
0.10000003
0.099999989
0.10000025
0.099999916
0.10000007
0.1
0.10000003
0.099999986
0.10000003
0.09999999
0.099995079
0.1000021
0.099999858
0.10000051
0.0999999
0.10000036
0.099999619
0.10000018
0.099995077
0.1000021
0.099999857
0.10000051
0.0999999
0.10000036
0.099999619
0.10000018
0.099995078
0.1000021
0.099999858
0.10000051
0.0999999
0.10000036
0.099999619
0.10000018
0.099995078
0.1000021
0.099999858
0.10000051
0.0999999
0.10000036
0.099999619
0.10000018
0.099995078
0.1000021
0.099999858
0.10000051
0.0999999
0.10000036
0.099999619
0.10000018
0.099995078
0.1000021
0.099999858
0.10000051
0.0999999
0.10000036
0.099999619
0.10000018
0.099995078
0.1000021
0.099999858
0.10000051
0.0999999
0.10000036
0.099999619
0.10000018
0.099995078
0.1000021
0.099999857
0.10000051
0.0999999
0.10000036
0.099999619
0.10000018
0.10000025
0.099999916
0.10000007
0.1
0.10000003
0.099999986
0.10000003
0.099999989
0.10000025
0.099999916
0.10000007
0.1
0.10000003
0.099999986
0.10000003
0.09999999
0.10000025
0.099999916
0.10000007
0.1
0.10000003
0.099999986
0.10000003
0.099999989
0.10000025
0.099999916
0.10000007
0.1
0.10000003
0.099999986
0.10000003
0.099999989
0.10000025
0.099999916
0.10000007
0.1
0.10000003
0.099999986
0.10000003
0.099999989
0.10000025
0.099999916
0.10000007
0.1
0.10000003
0.099999986
0.10000003
0.099999989
0.10000025
0.099999916
0.10000007
0.1
0.10000003
0.099999986
0.10000003
0.099999989
0.10000025
0.099999916
0.10000007
0.1
0.10000003
0.099999986
0.10000003
0.099999989
0.10000025
0.099999916
0.10000007
0.1
0.10000003
0.099999986
0.10000003
0.099999989
0.10000025
0.099999916
0.10000007
0.1
0.10000003
0.099999986
0.10000003
0.099999989
0.10000025
0.099999916
0.10000007
0.1
0.10000003
0.099999986
0.10000003
0.099999989
0.10000025
0.099999916
0.10000007
0.1
0.10000003
0.099999986
0.10000003
0.099999989
0.10000025
0.099999916
0.10000007
0.1
0.10000003
0.099999986
0.10000003
0.099999989
0.10000025
0.099999916
0.10000007
0.1
0.10000003
0.099999986
0.10000003
0.099999989
0.10000025
0.099999916
0.10000007
0.1
0.10000003
0.099999986
0.10000003
0.099999989
0.10000025
0.099999916
0.10000007
0.1
0.10000003
0.099999986
0.10000003
0.099999989
0.099995078
0.1000021
0.099999858
0.10000051
0.0999999
0.10000036
0.099999619
0.10000018
0.099995078
0.1000021
0.099999858
0.10000051
0.0999999
0.10000036
0.099999619
0.10000018
0.099995078
0.1000021
0.099999858
0.10000051
0.0999999
0.10000036
0.099999619
0.10000018
0.099995078
0.1000021
0.099999858
0.10000051
0.0999999
0.10000036
0.099999619
0.10000018
0.099995078
0.1000021
0.099999858
0.10000051
0.0999999
0.10000036
0.099999619
0.10000018
0.099995078
0.1000021
0.099999858
0.10000051
0.0999999
0.10000036
0.099999619
0.10000018
0.099995078
0.1000021
0.099999858
0.10000051
0.0999999
0.10000036
0.099999619
0.10000018
0.099995078
0.1000021
0.099999858
0.10000051
0.0999999
0.10000036
0.099999619
0.10000018
0.10001438
0.099992731
0.10000827
0.10000006
0.10000308
0.099998742
0.10000294
0.099997238
0.10001438
0.099992731
0.10000827
0.10000005
0.10000308
0.099998742
0.10000294
0.099997238
0.10001438
0.099992731
0.10000827
0.10000006
0.10000308
0.099998742
0.10000294
0.099997238
0.10001438
0.099992731
0.10000827
0.10000006
0.10000308
0.099998742
0.10000294
0.099997238
0.10001438
0.099992731
0.10000827
0.10000006
0.10000308
0.099998742
0.10000294
0.099997238
0.10001438
0.099992731
0.10000827
0.10000006
0.10000308
0.099998742
0.10000294
0.099997238
0.10001438
0.099992731
0.10000827
0.10000006
0.10000308
0.099998742
0.10000294
0.099997238
0.10001438
0.099992731
0.10000827
0.10000005
0.10000308
0.099998742
0.10000294
0.099997238
0.10001438
0.099992731
0.10000827
0.10000006
0.10000308
0.099998742
0.10000294
0.099997238
0.10001438
0.099992731
0.10000827
0.10000006
0.10000308
0.099998742
0.10000294
0.099997238
0.10001438
0.099992731
0.10000827
0.10000006
0.10000308
0.099998742
0.10000294
0.099997238
0.10001438
0.099992731
0.10000827
0.10000006
0.10000308
0.099998742
0.10000294
0.099997238
0.10001438
0.099992731
0.10000827
0.10000006
0.10000308
0.099998742
0.10000294
0.099997238
0.10001438
0.099992731
0.10000827
0.10000006
0.10000308
0.099998742
0.10000294
0.099997238
0.10001438
0.099992731
0.10000827
0.10000006
0.10000308
0.099998742
0.10000294
0.099997238
0.10001438
0.099992731
0.10000827
0.10000006
0.10000308
0.099998742
0.10000294
0.099997238
0.099499452
0.10014658
0.10001992
0.10005048
0.099994919
0.10003079
0.099967458
0.10001877
0.099499451
0.10014658
0.10001992
0.10005048
0.099994919
0.10003079
0.099967458
0.10001877
0.099499452
0.10014658
0.10001992
0.10005048
0.099994919
0.10003079
0.099967458
0.10001877
0.099499451
0.10014658
0.10001992
0.10005048
0.099994919
0.10003079
0.099967458
0.10001877
0.099499451
0.10014658
0.10001992
0.10005048
0.099994919
0.10003079
0.099967458
0.10001877
0.099499451
0.10014658
0.10001992
0.10005048
0.099994919
0.10003079
0.099967458
0.10001877
0.099499451
0.10014658
0.10001992
0.10005048
0.099994919
0.10003079
0.099967458
0.10001877
0.099499451
0.10014658
0.10001992
0.10005048
0.099994919
0.10003079
0.099967458
0.10001877
0.1
0.1
0.1
0.1
0.1
0.1
0.1
0.1
0.1
0.1
0.1
0.1
0.1
0.1
0.1
0.1
0.1
0.1
0.1
0.1
0.1
0.1
0.1
0.1
0.1
0.1
0.1
0.1
0.1
0.1
0.1
0.1
0.1
0.1
0.1
0.1
0.1
0.1
0.1
0.1
0.1
0.1
0.1
0.1
0.1
0.1
0.1
0.1
0.1
0.1
0.1
0.1
0.1
0.1
0.1
0.1
0.1
0.1
0.1
0.1
0.1
0.1
0.1
0.1
0.1
0.1
0.1
0.1
0.1
0.1
0.1
0.1
0.1
0.1
0.1
0.1
0.1
0.1
0.1
0.1
0.1
0.1
0.1
0.1
0.1
0.1
0.1
0.1
0.1
0.1
0.1
0.1
0.1
0.1
0.1
0.1
0.1
0.1
0.1
0.1
0.1
0.1
0.1
0.1
0.1
0.1
0.1
0.1
0.1
0.1
0.1
0.1
0.1
0.1
0.1
0.1
0.1
0.1
0.1
0.1
0.1
0.1
0.1
0.1
0.1
0.1
0.1
0.1
0.1
0.099999999
0.1
0.1
0.1
0.1
0.1
0.1
0.1
0.099999999
0.1
0.1
0.1
0.1
0.1
0.1
0.1
0.099999999
0.1
0.1
0.1
0.1
0.1
0.1
0.1
0.099999999
0.1
0.1
0.1
0.1
0.1
0.1
0.1
0.099999999
0.1
0.1
0.1
0.1
0.1
0.1
0.1
0.099999999
0.1
0.1
0.1
0.1
0.1
0.1
0.1
0.099999999
0.1
0.1
0.1
0.1
0.1
0.1
0.1
0.099999999
0.1
0.1
0.1
0.1
0.1
0.1
0.1
0.099999999
0.1
0.1
0.1
0.1
0.1
0.1
0.1
0.099999999
0.1
0.1
0.1
0.1
0.1
0.1
0.1
0.099999999
0.1
0.1
0.1
0.1
0.1
0.1
0.1
0.099999999
0.1
0.1
0.1
0.1
0.1
0.1
0.1
0.099999999
0.1
0.1
0.1
0.1
0.1
0.1
0.1
0.099999999
0.1
0.1
0.1
0.1
0.1
0.1
0.1
0.099999999
0.1
0.1
0.1
0.1
0.1
0.1
0.1
0.099999999
0.1
0.1
0.1
0.1
0.1
0.1
0.099999943
0.10000002
0.099999999
0.10000001
0.1
0.1
0.099999998
0.099999997
0.099999943
0.10000002
0.099999999
0.10000001
0.1
0.1
0.099999998
0.099999997
0.099999943
0.10000002
0.099999999
0.10000001
0.1
0.1
0.099999998
0.099999997
0.099999943
0.10000002
0.099999999
0.10000001
0.1
0.1
0.099999998
0.099999997
0.099999943
0.10000002
0.099999999
0.10000001
0.1
0.1
0.099999998
0.099999997
0.099999943
0.10000002
0.099999999
0.10000001
0.1
0.1
0.099999998
0.099999997
0.099999943
0.10000002
0.099999999
0.10000001
0.1
0.1
0.099999998
0.099999997
0.099999943
0.10000002
0.099999999
0.10000001
0.1
0.1
0.099999998
0.099999997
