FiniteElementSpace
FiniteElementCollection: L2_2D_P7
VDim: 1
Ordering: 0

0.099995772
0.10000093
0.10000018
0.10000017
0.099999946
0.10000008
0.099999958
0.099999638
0.099995772
0.10000093
0.10000018
0.10000017
0.099999946
0.10000008
0.099999958
0.099999638
0.099995772
0.10000093
0.10000018
0.10000017
0.099999946
0.10000008
0.099999958
0.099999638
0.099995772
0.10000093
0.10000018
0.10000017
0.099999946
0.10000008
0.099999958
0.099999638
0.099995772
0.10000093
0.10000018
0.10000017
0.099999946
0.10000008
0.099999958
0.099999638
0.099995772
0.10000093
0.10000018
0.10000017
0.099999946
0.10000008
0.099999958
0.099999638
0.099995772
0.10000093
0.10000018
0.10000017
0.099999946
0.10000008
0.099999958
0.099999638
0.099995772
0.10000093
0.10000018
0.10000017
0.099999946
0.10000008
0.099999958
0.099999638
0.1
0.1
0.1
0.1
0.1
0.1
0.1
0.1
0.1
0.1
0.1
0.1
0.1
0.1
0.1
0.1
0.1
0.1
0.1
0.1
0.1
0.1
0.1
0.1
0.1
0.1
0.1
0.1
0.1
0.1
0.1
0.1
0.1
0.1
0.1
0.1
0.1
0.1
0.1
0.1
0.1
0.1
0.1
0.1
0.1
0.1
0.1
0.1
0.1
0.1
0.1
0.1
0.1
0.1
0.1
0.1
0.1
0.1
0.1
0.1
0.1
0.1
0.1
0.1
0.099995798
0.10000092
0.10000018
0.10000017
0.099999948
0.10000008
0.099999959
0.099999633
0.099995758
0.10000093
0.10000018
0.10000017
0.099999946
0.10000008
0.099999957
0.09999964
0.099995783
0.10000093
0.10000018
0.10000017
0.099999947
0.10000008
0.099999959
0.099999636
0.09999576
0.10000093
0.10000018
0.10000017
0.099999946
0.10000008
0.099999957
0.09999964
0.09999579
0.10000093
0.10000018
0.10000017
0.099999947
0.10000008
0.099999959
0.099999635
0.099995748
0.10000093
0.10000018
0.10000017
0.099999946
0.10000008
0.099999957
0.099999642
0.09999584
0.10000093
0.10000018
0.10000017
0.099999948
0.10000008
0.099999962
0.09999963
0.099995527
0.10000093
0.10000017
0.10000017
0.099999941
0.10000009
0.099999947
0.099999673
0.1
0.1
0.1
0.1
0.1
0.1
0.1
0.1
0.1
0.1
0.1
0.1
0.1
0.1
0.1
0.1
0.1
0.1
0.1
0.1
0.1
0.1
0.1
0.1
0.1
0.1
0.1
0.1
0.1
0.1
0.1
0.1
0.1
0.1
0.1
0.1
0.1
0.1
0.1
0.1
0.1
0.1
0.1
0.1
0.1
0.1
0.1
0.1
0.1
0.1
0.1
0.1
0.1
0.1
0.1
0.1
0.1
0.1
0.1
0.1
0.1
0.1
0.1
0.1
0.10000199
0.10000337
0.10000004
0.10000159
0.099999926
0.10000084
0.099998968
0.10000106
0.10000225
0.10000334
0.10000007
0.10000157
0.099999938
0.10000084
0.09999898
0.10000104
0.10000214
0.10000336
0.10000006
0.10000158
0.099999934
0.10000084
0.099998976
0.10000105
0.10000219
0.10000335
0.10000006
0.10000158
0.099999936
0.10000084
0.099998978
0.10000105
0.10000216
0.10000335
0.10000006
0.10000158
0.099999934
0.10000084
0.099998976
0.10000105
0.10000219
0.10000335
0.10000006
0.10000158
0.099999936
0.10000084
0.099998977
0.10000105
0.10000216
0.10000335
0.10000006
0.10000158
0.099999934
0.10000084
0.099998976
0.10000105
0.10000221
0.10000334
0.10000006
0.10000157
0.099999937
0.10000083
0.099998979
0.10000104
0.099999997
0.1
0.1
0.1
0.1
0.1
0.1
0.1
0.099999997
0.1
0.1
0.1
0.1
0.1
0.1
0.1
0.099999997
0.1
0.1
0.1
0.1
0.1
0.1
0.1
0.099999997
0.1
0.1
0.1
0.1
0.1
0.1
0.1
0.099999997
0.1
0.1
0.1
0.1
0.1
0.1
0.1
0.099999997
0.1
0.1
0.1
0.1
0.1
0.1
0.1
0.099999997
0.1
0.1
0.1
0.1
0.1
0.1
0.1
0.099999997
0.1
0.1
0.1
0.1
0.1
0.1
0.1
0.099999991
0.10000001
0.1
0.1
0.099999999
0.1
0.099999999
0.1
0.099999991
0.10000001
0.1
0.1
0.099999999
0.1
0.099999999
0.1
0.099999991
0.10000001
0.1
0.1
0.099999999
0.1
0.099999999
0.1
0.099999991
0.10000001
0.1
0.1
0.099999999
0.1
0.099999999
0.1
0.099999991
0.10000001
0.1
0.1
0.099999999
0.1
0.099999999
0.1
0.099999991
0.10000001
0.1
0.1
0.099999999
0.1
0.099999999
0.1
0.099999991
0.10000001
0.1
0.1
0.099999999
0.1
0.099999999
0.1
0.099999991
0.10000001
0.1
0.1
0.099999999
0.1
0.099999999
0.1
0.099999991
0.10000001
0.1
0.1
0.099999999
0.1
0.099999999
0.1
0.099999991
0.10000001
0.1
0.1
0.099999999
0.1
0.099999999
0.1
0.099999991
0.10000001
0.1
0.1
0.099999999
0.1
0.099999999
0.1
0.099999991
0.10000001
0.1
0.1
0.099999999
0.1
0.099999999
0.1
0.099999991
0.10000001
0.1
0.1
0.099999999
0.1
0.099999999
0.1
0.099999991
0.10000001
0.1
0.1
0.099999999
0.1
0.099999999
0.1
0.099999991
0.10000001
0.1
0.1
0.099999999
0.1
0.099999999
0.1
0.099999991
0.10000001
0.1
0.1
0.099999999
0.1
0.099999999
0.1
0.099995772
0.10000093
0.10000018
0.10000017
0.099999946
0.10000008
0.099999958
0.099999638
0.099995771
0.10000093
0.10000018
0.10000017
0.099999946
0.10000008
0.099999958
0.099999638
0.099995772
0.10000093
0.10000018
0.10000017
0.099999946
0.10000008
0.099999958
0.099999638
0.099995771
0.10000093
0.10000018
0.10000017
0.099999946
0.10000008
0.099999958
0.099999638
0.099995772
0.10000093
0.10000018
0.10000017
0.099999946
0.10000008
0.099999958
0.099999638
0.099995771
0.10000093
0.10000018
0.10000017
0.099999946
0.10000008
0.099999958
0.099999638
0.099995772
0.10000093
0.10000018
0.10000017
0.099999946
0.10000008
0.099999958
0.099999638
0.09999577
0.10000093
0.10000018
0.10000017
0.099999946
0.10000008
0.099999958
0.099999638
0.1
0.1
0.1
0.1
0.1
0.1
0.1
0.1
0.1
0.1
0.1
0.1
0.1
0.1
0.1
0.1
0.1
0.1
0.1
0.1
0.1
0.1
0.1
0.1
0.1
0.1
0.1
0.1
0.1
0.1
0.1
0.1
0.1
0.1
0.1
0.1
0.1
0.1
0.1
0.1
0.1
0.1
0.1
0.1
0.1
0.1
0.1
0.1
0.1
0.1
0.1
0.1
0.1
0.1
0.1
0.1
0.1
0.1
0.1
0.1
0.1
0.1
0.1
0.1
0.099999991
0.10000001
0.1
0.1
0.099999999
0.1
0.099999999
0.1
0.099999991
0.10000001
0.1
0.1
0.099999999
0.1
0.099999999
0.1
0.099999991
0.10000001
0.1
0.1
0.099999999
0.1
0.099999999
0.1
0.099999991
0.10000001
0.1
0.1
0.099999999
0.1
0.099999999
0.1
0.099999991
0.10000001
0.1
0.1
0.099999999
0.1
0.099999999
0.1
0.099999991
0.10000001
0.1
0.1
0.099999999
0.1
0.099999999
0.1
0.099999991
0.10000001
0.1
0.1
0.099999999
0.1
0.099999999
0.1
0.09999999
0.10000001
0.1
0.1
0.099999999
0.1
0.099999999
0.1
0.10000002
0.10000001
0.1
0.1
0.1
0.1
0.099999997
0.1
0.099999958
0.10000003
0.099999997
0.10000001
0.099999998
0.10000001
0.099999991
0.10000001
0.099999856
0.10000007
0.099999992
0.10000002
0.099999994
0.10000001
0.099999985
0.10000001
0.099999774
0.10000008
0.099999992
0.10000002
0.099999993
0.10000002
0.099999983
0.1
0.099999755
0.10000009
0.099999995
0.10000002
0.099999993
0.10000002
0.099999984
0.1
0.099999745
0.10000009
0.099999995
0.10000002
0.099999993
0.10000002
0.099999984
0.099999999
0.099999745
0.10000009
0.099999995
0.10000002
0.099999994
0.10000002
0.099999984
0.099999998
0.099999745
0.10000009
0.099999995
0.10000002
0.099999993
0.10000002
0.099999984
0.099999999
0.10000186
0.099999259
0.10000089
0.10000029
0.1000003
0.099999991
0.10000006
0.099999758
0.10000425
0.099999737
0.10000071
0.10000055
0.10000024
0.1000002
0.099999826
0.10000024
0.1000088
0.10000027
0.10000063
0.10000081
0.10000022
0.10000031
0.099999636
0.10000037
0.10000722
0.10000156
0.10000036
0.10000115
0.1000001
0.10000055
0.099999311
0.10000074
0.1000043
0.1000026
0.10000015
0.10000142
0.099999997
0.10000072
0.099999117
0.10000093
0.10000298
0.10000301
0.10000011
0.10000151
0.099999967
0.10000079
0.099999031
0.10000099
0.1000026
0.10000321
0.10000006
0.10000158
0.099999942
0.10000083
0.099999006
0.10000104
0.10000313
0.10000308
0.10000011
0.10000151
0.099999957
0.10000078
0.099998999
0.10000096
0.1
0.1
0.1
0.1
0.1
0.1
0.1
0.1
0.1
0.1
0.1
0.1
0.1
0.1
0.1
0.1
0.1
0.1
0.1
0.1
0.1
0.1
0.1
0.1
0.1
0.1
0.1
0.1
0.1
0.1
0.1
0.1
0.1
0.1
0.1
0.1
0.1
0.1
0.1
0.1
0.1
0.1
0.1
0.1
0.1
0.1
0.1
0.1
0.1
0.1
0.1
0.1
0.1
0.1
0.1
0.1
0.1
0.1
0.1
0.1
0.1
0.1
0.1
0.1
0.1
0.1
0.1
0.1
0.1
0.1
0.1
0.1
0.099999999
0.1
0.1
0.1
0.1
0.1
0.1
0.1
0.099999998
0.1
0.1
0.1
0.1
0.1
0.1
0.1
0.099999997
0.1
0.1
0.1
0.1
0.1
0.1
0.1
0.099999997
0.1
0.1
0.1
0.1
0.1
0.1
0.1
0.099999997
0.1
0.1
0.1
0.1
0.1
0.1
0.1
0.099999997
0.1
0.1
0.1
0.1
0.1
0.1
0.1
0.099999997
0.1
0.1
0.1
0.1
0.1
0.1
0.1
0.099999745
0.10000009
0.099999995
0.10000002
0.099999994
0.10000002
0.099999984
0.099999999
0.099999746
0.10000009
0.099999995
0.10000002
0.099999994
0.10000002
0.099999984
0.099999999
0.099999746
0.10000009
0.099999995
0.10000002
0.099999994
0.10000002
0.099999984
0.099999999
0.099999746
0.10000009
0.099999995
0.10000002
0.099999994
0.10000002
0.099999984
0.099999999
0.099999746
0.10000009
0.099999995
0.10000002
0.099999994
0.10000002
0.099999984
0.099999999
0.099999746
0.10000009
0.099999995
0.10000002
0.099999994
0.10000002
0.099999984
0.099999999
0.099999746
0.10000009
0.099999995
0.10000002
0.099999994
0.10000002
0.099999984
0.099999999
0.099999746
0.10000009
0.099999995
0.10000002
0.099999994
0.10000002
0.099999984
0.099999999
0.099999746
0.10000009
0.099999995
0.10000002
0.099999994
0.10000002
0.099999984
0.099999999
0.099999746
0.10000009
0.099999995
0.10000002
0.099999994
0.10000002
0.099999984
0.099999999
0.099999746
0.10000009
0.099999995
0.10000002
0.099999994
0.10000002
0.099999984
0.099999999
0.099999746
0.10000009
0.099999995
0.10000002
0.099999994
0.10000002
0.099999984
0.099999999
0.099999746
0.10000009
0.099999995
0.10000002
0.099999994
0.10000002
0.099999984
0.099999999
0.099999746
0.10000009
0.099999995
0.10000002
0.099999994
0.10000002
0.099999984
0.099999999
0.099999746
0.10000009
0.099999995
0.10000002
0.099999994
0.10000002
0.099999984
0.099999999
0.099999746
0.10000009
0.099999995
0.10000002
0.099999994
0.10000002
0.099999984
0.099999999
0.10000217
0.10000335
0.10000006
0.10000158
0.099999935
0.10000084
0.099998977
0.10000105
0.10000217
0.10000335
0.10000006
0.10000158
0.099999935
0.10000084
0.099998977
0.10000105
0.10000217
0.10000335
0.10000006
0.10000158
0.099999935
0.10000084
0.099998977
0.10000105
0.10000217
0.10000335
0.10000006
0.10000158
0.099999935
0.10000084
0.099998977
0.10000105
0.10000217
0.10000335
0.10000006
0.10000158
0.099999935
0.10000084
0.099998977
0.10000105
0.10000217
0.10000335
0.10000006
0.10000158
0.099999935
0.10000084
0.099998977
0.10000105
0.10000217
0.10000335
0.10000006
0.10000158
0.099999935
0.10000084
0.099998977
0.10000105
0.10000217
0.10000335
0.10000006
0.10000158
0.099999935
0.10000084
0.099998977
0.10000105
0.1
0.1
0.1
0.1
0.1
0.1
0.1
0.1
0.1
0.1
0.1
0.1
0.1
0.1
0.1
0.1
0.1
0.1
0.1
0.1
0.1
0.1
0.1
0.1
0.1
0.1
0.1
0.1
0.1
0.1
0.1
0.1
0.1
0.1
0.1
0.1
0.1
0.1
0.1
0.1
0.1
0.1
0.1
0.1
0.1
0.1
0.1
0.1
0.1
0.1
0.1
0.1
0.1
0.1
0.1
0.1
0.1
0.1
0.1
0.1
0.1
0.1
0.1
0.1
0.1
0.1
0.1
0.1
0.1
0.1
0.1
0.1
0.1
0.1
0.1
0.1
0.1
0.1
0.1
0.1
0.1
0.1
0.1
0.1
0.1
0.1
0.1
0.1
0.1
0.1
0.1
0.1
0.1
0.1
0.1
0.1
0.1
0.1
0.1
0.1
0.1
0.1
0.1
0.1
0.1
0.1
0.1
0.1
0.1
0.1
0.1
0.1
0.1
0.1
0.1
0.1
0.1
0.1
0.1
0.1
0.1
0.1
0.1
0.1
0.1
0.1
0.1
0.1
0.099999997
0.1
0.1
0.1
0.1
0.1
0.1
0.1
0.099999997
0.1
0.1
0.1
0.1
0.1
0.1
0.1
0.099999997
0.1
0.1
0.1
0.1
0.1
0.1
0.1
0.099999997
0.1
0.1
0.1
0.1
0.1
0.1
0.1
0.099999997
0.1
0.1
0.1
0.1
0.1
0.1
0.1
0.099999997
0.1
0.1
0.1
0.1
0.1
0.1
0.1
0.099999997
0.1
0.1
0.1
0.1
0.1
0.1
0.1
0.099999997
0.1
0.1
0.1
0.1
0.1
0.1
0.1
0.10000018
0.099999992
0.10000004
0.099999996
0.10000001
0.09999999
0.10000002
0.09999996
0.10000018
0.099999992
0.10000004
0.099999996
0.10000001
0.09999999
0.10000002
0.09999996
0.10000018
0.099999992
0.10000004
0.099999996
0.10000001
0.09999999
0.10000002
0.09999996
0.10000018
0.099999992
0.10000004
0.099999996
0.10000001
0.09999999
0.10000002
0.09999996
0.10000018
0.099999992
0.10000004
0.099999996
0.10000001
0.09999999
0.10000002
0.09999996
0.10000018
0.099999992
0.10000004
0.099999996
0.10000001
0.09999999
0.10000002
0.09999996
0.10000018
0.099999992
0.10000004
0.099999996
0.10000001
0.09999999
0.10000002
0.09999996
0.10000018
0.099999992
0.10000004
0.099999996
0.10000001
0.09999999
0.10000002
0.09999996
0.10000018
0.099999992
0.10000004
0.099999996
0.10000001
0.09999999
0.10000002
0.09999996
0.10000018
0.099999992
0.10000004
0.099999996
0.10000001
0.09999999
0.10000002
0.09999996
0.10000018
0.099999992
0.10000004
0.099999996
0.10000001
0.09999999
0.10000002
0.09999996
0.10000018
0.099999992
0.10000004
0.099999996
0.10000001
0.09999999
0.10000002
0.09999996
0.10000018
0.099999992
0.10000004
0.099999996
0.10000001
0.09999999
0.10000002
0.09999996
0.10000018
0.099999992
0.10000004
0.099999996
0.10000001
0.09999999
0.10000002
0.09999996
0.10000018
0.099999992
0.10000004
0.099999996
0.10000001
0.09999999
0.10000002
0.09999996
0.10000018
0.099999992
0.10000004
0.099999996
0.10000001
0.09999999
0.10000002
0.09999996
0.099995772
0.10000093
0.10000018
0.10000017
0.099999946
0.10000008
0.099999958
0.099999638
0.099995772
0.10000093
0.10000018
0.10000017
0.099999946
0.10000008
0.099999958
0.099999638
0.099995772
0.10000093
0.10000018
0.10000017
0.099999946
0.10000008
0.099999958
0.099999638
0.099995772
0.10000093
0.10000018
0.10000017
0.099999946
0.10000008
0.099999958
0.099999638
0.099995772
0.10000093
0.10000018
0.10000017
0.099999946
0.10000008
0.099999958
0.099999638
0.099995771
0.10000093
0.10000018
0.10000017
0.099999946
0.10000008
0.099999958
0.099999638
0.099995772
0.10000093
0.10000018
0.10000017
0.099999946
0.10000008
0.099999958
0.099999638
0.099995771
0.10000093
0.10000018
0.10000017
0.099999946
0.10000008
0.099999958
0.099999638
0.1
0.1
0.1
0.1
0.1
0.1
0.1
0.1
0.1
0.1
0.1
0.1
0.1
0.1
0.1
0.1
0.1
0.1
0.1
0.1
0.1
0.1
0.1
0.1
0.1
0.1
0.1
0.1
0.1
0.1
0.1
0.1
0.1
0.1
0.1
0.1
0.1
0.1
0.1
0.1
0.1
0.1
0.1
0.1
0.1
0.1
0.1
0.1
0.1
0.1
0.1
0.1
0.1
0.1
0.1
0.1
0.1
0.1
0.1
0.1
0.1
0.1
0.1
0.1
0.10000019
0.099999991
0.10000004
0.099999995
0.10000001
0.099999989
0.10000002
0.099999959
0.10000018
0.099999992
0.10000004
0.099999996
0.10000001
0.09999999
0.10000002
0.09999996
0.10000019
0.099999992
0.10000004
0.099999995
0.10000001
0.09999999
0.10000002
0.09999996
0.10000018
0.099999992
0.10000004
0.099999996
0.10000001
0.09999999
0.10000002
0.09999996
0.10000019
0.099999992
0.10000004
0.099999995
0.10000001
0.09999999
0.10000002
0.09999996
0.10000018
0.099999993
0.10000004
0.099999996
0.10000001
0.09999999
0.10000002
0.09999996
0.10000019
0.099999991
0.10000004
0.099999995
0.10000001
0.09999999
0.10000002
0.099999959
0.10000016
0.099999995
0.10000004
0.099999997
0.10000001
0.099999991
0.10000002
0.099999962
0.1000002
0.099999984
0.10000004
0.099999993
0.10000001
0.099999988
0.10000002
0.099999958
0.10000018
0.099999994
0.10000004
0.099999996
0.10000001
0.09999999
0.10000002
0.09999996
0.10000019
0.099999991
0.10000004
0.099999995
0.10000001
0.09999999
0.10000002
0.09999996
0.10000018
0.099999993
0.10000004
0.099999996
0.10000001
0.09999999
0.10000002
0.09999996
0.10000018
0.099999992
0.10000004
0.099999995
0.10000001
0.09999999
0.10000002
0.09999996
0.10000019
0.099999994
0.10000004
0.1
0.10000001
0.099999991
0.10000002
0.099999964
0.10000009
0.099999989
0.10000004
0.10000001
0.10000002
0.099999997
0.10000001
0.099999981
0.099999889
0.10000006
0.10000002
0.10000003
0.10000001
0.10000001
0.099999988
0.099999988
0.099995882
0.10000086
0.10000019
0.10000015
0.09999995
0.10000007
0.099999958
0.099999608
0.099995766
0.10000094
0.10000016
0.10000018
0.099999941
0.10000008
0.09999996
0.099999635
0.099995731
0.10000093
0.10000019
0.10000016
0.09999995
0.10000008
0.099999954
0.099999647
0.099995843
0.10000092
0.10000017
0.10000017
0.099999944
0.10000008
0.099999964
0.099999624
0.099995624
0.10000097
0.10000019
0.10000017
0.099999949
0.10000008
0.099999948
0.099999662
0.09999618
0.10000081
0.10000019
0.10000021
0.099999966
0.10000007
0.099999977
0.099999616
0.099996651
0.10000056
0.10000026
0.10000021
0.10000009
0.10000008
0.099999947
0.099999793
0.099998161
0.10000013
0.10000041
0.10000029
0.1000001
0.10000005
0.099999997
0.099999626
0.1
0.1
0.1
0.1
0.1
0.1
0.1
0.1
0.1
0.1
0.1
0.1
0.1
0.1
0.1
0.1
0.1
0.1
0.1
0.1
0.1
0.1
0.1
0.1
0.1
0.1
0.1
0.1
0.1
0.1
0.1
0.1
0.1
0.1
0.1
0.1
0.1
0.1
0.1
0.1
0.1
0.1
0.1
0.1
0.1
0.1
0.1
0.1
0.1
0.1
0.1
0.1
0.1
0.1
0.1
0.1
0.1
0.1
0.1
0.1
0.1
0.1
0.1
0.1
0.1
0.099999717
0.10000028
0.10000003
0.1000001
0.099999964
0.10000009
0.099999935
0.10000001
0.099999715
0.10000028
0.10000003
0.1000001
0.099999964
0.10000009
0.099999935
0.10000001
0.099999716
0.10000028
0.10000003
0.1000001
0.099999964
0.10000009
0.099999935
0.10000001
0.099999715
0.10000028
0.10000003
0.1000001
0.099999964
0.10000009
0.099999935
0.10000001
0.099999715
0.10000028
0.10000003
0.1000001
0.099999964
0.10000009
0.099999935
0.10000001
0.099999715
0.10000028
0.10000003
0.1000001
0.099999964
0.10000009
0.099999935
0.10000001
0.099999716
0.10000028
0.10000003
0.1000001
0.099999964
0.10000009
0.099999935
0.10000001
0.099999714
0.10000028
0.10000003
0.1000001
0.099999964
0.10000009
0.099999934
0.10000001
0.099999716
0.10000028
0.10000003
0.1000001
0.099999964
0.10000009
0.099999935
0.10000001
0.099999715
0.10000028
0.10000003
0.1000001
0.099999964
0.10000009
0.099999935
0.10000001
0.099999715
0.10000028
0.10000003
0.1000001
0.099999964
0.10000009
0.099999935
0.10000001
0.099999715
0.10000028
0.10000003
0.1000001
0.099999964
0.10000009
0.099999935
0.10000001
0.099999715
0.10000028
0.10000003
0.1000001
0.099999964
0.10000009
0.099999935
0.10000001
0.099999715
0.10000028
0.10000003
0.1000001
0.099999964
0.10000009
0.099999935
0.10000001
0.099999715
0.10000028
0.10000003
0.1000001
0.099999964
0.10000009
0.099999935
0.10000001
0.099999715
0.10000028
0.10000003
0.1000001
0.099999964
0.10000009
0.099999935
0.10000213
0.10000336
0.10000005
0.10000158
0.099999932
0.10000084
0.099998974
0.10000105
0.10000219
0.10000335
0.10000006
0.10000158
0.099999936
0.10000084
0.099998978
0.10000105
0.10000217
0.10000335
0.10000006
0.10000158
0.099999934
0.10000084
0.099998976
0.10000105
0.10000218
0.10000335
0.10000006
0.10000158
0.099999935
0.10000084
0.099998977
0.10000105
0.10000217
0.10000335
0.10000006
0.10000158
0.099999935
0.10000084
0.099998977
0.10000105
0.10000217
0.10000335
0.10000006
0.10000158
0.099999935
0.10000084
0.099998977
0.10000105
0.10000217
0.10000335
0.10000006
0.10000158
0.099999935
0.10000084
0.099998977
0.10000105
0.10000218
0.10000335
0.10000006
0.10000158
0.099999935
0.10000084
0.099998977
0.10000105
0.1
0.1
0.1
0.1
0.1
0.1
0.1
0.1
0.1
0.1
0.1
0.1
0.1
0.1
0.1
0.1
0.1
0.1
0.1
0.1
0.1
0.1
0.1
0.1
0.1
0.1
0.1
0.1
0.1
0.1
0.1
0.1
0.1
0.1
0.1
0.1
0.1
0.1
0.1
0.1
0.1
0.1
0.1
0.1
0.1
0.1
0.1
0.1
0.1
0.1
0.1
0.1
0.1
0.1
0.1
0.1
0.1
0.1
0.1
0.1
0.1
0.1
0.1
0.1
0.1
0.1
0.1
0.1
0.1
0.1
0.1
0.1
0.1
0.1
0.1
0.1
0.1
0.1
0.1
0.1
0.1
0.1
0.1
0.1
0.1
0.1
0.1
0.1
0.1
0.1
0.1
0.1
0.1
0.1
0.1
0.1
0.1
0.1
0.1
0.1
0.1
0.1
0.1
0.1
0.1
0.1
0.1
0.1
0.1
0.1
0.1
0.1
0.1
0.1
0.1
0.1
0.1
0.1
0.1
0.1
0.1
0.1
0.1
0.1
0.1
0.1
0.1
0.1
0.099999997
0.1
0.1
0.1
0.1
0.1
0.1
0.1
0.099999997
0.1
0.1
0.1
0.1
0.1
0.1
0.1
0.099999997
0.1
0.1
0.1
0.1
0.1
0.1
0.1
0.099999997
0.1
0.1
0.1
0.1
0.1
0.1
0.1
0.099999997
0.1
0.1
0.1
0.1
0.1
0.1
0.1
0.099999997
0.1
0.1
0.1
0.1
0.1
0.1
0.1
0.099999997
0.1
0.1
0.1
0.1
0.1
0.1
0.1
0.099999997
0.1
0.1
0.1
0.1
0.1
0.1
0.1
0.10003702
0.099996948
0.10000479
0.10000061
0.10000087
0.099999473
0.10000036
0.10000042
0.10003702
0.099996948
0.10000479
0.10000061
0.10000087
0.099999473
0.10000036
0.10000042
0.10003702
0.099996948
0.10000479
0.10000061
0.10000087
0.099999473
0.10000036
0.10000042
0.10003702
0.099996948
0.10000479
0.10000061
0.10000087
0.099999473
0.10000036
0.10000042
0.10003702
0.099996948
0.10000479
0.10000061
0.10000087
0.099999473
0.10000036
0.10000042
0.10003702
0.099996948
0.10000479
0.10000061
0.10000087
0.099999473
0.10000036
0.10000042
0.10003702
0.099996948
0.10000479
0.10000061
0.10000087
0.099999473
0.10000036
0.10000042
0.10003702
0.099996948
0.10000479
0.10000061
0.10000087
0.099999473
0.10000036
0.10000042
0.10003702
0.099996948
0.10000479
0.10000061
0.10000087
0.099999473
0.10000036
0.10000042
0.10003702
0.099996948
0.10000479
0.10000061
0.10000087
0.099999473
0.10000036
0.10000042
0.10003702
0.099996948
0.10000479
0.10000061
0.10000087
0.099999473
0.10000036
0.10000042
0.10003702
0.099996948
0.10000479
0.10000061
0.10000087
0.099999473
0.10000036
0.10000042
0.10003702
0.099996948
0.10000479
0.10000061
0.10000087
0.099999473
0.10000036
0.10000042
0.10003702
0.099996948
0.10000479
0.10000061
0.10000087
0.099999473
0.10000036
0.10000042
0.10003702
0.099996948
0.10000479
0.10000061
0.10000087
0.099999473
0.10000036
0.10000042
0.10003702
0.099996948
0.10000479
0.10000061
0.10000087
0.099999473
0.10000036
0.10000042
0.10003702
0.099996948
0.10000479
0.10000061
0.10000087
0.099999473
0.10000036
0.10000042
0.10003702
0.099996948
0.10000479
0.10000061
0.10000087
0.099999473
0.10000036
0.10000042
0.10003702
0.099996948
0.10000479
0.10000061
0.10000087
0.099999473
0.10000036
0.10000042
0.10003702
0.099996949
0.10000479
0.10000061
0.10000087
0.099999473
0.10000036
0.10000042
0.10003702
0.099996949
0.10000479
0.10000061
0.10000087
0.099999473
0.10000036
0.10000042
0.10003702
0.099996949
0.10000479
0.10000061
0.10000087
0.099999473
0.10000036
0.10000042
0.10003702
0.099996948
0.10000479
0.10000061
0.10000087
0.099999473
0.10000036
0.10000042
0.10003702
0.09999695
0.10000478
0.10000061
0.10000087
0.099999473
0.10000036
0.10000042
0.10003702
0.099996944
0.10000479
0.10000061
0.10000087
0.099999472
0.10000036
0.10000041
0.10003702
0.09999695
0.10000478
0.10000061
0.10000087
0.099999473
0.10000036
0.10000042
0.10003703
0.099996947
0.10000479
0.10000061
0.10000087
0.099999473
0.10000036
0.10000042
0.10003702
0.099996951
0.10000478
0.10000061
0.10000087
0.099999474
0.10000036
0.10000042
0.10003704
0.099996948
0.10000479
0.10000061
0.10000088
0.099999473
0.10000036
0.10000042
0.10003701
0.099996957
0.10000478
0.10000061
0.10000087
0.099999475
0.10000036
0.10000042
0.10003707
0.099996945
0.10000479
0.10000061
0.10000088
0.099999472
0.10000037
0.10000041
0.10003688
0.099996955
0.10000477
0.10000062
0.10000086
0.099999477
0.10000035
0.10000043
0.099999997
0.1
0.1
0.1
0.1
0.1
0.1
0.1
0.099999997
0.1
0.1
0.1
0.1
0.1
0.1
0.1
0.099999997
0.1
0.1
0.1
0.1
0.1
0.1
0.1
0.099999997
0.1
0.1
0.1
0.1
0.1
0.1
0.1
0.099999997
0.1
0.1
0.1
0.1
0.1
0.1
0.1
0.099999997
0.1
0.1
0.1
0.1
0.1
0.1
0.1
0.099999997
0.1
0.1
0.1
0.1
0.1
0.1
0.1
0.099999997
0.1
0.1
0.1
0.1
0.1
0.1
0.1
0.099999997
0.1
0.1
0.1
0.1
0.1
0.1
0.1
0.099999997
0.1
0.1
0.1
0.1
0.1
0.1
0.1
0.099999997
0.1
0.1
0.1
0.1
0.1
0.1
0.1
0.099999997
0.1
0.1
0.1
0.1
0.1
0.1
0.1
0.099999997
0.1
0.1
0.1
0.1
0.1
0.1
0.1
0.099999997
0.1
0.1
0.1
0.1
0.1
0.1
0.1
0.099999997
0.1
0.1
0.1
0.1
0.1
0.1
0.1
0.099999997
0.1
0.1
0.1
0.1
0.1
0.1
0.1
0.099999991
0.10000001
0.1
0.1
0.099999999
0.1
0.099999999
0.1
0.099999991
0.10000001
0.1
0.1
0.099999999
0.1
0.099999999
0.1
0.099999991
0.10000001
0.1
0.1
0.099999999
0.1
0.099999999
0.1
0.099999991
0.10000001
0.1
0.1
0.099999999
0.1
0.099999999
0.1
0.099999991
0.10000001
0.1
0.1
0.099999999
0.1
0.099999999
0.1
0.099999991
0.10000001
0.1
0.1
0.099999999
0.1
0.099999999
0.1
0.099999991
0.10000001
0.1
0.1
0.099999999
0.1
0.099999999
0.1
0.099999991
0.10000001
0.1
0.1
0.099999999
0.1
0.099999999
0.1
0.099999997
0.1
0.1
0.1
0.1
0.1
0.1
0.1
0.099999997
0.1
0.1
0.1
0.1
0.1
0.1
0.1
0.099999997
0.1
0.1
0.1
0.1
0.1
0.1
0.1
0.099999997
0.1
0.1
0.1
0.1
0.1
0.1
0.1
0.099999997
0.1
0.1
0.1
0.1
0.1
0.1
0.1
0.099999997
0.1
0.1
0.1
0.1
0.1
0.1
0.1
0.099999997
0.1
0.1
0.1
0.1
0.1
0.1
0.1
0.099999997
0.1
0.1
0.1
0.1
0.1
0.1
0.1
0.099999997
0.1
0.1
0.1
0.1
0.1
0.1
0.1
0.099999997
0.1
0.1
0.1
0.1
0.1
0.1
0.1
0.099999997
0.1
0.1
0.1
0.1
0.1
0.1
0.1
0.099999997
0.1
0.1
0.1
0.1
0.1
0.1
0.1
0.099999997
0.1
0.1
0.1
0.1
0.1
0.1
0.1
0.099999997
0.1
0.1
0.1
0.1
0.1
0.1
0.1
0.099999997
0.1
0.1
0.1
0.1
0.1
0.1
0.1
0.099999997
0.1
0.1
0.1
0.1
0.1
0.1
0.1
0.099999991
0.10000001
0.1
0.1
0.099999999
0.1
0.099999999
0.1
0.099999991
0.10000001
0.1
0.1
0.099999999
0.1
0.099999999
0.1
0.099999991
0.10000001
0.1
0.1
0.099999999
0.1
0.099999999
0.1
0.099999991
0.10000001
0.1
0.1
0.099999999
0.1
0.099999999
0.1
0.099999991
0.10000001
0.1
0.1
0.099999999
0.1
0.099999999
0.1
0.099999991
0.10000001
0.1
0.1
0.099999999
0.1
0.099999999
0.1
0.099999991
0.10000001
0.1
0.1
0.099999999
0.1
0.099999999
0.1
0.09999999
0.10000001
0.1
0.1
0.099999999
0.1
0.099999999
0.1
0.10000018
0.099999992
0.10000004
0.099999996
0.10000001
0.09999999
0.10000002
0.09999996
0.10000018
0.099999992
0.10000004
0.099999996
0.10000001
0.09999999
0.10000002
0.09999996
0.10000018
0.099999992
0.10000004
0.099999996
0.10000001
0.09999999
0.10000002
0.09999996
0.10000018
0.099999992
0.10000004
0.099999996
0.10000001
0.09999999
0.10000002
0.09999996
0.10000018
0.099999992
0.10000004
0.099999996
0.10000001
0.09999999
0.10000002
0.09999996
0.10000018
0.099999992
0.10000004
0.099999996
0.10000001
0.09999999
0.10000002
0.09999996
0.10000018
0.099999992
0.10000004
0.099999996
0.10000001
0.09999999
0.10000002
0.09999996
0.10000018
0.099999992
0.10000004
0.099999996
0.10000001
0.09999999
0.10000002
0.09999996
0.10000018
0.099999992
0.10000004
0.099999996
0.10000001
0.09999999
0.10000002
0.09999996
0.10000018
0.099999992
0.10000004
0.099999996
0.10000001
0.09999999
0.10000002
0.09999996
0.10000018
0.099999992
0.10000004
0.099999996
0.10000001
0.09999999
0.10000002
0.09999996
0.10000018
0.099999992
0.10000004
0.099999996
0.10000001
0.09999999
0.10000002
0.09999996
0.10000018
0.099999992
0.10000004
0.099999996
0.10000001
0.09999999
0.10000002
0.09999996
0.10000018
0.099999992
0.10000004
0.099999996
0.10000001
0.09999999
0.10000002
0.09999996
0.10000018
0.099999992
0.10000004
0.099999995
0.10000001
0.09999999
0.10000002
0.09999996
0.10000018
0.099999993
0.10000004
0.099999996
0.10000001
0.09999999
0.10000002
0.09999996
0.099995773
0.10000092
0.10000018
0.10000017
0.099999947
0.10000008
0.099999958
0.099999637
0.09999577
0.10000093
0.10000018
0.10000017
0.099999946
0.10000008
0.099999958
0.099999638
0.099995773
0.10000093
0.10000018
0.10000017
0.099999947
0.10000008
0.099999958
0.099999637
0.09999577
0.10000093
0.10000018
0.10000017
0.099999946
0.10000008
0.099999958
0.099999638
0.099995773
0.10000093
0.10000018
0.10000017
0.099999947
0.10000008
0.099999958
0.099999637
0.099995769
0.10000093
0.10000018
0.10000017
0.099999946
0.10000008
0.099999958
0.099999638
0.099995777
0.10000092
0.10000018
0.10000017
0.099999947
0.10000008
0.099999958
0.099999637
0.099995747
0.10000093
0.10000017
0.10000017
0.099999945
0.10000008
0.099999956
0.09999964
0.1
0.1
0.1
0.1
0.1
0.1
0.1
0.1
0.1
0.1
0.1
0.1
0.1
0.1
0.1
0.1
0.1
0.1
0.1
0.1
0.1
0.1
0.1
0.1
0.1
0.1
0.1
0.1
0.1
0.1
0.1
0.1
0.1
0.1
0.1
0.1
0.1
0.1
0.1
0.1
0.1
0.1
0.1
0.1
0.1
0.1
0.1
0.1
0.1
0.1
0.1
0.1
0.1
0.1
0.1
0.1
0.1
0.1
0.1
0.1
0.1
0.1
0.1
0.1
0.10003713
0.099996888
0.10000479
0.1000006
0.10000088
0.099999462
0.10000037
0.10000038
0.10003694
0.099996974
0.10000478
0.10000062
0.10000087
0.099999477
0.10000036
0.10000043
0.10003712
0.099996924
0.10000479
0.10000061
0.10000088
0.099999469
0.10000037
0.1000004
0.10003692
0.09999698
0.10000478
0.10000062
0.10000087
0.099999479
0.10000035
0.10000044
0.1000372
0.099996928
0.10000481
0.1000006
0.10000088
0.099999468
0.10000038
0.10000039
0.10003686
0.099997039
0.10000478
0.10000063
0.10000087
0.099999488
0.10000035
0.10000046
0.10003766
0.09999691
0.10000484
0.1000006
0.10000091
0.099999463
0.10000041
0.10000036
0.10003559
0.099997624
0.10000457
0.10000076
0.10000076
0.099999608
0.10000023
0.10000084
0.10003812
0.099995413
0.1000051
0.10000019
0.10000097
0.09999919
0.10000042
0.099999888
0.1000364
0.099997495
0.10000446
0.10000081
0.10000077
0.09999957
0.10000031
0.10000049
0.10003738
0.099996702
0.10000504
0.10000048
0.10000096
0.099999424
0.1000004
0.10000046
0.10003682
0.099997216
0.10000456
0.10000074
0.1000008
0.099999525
0.10000034
0.10000035
0.10003794
0.099997081
0.10000514
0.10000054
0.10000097
0.099999458
0.10000036
0.10000066
0.10003518
0.099998112
0.10000392
0.10000142
0.10000075
0.099999788
0.10000008
0.10000053
0.10002431
0.09999915
0.10000446
0.10000166
0.10000172
0.10000016
0.099999753
0.1000015
0.099996949
0.1000086
0.099999964
0.1000053
0.099999962
0.10000147
0.099998575
0.099998306
0.099941096
0.10002527
0.099998984
0.10000788
0.099999319
0.10000344
0.099996654
0.099999632
0.099895842
0.1000227
0.10000502
0.10000581
0.10000223
0.10000234
0.099999489
0.099993722
0.099884184
0.10001472
0.10001018
0.1000047
0.10000454
0.10000043
0.10000383
0.099983277
0.099930576
0.099993402
0.10001919
0.10000161
0.10000858
0.099996811
0.10000929
0.099976074
0.099960696
0.099982701
0.10002472
0.10000023
0.10001081
0.09999497
0.10001176
0.099974677
0.099975538
0.099978962
0.10002734
0.099999784
0.10001184
0.099994175
0.10001288
0.099974202
0.099975008
0.099978808
0.10002776
0.099999943
0.10001186
0.099994201
0.10001311
0.09997397
0.099977593
0.099976998
0.10002864
0.099999157
0.1000122
0.099993568
0.10001318
0.099973017
0.099974079
0.099978826
0.10002793
0.099999946
0.10001192
0.099994106
0.10001312
0.099974114
0.099979519
0.099977458
0.10002867
0.099999599
0.10001223
0.099993858
0.10001341
0.099973674
0.099979145
0.099977573
0.10002868
0.099999689
0.10001219
0.099993899
0.10001336
0.099973911
0.099979366
0.099977219
0.10002885
0.099999566
0.10001226
0.099993821
0.10001343
0.09997375
0.099978857
0.099977552
0.10002869
0.099999649
0.10001218
0.099993881
0.10001335
0.099973869
0.099979075
0.099977236
0.10002879
0.099999572
0.10001224
0.099993835
0.1000134
0.099973751
0.099978651
0.099977648
0.10002866
0.099999667
0.10001219
0.0999939
0.10001334
0.099973913
0.099979437
0.099976898
0.10002881
0.099999469
0.10001223
0.09999375
0.1000134
0.099973527
0.099999998
0.1
0.1
0.1
0.1
0.1
0.1
0.1
0.099999997
0.1
0.1
0.1
0.1
0.1
0.1
0.1
0.099999997
0.1
0.1
0.1
0.1
0.1
0.1
0.1
0.099999997
0.1
0.1
0.1
0.1
0.1
0.1
0.1
0.099999997
0.1
0.1
0.1
0.1
0.1
0.1
0.1
0.099999997
0.1
0.1
0.1
0.1
0.1
0.1
0.1
0.099999998
0.1
0.1
0.1
0.1
0.1
0.1
0.1
0.099999997
0.1
0.1
0.1
0.1
0.1
0.1
0.1
0.099999998
0.1
0.1
0.1
0.1
0.1
0.1
0.1
0.099999997
0.1
0.1
0.1
0.1
0.1
0.1
0.1
0.099999998
0.1
0.1
0.1
0.1
0.1
0.1
0.1
0.099999997
0.1
0.1
0.1
0.1
0.1
0.1
0.1
0.099999998
0.1
0.1
0.1
0.1
0.1
0.1
0.1
0.099999997
0.1
0.1
0.1
0.1
0.1
0.1
0.1
0.099999999
0.1
0.1
0.1
0.1
0.1
0.1
0.1
0.099999997
0.1
0.1
0.1
0.1
0.1
0.1
0.1
0.09999999
0.10000001
0.1
0.1
0.099999999
0.1
0.099999999
0.1
0.099999991
0.10000001
0.1
0.1
0.099999999
0.1
0.099999999
0.1
0.099999991
0.10000001
0.1
0.1
0.099999999
0.1
0.099999999
0.1
0.09999999
0.10000001
0.1
0.1
0.099999999
0.1
0.099999999
0.1
0.099999992
0.10000001
0.1
0.1
0.099999999
0.1
0.099999999
0.1
0.099999989
0.10000001
0.1
0.1
0.1
0.1
0.099999999
0.1
0.099999987
0.10000001
0.1
0.1
0.1
0.1
0.099999999
0.1
0.099999985
0.099999999
0.1
0.1
0.1
0.1
0.099999999
0.099999998
0.099999997
0.099999999
0.1
0.1
0.1
0.1
0.1
0.099999999
0.1
0.099999998
0.1
0.1
0.1
0.1
0.1
0.099999999
0.10000001
0.099999996
0.1
0.1
0.1
0.099999999
0.1
0.099999999
0.10000001
0.099999995
0.1
0.1
0.1
0.099999999
0.1
0.099999999
0.10000001
0.099999995
0.1
0.1
0.1
0.099999999
0.1
0.099999999
0.10000002
0.099999995
0.1
0.1
0.1
0.099999999
0.1
0.099999999
0.10000002
0.099999995
0.1
0.1
0.1
0.099999999
0.1
0.099999999
0.10000001
0.099999995
0.1
0.1
0.1
0.099999999
0.1
0.099999999
0.10000002
0.099999995
0.1
0.1
0.1
0.099999999
0.1
0.099999999
0.10000002
0.099999995
0.1
0.1
0.1
0.099999999
0.1
0.099999999
0.10000002
0.099999995
0.1
0.1
0.1
0.099999999
0.1
0.099999999
0.10000001
0.099999995
0.1
0.1
0.1
0.099999999
0.1
0.099999999
0.10000001
0.099999995
0.1
0.1
0.1
0.099999999
0.1
0.099999999
0.10000001
0.099999995
0.1
0.1
0.1
0.099999999
0.1
0.099999999
0.10000001
0.099999995
0.1
0.1
0.1
0.099999999
0.1
0.099999999
0.10000001
0.099999995
0.1
0.1
0.1
0.099999999
0.1
0.099999999
0.099999745
0.10000009
0.099999995
0.10000002
0.099999994
0.10000002
0.099999984
0.099999998
0.099999746
0.10000009
0.099999995
0.10000002
0.099999994
0.10000002
0.099999984
0.099999999
0.099999746
0.10000009
0.099999995
0.10000002
0.099999994
0.10000002
0.099999984
0.099999999
0.099999746
0.10000009
0.099999995
0.10000002
0.099999994
0.10000002
0.099999984
0.099999999
0.099999746
0.10000009
0.099999995
0.10000002
0.099999994
0.10000002
0.099999984
0.099999999
0.099999746
0.10000009
0.099999995
0.10000002
0.099999994
0.10000002
0.099999984
0.099999999
0.099999746
0.10000009
0.099999995
0.10000002
0.099999994
0.10000002
0.099999984
0.099999999
0.099999746
0.10000009
0.099999995
0.10000002
0.099999994
0.10000002
0.099999984
0.099999999
0.099999694
0.10000003
0.10000008
0.10000002
0.10000003
0.099999996
0.10000002
0.099999894
0.099999776
0.099999953
0.10000013
0.10000002
0.10000005
0.099999982
0.10000006
0.099999867
0.09999989
0.099999838
0.1000002
0.10000001
0.10000008
0.099999962
0.1000001
0.09999987
0.099999942
0.09999976
0.10000025
0.10000002
0.10000009
0.09999996
0.1000001
0.099999911
0.099999984
0.099999732
0.10000027
0.10000003
0.10000009
0.099999964
0.10000009
0.099999931
0.1
0.099999719
0.10000027
0.10000003
0.1000001
0.099999965
0.10000009
0.099999937
0.10000001
0.099999718
0.10000028
0.10000003
0.1000001
0.099999964
0.10000009
0.099999936
0.099999994
0.099999713
0.10000027
0.10000003
0.1000001
0.099999964
0.10000009
0.099999935
0.099999983
0.099999719
0.10000028
0.10000003
0.1000001
0.099999966
0.10000009
0.099999938
0.10000002
0.099999716
0.10000028
0.10000003
0.1000001
0.099999964
0.10000009
0.099999935
0.10000001
0.099999717
0.10000028
0.10000003
0.1000001
0.099999964
0.10000009
0.099999935
0.10000001
0.099999715
0.10000028
0.10000003
0.1000001
0.099999964
0.10000009
0.099999935
0.10000001
0.099999716
0.10000028
0.10000003
0.1000001
0.099999964
0.10000009
0.099999935
0.10000001
0.099999715
0.10000028
0.10000003
0.1000001
0.099999964
0.10000009
0.099999935
0.10000001
0.099999716
0.10000028
0.10000003
0.1000001
0.099999964
0.10000009
0.099999935
0.10000001
0.099999713
0.10000028
0.10000003
0.1000001
0.099999963
0.10000009
0.099999934
0.10000251
0.10000327
0.10000006
0.10000157
0.09999994
0.10000083
0.099998988
0.10000105
0.10000238
0.10000328
0.10000008
0.10000157
0.099999946
0.10000083
0.099998993
0.10000104
0.1000021
0.10000337
0.10000006
0.10000158
0.099999932
0.10000084
0.099998973
0.10000105
0.1000022
0.10000336
0.10000006
0.10000158
0.099999936
0.10000084
0.099998978
0.10000105
0.10000213
0.10000336
0.10000006
0.10000158
0.099999934
0.10000084
0.099998975
0.10000105
0.10000221
0.10000335
0.10000006
0.10000158
0.099999937
0.10000084
0.099998979
0.10000105
0.10000214
0.10000336
0.10000006
0.10000158
0.099999934
0.10000084
0.099998975
0.10000105
0.10000233
0.10000331
0.10000007
0.10000157
0.09999994
0.10000083
0.099998984
0.10000103
0.1
0.1
0.1
0.1
0.1
0.1
0.1
0.1
0.1
0.1
0.1
0.1
0.1
0.1
0.1
0.1
0.1
0.1
0.1
0.1
0.1
0.1
0.1
0.1
0.1
0.1
0.1
0.1
0.1
0.1
0.1
0.1
0.1
0.1
0.1
0.1
0.1
0.1
0.1
0.1
0.1
0.1
0.1
0.1
0.1
0.1
0.1
0.1
0.1
0.1
0.1
0.1
0.1
0.1
0.1
0.1
0.1
0.1
0.1
0.1
0.1
0.1
0.1
0.1
0.1
0.1
0.1
0.1
0.1
0.1
0.1
0.1
0.1
0.1
0.1
0.1
0.1
0.1
0.1
0.1
0.1
0.1
0.1
0.1
0.1
0.1
0.1
0.1
0.1
0.1
0.1
0.1
0.1
0.1
0.1
0.1
0.1
0.1
0.1
0.1
0.1
0.1
0.1
0.1
0.1
0.1
0.1
0.1
0.1
0.1
0.1
0.1
0.1
0.1
0.1
0.1
0.1
0.1
0.1
0.1
0.1
0.1
0.1
0.1
0.1
0.1
0.1
0.1
0.1
0.1
0.1
0.1
0.1
0.1
0.1
0.1
0.1
0.1
0.1
0.1
0.1
0.1
0.1
0.1
0.1
0.1
0.1
0.1
0.1
0.1
0.1
0.1
0.1
0.1
0.1
0.1
0.1
0.1
0.1
0.1
0.1
0.1
0.1
0.1
0.1
0.1
0.1
0.1
0.1
0.1
0.1
0.1
0.1
0.1
0.1
0.1
0.1
0.1
0.1
0.1
0.1
0.1
0.1
0.1
0.1
0.1
0.1
0.1
0.1
0.1
0.1
0.1
0.099999997
0.1
0.1
0.1
0.1
0.1
0.1
0.1
0.099999997
0.1
0.1
0.1
0.1
0.1
0.1
0.1
0.099999997
0.1
0.1
0.1
0.1
0.1
0.1
0.1
0.099999997
0.1
0.1
0.1
0.1
0.1
0.1
0.1
0.099999997
0.1
0.1
0.1
0.1
0.1
0.1
0.1
0.099999997
0.1
0.1
0.1
0.1
0.1
0.1
0.1
0.099999997
0.1
0.1
0.1
0.1
0.1
0.1
0.1
0.099999997
0.1
0.1
0.1
0.1
0.1
0.1
0.1
0.099977443
0.099977658
0.10002843
0.099999704
0.10001206
0.099993908
0.10001323
0.09997399
0.099979307
0.099977343
0.10002882
0.099999571
0.10001226
0.09999384
0.10001342
0.099973751
0.099978689
0.099977464
0.10002867
0.099999632
0.10001218
0.099993877
0.10001335
0.099973857
0.099978992
0.099977348
0.10002874
0.099999584
0.10001222
0.099993843
0.10001338
0.099973784
0.099978764
0.099977424
0.10002869
0.099999615
0.10001219
0.099993865
0.10001336
0.099973834
0.099978926
0.09997736
0.10002873
0.099999593
0.10001221
0.099993848
0.10001338
0.099973792
0.099978806
0.099977429
0.1000287
0.099999613
0.1000122
0.099993864
0.10001336
0.099973835
0.099978804
0.09997733
0.10002871
0.099999588
0.1000122
0.099993839
0.10001337
0.099973756
0.099978867
0.099977383
0.10002871
0.099999602
0.1000122
0.099993858
0.10001336
0.099973847
0.099978856
0.099977395
0.10002872
0.099999603
0.1000122
0.099993856
0.10001337
0.099973804
0.099978854
0.099977392
0.10002871
0.099999602
0.1000122
0.099993856
0.10001337
0.099973817
0.099978849
0.099977387
0.10002871
0.099999601
0.1000122
0.099993854
0.10001337
0.099973808
0.099978849
0.099977389
0.10002871
0.099999601
0.1000122
0.099993855
0.10001337
0.099973814
0.099978848
0.099977389
0.10002871
0.099999602
0.1000122
0.099993855
0.10001337
0.09997381
0.099978854
0.099977387
0.10002871
0.099999601
0.1000122
0.099993855
0.10001337
0.099973814
0.099978821
0.099977393
0.10002871
0.099999603
0.1000122
0.099993855
0.10001337
0.099973809
0.099978869
0.09997738
0.10002871
0.099999599
0.1000122
0.099993854
0.10001337
0.099973812
0.099978843
0.09997739
0.10002871
0.099999602
0.1000122
0.099993855
0.10001337
0.099973812
0.099978852
0.099977387
0.10002871
0.099999601
0.1000122
0.099993855
0.10001337
0.099973811
0.099978846
0.099977388
0.10002871
0.099999601
0.1000122
0.099993855
0.10001337
0.099973812
0.099978849
0.099977387
0.10002871
0.099999601
0.1000122
0.099993855
0.10001337
0.099973812
0.099978847
0.099977388
0.10002871
0.099999601
0.1000122
0.099993855
0.10001337
0.099973812
0.099978849
0.099977387
0.10002871
0.099999601
0.1000122
0.099993855
0.10001337
0.099973812
0.099978846
0.099977388
0.10002871
0.099999601
0.1000122
0.099993855
0.10001337
0.099973812
0.099978848
0.099977387
0.10002871
0.099999601
0.1000122
0.099993855
0.10001337
0.099973811
0.099978848
0.099977388
0.10002871
0.099999601
0.1000122
0.099993855
0.10001337
0.099973812
0.099978848
0.099977388
0.10002871
0.099999601
0.1000122
0.099993855
0.10001337
0.099973812
0.099978848
0.099977388
0.10002871
0.099999601
0.1000122
0.099993855
0.10001337
0.099973812
0.099978848
0.099977388
0.10002871
0.099999601
0.1000122
0.099993855
0.10001337
0.099973812
0.099978848
0.099977388
0.10002871
0.099999601
0.1000122
0.099993855
0.10001337
0.099973812
0.099978848
0.099977388
0.10002871
0.099999601
0.1000122
0.099993855
0.10001337
0.099973812
0.099978848
0.099977388
0.10002871
0.099999601
0.1000122
0.099993855
0.10001337
0.099973812
0.10000001
0.099999995
0.1
0.1
0.1
0.099999999
0.1
0.099999999
0.10000001
0.099999995
0.1
0.1
0.1
0.099999999
0.1
0.099999999
0.10000001
0.099999995
0.1
0.1
0.1
0.099999999
0.1
0.099999999
0.10000001
0.099999995
0.1
0.1
0.1
0.099999999
0.1
0.099999999
0.10000001
0.099999995
0.1
0.1
0.1
0.099999999
0.1
0.099999999
0.10000001
0.099999995
0.1
0.1
0.1
0.099999999
0.1
0.099999999
0.10000001
0.099999995
0.1
0.1
0.1
0.099999999
0.1
0.099999999
0.10000001
0.099999995
0.1
0.1
0.1
0.099999999
0.1
0.099999999
0.10000001
0.099999995
0.1
0.1
0.1
0.099999999
0.1
0.099999999
0.10000001
0.099999995
0.1
0.1
0.1
0.099999999
0.1
0.099999999
0.10000001
0.099999995
0.1
0.1
0.1
0.099999999
0.1
0.099999999
0.10000001
0.099999995
0.1
0.1
0.1
0.099999999
0.1
0.099999999
0.10000001
0.099999995
0.1
0.1
0.1
0.099999999
0.1
0.099999999
0.10000001
0.099999995
0.1
0.1
0.1
0.099999999
0.1
0.099999999
0.10000001
0.099999995
0.1
0.1
0.1
0.099999999
0.1
0.099999999
0.10000001
0.099999995
0.1
0.1
0.1
0.099999999
0.1
0.099999999
0.099999746
0.10000009
0.099999995
0.10000002
0.099999994
0.10000002
0.099999984
0.099999999
0.099999746
0.10000009
0.099999995
0.10000002
0.099999994
0.10000002
0.099999984
0.099999999
0.099999746
0.10000009
0.099999995
0.10000002
0.099999994
0.10000002
0.099999984
0.099999999
0.099999746
0.10000009
0.099999995
0.10000002
0.099999994
0.10000002
0.099999984
0.099999999
0.099999746
0.10000009
0.099999995
0.10000002
0.099999994
0.10000002
0.099999984
0.099999999
0.099999746
0.10000009
0.099999995
0.10000002
0.099999994
0.10000002
0.099999984
0.099999999
0.099999746
0.10000009
0.099999995
0.10000002
0.099999994
0.10000002
0.099999984
0.099999999
0.099999746
0.10000009
0.099999995
0.10000002
0.099999994
0.10000002
0.099999984
0.099999999
0.10000001
0.099999995
0.1
0.1
0.1
0.099999999
0.1
0.099999999
0.10000001
0.099999995
0.1
0.1
0.1
0.099999999
0.1
0.099999999
0.10000001
0.099999995
0.1
0.1
0.1
0.099999999
0.1
0.099999999
0.10000001
0.099999995
0.1
0.1
0.1
0.099999999
0.1
0.099999999
0.10000001
0.099999995
0.1
0.1
0.1
0.099999999
0.1
0.099999999
0.10000001
0.099999995
0.1
0.1
0.1
0.099999999
0.1
0.099999999
0.10000001
0.099999995
0.1
0.1
0.1
0.099999999
0.1
0.099999999
0.10000001
0.099999995
0.1
0.1
0.1
0.099999999
0.1
0.099999999
0.10000001
0.099999995
0.1
0.1
0.1
0.099999999
0.1
0.099999999
0.10000001
0.099999995
0.1
0.1
0.1
0.099999999
0.1
0.099999999
0.10000001
0.099999995
0.1
0.1
0.1
0.099999999
0.1
0.099999999
0.10000001
0.099999995
0.1
0.1
0.1
0.099999999
0.1
0.099999999
0.10000001
0.099999995
0.1
0.1
0.1
0.099999999
0.1
0.099999999
0.10000001
0.099999995
0.1
0.1
0.1
0.099999999
0.1
0.099999999
0.10000001
0.099999995
0.1
0.1
0.1
0.099999999
0.1
0.099999999
0.10000001
0.099999995
0.1
0.1
0.1
0.099999999
0.1
0.099999999
0.099999746
0.10000009
0.099999995
0.10000002
0.099999994
0.10000002
0.099999984
0.099999999
0.099999746
0.10000009
0.099999995
0.10000002
0.099999994
0.10000002
0.099999984
0.099999999
0.099999746
0.10000009
0.099999995
0.10000002
0.099999994
0.10000002
0.099999984
0.099999999
0.099999746
0.10000009
0.099999995
0.10000002
0.099999994
0.10000002
0.099999984
0.099999999
0.099999746
0.10000009
0.099999995
0.10000002
0.099999994
0.10000002
0.099999984
0.099999999
0.099999746
0.10000009
0.099999995
0.10000002
0.099999994
0.10000002
0.099999984
0.099999999
0.099999746
0.10000009
0.099999995
0.10000002
0.099999994
0.10000002
0.099999984
0.099999999
0.099999746
0.10000009
0.099999995
0.10000002
0.099999994
0.10000002
0.099999984
0.099999999
0.10000001
0.099999715
0.10000028
0.10000003
0.1000001
0.099999964
0.10000009
0.099999935
0.10000001
0.099999715
0.10000028
0.10000003
0.1000001
0.099999964
0.10000009
0.099999935
0.10000001
0.099999715
0.10000028
0.10000003
0.1000001
0.099999964
0.10000009
0.099999935
0.10000001
0.099999715
0.10000028
0.10000003
0.1000001
0.099999964
0.10000009
0.099999935
0.10000001
0.099999715
0.10000028
0.10000003
0.1000001
0.099999964
0.10000009
0.099999935
0.10000001
0.099999715
0.10000028
0.10000003
0.1000001
0.099999964
0.10000009
0.099999935
0.10000001
0.099999715
0.10000028
0.10000003
0.1000001
0.099999964
0.10000009
0.099999935
0.10000001
0.099999715
0.10000028
0.10000003
0.1000001
0.099999964
0.10000009
0.099999935
0.10000001
0.099999715
0.10000028
0.10000003
0.1000001
0.099999964
0.10000009
0.099999935
0.10000001
0.099999715
0.10000028
0.10000003
0.1000001
0.099999964
0.10000009
0.099999935
0.10000001
0.099999715
0.10000028
0.10000003
0.1000001
0.099999964
0.10000009
0.099999935
0.10000001
0.099999715
0.10000028
0.10000003
0.1000001
0.099999964
0.10000009
0.099999935
0.10000001
0.099999715
0.10000028
0.10000003
0.1000001
0.099999964
0.10000009
0.099999935
0.10000001
0.099999715
0.10000028
0.10000003
0.1000001
0.099999964
0.10000009
0.099999935
0.10000001
0.099999715
0.10000028
0.10000003
0.1000001
0.099999964
0.10000009
0.099999935
0.10000001
0.099999715
0.10000028
0.10000003
0.1000001
0.099999964
0.10000009
0.099999935
0.10000217
0.10000335
0.10000006
0.10000158
0.099999935
0.10000084
0.099998977
0.10000105
0.10000217
0.10000335
0.10000006
0.10000158
0.099999935
0.10000084
0.099998977
0.10000105
0.10000217
0.10000335
0.10000006
0.10000158
0.099999935
0.10000084
0.099998977
0.10000105
0.10000217
0.10000335
0.10000006
0.10000158
0.099999935
0.10000084
0.099998977
0.10000105
0.10000217
0.10000335
0.10000006
0.10000158
0.099999935
0.10000084
0.099998977
0.10000105
0.10000217
0.10000335
0.10000006
0.10000158
0.099999935
0.10000084
0.099998977
0.10000105
0.10000217
0.10000335
0.10000006
0.10000158
0.099999935
0.10000084
0.099998977
0.10000105
0.10000217
0.10000335
0.10000006
0.10000158
0.099999935
0.10000084
0.099998977
0.10000105
0.1
0.1
0.1
0.1
0.1
0.1
0.1
0.1
0.1
0.1
0.1
0.1
0.1
0.1
0.1
0.1
0.1
0.1
0.1
0.1
0.1
0.1
0.1
0.1
0.1
0.1
0.1
0.1
0.1
0.1
0.1
0.1
0.1
0.1
0.1
0.1
0.1
0.1
0.1
0.1
0.1
0.1
0.1
0.1
0.1
0.1
0.1
0.1
0.1
0.1
0.1
0.1
0.1
0.1
0.1
0.1
0.1
0.1
0.1
0.1
0.1
0.1
0.1
0.1
0.1
0.1
0.1
0.1
0.1
0.1
0.1
0.1
0.1
0.1
0.1
0.1
0.1
0.1
0.1
0.1
0.1
0.1
0.1
0.1
0.1
0.1
0.1
0.1
0.1
0.1
0.1
0.1
0.1
0.1
0.1
0.1
0.1
0.1
0.1
0.1
0.1
0.1
0.1
0.1
0.1
0.1
0.1
0.1
0.1
0.1
0.1
0.1
0.1
0.1
0.1
0.1
0.1
0.1
0.1
0.1
0.1
0.1
0.1
0.1
0.1
0.1
0.1
0.1
0.1
0.1
0.1
0.1
0.1
0.1
0.1
0.1
0.1
0.1
0.1
0.1
0.1
0.1
0.1
0.1
0.1
0.1
0.1
0.1
0.1
0.1
0.1
0.1
0.1
0.1
0.1
0.1
0.1
0.1
0.1
0.1
0.1
0.1
0.1
0.1
0.1
0.1
0.1
0.1
0.1
0.1
0.1
0.1
0.1
0.1
0.1
0.1
0.1
0.1
0.1
0.1
0.1
0.1
0.1
0.1
0.1
0.1
0.1
0.1
0.1
0.1
0.1
0.1
0.1
0.1
0.1
0.1
0.1
0.1
0.1
0.1
0.1
0.1
0.1
0.1
0.1
0.1
0.1
0.1
0.1
0.1
0.1
0.1
0.1
0.1
0.1
0.1
0.1
0.1
0.1
0.1
0.1
0.1
0.1
0.1
0.1
0.1
0.1
0.1
0.1
0.1
0.1
0.1
0.1
0.1
0.1
0.1
0.1
0.1
0.1
0.1
0.1
0.1
0.1
0.1
0.1
0.1
0.1
0.1
0.1
0.1
0.1
0.1
0.1
0.1
0.1
0.1
0.099999997
0.1
0.1
0.1
0.1
0.1
0.1
0.1
0.099999997
0.1
0.1
0.1
0.1
0.1
0.1
0.1
0.099999997
0.1
0.1
0.1
0.1
0.1
0.1
0.1
0.099999997
0.1
0.1
0.1
0.1
0.1
0.1
0.1
0.099999997
0.1
0.1
0.1
0.1
0.1
0.1
0.1
0.099999997
0.1
0.1
0.1
0.1
0.1
0.1
0.1
0.099999997
0.1
0.1
0.1
0.1
0.1
0.1
0.1
0.099999997
0.1
0.1
0.1
0.1
0.1
0.1
0.1
