FiniteElementSpace
FiniteElementCollection: L2_2D_P7
VDim: 1
Ordering: 0

0.1
0.1
0.1
0.1
0.1
0.1
0.1
0.1
0.1
0.1
0.1
0.1
0.1
0.1
0.1
0.1
0.1
0.1
0.1
0.1
0.1
0.1
0.1
0.1
0.1
0.1
0.1
0.1
0.1
0.1
0.1
0.1
0.1
0.1
0.1
0.1
0.1
0.1
0.1
0.1
0.1
0.1
0.1
0.1
0.1
0.1
0.1
0.1
0.1
0.1
0.1
0.1
0.1
0.1
0.1
0.1
0.1
0.1
0.1
0.1
0.1
0.1
0.1
0.1
0.099993493
0.10000066
0.10000164
0.10000062
0.10000083
0.099999798
0.10000098
0.099997323
0.099995719
0.10000001
0.10000188
0.10000053
0.10000095
0.099999695
0.1000011
0.099997423
0.099999147
0.099999145
0.1000022
0.10000042
0.1000011
0.099999584
0.1000012
0.09999785
0.10000288
0.099998423
0.10000246
0.10000036
0.10000121
0.099999531
0.10000118
0.099998578
0.10000628
0.099998061
0.1000026
0.10000037
0.10000127
0.099999547
0.10000107
0.099999298
0.10000907
0.099998032
0.10000264
0.10000043
0.10000129
0.099999604
0.10000094
0.099999798
0.10001121
0.099998172
0.10000263
0.10000049
0.10000128
0.099999663
0.10000082
0.10000006
0.10001249
0.099998313
0.1000026
0.10000053
0.10000128
0.099999703
0.10000075
0.10000018
0.1
0.1
0.1
0.1
0.1
0.1
0.1
0.1
0.1
0.1
0.1
0.1
0.1
0.1
0.1
0.1
0.1
0.1
0.1
0.1
0.1
0.1
0.1
0.1
0.1
0.1
0.1
0.1
0.1
0.1
0.1
0.1
0.1
0.1
0.1
0.1
0.1
0.1
0.1
0.1
0.1
0.1
0.1
0.1
0.1
0.1
0.1
0.1
0.1
0.1
0.1
0.1
0.1
0.1
0.1
0.1
0.099999999
0.1
0.1
0.1
0.1
0.1
0.1
0.1
0.1
0.1
0.1
0.1
0.1
0.1
0.1
0.1
0.1
0.1
0.1
0.1
0.1
0.1
0.1
0.1
0.1
0.1
0.1
0.1
0.1
0.1
0.1
0.1
0.1
0.1
0.1
0.1
0.1
0.1
0.1
0.1
0.1
0.1
0.1
0.1
0.1
0.1
0.1
0.1
0.1
0.1
0.1
0.1
0.1
0.1
0.1
0.1
0.1
0.1
0.1
0.1
0.1
0.1
0.1
0.1
0.1
0.1
0.1
0.1
0.1
0.1
0.1
0.1
0.1
0.1
0.1
0.1
0.1
0.1
0.1
0.1
0.1
0.1
0.1
0.1
0.1
0.1
0.1
0.1
0.1
0.1
0.1
0.1
0.1
0.1
0.1
0.1
0.1
0.1
0.1
0.1
0.1
0.1
0.1
0.1
0.1
0.1
0.1
0.1
0.1
0.1
0.1
0.1
0.1
0.1
0.1
0.1
0.1
0.1
0.1
0.1
0.1
0.1
0.1
0.1
0.1
0.1
0.1
0.1
0.1
0.1
0.1
0.1
0.1
0.1
0.1
0.1
0.1
0.1
0.1
0.1
0.1
0.1
0.1
0.1
0.1
0.1
0.1
0.1
0.1
0.1
0.1
0.1
0.1
0.1
0.1
0.1
0.1
0.1
0.1
0.1
0.1
0.1
0.1
0.1
0.1
0.1
0.1
0.1
0.1
0.1
0.1
0.1
0.1
0.1
0.1
0.1
0.099999999
0.1
0.1
0.1
0.1
0.1
0.1
0.1
0.099999999
0.1
0.1
0.1
0.1
0.1
0.1
0.1
0.099999999
0.1
0.1
0.1
0.1
0.1
0.1
0.1
0.1
0.1
0.1
0.1
0.1
0.1
0.1
0.1
0.1
0.1
0.1
0.1
0.1
0.1
0.1
0.1
0.1
0.1
0.1
0.1
0.1
0.1
0.1
0.1
0.1
0.1
0.1
0.1
0.1
0.1
0.1
0.1
0.1
0.1
0.1
0.1
0.1
0.1
0.1
0.1
0.1
0.1
0.1
0.1
0.1
0.1
0.1
0.1
0.1
0.1
0.1
0.1
0.1
0.1
0.1
0.1
0.1
0.1
0.1
0.1
0.1
0.1
0.1
0.1
0.1
0.1
0.1
0.1
0.1
0.1
0.1
0.1
0.1
0.1
0.1
0.1
0.1
0.1
0.1
0.1
0.1
0.1
0.1
0.1
0.1
0.1
0.1
0.1
0.1
0.1
0.1
0.1
0.1
0.1
0.1
0.1
0.1
0.1
0.1
0.1
0.1
0.1
0.1
0.1
0.1
0.1
0.1
0.1
0.1
0.1
0.1
0.1
0.1
0.1
0.1
0.1
0.1
0.1
0.1
0.1
0.1
0.1
0.1
0.1
0.1
0.1
0.1
0.1
0.1
0.1
0.1
0.1
0.1
0.1
0.1
0.1
0.1
0.1
0.1
0.1
0.1
0.1
0.1
0.1
0.1
0.1
0.1
0.1
0.1
0.1
0.1
0.1
0.1
0.1
0.1
0.1
0.1
0.1
0.1
0.1
0.1
0.1
0.1
0.1
0.1
0.1
0.1
0.1
0.1
0.1
0.1
0.1
0.1
0.1
0.1
0.1
0.1
0.1
0.1
0.1
0.1
0.1
0.1
0.1
0.1
0.1
0.1
0.1
0.1
0.1
0.1
0.1
0.10000001
0.099999979
0.10000003
0.1
0.10000001
0.099999997
0.10000001
0.099999998
0.10000002
0.099999977
0.10000003
0.1
0.10000001
0.099999997
0.10000001
0.1
0.10000004
0.099999974
0.10000003
0.10000001
0.10000001
0.099999998
0.10000001
0.1
0.10000007
0.099999972
0.10000003
0.10000001
0.10000001
0.099999999
0.10000001
0.1
0.10000011
0.099999974
0.10000003
0.10000001
0.10000001
0.1
0.1
0.1
0.10000015
0.099999979
0.10000003
0.10000001
0.10000001
0.1
0.1
0.1
0.10000018
0.099999985
0.10000002
0.10000001
0.10000001
0.1
0.1
0.1
0.10000019
0.099999989
0.10000002
0.10000001
0.10000001
0.1
0.099999999
0.1
0.10000011
0.10000006
0.1
0.10000003
0.1
0.10000001
0.099999984
0.10000002
0.10000009
0.10000006
0.1
0.10000003
0.1
0.10000001
0.099999984
0.10000002
0.10000007
0.10000007
0.1
0.10000003
0.1
0.10000002
0.099999982
0.10000002
0.10000004
0.10000007
0.1
0.10000003
0.099999999
0.10000002
0.099999981
0.10000002
0.10000002
0.10000008
0.099999999
0.10000003
0.099999998
0.10000002
0.09999998
0.10000002
0.1
0.10000008
0.099999998
0.10000003
0.099999998
0.10000002
0.09999998
0.10000002
0.099999996
0.10000009
0.099999997
0.10000003
0.099999998
0.10000002
0.099999979
0.10000002
0.099999992
0.10000009
0.099999997
0.10000003
0.099999998
0.10000002
0.099999979
0.10000002
0.10002215
0.10000195
0.10000197
0.10000118
0.100001
0.1000003
0.099999876
0.10000084
0.10002219
0.10000226
0.10000191
0.10000122
0.10000098
0.10000034
0.099999814
0.10000088
0.10002206
0.10000275
0.10000182
0.1000013
0.10000093
0.10000041
0.099999716
0.10000096
0.10002169
0.10000332
0.10000172
0.10000139
0.10000088
0.1000005
0.099999603
0.10000105
0.10002118
0.10000383
0.10000163
0.10000147
0.10000083
0.10000057
0.0999995
0.10000114
0.10002074
0.10000421
0.10000157
0.10000154
0.1000008
0.10000063
0.099999424
0.10000121
0.10002045
0.10000444
0.10000153
0.10000158
0.10000078
0.10000066
0.099999378
0.10000126
0.10002032
0.10000455
0.10000152
0.10000159
0.10000077
0.10000068
0.099999356
0.10000128
0.1
0.1
0.1
0.1
0.1
0.1
0.1
0.1
0.1
0.1
0.1
0.1
0.1
0.1
0.1
0.1
0.1
0.1
0.1
0.1
0.1
0.1
0.1
0.1
0.1
0.1
0.1
0.1
0.1
0.1
0.1
0.1
0.1
0.1
0.1
0.1
0.1
0.1
0.1
0.1
0.1
0.1
0.1
0.1
0.1
0.1
0.1
0.1
0.1
0.1
0.1
0.1
0.1
0.1
0.1
0.1
0.1
0.1
0.1
0.1
0.1
0.1
0.1
0.1
0.1
0.1
0.1
0.1
0.1
0.1
0.1
0.1
0.1
0.1
0.1
0.1
0.1
0.1
0.1
0.1
0.1
0.1
0.1
0.1
0.1
0.1
0.1
0.1
0.1
0.1
0.1
0.1
0.1
0.1
0.1
0.1
0.1
0.1
0.1
0.1
0.1
0.1
0.1
0.1
0.1
0.1
0.1
0.1
0.1
0.1
0.1
0.1
0.1
0.1
0.1
0.1
0.1
0.1
0.1
0.1
0.1
0.1
0.1
0.1
0.1
0.1
0.1
0.1
0.099999996
0.1
0.1
0.1
0.1
0.1
0.1
0.1
0.099999996
0.1
0.1
0.1
0.1
0.1
0.1
0.1
0.099999996
0.1
0.1
0.1
0.1
0.1
0.1
0.1
0.099999996
0.1
0.1
0.1
0.1
0.1
0.1
0.1
0.099999996
0.1
0.1
0.1
0.1
0.1
0.1
0.1
0.099999996
0.1
0.1
0.1
0.1
0.1
0.1
0.1
0.099999996
0.1
0.1
0.1
0.1
0.1
0.1
0.1
0.099999996
0.1
0.1
0.1
0.1
0.1
0.1
0.1
0.1
0.1
0.1
0.1
0.1
0.1
0.1
0.1
0.1
0.1
0.1
0.1
0.1
0.1
0.1
0.1
0.1
0.1
0.1
0.1
0.1
0.1
0.1
0.1
0.1
0.1
0.1
0.1
0.1
0.1
0.1
0.1
0.1
0.1
0.1
0.1
0.1
0.1
0.1
0.1
0.1
0.1
0.1
0.1
0.1
0.1
0.1
0.1
0.1
0.1
0.1
0.1
0.1
0.1
0.1
0.1
0.1
0.1
0.1
0.1
0.1
0.1
0.1
0.1
0.1
0.1
0.1
0.1
0.1
0.1
0.1
0.1
0.1
0.1
0.1
0.1
0.1
0.1
0.1
0.1
0.1
0.1
0.1
0.1
0.1
0.1
0.1
0.1
0.1
0.1
0.1
0.1
0.1
0.1
0.1
0.1
0.1
0.1
0.1
0.1
0.1
0.1
0.1
0.1
0.1
0.1
0.1
0.1
0.1
0.1
0.1
0.1
0.1
0.1
0.1
0.1
0.1
0.1
0.1
0.1
0.1
0.1
0.1
0.1
0.1
0.1
0.1
0.1
0.1
0.1
0.1
0.1
0.1
0.1
0.1
0.1
0.1
0.1
0.1
0.1
0.1
0.1
0.1
0.1
0.1
0.1
0.1
0.1
0.1
0.1
0.1
0.1
0.1
0.1
0.1
0.1
0.1
0.1
0.1
0.1
0.1
0.1
0.1
0.1
0.1
0.1
0.1
0.1
0.1
0.1
0.1
0.1
0.1
0.1
0.1
0.1
0.1
0.1
0.1
0.1
0.1
0.1
0.1
0.1
0.1
0.1
0.1
0.1
0.1
0.1
0.1
0.1
0.1
0.1
0.1
0.1
0.1
0.1
0.1
0.1
0.1
0.1
0.1
0.1
0.1
0.1
0.1
0.1
0.1
0.1
0.1
0.1
0.1
0.1
0.1
0.1
0.1
0.1
0.1
0.1
0.1
0.1
0.1
0.1
0.1
0.1
0.1
0.1
0.1
0.1
0.1
0.1
0.1
0.1
0.1
0.1
0.1
0.1
0.1
0.1
0.1
0.1
0.1
0.1
0.1
0.1
0.1
0.1
0.1
0.1
0.1
0.1
0.1
0.1
0.1
0.1
0.1
0.1
0.1
0.1
0.1
0.1
0.1
0.1
0.1
0.1
0.1
0.1
0.1
0.1
0.1
0.1
0.1
0.1
0.1
0.1
0.1
0.1
0.1
0.1
0.1
0.1
0.1
0.1
0.1
0.1
0.1
0.1
0.1
0.1
0.1
0.1
0.1
0.1
0.1
0.1
0.1
0.1
0.1
0.1
0.1
0.1
0.1
0.1
0.1
0.1
0.1
0.1
0.1
0.1
0.1
0.1
0.1
0.1
0.1
0.1
0.1
0.1
0.1
0.1
0.1
0.1
0.1
0.1
0.1
0.1
0.1
0.1
0.1
0.1
0.1
0.1
0.1
0.1
0.1
0.1
0.1
0.1
0.1
0.1
0.1
0.1
0.1
0.1
0.1
0.1
0.1
0.1
0.1
0.1
0.1
0.1
0.1
0.1
0.1
0.1
0.1
0.1
0.1
0.1
0.1
0.1
0.1
0.1
0.1
0.1
0.1
0.1
0.1
0.1
0.1
0.1
0.1
0.1
0.1
0.1
0.1
0.1
0.1
0.1
0.1
0.1
0.1
0.1
0.1
0.1
0.1
0.1
0.1
0.1
0.1
0.1
0.1
0.1
0.1
0.1
0.1
0.1
0.1
0.1
0.1
0.1
0.1
0.1
0.1
0.1
0.1
0.1
0.1
0.1
0.1
0.1
0.1
0.1
0.1
0.1
0.1
0.1
0.1
0.1
0.1
0.1
0.1
0.1
0.1
0.1
0.1
0.1
0.1
0.1
0.1
0.1
0.1
0.1
0.1
0.1
0.1
0.1
0.1
0.1
0.1
0.1
0.1
0.1
0.1
0.1
0.1
0.1
0.10000066
0.10000031
0.10000004
0.10000015
0.10000001
0.10000008
0.099999919
0.10000008
0.10000029
0.10000041
0.10000002
0.10000017
0.1
0.10000009
0.0999999
0.1000001
0.099999553
0.10000057
0.099999979
0.1000002
0.099999983
0.10000012
0.099999876
0.1000001
0.099998657
0.10000073
0.099999948
0.10000022
0.09999997
0.10000013
0.099999863
0.10000008
0.099997962
0.10000081
0.099999943
0.10000023
0.099999969
0.10000014
0.099999875
0.10000001
0.099997622
0.10000082
0.099999963
0.10000023
0.099999982
0.10000012
0.099999907
0.099999922
0.099997547
0.10000078
0.099999992
0.10000022
0.099999998
0.10000011
0.099999942
0.099999841
0.099997564
0.10000074
0.10000001
0.10000021
0.10000001
0.10000009
0.099999965
0.099999793
0.099997584
0.10000072
0.10000002
0.10000021
0.10000001
0.10000009
0.099999976
0.099999771
0.099997644
0.10000068
0.10000005
0.1000002
0.10000003
0.10000007
0.099999999
0.099999728
0.099997777
0.1000006
0.10000008
0.10000018
0.10000005
0.10000005
0.10000003
0.099999665
0.099997975
0.1000005
0.10000013
0.10000016
0.10000007
0.10000003
0.10000007
0.099999606
0.099998191
0.1000004
0.10000017
0.10000014
0.10000009
0.10000001
0.10000011
0.099999567
0.099998373
0.10000031
0.10000021
0.10000013
0.10000011
0.099999991
0.10000013
0.099999548
0.099998498
0.10000026
0.10000023
0.10000012
0.10000012
0.09999998
0.10000015
0.099999542
0.099998564
0.10000023
0.10000024
0.10000011
0.10000013
0.099999975
0.10000016
0.099999541
0.1000131
0.099998394
0.10000259
0.10000055
0.10000127
0.099999722
0.10000072
0.10000022
0.10001433
0.099998589
0.10000256
0.1000006
0.10000126
0.099999765
0.10000065
0.1000003
0.10001624
0.09999898
0.10000249
0.10000068
0.10000123
0.09999984
0.10000053
0.10000041
0.10001834
0.099999563
0.10000238
0.10000079
0.10000119
0.099999939
0.10000038
0.10000052
0.10002018
0.10000026
0.10000226
0.10000091
0.10000114
0.10000005
0.10000022
0.10000061
0.10002137
0.10000093
0.10000214
0.10000102
0.10000109
0.10000015
0.10000008
0.1000007
0.10002192
0.10000147
0.10000205
0.1000011
0.10000104
0.10000023
0.099999971
0.10000077
0.10002211
0.1000018
0.10000199
0.10000115
0.10000101
0.10000027
0.099999907
0.10000082
0.1
0.1
0.1
0.1
0.1
0.1
0.1
0.1
0.1
0.1
0.1
0.1
0.1
0.1
0.1
0.1
0.1
0.1
0.1
0.1
0.1
0.1
0.1
0.1
0.1
0.1
0.1
0.1
0.1
0.1
0.1
0.1
0.1
0.1
0.1
0.1
0.1
0.1
0.1
0.1
0.1
0.1
0.1
0.1
0.1
0.1
0.1
0.1
0.1
0.1
0.1
0.1
0.1
0.1
0.1
0.1
0.1
0.1
0.1
0.1
0.1
0.1
0.1
0.1
0.1
0.1
0.1
0.1
0.1
0.1
0.1
0.1
0.1
0.1
0.1
0.1
0.1
0.1
0.1
0.1
0.1
0.1
0.1
0.1
0.1
0.1
0.1
0.1
0.1
0.1
0.1
0.1
0.1
0.1
0.1
0.1
0.1
0.1
0.1
0.1
0.1
0.1
0.1
0.1
0.1
0.1
0.1
0.1
0.1
0.1
0.1
0.1
0.1
0.1
0.1
0.1
0.1
0.1
0.1
0.1
0.1
0.1
0.1
0.1
0.1
0.1
0.1
0.1
0.099999999
0.1
0.1
0.1
0.1
0.1
0.1
0.1
0.099999998
0.1
0.1
0.1
0.1
0.1
0.1
0.1
0.099999998
0.1
0.1
0.1
0.1
0.1
0.1
0.1
0.099999997
0.1
0.1
0.1
0.1
0.1
0.1
0.1
0.099999997
0.1
0.1
0.1
0.1
0.1
0.1
0.1
0.099999996
0.1
0.1
0.1
0.1
0.1
0.1
0.1
0.099999996
0.1
0.1
0.1
0.1
0.1
0.1
0.1
0.099999996
0.1
0.1
0.1
0.1
0.1
0.1
0.1
0.1
0.1
0.1
0.1
0.1
0.1
0.1
0.1
0.1
0.1
0.1
0.1
0.1
0.1
0.1
0.1
0.1
0.1
0.1
0.1
0.1
0.1
0.1
0.1
0.1
0.1
0.1
0.1
0.1
0.1
0.1
0.1
0.1
0.1
0.1
0.1
0.1
0.1
0.1
0.1
0.1
0.1
0.1
0.1
0.1
0.1
0.1
0.1
0.1
0.1
0.1
0.1
0.1
0.1
0.1
0.1
0.1
0.1
0.1
0.1
0.1
0.1
0.1
0.1
0.1
0.1
0.1
0.1
0.1
0.1
0.1
0.1
0.1
0.1
0.1
0.1
0.1
0.1
0.1
0.1
0.1
0.1
0.1
0.1
0.1
0.1
0.1
0.1
0.1
0.1
0.1
0.1
0.1
0.1
0.1
0.1
0.1
0.1
0.1
0.1
0.1
0.1
0.1
0.1
0.1
0.1
0.1
0.1
0.1
0.1
0.1
0.1
0.1
0.1
0.1
0.1
0.1
0.1
0.1
0.1
0.1
0.1
0.1
0.1
0.1
0.1
0.1
0.1
0.1
0.1
0.1
0.1
0.1
0.1
0.1
0.1
0.1
0.1
0.1
0.1
0.1
0.1
0.1
0.1
0.1
0.1
0.1
0.1
0.1
0.1
0.1
0.1
0.1
0.1
0.1
0.1
0.1
0.1
0.1
0.1
0.1
0.1
0.1
0.1
0.1
0.1
0.1
0.1
0.1
0.1
0.1
0.1
0.1
0.1
0.1
0.1
0.1
0.1
0.1
0.1
0.1
0.1
0.1
0.1
0.1
0.1
0.1
0.1
0.1
0.1
0.1
0.1
0.099919141
0.10000634
0.10001239
0.10000436
0.10000483
0.099999281
0.10000508
0.099984562
0.099945843
0.099997334
0.10001557
0.10000325
0.10000636
0.09999793
0.10000709
0.099983135
0.099999752
0.099984222
0.1000198
0.10000169
0.10000834
0.09999628
0.10000876
0.09998538
0.10006457
0.099976889
0.10002174
0.10000169
0.10000921
0.099996166
0.10000782
0.099993875
0.10011518
0.099981256
0.1000204
0.10000349
0.1000086
0.099997796
0.1000047
0.10000247
0.10014247
0.099993972
0.10001698
0.1000063
0.1000071
0.10000024
0.1000011
0.10000678
0.10015076
0.10000762
0.10001376
0.10000877
0.10000568
0.10000239
0.099998291
0.10000817
0.10014819
0.10001704
0.10001157
0.10001039
0.1000047
0.10000376
0.09999656
0.10000868
0.1
0.1
0.1
0.1
0.1
0.1
0.1
0.1
0.099999998
0.1
0.1
0.1
0.1
0.1
0.1
0.1
0.099999995
0.1
0.1
0.1
0.1
0.1
0.1
0.1
0.099999995
0.1
0.1
0.1
0.1
0.1
0.1
0.099999999
0.099999997
0.1
0.1
0.1
0.1
0.1
0.1
0.099999999
0.1
0.099999999
0.1
0.1
0.1
0.1
0.1
0.1
0.1
0.099999998
0.1
0.1
0.1
0.1
0.1
0.1
0.10000001
0.099999998
0.1
0.1
0.1
0.1
0.1
0.1
0.10000001
0.099999998
0.1
0.1
0.1
0.1
0.1
0.1
0.10000001
0.099999999
0.1
0.1
0.1
0.1
0.1
0.1
0.10000001
0.1
0.1
0.1
0.1
0.1
0.1
0.1
0.10000001
0.1
0.1
0.1
0.1
0.1
0.099999999
0.1
0.099999996
0.10000001
0.1
0.1
0.1
0.1
0.099999999
0.1
0.099999983
0.10000001
0.099999999
0.1
0.1
0.1
0.099999999
0.1
0.099999977
0.10000001
0.099999999
0.1
0.1
0.1
0.099999999
0.1
0.099999975
0.10000001
0.1
0.1
0.1
0.1
0.099999999
0.099999999
0.099999861
0.10000005
0.099999997
0.10000001
0.099999997
0.10000001
0.099999993
0.099999999
0.099999849
0.10000005
0.1
0.10000001
0.099999998
0.10000001
0.099999996
0.099999992
0.099999866
0.10000004
0.10000001
0.10000001
0.1
0.1
0.1
0.09999998
0.099999914
0.10000002
0.10000001
0.10000001
0.10000001
0.1
0.10000001
0.099999973
0.099999961
0.1
0.10000002
0.1
0.10000001
0.099999997
0.10000001
0.099999978
0.099999989
0.099999989
0.10000003
0.1
0.10000001
0.099999996
0.10000001
0.099999988
0.1
0.099999983
0.10000003
0.1
0.10000001
0.099999997
0.10000001
0.099999994
0.10000001
0.09999998
0.10000003
0.1
0.10000001
0.099999997
0.10000001
0.099999997
0.10000013
0.099999899
0.10000016
0.10000002
0.10000006
0.09999998
0.10000006
0.099999978
0.10000015
0.099999888
0.10000017
0.10000003
0.10000006
0.099999985
0.10000005
0.1
0.10000022
0.099999881
0.10000016
0.10000004
0.10000006
0.099999994
0.10000003
0.10000002
0.10000044
0.099999892
0.10000015
0.10000005
0.10000005
0.10000001
0.10000001
0.10000002
0.10000083
0.099999945
0.10000014
0.10000007
0.10000005
0.10000002
0.099999994
0.10000002
0.10000109
0.10000005
0.10000011
0.1000001
0.10000004
0.10000004
0.09999997
0.10000003
0.10000101
0.10000018
0.10000008
0.10000012
0.10000003
0.10000006
0.099999945
0.10000006
0.1000008
0.10000027
0.10000005
0.10000014
0.10000002
0.10000007
0.099999927
0.10000007
0.10000538
0.10000118
0.10000051
0.10000075
0.10000016
0.10000034
0.099999679
0.10000021
0.10000382
0.10000193
0.10000033
0.1000009
0.10000009
0.10000045
0.099999557
0.10000033
0.099998308
0.10000317
0.10000005
0.10000113
0.099999959
0.10000063
0.099999356
0.10000047
0.099989677
0.10000441
0.09999984
0.10000135
0.099999866
0.10000077
0.099999276
0.10000026
0.099985077
0.10000435
0.10000008
0.10000131
0.1
0.10000063
0.099999617
0.099999329
0.099986569
0.10000309
0.10000067
0.10000105
0.10000032
0.1000003
0.10000022
0.099998169
0.099990018
0.10000177
0.10000121
0.10000081
0.10000061
0.10000001
0.10000068
0.099997515
0.099992287
0.10000101
0.1000015
0.10000068
0.10000075
0.099999861
0.10000089
0.099997349
0.1
0.1
0.1
0.1
0.1
0.1
0.1
0.1
0.1
0.1
0.1
0.1
0.1
0.1
0.1
0.1
0.1
0.1
0.1
0.1
0.1
0.1
0.1
0.1
0.1
0.1
0.1
0.1
0.1
0.1
0.1
0.1
0.1
0.1
0.1
0.1
0.1
0.1
0.1
0.1
0.1
0.1
0.1
0.1
0.1
0.1
0.1
0.1
0.1
0.1
0.1
0.1
0.1
0.1
0.1
0.1
0.1
0.1
0.1
0.1
0.1
0.1
0.1
0.1
0.1
0.1
0.1
0.1
0.1
0.1
0.1
0.1
0.1
0.1
0.1
0.1
0.1
0.1
0.1
0.1
0.1
0.1
0.1
0.1
0.1
0.1
0.1
0.1
0.1
0.1
0.1
0.1
0.1
0.1
0.1
0.1
0.1
0.1
0.1
0.1
0.1
0.1
0.1
0.1
0.1
0.1
0.1
0.1
0.1
0.1
0.1
0.1
0.1
0.1
0.1
0.1
0.1
0.1
0.1
0.1
0.1
0.1
0.1
0.1
0.1
0.1
0.1
0.1
0.1
0.1
0.1
0.1
0.1
0.1
0.1
0.1
0.1
0.1
0.1
0.1
0.1
0.1
0.1
0.1
0.1
0.1
0.1
0.1
0.1
0.1
0.1
0.1
0.1
0.1
0.1
0.1
0.1
0.1
0.1
0.1
0.1
0.1
0.1
0.1
0.1
0.1
0.1
0.1
0.1
0.1
0.1
0.1
0.1
0.1
0.1
0.1
0.1
0.1
0.1
0.1
0.1
0.1
0.1
0.1
0.1
0.1
0.1
0.1
0.1
0.1
0.1
0.1
0.1
0.1
0.1
0.1
0.1
0.1
0.1
0.1
0.1
0.1
0.1
0.1
0.1
0.1
0.1
0.1
0.1
0.1
0.1
0.1
0.1
0.1
0.1
0.1
0.1
0.1
0.1
0.1
0.1
0.1
0.1
0.1
0.1
0.1
0.1
0.1
0.1
0.1
0.1
0.1
0.1
0.1
0.1
0.1
0.1
0.1
0.1
0.1
0.1
0.1
0.1
0.1
0.1
0.1
0.1
0.1
0.1
0.1
0.1
0.1
0.1
0.1
0.1
0.1
0.1
0.1
0.1
0.1
0.1
0.1
0.1
0.1
0.1
0.1
0.1
0.1
0.1
0.1
0.1
0.1
0.1
0.1
0.1
0.1
0.1
0.1
0.1
0.1
0.1
0.1
0.1
0.1
0.1
0.1
0.1
0.1
0.1
0.1
0.1
0.1
0.1
0.1
0.1
0.1
0.1
0.1
0.1
0.1
0.1
0.1
0.1
0.1
0.1
0.1
0.1
0.1
0.1
0.1
0.1
0.1
0.1
0.1
0.1
0.1
0.1
0.1
0.1
0.1
0.1
0.1
0.1
0.1
0.1
0.1
0.1
0.1
0.1
0.1
0.1
0.1
0.1
0.1
0.1
0.1
0.1
0.1
0.1
0.1
0.1
0.1
0.1
0.1
0.1
0.1
0.1
0.1
0.1
0.1
0.1
0.1
0.1
0.1
0.1
0.1
0.1
0.1
0.1
0.1
0.1
0.1
0.1
0.1
0.1
0.1
0.1
0.1
0.1
0.1
0.1
0.1
0.1
0.1
0.1
0.1
0.1
0.1
0.1
0.1
0.1
0.1
0.1
0.1
0.1
0.1
0.1
0.1
0.1
0.1
0.1
0.1
0.1
0.1
0.1
0.1
0.1
0.1
0.1
0.1
0.1
0.1
0.1
0.1
0.1
0.1
0.1
0.1
0.1
0.1
0.1
0.1
0.1
0.1
0.1
0.1
0.1
0.1
0.1
0.1
0.1
0.1
0.1
0.1
0.1
0.1
0.1
0.1
0.1
0.1
0.1
0.1
0.1
0.1
0.1
0.1
0.1
0.1
0.1
0.1
0.1
0.1
0.1
0.1
0.1
0.1
0.1
0.1
0.1
0.1
0.1
0.1
0.1
0.1
0.1
0.1
0.1
0.1
0.1
0.1
0.1
0.1
0.1
0.1
0.1
0.1
0.1
0.1
0.1
0.1
0.1
0.1
0.1
0.1
0.1
0.1
0.1
0.1
0.1
0.1
0.1
0.1
0.1
0.1
0.1
0.1
0.1
0.1
0.1
0.1
0.1
0.1
0.1
0.1
0.1
0.1
0.1
0.1
0.1
0.1
0.1
0.1
0.1
0.1
0.1
0.1
0.1
0.1
0.1
0.1
0.1
0.1
0.099999999
0.1
0.1
0.1
0.1
0.1
0.1
0.1
0.099999999
0.1
0.1
0.1
0.1
0.1
0.1
0.1
0.099999999
0.1
0.1
0.1
0.1
0.1
0.1
0.1
0.1
0.1
0.1
0.1
0.1
0.1
0.1
0.1
0.1
0.1
0.1
0.1
0.1
0.1
0.1
0.1
0.1
0.1
0.1
0.1
0.1
0.1
0.1
0.1
0.1
0.1
0.1
0.1
0.1
0.1
0.1
0.1
0.1
0.1
0.1
0.1
0.1
0.1
0.1
0.1
0.1
0.1
0.1
0.1
0.1
0.1
0.1
0.1
0.1
0.1
0.1
0.1
0.1
0.1
0.1
0.1
0.1
0.1
0.1
0.1
0.1
0.1
0.1
0.1
0.1
0.1
0.1
0.1
0.1
0.1
0.1
0.1
0.1
0.1
0.1
0.1
0.1
0.1
0.1
0.1
0.1
0.1
0.1
0.1
0.1
0.1
0.1
0.1
0.1
0.1
0.1
0.1
0.1
0.1
0.1
0.1
0.1
0.1
0.1
0.1
0.1
0.1
0.1
0.1
0.1
0.1
0.1
0.1
0.1
0.1
0.1
0.1
0.1
0.1
0.1
0.1
0.1
0.1
0.1
0.1
0.1
0.1
0.1
0.1
0.1
0.1
0.1
0.1
0.1
0.1
0.1
0.1
0.1
0.1
0.1
0.1
0.1
0.1
0.1
0.1
0.1
0.1
0.1
0.1
0.1
0.1
0.1
0.1
0.1
0.1
0.1
0.1
0.1
0.1
0.1
0.1
0.1
0.1
0.1
0.1
0.1
0.1
0.1
0.1
0.1
0.1
0.1
0.1
0.1
0.1
0.1
0.1
0.1
0.1
0.1
0.1
0.1
0.1
0.1
0.1
0.1
0.1
0.1
0.1
0.1
0.1
0.1
0.1
0.1
0.1
0.1
0.1
0.1
0.1
0.1
0.1
0.1
0.1
0.1
0.1
0.1
0.1
0.1
0.1
0.1
0.1
0.1
0.1
0.1
0.1
0.1
0.1
0.1
0.1
0.1
0.1
0.1
0.1
0.1
0.1
0.1
0.1
0.1
0.1
0.1
0.1
0.1
0.1
0.1
0.1
0.1
0.1
0.1
0.1
0.1
0.1
0.1
0.1
0.1
0.1
0.1
0.1
0.1
0.1
0.1
0.1
0.1
0.1
0.1
0.1
0.1
0.1
0.1
0.1
0.1
0.1
0.1
0.1
0.1
0.1
0.1
0.1
0.1
0.1
0.1
0.1
0.1
0.1
0.1
0.1
0.1
0.1
0.1
0.1
0.1
0.1
0.1
0.1
0.1
0.1
0.1
0.1
0.1
0.1
0.1
0.1
0.1
0.1
0.1
0.1
0.1
0.1
0.1
0.1
0.1
0.1
0.1
0.1
0.1
0.1
0.1
0.1
0.1
0.1
0.1
0.1
0.1
0.1
0.1
0.1
0.1
0.1
0.1
0.1
0.1
0.1
0.1
0.1
0.1
0.1
0.1
0.1
0.1
0.1
0.1
0.1
0.1
0.1
0.1
0.1
0.1
0.1
0.1
0.1
0.1
0.1
0.1
0.1
0.1
0.1
0.1
0.1
0.1
0.1
0.1
0.1
0.1
0.1
0.1
0.1
0.1
0.1
0.1
0.1
0.1
0.1
0.1
0.1
0.1
0.1
0.1
0.1
0.1
0.1
0.1
0.1
0.1
0.1
0.1
0.1
0.1
0.1
0.1
0.1
0.1
0.1
0.1
0.1
0.1
0.1
0.1
0.1
0.1
0.1
0.1
0.1
0.1
0.1
0.1
0.1
0.1
0.1
0.1
0.1
0.1
0.1
0.1
0.1
0.1
0.1
0.1
0.1
0.1
0.1
0.1
0.1
0.1
0.1
0.1
0.1
0.1
0.1
0.1
0.1
0.1
0.1
0.1
0.1
0.1
0.1
0.1
0.1
0.1
0.1
0.1
0.1
0.1
0.1
0.1
0.1
0.1
0.1
0.1
0.1
0.1
0.1
0.1
0.1
0.1
0.1
0.1
0.1
0.1
0.1
0.1
0.1
0.1
0.1
0.1
0.1
0.1
0.1
0.1
0.1
0.1
0.1
0.1
0.1
0.1
0.1
0.1
0.1
0.1
0.1
0.1
0.1
0.1
0.1
0.1
0.1
0.1
0.1
0.1
0.1
0.1
0.1
0.1
0.1
0.1
0.1
0.1
0.1
0.1
0.1
0.1
0.1
0.1
0.1
0.1
0.1
0.1
0.1
0.1
0.1
0.1
0.1
0.1
0.1
0.1
0.1
0.1
0.1
0.1
0.1
0.1
0.1
0.1
0.1
0.1
0.1
0.1
0.1
0.1
0.1
0.1
0.1
0.1
0.1
0.1
0.1
0.1
0.1
0.1
0.1
0.1
0.1
0.1
0.1
0.1
0.1
0.1
0.1
0.1
0.1
0.1
0.1
0.1
0.1
0.1
0.1
0.1
0.1
0.1
0.1
0.1
0.1
0.1
0.1
0.1
0.1
0.1
0.1
0.1
0.1
0.1
0.1
0.1
0.1
0.1
0.1
0.1
0.1
0.1
0.1
0.1
0.1
0.1
0.1
0.1
0.1
0.1
0.1
0.1
0.1
0.1
0.1
0.1
0.1
0.1
0.1
0.1
0.1
0.1
0.1
0.1
0.1
0.1
0.1
0.1
0.1
0.1
0.1
0.1
0.1
0.1
0.1
0.1
0.1
0.1
0.1
0.1
0.1
0.1
0.1
0.1
0.1
0.1
0.1
0.1
0.1
0.1
0.1
0.1
0.1
0.1
0.1
0.10014491
0.10002184
0.10001052
0.10001119
0.10000423
0.10000445
0.099995746
0.10000879
0.10013328
0.10003215
0.10000834
0.10001287
0.1000032
0.10000589
0.09999408
0.10000914
0.10010041
0.10004995
0.10000468
0.10001569
0.10000143
0.10000827
0.099991394
0.10000942
0.10003772
0.10007212
0.10000049
0.10001912
0.099999282
0.10001111
0.099988453
0.10000923
0.099952242
0.1000933
0.099997049
0.10002231
0.099997348
0.10001362
0.099986201
0.10000792
0.099869451
0.10010848
0.09999537
0.10002448
0.099996194
0.10001515
0.099985316
0.10000523
0.099811073
0.10011653
0.099995282
0.10002551
0.09999586
0.10001567
0.099985611
0.10000182
0.099780674
0.10011959
0.099995771
0.10002581
0.099995918
0.10001568
0.099986214
0.099999213
0.099767246
0.10012071
0.09999611
0.1000259
0.099996001
0.10001561
0.099986608
0.099997828
0.09974311
0.10012191
0.099997119
0.10002589
0.099996317
0.10001532
0.099987619
0.099994744
0.099712257
0.10012159
0.09999942
0.10002548
0.099997164
0.10001445
0.099989789
0.099989143
0.099689299
0.10011757
0.10000324
0.10002438
0.099998706
0.10001282
0.099993172
0.099981583
0.099681757
0.10011003
0.10000806
0.1000227
0.10000075
0.10001064
0.09999724
0.099973404
0.099685796
0.10010149
0.10001275
0.10002094
0.10000277
0.10000849
0.10000103
0.099966354
0.099693454
0.10009453
0.10001633
0.10001956
0.10000432
0.10000684
0.10000383
0.099961457
0.099699262
0.10009041
0.10001838
0.10001877
0.10000522
0.1000059
0.10000539
0.099958825
0.099702221
0.1000885
0.10001934
0.10001841
0.10000563
0.10000547
0.10000611
0.099957647
0.099708672
0.10008464
0.10002123
0.10001769
0.10000645
0.10000461
0.10000751
0.099955393
0.099719562
0.10007879
0.10002408
0.10001662
0.10000768
0.10000334
0.10000958
0.099952194
0.099732783
0.10007247
0.10002715
0.10001551
0.100009
0.10000198
0.10001174
0.099949006
0.099745238
0.10006712
0.10002976
0.1000146
0.10001012
0.10000085
0.10001353
0.099946474
0.099754695
0.10006346
0.10003158
0.10001402
0.1000109
0.10000007
0.10001474
0.099944778
0.099760581
0.10006139
0.10003264
0.1000137
0.10001135
0.099999629
0.10001544
0.099943804
0.099763465
0.10006046
0.10003314
0.10001357
0.10001156
0.099999427
0.10001575
0.099943349
0.099764685
0.10006008
0.10003334
0.10001351
0.10001164
0.099999345
0.10001588
0.099943161
0.099766866
0.10005944
0.1000337
0.10001343
0.10001179
0.099999203
0.10001611
0.099942831
0.099769555
0.10005871
0.10003412
0.10001333
0.10001197
0.099999041
0.10001636
0.099942436
0.099771599
0.10005824
0.10003443
0.10001327
0.10001209
0.09999893
0.10001654
0.099942144
0.099772623
0.10005804
0.10003457
0.10001325
0.10001214
0.099998879
0.10001662
0.099941995
0.099772966
0.10005799
0.10003462
0.10001324
0.10001216
0.099998863
0.10001665
0.099941941
0.099773047
0.10005798
0.10003463
0.10001324
0.10001217
0.099998859
0.10001666
0.099941925
0.09977306
0.10005798
0.10003463
0.10001324
0.10001217
0.099998858
0.10001666
0.099941923
0.099999974
0.10000001
0.1
0.1
0.1
0.1
0.099999999
0.099999999
0.099999974
0.10000001
0.1
0.1
0.1
0.1
0.099999999
0.099999998
0.099999976
0.10000001
0.1
0.1
0.1
0.1
0.1
0.099999997
0.09999998
0.10000001
0.1
0.1
0.1
0.1
0.1
0.099999996
0.099999984
0.1
0.1
0.1
0.1
0.1
0.1
0.099999995
0.099999988
0.1
0.1
0.1
0.1
0.1
0.1
0.099999996
0.09999999
0.1
0.1
0.1
0.1
0.1
0.1
0.099999996
0.099999991
0.1
0.1
0.1
0.1
0.1
0.1
0.099999996
0.099999992
0.1
0.1
0.1
0.1
0.1
0.1
0.099999997
0.099999993
0.099999999
0.1
0.1
0.1
0.1
0.1
0.099999997
0.099999994
0.099999999
0.1
0.1
0.1
0.099999999
0.1
0.099999997
0.099999996
0.099999998
0.1
0.1
0.1
0.099999999
0.1
0.099999998
0.099999997
0.099999997
0.1
0.1
0.1
0.099999999
0.1
0.099999998
0.099999998
0.099999997
0.1
0.1
0.1
0.099999999
0.1
0.099999999
0.099999999
0.099999996
0.1
0.1
0.1
0.099999999
0.1
0.099999999
0.1
0.099999996
0.1
0.1
0.1
0.099999999
0.1
0.099999999
0.1000002
0.099999991
0.10000002
0.10000001
0.10000001
0.1
0.099999998
0.10000001
0.1000002
0.099999996
0.10000002
0.10000001
0.10000001
0.1
0.099999997
0.10000001
0.10000021
0.1
0.10000002
0.10000002
0.10000001
0.10000001
0.099999995
0.10000001
0.1000002
0.10000002
0.10000002
0.10000002
0.10000001
0.10000001
0.099999993
0.10000001
0.10000018
0.10000003
0.10000001
0.10000002
0.1
0.10000001
0.09999999
0.10000001
0.10000015
0.10000004
0.10000001
0.10000002
0.1
0.10000001
0.099999988
0.10000002
0.10000013
0.10000005
0.10000001
0.10000003
0.1
0.10000001
0.099999986
0.10000002
0.10000011
0.10000005
0.10000001
0.10000003
0.1
0.10000001
0.099999985
0.10000002
0.1
0.099999996
0.1
0.1
0.1
0.099999999
0.1
0.099999999
0.1
0.099999996
0.1
0.1
0.1
0.099999999
0.1
0.099999999
0.1
0.099999996
0.1
0.1
0.1
0.099999999
0.1
0.099999999
0.1
0.099999996
0.1
0.1
0.1
0.099999999
0.1
0.099999999
0.1
0.099999995
0.1
0.1
0.1
0.099999999
0.1
0.099999999
0.1
0.099999995
0.10000001
0.1
0.1
0.099999999
0.1
0.099999999
0.1
0.099999995
0.10000001
0.1
0.1
0.099999999
0.1
0.099999999
0.1
0.099999995
0.10000001
0.1
0.1
0.099999999
0.1
0.099999999
0.1
0.099999995
0.10000001
0.1
0.1
0.099999999
0.1
0.099999999
0.1
0.099999995
0.10000001
0.1
0.1
0.099999999
0.1
0.099999999
0.1
0.099999995
0.10000001
0.1
0.1
0.099999999
0.1
0.099999999
0.1
0.099999995
0.10000001
0.1
0.1
0.099999999
0.1
0.099999999
0.1
0.099999995
0.10000001
0.1
0.1
0.099999999
0.1
0.099999999
0.1
0.099999995
0.10000001
0.1
0.1
0.099999999
0.1
0.099999999
0.1
0.099999995
0.10000001
0.1
0.1
0.099999999
0.1
0.099999999
0.1
0.099999995
0.10000001
0.1
0.1
0.099999999
0.1
0.099999999
0.099999991
0.10000009
0.099999997
0.10000003
0.099999998
0.10000002
0.099999979
0.10000002
0.099999989
0.10000009
0.099999997
0.10000003
0.099999998
0.10000002
0.099999979
0.10000002
0.099999987
0.10000009
0.099999997
0.10000003
0.099999997
0.10000002
0.099999979
0.10000002
0.099999986
0.10000009
0.099999997
0.10000003
0.099999997
0.10000002
0.099999979
0.10000002
0.099999986
0.10000009
0.099999997
0.10000003
0.099999997
0.10000002
0.099999979
0.10000002
0.099999986
0.10000009
0.099999997
0.10000003
0.099999997
0.10000002
0.099999979
0.10000002
0.099999986
0.10000009
0.099999997
0.10000003
0.099999997
0.10000002
0.099999979
0.10000002
0.099999986
0.10000009
0.099999997
0.10000003
0.099999997
0.10000002
0.099999979
0.10000002
0.099998594
0.10000021
0.10000025
0.10000011
0.10000013
0.099999972
0.10000016
0.099999542
0.099998651
0.10000018
0.10000026
0.10000011
0.10000014
0.099999968
0.10000016
0.099999543
0.099998731
0.10000015
0.10000028
0.1000001
0.10000014
0.099999962
0.10000017
0.099999548
0.099998808
0.10000011
0.10000029
0.1000001
0.10000015
0.099999955
0.10000018
0.099999556
0.099998866
0.10000008
0.10000031
0.10000009
0.10000016
0.099999951
0.10000019
0.099999563
0.099998899
0.10000006
0.10000031
0.10000009
0.10000016
0.099999947
0.10000019
0.099999567
0.099998913
0.10000004
0.10000032
0.10000009
0.10000016
0.099999946
0.10000019
0.09999957
0.099998918
0.10000004
0.10000032
0.10000009
0.10000016
0.099999945
0.10000019
0.09999957
0.099998919
0.10000004
0.10000032
0.10000009
0.10000016
0.099999945
0.10000019
0.09999957
0.099998921
0.10000004
0.10000032
0.10000009
0.10000016
0.099999944
0.10000019
0.099999571
0.09999892
0.10000003
0.10000033
0.10000009
0.10000017
0.099999944
0.10000019
0.09999957
0.099998917
0.10000003
0.10000033
0.10000009
0.10000017
0.099999943
0.10000019
0.09999957
0.099998914
0.10000003
0.10000033
0.10000009
0.10000017
0.099999943
0.10000019
0.099999569
0.099998913
0.10000003
0.10000033
0.10000009
0.10000017
0.099999943
0.10000019
0.099999569
0.099998912
0.10000003
0.10000033
0.10000009
0.10000017
0.099999943
0.10000019
0.099999569
0.099998912
0.10000003
0.10000033
0.10000009
0.10000017
0.099999943
0.10000019
0.099999569
0.10002026
0.1000046
0.10000151
0.1000016
0.10000076
0.10000068
0.099999347
0.10000129
0.10002017
0.10000468
0.1000015
0.10000162
0.10000075
0.10000069
0.099999332
0.10000131
0.10002007
0.10000477
0.10000149
0.10000163
0.10000075
0.10000071
0.099999314
0.10000133
0.10002002
0.10000483
0.10000149
0.10000164
0.10000074
0.10000072
0.099999302
0.10000134
0.10002001
0.10000486
0.10000148
0.10000165
0.10000074
0.10000072
0.099999297
0.10000135
0.10002001
0.10000487
0.10000148
0.10000165
0.10000074
0.10000072
0.099999295
0.10000135
0.10002001
0.10000487
0.10000148
0.10000165
0.10000074
0.10000072
0.099999295
0.10000135
0.10002001
0.10000487
0.10000148
0.10000165
0.10000074
0.10000072
0.099999295
0.10000135
0.1
0.1
0.1
0.1
0.1
0.1
0.1
0.1
0.1
0.1
0.1
0.1
0.1
0.1
0.1
0.1
0.1
0.1
0.1
0.1
0.1
0.1
0.1
0.1
0.1
0.1
0.1
0.1
0.1
0.1
0.1
0.1
0.1
0.1
0.1
0.1
0.1
0.1
0.1
0.1
0.1
0.1
0.1
0.1
0.1
0.1
0.1
0.1
0.1
0.1
0.1
0.1
0.1
0.1
0.1
0.1
0.1
0.1
0.1
0.1
0.1
0.1
0.1
0.1
0.1
0.1
0.1
0.1
0.1
0.1
0.1
0.1
0.1
0.1
0.1
0.1
0.1
0.1
0.1
0.1
0.1
0.1
0.1
0.1
0.1
0.1
0.1
0.1
0.1
0.1
0.1
0.1
0.1
0.1
0.1
0.1
0.1
0.1
0.1
0.1
0.1
0.1
0.1
0.1
0.1
0.1
0.1
0.1
0.1
0.1
0.1
0.1
0.1
0.1
0.1
0.1
0.1
0.1
0.1
0.1
0.1
0.1
0.1
0.1
0.1
0.1
0.1
0.1
0.1
0.1
0.1
0.1
0.1
0.1
0.1
0.1
0.1
0.1
0.1
0.1
0.1
0.1
0.1
0.1
0.1
0.1
0.1
0.1
0.1
0.1
0.1
0.1
0.1
0.1
0.1
0.1
0.1
0.1
0.1
0.1
0.1
0.1
0.1
0.1
0.1
0.1
0.1
0.1
0.1
0.1
0.1
0.1
0.1
0.1
0.1
0.1
0.1
0.1
0.1
0.1
0.1
0.1
0.1
0.1
0.1
0.1
0.1
0.1
0.1
0.1
0.1
0.1
0.1
0.1
0.1
0.1
0.1
0.1
0.1
0.1
0.1
0.1
0.1
0.1
0.1
0.1
0.1
0.1
0.1
0.1
0.1
0.1
0.1
0.1
0.1
0.1
0.1
0.1
0.1
0.1
0.1
0.1
0.1
0.1
0.1
0.1
0.1
0.1
0.1
0.1
0.1
0.1
0.1
0.1
0.1
0.1
0.1
0.1
0.1
0.1
0.1
0.1
0.1
0.1
0.1
0.1
0.1
0.1
0.1
0.1
0.1
0.1
0.1
0.1
0.1
0.1
0.1
0.1
0.1
0.1
0.1
0.1
0.1
0.1
0.1
0.1
0.1
0.1
0.1
0.1
0.1
0.1
0.1
0.1
0.1
0.1
0.1
0.1
0.1
0.1
0.1
0.1
0.1
0.1
0.1
0.1
0.1
0.1
0.1
0.1
0.1
0.1
0.1
0.1
0.1
0.1
0.1
0.1
0.1
0.1
0.1
0.1
0.1
0.1
0.1
0.1
0.1
0.1
0.1
0.1
0.1
0.1
0.1
0.1
0.1
0.1
0.1
0.1
0.1
0.1
0.1
0.1
0.1
0.1
0.1
0.1
0.1
0.1
0.1
0.1
0.1
0.1
0.1
0.1
0.1
0.1
0.1
0.1
0.1
0.1
0.1
0.1
0.1
0.1
0.1
0.1
0.1
0.1
0.1
0.1
0.1
0.1
0.1
0.1
0.1
0.1
0.1
0.1
0.1
0.1
0.1
0.1
0.1
0.1
0.1
0.1
0.1
0.1
0.1
0.1
0.1
0.1
0.1
0.1
0.1
0.1
0.1
0.1
0.1
0.1
0.1
0.1
0.1
0.1
0.1
0.1
0.1
0.1
0.1
0.1
0.1
0.1
0.1
0.1
0.1
0.1
0.1
0.1
0.1
0.1
0.1
0.1
0.1
0.1
0.1
0.1
0.1
0.1
0.1
0.1
0.1
0.1
0.1
0.1
0.1
0.1
0.1
0.1
0.1
0.1
0.1
0.1
0.1
0.1
0.1
0.1
0.1
0.1
0.1
0.1
0.1
0.1
0.1
0.1
0.1
0.1
0.1
0.1
0.1
0.1
0.1
0.1
0.1
0.1
0.1
0.1
0.1
0.1
0.1
0.1
0.1
0.1
0.1
0.1
0.1
0.1
0.1
0.1
0.1
0.1
0.1
0.1
0.1
0.1
0.1
0.1
0.1
0.1
0.1
0.1
0.1
0.1
0.1
0.1
0.1
0.1
0.1
0.1
0.1
0.1
0.1
0.1
0.1
0.1
0.1
0.1
0.1
0.1
0.1
0.1
0.1
0.1
0.1
0.1
0.1
0.1
0.1
0.1
0.1
0.1
0.1
0.1
0.1
0.1
0.1
0.1
0.1
0.1
0.1
0.1
0.1
0.1
0.099999996
0.1
0.1
0.1
0.1
0.1
0.1
0.1
0.099999996
0.1
0.1
0.1
0.1
0.1
0.1
0.1
0.099999996
0.1
0.1
0.1
0.1
0.1
0.1
0.1
0.099999996
0.1
0.1
0.1
0.1
0.1
0.1
0.1
0.099999996
0.1
0.1
0.1
0.1
0.1
0.1
0.1
0.099999996
0.1
0.1
0.1
0.1
0.1
0.1
0.1
0.099999996
0.1
0.1
0.1
0.1
0.1
0.1
0.1
0.099999996
0.1
0.1
0.1
0.1
0.1
0.1
0.1
0.1
0.1
0.1
0.1
0.1
0.1
0.1
0.1
0.1
0.1
0.1
0.1
0.1
0.1
0.1
0.1
0.1
0.1
0.1
0.1
0.1
0.1
0.1
0.1
0.1
0.1
0.1
0.1
0.1
0.1
0.1
0.1
0.1
0.1
0.1
0.1
0.1
0.1
0.1
0.1
0.1
0.1
0.1
0.1
0.1
0.1
0.1
0.1
0.1
0.1
0.1
0.1
0.1
0.1
0.1
0.1
0.1
0.1
0.1
0.1
0.1
0.1
0.1
0.1
0.1
0.1
0.1
0.1
0.1
0.1
0.1
0.1
0.1
0.1
0.1
0.1
0.1
0.1
0.1
0.1
0.1
0.1
0.1
0.1
0.1
0.1
0.1
0.1
0.1
0.1
0.1
0.1
0.1
0.1
0.1
0.1
0.1
0.1
0.1
0.1
0.1
0.1
0.1
0.1
0.1
0.1
0.1
0.1
0.1
0.1
0.1
0.1
0.1
0.1
0.1
0.1
0.1
0.1
0.1
0.1
0.1
0.1
0.1
0.1
0.1
0.1
0.1
0.1
0.1
0.1
0.1
0.1
0.1
0.1
0.1
0.1
0.1
0.1
0.1
0.1
0.1
0.1
0.1
0.1
0.1
0.1
0.1
0.1
0.1
0.1
0.1
0.1
0.1
0.1
0.1
0.1
0.1
0.1
0.1
0.1
0.1
0.1
0.1
0.1
0.1
0.1
0.1
0.1
0.1
0.1
0.1
0.1
0.1
0.1
0.1
0.1
0.1
0.1
0.1
0.1
0.1
0.1
0.1
0.1
0.1
0.1
0.1
0.1
0.1
0.1
0.1
0.1
0.1
0.1
0.1
0.1
0.1
0.1
0.1
0.1
0.1
0.1
0.1
0.1
0.1
0.1
0.1
0.1
0.1
0.1
0.1
0.1
0.1
0.1
0.1
0.1
0.1
0.1
0.1
0.1
0.1
0.1
0.1
0.1
0.1
0.1
0.1
0.1
0.1
0.1
0.1
0.1
0.1
0.1
0.1
0.1
0.1
0.1
0.1
0.1
0.1
0.1
0.1
0.1
0.1
0.1
0.1
0.1
0.1
0.1
0.1
0.1
0.1
0.1
0.1
0.1
0.1
0.1
0.1
0.1
0.1
0.1
0.1
0.1
0.1
0.1
0.1
0.1
0.1
0.1
0.1
0.1
0.1
0.1
0.1
0.1
0.1
0.1
0.1
0.1
0.1
0.1
0.1
0.1
0.1
0.1
0.1
0.1
0.1
0.1
0.1
0.1
0.1
0.1
0.1
0.1
0.1
0.1
0.1
0.1
0.1
0.1
0.1
0.1
0.1
0.1
0.1
0.1
0.1
0.1
0.1
0.1
0.1
0.1
0.1
0.1
0.1
0.1
0.1
0.1
0.1
0.1
0.1
0.1
0.1
0.1
0.1
0.1
0.1
0.1
0.1
0.1
0.1
0.1
0.1
0.1
0.1
0.1
0.1
0.1
0.1
0.1
0.1
0.1
0.1
0.1
0.1
0.1
0.1
0.1
0.1
0.1
0.1
0.1
0.1
0.1
0.1
0.1
0.1
0.1
0.1
0.1
0.1
0.1
0.1
0.1
0.1
0.1
0.1
0.1
0.1
0.1
0.1
0.1
0.1
0.1
0.1
0.1
0.1
0.1
0.1
0.1
0.1
0.1
0.1
0.1
0.1
0.1
0.1
0.1
0.1
0.1
0.1
0.1
0.1
0.1
0.1
0.1
0.1
0.1
0.1
0.1
0.1
0.1
0.1
0.1
0.1
0.1
0.1
0.1
0.1
0.1
0.1
0.1
0.1
0.1
0.1
0.1
0.1
0.1
0.1
0.1
0.1
0.1
0.1
0.1
0.1
0.1
0.1
0.1
0.1
0.1
0.1
0.1
0.1
0.1
0.1
0.1
0.1
0.1
0.1
0.1
0.1
0.1
0.1
0.1
0.1
0.1
0.1
0.1
0.1
0.1
0.1
0.1
0.1
0.1
0.1
0.1
0.1
0.1
0.1
0.1
0.1
0.1
0.1
0.1
0.1
0.1
0.1
0.1
0.1
0.1
0.1
0.1
0.1
0.1
0.1
0.1
0.1
0.1
0.1
0.1
0.1
0.1
0.1
0.1
0.1
0.1
0.1
0.1
0.1
0.1
0.1
0.1
0.1
0.1
0.1
0.1
0.1
0.1
0.1
0.1
0.1
0.1
0.1
0.1
0.1
0.1
0.1
0.1
0.1
0.1
0.1
0.1
0.1
0.1
0.1
0.1
0.1
0.1
0.1
0.1
0.1
0.1
0.1
0.1
0.1
0.1
0.1
0.1
0.1
0.1
0.1
0.1
0.1
0.1
0.1
0.1
0.1
0.1
0.1
0.1
0.1
0.1
0.1
0.1
0.1
0.1
0.1
0.1
0.1
0.1
0.1
0.1
0.1
0.1
0.1
0.1
0.1
0.1
0.1
0.1
0.1
0.1
0.1
0.1
0.1
0.1
0.1
0.1
0.1
0.1
0.1
0.1
0.1
0.1
