FiniteElementSpace
FiniteElementCollection: L2_2D_P7
VDim: 1
Ordering: 0

0.38339721
0.38304113
0.38175362
0.38298666
0.39122925
0.40158962
0.40968379
0.41490795
0.38339005
0.38303331
0.38173806
0.38296105
0.39119418
0.40154582
0.40965019
0.41488496
0.3833547
0.38299399
0.3816673
0.38284331
0.39103063
0.40135179
0.40950047
0.41477869
0.38325314
0.38288037
0.38149273
0.38254973
0.39063569
0.40093252
0.40916529
0.41452044
0.38304232
0.38264648
0.3811788
0.38204152
0.38998399
0.4003339
0.40868267
0.41411031
0.38271632
0.38229441
0.38073134
0.38137629
0.38919423
0.399667
0.40816914
0.41365287
0.38235447
0.38190563
0.38024881
0.38071954
0.38847127
0.39905947
0.40771398
0.41325978
0.38209196
0.38162049
0.37989894
0.38027123
0.38800039
0.39865689
0.40740646
0.41300315
2.2917596
2.5592622
2.6724599
2.7251019
2.7252376
2.7352947
2.7086583
2.7071512
2.2916677
2.5592257
2.6724497
2.7252778
2.7253523
2.7354763
2.70888
2.7073575
2.2915302
2.5590373
2.6722811
2.7252615
2.7252177
2.735325
2.7088687
2.707226
2.2915098
2.5589654
2.6720631
2.7251343
2.7250983
2.7351461
2.7088937
2.7070986
2.2917086
2.5590745
2.6720395
2.7250075
2.7249719
2.7349964
2.7088692
2.7070767
2.2921127
2.5593742
2.6721609
2.7249137
2.7248242
2.7347755
2.7086946
2.7069736
2.2926145
2.5598419
2.6725331
2.7252045
2.7250388
2.7349961
2.7089828
2.7074075
2.2929933
2.5601636
2.6727592
2.7252787
2.7249416
2.7348396
2.7088203
2.7072192
0.35193719
0.35190362
0.3520495
0.35531741
0.36459209
0.37598122
0.38549612
0.39131073
0.35083975
0.35082761
0.35108855
0.35454345
0.36390751
0.37532479
0.38485877
0.39068619
0.34901343
0.34903623
0.34948655
0.35325246
0.36276729
0.37423276
0.38380306
0.38965051
0.34669531
0.34676274
0.34745228
0.3516114
0.3613155
0.37284966
0.3824704
0.38835068
0.34419342
0.34431118
0.34525915
0.34983935
0.35974541
0.37135892
0.38104169
0.38696029
0.34184759
0.34201435
0.34320905
0.34817715
0.35826274
0.3699628
0.37971234
0.38566671
0.33998203
0.34018867
0.34158388
0.34684856
0.35707035
0.36884276
0.37866033
0.3846485
0.3388535
0.33908661
0.34060167
0.34604128
0.35634655
0.36816147
0.37801724
0.38404107
2.1447232
2.3978856
2.5098015
2.5627521
2.5660016
2.573525
2.5526192
2.5532973
2.1265037
2.3778353
2.4932538
2.543854
2.5428628
2.5511075
2.5306732
2.5309049
2.0986272
2.3486548
2.4569151
2.5076273
2.5101414
2.5122549
2.4890991
2.4878922
2.0486022
2.2977096
2.4139856
2.4630813
2.4591085
2.4613098
2.4382621
2.4363883
1.9926266
2.2479384
2.3554775
2.4044776
2.409496
2.4038457
2.3768167
2.3721069
1.9057351
2.1658239
2.3026483
2.3478067
2.3458673
2.3439164
2.3206992
2.3161553
1.8378536
2.092121
2.2333326
2.2936177
2.3018745
2.2900967
2.2598241
2.2535266
1.7718739
2.0266587
2.1929826
2.2455326
2.2589237
2.2429727
2.2276762
2.2158577
0.30381465
0.30437854
0.30698863
0.31339698
0.32421988
0.33787
0.35056727
0.35852469
0.30333007
0.3038524
0.30629816
0.3124489
0.32309315
0.33674749
0.34957912
0.35764465
0.30258973
0.30304449
0.30521362
0.31090081
0.3211893
0.33481962
0.34787926
0.35614189
0.30176019
0.30213462
0.30395879
0.30900826
0.31873297
0.33225771
0.34560933
0.35414905
0.30098814
0.30128577
0.30276093
0.30708736
0.31605813
0.32934121
0.34299235
0.3518676
0.30036508
0.3006018
0.30178298
0.30543018
0.31356469
0.32646338
0.34035292
0.34957241
0.29992944
0.30012586
0.30110015
0.30422671
0.31162124
0.32408192
0.33810679
0.34761358
0.29968871
0.29986428
0.30072556
0.30355213
0.31047519
0.32260767
0.33668054
0.34636204
0.22811376
0.23406387
0.23522252
0.23583245
0.23528703
0.23515221
0.23441611
0.23496972
0.22868714
0.23468989
0.23588475
0.23640249
0.23585755
0.23567579
0.23493394
0.23552765
0.22966627
0.23561638
0.23682796
0.23734057
0.23680495
0.23653077
0.23580195
0.23629542
0.23076034
0.23679632
0.2380145
0.23847817
0.2379051
0.23761187
0.23681024
0.23734554
0.23189934
0.23794726
0.23917632
0.23964965
0.23904077
0.23869625
0.23788467
0.23835217
0.23287627
0.23897989
0.24021706
0.24065537
0.2400244
0.23965161
0.23879423
0.23928254
0.23360102
0.23972978
0.24097686
0.24142522
0.24076168
0.24036549
0.23949471
0.2399461
0.23404514
0.24017358
0.24143149
0.241854
0.24119576
0.24077666
0.23989182
0.24035433
0.48893502
0.49535805
0.50566601
0.51847077
0.53255352
0.54646869
0.55800517
0.56442472
0.48893133
0.49535264
0.50565956
0.51846231
0.53254418
0.54646314
0.55800155
0.56442625
0.48891918
0.49532921
0.50562514
0.51841721
0.53249967
0.54642836
0.55797855
0.56442123
0.48888482
0.49526948
0.50554771
0.51832366
0.53241401
0.54637072
0.55795162
0.56442705
0.48882346
0.49518592
0.50545427
0.5182186
0.53231696
0.54630579
0.55791288
0.56442316
0.48875241
0.49510373
0.5053728
0.51813063
0.53222609
0.54623765
0.55787136
0.56441402
0.48867412
0.49501938
0.50529753
0.51806903
0.53217738
0.5462072
0.55784985
0.56440678
0.48861515
0.49495702
0.50524729
0.5180364
0.53215203
0.54618357
0.55782966
0.56439521
0.48738136
0.49374764
0.50405083
0.51669883
0.53065876
0.54470376
0.55642248
0.56313399
0.48702746
0.49346211
0.50385677
0.51654268
0.53049101
0.54451146
0.5561947
0.56290232
0.48607666
0.49258748
0.50313348
0.51597901
0.53005914
0.54415246
0.55580693
0.56250775
0.48458894
0.49105716
0.50160361
0.5145347
0.52880456
0.54309745
0.55480467
0.56154194
0.48296428
0.4893502
0.4997756
0.51257341
0.52678616
0.54108432
0.55271806
0.5594559
0.48136665
0.4876889
0.49802025
0.51070102
0.5247767
0.5389231
0.55031526
0.55695499
0.48008081
0.4863383
0.49656253
0.50911808
0.52307853
0.53709557
0.54826626
0.55479561
0.47930057
0.48553
0.49568612
0.50814737
0.52200921
0.53589998
0.54691809
0.55336885
0.37589059
0.37517348
0.37268566
0.37269853
0.3804697
0.39147486
0.40077795
0.40671256
0.37514243
0.37443981
0.37198884
0.37204792
0.37984041
0.39085137
0.40016586
0.40609577
0.373829
0.37315832
0.37080413
0.37095883
0.37879557
0.38981962
0.39915255
0.40507156
0.37204987
0.37143675
0.36925402
0.3695684
0.37747486
0.38851976
0.39786939
0.4037734
0.37001804
0.36947654
0.36752264
0.36805459
0.37605264
0.38712656
0.39648568
0.40236964
0.3680293
0.36755872
0.36584715
0.36662068
0.37471908
0.38582324
0.39518695
0.40105388
0.36639956
0.3659877
0.36447777
0.36546542
0.37365772
0.38478593
0.39415287
0.40000631
0.36539787
0.36502089
0.36363495
0.36475998
0.37301397
0.38415686
0.393528
0.39937258
2.7932275
2.7873311
2.7968081
2.8124492
2.7957371
2.8004697
2.783129
2.7908838
2.7936592
2.7877511
2.7971693
2.8127481
2.7960016
2.8005151
2.7830482
2.7907597
2.7934171
2.7875012
2.7967731
2.8122069
2.7953791
2.799471
2.7818373
2.7894412
2.7927668
2.7867405
2.7957102
2.8107339
2.7934319
2.7966279
2.7783128
2.7854846
2.792017
2.7858688
2.7942703
2.8087337
2.7904617
2.7920947
2.7729378
2.7796873
2.7898128
2.7834279
2.7909122
2.8045505
2.7850719
2.7854639
2.765884
2.7724022
2.7886505
2.7819125
2.7886127
2.8014268
2.7810957
2.7805702
2.7605649
2.766872
2.7866789
2.7797555
2.7859541
2.7983872
2.7778486
2.7771274
2.7572249
2.7635528
2.8416081
2.8340762
2.8377947
2.8507516
2.8278971
2.8234412
2.8012835
2.8066175
2.8705806
2.8638474
2.8688634
2.8838908
2.8621972
2.8588361
2.8375795
2.8435283
2.918714
2.9138934
2.9216155
2.9410099
2.9227099
2.9223139
2.9037134
2.9118808
2.9564523
2.9541401
2.9650071
2.9892718
2.9769661
2.9812468
2.9666912
2.9784768
2.960255
2.9601905
2.9725498
2.9984065
2.9912621
2.9989328
2.9874011
3.0013861
2.9472967
2.9487923
2.9619005
2.9872026
2.9825619
2.9915321
2.9809582
2.9957685
2.9322226
2.9347951
2.9485313
2.9734925
2.9703026
2.9801071
2.969981
2.9851449
2.9211786
2.9243402
2.9386498
2.9635715
2.960926
2.9710503
2.9613658
2.9767244
2.314911
2.5869949
2.7044755
2.762635
2.7666747
2.7805789
2.7586031
2.7588839
2.3175253
2.5910832
2.7105772
2.771091
2.7775521
2.7936855
2.7733276
2.7745575
2.3202241
2.5958312
2.7183929
2.7826604
2.7929201
2.8126052
2.7949819
2.7980317
2.3197387
2.5965229
2.7210279
2.7877792
2.8007757
2.8230674
2.8075471
2.8121624
2.3142297
2.5906819
2.7153598
2.7821384
2.7954145
2.8181282
2.8031745
2.8081895
2.3051625
2.5805166
2.7047831
2.770947
2.7834993
2.8056331
2.7906487
2.795619
2.2955721
2.5696346
2.6932098
2.7586722
2.7704736
2.791778
2.7766183
2.7814755
2.2887602
2.5619311
2.6847753
2.7496173
2.7608617
2.78164
2.7663045
2.7710984
0.46894809
0.47462895
0.48364278
0.49468515
0.50668683
0.51741781
0.52511624
0.52934028
0.46813227
0.47376506
0.48268272
0.49360696
0.50537676
0.51574905
0.52307628
0.52713058
0.46680431
0.47234175
0.48111428
0.49183267
0.50319366
0.51294619
0.5196736
0.52321316
0.46516122
0.470595
0.47917628
0.48963758
0.50043487
0.50937204
0.5152818
0.51836956
0.46345857
0.46877926
0.47719635
0.48733682
0.49751349
0.50555599
0.51059153
0.51282421
0.46191426
0.46717276
0.47540389
0.4852837
0.49483527
0.50211235
0.50621086
0.50799358
0.46075481
0.46592054
0.47407192
0.48368259
0.49281961
0.49942046
0.50297107
0.50399253
0.46002101
0.46521522
0.47326307
0.48279381
0.49157391
0.49795687
0.50081913
0.50236592
0.45270198
0.45812361
0.46486837
0.47383695
0.4790336
0.48132086
0.47836087
0.46982683
0.45237337
0.45709582
0.46490307
0.47273507
0.47879504
0.4806412
0.47578482
0.46626205
0.45174738
0.45632675
0.46423127
0.47173605
0.47804421
0.47881863
0.4733045
0.46315916
0.45065598
0.4556429
0.46305762
0.47098301
0.47667477
0.47713882
0.4701679
0.45976545
0.44970583
0.45459826
0.46216202
0.46990866
0.47555265
0.47576577
0.46770729
0.45709609
0.44881739
0.45375329
0.46127591
0.46905283
0.47482391
0.47424208
0.46658313
0.45553115
0.44802738
0.45310269
0.46053485
0.46856138
0.47388932
0.4739822
0.46545829
0.45586989
0.44774007
0.4526219
0.46024599
0.46800821
0.4738367
0.47309802
0.46578844
0.45511539
0.32454107
0.3251722
0.32826042
0.33560152
0.3467923
0.35924096
0.36971306
0.37611325
0.32344944
0.32411317
0.32731349
0.33475999
0.34600511
0.358507
0.36904062
0.37548613
0.32166279
0.32238158
0.32575055
0.33335831
0.34468196
0.35727635
0.36791491
0.37443042
0.31945961
0.32024038
0.32379489
0.33156984
0.34298174
0.35569203
0.36647312
0.37308107
0.31717428
0.31801017
0.32171735
0.32962529
0.34111293
0.35394977
0.36489282
0.37161003
0.31513104
0.31600261
0.31980156
0.32778249
0.33932381
0.35227704
0.36338405
0.37020509
0.31358173
0.31446829
0.31830004
0.32630017
0.33786977
0.35091544
0.36215841
0.3690719
0.3126789
0.31357061
0.31740051
0.32539745
0.33697376
0.35007733
0.36140484
0.36837205
2.6572301
2.6627188
2.6815426
2.7051478
2.7079361
2.7370544
2.7401792
2.7606612
2.6249712
2.6284494
2.646265
2.6809794
2.6899828
2.7020064
2.6904038
2.7058514
2.5710623
2.5771125
2.595095
2.6135653
2.6216552
2.6656416
2.6815441
2.7036884
2.5026353
2.5034218
2.5198823
2.5627295
2.5756813
2.5816613
2.5755571
2.6019068
2.428274
2.4360721
2.4483086
2.4613035
2.4710778
2.5012002
2.4718342
2.4806582
2.3539894
2.3523977
2.3585186
2.3678927
2.3304597
2.3328708
2.3427133
2.3766727
2.2725383
2.2601241
2.2555919
2.2683728
2.288646
2.2991599
2.2962885
2.3010675
2.2281558
2.2103114
2.2228493
2.2315788
2.2343668
2.2869298
2.3223878
2.3308947
0.13099903
0.18008616
0.16931675
0.17787843
0.17386272
0.17578894
0.17096891
0.17170402
0.13377049
0.19082825
0.17480702
0.18106187
0.17659934
0.18252469
0.1851441
0.18299675
0.19724159
0.19580939
0.1998543
0.20232197
0.20183665
0.19605859
0.19219765
0.18235381
0.18814843
0.1926092
0.18938031
0.19003694
0.19390915
0.20152465
0.20792671
0.21268603
0.21533623
0.21178386
0.2173978
0.21927192
0.21963771
0.21735431
0.21610928
0.21506918
0.21367019
0.22122593
0.22119837
0.2236178
0.22631353
0.23026793
0.23308673
0.23551288
0.23210216
0.23054214
0.23237112
0.23343831
0.23438436
0.23389919
0.23313801
0.23307833
0.23200809
0.23133375
0.23135423
0.23219139
0.232338
0.23262516
0.23244487
0.23305557
0.16520494
0.16032766
0.1566346
0.16462696
0.16945178
0.16857758
0.16690983
0.16638208
0.17372904
0.1774473
0.17819232
0.17013021
0.16469404
0.16566801
0.1691675
0.16849299
0.17494031
0.18106944
0.18058453
0.1808449
0.17976264
0.18090389
0.18046603
0.17957671
0.18008561
0.18637987
0.18663746
0.18695201
0.19139154
0.19076678
0.19217276
0.19314907
0.1860417
0.1911221
0.19278008
0.19176942
0.19448957
0.19213472
0.1930357
0.19263555
0.19737452
0.19813851
0.19849171
0.20022177
0.19657984
0.19985412
0.2005912
0.2028204
0.21269688
0.22045887
0.21625089
0.21389578
0.21619388
0.21761341
0.21755045
0.21948458
0.21093931
0.21412464
0.21614981
0.2191079
0.21782336
0.21726921
0.2183251
0.21898691
0.44192156
0.44706521
0.45494634
0.46351205
0.47024748
0.47221416
0.46807863
0.46294196
0.44144073
0.4465823
0.45449863
0.46315256
0.47002597
0.47223518
0.46841727
0.4635358
0.44062274
0.44577135
0.45374403
0.46255722
0.46965726
0.47227031
0.46895975
0.46446325
0.43957441
0.44472713
0.45277611
0.46180338
0.46918911
0.47230081
0.46959578
0.46553154
0.43843049
0.44359001
0.45172539
0.4609913
0.46868352
0.47230168
0.47019925
0.46654984
0.43735243
0.44252133
0.45074332
0.46023237
0.46821159
0.47226863
0.47067735
0.46737555
0.43649154
0.44167388
0.44997003
0.4596332
0.46784054
0.47222427
0.47099751
0.46794974
0.43597103
0.44116343
0.44950817
0.45927458
0.46761997
0.47219384
0.47116951
0.46826464
0.42954587
0.43522024
0.44479861
0.4562239
0.46683585
0.47402662
0.47519002
0.47371773
0.42913243
0.43489265
0.44465404
0.45632326
0.46719787
0.47462334
0.47595449
0.47456266
0.42853772
0.4344678
0.44457777
0.45671012
0.46804029
0.47583481
0.47740699
0.476114
0.42800926
0.43421183
0.44484685
0.45764362
0.4695376
0.47771796
0.47948653
0.47823846
0.42783001
0.43440465
0.44569253
0.45921567
0.4715924
0.48000857
0.48181003
0.48050505
0.42814596
0.43513021
0.44705353
0.46113814
0.47373066
0.48214459
0.48380891
0.48237757
0.42879435
0.43612035
0.4484995
0.46285942
0.47540751
0.48367059
0.48514127
0.48358818
0.4293681
0.4368932
0.44949859
0.46392729
0.47635288
0.48447645
0.48581173
0.48418614
0.29763744
0.29766553
0.29779434
0.29825372
0.30005632
0.30485964
0.31486393
0.3249726
0.29752987
0.29754541
0.29765937
0.29803261
0.29962632
0.30387972
0.31315341
0.32298397
0.29736024
0.29735649
0.29745069
0.29770608
0.29901043
0.3024728
0.31049538
0.31973087
0.29715669
0.29713518
0.29720733
0.29735622
0.29837509
0.30107257
0.30755922
0.31583118
0.29694699
0.29691667
0.29696483
0.29704499
0.29783105
0.29997826
0.30504393
0.31210908
0.29675921
0.29672743
0.29675476
0.2968019
0.29742664
0.29925309
0.30332387
0.30924685
0.29661738
0.29658645
0.2966007
0.29663492
0.29716713
0.298826
0.30235364
0.30746875
0.29653561
0.29650559
0.29651377
0.29654368
0.29703417
0.29861636
0.30191037
0.30661113
0.23688027
0.23703704
0.23726243
0.23760804
0.23743281
0.2373189
0.23681891
0.23731346
0.237147
0.23734004
0.23760581
0.237906
0.23772338
0.23757671
0.23705898
0.23755901
0.23782184
0.23790868
0.23812777
0.23840233
0.2381741
0.23800778
0.23746094
0.23795094
0.23847994
0.23862851
0.23882366
0.23905231
0.23878997
0.23857727
0.23800488
0.23847183
0.23935896
0.23942115
0.23958737
0.23978852
0.23948422
0.23924607
0.23864315
0.23910297
0.24002769
0.2401382
0.2402842
0.24045873
0.24013143
0.23986013
0.239235
0.23967492
0.24063098
0.2406802
0.24081749
0.24097387
0.24062166
0.24033428
0.23969269
0.24013109
0.24090444
0.24101269
0.24112696
0.24127888
0.24091541
0.24061652
0.23996234
0.24038674
0.24452845
0.24455126
0.24459678
0.24463655
0.24414707
0.24372581
0.24297063
0.24334671
0.24476525
0.24478574
0.2448254
0.2448579
0.24435988
0.24393077
0.24316875
0.24354182
0.24513972
0.24515527
0.24518691
0.24520881
0.24469852
0.24425794
0.24348617
0.24385401
0.24557208
0.24558125
0.24560232
0.24561133
0.24508692
0.24463366
0.24385133
0.24421415
0.24598378
0.24598682
0.24599736
0.24599263
0.24545325
0.24498703
0.24419419
0.24455171
0.24632291
0.24632105
0.24632391
0.24630981
0.24575918
0.24528221
0.24448053
0.24483386
0.24655985
0.24655417
0.2465509
0.24653014
0.24597298
0.24548933
0.2446813
0.2450313
0.24668809
0.2466802
0.24667317
0.24664838
0.24608755
0.24560078
0.24478932
0.2451374
0.23865413
0.24494248
0.24621612
0.24659615
0.24580616
0.24525484
0.2442399
0.2446306
0.23897677
0.24527034
0.24654131
0.2469137
0.24611299
0.24555107
0.24452683
0.24491372
0.23949115
0.24579364
0.24705839
0.24741778
0.24659947
0.24602037
0.24498153
0.24536136
0.24009747
0.24640869
0.24766461
0.2480074
0.24716711
0.246567
0.24551063
0.24588221
0.2406774
0.24699649
0.24824372
0.24857112
0.24771016
0.2470895
0.24601585
0.24637929
0.24114199
0.24746694
0.24870772
0.24902436
0.24814875
0.24751312
0.24642653
0.24678379
0.2414559
0.24778491
0.24902155
0.24933196
0.24844795
0.24780323
0.24670864
0.24706235
0.24162299
0.24795402
0.24918874
0.2494958
0.24860749
0.24795838
0.24685988
0.2472117
0.41743818
0.42246714
0.43062657
0.44198638
0.45578005
0.46906092
0.47954062
0.48589705
0.4174198
0.42245562
0.43062441
0.44198678
0.45577998
0.46906259
0.47953927
0.48589186
0.41733235
0.42240074
0.43061215
0.44199049
0.45577848
0.46906606
0.47953843
0.48587994
0.41711137
0.42225336
0.43056655
0.44199652
0.45577625
0.46906655
0.47953063
0.48585279
0.41674027
0.42197516
0.43044677
0.441988
0.45576928
0.46904382
0.47949033
0.48579784
0.41630864
0.42161378
0.43024271
0.44193282
0.45573698
0.46898684
0.47942289
0.48572741
0.41593917
0.4212927
0.43002356
0.4418236
0.455672
0.46892266
0.4793488
0.48565066
0.41570401
0.42109548
0.42987946
0.44172593
0.45560511
0.46887108
0.47929432
0.48559331
0.41558396
0.42099854
0.42980918
0.44167165
0.45556319
0.46883979
0.4792653
0.4855639
0.4153186
0.42079098
0.42966624
0.44155171
0.45545681
0.46875741
0.4791956
0.48550176
0.41479663
0.42039247
0.42942464
0.44134971
0.4552364
0.46857025
0.47904391
0.48536999
0.41394672
0.41970585
0.42901787
0.44111333
0.45496487
0.46826629
0.47877121
0.48513095
0.41279662
0.41867711
0.42826105
0.44070483
0.45474183
0.46801072
0.47847339
0.48483385
0.41156571
0.41749649
0.42720956
0.43990585
0.45434248
0.46785241
0.47832749
0.4846639
0.41054707
0.41648383
0.42622968
0.43898456
0.45365819
0.4675139
0.47817743
0.48457132
0.40992967
0.41586137
0.42561094
0.43836705
0.45308896
0.46711746
0.47794563
0.48441792
0.38195309
0.38146876
0.37971275
0.38004008
0.38776293
0.39845141
0.4072458
0.41287021
0.38164534
0.38112896
0.37929655
0.3795384
0.38725458
0.3980066
0.40688828
0.41257359
0.38107816
0.38049464
0.37851928
0.37863655
0.38635657
0.39720458
0.40621327
0.4119951
0.38024896
0.37958262
0.37740865
0.37740504
0.38513297
0.39607197
0.40520838
0.41108617
0.37917705
0.37846052
0.37609701
0.37602579
0.38375077
0.3947346
0.4039585
0.4098952
0.37799468
0.37726162
0.37478475
0.37471313
0.38244329
0.3934365
0.4027007
0.40864713
0.37693353
0.3762029
0.3736947
0.3736566
0.38140367
0.39240236
0.40168785
0.40762761
0.37624087
0.37551809
0.37301874
0.37301254
0.38077492
0.39177788
0.40107545
0.40701164
2.7517484
2.7548407
2.7690437
2.781801
2.766088
2.7725968
2.75461
2.7564522
2.751889
2.7549989
2.7692508
2.7821036
2.7664084
2.7728689
2.7549319
2.7568585
2.7516732
2.7547164
2.7689654
2.7819031
2.7662839
2.7724844
2.754538
2.7565928
2.7515091
2.7544295
2.7685597
2.7815412
2.7659777
2.7717983
2.7537365
2.7559519
2.751427
2.7541115
2.768091
2.7812042
2.7656765
2.7710666
2.7528506
2.7551672
2.7511794
2.7534189
2.7672116
2.7802837
2.7644889
2.76925
2.7506405
2.7529346
2.7514862
2.7534595
2.7671279
2.7801454
2.7642572
2.7684813
2.7494787
2.7516636
2.7511991
2.7528741
2.7662106
2.77916
2.763045
2.7667114
2.7474658
2.7496678
2.750938
2.7524268
2.7656437
2.7783837
2.7621368
2.7656509
2.7461865
2.7483832
2.7510786
2.7523758
2.7653558
2.7779125
2.7613542
2.7642608
2.744371
2.7465184
2.7514167
2.7522752
2.7646626
2.7769389
2.7599284
2.761849
2.7413174
2.7435961
2.7510686
2.7513207
2.7627248
2.7743015
2.7561733
2.7567159
2.7355078
2.7378324
2.7549732
2.7548444
2.7649467
2.7757794
2.7567486
2.7557604
2.7336427
2.735952
2.7660657
2.7658538
2.7756572
2.7868061
2.7678226
2.7664954
2.744246
2.7468294
2.782707
2.7828751
2.7937624
2.80653
2.7883516
2.7881304
2.7665847
2.7695914
2.7966553
2.7974473
2.8095587
2.8239044
2.8069536
2.8080663
2.7874093
2.7908994
2.2931837
2.5603445
2.672847
2.7253206
2.7248516
2.7346372
2.7085552
2.7069863
2.2936833
2.5608058
2.6732304
2.7255829
2.7249556
2.7347646
2.7087377
2.7071622
2.2947188
2.561802
2.6740503
2.7263563
2.725522
2.7351303
2.7091131
2.7075319
2.2967035
2.563693
2.6755809
2.7274705
2.7260176
2.73515
2.7090806
2.7072153
2.3002476
2.5675305
2.6794681
2.7315282
2.7299833
2.738841
2.7129702
2.7110919
2.3053414
2.5737876
2.6868919
2.74032
2.7395697
2.7488041
2.7235943
2.7220945
2.3103724
2.5804283
2.6954537
2.7507733
2.751822
2.7630168
2.7391326
2.7382325
2.3134822
2.5848437
2.7014479
2.7585539
2.7615326
2.7744108
2.7517833
2.7516202
0.39413818
0.40005074
0.40977517
0.42255691
0.43702676
0.45018885
0.46025584
0.4661418
0.39351282
0.39943237
0.40916949
0.42195791
0.43639418
0.44949866
0.45950841
0.46536532
0.39248769
0.39841175
0.40817728
0.42097191
0.43535562
0.44836901
0.45828624
0.46406828
0.39119818
0.39713765
0.40694086
0.41974803
0.43405895
0.44697174
0.4567713
0.46247322
0.38982776
0.39578606
0.40563829
0.41845874
0.43269933
0.44550995
0.45518699
0.46080421
0.38855828
0.39454399
0.4044437
0.41728157
0.43145918
0.44419117
0.45376298
0.45931649
0.38755755
0.39357106
0.40351402
0.41636394
0.43050346
0.4431684
0.45267374
0.45814849
0.38695072
0.39299254
0.40295428
0.4158231
0.42991979
0.44256669
0.45199974
0.45751995
0.38667112
0.39270404
0.40269245
0.41555021
0.4296485
0.44225642
0.45171375
0.45711297
0.38605748
0.39212561
0.40214193
0.41500732
0.42907395
0.44166856
0.45106845
0.45652191
0.3850483
0.39115696
0.40122566
0.41410682
0.42815122
0.4406949
0.45006673
0.45544973
0.38377574
0.3899428
0.40007331
0.41299606
0.42700964
0.4395216
0.44884318
0.45420412
0.38242042
0.38864352
0.39885829
0.41182748
0.42582461
0.43831859
0.44760948
0.45294788
0.38114913
0.38743856
0.39773744
0.41075517
0.42475851
0.43724471
0.44653145
0.45186905
0.38014476
0.38648543
0.39685344
0.40992111
0.42393387
0.43642999
0.4457177
0.45105169
0.37951862
0.38591771
0.39631407
0.40942883
0.42343642
0.43595718
0.44523718
0.45056832
0.33830536
0.33855128
0.34012513
0.3456478
0.35599475
0.36782921
0.37770549
0.38373412
0.33717573
0.33744733
0.33913985
0.34483779
0.35526527
0.36714624
0.37705828
0.38311716
0.33529225
0.33560857
0.33750951
0.34349101
0.35404944
0.36600729
0.37598769
0.38208336
0.33291617
0.33329444
0.33546277
0.34178474
0.35250013
0.36455911
0.37463214
0.38078573
0.3303779
0.33082811
0.33328249
0.33994494
0.35081848
0.36298901
0.37317179
0.37939026
0.32802672
0.32854803
0.3312644
0.33821907
0.34922811
0.36150784
0.37179881
0.37809119
0.32618024
0.32675867
0.32967623
0.33684224
0.34795164
0.36031865
0.37070406
0.37705003
0.32507506
0.32568819
0.32872264
0.33600755
0.34717262
0.35959545
0.37003502
0.37643326
2.5968221
2.5982633
2.6077981
2.6224696
2.616003
2.6232387
2.6080851
2.6164248
2.571815
2.572951
2.58202
2.5958666
2.5885336
2.5947558
2.5784764
2.5863645
2.5302836
2.5307221
2.5388089
2.5509895
2.5397227
2.5422334
2.5248573
2.5318445
2.474117
2.4731196
2.4787236
2.4885502
2.4770104
2.4778884
2.4603961
2.4675725
2.412511
2.4102053
2.4139331
2.4210125
2.4057764
2.4041447
2.3852246
2.3905876
2.3504337
2.3475162
2.3499046
2.3543069
2.3399901
2.3373403
2.317985
2.3235011
2.2933011
2.2891798
2.2952753
2.3017444
2.2860158
2.2734578
2.2442003
2.2444844
2.2489196
2.2511027
2.248277
2.2539092
2.2372497
2.2325605
2.200816
2.2027723
2.2536885
2.2338238
2.227171
2.2385799
2.2295496
2.2106618
2.1776778
2.186635
2.1701691
2.167237
2.1735589
2.1668312
2.1554894
2.1517587
2.0963152
2.0984249
2.0906207
2.0914204
2.1023177
2.1097505
2.0674329
2.0689317
2.0921673
2.111719
1.8899042
1.8935577
1.907906
1.9331499
1.9595054
1.9778331
1.9873722
1.9930351
1.6841709
1.7096825
1.7430656
1.7828016
1.8196494
1.8542853
1.867919
1.8666177
1.5286126
1.5455747
1.5784045
1.6178454
1.6604285
1.6999367
1.7368384
1.7498169
1.4396741
1.4644724
1.5015328
1.5416835
1.5766473
1.5917351
1.6024133
1.6085439
1.4303779
1.4492329
1.4587462
1.469189
1.4771699
1.5030805
1.517068
1.5283171
1.7628365
2.0005469
2.1652771
2.2297105
2.2114122
2.2111952
2.2214782
2.1977133
1.6457555
1.9154451
2.0768949
2.1656518
2.2113876
2.1861776
2.1461061
2.1334465
1.569514
1.7644684
1.956146
2.0256901
2.0321881
2.041937
2.0478923
2.0416959
1.3042462
1.5211637
1.6909054
1.7995799
1.8960715
1.8992985
1.8733656
1.8632417
1.2255219
1.3806918
1.4292779
1.4819081
1.5241474
1.5859529
1.631647
1.6644549
1.2067164
1.3195879
1.4248487
1.4194616
1.3943263
1.4330053
1.4798506
1.506258
1.1333239
1.2444158
1.3501227
1.4415123
1.5096429
1.48308
1.4500215
1.4381448
1.0928939
1.2782885
1.335377
1.3047104
1.3453899
1.3917005
1.4247887
1.4399939
0.36234733
0.3700329
0.3821006
0.39662438
0.41133774
0.42408504
0.4337226
0.43931621
0.36151903
0.36928802
0.3814471
0.39605132
0.41080368
0.42354946
0.43321604
0.4388211
0.36010508
0.36802793
0.3803443
0.39508361
0.40990332
0.42265285
0.43236531
0.43799975
0.35824237
0.36638596
0.37891749
0.39382679
0.40874004
0.42150366
0.43127879
0.43694408
0.35612525
0.36455108
0.37734128
0.39243256
0.40745573
0.420251
0.43009792
0.43579559
0.35401161
0.36275522
0.3758266
0.39108759
0.40622176
0.41906388
0.42898379
0.4347104
0.35221595
0.36125851
0.37459311
0.38999068
0.40521757
0.41810979
0.42809139
0.43384366
0.35107103
0.36031641
0.37383344
0.38931543
0.40460027
0.41752799
0.42754906
0.43331715
0.35049628
0.35984707
0.37346009
0.38898418
0.40429742
0.4172441
0.42728441
0.43306186
0.34927076
0.35885167
0.3726809
0.38829432
0.40366731
0.41665552
0.42673744
0.43253296
0.34710274
0.35710504
0.37135506
0.38713003
0.40260431
0.41567015
0.42582441
0.43165434
0.34409295
0.35468662
0.36960244
0.38562434
0.40123059
0.41440941
0.42466304
0.43054322
0.34049368
0.35175688
0.36757915
0.38396515
0.39971974
0.41303906
0.42341244
0.42935706
0.33679094
0.3486474
0.36549182
0.38237282
0.39828112
0.4117511
0.42225333
0.42827054
0.33364521
0.34589871
0.36364479
0.38107024
0.39712652
0.41073083
0.42135143
0.42743897
0.3316745
0.3441179
0.36242713
0.38025986
0.39642648
0.41011898
0.42082029
0.42695798
0.29957742
0.29974379
0.30055343
0.30323929
0.30992861
0.32188367
0.33596836
0.34573437
0.29935885
0.2995081
0.30021797
0.30262535
0.30882665
0.32037801
0.33445989
0.34439595
0.29902593
0.29915182
0.29971544
0.30169911
0.30708694
0.31785734
0.33183816
0.34203687
0.29865192
0.29875539
0.29916703
0.30068849
0.30508231
0.31468401
0.32832485
0.33879153
0.29830016
0.29838393
0.29867075
0.29978499
0.30321307
0.3113907
0.32434822
0.33497166
0.29801183
0.29807627
0.2982799
0.29908803
0.30175373
0.30853541
0.32052902
0.33112009
0.29780668
0.29785298
0.29801079
0.29861972
0.3007888
0.30649069
0.31750544
0.32791377
0.29769139
0.29772556
0.2978628
0.29836816
0.30028277
0.30537011
0.3157161
0.32593744
0.235474
0.23566186
0.23596349
0.23634645
0.236282
0.23622582
0.23588216
0.23619894
0.23598232
0.23615362
0.23641795
0.23681216
0.23668069
0.23666143
0.23616644
0.23685713
0.23677114
0.23695481
0.2371875
0.23752686
0.23735909
0.23727834
0.23678761
0.2372987
0.23779938
0.2379277
0.23812643
0.23842973
0.23820854
0.23809452
0.23755071
0.23814469
0.23880738
0.23894501
0.23910991
0.23936957
0.23910823
0.23894883
0.23838284
0.23889046
0.23972398
0.23982348
0.23996312
0.24019511
0.23990047
0.23971912
0.23912515
0.23967476
0.24039101
0.24049219
0.24061288
0.24081968
0.24050217
0.24029527
0.23969005
0.24019234
0.24078188
0.24087482
0.2409802
0.24117855
0.24084744
0.24063943
0.24001989
0.24055662
0.24097674
0.24105594
0.24116348
0.24135145
0.24101907
0.24079835
0.2401824
0.24068381
0.24134855
0.24142897
0.24152089
0.24169943
0.24135229
0.24112607
0.2404993
0.24101456
0.24195599
0.24202362
0.24209987
0.24225828
0.2418935
0.24165152
0.24101386
0.24151827
0.24268761
0.24274428
0.24280077
0.24293849
0.24255253
0.24229411
0.24164157
0.2421426
0.24343628
0.24348032
0.24351818
0.24363434
0.24322825
0.24295287
0.24228685
0.2427794
0.244103
0.24413706
0.24415812
0.24425594
0.24383081
0.24354017
0.2428608
0.24334941
0.24460789
0.24463416
0.24464342
0.2447272
0.24428842
0.2439856
0.24329631
0.24377804
0.24490172
0.24492381
0.24492545
0.24500161
0.24455419
0.24424474
0.24354858
0.24403097
0.2342211
0.24038573
0.24163572
0.24207308
0.24139549
0.24097697
0.24008409
0.24053214
0.23464036
0.24080348
0.24206351
0.24249283
0.24180775
0.24137534
0.24047001
0.24091735
0.23528558
0.24147802
0.24274336
0.24316819
0.24246632
0.24201404
0.24109045
0.24152539
0.23607243
0.24228923
0.24356237
0.24397993
0.24325959
0.24278396
0.24183791
0.24226379
0.23687581
0.24312054
0.2443987
0.24480919
0.24406884
0.24357025
0.24260248
0.24301551
0.23760352
0.24386673
0.24514592
0.24554649
0.24478855
0.24426935
0.24328204
0.24368745
0.23816338
0.24444124
0.24571847
0.24610928
0.2453346
0.24479888
0.24379735
0.24419403
0.2384968
0.24478025
0.24605547
0.24643875
0.24565417
0.24510806
0.2440969
0.24449106
0.56759466
0.57413094
0.58436965
0.59600771
0.60538676
0.60654161
0.60500604
0.59367338
0.56759531
0.57412576
0.58437093
0.59600465
0.60539347
0.6065428
0.60501995
0.5936853
0.56758533
0.57411184
0.58438537
0.59601698
0.60543168
0.60657055
0.60507788
0.59369999
0.56757963
0.57411101
0.58442143
0.59605683
0.60550276
0.60665666
0.60516642
0.5937212
0.56758002
0.57411319
0.58445648
0.59612044
0.60559201
0.60680381
0.60525604
0.59378668
0.56758111
0.57412458
0.5844985
0.59620293
0.60571999
0.60697242
0.60537795
0.59389125
0.56757727
0.57412989
0.5845283
0.59626443
0.60584839
0.60714205
0.60551252
0.59401939
0.56756911
0.57412941
0.58455009
0.59630547
0.60594022
0.6072628
0.60562112
0.59411332
0.56756282
0.57412833
0.58456145
0.59632941
0.60598757
0.60732978
0.60567875
0.59416899
0.5675476
0.57412237
0.58458235
0.59638075
0.60609461
0.6074755
0.60582006
0.59429528
0.56750345
0.57409385
0.58460417
0.59647113
0.60630337
0.60776446
0.60611783
0.59457211
0.56737881
0.57400063
0.58458708
0.59658395
0.60662086
0.60822779
0.6066552
0.59509454
0.56717614
0.57383217
0.58450535
0.59668359
0.60699326
0.60882181
0.60747803
0.59597862
0.56692337
0.57360948
0.5843602
0.59673262
0.60728898
0.60939249
0.6084653
0.59715203
0.56667088
0.57337653
0.58417733
0.5966932
0.6074009
0.60977442
0.60929439
0.59823658
0.56647802
0.57318455
0.58400855
0.59660152
0.60737715
0.60993045
0.60974176
0.59887785
0.48858589
0.49492615
0.50522149
0.51801837
0.53213565
0.54616848
0.55781711
0.56438774
0.48852496
0.49486489
0.50516514
0.51796967
0.53209401
0.54613614
0.55779254
0.56437059
0.48839991
0.49474291
0.50505478
0.51787549
0.53200748
0.54606187
0.55772865
0.56432193
0.48817583
0.49453631
0.50487833
0.51771613
0.53184421
0.54590128
0.55757544
0.56418758
0.48788227
0.49424543
0.50461246
0.51746001
0.53158249
0.54565218
0.55734275
0.56397385
0.48769523
0.4940141
0.50433754
0.51714281
0.5312461
0.54533159
0.55704915
0.56370893
0.48761551
0.49392204
0.50418683
0.51688627
0.53092284
0.54500819
0.55674907
0.56344228
0.48749193
0.49383156
0.50410683
0.51675749
0.5307393
0.54480126
0.55653378
0.56324147
0.5663688
0.5730755
0.58390385
0.59653228
0.6073288
0.60997587
0.6099276
0.59916721
0.56613377
0.57282112
0.58364418
0.59632125
0.60714936
0.60998547
0.61022853
0.59966614
0.56572579
0.57235353
0.58311682
0.5958114
0.60659991
0.60972348
0.61038332
0.60012458
0.56477451
0.57135359
0.58206581
0.59475088
0.60536903
0.60877595
0.60981452
0.59984352
0.56269102
0.56919401
0.57984682
0.59252658
0.60303668
0.60678014
0.60815233
0.59841809
0.56014474
0.56649583
0.57695565
0.58950456
0.59988624
0.60393799
0.60563643
0.59613878
0.55793068
0.56414786
0.57440614
0.58672582
0.59689684
0.60110561
0.60302865
0.59373927
0.55645889
0.56258252
0.57270788
0.58485905
0.59488718
0.59917536
0.60120321
0.5920585
0.55571126
0.56178454
0.57183611
0.58389366
0.59385418
0.5981718
0.6002513
0.59118666
0.55412234
0.56007684
0.56997061
0.58179171
0.59158987
0.59596185
0.5981713
0.58921987
0.55134486
0.55708521
0.56665977
0.57799689
0.58742065
0.5918717
0.59427871
0.58562765
0.5475175
0.55291627
0.56201187
0.57256891
0.58140217
0.58581725
0.58855062
0.58031974
0.543054
0.54803387
0.55643858
0.56591125
0.57386386
0.57813737
0.58117954
0.57357872
0.53857313
0.54314087
0.55071841
0.55889217
0.56579611
0.56968294
0.57309483
0.56610609
0.53479101
0.53905498
0.54581027
0.5528381
0.55857809
0.56210643
0.56561483
0.55932136
0.53242075
0.53653002
0.54265784
0.54905548
0.55380192
0.5572723
0.560434
0.55496746
0.4789132
0.48513218
0.49525767
0.50767762
0.52148526
0.53530429
0.5462377
0.5526435
0.47810973
0.48429636
0.4943591
0.50669045
0.52038822
0.53406521
0.54480722
0.55111007
0.47677565
0.48289777
0.49283232
0.50498819
0.51851494
0.5319318
0.54233505
0.54843291
0.47507942
0.48112258
0.49087512
0.50278848
0.5160587
0.52904674
0.53895646
0.54474938
0.47324244
0.47918491
0.48872418
0.50037841
0.51334343
0.52576871
0.53507181
0.5404742
0.47151951
0.47737309
0.48669374
0.498106
0.51072985
0.52253472
0.53121933
0.53619182
0.47015298
0.47591774
0.48508084
0.49630319
0.5086158
0.51987179
0.52804676
0.53262596
0.46932952
0.47504955
0.48410766
0.49521468
0.50731944
0.51823182
0.526085
0.5304361
0.40962943
0.41555828
0.42530682
0.43806063
0.45278687
0.46687286
0.47777502
0.48428841
0.40900873
0.4149321
0.4246753
0.43742508
0.45214117
0.46627873
0.47729696
0.48389459
0.40797494
0.41388633
0.42362009
0.43636197
0.45106286
0.46518749
0.47624626
0.48290494
0.40666328
0.41255727
0.42227934
0.43500931
0.44969574
0.46381621
0.4748196
0.48143324
0.40524407
0.41112677
0.42083271
0.43355928
0.44822923
0.46231464
0.47326844
0.47983139
0.40391406
0.40978941
0.41948028
0.43220697
0.44687783
0.46090794
0.47176453
0.47825793
0.40285502
0.40872899
0.41840979
0.43113795
0.44580497
0.45978828
0.47057336
0.4769995
0.40221457
0.40808861
0.41776526
0.43049514
0.44516106
0.45909883
0.46983823
0.47623164
0.40190398
0.40777758
0.41745302
0.43018329
0.44485012
0.45876532
0.46947387
0.47585031
0.40126315
0.40713712
0.41681096
0.42954271
0.44420836
0.45807718
0.46872458
0.47506137
0.40020175
0.4060786
0.41575034
0.42848678
0.44314246
0.45692531
0.46748734
0.47375279
0.39886515
0.40474738
0.41442061
0.42716472
0.44180277
0.45545457
0.46590141
0.47208607
0.39743723
0.40332702
0.41300766
0.42576185
0.44036482
0.45386986
0.46420195
0.47029531
0.39611246
0.40201197
0.41170314
0.42446978
0.43902764
0.45238877
0.46261426
0.46863149
0.39506907
0.40097497
0.41068167
0.42345599
0.43797153
0.4512263
0.46136482
0.46731636
0.3944409
0.40035268
0.41006999
0.42285018
0.43733342
0.45052937
0.46061616
0.46653631
0.36490674
0.36454707
0.36322189
0.36441591
0.37270069
0.38385074
0.3932243
0.39906505
0.36388682
0.36356172
0.36236156
0.36370285
0.37205398
0.3832185
0.39259757
0.39843098
0.36217585
0.36190443
0.36090911
0.36250683
0.37097708
0.38216601
0.39155621
0.39737702
0.35998497
0.35977564
0.35903743
0.36097491
0.36960626
0.38083039
0.39023823
0.39604565
0.35760344
0.35745203
0.35698463
0.35930636
0.36812108
0.37938721
0.38882055
0.3946177
0.35535621
0.35525374
0.35503389
0.35772676
0.36672212
0.37803271
0.38749385
0.39329131
0.35355933
0.35349355
0.35346792
0.35646117
0.36560281
0.3769534
0.38644086
0.39224507
0.35246842
0.35242441
0.35251431
0.35569212
0.36492296
0.37629945
0.38580488
0.39161623
2.7853733
2.7782127
2.7841281
2.7965565
2.7758952
2.7751176
2.7552529
2.7616474
2.7833253
2.7759271
2.7813755
2.7934226
2.772414
2.7712057
2.7510866
2.7572883
2.7802044
2.7725443
2.7772932
2.7888643
2.7675644
2.7659034
2.7456068
2.7517594
2.7741368
2.7662451
2.7703167
2.7817249
2.7602152
2.7581389
2.7378312
2.7439285
2.7721753
2.7640312
2.7672587
2.7778127
2.7558237
2.7527084
2.7315321
2.737384
2.783422
2.7752204
2.777733
2.7880356
2.7652088
2.7611551
2.7392723
2.7445814
2.8068435
2.7988359
2.8013372
2.8124642
2.7890733
2.7842496
2.7618836
2.7667702
2.8288875
2.8211133
2.8242452
2.8364493
2.8133124
2.8085572
2.7861652
2.7913928
2.9155164
2.9189084
2.9334326
2.9583168
2.9559124
2.9661931
2.9566684
2.9721033
2.9029418
2.9067712
2.9215145
2.9466031
2.9451093
2.9553223
2.9458501
2.9618578
2.8793853
2.883922
2.8991509
2.9245543
2.9243436
2.9340771
2.9242885
2.9407244
2.8447609
2.850494
2.8652893
2.8898862
2.8932352
2.9029143
2.8908785
2.9072726
2.798735
2.8064319
2.8232322
2.8447578
2.8496657
2.8639262
2.8500268
2.8641438
2.7463725
2.7548467
2.7753454
2.7972768
2.7994669
2.8179258
2.8074526
2.8212945
2.7001508
2.7067814
2.728722
2.7546091
2.7557237
2.7738613
2.767736
2.7843631
2.6713553
2.6774672
2.6971231
2.7244021
2.7277279
2.7465984
2.7425497
2.7593282
2.8042413
2.8054892
2.8183463
2.8336731
2.8174864
2.8194943
2.799515
2.8032696
2.8206716
2.8230364
2.8376495
2.8553762
2.8410997
2.8451601
2.8268395
2.831516
2.8453444
2.8495507
2.8671951
2.889338
2.8790325
2.8867634
2.8716756
2.8782193
2.8604175
2.8660963
2.8861101
2.9122102
2.9061358
2.9172668
2.9052119
2.9141629
2.8565979
2.8625348
2.8827716
2.9101549
2.9060049
2.9180533
2.9066597
2.9169137
2.8437831
2.8495307
2.86891
2.8962184
2.8928272
2.9045061
2.8930113
2.9036164
2.8293627
2.8349544
2.853603
2.8804042
2.877591
2.8890002
2.877518
2.8884229
2.8187332
2.8242244
2.8425015
2.8690129
2.8664845
2.8777882
2.8662928
2.8774093
2.8130684
2.8185006
2.8366947
2.8631032
2.8606402
2.8718036
2.8604036
2.8716212
2.8005675
2.8059563
2.8239231
2.8500184
2.8476266
2.8588222
2.847583
2.8591618
2.7776122
2.782638
2.800066
2.8261925
2.8240276
2.8345471
2.8236241
2.8355246
2.745376
2.7497131
2.7658707
2.7915345
2.7897881
2.7990443
2.7880601
2.8009248
2.7068538
2.7101826
2.7238167
2.7476551
2.747055
2.7546609
2.7419834
2.7548432
2.6662895
2.6690886
2.6806758
2.7004146
2.6995007
2.7078406
2.6925297
2.7036974
2.6306603
2.6328025
2.6434398
2.6604733
2.6571301
2.6656766
2.6499044
2.6588383
2.6074306
2.6098211
2.619972
2.6354073
2.6295164
2.6370147
2.6218686
2.6313022
2.2853582
2.557789
2.680441
2.7447412
2.7557971
2.7762665
2.7608373
2.7654783
2.2775276
2.5489583
2.6706276
2.7340758
2.7444805
2.7643046
2.7486765
2.753303
2.263323
2.5326114
2.6529026
2.7145056
2.7236495
2.7426173
2.726585
2.7307894
2.2429511
2.5094613
2.6280317
2.6874579
2.6948223
2.7122125
2.6957496
2.6994655
2.217628
2.4807304
2.5978944
2.6554631
2.6609105
2.6760912
2.6587877
2.6617916
2.1909039
2.450099
2.5656231
2.6215457
2.6257501
2.6383183
2.6198294
2.6221969
2.1673729
2.4237628
2.5376792
2.5918979
2.5949151
2.6054788
2.5858722
2.587261
2.151323
2.4066265
2.520048
2.5726126
2.5751468
2.5841745
2.5636259
2.5648898
0.53126622
0.53528923
0.54103998
0.54719802
0.55146903
0.55475669
0.55780224
0.5525896
0.52892642
0.53249374
0.53800624
0.5428298
0.54643295
0.54908596
0.55274332
0.54749938
0.52480491
0.52810483
0.53216117
0.53595284
0.53754335
0.53913766
0.54243214
0.53800806
0.51949675
0.5221753
0.5247947
0.52620827
0.52469544
0.52527784
0.52816795
0.52465294
0.51349841
0.51636854
0.51561236
0.51570992
0.50964638
0.50723068
0.51023513
0.50610483
0.5076656
0.51055515
0.50693003
0.5043122
0.49120803
0.48530943
0.48853332
0.48491607
0.50394426
0.50480629
0.50014238
0.49352895
0.4737997
0.46203808
0.46519107
0.46201214
0.50083259
0.50152136
0.49565843
0.48518889
0.46114558
0.44768906
0.44828789
0.44709809
0.50007661
0.49785427
0.49510379
0.48001131
0.45472742
0.4412749
0.43884637
0.44121712
0.49760552
0.50027455
0.48619992
0.47318947
0.44086911
0.42425282
0.42195997
0.41030222
0.49033723
0.48709149
0.48266052
0.45136608
0.42015951
0.38459028
0.39610345
0.3768068
0.48858547
0.48085943
0.47159894
0.4194237
0.39519753
0.35361999
0.35781548
0.31901025
0.48737023
0.46620135
0.45817474
0.38500783
0.38774256
0.34701509
0.34080574
0.31566541
0.46870998
0.46415709
0.42973585
0.38061935
0.36730922
0.34690412
0.35577602
0.32774445
0.47338096
0.44925303
0.43111165
0.3757237
0.35183418
0.35181895
0.34496261
0.27605382
0.46652045
0.44374683
0.42335656
0.37737106
0.35176088
0.34663894
0.33011737
0.32123113
0.4597879
0.46482228
0.4729334
0.48229308
0.49107159
0.49700837
0.49989764
0.49935865
0.45906172
0.46413714
0.4721851
0.48140296
0.48996289
0.49574229
0.49854486
0.49974101
0.45795689
0.46311842
0.47088453
0.48010233
0.48799757
0.49322534
0.49420624
0.49235539
0.4567324
0.46172261
0.46956062
0.47834957
0.48599288
0.49044047
0.49152854
0.4910873
0.45558062
0.46029651
0.46832222
0.47649822
0.48405426
0.48712773
0.48648715
0.48151258
0.45423958
0.45944591
0.46671924
0.47552505
0.48176227
0.48502772
0.48348302
0.47992914
0.45339414
0.45863123
0.46580671
0.47453595
0.48037826
0.48286696
0.47990462
0.47246085
0.45303745
0.45792155
0.46552627
0.47376902
0.4796308
0.48250066
0.47735806
0.4744351
0.46400553
0.44402863
0.41323488
0.37772613
0.36049612
0.33960742
0.32007925
0.29987873
0.4653319
0.43939292
0.40957055
0.37565044
0.36170896
0.34292233
0.33054931
0.283992
0.45973076
0.43492047
0.40680264
0.37670244
0.36528362
0.34358488
0.33041254
0.28016455
0.45468714
0.42997158
0.40610567
0.37892588
0.37259721
0.35460511
0.32410601
0.31065216
0.4527209
0.42714522
0.4104223
0.3827618
0.37956436
0.36845222
0.33861223
0.31490084
0.44888877
0.43206863
0.40879979
0.39043615
0.38405749
0.382346
0.35848249
0.33290155
0.44869074
0.43491296
0.4115385
0.39594613
0.38846499
0.38971182
0.37713805
0.34718923
0.44920489
0.43600129
0.41373088
0.39842228
0.39200024
0.39154016
0.38209639
0.35585916
0.44948409
0.43670806
0.41540213
0.39935502
0.39367664
0.39236353
0.38678437
0.35704024
0.45039048
0.43814264
0.41808548
0.40238625
0.396061
0.39508388
0.39051545
0.36342287
0.45157992
0.44079888
0.42260923
0.40738257
0.40035347
0.39890352
0.39502383
0.36718052
0.45346269
0.44417215
0.42815016
0.41382006
0.40595637
0.4035805
0.39917781
0.37142663
0.45552704
0.44755007
0.43369506
0.42043042
0.41209434
0.40846301
0.4032048
0.37426039
0.45749385
0.45032675
0.43834561
0.42601532
0.41762619
0.41280401
0.40680249
0.37729146
0.4588965
0.45233023
0.44156222
0.42998631
0.42169548
0.4160107
0.40940869
0.37914045
0.45971854
0.45344431
0.443326
0.43217054
0.42396729
0.41786808
0.41090281
0.38051461
0.44737541
0.45250662
0.459935
0.46801477
0.47336251
0.47340659
0.46521455
0.45581262
0.44702479
0.45204186
0.45959727
0.46756788
0.47313477
0.47298057
0.46533724
0.45577091
0.44629229
0.45134653
0.45894387
0.46696284
0.4726076
0.47265952
0.46534352
0.45673812
0.44538451
0.45044644
0.4581203
0.46619132
0.47202994
0.47236257
0.46571945
0.45798813
0.44437335
0.44946968
0.45720324
0.46538339
0.47145716
0.47221289
0.46632908
0.45954177
0.44341611
0.44853114
0.45632061
0.46463684
0.47095607
0.47217888
0.46700183
0.46093561
0.44263537
0.44776525
0.45560564
0.46403994
0.47058524
0.47218127
0.46757437
0.46202696
0.44216374
0.44729447
0.45516235
0.4636869
0.47035333
0.47220786
0.46790748
0.46264982
0.37925151
0.38561109
0.39608702
0.40915283
0.42323856
0.43568659
0.44505161
0.45025735
0.37861976
0.385056
0.39553075
0.40868955
0.42272263
0.43526033
0.44454224
0.44990875
0.37760179
0.38408601
0.39466176
0.40785768
0.42194736
0.43447684
0.44380948
0.44907624
0.3762931
0.38286792
0.39354108
0.4068378
0.42095214
0.43354502
0.44286883
0.44821788
0.3748679
0.38153719
0.39233828
0.40573117
0.41990437
0.43253591
0.44189554
0.44720636
0.37352003
0.38026896
0.39120902
0.4046891
0.41893124
0.43159509
0.44097359
0.44629019
0.37241807
0.37926332
0.39028327
0.40387885
0.41813643
0.4308613
0.44022078
0.44561132
0.37176277
0.37862214
0.3897497
0.4033493
0.41769176
0.43036992
0.43981295
0.44507458
0.37141653
0.37833417
0.38945967
0.40312619
0.41743812
0.43017564
0.43954993
0.44498522
0.37074305
0.37769763
0.38890016
0.40261433
0.41696869
0.4296996
0.43911544
0.44448004
0.3695885
0.37663621
0.38795137
0.40176909
0.41617049
0.42891913
0.43834885
0.44376437
0.36809937
0.3752641
0.38673114
0.40068556
0.41515211
0.42790736
0.43737649
0.44281824
0.36644701
0.3737523
0.38538749
0.39950242
0.41403804
0.42679581
0.43630728
0.44179946
0.36485477
0.37229963
0.38410086
0.39837409
0.41297791
0.42573075
0.43529169
0.44081861
0.36355032
0.37111754
0.38305631
0.3974603
0.41212029
0.42486983
0.43446951
0.4400336
0.36274596
0.37038955
0.3824152
0.39689906
0.41159552
0.42434156
0.43397008
0.43954372
0.31225108
0.31314132
0.31696801
0.32495492
0.33653571
0.34966487
0.36103428
0.36803924
0.31138887
0.31227531
0.31608054
0.32403953
0.33562137
0.3488041
0.36026603
0.36732153
0.31002319
0.31089266
0.31462826
0.32250689
0.3340731
0.3473458
0.35896124
0.36612524
0.30841854
0.30924761
0.31283597
0.32054543
0.33205857
0.34543928
0.35726258
0.36456738
0.30685083
0.30761601
0.31097626
0.31841343
0.32981545
0.34330336
0.3553651
0.36284059
0.3055343
0.30622502
0.30931565
0.31640826
0.32764167
0.3412143
0.35351672
0.36116685
0.3045895
0.30521463
0.30806057
0.31481685
0.32586034
0.33948377
0.3519892
0.35979491
0.30406055
0.30464447
0.30733311
0.31385963
0.32476056
0.3384039
0.3510383
0.35894229
2.2041106
2.1964021
2.1966784
2.2278869
2.2639141
2.2880508
2.2938897
2.2864854
2.1313795
2.1351999
2.1728522
2.2112172
2.2321957
2.2477813
2.2571218
2.257441
2.1206151
2.1312918
2.1522964
2.1680376
2.1806511
2.1860261
2.191653
2.1865431
2.0125395
2.0213756
2.0304479
2.0413402
2.0577995
2.069224
2.0831997
2.0901277
1.8744904
1.8786333
1.8916896
1.9067035
1.9222065
1.9374926
1.9466143
1.9528024
1.743864
1.7524468
1.7635947
1.7813012
1.8003224
1.8133952
1.8221748
1.8235088
1.6239997
1.6309559
1.6429347
1.6572076
1.6668487
1.6743105
1.6745589
1.6772499
1.519202
1.5342465
1.5290131
1.5467528
1.5458625
1.5536227
1.5482756
1.5535214
0.23222327
0.2311774
0.23188806
0.23241989
0.23331551
0.23439993
0.23457227
0.2349556
0.23120185
0.23270312
0.23352317
0.23417179
0.23446331
0.23472085
0.23456203
0.23508666
0.23335247
0.23292938
0.23335418
0.23414816
0.23447386
0.23472162
0.23449849
0.23518431
0.23342603
0.23421042
0.23468082
0.235062
0.23506152
0.23519714
0.23499806
0.23553955
0.23490331
0.23469655
0.23503775
0.23561247
0.23566148
0.23568613
0.2352558
0.23589551
0.23541526
0.23593464
0.2362863
0.23656685
0.23639672
0.23633808
0.2359543
0.23644906
0.23635702
0.23630756
0.23658035
0.23703231
0.23696237
0.23686102
0.23632213
0.23688029
0.23662941
0.23690224
0.23722591
0.23748593
0.23727467
0.23717837
0.23671545
0.23721549
0.16677145
0.17265793
0.17256656
0.17308925
0.17166593
0.16523071
0.17401397
0.13442049
0.17157457
0.16984263
0.1746344
0.17277379
0.18220753
0.17558241
0.19496271
0.12948036
0.18054484
0.18085865
0.18124142
0.1825032
0.18453456
0.1872597
0.18906099
0.19490924
0.19363773
0.19599642
0.1980087
0.19943757
0.20040085
0.19817502
0.19722764
0.18876827
0.1931773
0.19401683
0.19393747
0.19558368
0.19736167
0.20190198
0.204709
0.21225305
0.20427397
0.20494998
0.20842101
0.21245644
0.21571271
0.2177256
0.21895278
0.21593709
0.21945556
0.22179986
0.22310623
0.2253552
0.2264758
0.22784009
0.22819999
0.2310266
0.22115739
0.22073545
0.22229773
0.22397515
0.22515784
0.22693642
0.22764318
0.22871561
0.22324803
0.22428751
0.22534269
0.2270754
0.22854998
0.22921998
0.22940337
0.22949066
0.22681069
0.22736448
0.22832377
0.22915811
0.22979443
0.23056785
0.23092997
0.23248675
0.22929059
0.22962826
0.23021181
0.23135383
0.23174005
0.23197983
0.23149547
0.23164239
0.23105208
0.2314029
0.23192718
0.2322973
0.23238833
0.23267082
0.23263923
0.23372637
0.23238082
0.23262929
0.23301973
0.23380456
0.23394349
0.23402731
0.23350336
0.2338812
0.23377336
0.23403391
0.23439082
0.23470018
0.23462735
0.23474793
0.23451753
0.23540633
0.23459644
0.23481633
0.2351457
0.23573052
0.23573247
0.23571249
0.23519502
0.23558056
0.23520587
0.235457
0.23574534
0.23610281
0.2359578
0.23602615
0.23557688
0.23641161
0.2129673
0.22256478
0.22297414
0.22233454
0.22051535
0.22215307
0.22211796
0.22288296
0.2187889
0.22278335
0.2236548
0.22569573
0.22529202
0.22549177
0.22521778
0.22647729
0.21894007
0.22656599
0.22789983
0.22796955
0.22817058
0.22828833
0.22790479
0.22838905
0.22344795
0.22767195
0.22926005
0.23052004
0.23022409
0.23024514
0.22986058
0.23072966
0.22366419
0.23076223
0.23184798
0.23207876
0.23177769
0.23181754
0.23119812
0.23173337
0.22648956
0.2316615
0.23302017
0.23379898
0.23341428
0.23329042
0.23275127
0.23340536
0.22682548
0.23335521
0.23447963
0.23482724
0.23429347
0.23421377
0.23350261
0.23405297
0.22803335
0.23341603
0.23490544
0.23545185
0.23516316
0.23482302
0.23420527
0.23475416
0.46010643
0.45394969
0.44414768
0.43316304
0.42502808
0.4187216
0.41161486
0.38094444
0.46084736
0.45497627
0.44571429
0.43512455
0.42708929
0.42045007
0.41300009
0.38209283
0.46200169
0.4565288
0.44808194
0.43803562
0.43022347
0.42311246
0.41520575
0.38387082
0.4633105
0.45827545
0.45066388
0.4412198
0.4336826
0.42616754
0.41777529
0.3859854
0.46453795
0.45991605
0.45300408
0.44412265
0.43687164
0.42908608
0.42029061
0.38810703
0.46553256
0.46125293
0.45486085
0.44643165
0.43944874
0.43151112
0.42242503
0.38993628
0.46622544
0.46219568
0.45615565
0.44803944
0.44126821
0.43325371
0.42399407
0.39129673
0.46661214
0.46271777
0.45687965
0.44893073
0.44228808
0.43424086
0.42489003
0.39207541
0.46678871
0.46296345
0.45721488
0.44934829
0.44276307
0.4347043
0.42531318
0.39245265
0.46714498
0.4634482
0.4578856
0.45017628
0.44371025
0.43562929
0.42616427
0.39319792
0.46770951
0.46421962
0.45894405
0.45148798
0.44519642
0.4370934
0.42751277
0.394393
0.46844044
0.4651914
0.46025404
0.45309263
0.44698398
0.43885028
0.42913246
0.39582765
0.4693604
0.46634434
0.4617438
0.45484894
0.44888292
0.44067668
0.43080385
0.39729909
0.47046176
0.4676405
0.46332064
0.45661313
0.45071076
0.44237684
0.43232987
0.39862825
0.47155768
0.46887466
0.46474139
0.45813418
0.4522229
0.44374373
0.43352472
0.39965878
0.47232361
0.46971347
0.46567283
0.45910203
0.45316176
0.4445762
0.43423952
0.40026694
0.43571698
0.44091658
0.44928545
0.45910204
0.46751407
0.47217964
0.47124799
0.46841255
0.43519498
0.44040849
0.44883196
0.45874913
0.46730149
0.47215162
0.47140566
0.46870226
0.43432807
0.43957234
0.44809678
0.45817945
0.46696858
0.47212437
0.47166442
0.46916843
0.43323538
0.43853147
0.44720888
0.45750301
0.46660882
0.47215892
0.47204
0.469785
0.43207319
0.43744536
0.44632594
0.45686999
0.46635219
0.47235373
0.47259944
0.47059095
0.43101563
0.43648379
0.4455988
0.45642817
0.46631205
0.47276992
0.47337301
0.47159012
0.43021503
0.43578131
0.44512122
0.4562349
0.4664828
0.47332307
0.47422236
0.47261103
0.42975832
0.43539477
0.44489122
0.45620793
0.46669753
0.47377312
0.47485186
0.4733357
0.47272287
0.47014502
0.46614259
0.45958264
0.45362272
0.44498101
0.43458408
0.40055863
0.47360005
0.47107835
0.46713982
0.46058727
0.45457789
0.44581315
0.43528732
0.40114779
0.47518686
0.47272556
0.4688427
0.46225771
0.45614971
0.4471692
0.43642179
0.4020881
0.47731901
0.47486822
0.47095994
0.46426384
0.45802541
0.44878525
0.43776372
0.4031893
0.47954968
0.47703736
0.47300541
0.46613112
0.45977586
0.45031485
0.43904104
0.40423222
0.48136447
0.47875839
0.47457409
0.46751918
0.46108863
0.45149065
0.44004673
0.40505748
0.48252858
0.47985117
0.47555705
0.46837386
0.46190449
0.45223777
0.44070745
0.40560974
0.48310293
0.48039141
0.47604357
0.46879445
0.46230919
0.4526126
0.44104815
0.40590141
0.48334782
0.48062302
0.47625293
0.46897515
0.46248418
0.45277515
0.44119848
0.40603198
0.48378697
0.48104188
0.47663349
0.4693036
0.46280449
0.45307319
0.44147836
0.40627841
0.4843465
0.48158466
0.47713231
0.46973244
0.46323208
0.45346793
0.44186009
0.40662649
0.48482617
0.48206219
0.47757329
0.4701081
0.46362177
0.45382141
0.44221316
0.40696908
0.48515336
0.48239544
0.47787348
0.47035984
0.46389479
0.45406425
0.44246151
0.40722966
0.48533567
0.48258492
0.47803491
0.47049476
0.46404431
0.45419647
0.44260026
0.40738365
0.48540936
0.4826628
0.47809839
0.4705482
0.46410389
0.4542491
0.44266031
0.40745029
0.4854252
0.48267959
0.47811197
0.4705595
0.46411678
0.4542601
0.44267538
0.40746641
0.42969601
0.43731251
0.45000946
0.46444234
0.47678457
0.48483139
0.48609975
0.48444075
0.43046914
0.43825785
0.45109815
0.46547867
0.47760594
0.48548465
0.48661796
0.48489648
0.43200617
0.44001369
0.45293828
0.46705981
0.47873746
0.48633778
0.4872733
0.48547162
0.4342462
0.44237966
0.45512505
0.46868142
0.47973769
0.48705212
0.4878108
0.48595254
0.43665413
0.44474523
0.457032
0.46986234
0.48035411
0.48748727
0.48814352
0.48626743
0.43845049
0.44641764
0.45822786
0.47047946
0.48063605
0.48769782
0.48831034
0.48643796
0.43928924
0.44717543
0.45873038
0.4707077
0.48073453
0.48777678
0.48837357
0.48650596
0.43947861
0.44734458
0.4588396
0.47075503
0.48075474
0.4877935
0.48838684
0.4865203
0.33070278
0.3432218
0.36180454
0.37985801
0.39608638
0.40982393
0.4205674
0.42673228
0.32867864
0.34131469
0.36045172
0.37900839
0.39538607
0.40922166
0.42005947
0.42628668
0.32529831
0.33799913
0.35798753
0.37751671
0.39422953
0.40824836
0.41926896
0.42562386
0.3211109
0.33363551
0.35446789
0.37542155
0.39277928
0.40709103
0.41840589
0.42497796
0.31693371
0.32893366
0.35022933
0.37279958
0.39121688
0.40599162
0.41773521
0.42462854
0.31354299
0.32476634
0.34597741
0.36991291
0.38970035
0.40516483
0.41746021
0.42474512
0.31130976
0.3217659
0.34253836
0.3673028
0.38840485
0.40469167
0.41756325
0.42521576
0.31017916
0.32013017
0.34048981
0.36560181
0.38756516
0.4044983
0.41778737
0.42567919
0.30969094
0.31939028
0.33951348
0.36474722
0.38713979
0.40443138
0.41794307
0.4259539
0.30880882
0.31798539
0.33755637
0.36293961
0.38622627
0.40435064
0.41836215
0.42662042
0.3076952
0.31602976
0.33453531
0.3598674
0.38461637
0.40438448
0.41933654
0.42799768
0.30681767
0.31422999
0.33126039
0.35606758
0.38251376
0.40468684
0.42096182
0.43008572
0.30633871
0.31304549
0.32857554
0.35249192
0.38044158
0.40519756
0.42288136
0.43240482
0.30614106
0.31247775
0.32693284
0.35005662
0.3790026
0.4056536
0.42439595
0.4341728
0.30607679
0.31228197
0.32624491
0.34897805
0.37836487
0.40588064
0.42512283
0.43500682
0.30606414
0.31224313
0.32609572
0.34873998
0.37822442
0.40593274
0.42528843
0.43519548
0.29649712
0.29646764
0.29647335
0.29650183
0.29697563
0.29852559
0.30172811
0.30625119
0.29642064
0.29639245
0.29639396
0.29642055
0.29686661
0.29835866
0.30141087
0.30561848
0.29630359
0.29627811
0.29627488
0.29630032
0.29671756
0.29813411
0.30102441
0.30485474
0.29617716
0.29615548
0.29614932
0.29617469
0.29657818
0.29792844
0.30070973
0.3042784
0.2960736
0.29605513
0.29604849
0.29607346
0.29647808
0.29778612
0.30050624
0.30396253
0.29601048
0.29599354
0.29598769
0.29601171
0.29642198
0.29771093
0.30039762
0.30382157
0.2959842
0.2959677
0.29596246
0.29598584
0.29639946
0.29768235
0.30035469
0.30377117
0.29597852
0.2959621
0.29595701
0.29598023
0.29639465
0.29767639
0.30034556
0.30376075
0.24110785
0.24115322
0.24128512
0.24142301
0.24105787
0.240749
0.24009198
0.24051916
0.2414018
0.24147209
0.24158531
0.24171994
0.24133927
0.24102287
0.24035569
0.24077763
0.24191429
0.24196916
0.24207493
0.24219244
0.24179486
0.2414591
0.24077681
0.24119021
0.24252963
0.24258137
0.24267105
0.24277087
0.24235024
0.24199395
0.24129307
0.24169731
0.24316808
0.24320852
0.24328574
0.24336628
0.24292377
0.24254565
0.24182679
0.24222144
0.24373164
0.2437675
0.24383136
0.24389597
0.24343427
0.24303852
0.24230409
0.2426909
0.244162
0.24418958
0.24424403
0.24429544
0.24381924
0.24341016
0.24266471
0.24304568
0.24440826
0.24443512
0.24448315
0.2445269
0.2440415
0.24362411
0.24287214
0.24325057
0.24674652
0.2467375
0.24672892
0.24670215
0.24613968
0.24565147
0.2448386
0.24518562
0.24685997
0.24684917
0.24683742
0.24680708
0.24624129
0.24575055
0.24493502
0.24528039
0.24703123
0.2470174
0.24700071
0.24696485
0.24639445
0.24590049
0.24508171
0.24542486
0.24721402
0.2471972
0.24717441
0.24713101
0.2465544
0.24605688
0.24523554
0.24557728
0.24736428
0.2473463
0.24731981
0.24726977
0.24668627
0.24618428
0.24536004
0.24570045
0.24745845
0.2474406
0.247413
0.24735964
0.24677145
0.24626559
0.24543846
0.24577729
0.24749955
0.24748164
0.24745347
0.24739849
0.24680796
0.24630017
0.24547165
0.24580978
0.24750881
0.24749095
0.24746268
0.24740731
0.2468162
0.2463079
0.24547907
0.24581703
0.24504184
0.24506111
0.24505977
0.24513144
0.24468065
0.24436721
0.24366952
0.24414636
0.24532257
0.24533773
0.24532912
0.24539323
0.24493401
0.24461439
0.2439102
0.24438673
0.24576744
0.24577522
0.24575529
0.24580649
0.24533446
0.24500359
0.24429061
0.24476243
0.24628494
0.24628425
0.24625107
0.24628729
0.24579956
0.24545534
0.24473071
0.2451974
0.24677862
0.24676971
0.24672389
0.24674592
0.24624337
0.24588582
0.24515013
0.24561139
0.24718078
0.24716568
0.24711049
0.24712218
0.24660835
0.24624038
0.24549535
0.24595236
0.24745789
0.2474393
0.24737885
0.24738458
0.2468638
0.2464888
0.24573726
0.24619088
0.24760661
0.24758616
0.24752306
0.24752617
0.2470021
0.24662341
0.24586817
0.24631997
0.24767382
0.24765259
0.24758839
0.24759032
0.24706493
0.24668465
0.24592782
0.24637867
0.24780254
0.24777989
0.2477137
0.24771382
0.24718635
0.24680352
0.24604367
0.24649299
0.24799049
0.24796576
0.24789697
0.24789531
0.24736639
0.24698148
0.24621816
0.24666528
0.24818559
0.24815927
0.24808804
0.24808414
0.24755419
0.24716884
0.24640346
0.24684905
0.2483384
0.24831006
0.24823732
0.2482325
0.24770198
0.24731789
0.24655331
0.24699926
0.24843177
0.24840093
0.24832598
0.24832183
0.24779266
0.2474098
0.24664634
0.24709311
0.24847339
0.24844152
0.2483652
0.24836077
0.24783236
0.24745013
0.24668703
0.24713406
0.24848269
0.24845075
0.24837404
0.24836947
0.24784123
0.24745919
0.24669617
0.24714329
0.24169787
0.24803023
0.24926408
0.24956991
0.24867965
0.24802839
0.24692812
0.24727916
0.24184075
0.24817495
0.24940763
0.24971163
0.24881805
0.24816288
0.24705898
0.24740847
0.2420441
0.24838203
0.24961314
0.24991485
0.24901803
0.24835832
0.24724982
0.24759719
0.24224926
0.2485912
0.24982279
0.25012428
0.24922434
0.24856011
0.24744715
0.24779279
0.24240823
0.24875484
0.24998758
0.25029211
0.24939219
0.24872329
0.24760398
0.24794671
0.24250372
0.24885169
0.25008519
0.25039096
0.24949288
0.24882399
0.24770117
0.2480412
0.2425442
0.24889323
0.25012648
0.2504302
0.2495339
0.24886658
0.24774381
0.24808312
0.24255538
0.24890418
0.250135
0.25043823
0.24954275
0.24887578
0.24775318
0.24809257
