FiniteElementSpace
FiniteElementCollection: L2_2D_P7
VDim: 1
Ordering: 0

1.0000368
1.0001275
1.0001542
1.0003321
1.0004046
1.0002772
1.0005542
1.0005548
1.0000368
1.0001275
1.0001542
1.0003321
1.0004046
1.0002772
1.0005542
1.0005548
1.0000368
1.0001275
1.0001542
1.0003321
1.0004046
1.0002772
1.0005542
1.0005548
1.0000368
1.0001275
1.0001542
1.0003321
1.0004046
1.0002772
1.0005542
1.0005548
1.0000368
1.0001275
1.0001542
1.0003321
1.0004046
1.0002772
1.0005542
1.0005548
1.0000368
1.0001275
1.0001542
1.0003321
1.0004046
1.0002772
1.0005542
1.0005548
1.0000368
1.0001275
1.0001542
1.0003321
1.0004046
1.0002772
1.0005542
1.0005548
1.0000368
1.0001275
1.0001542
1.0003321
1.0004046
1.0002772
1.0005542
1.0005548
2.4085583
2.6896241
2.8059547
2.8523673
2.8478702
2.8538585
2.8025916
2.7953912
2.4085584
2.6896242
2.8059548
2.8523674
2.8478703
2.8538585
2.8025916
2.7953913
2.4085583
2.6896241
2.8059547
2.8523674
2.8478703
2.8538585
2.8025916
2.7953913
2.4085584
2.6896243
2.8059548
2.8523674
2.8478703
2.8538585
2.8025917
2.7953913
2.4085583
2.6896241
2.8059548
2.8523674
2.8478704
2.8538585
2.8025916
2.7953914
2.4085585
2.6896244
2.8059548
2.8523675
2.8478704
2.8538587
2.8025918
2.7953913
2.4085584
2.6896241
2.8059549
2.8523673
2.8478703
2.8538586
2.8025917
2.7953916
2.4085583
2.6896242
2.8059545
2.8523672
2.84787
2.8538583
2.8025913
2.7953905
1.0000375
1.000128
1.000155
1.0003329
1.000406
1.000279
1.0005574
1.0005574
1.0000377
1.0001282
1.0001551
1.0003333
1.000406
1.0002797
1.0005575
1.0005607
1.0000382
1.0001285
1.0001555
1.0003335
1.0004064
1.0002807
1.0005599
1.0005626
1.000039
1.0001292
1.000156
1.0003338
1.000407
1.0002838
1.0005643
1.0005698
1.0000403
1.0001298
1.0001567
1.0003341
1.000409
1.0002894
1.0005716
1.0005755
1.0000412
1.0001305
1.0001575
1.0003352
1.0004127
1.0002966
1.0005776
1.0005835
1.0000414
1.0001308
1.0001585
1.0003367
1.0004175
1.0003011
1.0005823
1.0005829
1.000041
1.0001313
1.0001588
1.0003387
1.0004201
1.0003045
1.0005822
1.0005932
2.3951573
2.6799946
2.8012817
2.8509124
2.8477385
2.8537799
2.8027184
2.7960295
2.3883739
2.6730667
2.796644
2.8494119
2.8474735
2.853717
2.8028147
2.7953106
2.3750207
2.6592564
2.7843136
2.8402174
2.8443615
2.8535201
2.8029776
2.7958796
2.3574235
2.6398769
2.7647014
2.8206961
2.829399
2.8454154
2.799616
2.7943094
2.3380118
2.617443
2.7420907
2.7968471
2.8052465
2.8246764
2.7831384
2.7813236
2.3236855
2.6019034
2.7250151
2.778505
2.7851742
2.805262
2.7651456
2.7636514
2.3177239
2.5975982
2.7294897
2.7897161
2.8006097
2.8215068
2.7771765
2.7735199
2.3137032
2.6042303
2.7423443
2.8106113
2.8316006
2.8571749
2.8192593
2.8168628
1.0000595
1.0001493
1.0001978
1.000434
1.0004645
1.0003849
1.0006311
1.0005024
1.0000596
1.0001494
1.0001979
1.0004343
1.0004646
1.0003854
1.0006306
1.0005047
1.0000597
1.0001495
1.000198
1.0004344
1.0004648
1.0003855
1.000631
1.0005042
1.0000597
1.0001496
1.0001981
1.0004345
1.0004649
1.0003856
1.0006309
1.0005047
1.0000597
1.0001496
1.0001981
1.0004345
1.0004649
1.0003855
1.0006309
1.0005042
1.0000597
1.0001496
1.0001981
1.0004345
1.0004648
1.0003854
1.0006307
1.0005042
1.0000597
1.0001496
1.0001981
1.0004345
1.0004648
1.0003854
1.0006307
1.0005039
1.0000597
1.0001496
1.0001981
1.0004345
1.0004648
1.0003854
1.0006306
1.0005042
0.24051567
0.24688681
0.2482495
0.24853514
0.24768745
0.24745297
0.24643626
0.24669626
0.24024988
0.24665136
0.24808295
0.24842838
0.2476303
0.24744705
0.24650042
0.24672847
0.23999695
0.24644149
0.24794874
0.24836459
0.24759829
0.24752661
0.24667433
0.24688457
0.24000717
0.24646306
0.24800962
0.24849111
0.24775943
0.24778112
0.24700731
0.24722113
0.24020636
0.24667791
0.24827097
0.24880533
0.24813496
0.2482591
0.24753872
0.24778349
0.24030389
0.24679469
0.2484257
0.24900418
0.24837792
0.24852834
0.24781988
0.24807072
0.24029464
0.24679221
0.24842968
0.24901308
0.24839149
0.24854519
0.24783253
0.24807893
0.24029597
0.24678955
0.24842755
0.24900979
0.24838695
0.24853912
0.24783278
0.24808115
0.84116107
0.81802558
0.77900453
0.7301469
0.67979194
0.64585431
0.63627552
0.63667702
0.84116107
0.81802558
0.77900453
0.7301469
0.67979194
0.64585431
0.63627553
0.63667702
0.84116107
0.81802558
0.77900454
0.7301469
0.67979194
0.64585431
0.63627553
0.63667702
0.84116107
0.81802558
0.77900454
0.7301469
0.67979194
0.64585431
0.63627553
0.63667702
0.84116108
0.81802559
0.77900454
0.7301469
0.67979195
0.64585432
0.63627553
0.63667703
0.84116108
0.81802559
0.77900454
0.73014691
0.67979195
0.64585432
0.63627554
0.63667703
0.84116108
0.81802559
0.77900454
0.73014691
0.67979195
0.64585433
0.63627555
0.63667704
0.84116108
0.81802559
0.77900455
0.73014691
0.67979196
0.64585433
0.63627555
0.63667704
0.84116125
0.81802566
0.77900468
0.73014704
0.67979214
0.64585454
0.63627589
0.63667739
0.84116113
0.81802572
0.77900466
0.73014706
0.67979213
0.64585455
0.63627588
0.63667748
0.84116127
0.81802572
0.77900472
0.7301471
0.67979219
0.6458546
0.63627597
0.63667755
0.84116125
0.81802587
0.77900484
0.73014729
0.6797924
0.64585488
0.63627635
0.63667805
0.84116167
0.81802613
0.77900522
0.73014773
0.67979297
0.6458556
0.63627729
0.63667902
0.84116184
0.8180266
0.77900569
0.73014835
0.67979366
0.64585653
0.63627853
0.63668069
0.84116254
0.8180268
0.77900614
0.73014866
0.67979409
0.64585708
0.63627944
0.63668183
0.84116152
0.81802715
0.77900616
0.73014885
0.67979422
0.6458574
0.63628008
0.63668383
1.0000368
1.0001275
1.0001542
1.0003321
1.0004046
1.0002772
1.0005543
1.0005548
1.0000368
1.0001275
1.0001542
1.0003322
1.0004046
1.0002773
1.0005542
1.0005549
1.0000368
1.0001275
1.0001542
1.0003321
1.0004046
1.0002773
1.0005543
1.0005548
1.0000368
1.0001275
1.0001542
1.0003322
1.0004046
1.0002773
1.0005543
1.0005549
1.0000368
1.0001275
1.0001542
1.0003322
1.0004047
1.0002773
1.0005543
1.0005549
1.0000368
1.0001275
1.0001542
1.0003322
1.0004047
1.0002773
1.0005543
1.000555
1.0000369
1.0001275
1.0001542
1.0003322
1.0004047
1.0002773
1.0005544
1.000555
1.0000369
1.0001276
1.0001542
1.0003322
1.0004047
1.0002774
1.0005543
1.0005553
0.97497642
1.014872
1.0007359
1.0016009
0.99949618
1.0011118
0.99912878
0.99843376
0.97497643
1.014872
1.0007359
1.0016009
0.99949619
1.0011118
0.99912878
0.99843376
0.97497643
1.014872
1.0007359
1.0016009
0.99949618
1.0011118
0.99912878
0.99843376
0.97497643
1.014872
1.0007359
1.0016009
0.99949618
1.0011118
0.99912878
0.99843376
0.97497643
1.014872
1.0007359
1.0016009
0.99949618
1.0011118
0.99912878
0.99843376
0.97497644
1.014872
1.0007359
1.0016009
0.99949619
1.0011118
0.99912878
0.99843376
0.97497645
1.014872
1.0007359
1.001601
0.99949619
1.0011118
0.99912879
0.99843376
0.9749766
1.0148722
1.0007358
1.0016009
0.99949623
1.0011118
0.99912877
0.99843378
0.97497736
1.0148762
1.0007351
1.001597
0.99949664
1.0011118
0.99912776
0.99843329
0.97497376
1.0148694
1.0007369
1.0016022
0.99949553
1.0011119
0.99912911
0.99843383
0.97497849
1.0148738
1.0007352
1.0016003
0.99949672
1.0011118
0.99912866
0.99843379
0.97497484
1.0148706
1.0007366
1.0016015
0.99949576
1.0011119
0.99912887
0.99843371
0.97497872
1.0148743
1.0007356
1.0016005
0.99949672
1.0011119
0.99912877
0.99843386
0.9749764
1.0148714
1.0007386
1.001603
0.99949595
1.001112
0.99912905
0.99843377
0.97499763
1.0148891
1.000738
1.0016014
0.99950176
1.0011138
0.99912943
0.99843478
0.97491141
1.0148607
1.0007749
1.0015951
0.99947714
1.0011205
0.99913129
0.99842996
2.4085608
2.6896272
2.8059545
2.8523683
2.8478696
2.8538605
2.8025941
2.7953917
2.4085626
2.6896281
2.8059568
2.8523689
2.8478705
2.8538561
2.8025895
2.795391
2.4085629
2.6896293
2.8059616
2.8523729
2.8478752
2.8538638
2.8025957
2.7953921
2.408565
2.6896314
2.8059596
2.8523731
2.8478754
2.8538623
2.8025952
2.7953985
2.4085687
2.6896333
2.8059664
2.8523793
2.8478831
2.8538709
2.8026027
2.7953957
2.4085869
2.6896497
2.8059653
2.8523716
2.8478734
2.8538637
2.8025992
2.79541
2.4086016
2.6896659
2.806
2.8523972
2.8478878
2.8538655
2.8025892
2.7953684
2.4086341
2.6897005
2.8059783
2.8523886
2.8478926
2.8538989
2.8026414
2.7955098
0.84120187
0.81806495
0.7790328
0.73017486
0.67977371
0.64575411
0.63595886
0.63602842
0.84120023
0.81806469
0.77902077
0.73014604
0.67966365
0.64550505
0.63540803
0.63529176
0.84120354
0.81802933
0.77896177
0.72994508
0.67919201
0.64461904
0.6339439
0.63338945
0.84109356
0.8178558
0.77862182
0.72923421
0.67804637
0.64293525
0.63159512
0.63068518
0.84069639
0.81731871
0.77780265
0.72804602
0.67657451
0.6410096
0.62912615
0.62768523
0.83999709
0.81655555
0.77681002
0.72689869
0.67523552
0.63932174
0.62671868
0.62457518
0.83936484
0.81585617
0.77599321
0.72599513
0.67421108
0.63792192
0.62445101
0.62139514
0.83886736
0.81544958
0.77546525
0.72547487
0.67354681
0.63703094
0.622774
0.61948226
0.83362293
0.80974463
0.76943805
0.71806108
0.66408226
0.6179053
0.59068768
0.57727728
0.83302846
0.80938927
0.76882256
0.71760778
0.66299894
0.6164563
0.58714218
0.57482975
0.83237529
0.80862687
0.76808049
0.71659406
0.66168592
0.61364095
0.58238886
0.56764179
0.83143386
0.80770237
0.7670616
0.71543615
0.65998408
0.61052933
0.57642207
0.56013959
0.83047768
0.80666712
0.76599976
0.71417939
0.65838508
0.60755433
0.57096308
0.55214699
0.82950451
0.80570972
0.76496077
0.71306011
0.65697692
0.60532726
0.56671542
0.54610851
0.82877598
0.80490873
0.76413694
0.71213939
0.6559324
0.60378221
0.56407932
0.5419369
0.82825689
0.80446884
0.76359917
0.71162705
0.65528085
0.60303534
0.56263932
0.5402231
1.0000496
1.0001372
1.0001759
1.0003815
1.0004355
1.0003406
1.0006056
1.0005152
1.0000515
1.0001379
1.0001771
1.0003861
1.0004339
1.0003469
1.0006009
1.0005162
1.0000544
1.0001387
1.0001802
1.0003927
1.0004335
1.000353
1.0006012
1.0005025
1.0000565
1.0001401
1.0001835
1.0004018
1.0004333
1.0003592
1.0006022
1.000496
1.000057
1.0001417
1.0001869
1.0004112
1.0004358
1.0003612
1.0006068
1.000489
1.0000563
1.0001435
1.0001895
1.0004192
1.0004403
1.0003619
1.00061
1.0004914
1.0000556
1.0001446
1.0001915
1.0004241
1.0004457
1.000362
1.0006127
1.0004898
1.0000553
1.0001454
1.0001921
1.0004269
1.0004484
1.0003642
1.0006109
1.0004974
0.97517427
1.015236
1.0011397
1.0010583
0.99866214
1.001266
0.99929376
0.99844944
0.97432697
1.0143387
1.0006113
1.0020434
0.99970358
1.0008729
0.99905133
0.99846221
0.97543752
1.0152224
1.0007463
1.0012852
0.99943695
1.0013115
0.99918353
0.99840662
0.97462201
1.0146456
1.0007951
1.0019045
0.99954114
1.0009368
0.99908823
0.99846013
0.97574442
1.015451
1.0008758
1.0013329
0.99947532
1.0013281
0.99919738
0.99841477
0.97521426
1.0151493
1.001574
1.002886
0.99999735
1.0009417
0.9991001
0.99851336
0.97968685
1.0178215
1.0010836
1.0005233
1.0005202
1.0034495
1.0002852
0.99882359
0.97476106
1.0211738
1.0091063
1.0044686
0.99287242
0.99693606
1.0017884
1.0022
0.21606843
0.21734227
0.21964373
0.22248927
0.22544114
0.22877165
0.23238375
0.23329765
0.23401272
0.23491215
0.23610585
0.23707082
0.2372957
0.23653118
0.23471904
0.23261906
0.23884574
0.23928169
0.23982944
0.24018952
0.23929875
0.23669502
0.2329996
0.23068158
0.23964214
0.23932652
0.23871923
0.23768078
0.23595555
0.23418094
0.23313792
0.23303935
0.23956166
0.23961745
0.23938828
0.2389434
0.23777565
0.23625023
0.23478731
0.2344688
0.23983118
0.23971364
0.23932442
0.23875728
0.23752637
0.236629
0.23663708
0.23713839
0.24050746
0.24051419
0.24046125
0.24033524
0.23941125
0.23852214
0.23769669
0.2374174
0.24018962
0.23998839
0.24018593
0.23973518
0.23811138
0.23743572
0.23770927
0.23875961
0.19997464
0.19553514
0.19111627
0.18900229
0.1920061
0.19941905
0.20467235
0.20053641
0.19913232
0.20578189
0.21165414
0.20658531
0.20258021
0.19717994
0.20252975
0.20328157
0.22748537
0.22744131
0.22365482
0.22074193
0.22746713
0.23613044
0.23374968
0.22873462
0.22102377
0.22708858
0.22927985
0.2329253
0.23174262
0.22807989
0.23148631
0.23798515
0.23396902
0.23943404
0.23916556
0.23949628
0.2403492
0.23988024
0.2367672
0.23560515
0.23453971
0.24152157
0.2429218
0.24260785
0.24074246
0.24031307
0.24086671
0.24217713
0.2381459
0.24439823
0.24461521
0.24408642
0.2432234
0.24262579
0.24072479
0.24025051
0.23999061
0.24445931
0.24560289
0.24601889
0.24409538
0.24340938
0.24279668
0.24304572
0.82623275
0.80188381
0.76019791
0.70704645
0.64939697
0.59547996
0.55305388
0.52782484
0.82622334
0.80188591
0.76018739
0.70702152
0.64932659
0.59535117
0.55284157
0.52758382
0.82622828
0.8018851
0.76018543
0.70700298
0.6492749
0.5952375
0.5526543
0.52732616
0.82622581
0.80188302
0.76018315
0.70699695
0.64925501
0.59518998
0.55256996
0.52721609
0.82622553
0.80188016
0.76018028
0.70699245
0.64924823
0.5951753
0.55254623
0.52718666
0.82622337
0.8018792
0.76017835
0.70699014
0.64924447
0.59517054
0.55253861
0.52717765
0.82622494
0.80187897
0.76017818
0.70698918
0.64924348
0.59516862
0.55253719
0.52717539
0.82622351
0.80188001
0.76017839
0.70698948
0.64924312
0.59516869
0.55253603
0.52717591
0.82622325
0.80187812
0.76017727
0.70698832
0.64924215
0.59516713
0.55253492
0.52717304
0.82622314
0.80187815
0.76017725
0.70698833
0.64924213
0.59516716
0.5525349
0.52717316
0.82622316
0.80187812
0.76017725
0.70698832
0.64924213
0.59516714
0.5525349
0.5271731
0.82622311
0.80187809
0.7601772
0.70698828
0.64924208
0.59516709
0.55253483
0.52717304
0.82622309
0.80187805
0.76017716
0.70698823
0.64924202
0.59516702
0.55253476
0.52717296
0.82622306
0.80187803
0.76017714
0.7069882
0.64924199
0.59516699
0.55253472
0.52717293
0.82622306
0.80187802
0.76017713
0.70698819
0.64924198
0.59516697
0.5525347
0.52717291
0.82622304
0.80187803
0.76017712
0.70698819
0.64924197
0.59516697
0.55253469
0.52717291
1.0000597
1.0001495
1.000198
1.0004345
1.0004648
1.0003853
1.0006305
1.0005036
1.0000597
1.0001495
1.000198
1.0004345
1.0004647
1.0003853
1.0006305
1.0005037
1.0000597
1.0001495
1.000198
1.0004345
1.0004647
1.0003853
1.0006305
1.0005037
1.0000597
1.0001495
1.000198
1.0004344
1.0004647
1.0003853
1.0006305
1.0005037
1.0000597
1.0001495
1.000198
1.0004344
1.0004647
1.0003853
1.0006305
1.0005036
1.0000597
1.0001495
1.000198
1.0004344
1.0004647
1.0003853
1.0006305
1.0005036
1.0000597
1.0001495
1.000198
1.0004344
1.0004647
1.0003853
1.0006305
1.0005036
1.0000597
1.0001495
1.000198
1.0004344
1.0004647
1.0003853
1.0006305
1.0005036
0.24647963
0.24666463
0.24711045
0.24760573
0.24738476
0.24763865
0.24758513
0.24775248
0.24688323
0.24712761
0.24762395
0.24821928
0.24805597
0.24835695
0.24829474
0.24843057
0.24763594
0.24796758
0.2485769
0.24926375
0.24912652
0.24936703
0.24917177
0.2492409
0.24872017
0.24907072
0.24967891
0.25027124
0.24996044
0.25000344
0.24965512
0.24962608
0.24933268
0.24963033
0.25013183
0.25060071
0.25017628
0.25012133
0.24972082
0.24967922
0.2494085
0.24968781
0.25017047
0.2506249
0.2501874
0.25013207
0.24973833
0.24969058
0.24941598
0.24969704
0.2501763
0.25062857
0.25018849
0.25012186
0.2497083
0.24965652
0.24941418
0.24969015
0.25016897
0.25061464
0.25016745
0.25009281
0.24971692
0.24968337
0.24937577
0.24965418
0.25013415
0.25058579
0.25014743
0.25008585
0.24968847
0.24964162
0.24937565
0.24965459
0.25013376
0.25058496
0.25014815
0.25008736
0.24968863
0.24964228
0.24937534
0.24965421
0.25013384
0.25058524
0.25014799
0.25008689
0.24968891
0.24964228
0.24937515
0.24965413
0.25013358
0.25058481
0.25014782
0.25008681
0.24968821
0.24964164
0.24937485
0.24965375
0.25013333
0.25058467
0.25014747
0.2500863
0.24968823
0.24964174
0.24937468
0.2496536
0.25013305
0.25058433
0.25014728
0.2500864
0.24968793
0.2496413
0.24937449
0.24965347
0.25013305
0.25058437
0.25014734
0.2500861
0.249688
0.24964165
0.2493746
0.24965334
0.25013284
0.25058419
0.25014679
0.25008607
0.24968769
0.24964072
0.24026046
0.2467553
0.24839134
0.24897572
0.24835526
0.24850649
0.24779733
0.24804703
0.24026031
0.24675494
0.24839099
0.24897524
0.2483547
0.24850606
0.24779692
0.24804625
0.24025989
0.24675457
0.24839059
0.24897487
0.24835421
0.24850548
0.24779642
0.24804592
0.24025959
0.24675421
0.24839023
0.24897449
0.24835387
0.24850516
0.24779605
0.2480455
0.24025931
0.24675396
0.24838996
0.24897422
0.24835361
0.24850489
0.24779582
0.2480453
0.24025916
0.24675378
0.24838977
0.24897402
0.24835343
0.24850469
0.2477956
0.24804508
0.24025906
0.24675369
0.24838967
0.2489739
0.24835331
0.24850458
0.24779549
0.24804498
0.24025903
0.24675364
0.24838962
0.24897387
0.24835327
0.2485045
0.24779541
0.2480449
1.0005174
1.0006314
1.001391
0.98920662
0.9536688
0.91136469
0.87493508
0.85216493
1.0005174
1.0006314
1.001391
0.98920662
0.9536688
0.91136469
0.87493508
0.85216493
1.0005174
1.0006314
1.001391
0.98920662
0.9536688
0.91136469
0.87493508
0.85216493
1.0005174
1.0006314
1.001391
0.98920662
0.9536688
0.91136469
0.87493508
0.85216493
1.0005174
1.0006314
1.001391
0.98920663
0.9536688
0.91136469
0.87493508
0.85216493
1.0005174
1.0006314
1.001391
0.98920663
0.95366881
0.91136469
0.87493508
0.85216493
1.0005174
1.0006314
1.001391
0.98920663
0.95366881
0.9113647
0.87493509
0.85216493
1.0005174
1.0006315
1.001391
0.98920663
0.95366881
0.9113647
0.87493509
0.85216494
1.0005174
1.0006314
1.001391
0.98920663
0.95366881
0.9113647
0.87493509
0.85216493
1.0005174
1.0006315
1.001391
0.98920663
0.95366881
0.9113647
0.87493509
0.85216494
1.0005174
1.0006315
1.001391
0.98920663
0.95366881
0.9113647
0.87493509
0.85216494
1.0005174
1.0006315
1.001391
0.98920664
0.95366882
0.91136471
0.8749351
0.85216495
1.0005174
1.0006315
1.001391
0.98920664
0.95366883
0.91136472
0.87493512
0.85216497
1.0005174
1.0006315
1.001391
0.98920666
0.95366884
0.91136475
0.87493515
0.85216501
1.0005174
1.0006315
1.001391
0.98920666
0.95366886
0.91136476
0.87493517
0.85216501
1.0005174
1.0006315
1.001391
0.98920668
0.95366886
0.91136477
0.87493515
0.85216508
1.0000368
1.0001275
1.0001542
1.0003321
1.0004046
1.0002772
1.0005542
1.0005548
1.0000368
1.0001275
1.0001542
1.0003321
1.0004046
1.0002772
1.0005542
1.0005548
1.0000368
1.0001275
1.0001542
1.0003321
1.0004046
1.0002772
1.0005542
1.0005548
1.0000368
1.0001275
1.0001542
1.0003321
1.0004046
1.0002772
1.0005542
1.0005548
1.0000368
1.0001275
1.0001542
1.0003321
1.0004046
1.0002772
1.0005542
1.0005548
1.0000368
1.0001275
1.0001542
1.0003321
1.0004046
1.0002772
1.0005542
1.0005549
1.0000368
1.0001275
1.0001542
1.0003321
1.0004046
1.0002772
1.0005542
1.0005548
1.0000368
1.0001275
1.0001542
1.0003322
1.0004046
1.0002773
1.0005542
1.0005549
2.8167509
2.8624983
2.8689142
2.7781392
1.5504075
0.98521787
1.0470518
0.94679532
2.816751
2.8624983
2.8689142
2.7781391
1.5504076
0.98521787
1.0470518
0.94679533
2.816751
2.8624984
2.8689142
2.7781392
1.5504075
0.98521788
1.0470518
0.94679533
2.8167509
2.8624983
2.8689143
2.7781391
1.5504076
0.98521787
1.0470518
0.94679533
2.8167512
2.8624984
2.8689142
2.7781392
1.5504076
0.98521789
1.0470518
0.94679533
2.8167508
2.8624983
2.8689144
2.7781392
1.5504076
0.98521788
1.0470518
0.94679534
2.8167516
2.8624987
2.8689143
2.7781393
1.5504075
0.98521797
1.0470519
0.94679537
2.8167498
2.8624977
2.8689142
2.7781388
1.5504078
0.98521741
1.0470516
0.94679549
2.816751
2.8624975
2.8689133
2.7781387
1.5504071
0.98521829
1.0470515
0.94679476
2.8167508
2.8624986
2.8689146
2.7781391
1.5504073
0.98521767
1.047052
0.94679551
2.8167513
2.8624983
2.8689141
2.7781393
1.5504079
0.98521799
1.0470517
0.94679526
2.8167512
2.862499
2.8689149
2.7781394
1.5504075
0.98521783
1.0470519
0.94679539
2.8167515
2.8624984
2.8689142
2.7781397
1.5504083
0.98521804
1.0470517
0.94679536
2.8167525
2.8625005
2.868916
2.7781403
1.5504079
0.98521807
1.0470522
0.94679559
2.816751
2.8624972
2.8689143
2.7781394
1.5504098
0.98521937
1.047052
0.94679543
2.8167506
2.8625004
2.8689094
2.7781375
1.5503992
0.98521703
1.0470567
0.94679657
2.4085584
2.6896241
2.8059548
2.8523678
2.8478705
2.853858
2.8025913
2.795391
2.408559
2.6896248
2.805955
2.8523672
2.8478703
2.8538588
2.8025917
2.7953914
2.4085585
2.6896243
2.8059551
2.8523679
2.8478705
2.8538586
2.8025918
2.7953915
2.4085591
2.689625
2.8059554
2.8523678
2.847871
2.8538589
2.8025918
2.7953915
2.408559
2.6896248
2.8059555
2.8523683
2.8478709
2.8538594
2.8025926
2.795392
2.4085602
2.6896258
2.8059559
2.8523683
2.8478718
2.8538595
2.8025926
2.7953926
2.4085606
2.6896265
2.8059562
2.8523679
2.8478696
2.8538591
2.8025927
2.7953914
2.4085607
2.6896261
2.80596
2.8523706
2.8478744
2.8538589
2.8025897
2.7953914
1.0005241
1.0006371
1.0014009
0.98921936
0.95368854
0.91138669
0.87496528
0.85218288
1.0005231
1.0006409
1.0014022
0.98922426
0.95369065
0.91139356
0.87496507
0.85220242
1.0005279
1.0006451
1.0014081
0.98923013
0.95369788
0.91139961
0.87497131
0.85219864
1.0005333
1.0006528
1.0014151
0.98923835
0.95370466
0.91140096
0.87494414
0.85213444
1.0005409
1.0006603
1.0014219
0.98924557
0.9537044
0.9113387
0.87474705
0.85179048
1.0005449
1.0006659
1.001428
0.98925166
0.9536564
0.91109882
0.87427706
0.85117913
1.0005495
1.0006697
1.0014337
0.98924532
0.953519
0.91072669
0.87375783
0.85054113
1.0005425
1.0006751
1.0014362
0.98923088
0.9533674
0.91045489
0.87337817
0.85019707
1.0005602
1.0006658
1.0014477
0.98920198
0.95329136
0.91029134
0.87322035
0.84990276
1.0005549
1.0006649
1.0014503
0.98914125
0.95307676
0.90997094
0.87281294
0.84953295
1.0005535
1.0006718
1.0014505
0.98897794
0.95264856
0.90937421
0.87214585
0.84876821
1.000534
1.0006851
1.0014208
0.98866095
0.95198196
0.90859407
0.87126616
0.847909
1.0005309
1.0006882
1.0013591
0.98815359
0.95119067
0.90772727
0.87036179
0.8469511
1.0005224
1.0007109
1.0012476
0.98757682
0.95041456
0.90691652
0.86952332
0.84609088
1.0005137
1.0007286
1.0011382
0.98707943
0.94979273
0.90626754
0.86886815
0.84537046
1.0004938
1.0007468
1.0010567
0.98677844
0.94939274
0.90589676
0.86841688
0.8450969
1.0000408
1.000131
1.0001596
1.0003389
1.0004228
1.0003036
1.0005868
1.0005849
1.0000402
1.0001316
1.0001602
1.0003416
1.0004255
1.0003059
1.0005885
1.0005954
1.0000388
1.0001325
1.0001619
1.0003461
1.0004308
1.0003069
1.0005969
1.0005875
1.0000377
1.0001341
1.000164
1.0003534
1.0004348
1.0003113
1.0006031
1.0005826
1.0000396
1.000135
1.0001671
1.0003615
1.0004366
1.0003189
1.0006093
1.0005733
1.0000427
1.000136
1.0001701
1.0003698
1.0004362
1.0003274
1.0006102
1.0005574
1.0000461
1.0001367
1.000173
1.000376
1.0004359
1.0003339
1.0006081
1.0005351
1.0000481
1.0001375
1.0001743
1.0003806
1.0004343
1.0003405
1.0006022
1.0005373
2.817465
2.8630902
2.8689751
2.7780984
1.5487407
0.98363532
1.0466941
0.94678628
2.8165916
2.862463
2.8688207
2.7784806
1.5515848
0.98547972
1.04646
0.94623143
2.8172423
2.8629542
2.8696091
2.7784081
1.5500757
0.98521237
1.047574
0.94725243
2.8165839
2.863225
2.8695484
2.7796604
1.5518851
0.98534044
1.0466691
0.94650038
2.8063628
2.8559017
2.8670617
2.7785736
1.5515754
0.9859129
1.0480613
0.94762883
2.7895171
2.8416252
2.856055
2.774181
1.5524578
0.98688125
1.0472971
0.94704038
2.7996245
2.8488424
2.8684893
2.7806657
1.5481418
0.98891147
1.0534778
0.95149316
2.8436473
2.8894184
2.8997006
2.8147272
1.5500068
0.97294586
1.0388157
0.94490422
2.8859974
2.9245727
2.925864
2.8248524
1.5661188
0.97696328
1.0220593
0.92818987
2.9638227
3.0332559
3.0659813
2.9926377
1.6463508
1.0028097
1.0594404
0.95617234
3.082375
3.1691157
3.2113896
3.20311
1.8772239
1.0360656
1.0372772
0.95902118
3.0867663
3.1720297
3.2879714
3.4207968
2.4399517
1.3922344
1.2429356
1.1069001
2.8039628
2.8895041
3.0655647
3.1565474
2.4528671
1.9584906
1.8934037
1.7184307
2.4349687
2.5132135
2.6968398
2.5840755
2.0836037
1.9727725
2.0074252
1.9838389
2.0981301
2.1507348
2.2367813
2.0381485
1.8820505
1.9334291
1.9513815
1.967322
1.8268566
1.8620465
1.8388718
1.7484952
1.8061773
1.874792
1.895957
1.9212927
2.3137108
2.5972586
2.7444298
2.818318
2.8339542
2.8866491
2.8550544
2.8565298
2.3139787
2.6143001
2.7675473
2.8621417
2.9112862
2.9593455
2.9294766
2.9351426
2.2815578
2.5728132
2.7343721
2.8486531
2.9214251
3.0145861
3.0240891
3.0389343
2.2064182
2.498612
2.6522622
2.7421696
2.7986879
2.9020316
2.9612399
3.014056
2.0602051
2.2933478
2.3731165
2.4527344
2.5418086
2.6324441
2.6900895
2.7386745
1.719253
1.976226
2.1800256
2.2008133
2.1950789
2.2626515
2.3517121
2.4027045
1.4671998
1.6095231
1.7245633
1.8755679
1.9958543
2.0114205
2.0423478
2.0515951
1.3202229
1.4892204
1.5710316
1.6191362
1.7241681
1.7716593
1.8094129
1.8223409
1.0004949
1.0008426
1.0007236
0.98448333
0.94521851
0.90037597
0.86195772
0.83784362
1.0004931
1.0008441
1.0007238
0.98448578
0.9452173
0.90037831
0.86195764
0.83785696
1.000494
1.0008438
1.0007245
0.98448631
0.94521842
0.90037711
0.86195907
0.83785539
1.0004937
1.0008441
1.0007245
0.98448664
0.94521762
0.90037653
0.86195628
0.83785617
1.0004939
1.0008438
1.0007245
0.98448682
0.94521799
0.9003755
0.86195521
0.83785281
1.0004934
1.0008437
1.0007241
0.98448666
0.94521805
0.90037586
0.86195448
0.83785317
1.0004935
1.0008434
1.000724
0.98448635
0.94521811
0.90037594
0.86195525
0.8378526
1.000493
1.0008435
1.0007237
0.98448635
0.94521781
0.90037617
0.86195495
0.83785426
1.0004936
1.0008433
1.0007239
0.98448607
0.94521794
0.90037582
0.86195548
0.83785263
1.0004932
1.0008433
1.0007237
0.98448602
0.94521762
0.90037582
0.86195505
0.83785359
1.0004932
1.0008432
1.0007236
0.9844858
0.94521737
0.90037541
0.86195479
0.83785286
1.0004931
1.0008432
1.0007235
0.98448567
0.94521709
0.90037507
0.86195428
0.83785257
1.0004931
1.0008431
1.0007235
0.98448556
0.94521696
0.90037481
0.861954
0.83785204
1.000493
1.0008431
1.0007234
0.98448551
0.94521688
0.90037473
0.86195384
0.83785199
1.0004931
1.000843
1.0007234
0.98448548
0.94521687
0.90037468
0.86195383
0.83785184
1.000493
1.0008431
1.0007234
0.98448548
0.94521683
0.9003747
0.86195377
0.83785198
1.0000597
1.0001496
1.0001981
1.0004345
1.0004648
1.0003854
1.0006307
1.0005036
1.0000597
1.0001496
1.0001981
1.0004345
1.0004648
1.0003854
1.0006306
1.000504
1.0000597
1.0001496
1.0001981
1.0004345
1.0004648
1.0003854
1.0006306
1.0005038
1.0000597
1.0001496
1.000198
1.0004345
1.0004648
1.0003853
1.0006306
1.0005038
1.0000597
1.0001495
1.000198
1.0004345
1.0004648
1.0003853
1.0006305
1.0005037
1.0000597
1.0001495
1.000198
1.0004345
1.0004647
1.0003853
1.0006305
1.0005037
1.0000597
1.0001495
1.000198
1.0004345
1.0004648
1.0003853
1.0006305
1.0005037
1.0000597
1.0001495
1.000198
1.0004345
1.0004647
1.0003853
1.0006305
1.0005037
0.2470373
0.24698209
0.2471985
0.24732993
0.24641597
0.24617809
0.24557357
0.24607731
0.24708816
0.24704439
0.2473682
0.24755901
0.24661217
0.246447
0.24591391
0.24645985
0.24724462
0.24721688
0.24764429
0.24792318
0.24704329
0.24705841
0.24659069
0.24717192
0.24760016
0.24764429
0.24820648
0.24860556
0.24783306
0.24799822
0.24761402
0.24823098
0.24817308
0.24826048
0.24888504
0.24933957
0.24859121
0.24873869
0.24829502
0.24886798
0.24846295
0.24855042
0.24916257
0.24958243
0.24877967
0.2488755
0.24840139
0.24895389
0.24846703
0.24855005
0.24915756
0.24958338
0.24878505
0.24887755
0.24840135
0.24896043
0.24847327
0.24855682
0.24916221
0.24957994
0.24878801
0.24888655
0.24841266
0.2489635
0.24847398
0.24856053
0.24916859
0.24958917
0.24878424
0.24888142
0.24840519
0.24895866
0.24847054
0.24855466
0.24916388
0.24958523
0.24878307
0.24887404
0.24839874
0.24895239
0.24846366
0.2485468
0.24915405
0.24957502
0.24877366
0.24886827
0.2483906
0.24894463
0.2484543
0.24853775
0.24914578
0.24956635
0.24876456
0.24885817
0.24838141
0.24893482
0.24844649
0.24852949
0.24913678
0.24955788
0.24875614
0.24885038
0.24837365
0.24892778
0.24844137
0.24852451
0.24913211
0.24955305
0.24875169
0.24884589
0.24836964
0.24892354
0.24843913
0.24852213
0.24912941
0.24955067
0.24874954
0.248844
0.24836775
0.24892236
0.24843829
0.24852145
0.24912902
0.24954987
0.24874887
0.24884327
0.24836764
0.24892115
0.24029265
0.24678908
0.24842522
0.2490107
0.24838838
0.24854059
0.24783011
0.24808455
0.24029037
0.2467857
0.2484228
0.24900761
0.24838781
0.24854044
0.24783106
0.24807932
0.24028238
0.24677842
0.24841593
0.24900079
0.24838002
0.24853264
0.24782371
0.24807325
0.24027406
0.24676942
0.2484067
0.2489916
0.24837107
0.24852318
0.24781411
0.2480633
0.24026709
0.24676242
0.24839928
0.24898411
0.24836356
0.24851539
0.24780631
0.24805578
0.24026312
0.24675803
0.2483945
0.2489791
0.24835873
0.24851019
0.24780103
0.24805033
0.24026142
0.24675633
0.24839256
0.24897695
0.24835647
0.24850796
0.24779888
0.24804835
0.2402608
0.24675545
0.24839172
0.24897611
0.2483555
0.24850677
0.24779758
0.24804712
0.63728772
0.6381234
0.63910538
0.63952568
0.63893109
0.63627396
0.63291938
0.62132497
0.63728772
0.6381234
0.63910538
0.63952569
0.63893108
0.63627396
0.63291937
0.62132495
0.63728772
0.6381234
0.63910538
0.63952569
0.63893109
0.63627396
0.63291938
0.62132496
0.63728773
0.6381234
0.63910538
0.63952569
0.63893109
0.63627396
0.63291938
0.62132497
0.63728773
0.63812341
0.63910539
0.6395257
0.6389311
0.63627397
0.63291939
0.62132497
0.63728774
0.63812342
0.6391054
0.63952571
0.63893112
0.63627399
0.63291941
0.62132499
0.63728775
0.63812343
0.63910541
0.63952573
0.63893113
0.63627403
0.63291941
0.62132497
0.63728776
0.63812343
0.63910543
0.63952574
0.63893118
0.636274
0.63291944
0.62132496
0.63728774
0.63812344
0.63910542
0.63952575
0.63893111
0.63627398
0.63291944
0.62132507
0.63728777
0.63812344
0.63910544
0.63952575
0.63893118
0.63627406
0.63291947
0.62132504
0.63728778
0.63812346
0.63910545
0.63952579
0.63893116
0.63627403
0.63291947
0.62132504
0.6372878
0.63812349
0.63910549
0.63952579
0.63893122
0.63627412
0.63291951
0.62132509
0.63728788
0.63812357
0.63910558
0.63952593
0.63893136
0.6362742
0.63291961
0.62132517
0.63728798
0.63812369
0.63910574
0.63952613
0.63893164
0.63627458
0.63291989
0.62132538
0.63728809
0.63812384
0.6391059
0.63952648
0.63893189
0.6362746
0.63291998
0.62132555
0.63728815
0.63812386
0.63910606
0.63952622
0.63893137
0.63627463
0.63292015
0.62132545
0.84116109
0.81802559
0.77900455
0.73014691
0.67979196
0.64585433
0.63627555
0.63667705
0.84116108
0.8180256
0.77900455
0.73014692
0.67979196
0.64585433
0.63627555
0.63667706
0.84116109
0.8180256
0.77900455
0.73014692
0.67979197
0.64585434
0.63627557
0.63667707
0.84116109
0.81802561
0.77900456
0.73014693
0.67979198
0.64585436
0.63627559
0.6366771
0.84116113
0.81802563
0.77900459
0.73014697
0.67979202
0.64585441
0.63627565
0.63667716
0.84116114
0.81802567
0.77900463
0.73014701
0.67979207
0.64585447
0.63627573
0.63667727
0.84116119
0.81802568
0.77900465
0.73014703
0.67979211
0.64585452
0.63627581
0.63667735
0.8411611
0.81802572
0.77900466
0.73014705
0.67979212
0.64585454
0.63627583
0.63667745
0.6372882
0.63812389
0.63910595
0.63952612
0.63893201
0.63627517
0.63292028
0.62132586
0.63728816
0.638124
0.63910609
0.63952688
0.63893237
0.63627488
0.63292046
0.62132592
0.6372884
0.63812413
0.63910634
0.63952671
0.63893211
0.63627525
0.63292053
0.62132624
0.63728873
0.63812463
0.63910673
0.63952735
0.63893288
0.63627557
0.63292094
0.62132625
0.63729
0.63812586
0.63910836
0.6395292
0.63893543
0.63627871
0.63292327
0.62132832
0.6372915
0.63812808
0.63911128
0.6395341
0.63894112
0.63628376
0.63292802
0.62133156
0.63729357
0.63813016
0.63911525
0.63953779
0.63894594
0.63629181
0.63293363
0.62133718
0.63729406
0.63813207
0.63911473
0.63954
0.63895881
0.63630212
0.6329416
0.62133987
0.63729375
0.63813085
0.63911251
0.63955041
0.6389672
0.63629727
0.63294193
0.62134844
0.6372977
0.63813601
0.63912588
0.63954226
0.63892595
0.63627017
0.63292604
0.62133763
0.63729951
0.63813653
0.63911757
0.63954565
0.63897582
0.63632515
0.63295875
0.62135432
0.63731171
0.6381532
0.6391461
0.63957249
0.63895686
0.63629035
0.63294377
0.6213571
0.63732852
0.63816614
0.63914716
0.63957991
0.63902342
0.63636757
0.63299177
0.62138234
0.63733398
0.63817098
0.63914869
0.63945718
0.63850677
0.63563681
0.63247504
0.62115626
0.63717821
0.6379093
0.6384822
0.63787208
0.63619117
0.63344931
0.63075007
0.619932
0.63675568
0.63733488
0.63734329
0.63618753
0.63442296
0.63179092
0.62932782
0.61861107
0.84116318
0.81802692
0.77900615
0.73014862
0.67979443
0.64585715
0.63628087
0.6366819
0.84116227
0.8180274
0.77900661
0.73014927
0.67979489
0.6458583
0.63628142
0.63668633
0.84116366
0.81802796
0.77900735
0.73015041
0.67979673
0.64586027
0.6362851
0.63668708
0.84116485
0.81803054
0.77901061
0.73015502
0.6798021
0.64586684
0.63629272
0.63670017
0.84117119
0.81803652
0.77901823
0.73016388
0.67981212
0.64587763
0.63630942
0.63671378
0.84117743
0.8180464
0.77902784
0.73017485
0.67982157
0.64589027
0.63631952
0.63672531
0.84118525
0.8180553
0.77903421
0.73018133
0.67982065
0.64587916
0.63627569
0.63660378
0.84118092
0.8180674
0.77903041
0.73018286
0.67979723
0.64582392
0.63610665
0.63631169
1.0005174
1.0006315
1.001391
0.98920667
0.95366887
0.91136475
0.87493518
0.85216494
1.0005174
1.0006315
1.001391
0.98920669
0.95366887
0.91136478
0.87493517
0.85216507
1.0005174
1.0006315
1.001391
0.9892067
0.9536689
0.9113648
0.87493522
0.85216503
1.0005174
1.0006315
1.0013911
0.98920675
0.95366895
0.91136488
0.87493528
0.85216521
1.0005175
1.0006316
1.0013911
0.98920683
0.95366908
0.91136503
0.87493552
0.85216535
1.0005175
1.0006317
1.0013912
0.98920696
0.95366924
0.9113653
0.87493579
0.8521659
1.0005177
1.0006317
1.0013913
0.98920705
0.95366945
0.91136549
0.87493618
0.85216588
1.0005173
1.0006318
1.0013913
0.98920722
0.95366944
0.91136578
0.87493593
0.85216708
1.0005179
1.0006316
1.0013915
0.9892071
0.95366971
0.91136555
0.87493659
0.85216517
1.0005175
1.0006319
1.0013914
0.98920737
0.95366972
0.91136601
0.87493642
0.85216706
1.0005179
1.0006319
1.0013917
0.98920758
0.95367021
0.9113663
0.87493717
0.85216656
1.0005179
1.0006324
1.0013921
0.98920837
0.95367103
0.91136772
0.8749385
0.85216975
1.0005188
1.000633
1.0013932
0.98920972
0.95367339
0.91137065
0.87494313
0.85217314
1.0005193
1.0006344
1.0013947
0.98921259
0.95367711
0.91137637
0.87494944
0.85218316
1.0005209
1.0006357
1.0013971
0.98921582
0.95368218
0.91138177
0.87495782
0.85218557
1.00052
1.0006378
1.0013984
0.98921925
0.9536847
0.91138774
0.87495787
0.85219804
1.0000369
1.0001275
1.0001543
1.0003322
1.0004047
1.0002773
1.0005545
1.0005548
1.0000369
1.0001275
1.0001542
1.0003322
1.0004047
1.0002774
1.0005544
1.0005552
1.0000369
1.0001275
1.0001543
1.0003322
1.0004048
1.0002774
1.0005545
1.0005551
1.0000369
1.0001276
1.0001543
1.0003323
1.0004048
1.0002776
1.0005546
1.0005556
1.000037
1.0001277
1.0001544
1.0003324
1.000405
1.0002778
1.0005551
1.0005558
1.0000371
1.0001278
1.0001545
1.0003326
1.0004052
1.0002783
1.0005555
1.000557
1.0000373
1.0001279
1.0001547
1.0003328
1.0004056
1.0002787
1.0005562
1.0005572
1.0000374
1.0001281
1.0001548
1.0003331
1.0004056
1.0002793
1.0005561
1.0005601
0.97497592
1.0148717
1.000736
1.0016009
0.99949608
1.0011119
0.99912876
0.9984337
0.97497658
1.014872
1.0007358
1.001601
0.99949621
1.0011118
0.99912879
0.99843378
0.97497637
1.014872
1.000736
1.0016009
0.99949617
1.0011119
0.99912878
0.99843375
0.97497646
1.014872
1.0007358
1.001601
0.9994962
1.0011118
0.99912878
0.99843377
0.97497643
1.014872
1.000736
1.0016009
0.99949617
1.0011119
0.99912878
0.99843376
0.97497665
1.0148721
1.0007359
1.001601
0.99949623
1.0011118
0.99912879
0.99843377
0.97497654
1.0148724
1.0007366
1.0016011
0.99949624
1.001112
0.99912884
0.9984338
0.97497662
1.014869
1.0007337
1.0016024
0.99949602
1.0011113
0.99912912
0.99843394
0.97495482
1.0147823
1.0006528
1.0016234
0.99949783
1.001083
0.99912357
0.99843952
0.97500231
1.0149167
1.0007509
1.0015748
0.99949955
1.0011225
0.99912694
0.99842867
0.9749568
1.0148448
1.0007339
1.0016217
0.9994937
1.0011065
0.9991316
0.99843781
0.97499598
1.0148987
1.0007383
1.0015832
0.99949894
1.0011166
0.99912635
0.99843023
0.97496639
1.0148516
1.0007397
1.0016247
0.99949541
1.0011072
0.99913248
0.99843811
0.97507337
1.0149763
1.00078
1.0015849
0.99950767
1.0011257
0.99912785
0.99842996
0.97490415
1.0147966
1.0008374
1.0018158
0.99953723
1.0011089
0.99915913
0.99847189
0.97517754
1.0148639
1.0000978
1.0011599
0.99984822
1.0011417
0.99896578
0.99830189
2.816751
2.8624981
2.8689189
2.7781365
1.5504056
0.98520872
1.0470421
0.94679463
2.8167502
2.8624961
2.8689133
2.7781395
1.5504101
0.98522178
1.0470529
0.94679285
2.8167531
2.8625024
2.868915
2.7781416
1.5504065
0.98521584
1.0470521
0.94679744
2.816756
2.8625002
2.8689199
2.7781413
1.5504123
0.98521999
1.0470516
0.94679403
2.8167583
2.8625098
2.8689172
2.7781497
1.5504119
0.98521769
1.0470532
0.94679785
2.8167655
2.8625063
2.8689346
2.778147
1.5504214
0.98522746
1.0470557
0.94679639
2.8167401
2.8625085
2.8689085
2.7781559
1.5503965
0.98521425
1.0470681
0.94681586
2.8168295
2.862502
2.8689139
2.7781098
1.5504347
0.98520125
1.0469752
0.94672268
2.8167139
2.862483
2.8689026
2.7781203
1.5504395
0.98524545
1.0470688
0.94678755
2.8167453
2.8625186
2.8689275
2.7781333
1.550331
0.9851801
1.047055
0.94681543
2.8167748
2.8624918
2.8689239
2.7781745
1.550477
0.98524098
1.047045
0.94677944
2.8168096
2.8625879
2.8689564
2.7781717
1.5504036
0.98520885
1.0470643
0.94681548
2.8169031
2.8625945
2.8690387
2.7782728
1.5505479
0.98526748
1.047061
0.94679489
2.8169316
2.8627781
2.8691135
2.778303
1.5504368
0.9852618
1.0471453
0.94688941
2.816829
2.8623694
2.8689748
2.7783068
1.5508264
0.98537005
1.0469997
0.94673594
2.8168527
2.8629429
2.8691581
2.7778384
1.5498461
0.98561652
1.0475855
0.94707703
2.4086009
2.6896422
2.8059975
2.8524208
2.8479034
2.8538817
2.8026337
2.7953464
2.4086414
2.6897226
2.8060167
2.8523682
2.8478557
2.8538243
2.8025402
2.7953726
2.4086481
2.6897154
2.8060566
2.8524912
2.8479607
2.8539362
2.8026606
2.7954303
2.4087165
2.689788
2.8060943
2.8524663
2.8479698
2.8539267
2.8026391
2.795446
2.4087504
2.689829
2.8061575
2.8526018
2.8480699
2.8540645
2.8027901
2.7955638
2.4081831
2.6896425
2.8061557
2.8525118
2.8480244
2.8539598
2.802695
2.7955367
2.4038023
2.687047
2.8055349
2.852716
2.8481776
2.8542212
2.8029405
2.7955797
2.3987644
2.6828163
2.8036258
2.8520689
2.8483419
2.8541524
2.8027946
2.7954746
0.63647662
0.63688243
0.63664347
0.63529556
0.6335683
0.63099446
0.6286038
0.61787986
0.63555083
0.63568174
0.63501652
0.63347589
0.63177711
0.62927244
0.62697264
0.61611446
0.63350909
0.6332225
0.63224627
0.63043579
0.62865585
0.62619983
0.62401938
0.61299762
0.63061503
0.63005132
0.62851125
0.62602145
0.6241086
0.62184651
0.61986933
0.60867467
0.627566
0.62627062
0.6237749
0.62056646
0.61879655
0.61697531
0.61528215
0.60417912
0.62405143
0.62195996
0.61857546
0.61497896
0.61353951
0.61239112
0.61134263
0.6005668
0.6208111
0.61784291
0.61396368
0.61019154
0.60889398
0.60826127
0.60828345
0.59880782
0.61817709
0.61517608
0.61093725
0.60711496
0.60573993
0.60526724
0.6062926
0.59729263
0.61717616
0.61384098
0.60941575
0.60547816
0.60420125
0.60334448
0.60566954
0.59604832
0.61409529
0.6107661
0.60621011
0.60219002
0.60043635
0.60050724
0.59972879
0.59556902
0.60965844
0.60560462
0.60042163
0.59582935
0.59374669
0.59060433
0.59556363
0.58756943
0.60140318
0.59842155
0.59262729
0.58609916
0.58421097
0.57535606
0.56827692
0.56443146
0.59432182
0.58723081
0.58493882
0.57191494
0.57378788
0.5401109
0.54791
0.51673104
0.58711343
0.57848574
0.57654945
0.55878685
0.56057439
0.50168713
0.48668875
0.41158
0.58108033
0.56965707
0.56824357
0.54896634
0.53992086
0.4791292
0.44398895
0.36675733
0.57506752
0.56554747
0.56075768
0.54749842
0.52817562
0.47759843
0.38920059
0.37326568
0.83876491
0.81517813
0.77527559
0.72515982
0.67330615
0.63645946
0.62213521
0.61784597
0.83825684
0.81478583
0.77473827
0.72467718
0.67257143
0.63548887
0.62001597
0.61606076
0.83758329
0.81398116
0.77396408
0.72370729
0.67150905
0.63347584
0.61639647
0.61118732
0.83668439
0.81302511
0.77300781
0.72246105
0.6701003
0.63054619
0.61126841
0.60470417
0.8357046
0.81204995
0.7719573
0.72113493
0.66846655
0.62693349
0.60556255
0.59715118
0.83477844
0.81119931
0.770871
0.7199999
0.66666565
0.62352067
0.59953613
0.59026192
0.83415513
0.81047102
0.77009592
0.71901571
0.6652635
0.62059237
0.59473515
0.58339252
0.83352377
0.810133
0.7694931
0.71854554
0.66424652
0.61908793
0.59145755
0.58083095
0.5743357
0.56655539
0.55661734
0.54683282
0.52514903
0.46417999
0.38111868
0.36695636
0.56822642
0.5625031
0.55085346
0.54213528
0.5155703
0.45260407
0.39299367
0.35378648
0.56276504
0.5526187
0.54422523
0.53074651
0.50950852
0.44565871
0.40477562
0.35752745
0.5535845
0.54289236
0.53247838
0.52149348
0.5000688
0.45300218
0.41114096
0.37360772
0.54485036
0.5319196
0.52066725
0.51114213
0.49438538
0.45790962
0.42559033
0.38438843
0.53732367
0.52268865
0.50918702
0.50273886
0.48886863
0.46186331
0.43333246
0.39142279
0.53257693
0.51573997
0.50066994
0.49546018
0.48594834
0.46283763
0.43915764
0.39906468
0.52986432
0.51215664
0.49560554
0.49112745
0.48392262
0.4629718
0.4399592
0.40014491
0.52922414
0.5104056
0.49320959
0.48909624
0.48286753
0.46319722
0.44086193
0.40190706
0.52691134
0.5074136
0.48842276
0.48468345
0.48082845
0.46297283
0.44221183
0.40322989
0.5243544
0.50318958
0.48130039
0.47720759
0.47713871
0.46224156
0.44336579
0.40516422
0.52174539
0.49937073
0.47397056
0.4679664
0.47157161
0.46050334
0.44369282
0.40624547
0.51957201
0.49651004
0.46833225
0.45921982
0.46445102
0.45721812
0.44274565
0.4064298
0.51781045
0.49452112
0.46480587
0.45288492
0.45762549
0.4528791
0.4406659
0.40561698
0.51677781
0.49329648
0.46292234
0.44928112
0.45293185
0.44929656
0.43852184
0.40461151
0.51627868
0.49273865
0.46210826
0.4476854
0.45064517
0.44738131
0.43732085
0.40384316
0.82815072
0.8041889
0.7633937
0.71130065
0.65503023
0.6025547
0.56219435
0.53884619
0.82767481
0.80376859
0.76285387
0.71077434
0.6543637
0.60185724
0.56097915
0.53755902
0.8271242
0.80308396
0.76205687
0.70983225
0.65332782
0.6006207
0.55939666
0.53523968
0.82661919
0.80246495
0.7612028
0.70874659
0.6520102
0.59911005
0.55756698
0.53307329
0.82636078
0.80208857
0.76061135
0.70784366
0.65078546
0.59756935
0.55579097
0.53099672
0.8262546
0.80194405
0.76032684
0.70734304
0.64996756
0.59643182
0.55436075
0.52941545
0.82623477
0.80189775
0.76023145
0.7071344
0.64958468
0.59581396
0.55354028
0.52841694
0.82621551
0.80189284
0.76020108
0.70707188
0.6494405
0.59557532
0.55317719
0.52802284
1.0005125
1.0007418
1.0010353
0.98661012
0.94922559
0.90566858
0.86828441
0.84467955
1.0004903
1.0007657
1.0009563
0.98631187
0.94881925
0.90529181
0.867842
0.84439893
1.000489
1.0007813
1.0008578
0.98581975
0.9481776
0.90462573
0.867186
0.84368396
1.0004793
1.0008032
1.0007684
0.98528561
0.94737412
0.90378892
0.86631387
0.84282044
1.0004771
1.0008152
1.0007242
0.9848616
0.94658182
0.90287419
0.86536678
0.84182087
1.0004747
1.0008228
1.0007122
0.98462882
0.94597536
0.90205342
0.86445516
0.84090297
1.00048
1.0008242
1.0007149
0.98453259
0.94563439
0.90147134
0.86376664
0.84013097
1.0004718
1.0008295
1.0007116
0.98450858
0.94548211
0.90118961
0.86336331
0.83976276
1.0004845
1.0008236
1.0007186
0.98449189
0.94543627
0.90105141
0.8632143
0.83947316
1.0004769
1.0008284
1.000716
0.98448516
0.94534358
0.90084576
0.86287671
0.83914766
1.0004798
1.0008279
1.000717
0.98447693
0.94526314
0.90059997
0.86247039
0.83860666
1.0004802
1.0008312
1.0007153
0.98447723
0.94521994
0.90044634
0.86215916
0.83818772
1.0004858
1.0008345
1.0007169
0.98448016
0.94521012
0.90038177
0.86201461
0.83795532
1.000489
1.000839
1.000718
0.98448348
0.94521413
0.90036909
0.86196286
0.83788107
1.0004928
1.0008412
1.0007208
0.98448259
0.94521861
0.90037188
0.86195446
0.83785236
1.000491
1.0008436
1.0007214
0.98448425
0.94521697
0.9003778
0.86195115
0.83786141
1.0000554
1.0001453
1.000193
1.0004273
1.0004509
1.0003634
1.0006142
1.0004865
1.0000553
1.000146
1.0001935
1.0004294
1.0004535
1.0003665
1.0006129
1.0004932
1.0000556
1.0001465
1.0001948
1.0004313
1.0004581
1.0003709
1.0006156
1.0004904
1.0000564
1.0001474
1.0001957
1.0004326
1.0004617
1.0003771
1.0006199
1.0004932
1.0000578
1.0001481
1.0001965
1.000433
1.0004636
1.0003818
1.0006255
1.000496
1.0000588
1.0001487
1.0001971
1.0004333
1.0004639
1.0003844
1.0006288
1.000501
1.0000593
1.0001491
1.0001975
1.0004336
1.0004641
1.0003849
1.0006305
1.0005024
1.0000594
1.0001493
1.0001976
1.000434
1.0004642
1.0003853
1.0006301
1.0005052
0.95470258
0.9985385
0.99907175
1.0111085
1.0042811
0.99298355
0.98768032
0.99084907
0.97882009
1.011882
0.98839408
0.99001779
1.0000125
1.0091188
1.0048268
1.0006843
0.97123392
1.0191164
1.0120686
1.0096433
0.99725628
0.99430213
0.99544022
0.99704187
1.0785876
1.0681997
1.0130126
0.99655287
1.0021294
1.0077274
1.0039045
0.99951474
1.6723186
1.5819498
1.3695772
1.1693243
1.0452854
1.0009464
0.99472315
0.99627539
2.004252
2.0145133
1.9569416
1.7813872
1.489724
1.2419599
1.104907
1.0519204
1.9780231
1.9814346
1.9828962
1.9802256
1.9310987
1.7658813
1.5437696
1.3995408
1.9199707
1.9285835
1.9350986
1.9378469
1.9359058
1.9199019
1.8524323
1.7592198
0.24115551
0.24117935
0.24103973
0.24086387
0.23973069
0.23907303
0.23888902
0.23910188
0.24165493
0.24161758
0.24162123
0.24153288
0.24065569
0.24007387
0.2397236
0.24005054
0.24245666
0.2424203
0.24244213
0.24241091
0.24163597
0.24120461
0.24083125
0.24100834
0.24351234
0.24350034
0.24355396
0.24357483
0.24288238
0.24251647
0.24213738
0.24243707
0.24456592
0.24459386
0.24471725
0.244819
0.24415467
0.24396487
0.24367063
0.24382933
0.24535487
0.24542873
0.24566346
0.2459163
0.24540649
0.24533562
0.24513621
0.24534618
0.2459645
0.24610035
0.24641708
0.24678846
0.24640382
0.24650206
0.24643101
0.246642
0.24630673
0.24647903
0.24683174
0.24731032
0.24704168
0.24721092
0.24714267
0.24741369
0.2012125
0.19954137
0.19568028
0.19872635
0.20568887
0.21013792
0.2131347
0.21483163
0.20653831
0.2112848
0.2162431
0.22228235
0.22732235
0.23071244
0.232421
0.23313301
0.22852417
0.22904794
0.23250171
0.23604286
0.23664005
0.23766374
0.23799769
0.23846854
0.23994956
0.24141182
0.24009142
0.23937214
0.24009729
0.23991089
0.23937209
0.23959223
0.23558024
0.23601781
0.23795731
0.23931044
0.23906353
0.23914129
0.23881155
0.23915819
0.24313101
0.24296938
0.24201851
0.24152535
0.2410005
0.24032455
0.23941282
0.23963786
0.24022859
0.24022279
0.24081867
0.24105129
0.24024813
0.24005173
0.23958352
0.24006359
0.24382299
0.24359238
0.24280272
0.24215714
0.24118073
0.24033004
0.23936234
0.23993797
0.24329956
0.24321874
0.24301509
0.24274484
0.24184364
0.24128667
0.24053316
0.24085374
0.24408926
0.24395884
0.24377614
0.24348244
0.2424392
0.24180662
0.24095536
0.24132103
0.24493488
0.24478067
0.24460477
0.24431452
0.24327541
0.24259533
0.2417332
0.24212641
0.24578556
0.24565094
0.24552939
0.24528672
0.24425358
0.2436327
0.24279128
0.24317169
0.24640574
0.24628993
0.24625029
0.24611077
0.24513994
0.24458212
0.24379257
0.24421265
0.24677765
0.24668273
0.24674507
0.24669738
0.24575066
0.24529036
0.24454928
0.24498465
0.24692496
0.24685914
0.2470195
0.24707998
0.24612665
0.24574949
0.24509074
0.24557577
0.24702129
0.24693268
0.24715574
0.24726095
0.24634125
0.24606967
0.24541178
0.2458997
0.23887873
0.24564178
0.24621995
0.24623604
0.24475802
0.24387807
0.24274498
0.24319877
0.24033921
0.24625371
0.24726718
0.24693271
0.24567488
0.24483852
0.24357678
0.24372855
0.2409521
0.24717794
0.2480212
0.24788499
0.24660464
0.24576985
0.24444829
0.24463328
0.24168463
0.24782149
0.2487783
0.24862449
0.24742942
0.24664233
0.24531009
0.24546081
0.24175249
0.24798611
0.24899497
0.2489793
0.24784648
0.24719242
0.24592701
0.24610008
0.24150067
0.24773758
0.24886557
0.24892734
0.2479374
0.24742987
0.24625169
0.24643883
0.24096571
0.24729756
0.24853725
0.24872755
0.24782544
0.24746834
0.24637996
0.24660036
0.24069722
0.24702943
0.24836726
0.24859411
0.24773024
0.24745024
0.24644562
0.24666513
0.51612718
0.49250747
0.46179087
0.44706115
0.44969745
0.44657289
0.43678535
0.40354791
0.51582501
0.49214684
0.46127229
0.44604683
0.448085
0.44515355
0.43589892
0.40295871
0.51555635
0.49179247
0.46074643
0.4450444
0.44634783
0.44357642
0.43499527
0.4023904
0.51540172
0.49162328
0.46046797
0.4445377
0.44544308
0.44259406
0.43461958
0.40227741
0.51536742
0.49156206
0.46039654
0.44436511
0.44511872
0.44221217
0.43453731
0.40248541
0.51536199
0.49154694
0.46038219
0.44432495
0.44503694
0.44212548
0.43449513
0.40255499
0.51535769
0.4915448
0.46037888
0.44431878
0.44503045
0.44210423
0.43448265
0.40254121
0.51535836
0.49154317
0.46037952
0.44431449
0.44501028
0.44209416
0.43447473
0.40254023
0.51536008
0.49154364
0.46037942
0.4443165
0.44501486
0.44209139
0.43447143
0.4025372
0.51535869
0.49154443
0.46038001
0.44431527
0.44501646
0.44208723
0.43446325
0.40252976
0.51535921
0.4915441
0.46037979
0.44431362
0.44500901
0.44207522
0.43445043
0.40251694
0.51535807
0.49154283
0.46037839
0.44431098
0.44500367
0.44206463
0.43443543
0.40250274
0.51535726
0.49154165
0.46037718
0.4443093
0.44500091
0.44205884
0.43442463
0.40249119
0.51535662
0.49154116
0.46037661
0.44430868
0.44500034
0.44205763
0.43442018
0.4024849
0.51535656
0.49154108
0.4603765
0.44430859
0.44500006
0.44205732
0.43441893
0.40248252
0.51535641
0.49154105
0.46037641
0.44430852
0.44499975
0.44205721
0.43441862
0.4024816
0.82622553
0.80187945
0.76017904
0.70698961
0.64924356
0.59516858
0.55253672
0.52717398
0.82622447
0.80187985
0.76017906
0.70699032
0.6492442
0.5951694
0.55253733
0.52717609
0.82622444
0.80187935
0.76017879
0.70699011
0.64924428
0.59516952
0.55253759
0.5271758
0.82622373
0.80187888
0.76017812
0.70698942
0.64924344
0.59516869
0.55253657
0.52717505
0.82622346
0.80187839
0.76017762
0.70698878
0.64924271
0.59516778
0.55253563
0.52717382
0.82622318
0.80187823
0.76017733
0.70698845
0.64924227
0.59516731
0.55253504
0.52717337
0.82622322
0.80187814
0.76017728
0.70698835
0.64924218
0.59516718
0.55253496
0.52717314
0.82622307
0.80187814
0.76017722
0.70698832
0.6492421
0.59516714
0.55253483
0.52717317
0.51535656
0.49154104
0.46037651
0.4443084
0.44499994
0.4420573
0.43441839
0.40248141
0.51535644
0.49154107
0.46037645
0.44430842
0.44499963
0.44205688
0.43441816
0.40248096
0.51535645
0.49154102
0.4603764
0.44430829
0.44499929
0.4420564
0.43441767
0.4024804
0.51535636
0.49154094
0.46037629
0.44430811
0.444999
0.44205585
0.43441707
0.40247989
0.5153563
0.49154085
0.46037621
0.444308
0.44499886
0.44205559
0.43441659
0.40247943
0.51535625
0.49154082
0.46037618
0.44430796
0.44499882
0.4420555
0.43441637
0.40247916
0.51535626
0.49154081
0.46037617
0.44430795
0.44499879
0.44205546
0.43441626
0.40247903
0.51535624
0.4915408
0.46037616
0.44430793
0.44499878
0.44205544
0.43441623
0.40247897
0.51535624
0.4915408
0.46037616
0.44430794
0.44499876
0.44205543
0.4344162
0.40247893
0.51535624
0.4915408
0.46037616
0.44430793
0.44499875
0.44205541
0.43441617
0.40247889
0.51535624
0.4915408
0.46037615
0.44430792
0.44499873
0.44205538
0.43441613
0.40247883
0.51535623
0.49154079
0.46037615
0.44430791
0.4449987
0.44205535
0.4344161
0.40247879
0.51535622
0.49154079
0.46037614
0.4443079
0.44499869
0.44205533
0.43441608
0.40247877
0.51535622
0.49154078
0.46037614
0.44430789
0.44499869
0.44205531
0.43441605
0.40247875
0.51535622
0.49154078
0.46037614
0.44430789
0.44499869
0.44205531
0.43441604
0.40247874
0.51535622
0.49154078
0.46037614
0.44430789
0.44499869
0.4420553
0.43441603
0.40247874
0.82622306
0.80187802
0.76017713
0.70698818
0.64924197
0.59516696
0.55253469
0.5271729
0.82622305
0.80187802
0.76017713
0.70698819
0.64924197
0.59516697
0.55253469
0.5271729
0.82622305
0.80187802
0.76017713
0.70698819
0.64924197
0.59516696
0.55253469
0.5271729
0.82622305
0.80187802
0.76017712
0.70698818
0.64924197
0.59516696
0.55253469
0.5271729
0.82622305
0.80187801
0.76017712
0.70698818
0.64924196
0.59516696
0.55253469
0.52717289
0.82622304
0.80187801
0.76017712
0.70698818
0.64924196
0.59516695
0.55253468
0.52717289
0.82622304
0.80187801
0.76017712
0.70698817
0.64924196
0.59516695
0.55253468
0.52717289
0.82622304
0.80187801
0.76017712
0.70698817
0.64924196
0.59516695
0.55253468
0.52717289
1.0004931
1.000843
1.0007234
0.98448546
0.94521686
0.90037466
0.86195383
0.8378518
1.000493
1.000843
1.0007234
0.98448546
0.94521683
0.90037468
0.86195379
0.83785191
1.000493
1.000843
1.0007234
0.98448545
0.94521682
0.90037466
0.86195379
0.83785186
1.000493
1.000843
1.0007233
0.98448543
0.9452168
0.90037463
0.86195375
0.83785184
1.000493
1.000843
1.0007233
0.98448542
0.94521678
0.90037461
0.86195372
0.8378518
1.000493
1.000843
1.0007233
0.98448541
0.94521677
0.9003746
0.86195371
0.83785179
1.000493
1.000843
1.0007233
0.98448541
0.94521677
0.90037459
0.86195371
0.83785177
1.000493
1.000843
1.0007233
0.98448541
0.94521677
0.90037459
0.8619537
0.83785179
1.000493
1.000843
1.0007233
0.98448541
0.94521677
0.90037459
0.8619537
0.83785177
1.000493
1.000843
1.0007233
0.98448541
0.94521676
0.90037459
0.8619537
0.83785178
1.000493
1.000843
1.0007233
0.98448541
0.94521676
0.90037459
0.8619537
0.83785177
1.000493
1.000843
1.0007233
0.9844854
0.94521676
0.90037458
0.8619537
0.83785177
1.000493
1.000843
1.0007233
0.9844854
0.94521676
0.90037458
0.86195369
0.83785177
1.000493
1.000843
1.0007233
0.9844854
0.94521676
0.90037458
0.86195369
0.83785177
1.000493
1.000843
1.0007233
0.9844854
0.94521676
0.90037458
0.86195369
0.83785177
1.000493
1.000843
1.0007233
0.9844854
0.94521676
0.90037458
0.86195369
0.83785177
1.0000597
1.0001495
1.000198
1.0004344
1.0004647
1.0003853
1.0006305
1.0005036
1.0000597
1.0001495
1.000198
1.0004344
1.0004647
1.0003853
1.0006305
1.0005036
1.0000597
1.0001495
1.000198
1.0004344
1.0004647
1.0003853
1.0006305
1.0005036
1.0000597
1.0001495
1.000198
1.0004344
1.0004647
1.0003853
1.0006305
1.0005036
1.0000597
1.0001495
1.000198
1.0004344
1.0004647
1.0003853
1.0006305
1.0005036
1.0000597
1.0001495
1.000198
1.0004344
1.0004647
1.0003853
1.0006305
1.0005036
1.0000597
1.0001495
1.000198
1.0004344
1.0004647
1.0003853
1.0006305
1.0005036
1.0000597
1.0001495
1.000198
1.0004344
1.0004647
1.0003853
1.0006305
1.0005036
0.24941193
0.24968994
0.25016681
0.2506149
0.25017362
0.25011247
0.24970097
0.24964444
0.24940661
0.24968432
0.25016117
0.25061231
0.25017332
0.25010664
0.24970924
0.24966502
0.24939844
0.24967666
0.25015496
0.250603
0.2501635
0.25010226
0.24969945
0.24964941
0.2493891
0.24966739
0.25014537
0.25059557
0.25015669
0.25009238
0.24969415
0.24964846
0.24938185
0.24966022
0.25013913
0.2505892
0.25015094
0.25009076
0.24969103
0.24964317
0.24937782
0.24965673
0.25013594
0.25058719
0.25015018
0.25008733
0.24968925
0.24964353
0.24937686
0.24965529
0.25013451
0.25058562
0.25014749
0.25008837
0.24968978
0.24964242
0.2493754
0.24965521
0.25013469
0.25058518
0.25014868
0.25008562
0.24968652
0.24964086
0.24937435
0.24965342
0.25013292
0.25058421
0.25014724
0.25008605
0.24968778
0.24964168
0.24937452
0.2496534
0.25013293
0.25058427
0.25014716
0.25008619
0.24968793
0.24964128
0.24937441
0.24965336
0.2501329
0.2505842
0.25014719
0.25008614
0.2496879
0.24964145
0.24937443
0.24965334
0.25013288
0.25058423
0.25014714
0.25008615
0.2496879
0.24964133
0.24937438
0.24965333
0.25013287
0.25058419
0.25014716
0.25008612
0.24968786
0.24964138
0.24937439
0.24965332
0.25013285
0.2505842
0.25014711
0.25008611
0.24968787
0.24964132
0.24937437
0.24965331
0.25013284
0.25058415
0.25014711
0.25008607
0.24968782
0.24964131
0.24937437
0.24965329
0.25013282
0.25058417
0.25014707
0.25008606
0.24968783
0.2496413
0.24843786
0.24852105
0.2491284
0.24954984
0.24874853
0.24884347
0.24836686
0.24892165
0.24843724
0.24852039
0.24912796
0.24954928
0.24874828
0.2488428
0.24836715
0.24892122
0.24843688
0.24851992
0.24912747
0.24954879
0.24874782
0.24884261
0.24836644
0.24892093
0.24843648
0.24851961
0.2491272
0.24954848
0.24874757
0.24884231
0.2483664
0.24892069
0.24843627
0.24851935
0.24912691
0.24954826
0.24874729
0.24884206
0.24836604
0.24892046
0.24843607
0.24851917
0.24912675
0.24954804
0.24874712
0.24884185
0.24836588
0.24892022
0.24843595
0.24851905
0.24912658
0.24954794
0.24874698
0.24884168
0.24836573
0.24892014
0.24843598
0.24851902
0.24912655
0.24954785
0.24874693
0.2488418
0.2483656
0.24892
0.24843584
0.24851898
0.24912655
0.24954783
0.24874693
0.24884155
0.24836582
0.24892013
0.24843585
0.24851894
0.24912649
0.24954782
0.24874689
0.24884164
0.24836562
0.24892004
0.2484358
0.24851889
0.24912645
0.24954777
0.24874685
0.2488416
0.24836565
0.24892001
0.24843575
0.24851884
0.2491264
0.24954772
0.2487468
0.24884156
0.24836558
0.24891998
0.24843573
0.24851882
0.24912638
0.24954771
0.24874679
0.24884154
0.24836559
0.24891997
0.24843573
0.24851882
0.24912638
0.24954771
0.24874678
0.24884154
0.24836556
0.24891996
0.24843574
0.24851883
0.24912638
0.24954771
0.24874679
0.24884153
0.24836558
0.24891996
0.24843574
0.24851883
0.24912639
0.2495477
0.24874678
0.24884154
0.24836555
0.24891994
0.24025901
0.24675363
0.2483896
0.24897383
0.24835325
0.24850449
0.2477954
0.24804491
0.24025898
0.2467536
0.24838957
0.24897381
0.24835321
0.24850447
0.24779538
0.24804485
0.24025894
0.24675355
0.24838952
0.24897377
0.24835316
0.24850441
0.24779533
0.24804482
0.24025891
0.24675352
0.24838948
0.24897372
0.24835312
0.24850437
0.24779528
0.24804476
0.2402589
0.24675351
0.24838947
0.2489737
0.2483531
0.24850434
0.24779526
0.24804475
0.24025889
0.2467535
0.24838946
0.2489737
0.2483531
0.24850434
0.24779526
0.24804474
0.24025888
0.2467535
0.24838946
0.2489737
0.2483531
0.24850435
0.24779527
0.24804475
0.24025888
0.24675349
0.24838946
0.2489737
0.2483531
0.24850434
0.24779525
0.24804475
