FiniteElementSpace
FiniteElementCollection: L2_2D_P7
VDim: 1
Ordering: 0

1.0001206
0.99996768
1.0000253
0.99999814
1.0000117
0.9999937
1.0000099
0.99999369
1.0001206
0.99996768
1.0000253
0.99999814
1.0000117
0.9999937
1.0000099
0.99999369
1.0001206
0.99996768
1.0000253
0.99999814
1.0000117
0.9999937
1.0000099
0.99999369
1.0001206
0.99996768
1.0000253
0.99999814
1.0000117
0.9999937
1.0000099
0.99999369
1.0001206
0.99996768
1.0000253
0.99999814
1.0000117
0.9999937
1.0000099
0.99999369
1.0001206
0.99996768
1.0000253
0.99999814
1.0000117
0.9999937
1.0000099
0.99999369
1.0001206
0.99996768
1.0000253
0.99999814
1.0000117
0.9999937
1.0000099
0.99999369
1.0001206
0.99996768
1.0000253
0.99999814
1.0000117
0.9999937
1.0000099
0.99999369
0.99999998
1
1
1
1
1
1
1
0.99999998
1
1
1
1
1
1
1
0.99999998
1
1
1
1
1
1
1
0.99999998
1
1
1
1
1
1
1
0.99999998
1
1
1
1
1
1
1
0.99999998
1
1
1
1
1
1
1
0.99999998
1
1
1
1
1
1
1
0.99999998
1
1
1
1
1
1
1
1.0001059
0.99996386
1.000026
0.99999696
1.0000118
0.99999277
1.0000104
0.99999012
1.0001253
0.99996802
1.0000246
0.99999857
1.0000114
0.99999401
1.0000095
0.99999523
1.0001213
0.99996757
1.0000262
0.99999778
1.000012
0.99999346
1.0000104
0.99999245
1.0001184
0.99996828
1.0000245
0.99999862
1.0000113
0.99999404
1.0000094
0.9999951
1.0001274
0.99996747
1.000027
0.99999766
1.0000124
0.99999334
1.0000107
0.99999193
1.0001182
0.99997293
1.0000243
0.9999997
1.000011
0.99999478
1.0000089
0.99999691
1.0001764
0.99998516
1.0000326
0.99999819
1.0000146
0.99999405
1.0000131
0.99998995
1.0002879
0.99994823
1.0000197
1.0000012
1.0000089
0.99999576
1.0000042
1.0000151
0.99999998
1
1
1
1
1
1
1
0.99999998
1
1
1
1
1
1
1
0.99999998
1
1
1
1
1
1
1
0.99999998
1
1
1
1
1
1
1
0.99999998
1
1
1
1
1
1
1
0.99999998
1
1
1
1
1
1
1
0.99999998
1
1
1
1
1
1
1
0.99999997
1
1
1
1
1
1
1
0.13685936
0.12793134
0.12507563
0.12537007
0.12506044
0.12504256
0.12505562
0.12477501
0.1369856
0.12796764
0.12507487
0.1253731
0.1250597
0.12504367
0.12505484
0.12477726
0.13711031
0.12799332
0.12507738
0.12537405
0.12505991
0.12504384
0.12505446
0.12477848
0.13715737
0.12800407
0.12507778
0.12537464
0.12505976
0.12504403
0.12505415
0.12477897
0.13716003
0.12800344
0.12507821
0.1253745
0.12505979
0.12504396
0.12505416
0.12477882
0.1371522
0.12800216
0.12507799
0.12537459
0.1250597
0.12504402
0.12505412
0.12477874
0.13714747
0.12800017
0.12507815
0.12537438
0.12505978
0.12504394
0.12505417
0.12477864
0.13714596
0.12800021
0.12507779
0.1253745
0.12505963
0.12504397
0.12505409
0.12477855
0.12500012
0.12499997
0.12500003
0.12500001
0.12500001
0.125
0.12500001
0.125
0.12500012
0.12499997
0.12500003
0.12500001
0.12500001
0.125
0.12500001
0.125
0.12500012
0.12499997
0.12500003
0.12500001
0.12500001
0.125
0.12500001
0.125
0.12500012
0.12499997
0.12500003
0.12500001
0.12500001
0.125
0.12500001
0.125
0.12500012
0.12499997
0.12500003
0.12500001
0.12500001
0.125
0.12500001
0.125
0.12500012
0.12499997
0.12500003
0.12500001
0.12500001
0.125
0.12500001
0.125
0.12500012
0.12499997
0.12500003
0.12500001
0.12500001
0.125
0.12500001
0.125
0.12500012
0.12499997
0.12500003
0.12500001
0.12500001
0.125
0.12500001
0.125
1.0000004
0.99999994
1.0000001
1.0000001
1
1
1
0.99999984
1.0000004
0.99999994
1.0000001
1.0000001
1
1
1
0.99999984
1.0000004
0.99999994
1.0000001
1.0000001
1
1
1
0.99999984
1.0000004
0.99999994
1.0000001
1.0000001
1
1
1
0.99999984
1.0000004
0.99999994
1.0000001
1.0000001
1
1
1
0.99999984
1.0000004
0.99999994
1.0000001
1.0000001
1
1
1
0.99999984
1.0000004
0.99999994
1.0000001
1.0000001
1
1
1
0.99999984
1.0000004
0.99999994
1.0000001
1.0000001
1
1
1
0.99999984
1.0000004
0.99999994
1.0000001
1.0000001
1
1
1
0.99999984
1.0000004
0.99999995
1.0000001
1.0000001
1
1
1
0.99999984
1.0000004
0.99999994
1.0000001
1.0000001
1
1
1
0.99999984
1.0000004
0.99999995
1.0000001
1.0000001
1
1
1
0.99999984
1.0000004
0.99999994
1.0000001
1.0000001
1
1
1
0.99999984
1.0000004
0.99999995
1.0000001
1.0000001
1
1
1
0.99999984
1.0000005
0.99999994
1.0000001
1.0000001
1
1
1
0.99999984
1.0000004
0.99999995
1.0000001
1.0000001
1
1
1
0.99999984
1.0001206
0.99996766
1.0000253
0.99999813
1.0000117
0.9999937
1.0000099
0.99999367
1.0001206
0.99996769
1.0000253
0.99999814
1.0000117
0.9999937
1.0000099
0.9999937
1.0001206
0.99996768
1.0000253
0.99999813
1.0000117
0.9999937
1.0000099
0.99999368
1.0001206
0.99996769
1.0000253
0.99999814
1.0000117
0.9999937
1.0000099
0.9999937
1.0001206
0.99996768
1.0000253
0.99999814
1.0000117
0.9999937
1.0000099
0.99999367
1.0001206
0.9999677
1.0000253
0.99999814
1.0000117
0.99999371
1.0000099
0.99999371
1.0001207
0.99996769
1.0000254
0.99999813
1.0000117
0.9999937
1.00001
0.99999366
1.0001202
0.99996781
1.0000252
0.9999982
1.0000116
0.99999375
1.0000099
0.99999384
0.99999998
1
1
1
1
1
1
1
0.99999998
1
1
1
1
1
1
1
0.99999998
1
1
1
1
1
1
1
0.99999998
1
1
1
1
1
1
1
0.99999998
1
1
1
1
1
1
1
0.99999998
1
1
1
1
1
1
1
0.99999998
1
1
1
1
1
1
1
0.99999998
1
1
1
1
1
1
1
1.0000007
0.99999986
1.0000002
1
1.0000001
0.99999999
1
0.9999998
1.0000003
0.99999997
1.0000001
1.0000001
1
1
1
0.99999986
1.0000006
0.99999992
1.0000002
1.0000001
1
1
1
0.99999982
1.0000003
0.99999997
1.0000001
1.0000001
1
1
1
0.99999985
1.0000006
0.99999992
1.0000002
1.0000001
1.0000001
1
1
0.99999982
1.0000002
1
1.0000001
1.0000001
1
1
0.99999999
0.99999987
1.0000011
0.99999991
1.0000002
1
1.0000001
0.99999999
1
0.99999979
0.99999904
1.0000003
0.99999996
1.0000002
0.99999995
1.0000001
0.9999999
1
0.12500218
0.12500038
0.12500051
0.12500031
0.12500019
0.12500008
0.12499997
0.12499987
0.12500031
0.12500154
0.12500021
0.12500063
0.12500006
0.1250003
0.12499977
0.12500015
0.12499458
0.12500292
0.12499997
0.1250009
0.12499995
0.12500049
0.12499955
0.12500021
0.12498861
0.12500323
0.12500013
0.12500098
0.12500005
0.12500045
0.12499976
0.12499939
0.12499069
0.12500188
0.1250008
0.12500074
0.12500041
0.1250001
0.12500041
0.12499814
0.12499448
0.12500051
0.12500139
0.12500052
0.12500072
0.12499981
0.12500085
0.12499768
0.12499745
0.12499969
0.12500172
0.12500042
0.1250009
0.12499968
0.12500102
0.12499781
0.12499895
0.12499926
0.12500188
0.12500037
0.12500098
0.12499962
0.12500106
0.124998
0.12505924
0.12479981
0.12520742
0.12504883
0.12502574
0.1249937
0.12499781
0.12500815
0.12585
0.12476604
0.12523308
0.12507797
0.1250318
0.12501936
0.12497108
0.12506438
0.1262097
0.1249399
0.12515519
0.12515837
0.12499828
0.12506501
0.12491981
0.12508397
0.12666401
0.12527389
0.12504381
0.12524685
0.12496578
0.1251056
0.12488857
0.12503668
0.1272532
0.12563116
0.1249894
0.12529834
0.12496283
0.12511253
0.12490591
0.12493852
0.12831841
0.12594808
0.12497914
0.12532166
0.12497929
0.12510047
0.12494656
0.12485099
0.12928525
0.12619342
0.12498435
0.12532848
0.12499465
0.1250837
0.12497895
0.1247935
0.12995131
0.12634254
0.1249955
0.12533057
0.12500727
0.1250744
0.12499808
0.12477134
0.125
0.125
0.125
0.125
0.125
0.125
0.125
0.125
0.125
0.125
0.125
0.125
0.125
0.125
0.125
0.125
0.125
0.125
0.125
0.125
0.125
0.125
0.125
0.125
0.125
0.125
0.125
0.125
0.125
0.125
0.125
0.125
0.125
0.125
0.125
0.125
0.125
0.125
0.125
0.125
0.125
0.125
0.125
0.125
0.125
0.125
0.125
0.125
0.125
0.125
0.125
0.125
0.125
0.125
0.125
0.125
0.125
0.125
0.125
0.125
0.125
0.125
0.125
0.125
0.12499997
0.12500001
0.125
0.125
0.125
0.125
0.125
0.125
0.12499994
0.12500002
0.125
0.12500001
0.125
0.125
0.125
0.12499999
0.12499994
0.12500001
0.12500001
0.125
0.125
0.125
0.12500001
0.12499998
0.12499997
0.125
0.12500002
0.125
0.12500001
0.125
0.12500001
0.12499998
0.125
0.12499999
0.12500002
0.125
0.12500001
0.125
0.12500001
0.12499999
0.12500001
0.12499998
0.12500002
0.125
0.12500001
0.125
0.12500001
0.125
0.12500002
0.12499998
0.12500003
0.125
0.12500001
0.125
0.12500001
0.125
0.12500003
0.12499997
0.12500003
0.12500001
0.12500001
0.125
0.12500001
0.125
0.12500657
0.12499806
0.12500255
0.12500034
0.12500128
0.1249995
0.12500113
0.12499913
0.12500667
0.12499805
0.12500257
0.12500034
0.12500129
0.12499949
0.12500114
0.12499912
0.12500668
0.12499806
0.12500258
0.12500034
0.12500129
0.12499949
0.12500114
0.12499912
0.12500667
0.12499805
0.12500258
0.12500034
0.12500129
0.12499949
0.12500114
0.12499911
0.12500666
0.12499805
0.12500258
0.12500034
0.12500129
0.12499949
0.12500114
0.12499911
0.12500666
0.12499805
0.12500258
0.12500034
0.12500129
0.12499949
0.12500114
0.12499911
0.12500665
0.12499805
0.12500258
0.12500034
0.12500129
0.12499949
0.12500114
0.12499911
0.12500665
0.12499805
0.12500258
0.12500034
0.12500129
0.12499949
0.12500114
0.12499911
0.12500664
0.12499805
0.12500258
0.12500034
0.12500129
0.12499949
0.12500114
0.12499911
0.12500664
0.12499805
0.12500258
0.12500034
0.12500129
0.12499949
0.12500114
0.12499911
0.12500664
0.12499805
0.12500258
0.12500034
0.12500129
0.12499949
0.12500114
0.12499911
0.12500664
0.12499805
0.12500258
0.12500034
0.12500129
0.12499949
0.12500114
0.12499911
0.12500664
0.12499805
0.12500258
0.12500034
0.12500129
0.12499949
0.12500114
0.12499911
0.12500664
0.12499805
0.12500258
0.12500034
0.12500129
0.12499949
0.12500114
0.12499911
0.12500664
0.12499805
0.12500258
0.12500034
0.12500129
0.12499949
0.12500114
0.12499911
0.12500664
0.12499805
0.12500258
0.12500034
0.12500129
0.12499949
0.12500114
0.12499911
0.13713774
0.12799829
0.1250779
0.1253744
0.12505969
0.12504398
0.12505414
0.12477853
0.13713773
0.12799821
0.12507795
0.12537438
0.12505971
0.12504396
0.12505416
0.1247785
0.13713762
0.1279982
0.12507794
0.12537438
0.1250597
0.12504397
0.12505415
0.12477851
0.13713755
0.12799817
0.12507794
0.12537438
0.12505971
0.12504396
0.12505416
0.1247785
0.13713748
0.12799816
0.12507794
0.12537438
0.1250597
0.12504397
0.12505416
0.12477851
0.13713746
0.12799814
0.12507794
0.12537438
0.12505971
0.12504396
0.12505416
0.1247785
0.13713744
0.12799815
0.12507794
0.12537438
0.1250597
0.12504397
0.12505416
0.1247785
0.13713738
0.12799813
0.12507794
0.12537438
0.12505971
0.12504396
0.12505416
0.1247785
0.125
0.125
0.125
0.125
0.125
0.125
0.125
0.125
0.125
0.125
0.125
0.125
0.125
0.125
0.125
0.125
0.125
0.125
0.125
0.125
0.125
0.125
0.125
0.125
0.125
0.125
0.125
0.125
0.125
0.125
0.125
0.125
0.125
0.125
0.125
0.125
0.125
0.125
0.125
0.125
0.125
0.125
0.125
0.125
0.125
0.125
0.125
0.125
0.125
0.125
0.125
0.125
0.125
0.125
0.125
0.125
0.125
0.125
0.125
0.125
0.125
0.125
0.125
0.125
0.125
0.125
0.125
0.125
0.125
0.125
0.125
0.125
0.125
0.125
0.125
0.125
0.125
0.125
0.125
0.125
0.125
0.125
0.125
0.125
0.125
0.125
0.125
0.125
0.125
0.125
0.125
0.125
0.125
0.125
0.125
0.125
0.125
0.125
0.125
0.125
0.125
0.125
0.125
0.125
0.125
0.125
0.125
0.125
0.125
0.125
0.125
0.125
0.125
0.125
0.125
0.125
0.125
0.125
0.125
0.125
0.125
0.125
0.125
0.125
0.125
0.125
0.125
0.125
0.12500012
0.12499997
0.12500003
0.12500001
0.12500001
0.125
0.12500001
0.125
0.12500012
0.12499997
0.12500003
0.12500001
0.12500001
0.125
0.12500001
0.125
0.12500012
0.12499997
0.12500003
0.12500001
0.12500001
0.125
0.12500001
0.125
0.12500012
0.12499997
0.12500003
0.12500001
0.12500001
0.125
0.12500001
0.125
0.12500012
0.12499997
0.12500003
0.12500001
0.12500001
0.125
0.12500001
0.125
0.12500012
0.12499997
0.12500003
0.12500001
0.12500001
0.125
0.12500001
0.125
0.12500012
0.12499997
0.12500003
0.12500001
0.12500001
0.125
0.12500001
0.125
0.12500012
0.12499997
0.12500003
0.12500001
0.12500001
0.125
0.12500001
0.125
0.99997678
1.0000067
0.99999949
1.0000016
0.99999974
1.0000008
0.9999993
0.99999923
0.99997678
1.0000067
0.99999949
1.0000016
0.99999974
1.0000008
0.9999993
0.99999923
0.99997678
1.0000067
0.99999949
1.0000016
0.99999974
1.0000008
0.9999993
0.99999923
0.99997678
1.0000067
0.99999949
1.0000016
0.99999974
1.0000008
0.9999993
0.99999923
0.99997678
1.0000067
0.99999949
1.0000016
0.99999974
1.0000008
0.9999993
0.99999923
0.99997678
1.0000067
0.99999949
1.0000016
0.99999974
1.0000008
0.9999993
0.99999923
0.99997678
1.0000067
0.99999949
1.0000016
0.99999974
1.0000008
0.9999993
0.99999923
0.99997678
1.0000067
0.99999949
1.0000016
0.99999974
1.0000008
0.9999993
0.99999923
0.99997678
1.0000067
0.99999949
1.0000016
0.99999974
1.0000008
0.9999993
0.99999923
0.99997678
1.0000067
0.99999949
1.0000016
0.99999974
1.0000008
0.9999993
0.99999923
0.99997678
1.0000067
0.99999949
1.0000016
0.99999974
1.0000008
0.9999993
0.99999923
0.99997678
1.0000067
0.99999949
1.0000016
0.99999974
1.0000008
0.9999993
0.99999923
0.99997678
1.0000067
0.99999949
1.0000016
0.99999974
1.0000008
0.9999993
0.99999923
0.99997677
1.0000067
0.99999949
1.0000016
0.99999974
1.0000008
0.9999993
0.99999923
0.99997678
1.0000067
0.99999949
1.0000016
0.99999974
1.0000008
0.9999993
0.99999923
0.99997677
1.0000067
0.99999948
1.0000016
0.99999973
1.0000008
0.9999993
0.99999924
1.0001206
0.99996768
1.0000253
0.99999814
1.0000117
0.9999937
1.0000099
0.99999369
1.0001206
0.99996768
1.0000253
0.99999814
1.0000117
0.9999937
1.0000099
0.99999369
1.0001206
0.99996768
1.0000253
0.99999814
1.0000117
0.9999937
1.0000099
0.99999369
1.0001206
0.99996768
1.0000253
0.99999814
1.0000117
0.9999937
1.0000099
0.99999369
1.0001206
0.99996768
1.0000253
0.99999814
1.0000117
0.9999937
1.0000099
0.99999369
1.0001206
0.99996768
1.0000253
0.99999814
1.0000117
0.9999937
1.0000099
0.99999369
1.0001206
0.99996768
1.0000253
0.99999814
1.0000117
0.9999937
1.0000099
0.99999368
1.0001207
0.99996768
1.0000253
0.99999813
1.0000117
0.9999937
1.0000099
0.9999937
0.99999998
1
1
1
1
1
1
1
0.99999998
1
1
1
1
1
1
1
0.99999998
1
1
1
1
1
1
1
0.99999998
1
1
1
1
1
1
1
0.99999998
1
1
1
1
1
1
1
0.99999998
1
1
1
1
1
1
1
0.99999998
1
1
1
1
1
1
1
0.99999998
1
1
1
1
1
1
1
0.999979
1.000006
0.99999968
1.0000014
0.99999983
1.0000007
0.99999942
0.99999887
0.99997551
1.000007
0.99999938
1.0000017
0.99999968
1.0000009
0.99999924
0.99999939
0.99997797
1.0000064
0.9999996
1.0000015
0.99999979
1.0000008
0.99999937
0.99999908
0.9999754
1.000007
0.99999937
1.0000017
0.99999967
1.0000009
0.99999922
0.9999994
0.99997865
1.0000064
0.99999967
1.0000015
0.99999983
1.0000008
0.99999942
0.999999
0.99997416
1.0000073
0.99999934
1.0000018
0.99999963
1.000001
0.99999916
0.99999959
0.99998399
1.0000062
1.0000003
1.0000014
1.0000001
1.0000007
0.99999977
0.99999856
0.99995663
1.0000128
0.99999736
1.0000033
0.9999986
1.0000021
0.9999981
1.0000021
0.99999161
0.99999609
1.000002
0.99999867
1.0000007
0.99999894
1
0.99999592
0.99997786
1.00001
0.99999798
1.0000026
0.99999914
1.0000012
0.99999932
0.9999984
0.99997606
1.0000052
1.0000008
1.000001
1.0000003
1.0000006
0.99999945
0.99999971
0.99998402
1.0000078
0.99999895
1.000002
0.99999957
1.0000007
0.99999989
0.99999699
0.99997591
1.0000053
1.0000016
1.0000014
1.0000007
1.0000008
0.99999964
1.0000005
1.0000191
1.000009
1.0000032
1.0000043
1.0000015
1.000001
1.0000013
0.99999574
0.99998438
1.0000301
1.0000192
1.0000101
1.0000072
1.0000042
0.99999975
1.0000068
0.99993251
1.0000874
1.000005
1.0000343
0.99999683
1.0000103
0.99999175
0.99998602
1.0000654
1.0000584
1.0000088
0.9999892
1.000005
0.99998852
1.0000018
0.99997005
0.99997455
0.99993243
1.0000318
1.0000024
1.0000108
0.99999486
1.0000153
0.999984
1.000355
1.0000231
1.0000239
0.9999951
1.0000138
0.9999931
1.000008
0.9999992
0.99999289
0.99997747
1.0000273
1.0000055
1.0000084
0.9999969
1.0000117
0.99998167
1.0003672
1.0000704
1.0000275
1.0000023
1.0000157
0.99999877
1.0000041
1.0000125
0.99984083
1.0000964
1.0000687
1.000049
1.0000181
1.000012
1.0000164
0.99995375
1.0020715
1.0007294
1.0003052
1.0000859
1.000115
1.0000051
1.0000493
0.9999416
0.99621237
1.0007197
1.0010298
1.0002059
1.0001714
0.9999807
1.000112
0.99970238
0.99999998
1
1
1
1
1
1
1
0.99999998
1
1
1
1
1
1
1
0.99999998
1
1
1
1
1
1
1
0.99999997
1
1
1
1
1
1
1
0.99999998
1
1
1
1
1
1
1
0.99999998
1
1
1
1
1
1
1
1
1
1
1
1
1
1
1
0.99999997
1
1
1
1
1
1
1
0.12491257
0.12510098
0.12499521
0.12502354
0.12499571
0.12501484
0.12498444
0.12500799
0.12491071
0.1251015
0.12499526
0.12502367
0.1249957
0.12501493
0.12498441
0.12500806
0.12490942
0.12510182
0.12499528
0.12502374
0.12499568
0.12501498
0.12498436
0.12500809
0.12490911
0.12510186
0.12499528
0.12502375
0.12499567
0.12501498
0.12498434
0.1250081
0.12490926
0.12510181
0.12499528
0.12502375
0.12499567
0.12501497
0.12498434
0.12500811
0.12490944
0.12510178
0.12499529
0.12502374
0.12499568
0.12501497
0.12498435
0.12500812
0.12490958
0.12510175
0.12499529
0.12502373
0.12499568
0.12501496
0.12498435
0.12500812
0.12490951
0.12510174
0.12499527
0.12502373
0.12499567
0.12501496
0.12498434
0.12500811
0.12490962
0.12510173
0.12499529
0.12502373
0.12499568
0.12501496
0.12498435
0.12500812
0.12490965
0.12510174
0.12499529
0.12502373
0.12499568
0.12501496
0.12498435
0.12500812
0.12490969
0.12510173
0.12499529
0.12502373
0.12499568
0.12501496
0.12498435
0.12500812
0.1249097
0.12510172
0.12499529
0.12502373
0.12499568
0.12501496
0.12498435
0.12500812
0.12490972
0.12510172
0.12499529
0.12502372
0.12499568
0.12501496
0.12498435
0.12500812
0.12490972
0.12510172
0.12499529
0.12502372
0.12499568
0.12501496
0.12498435
0.12500812
0.12490973
0.12510171
0.12499529
0.12502372
0.12499568
0.12501496
0.12498435
0.12500812
0.12490973
0.12510171
0.12499529
0.12502372
0.12499568
0.12501496
0.12498435
0.12500812
0.13714161
0.12799959
0.12507801
0.12537442
0.12505969
0.12504397
0.12505412
0.12477855
0.13714311
0.1279994
0.125078
0.12537442
0.12505973
0.12504397
0.12505416
0.1247786
0.13714053
0.12799896
0.125078
0.12537441
0.12505972
0.12504397
0.12505416
0.12477854
0.13713944
0.12799863
0.12507796
0.1253744
0.12505971
0.12504397
0.12505416
0.12477853
0.13713848
0.12799844
0.12507796
0.12537439
0.12505971
0.12504397
0.12505416
0.12477852
0.13713826
0.12799831
0.12507795
0.12537439
0.12505971
0.12504396
0.12505416
0.12477851
0.13713782
0.12799831
0.12507793
0.12537439
0.1250597
0.12504397
0.12505415
0.12477851
0.1371379
0.12799808
0.12507797
0.12537435
0.12505972
0.12504394
0.12505416
0.12477849
0.12499998
0.12500001
0.125
0.125
0.125
0.125
0.125
0.125
0.12499998
0.12500001
0.125
0.125
0.125
0.125
0.125
0.125
0.12499998
0.12500001
0.125
0.125
0.125
0.125
0.125
0.125
0.12499998
0.12500001
0.125
0.125
0.125
0.125
0.125
0.125
0.12499998
0.12500001
0.125
0.125
0.125
0.125
0.125
0.125
0.12499998
0.12500001
0.125
0.125
0.125
0.125
0.125
0.125
0.12499998
0.12500001
0.125
0.125
0.125
0.125
0.125
0.125
0.12499998
0.12500001
0.125
0.125
0.125
0.125
0.125
0.125
0.12499998
0.12500001
0.125
0.125
0.125
0.125
0.125
0.125
0.12499998
0.12500001
0.125
0.125
0.125
0.125
0.125
0.125
0.12499998
0.12500001
0.125
0.125
0.125
0.125
0.125
0.125
0.12499998
0.12500001
0.125
0.125
0.125
0.125
0.125
0.125
0.12499998
0.12500001
0.125
0.125
0.125
0.125
0.125
0.125
0.12499998
0.12500001
0.125
0.125
0.125
0.125
0.125
0.125
0.12499998
0.12500001
0.125
0.125
0.125
0.125
0.125
0.125
0.12499998
0.12500001
0.125
0.125
0.125
0.125
0.125
0.125
0.12500012
0.12499997
0.12500003
0.12500001
0.12500001
0.125
0.12500001
0.125
0.12500012
0.12499997
0.12500003
0.12500001
0.12500001
0.125
0.12500001
0.125
0.12500012
0.12499997
0.12500003
0.12500001
0.12500001
0.125
0.12500001
0.125
0.12500012
0.12499997
0.12500003
0.12500001
0.12500001
0.125
0.12500001
0.125
0.12500012
0.12499997
0.12500003
0.12500001
0.12500001
0.125
0.12500001
0.125
0.12500012
0.12499997
0.12500003
0.12500001
0.12500001
0.125
0.12500001
0.125
0.12500012
0.12499997
0.12500003
0.12500001
0.12500001
0.125
0.12500001
0.125
0.12500012
0.12499997
0.12500003
0.12500001
0.12500001
0.125
0.12500001
0.125
0.996436
1.0011362
0.99994989
1.0001923
0.99992796
1.0001531
0.9998379
0.99999265
0.996436
1.0011362
0.99994989
1.0001923
0.99992796
1.0001531
0.9998379
0.99999265
0.996436
1.0011362
0.99994989
1.0001923
0.99992796
1.0001531
0.9998379
0.99999265
0.996436
1.0011362
0.99994989
1.0001923
0.99992796
1.0001531
0.9998379
0.99999265
0.996436
1.0011362
0.99994989
1.0001923
0.99992796
1.0001531
0.9998379
0.99999265
0.996436
1.0011362
0.99994989
1.0001923
0.99992796
1.0001531
0.9998379
0.99999265
0.996436
1.0011362
0.9999499
1.0001923
0.99992797
1.0001531
0.9998379
0.99999266
0.996436
1.0011362
0.99994989
1.0001923
0.99992796
1.0001531
0.99983789
0.99999265
0.99643596
1.0011363
0.99994988
1.0001923
0.99992797
1.0001531
0.9998379
0.99999266
0.996436
1.0011362
0.9999499
1.0001923
0.99992796
1.0001531
0.9998379
0.99999265
0.996436
1.0011362
0.99994989
1.0001923
0.99992796
1.0001531
0.9998379
0.99999266
0.996436
1.0011362
0.9999499
1.0001923
0.99992797
1.0001531
0.9998379
0.99999265
0.99643599
1.0011362
0.99994989
1.0001923
0.99992796
1.0001531
0.99983789
0.99999266
0.99643603
1.0011362
0.9999499
1.0001923
0.99992797
1.0001531
0.9998379
0.99999264
0.99643612
1.0011364
0.99994992
1.0001923
0.99992797
1.0001531
0.9998379
0.99999268
0.99643537
1.0011356
0.99995027
1.0001922
0.99992799
1.0001531
0.99983792
0.99999259
0.99643652
1.0011363
0.99994902
1.0001924
0.99992784
1.0001531
0.99983783
0.99999268
0.99643569
1.0011362
0.99995018
1.0001922
0.99992801
1.0001531
0.99983792
0.99999263
0.99643617
1.0011363
0.99994976
1.0001924
0.99992794
1.0001531
0.99983789
0.99999268
0.99643595
1.0011361
0.99995
1.0001922
0.99992799
1.0001531
0.99983791
0.99999263
0.99643606
1.0011364
0.99994982
1.0001924
0.99992795
1.0001532
0.99983789
0.99999269
0.9964363
1.0011361
0.99995013
1.0001922
0.99992802
1.0001531
0.99983794
0.99999261
0.99643968
1.0011388
0.99995014
1.0001932
0.99992809
1.0001533
0.99983796
0.99999292
0.99643422
1.0011458
0.99995277
1.0001888
0.99992958
1.0001525
0.99983829
0.99999201
0.99641273
1.0011042
0.99994742
1.0001954
0.99992387
1.000154
0.99983672
0.99999274
0.99644738
1.0011478
0.99994669
1.0001909
0.99992935
1.0001526
0.99983817
0.99999256
0.99642988
1.0011306
0.99995336
1.0001933
0.99992741
1.0001535
0.99983788
0.99999267
0.99644077
1.0011411
0.99994689
1.0001915
0.99992832
1.0001529
0.99983787
0.9999928
0.99643283
1.0011318
0.99995374
1.0001935
0.99992783
1.0001534
0.9998381
0.99999238
0.99645014
1.0011504
0.99994719
1.000191
0.99992869
1.000153
0.99983801
0.99999333
0.99643874
1.0011362
0.99998534
1.0002101
0.99992949
1.0001566
0.9998398
0.9999953
0.9966457
1.0011614
0.99978224
1.000212
0.99994949
1.0001383
0.99984275
0.99998522
1.0000001
0.99999999
1
1
1
0.99999999
1
0.99999999
1.0000001
0.99999999
1
1
1
0.99999999
1
0.99999999
1.0000001
0.99999999
1
1
1
0.99999999
1
0.99999999
1.0000001
0.99999999
1
1
1
0.99999999
1
0.99999999
1.0000001
0.99999999
1
1
1
0.99999999
1
0.99999999
1.0000001
0.99999999
1
1
1
0.99999999
1
0.99999999
1.0000001
0.99999999
1
1
1
0.99999999
1
0.99999999
1.0000001
0.99999999
1
1
1
0.99999999
1
0.99999999
1.0000001
0.99999999
1
1
1
0.99999999
1
0.99999999
1.0000001
0.99999999
1
1
1
0.99999999
1
0.99999999
1.0000001
0.99999999
1
1
1
0.99999999
1
0.99999999
1.0000001
0.99999999
1
1
1
0.99999999
1
0.99999999
1.0000001
0.99999999
1
1
1
0.99999999
1
0.99999999
1.0000001
0.99999999
1
1
1
0.99999999
1
0.99999999
1.0000001
0.99999999
1
1
1
0.99999999
1
0.99999999
1.0000001
0.99999999
1
1
1
0.99999999
1
0.99999999
1.0000004
0.99999994
1.0000001
1.0000001
1
1
1
0.99999984
1.0000004
0.99999994
1.0000001
1.0000001
1
1
1
0.99999984
1.0000004
0.99999994
1.0000001
1.0000001
1
1
1
0.99999984
1.0000004
0.99999994
1.0000001
1.0000001
1
1
1
0.99999984
1.0000004
0.99999994
1.0000001
1.0000001
1
1
1
0.99999984
1.0000004
0.99999994
1.0000001
1.0000001
1
1
1
0.99999984
1.0000004
0.99999994
1.0000001
1.0000001
1
1
1
0.99999984
1.0000004
0.99999995
1.0000001
1.0000001
1
1
1
0.99999984
1.0000001
0.99999999
1
1
1
0.99999999
1
0.99999999
1.0000001
0.99999999
1
1
1
0.99999999
1
0.99999999
1.0000001
0.99999999
1
1
1
0.99999999
1
0.99999999
1.0000001
0.99999999
1
1
1
0.99999999
1
0.99999999
1.0000001
0.99999999
1
1
1
0.99999999
1
0.99999999
1.0000001
0.99999999
1
1
1
0.99999999
1
0.99999999
1.0000001
0.99999999
1
1
1
0.99999999
1
0.99999999
1.0000001
0.99999999
1
1
1
1
1
0.99999999
1.0000001
0.99999999
1
1
1
0.99999999
1
0.99999999
1.0000001
0.99999999
1
1
1
0.99999999
1
0.99999999
1.0000001
0.99999999
1
1
1
0.99999999
1
0.99999999
1.0000001
0.99999999
1
1
1
0.99999999
1
0.99999999
1.0000001
0.99999999
1
1
1
0.99999999
1
0.99999999
1.0000001
0.99999999
1
1
1
1
1
0.99999999
1.0000001
0.99999999
1
1
1
0.99999999
1
0.99999999
1
0.99999999
1
1
1
1
1
1
1.0000005
0.99999993
1.0000001
1.0000001
1
1
1
0.99999983
1.0000004
0.99999995
1.0000001
1.0000001
1
1
1
0.99999984
1.0000005
0.99999994
1.0000001
1.0000001
1
1
1
0.99999984
1.0000004
0.99999995
1.0000001
1.0000001
1
1
1
0.99999984
1.0000005
0.99999994
1.0000001
1.0000001
1
1
1
0.99999984
1.0000004
0.99999995
1.0000001
1.0000001
1
1
1
0.99999984
1.0000005
0.99999993
1.0000001
1.0000001
1
1
1
0.99999983
1.0000002
1
1.0000001
1.0000001
1
1
0.99999999
0.99999987
0.99997679
1.0000067
0.99999949
1.0000016
0.99999974
1.0000008
0.9999993
0.99999923
0.99997677
1.0000067
0.99999948
1.0000016
0.99999973
1.0000008
0.9999993
0.99999923
0.99997678
1.0000067
0.99999949
1.0000016
0.99999974
1.0000008
0.9999993
0.99999923
0.99997677
1.0000067
0.99999948
1.0000016
0.99999973
1.0000008
0.9999993
0.99999924
0.99997679
1.0000067
0.99999949
1.0000016
0.99999974
1.0000008
0.9999993
0.99999923
0.99997676
1.0000067
0.99999948
1.0000016
0.99999973
1.0000008
0.9999993
0.99999924
0.99997682
1.0000067
0.99999949
1.0000016
0.99999974
1.0000008
0.9999993
0.99999923
0.99997663
1.0000067
0.99999946
1.0000016
0.99999972
1.0000008
0.99999929
0.99999926
0.99997693
1.0000066
0.99999951
1.0000016
0.99999975
1.0000008
0.99999931
0.99999919
0.99997668
1.0000067
0.99999947
1.0000016
0.99999973
1.0000008
0.99999929
0.99999925
0.99997687
1.0000067
0.9999995
1.0000016
0.99999974
1.0000008
0.99999931
0.99999922
0.99997667
1.0000067
0.99999947
1.0000016
0.99999973
1.0000008
0.99999929
0.99999925
0.99997693
1.0000066
0.99999951
1.0000016
0.99999975
1.0000008
0.99999931
0.99999921
0.99997656
1.0000067
0.99999946
1.0000016
0.99999972
1.0000008
0.99999928
0.99999927
0.99997729
1.0000066
0.99999956
1.0000015
0.99999978
1.0000008
0.99999934
0.99999917
0.9999749
1.000007
0.99999925
1.0000017
0.99999961
1.0000009
0.99999916
0.99999948
1.000121
0.99996726
1.0000254
0.999998
1.0000117
0.9999936
1.00001
0.99999343
1.0001203
0.99996783
1.0000253
0.99999819
1.0000117
0.99999374
1.0000099
0.9999938
1.000121
0.99996761
1.0000254
0.9999981
1.0000117
0.99999367
1.00001
0.9999936
1.0001202
0.99996775
1.0000253
0.99999818
1.0000117
0.99999373
1.0000099
0.99999379
1.0001213
0.99996764
1.0000254
0.9999981
1.0000117
0.99999367
1.00001
0.99999356
1.0001198
0.99996792
1.0000253
0.99999823
1.0000116
0.99999377
1.0000099
0.99999391
1.0001248
0.99996781
1.0000257
0.99999804
1.0000119
0.99999362
1.0000101
0.99999338
1.0001194
0.99996939
1.0000243
0.9999988
1.0000113
0.99999427
1.0000093
0.99999573
0.99999998
1
1
1
1
1
1
1
0.99999998
1
1
1
1
1
1
1
0.99999998
1
1
1
1
1
1
1
0.99999998
1
1
1
1
1
1
1
0.99999998
1
1
1
1
1
1
1
0.99999998
1
1
1
1
1
1
1
0.99999998
1
1
1
1
1
1
1
0.99999998
1
1
1
1
1
1
1
0.99618882
1.0012713
1.0001194
1.0000331
0.99989634
1.0001626
0.99982355
0.99998783
0.99632848
1.0009002
0.99987034
1.0002779
0.99992039
1.0001514
0.99983786
0.99999504
0.99657718
1.0013411
1.0000027
1.0001388
0.99994178
1.0001541
0.99983998
0.99999073
0.99630469
1.0009561
0.99990752
1.0002409
0.99991336
1.0001538
0.99983596
0.99999557
0.99661537
1.0013699
1.0000125
1.0001446
0.99994748
1.000154
0.99984178
0.99998901
0.99647873
1.0009416
0.9999105
1.0002859
0.99991552
1.0001568
0.99984293
1.0000029
0.99859235
1.0034479
1.0011023
1.0001725
1.0000663
1.0002128
0.99989467
1.0000595
0.98926173
0.99687742
1.0026268
1.0025361
0.9990377
1.0003457
0.99973399
1.000236
0.994624
0.99280339
0.98843949
0.99851347
1.0019882
0.99923273
0.99978885
0.99891845
1.0018456
1.0091103
1.0057156
0.9989368
0.99852911
1.000703
0.99983577
1.0002559
0.99066455
0.99432306
0.99606614
1.0017228
1.0010595
0.99972796
0.99993784
0.99957032
1.002909
1.007757
1.0042589
0.99884307
0.99886543
1.0005324
0.99989185
0.99996115
1.0129972
1.0008258
0.99506891
1.0012154
1.0016462
0.99960728
1.000133
0.99945803
1.3470181
1.2399897
1.1056938
1.0174119
0.99780012
1.0009912
0.99978483
1.0004912
1.8581475
1.7619371
1.543173
1.2541755
1.0526996
1.0011392
1.0008108
0.99723055
1.9294023
1.91768
1.8483485
1.6024595
1.2248083
1.0310483
1.004269
0.99535826
0.226581
0.22891908
0.2312458
0.23224073
0.18715514
0.13761739
0.12553562
0.12612215
0.23631595
0.23687455
0.2347752
0.2290053
0.19839713
0.14648275
0.12663701
0.1263686
0.23819771
0.23721352
0.232913
0.22798736
0.21356503
0.15835282
0.12913929
0.12687113
0.23516321
0.23408575
0.23325587
0.23145326
0.22363
0.17339838
0.13370202
0.12753225
0.23722846
0.23598217
0.23464026
0.2332441
0.23047008
0.18750346
0.13999532
0.12907456
0.23689578
0.2359608
0.23649962
0.23610135
0.23369589
0.19891483
0.14641577
0.13117626
0.23862081
0.23784943
0.23764985
0.23653989
0.23613446
0.20648904
0.15153857
0.13312704
0.23761178
0.23650175
0.23795566
0.23804066
0.23619111
0.21032584
0.15434674
0.13451612
0.23863538
0.23828511
0.23893446
0.23862715
0.23724663
0.21209698
0.1559827
0.1348835
0.23983052
0.23925314
0.23993822
0.2395769
0.23825364
0.21536015
0.15871186
0.13629889
0.24063211
0.24037793
0.24095664
0.24059439
0.23969904
0.2202033
0.16305757
0.13831844
0.24173625
0.24157133
0.24230887
0.24221617
0.24129174
0.22511051
0.1677654
0.14071123
0.24283662
0.24287889
0.24371005
0.24369099
0.24286379
0.22927353
0.17185103
0.14283519
0.24396525
0.24411795
0.24498972
0.2450962
0.24437103
0.23234023
0.174691
0.14434766
0.24486306
0.24509893
0.24606041
0.24630129
0.24560229
0.23427392
0.17631019
0.14516454
0.2453287
0.24562228
0.24671214
0.24700673
0.24636835
0.23525025
0.17699831
0.14555051
1.0000001
0.99999998
1
1
1
0.99999999
1
0.99999999
1
0.99999999
1
1
1
1
1
0.99999999
1.0000001
0.99999999
1
1
1
0.99999999
1
0.99999999
1.0000001
0.99999999
1
1
1
1
1
0.99999999
1.0000001
0.99999998
1
1
1
0.99999999
1
0.99999999
1
0.99999999
1
1
1
1
1
1
1.0000001
0.99999998
1
1
1
0.99999999
1
0.99999999
0.99999995
1
1
1
1
1
1
1
1.0000001
0.99999996
1
0.99999999
1
0.99999999
1
0.99999999
1
0.99999999
1
1
1
1
1
0.99999999
1.0000001
0.99999999
1
1
1
1
1
0.99999999
1
0.99999999
1
1
1
1
1
1
1.0000001
0.99999999
1
1
1
1
1
1
1
1
1.0000001
1
1
1
1
1
0.99999999
1.0000002
1.0000001
1.0000001
1.0000001
1
1
1
0.99999923
1.0000005
1.0000003
1.0000002
1.0000001
1.0000001
0.99999998
0.99999995
1.0000009
0.99999961
1.0000003
0.99999992
1.0000001
0.99999991
1
0.99999962
1.0000006
1.0000001
1.0000001
1.0000001
1
1
1
0.99999986
1.0000004
0.99999995
1.0000002
1
1.0000001
1
1
0.99999986
1.0000012
1
1.0000001
1.0000001
1
1
1
0.99999988
0.9999999
1.0000002
1.0000002
1.0000001
1.0000001
1.0000001
0.99999997
0.99999994
1.000001
1.0000007
1.0000003
1.0000004
1.0000002
1.0000001
1.0000001
0.99999987
0.99999447
1.0000028
1.0000015
1.0000011
1.0000006
1.0000005
0.99999997
1.0000001
0.99999988
1.0000024
1.0000027
1.0000023
1.0000007
1.0000005
0.99999991
0.99999938
0.12500007
0.12499999
0.12500008
0.12500002
0.12500003
0.12499999
0.12500002
0.12499998
0.12500011
0.12499998
0.12500009
0.12500003
0.12500003
0.125
0.12500001
0.12500002
0.12500026
0.12499994
0.12500011
0.12500004
0.12500004
0.125
0.12500001
0.12500002
0.12500066
0.12499997
0.1250001
0.12500006
0.12500004
0.12500002
0.12499999
0.12500002
0.12500088
0.12500009
0.12500007
0.12500009
0.12500003
0.12500004
0.12499996
0.12500004
0.12500052
0.12500028
0.12500003
0.12500013
0.12500001
0.12500007
0.12499993
0.12500007
0.12499997
0.12500043
0.12499999
0.12500016
0.12499999
0.12500009
0.1249999
0.12500009
0.1249996
0.12500051
0.12499997
0.12500018
0.12499999
0.1250001
0.12499988
0.1250001
0.12499943
0.12500055
0.12499997
0.12500019
0.12499998
0.12500011
0.12499988
0.1250001
0.12499914
0.12500062
0.12499995
0.1250002
0.12499998
0.12500012
0.12499987
0.1250001
0.1249987
0.12500071
0.12499994
0.12500021
0.12499997
0.12500013
0.12499986
0.12500008
0.12499831
0.12500078
0.12499993
0.12500023
0.12499996
0.12500013
0.12499986
0.12500006
0.12499806
0.12500082
0.12499992
0.12500024
0.12499996
0.12500014
0.12499986
0.12500004
0.12499794
0.12500085
0.12499992
0.12500024
0.12499996
0.12500014
0.12499986
0.12500003
0.12499789
0.12500086
0.12499992
0.12500024
0.12499996
0.12500014
0.12499986
0.12500003
0.12499788
0.12500086
0.12499992
0.12500024
0.12499996
0.12500014
0.12499986
0.12500003
0.12499941
0.12499916
0.12500191
0.12500037
0.125001
0.12499961
0.12500107
0.12499811
0.12500072
0.1249989
0.12500206
0.12500034
0.12500107
0.12499957
0.12500112
0.12499826
0.12500245
0.12499862
0.12500221
0.12500033
0.12500114
0.12499955
0.12500112
0.12499857
0.12500418
0.12499835
0.12500234
0.12500032
0.1250012
0.12499953
0.12500112
0.12499885
0.12500546
0.1249982
0.12500243
0.12500033
0.12500124
0.12499952
0.12500111
0.12499904
0.1250062
0.12499811
0.1250025
0.12500033
0.12500127
0.12499951
0.12500112
0.12499911
0.12500648
0.12499807
0.12500254
0.12500034
0.12500128
0.1249995
0.12500112
0.12499913
0.12500662
0.12499804
0.12500256
0.12500033
0.12500129
0.12499949
0.12500113
0.12499913
0.12496784
0.12500742
0.12500685
0.12500321
0.12500218
0.12500028
0.12500127
0.12499525
0.12498261
0.12499564
0.12501167
0.12500191
0.12500453
0.12499853
0.1250043
0.12499233
0.12503546
0.12498598
0.12501545
0.12500131
0.12500638
0.12499738
0.12500575
0.12499449
0.12509218
0.12498698
0.12501539
0.12500293
0.12500653
0.12499849
0.12500332
0.12500245
0.12512083
0.12500211
0.12501171
0.1250064
0.12500499
0.12500129
0.12499942
0.12500619
0.12512243
0.12502082
0.12500841
0.1250095
0.1250035
0.12500392
0.12499622
0.12500729
0.12510299
0.12503714
0.12500471
0.1250124
0.12500177
0.12500629
0.12499349
0.12500798
0.12508774
0.12504543
0.12500337
0.12501357
0.12500103
0.12500731
0.12499216
0.12500792
0.12507805
0.12505014
0.12500255
0.12501444
0.12500058
0.12500804
0.12499151
0.12500836
0.12505905
0.12505874
0.12500142
0.12501581
0.12499985
0.12500914
0.12499037
0.1250084
0.12502442
0.12507188
0.12499931
0.12501802
0.1249986
0.12501087
0.12498858
0.12500857
0.12498281
0.12508379
0.12499745
0.12502011
0.12499743
0.12501248
0.12498692
0.1250084
0.12494773
0.12509294
0.12499608
0.12502186
0.12499651
0.12501374
0.12498566
0.12500822
0.12492709
0.12509784
0.12499552
0.12502286
0.12499605
0.12501442
0.12498497
0.12500806
0.12491714
0.1251001
0.12499529
0.12502334
0.12499582
0.12501473
0.12498462
0.12500805
0.12491353
0.12510084
0.12499517
0.12502354
0.12499571
0.12501484
0.12498448
0.12500801
0.13039363
0.12642976
0.12499856
0.12533396
0.12501099
0.12507162
0.12500464
0.1247649
0.13107821
0.12658986
0.12501022
0.12533441
0.12502145
0.12506271
0.12502031
0.12474935
0.13229976
0.12687189
0.12502969
0.1253405
0.12503576
0.12505343
0.1250388
0.12473996
0.13375068
0.12720229
0.12504656
0.12534662
0.1250483
0.12504527
0.12505176
0.1247433
0.1350829
0.12751794
0.12505947
0.12535564
0.12505551
0.12504219
0.12505688
0.12475466
0.1360221
0.12774272
0.12506785
0.12536322
0.12505889
0.12504204
0.12505727
0.12476551
0.13655268
0.12786542
0.12507139
0.12536852
0.12505959
0.12504255
0.12505652
0.12477153
0.13674775
0.1279185
0.12507262
0.12537129
0.12505923
0.12504356
0.12505515
0.12477482
0.125
0.125
0.125
0.125
0.125
0.125
0.125
0.125
0.125
0.125
0.125
0.125
0.125
0.125
0.125
0.125
0.125
0.125
0.125
0.125
0.125
0.125
0.125
0.125
0.125
0.125
0.125
0.125
0.125
0.125
0.125
0.125
0.125
0.125
0.125
0.125
0.125
0.125
0.125
0.125
0.125
0.125
0.125
0.125
0.125
0.125
0.125
0.125
0.125
0.125
0.125
0.125
0.125
0.125
0.125
0.125
0.125
0.125
0.125
0.125
0.125
0.125
0.125
0.125
0.125
0.125
0.125
0.125
0.125
0.125
0.125
0.125
0.12500001
0.125
0.125
0.125
0.125
0.125
0.125
0.125
0.12500001
0.125
0.125
0.125
0.125
0.125
0.125
0.125
0.125
0.125
0.125
0.125
0.125
0.125
0.125
0.125
0.12499998
0.12500001
0.125
0.125
0.125
0.125
0.125
0.125
0.12499998
0.12500001
0.125
0.125
0.125
0.125
0.125
0.125
0.12499998
0.12500001
0.125
0.125
0.125
0.125
0.125
0.125
0.12499998
0.12500001
0.125
0.125
0.125
0.125
0.125
0.125
0.12499998
0.12500001
0.125
0.125
0.125
0.125
0.125
0.125
0.12499998
0.12500001
0.125
0.125
0.125
0.125
0.125
0.125
0.12499998
0.12500001
0.125
0.125
0.125
0.125
0.125
0.125
0.12499998
0.12500001
0.125
0.125
0.125
0.125
0.125
0.125
0.12499998
0.12500001
0.125
0.125
0.125
0.125
0.125
0.125
0.12499998
0.12500001
0.125
0.125
0.125
0.125
0.125
0.125
0.12499998
0.12500001
0.125
0.125
0.125
0.125
0.125
0.125
0.12499998
0.12500001
0.125
0.125
0.125
0.125
0.125
0.125
0.12500004
0.12499997
0.12500003
0.12500001
0.12500001
0.125
0.12500001
0.125
0.12500005
0.12499997
0.12500003
0.12500001
0.12500001
0.125
0.12500001
0.125
0.12500007
0.12499997
0.12500003
0.12500001
0.12500001
0.125
0.12500001
0.125
0.12500009
0.12499997
0.12500003
0.12500001
0.12500001
0.125
0.12500001
0.125
0.1250001
0.12499997
0.12500003
0.12500001
0.12500001
0.125
0.12500001
0.125
0.12500011
0.12499997
0.12500003
0.12500001
0.12500001
0.125
0.12500001
0.125
0.12500011
0.12499997
0.12500003
0.12500001
0.12500001
0.125
0.12500001
0.125
0.12500012
0.12499997
0.12500003
0.12500001
0.12500001
0.125
0.12500001
0.125
0.24580294
0.24609256
0.24700511
0.24741016
0.24674522
0.2356211
0.17727297
0.14566855
0.2463084
0.24673899
0.24780185
0.24812719
0.24745277
0.23633979
0.17774303
0.1458889
0.24737962
0.24784487
0.24895033
0.24930574
0.24842168
0.23712735
0.17817812
0.14609787
0.24866117
0.24914829
0.25015352
0.25027898
0.24913078
0.23756464
0.17838261
0.146179
0.24954989
0.24991834
0.25073751
0.25068951
0.24934955
0.23765497
0.17840673
0.1461834
0.24974853
0.25007733
0.2508536
0.25073282
0.24936782
0.23764953
0.17839155
0.14617103
0.24977624
0.25010014
0.25084989
0.25074037
0.2493731
0.23763291
0.17837556
0.14616575
0.2497814
0.25007901
0.25085782
0.25072922
0.24934565
0.2376292
0.17836895
0.14615451
0.24976569
0.25009908
0.25084763
0.2507275
0.24935803
0.23761916
0.17836648
0.14616078
0.24977797
0.25009128
0.25085052
0.25072837
0.24935482
0.23761916
0.17836191
0.14615628
0.24976438
0.25008606
0.25084046
0.25071887
0.24934844
0.23760962
0.17835625
0.14615329
0.24975686
0.25007309
0.25083187
0.25071158
0.24934041
0.23760434
0.17835176
0.146151
0.24974658
0.25006755
0.25082496
0.25070478
0.2493373
0.23760063
0.17834949
0.14614993
0.24974438
0.25006177
0.25082079
0.25070349
0.2493353
0.23759953
0.17834816
0.14614919
0.24973954
0.25006144
0.25082135
0.25070147
0.24933482
0.2375986
0.17834756
0.14614897
0.24974201
0.25005823
0.25081675
0.25070195
0.24933387
0.23759792
0.17834711
0.14614858
0.24973946
0.25006003
0.25081961
0.25070043
0.24933446
0.2375984
0.17834706
0.14614857
0.24974046
0.25005998
0.25081929
0.25070163
0.24933419
0.23759799
0.17834694
0.1461486
0.24973958
0.25005951
0.25081914
0.25070102
0.24933422
0.23759777
0.17834665
0.1461484
0.24973965
0.25005932
0.25081871
0.25070104
0.24933387
0.23759741
0.17834641
0.14614829
0.24973917
0.25005892
0.25081859
0.25070059
0.24933368
0.23759723
0.17834623
0.14614819
0.24973903
0.25005885
0.25081822
0.2507005
0.24933356
0.23759707
0.17834613
0.14614815
0.24973887
0.25005846
0.25081827
0.2507004
0.24933345
0.23759704
0.17834608
0.1461481
0.24973865
0.25005867
0.25081786
0.25070024
0.24933345
0.23759695
0.17834602
0.14614814
0.24973858
0.25005817
0.2508181
0.25070028
0.24933335
0.23759699
0.17834603
0.14614804
0.24973885
0.25005869
0.25081812
0.25070031
0.24933344
0.23759698
0.17834604
0.1461481
0.24973872
0.25005842
0.25081808
0.25070031
0.24933342
0.23759697
0.17834601
0.14614807
0.2497387
0.25005851
0.25081806
0.25070029
0.24933342
0.23759694
0.17834599
0.14614806
0.24973868
0.25005842
0.25081804
0.25070029
0.2493334
0.23759692
0.17834597
0.14614805
0.24973865
0.25005845
0.25081803
0.25070025
0.24933338
0.23759691
0.17834596
0.14614805
0.24973867
0.25005842
0.25081799
0.25070025
0.24933337
0.2375969
0.17834596
0.14614805
0.24973863
0.25005841
0.25081802
0.25070023
0.24933336
0.2375969
0.17834596
0.14614805
0.12499787
0.12500086
0.12499992
0.12500025
0.12499996
0.12500014
0.12499986
0.12500003
0.12499787
0.12500086
0.12499992
0.12500025
0.12499996
0.12500014
0.12499986
0.12500003
0.12499787
0.12500087
0.12499992
0.12500025
0.12499996
0.12500014
0.12499986
0.12500003
0.12499787
0.12500087
0.12499992
0.12500025
0.12499996
0.12500014
0.12499986
0.12500003
0.12499787
0.12500087
0.12499992
0.12500025
0.12499996
0.12500014
0.12499986
0.12500003
0.12499787
0.12500087
0.12499992
0.12500025
0.12499996
0.12500014
0.12499986
0.12500003
0.12499787
0.12500087
0.12499992
0.12500025
0.12499996
0.12500014
0.12499986
0.12500003
0.12499788
0.12500087
0.12499992
0.12500025
0.12499996
0.12500014
0.12499986
0.12500003
0.12499787
0.12500087
0.12499992
0.12500025
0.12499996
0.12500014
0.12499986
0.12500003
0.12499788
0.12500087
0.12499992
0.12500025
0.12499996
0.12500014
0.12499986
0.12500003
0.12499787
0.12500087
0.12499992
0.12500025
0.12499996
0.12500014
0.12499986
0.12500003
0.12499788
0.12500087
0.12499992
0.12500025
0.12499996
0.12500014
0.12499986
0.12500003
0.12499787
0.12500087
0.12499992
0.12500025
0.12499996
0.12500014
0.12499986
0.12500003
0.12499788
0.12500087
0.12499992
0.12500025
0.12499996
0.12500014
0.12499986
0.12500003
0.12499788
0.12500087
0.12499992
0.12500025
0.12499996
0.12500014
0.12499986
0.12500003
0.12499788
0.12500087
0.12499992
0.12500025
0.12499996
0.12500014
0.12499986
0.12500003
0.12500664
0.12499806
0.12500258
0.12500034
0.12500129
0.12499949
0.12500114
0.12499911
0.12500665
0.12499805
0.12500258
0.12500034
0.12500129
0.12499949
0.12500114
0.12499911
0.12500665
0.12499805
0.12500258
0.12500034
0.12500129
0.12499949
0.12500114
0.12499911
0.12500665
0.12499805
0.12500258
0.12500034
0.12500129
0.12499949
0.12500114
0.12499911
0.12500664
0.12499805
0.12500258
0.12500034
0.12500129
0.12499949
0.12500114
0.12499911
0.12500665
0.12499805
0.12500258
0.12500034
0.12500129
0.12499949
0.12500114
0.12499911
0.12500664
0.12499805
0.12500258
0.12500034
0.12500129
0.12499949
0.12500114
0.12499911
0.12500665
0.12499805
0.12500258
0.12500034
0.12500129
0.12499949
0.12500114
0.12499911
0.12499787
0.12500087
0.12499992
0.12500025
0.12499996
0.12500014
0.12499986
0.12500003
0.12499788
0.12500087
0.12499992
0.12500025
0.12499996
0.12500014
0.12499986
0.12500003
0.12499788
0.12500087
0.12499992
0.12500025
0.12499996
0.12500014
0.12499986
0.12500003
0.12499788
0.12500087
0.12499992
0.12500025
0.12499996
0.12500014
0.12499986
0.12500003
0.12499788
0.12500087
0.12499992
0.12500025
0.12499996
0.12500014
0.12499986
0.12500003
0.12499788
0.12500087
0.12499992
0.12500025
0.12499996
0.12500014
0.12499986
0.12500003
0.12499788
0.12500087
0.12499992
0.12500025
0.12499996
0.12500014
0.12499986
0.12500003
0.12499788
0.12500087
0.12499992
0.12500025
0.12499996
0.12500014
0.12499986
0.12500003
0.12499788
0.12500087
0.12499992
0.12500025
0.12499996
0.12500014
0.12499986
0.12500003
0.12499788
0.12500087
0.12499992
0.12500025
0.12499996
0.12500014
0.12499986
0.12500003
0.12499788
0.12500087
0.12499992
0.12500025
0.12499996
0.12500014
0.12499986
0.12500003
0.12499788
0.12500087
0.12499992
0.12500025
0.12499996
0.12500014
0.12499986
0.12500003
0.12499788
0.12500087
0.12499992
0.12500025
0.12499996
0.12500014
0.12499986
0.12500003
0.12499788
0.12500087
0.12499992
0.12500025
0.12499996
0.12500014
0.12499986
0.12500003
0.12499788
0.12500087
0.12499992
0.12500025
0.12499996
0.12500014
0.12499986
0.12500003
0.12499788
0.12500087
0.12499992
0.12500025
0.12499996
0.12500014
0.12499986
0.12500003
0.12500664
0.12499805
0.12500258
0.12500034
0.12500129
0.12499949
0.12500114
0.12499911
0.12500664
0.12499805
0.12500258
0.12500034
0.12500129
0.12499949
0.12500114
0.12499911
0.12500664
0.12499805
0.12500258
0.12500034
0.12500129
0.12499949
0.12500114
0.12499911
0.12500664
0.12499805
0.12500258
0.12500034
0.12500129
0.12499949
0.12500114
0.12499911
0.12500664
0.12499805
0.12500258
0.12500034
0.12500129
0.12499949
0.12500114
0.12499911
0.12500664
0.12499805
0.12500258
0.12500034
0.12500129
0.12499949
0.12500114
0.12499911
0.12500664
0.12499805
0.12500258
0.12500034
0.12500129
0.12499949
0.12500114
0.12499911
0.12500664
0.12499805
0.12500258
0.12500034
0.12500129
0.12499949
0.12500114
0.12499911
0.12490972
0.12510171
0.12499529
0.12502372
0.12499568
0.12501496
0.12498435
0.12500812
0.12490974
0.12510171
0.12499529
0.12502372
0.12499568
0.12501496
0.12498435
0.12500812
0.12490973
0.12510171
0.12499529
0.12502372
0.12499568
0.12501496
0.12498435
0.12500812
0.12490974
0.12510171
0.12499529
0.12502372
0.12499568
0.12501496
0.12498435
0.12500812
0.12490974
0.12510171
0.12499529
0.12502372
0.12499568
0.12501496
0.12498435
0.12500812
0.12490974
0.12510171
0.12499529
0.12502372
0.12499568
0.12501496
0.12498435
0.12500812
0.12490974
0.12510171
0.12499529
0.12502372
0.12499568
0.12501496
0.12498435
0.12500812
0.12490974
0.12510171
0.12499529
0.12502372
0.12499568
0.12501496
0.12498435
0.12500812
0.12490974
0.12510171
0.12499529
0.12502372
0.12499568
0.12501496
0.12498435
0.12500812
0.12490974
0.12510171
0.12499529
0.12502372
0.12499568
0.12501496
0.12498435
0.12500812
0.12490974
0.12510171
0.12499529
0.12502372
0.12499568
0.12501496
0.12498435
0.12500812
0.12490974
0.12510171
0.12499529
0.12502372
0.12499568
0.12501496
0.12498435
0.12500812
0.12490974
0.12510171
0.12499529
0.12502372
0.12499568
0.12501496
0.12498435
0.12500812
0.12490974
0.12510171
0.12499529
0.12502372
0.12499568
0.12501496
0.12498435
0.12500812
0.12490974
0.12510171
0.12499529
0.12502372
0.12499568
0.12501496
0.12498435
0.12500812
0.12490974
0.12510171
0.12499529
0.12502372
0.12499568
0.12501496
0.12498435
0.12500812
0.13713745
0.12799813
0.12507794
0.12537438
0.1250597
0.12504396
0.12505416
0.1247785
0.13713742
0.12799814
0.12507794
0.12537438
0.1250597
0.12504396
0.12505416
0.1247785
0.13713741
0.12799814
0.12507794
0.12537438
0.1250597
0.12504396
0.12505416
0.1247785
0.1371374
0.12799813
0.12507794
0.12537438
0.1250597
0.12504396
0.12505416
0.1247785
0.1371374
0.12799813
0.12507794
0.12537438
0.1250597
0.12504396
0.12505416
0.1247785
0.1371374
0.12799813
0.12507794
0.12537438
0.1250597
0.12504396
0.12505416
0.1247785
0.1371374
0.12799813
0.12507794
0.12537438
0.1250597
0.12504396
0.12505416
0.1247785
0.1371374
0.12799813
0.12507794
0.12537438
0.1250597
0.12504396
0.12505416
0.1247785
0.125
0.125
0.125
0.125
0.125
0.125
0.125
0.125
0.125
0.125
0.125
0.125
0.125
0.125
0.125
0.125
0.125
0.125
0.125
0.125
0.125
0.125
0.125
0.125
0.125
0.125
0.125
0.125
0.125
0.125
0.125
0.125
0.125
0.125
0.125
0.125
0.125
0.125
0.125
0.125
0.125
0.125
0.125
0.125
0.125
0.125
0.125
0.125
0.125
0.125
0.125
0.125
0.125
0.125
0.125
0.125
0.125
0.125
0.125
0.125
0.125
0.125
0.125
0.125
0.125
0.125
0.125
0.125
0.125
0.125
0.125
0.125
0.125
0.125
0.125
0.125
0.125
0.125
0.125
0.125
0.125
0.125
0.125
0.125
0.125
0.125
0.125
0.125
0.125
0.125
0.125
0.125
0.125
0.125
0.125
0.125
0.125
0.125
0.125
0.125
0.125
0.125
0.125
0.125
0.125
0.125
0.125
0.125
0.125
0.125
0.125
0.125
0.125
0.125
0.125
0.125
0.125
0.125
0.125
0.125
0.125
0.125
0.125
0.125
0.125
0.125
0.125
0.125
0.12499998
0.12500001
0.125
0.125
0.125
0.125
0.125
0.125
0.12499998
0.12500001
0.125
0.125
0.125
0.125
0.125
0.125
0.12499998
0.12500001
0.125
0.125
0.125
0.125
0.125
0.125
0.12499998
0.12500001
0.125
0.125
0.125
0.125
0.125
0.125
0.12499998
0.12500001
0.125
0.125
0.125
0.125
0.125
0.125
0.12499998
0.12500001
0.125
0.125
0.125
0.125
0.125
0.125
0.12499998
0.12500001
0.125
0.125
0.125
0.125
0.125
0.125
0.12499998
0.12500001
0.125
0.125
0.125
0.125
0.125
0.125
0.12499998
0.12500001
0.125
0.125
0.125
0.125
0.125
0.125
0.12499998
0.12500001
0.125
0.125
0.125
0.125
0.125
0.125
0.12499998
0.12500001
0.125
0.125
0.125
0.125
0.125
0.125
0.12499998
0.12500001
0.125
0.125
0.125
0.125
0.125
0.125
0.12499998
0.12500001
0.125
0.125
0.125
0.125
0.125
0.125
0.12499998
0.12500001
0.125
0.125
0.125
0.125
0.125
0.125
0.12499998
0.12500001
0.125
0.125
0.125
0.125
0.125
0.125
0.12499998
0.12500001
0.125
0.125
0.125
0.125
0.125
0.125
0.12500012
0.12499997
0.12500003
0.12500001
0.12500001
0.125
0.12500001
0.125
0.12500012
0.12499997
0.12500003
0.12500001
0.12500001
0.125
0.12500001
0.125
0.12500012
0.12499997
0.12500003
0.12500001
0.12500001
0.125
0.12500001
0.125
0.12500012
0.12499997
0.12500003
0.12500001
0.12500001
0.125
0.12500001
0.125
0.12500012
0.12499997
0.12500003
0.12500001
0.12500001
0.125
0.12500001
0.125
0.12500012
0.12499997
0.12500003
0.12500001
0.12500001
0.125
0.12500001
0.125
0.12500012
0.12499997
0.12500003
0.12500001
0.12500001
0.125
0.12500001
0.125
0.12500012
0.12499997
0.12500003
0.12500001
0.12500001
0.125
0.12500001
0.125
