FiniteElementSpace
FiniteElementCollection: L2_2D_P7
VDim: 1
Ordering: 0

0.35715935
0.35701798
0.35665903
0.35581225
0.35390693
0.35191001
0.35074518
0.35080308
0.35713617
0.35699146
0.35662796
0.35578889
0.35389986
0.35190278
0.35073817
0.35079982
0.35704943
0.35688803
0.35648557
0.35567912
0.35386315
0.35186979
0.35070798
0.3507738
0.35680943
0.35662767
0.35615372
0.35542503
0.3537667
0.35179498
0.35063732
0.35070829
0.35636504
0.35616679
0.35563407
0.3550186
0.35358919
0.3516764
0.35052277
0.35059794
0.35575215
0.35555142
0.35501632
0.35452542
0.35334603
0.35152757
0.35038352
0.35047019
0.35512917
0.35493807
0.35443892
0.35406433
0.35309492
0.35137817
0.35025538
0.3503592
0.35469878
0.35451272
0.35405098
0.35375652
0.3529162
0.35127278
0.35016955
0.35028873
1.9748422
2.2156567
2.3325387
2.4089808
2.4474068
2.4921064
2.4979433
2.5140155
1.9748317
2.2156626
2.3323608
2.4087581
2.4471905
2.4919955
2.4978682
2.5139594
1.9753837
2.2163415
2.3329256
2.4093219
2.4477313
2.4924434
2.4982883
2.5143914
1.9765947
2.2176797
2.3342555
2.4104588
2.4485673
2.4931056
2.4988568
2.5149188
1.9788206
2.2202305
2.3370217
2.4133432
2.4513552
2.4960532
2.5019166
2.5180042
1.9822068
2.2247879
2.3429126
2.4202709
2.4588589
2.5044154
2.5107541
2.5271696
1.985496
2.2292589
2.3488853
2.4278867
2.4678824
2.5149154
2.5222212
2.5391873
1.9877317
2.2324319
2.3533464
2.4338592
2.4750569
2.5233485
2.5315732
2.5491159
0.32215396
0.3223638
0.32341531
0.32570245
0.32860518
0.3319498
0.33581535
0.33884821
0.32106343
0.32129132
0.32237807
0.32471023
0.3276667
0.33112115
0.33512402
0.33824239
0.31925163
0.31950825
0.32065757
0.32306567
0.32611956
0.32976131
0.33399675
0.33725602
0.31695731
0.31725123
0.31847986
0.32099002
0.32418046
0.32807353
0.33260966
0.33605386
0.31448457
0.3148174
0.31613515
0.31876517
0.32211957
0.32630417
0.33117241
0.33481546
0.31217324
0.31253732
0.31394026
0.31669237
0.32022055
0.32469749
0.32988549
0.33371149
0.31033651
0.31072218
0.31219614
0.31504922
0.31873253
0.32345656
0.32890707
0.33287269
0.30922508
0.30962323
0.31114059
0.31405966
0.31784092
0.32272501
0.32832948
0.33238989
1.6903557
1.9096474
2.0257961
2.1027729
2.141552
2.1777241
2.1842518
2.2000737
1.6670901
1.8824666
2.0040693
2.0793339
2.1122842
2.1507816
2.1593358
2.1735118
1.6330781
1.8484341
1.9600592
2.0327868
2.0738527
2.1044315
2.1081406
2.1215847
1.5766309
1.787902
1.9097115
1.9785725
2.0069115
2.0409657
2.0480398
2.0597639
1.5225631
1.7310116
1.8439511
1.9105858
1.949268
1.9706033
1.9703273
1.9806709
1.4503433
1.6480591
1.7837464
1.847613
1.8716506
1.8980077
1.903585
1.9096061
1.4148539
1.5996206
1.7150362
1.7881046
1.8245181
1.8366014
1.8314169
1.8382591
1.3666699
1.5558554
1.6785061
1.7401676
1.7839216
1.7815338
1.795899
1.7918223
0.2649823
0.26579573
0.26956616
0.27841498
0.29090028
0.30318362
0.31305017
0.31904068
0.26367762
0.26451449
0.26839639
0.27751262
0.29029962
0.3027489
0.31268742
0.31870139
0.26150868
0.26238837
0.26645909
0.27601513
0.2892998
0.30202389
0.31208043
0.31813697
0.25876978
0.25970938
0.26401916
0.27411435
0.28802572
0.30109824
0.31130644
0.31741327
0.25585076
0.25685864
0.26141167
0.27204974
0.28663555
0.30009106
0.31046636
0.3166282
0.25317318
0.25424302
0.25899301
0.2700869
0.28530902
0.29913811
0.30967546
0.31589065
0.25110273
0.25221581
0.25708851
0.26849677
0.2842314
0.29837402
0.30904452
0.31530577
0.24988354
0.25101837
0.25594623
0.26751956
0.28356776
0.29790935
0.3086626
0.3149528
0.22402608
0.2301377
0.23112058
0.23199315
0.23132786
0.23137713
0.23066237
0.23123193
0.22477174
0.23073788
0.23197102
0.23247439
0.2320141
0.23193864
0.23123727
0.23190361
0.22592553
0.23179586
0.23293548
0.23351363
0.23302493
0.23280243
0.23217278
0.23266361
0.22715651
0.23307841
0.23428174
0.23471651
0.23418318
0.23401193
0.23325126
0.23386
0.22852389
0.23440622
0.23554038
0.23606399
0.23550297
0.2351924
0.23447382
0.23494169
0.22965698
0.23562115
0.23680559
0.23721185
0.23662522
0.23634628
0.23552681
0.23607057
0.23058242
0.2365409
0.23769311
0.23815475
0.23754202
0.23717675
0.23638329
0.23683895
0.23109854
0.23708542
0.23826695
0.23866996
0.238042
0.23770195
0.23685175
0.23735625
0.40657894
0.41238051
0.42174594
0.43374515
0.44603798
0.4574348
0.46683923
0.47353005
0.40657203
0.41237078
0.42173477
0.43373404
0.44602925
0.45742646
0.4668316
0.47352173
0.40653508
0.41232816
0.42168511
0.43368043
0.44598296
0.45738945
0.46680321
0.47349091
0.40644426
0.41222472
0.42156601
0.43355589
0.44587962
0.45729299
0.46672708
0.47340301
0.40630458
0.41206243
0.42138397
0.43336037
0.44569601
0.45709561
0.46655512
0.47321615
0.40613517
0.41186543
0.42116502
0.43311685
0.44544224
0.45681047
0.46630008
0.47294148
0.40597532
0.41168544
0.42096608
0.4328856
0.44518059
0.45650731
0.46601288
0.47262982
0.40586886
0.4115686
0.42083795
0.43272706
0.44498586
0.45628023
0.46579669
0.47240036
0.40353564
0.40890379
0.41771115
0.42882113
0.4402744
0.45099807
0.46043197
0.46658665
0.40326441
0.40859182
0.41733074
0.42835326
0.43970084
0.450341
0.45971781
0.46579474
0.40280077
0.4080492
0.41666074
0.42751916
0.4386804
0.44917212
0.45841797
0.46434807
0.40218472
0.40732729
0.41576484
0.42638989
0.43728128
0.44756021
0.45658809
0.46228238
0.40148333
0.406512
0.41476134
0.42510951
0.43567759
0.44566605
0.45437314
0.45974928
0.4007932
0.40571128
0.4137768
0.42383515
0.43406605
0.44374484
0.45206508
0.45707481
0.4002224
0.4050564
0.41296876
0.42277688
0.43271611
0.44211985
0.45005939
0.45473632
0.39987388
0.40465475
0.41247727
0.42212403
0.43188183
0.44108817
0.44876881
0.4532154
0.3465683
0.34654777
0.34678299
0.3476806
0.34854615
0.34849405
0.34835055
0.34895112
0.34577666
0.3457603
0.34604454
0.34703152
0.34800829
0.34809883
0.34810398
0.34878684
0.34441396
0.34441003
0.3447519
0.34589369
0.34706703
0.34738341
0.34764495
0.34847424
0.34259423
0.34260682
0.34302624
0.34434067
0.34579675
0.34641307
0.34698714
0.34800732
0.34050429
0.34053475
0.34103972
0.34252356
0.34429257
0.34530783
0.34623523
0.34744634
0.33842793
0.33848141
0.33906557
0.34070317
0.34273356
0.34416695
0.34550441
0.34691174
0.3367242
0.33679387
0.3374382
0.33918466
0.34138493
0.34313691
0.34485124
0.34646398
0.33568433
0.3357624
0.33643563
0.33823536
0.34052434
0.34245173
0.34439581
0.34615159
2.6950887
2.6998221
2.7075921
2.7111749
2.6992917
2.6924229
2.6638606
2.6685135
2.6946586
2.6993393
2.7070693
2.7104706
2.6984431
2.6914604
2.6627703
2.6673497
2.6951327
2.6997288
2.7075454
2.7109988
2.6987695
2.6919089
2.663261
2.6678632
2.695569
2.70009
2.7080322
2.7114403
2.6990032
2.6922584
2.663564
2.6681764
2.6986405
2.7029128
2.7109124
2.7141956
2.7012287
2.6943759
2.6653823
2.6697956
2.7109252
2.7151902
2.7235256
2.7270957
2.7136285
2.7068277
2.6774543
2.6814907
2.7292334
2.7337687
2.7424733
2.7465264
2.7330016
2.726341
2.696952
2.7008807
2.7456944
2.7504915
2.7596719
2.7644294
2.7512603
2.7448732
2.7156491
2.7196756
2.8737245
2.8827061
2.9039981
2.9247843
2.9203984
2.9282001
2.9082592
2.9170694
2.8679039
2.8767636
2.898379
2.9198407
2.9152859
2.9233599
2.9037854
2.9125476
2.8567654
2.8655874
2.887515
2.910044
2.9055212
2.9136227
2.8945936
2.903393
2.8397865
2.8486175
2.871083
2.8947537
2.8902613
2.8983281
2.8795945
2.8882575
2.8176104
2.8265318
2.8493329
2.87392
2.8697642
2.8777609
2.8589837
2.8670954
2.7924123
2.8012413
2.8245598
2.8496297
2.8451619
2.853728
2.8354442
2.842752
2.7689919
2.7774595
2.8009091
2.8269503
2.8217396
2.8300715
2.8132394
2.8206351
2.7531538
2.7614097
2.7847495
2.8116587
2.8061715
2.8136495
2.7977907
2.8057567
1.9812414
2.2321302
2.3639673
2.4561951
2.508835
2.5680645
2.5848203
2.6075877
1.9765504
2.2269758
2.3586279
2.4504751
2.5029115
2.5620069
2.5787546
2.6014617
1.9677198
2.2172998
2.3486458
2.4398472
2.4917614
2.5504893
2.5672391
2.5898694
1.9546178
2.2029511
2.3340131
2.4244663
2.475637
2.533787
2.5503252
2.5727977
1.9378107
2.1843007
2.3149509
2.404589
2.4547781
2.5120941
2.5284886
2.5508181
1.9191748
2.1633119
2.2930556
2.3816911
2.4307724
2.4872766
2.5038803
2.5262847
1.9023387
2.1443259
2.2730061
2.3605812
2.4088249
2.4645629
2.4810421
2.5033901
1.891216
2.1319433
2.259832
2.3466872
2.3942323
2.4496206
2.4658775
2.4881265
0.39504126
0.39930167
0.40593957
0.41355971
0.42046756
0.42551028
0.42819639
0.42938503
0.39444925
0.39863158
0.40520431
0.41263179
0.41929719
0.4238973
0.42622165
0.42700046
0.39350782
0.39762405
0.40403113
0.41118822
0.41739722
0.42133937
0.4230404
0.42348681
0.39239306
0.39642503
0.40264325
0.40950148
0.41512606
0.41827025
0.41918404
0.41903882
0.39129831
0.39526062
0.4013159
0.40785941
0.41287639
0.4152289
0.41539541
0.41482826
0.39044463
0.39432553
0.40027128
0.40651466
0.4110239
0.41272321
0.41229312
0.41125256
0.38982531
0.39369996
0.39955083
0.40557338
0.40974406
0.4109645
0.41009012
0.40887523
0.38953369
0.39333799
0.39919037
0.40503122
0.40909758
0.40993164
0.4089817
0.4069101
0.38810995
0.39162052
0.39737369
0.40235644
0.40590282
0.40201351
0.39994062
0.38761164
0.3874101
0.39169439
0.3968653
0.40339193
0.40409477
0.40604464
0.39307969
0.3905126
0.38777414
0.3914271
0.3976848
0.40264726
0.40579393
0.40329003
0.39560973
0.39226359
0.38778173
0.39165305
0.39783254
0.40286499
0.40639774
0.40232332
0.39785148
0.38931082
0.38776179
0.39183651
0.39785419
0.4035313
0.40615258
0.40452966
0.39759889
0.39280564
0.38791235
0.3918622
0.39826195
0.4035687
0.40756564
0.40446631
0.40061362
0.39407069
0.38777254
0.39212468
0.39810605
0.40441817
0.40739409
0.40691493
0.40139985
0.39727228
0.38811433
0.39192821
0.39852401
0.40414989
0.4085897
0.40664871
0.40361513
0.39787672
0.29488187
0.29539309
0.29745342
0.30148848
0.30716519
0.31452802
0.3220763
0.32698408
0.29372672
0.29424375
0.29635428
0.30050144
0.30638708
0.31397891
0.32164849
0.3266669
0.29180037
0.29233435
0.29452258
0.29887424
0.3051234
0.31308931
0.32097674
0.32607201
0.28935236
0.28990674
0.29219959
0.29683106
0.30357404
0.31201315
0.32015265
0.3253693
0.28670258
0.28728006
0.28969007
0.29465495
0.30196807
0.31090727
0.31930056
0.32462596
0.28420752
0.28480609
0.28733267
0.29264152
0.30052036
0.30991565
0.3185263
0.32395691
0.28221259
0.28282657
0.28545314
0.29105725
0.29940638
0.30915114
0.3179262
0.32342962
0.28099829
0.28162698
0.2843103
0.29011025
0.29874388
0.30870018
0.31756542
0.32311526
2.4502343
2.4571393
2.4781742
2.4987287
2.4979562
2.5171842
2.510549
2.5228909
2.4170102
2.4247981
2.4423043
2.4753164
2.4755526
2.4763742
2.456551
2.4709505
2.3622498
2.373151
2.3975311
2.417226
2.4236669
2.4567781
2.456986
2.4602034
2.2915991
2.3033413
2.3287112
2.3767065
2.372274
2.3596693
2.3355702
2.3555065
2.2142097
2.2327664
2.2591032
2.2795932
2.2936725
2.2874122
2.2397579
2.2405193
2.1340104
2.1491214
2.1865202
2.2018519
2.1590897
2.1715028
2.1976246
2.222258
2.0566711
2.0599913
2.0718681
2.0961334
2.125732
2.1295071
2.125785
2.1380705
1.9953985
1.9936775
2.0087138
2.0250218
2.0377749
2.1077871
2.1516863
2.1518529
0.12446081
0.16926063
0.16036029
0.16445773
0.16364312
0.16562015
0.16640951
0.16881348
0.12512911
0.18072466
0.1686652
0.17991725
0.17679546
0.18022475
0.17780606
0.17220388
0.19519659
0.18563352
0.18647103
0.18618162
0.18855148
0.19159887
0.19622077
0.19059783
0.18326957
0.19526376
0.19489751
0.19508104
0.19198036
0.18888838
0.18604313
0.18596257
0.1890175
0.18883741
0.19155972
0.19536093
0.20072823
0.20570026
0.20976845
0.21169267
0.21215364
0.21330416
0.21376834
0.21483535
0.21536182
0.21517093
0.21547314
0.21588809
0.2191552
0.21890411
0.2218162
0.22349285
0.22558421
0.22772316
0.22911404
0.23051874
0.22152253
0.22248016
0.22328575
0.2258186
0.22636941
0.2270705
0.22682525
0.22773449
0.15569867
0.1568526
0.15148702
0.15383055
0.16379727
0.15537787
0.15693421
0.15517923
0.16571439
0.17340737
0.17496542
0.16652919
0.15743548
0.16007346
0.16355306
0.16172164
0.17203462
0.17329643
0.16931573
0.17209966
0.17712309
0.18009622
0.18121635
0.1798807
0.16986719
0.17893748
0.1796552
0.18084507
0.1817046
0.17876233
0.17812913
0.17994941
0.18426977
0.18997952
0.19110805
0.18956368
0.18888765
0.18601213
0.18640497
0.18642793
0.18259884
0.18319379
0.18557497
0.18731122
0.18540151
0.1907865
0.1923065
0.19291605
0.1957001
0.20527623
0.19923054
0.2005044
0.2007116
0.1994103
0.19635999
0.19990552
0.19650798
0.19825144
0.2011353
0.20243264
0.20016609
0.20240754
0.20549301
0.20474583
0.38769206
0.39252514
0.40030591
0.40940065
0.41716465
0.42127235
0.42213133
0.42171367
0.3877793
0.39270923
0.40071564
0.41009307
0.41810403
0.42242142
0.42352169
0.42327658
0.38801042
0.39316177
0.40155171
0.4113648
0.41967996
0.42426078
0.425697
0.42571656
0.38856978
0.3940354
0.4029128
0.41314753
0.42164837
0.42641132
0.42818325
0.42848649
0.38958043
0.39540747
0.40472807
0.41518029
0.42363147
0.42843957
0.43049131
0.4310503
0.39096602
0.39708913
0.40666389
0.41705282
0.42526662
0.4300321
0.43229603
0.43305889
0.3923561
0.39865012
0.40826809
0.41843109
0.42637178
0.43108609
0.43349542
0.43440533
0.39330458
0.39965785
0.40922753
0.41919082
0.42695072
0.431637
0.43412905
0.43512002
0.40414892
0.40905431
0.41600787
0.42354133
0.4301598
0.43516112
0.43859945
0.44032505
0.40450493
0.40930441
0.41614497
0.42363748
0.43025198
0.4352962
0.43879755
0.44056314
0.40496201
0.40962447
0.41632024
0.42377156
0.43038863
0.43550199
0.43910053
0.44092649
0.40536753
0.40991247
0.41647717
0.42390555
0.4305353
0.43573741
0.43944435
0.44133534
0.40567088
0.41013498
0.41659375
0.42401436
0.43066009
0.43596506
0.43977259
0.44171841
0.40588317
0.41029316
0.4166703
0.42408842
0.4307438
0.43615134
0.44004274
0.44202629
0.40602086
0.41039352
0.41671467
0.4241305
0.43078722
0.43627638
0.44022976
0.44223682
0.40609376
0.41044472
0.41673553
0.42414935
0.43080413
0.43634067
0.44032962
0.44234933
0.23805371
0.23893253
0.24273408
0.25363235
0.27343376
0.29167812
0.30370137
0.31053256
0.23748782
0.23831184
0.24189469
0.25244607
0.27240736
0.29112539
0.30330069
0.31020686
0.2366654
0.23739783
0.24060542
0.25048257
0.27059771
0.29016102
0.30264244
0.30970777
0.2358168
0.23643678
0.2391746
0.24804552
0.26811225
0.28883078
0.30184409
0.3092154
0.23511361
0.23561711
0.23789634
0.24554893
0.26520285
0.28721769
0.30108724
0.30901954
0.23462436
0.23501572
0.2369424
0.24340299
0.26229957
0.28549994
0.30057773
0.30935229
0.23433475
0.23462954
0.23633852
0.2418734
0.25991353
0.28398511
0.30040246
0.31007314
0.23419611
0.23442971
0.23603211
0.24103823
0.25845831
0.28301499
0.30042749
0.31071272
0.23376215
0.23375923
0.23411019
0.23449494
0.23439282
0.23432365
0.23386929
0.23440609
0.23383266
0.23417399
0.23446078
0.23482396
0.2347152
0.23463247
0.23417432
0.2346836
0.23477144
0.23477899
0.23507115
0.23541514
0.2352546
0.23515595
0.2346574
0.23518052
0.23534195
0.23562664
0.23586325
0.23615152
0.23596621
0.23581449
0.2353047
0.23578765
0.23647139
0.23647578
0.2366995
0.23696296
0.23671913
0.23654401
0.23598829
0.23647903
0.2370983
0.23730423
0.23748248
0.23769928
0.23743227
0.23721303
0.23664524
0.23710358
0.23789697
0.23791312
0.23808601
0.23828589
0.23798096
0.23774668
0.23714879
0.23761343
0.23813526
0.23830145
0.23844349
0.23862727
0.23831304
0.23806003
0.23745806
0.23790437
0.2422823
0.24231232
0.24237697
0.24244422
0.24199446
0.24161275
0.24089567
0.24128823
0.24252295
0.24255351
0.24261232
0.24267468
0.2422174
0.24182967
0.24110641
0.24149726
0.24290153
0.2429272
0.24297959
0.24303274
0.24256492
0.24216666
0.2414345
0.24182047
0.24333664
0.24335794
0.24340224
0.24344521
0.24296479
0.24255456
0.24181169
0.24219256
0.24375237
0.24376912
0.24380622
0.24383963
0.243348
0.24292674
0.24217416
0.24254993
0.24409406
0.24410683
0.24413748
0.2441632
0.24366261
0.24323302
0.24247291
0.24284517
0.24433364
0.24434369
0.24436971
0.24438944
0.24388219
0.24344647
0.24268125
0.24305089
0.24446464
0.24447323
0.24449686
0.24451367
0.24400283
0.24356385
0.2427957
0.24316421
0.23631025
0.24250482
0.2437411
0.24412221
0.24336667
0.24285608
0.24188072
0.24228529
0.23661047
0.24281446
0.24405383
0.24443354
0.24367187
0.24315429
0.24217132
0.24257342
0.23707596
0.2432958
0.24453879
0.24491561
0.2441445
0.2436156
0.24262146
0.24301793
0.23761171
0.24384866
0.24509544
0.24546905
0.24468761
0.24414641
0.24313962
0.24352996
0.23812228
0.24437486
0.24562446
0.24599492
0.24520452
0.2446526
0.24363485
0.24401996
0.23853952
0.24480362
0.24605468
0.24642199
0.24562439
0.24506453
0.2440386
0.24441976
0.23882977
0.24510146
0.2463529
0.24671793
0.24591586
0.24535103
0.24432012
0.2446991
0.23898767
0.24526272
0.24651428
0.24687768
0.24607351
0.24550672
0.24447357
0.24485151
0.35120839
0.35304829
0.3583499
0.36723914
0.37751004
0.38835486
0.39794551
0.40370853
0.35120303
0.35304295
0.35834628
0.36723909
0.37750946
0.38835206
0.39794141
0.40370132
0.35118136
0.35302011
0.35833248
0.3672359
0.37750672
0.3883439
0.39791946
0.40366764
0.3511235
0.35297133
0.35830138
0.36722568
0.37749741
0.38832153
0.39786324
0.40358734
0.3510299
0.35290081
0.35824845
0.36720213
0.37747123
0.38826573
0.39776362
0.40346408
0.35092035
0.35281867
0.35818339
0.36715897
0.37741958
0.38817644
0.39763185
0.40331475
0.35082449
0.35274284
0.35812231
0.36710793
0.37735172
0.38806748
0.39749482
0.40317048
0.35076153
0.35269409
0.35808246
0.36706738
0.37729618
0.38798467
0.39739765
0.40307187
0.35072965
0.35266964
0.35806291
0.36704401
0.37726486
0.38794108
0.39734715
0.40302038
0.35066271
0.35261802
0.35802162
0.36698809
0.37719009
0.38784489
0.3972365
0.40290895
0.35054469
0.35252703
0.3579474
0.36687784
0.37703582
0.38765594
0.39702994
0.40270707
0.35038149
0.35239758
0.35783979
0.36671035
0.37679087
0.38736563
0.39672093
0.4024054
0.35018414
0.35223654
0.35770152
0.36649299
0.37648186
0.3870158
0.39633909
0.4020168
0.34997624
0.35206553
0.35754645
0.36626487
0.3761704
0.38666216
0.39594646
0.40159769
0.34979378
0.35191746
0.35740817
0.36607021
0.37591547
0.38637422
0.39561838
0.40123011
0.34967437
0.35182205
0.35732017
0.36594799
0.37576117
0.38619944
0.39541449
0.40099411
0.3544757
0.35429501
0.35385049
0.35359946
0.3528238
0.35121723
0.3501262
0.35025231
0.3539884
0.35381749
0.35341657
0.35325992
0.35261745
0.35109542
0.35003152
0.35017431
0.35310731
0.35295236
0.3526297
0.35264383
0.35222801
0.35086386
0.3498596
0.35003645
0.35187998
0.35174389
0.35152546
0.35176377
0.35164953
0.35051647
0.34961442
0.34984596
0.35042638
0.35031782
0.35022763
0.35068433
0.35090109
0.35005892
0.34931359
0.34961995
0.34895056
0.34888369
0.34892588
0.34956007
0.35006435
0.34952988
0.34898506
0.34938426
0.3477146
0.34767804
0.34782848
0.34859763
0.34930099
0.34902281
0.34867493
0.34917137
0.34694543
0.34692283
0.34713115
0.34798489
0.34879817
0.34867438
0.34846182
0.34902569
2.5631644
2.5786089
2.6054775
2.6449603
2.6583929
2.6654702
2.6464227
2.6549581
2.5630876
2.5785723
2.6054347
2.6448331
2.6582503
2.6652738
2.646142
2.6545753
2.5635118
2.5789865
2.6058748
2.6452218
2.6586864
2.6658161
2.6466816
2.655063
2.5640305
2.5795381
2.6064168
2.6456911
2.6591428
2.6664565
2.6473267
2.6555251
2.5671998
2.582768
2.6097747
2.6491177
2.6625216
2.6699784
2.6506948
2.6586667
2.5766595
2.5926702
2.6203844
2.6602373
2.673913
2.6820094
2.6630853
2.6708495
2.5892201
2.6059088
2.634715
2.6756824
2.6899337
2.6992958
2.6808851
2.6887227
2.5995852
2.6167772
2.646616
2.6887617
2.7038535
2.7143079
2.6963847
2.704684
2.6054685
2.6229146
2.6534109
2.6962573
2.7119307
2.7229867
2.705479
2.7140621
2.6187449
2.6368941
2.6689177
2.7134272
2.7305776
2.7431478
2.7266802
2.7359552
2.6423434
2.6618427
2.6966312
2.7441448
2.7642388
2.7798909
2.7655886
2.7762744
2.6665619
2.6875749
2.7253158
2.7758445
2.7993466
2.8190726
2.8076001
2.8201438
2.6770861
2.6988436
2.7383194
2.7899294
2.8148871
2.8374983
2.8279287
2.8415384
2.6750084
2.6968814
2.7370293
2.7884694
2.8130175
2.8368249
2.8278792
2.8415102
2.6689391
2.6909134
2.7314118
2.782678
2.8067036
2.8309829
2.8224184
2.8359321
2.6638994
2.685944
2.7266498
2.7778197
2.8016238
2.826112
2.8177919
2.8312688
1.9888789
2.2341238
2.3558855
2.4372045
2.4791118
2.5280875
2.5368385
2.5547406
1.9913178
2.2377937
2.3613424
2.4446876
2.4881649
2.5388233
2.5487627
2.5674877
1.9949945
2.2437352
2.3705113
2.4574259
2.5039232
2.557637
2.5698423
2.5900539
1.9976869
2.2486818
2.3789607
2.4697334
2.519692
2.5766778
2.5914516
2.6132386
1.9969864
2.2489034
2.3810504
2.4737983
2.5259223
2.5846358
2.6007682
2.6233128
1.9927271
2.2445926
2.3769994
2.469988
2.5227819
2.5820222
2.5984981
2.6212414
1.987321
2.2387746
2.3709433
2.4636185
2.5164627
2.5758003
2.592452
2.61523
1.9833414
2.2344305
2.3663811
2.458762
2.5114814
2.5707819
2.5875089
2.6102852
0.34050546
0.34428611
0.35130904
0.36039836
0.37054597
0.38072002
0.38851177
0.39295558
0.33993874
0.34377846
0.35083944
0.35994826
0.37012654
0.38024657
0.38796389
0.39235152
0.33901787
0.3429558
0.35008879
0.35922104
0.36944069
0.37949709
0.38711553
0.3914601
0.33789046
0.34194609
0.34917738
0.35837553
0.36862631
0.37858237
0.38609271
0.39036972
0.33673053
0.34091454
0.34824376
0.35752937
0.36783782
0.37769155
0.38509106
0.38931781
0.33569788
0.33999617
0.34743103
0.35680553
0.36714794
0.37693503
0.38427625
0.38846321
0.33491975
0.33930265
0.34682297
0.35627634
0.36665728
0.37640296
0.38371337
0.38788148
0.33444845
0.33890349
0.34646168
0.35597502
0.36637952
0.37611921
0.38341047
0.38756178
0.33424479
0.33869838
0.34629963
0.35582326
0.36625919
0.37597544
0.38327999
0.38741704
0.33378235
0.33831194
0.34594944
0.35554861
0.36599551
0.37572902
0.38299872
0.38716631
0.33307637
0.33766963
0.34541581
0.35509606
0.36561319
0.37532634
0.38261531
0.38673166
0.33220665
0.33691044
0.3447726
0.35458619
0.36516813
0.37490745
0.38218847
0.38635757
0.33132998
0.33614153
0.34413459
0.35409489
0.36475674
0.37453172
0.3818653
0.38597904
0.33054282
0.33546843
0.34358214
0.35368789
0.3644193
0.3742739
0.38161571
0.38588525
0.32997761
0.33494057
0.34319242
0.35337008
0.36421482
0.37407504
0.38154568
0.38560502
0.32957943
0.33467687
0.34291828
0.3532482
0.364026
0.37408418
0.38132164
0.38616772
0.30868574
0.30908824
0.31062808
0.31357872
0.31741245
0.32237119
0.32805769
0.33213716
0.30757278
0.30798659
0.3095671
0.31259023
0.31653184
0.32165803
0.32749686
0.33166848
0.30572556
0.30615556
0.30780618
0.3109514
0.3150881
0.32049775
0.3266026
0.33089393
0.30338512
0.30383249
0.30557466
0.30888678
0.31329739
0.31909134
0.32551686
0.32997449
0.30086475
0.30132928
0.30316842
0.30667824
0.31141497
0.31764291
0.32441718
0.32902762
0.29849312
0.29897481
0.30089775
0.30460456
0.30968331
0.31635398
0.32344239
0.32820157
0.29659342
0.29708894
0.29908467
0.30295667
0.30834174
0.31537417
0.32270926
0.32755481
0.29544288
0.29594763
0.29798771
0.30196861
0.30754467
0.31480694
0.32226681
0.32722295
2.2454102
2.2621225
2.2961519
2.340584
2.3641355
2.3942279
2.3954144
2.4085829
2.2155233
2.2316917
2.2647431
2.308156
2.3318622
2.3610134
2.3621789
2.3784915
2.1654908
2.1806652
2.2119022
2.2535166
2.2749578
2.304222
2.3072355
2.3222785
2.0982723
2.1118927
2.140627
2.1792622
2.2012916
2.23028
2.2349867
2.2545208
2.0221595
2.0346895
2.06178
2.0984916
2.117564
2.1479375
2.1559784
2.1741203
1.9446336
1.955184
1.9790511
2.0121462
2.0349697
2.065762
2.0752452
2.0971486
1.8766169
1.8851867
1.9093898
1.9399214
1.9597409
1.9890506
2.0009921
2.0214547
1.8294615
1.8433326
1.8588864
1.8892756
1.9022678
1.9337635
1.9427158
1.9670514
1.8385419
1.8249221
1.8384598
1.8730724
1.8924058
1.9012171
1.8986674
1.9188784
1.7442232
1.7533542
1.7761652
1.8013347
1.8280175
1.8644573
1.8382944
1.8516163
1.6595124
1.6706908
1.6884804
1.6966119
1.6741924
1.6966173
1.7311892
1.7516459
1.5396308
1.5463228
1.5696402
1.6133419
1.6523362
1.6697824
1.6771623
1.6834782
1.4455861
1.4556302
1.4725244
1.5098552
1.5359778
1.5604959
1.5759522
1.5852288
1.4766363
1.4787954
1.4727709
1.4572667
1.479655
1.5141151
1.5445233
1.5462963
1.3887339
1.4118371
1.4496734
1.47527
1.4798423
1.4694796
1.4701189
1.4839989
1.381194
1.3865276
1.39518
1.3951961
1.3990307
1.4142112
1.4160754
1.4198489
1.3745111
1.5371871
1.6764922
1.7139961
1.7255707
1.7668113
1.8151621
1.7839638
1.2932416
1.4909294
1.5913785
1.6695382
1.7233372
1.7149047
1.6911248
1.6998841
1.2972272
1.4374808
1.557801
1.6024302
1.5887394
1.6101001
1.6259374
1.625761
1.1818455
1.3235012
1.4237302
1.4823284
1.5492857
1.5446232
1.5197791
1.5130014
1.2019758
1.3712947
1.4095248
1.393721
1.3896135
1.4057467
1.4135381
1.427707
1.1148198
1.2184334
1.3281775
1.3783343
1.3756574
1.3998384
1.4523682
1.4750895
1.1633039
1.244221
1.3033099
1.3556267
1.426363
1.4227071
1.3915532
1.3831648
1.0176385
1.1979558
1.3035186
1.2788781
1.2912371
1.3332109
1.37937
1.3818731
0.32192062
0.32779379
0.33734712
0.34914181
0.36125001
0.37209453
0.38042561
0.38535118
0.32159432
0.32748037
0.33707436
0.34892242
0.36107633
0.37198064
0.38039388
0.38537203
0.32104106
0.32695248
0.3366112
0.34854999
0.36078324
0.37182007
0.3803972
0.38552272
0.32033173
0.32627046
0.33601344
0.34806669
0.36042353
0.37169566
0.38057179
0.38593663
0.31955875
0.32552653
0.33536243
0.34754516
0.36008286
0.37173661
0.38107107
0.38677212
0.31883328
0.32482839
0.33475555
0.34707317
0.35985905
0.37203641
0.38193527
0.38798606
0.31825822
0.3242774
0.33428128
0.34672578
0.35979436
0.37252817
0.38294168
0.38926287
0.31791304
0.3239472
0.33400088
0.34653546
0.35982615
0.37295739
0.38369257
0.39015441
0.31774526
0.32378814
0.33386667
0.34645058
0.35986522
0.37320569
0.38409376
0.39061881
0.31740227
0.32346226
0.33359595
0.34629446
0.36000397
0.37380168
0.38499373
0.39162185
0.31683703
0.32293105
0.33316807
0.34611297
0.36043721
0.37504567
0.38666659
0.39339029
0.31613057
0.32228082
0.3326846
0.34609232
0.36142349
0.37703822
0.38898227
0.39566501
0.31538171
0.32161905
0.3322889
0.34647034
0.36309432
0.37955743
0.39148686
0.39793102
0.3146975
0.32105506
0.33213038
0.3473435
0.36519254
0.38203807
0.39360665
0.39970132
0.3141742
0.32067336
0.33224153
0.34845787
0.36713211
0.38392882
0.39502319
0.40081163
0.31387286
0.3204895
0.33244706
0.34931517
0.36837093
0.38498578
0.39574444
0.40135532
0.24930153
0.25044539
0.2553941
0.26703998
0.28324156
0.29768298
0.30847674
0.3147824
0.24812518
0.24928398
0.25426217
0.26604035
0.28256041
0.29721467
0.30809364
0.31443059
0.24625297
0.24742377
0.25240666
0.26434717
0.281401
0.29643345
0.30745703
0.31385007
0.24405306
0.24521232
0.25011364
0.26214043
0.27987199
0.29543751
0.30665031
0.31311974
0.24192965
0.2430406
0.24773858
0.25968316
0.27812708
0.29435257
0.30577826
0.31233711
0.24019479
0.24122921
0.24563206
0.25731101
0.27637284
0.29331614
0.30495561
0.31160772
0.23899601
0.23995277
0.24405823
0.25538422
0.2748738
0.29246798
0.3042963
0.31103462
0.23834806
0.23925296
0.24315701
0.25420666
0.27391508
0.29193991
0.30389602
0.3106947
0.23173522
0.23202857
0.23234816
0.23283324
0.23281824
0.23287972
0.23252476
0.23297263
0.23234554
0.23252717
0.23286157
0.2333186
0.23327041
0.2333158
0.23292439
0.2336236
0.23316975
0.23340494
0.23368901
0.23410613
0.23402834
0.23403213
0.23358152
0.23411647
0.23430591
0.23445941
0.23472634
0.23510248
0.23496499
0.23492748
0.23447577
0.23511232
0.23542275
0.23560538
0.23582264
0.23615305
0.23597633
0.23589144
0.23536911
0.23588637
0.23650965
0.23663354
0.23682892
0.23712158
0.2368915
0.23676939
0.23624115
0.23682766
0.23730128
0.2374361
0.23760133
0.23786143
0.23760795
0.23745162
0.23688188
0.23738021
0.23778564
0.23790529
0.23805198
0.23830277
0.23801672
0.23785764
0.23727002
0.23785746
0.23801944
0.23812421
0.23827682
0.23850696
0.23822807
0.23804046
0.23747308
0.23795193
0.23847526
0.23858161
0.23871272
0.23893453
0.23862914
0.23843873
0.23783756
0.23837025
0.23921289
0.23930387
0.23941634
0.2396112
0.2392826
0.23906555
0.23845328
0.23895736
0.24008561
0.2401633
0.24025034
0.2404179
0.24005862
0.23981914
0.23918289
0.23968849
0.24095784
0.24101971
0.2410839
0.24122333
0.24083721
0.24057388
0.23992266
0.24041403
0.24170413
0.2417553
0.24179966
0.24191728
0.24150819
0.24122794
0.24056076
0.24105114
0.24224937
0.24229113
0.24232257
0.24242405
0.24199965
0.24170607
0.24103046
0.2415127
0.24255611
0.24259515
0.24261803
0.24271129
0.24227746
0.24197758
0.24129463
0.24177965
0.23133103
0.23734645
0.23851421
0.2389338
0.23830065
0.23793256
0.23709734
0.23756525
0.2318467
0.23785934
0.23903981
0.23944993
0.23880195
0.23842098
0.23756707
0.23803688
0.23263371
0.23868544
0.23987007
0.24027267
0.23960192
0.23919545
0.23831979
0.23877551
0.23357068
0.2396554
0.24085412
0.24124681
0.24055115
0.24011593
0.23921313
0.2396557
0.23448961
0.24061406
0.24182434
0.24221213
0.24149417
0.24103143
0.24010335
0.24053218
0.23527204
0.24142599
0.24264873
0.24303299
0.24229804
0.24181436
0.24086496
0.24128408
0.2358384
0.24201561
0.24324597
0.24362896
0.24288242
0.24238348
0.24142005
0.24183091
0.23616117
0.24234869
0.24358336
0.24396544
0.24321232
0.24270595
0.24173353
0.24214209
0.47694585
0.48279082
0.49214471
0.50162025
0.51085752
0.51824041
0.52183513
0.51549878
0.47693825
0.4827825
0.49214803
0.50162831
0.51087482
0.518262
0.52186214
0.51550869
0.47690552
0.48276036
0.49214992
0.5016673
0.51093981
0.51836091
0.52198808
0.51564755
0.47681158
0.48269887
0.49213548
0.50172539
0.51107254
0.51860326
0.52229869
0.51597055
0.47661409
0.48255679
0.49205958
0.50175991
0.51126245
0.51899908
0.52286942
0.51653904
0.47633402
0.48231983
0.49189339
0.50172567
0.51143655
0.51944563
0.52356776
0.51731294
0.47601306
0.48202963
0.49166867
0.50162185
0.51153139
0.51979298
0.52416488
0.51804378
0.47577706
0.48181222
0.49149393
0.50151624
0.51154817
0.51995947
0.52454105
0.51852482
0.47565299
0.48169627
0.49139852
0.50145001
0.5115417
0.52001923
0.5247182
0.51877056
0.47537113
0.48143359
0.49116753
0.50127863
0.51148332
0.52012274
0.5250567
0.51926388
0.47483766
0.48092521
0.49068952
0.5008609
0.51126373
0.52012237
0.52551631
0.51997689
0.47403422
0.48014674
0.48987984
0.50008367
0.51065476
0.51972207
0.52567812
0.52039756
0.47300774
0.47909764
0.48871055
0.49886199
0.50947824
0.51872891
0.52511551
0.52006927
0.47184299
0.47786367
0.48730039
0.49729328
0.50788855
0.51720337
0.52389598
0.51897781
0.47073952
0.47666758
0.48591721
0.4957346
0.50626686
0.51557156
0.5224772
0.51763284
0.46999624
0.4758497
0.4849567
0.49465459
0.50511985
0.51441364
0.52141872
0.5166578
0.40581414
0.41150834
0.42077169
0.43264243
0.4448812
0.45615967
0.46568286
0.47227982
0.40569553
0.41137575
0.42062095
0.4324518
0.44465215
0.45589985
0.46543379
0.47201404
0.40548211
0.41113213
0.42033789
0.43209473
0.44422399
0.45541815
0.46496543
0.47150641
0.40516849
0.41077777
0.41992827
0.43157227
0.44358214
0.45469414
0.46424821
0.47073683
0.40476108
0.41031359
0.41938332
0.43089342
0.44277444
0.45378729
0.46334534
0.46976351
0.40431415
0.4098031
0.41877838
0.43014322
0.44188339
0.45278592
0.46234486
0.46867327
0.4039174
0.40934797
0.41823879
0.42947706
0.4410742
0.45188162
0.46139818
0.46764059
0.40366255
0.40905188
0.41788753
0.42904143
0.44054455
0.45129988
0.46075935
0.46694475
0.46961357
0.4754272
0.48445743
0.49409089
0.50451991
0.51379863
0.52085656
0.51613597
0.46877442
0.47449232
0.48335422
0.49284319
0.50318243
0.51243402
0.51959385
0.5149749
0.46722862
0.47275962
0.48129635
0.49050944
0.50065571
0.50984755
0.51713737
0.51277401
0.46502512
0.470267
0.47831814
0.48708688
0.49690734
0.50595431
0.51341728
0.50949258
0.46230635
0.46717323
0.47461461
0.48280063
0.49216207
0.50094155
0.50857659
0.50525988
0.45943334
0.46388604
0.4706879
0.47823559
0.48703311
0.49540536
0.50316157
0.50053055
0.45691381
0.46101126
0.46726475
0.47423776
0.48245171
0.49039325
0.49821687
0.49620876
0.45529373
0.45915365
0.46505426
0.47166151
0.47945357
0.48709496
0.49494155
0.49335288
0.4544652
0.45822424
0.46394588
0.47036549
0.47793974
0.48541822
0.49328082
0.491893
0.45272602
0.45623086
0.4615929
0.46759613
0.47470332
0.4817732
0.48971311
0.48871569
0.44968937
0.45280393
0.45750867
0.46277655
0.4689569
0.47535166
0.48329531
0.48304748
0.44565308
0.44824995
0.45208544
0.45626057
0.46110141
0.46647609
0.47441527
0.47508755
0.44111049
0.44314873
0.44598668
0.44882959
0.45192646
0.4560686
0.46400345
0.46544953
0.43681087
0.43832097
0.44001576
0.44157652
0.4427615
0.44575711
0.45346593
0.45550767
0.43312339
0.4342342
0.43498924
0.43537308
0.43513835
0.43706014
0.44468068
0.4469385
0.43085001
0.43155825
0.43186518
0.43143608
0.43045743
0.43158666
0.4392347
0.44139364
0.39969718
0.40446071
0.41223528
0.42180518
0.43146801
0.44057822
0.44811195
0.45246344
0.39934381
0.40405144
0.41173316
0.42113622
0.43060554
0.43949407
0.44672501
0.4508289
0.39874609
0.40337303
0.41089248
0.42002513
0.42916807
0.43764908
0.44431464
0.44800332
0.39807998
0.4025798
0.4098662
0.41863082
0.42734455
0.43522063
0.44111065
0.44424437
0.39750581
0.40188355
0.40891176
0.4172596
0.42544411
0.43254932
0.43751653
0.44004407
0.3968239
0.40114324
0.40801411
0.41603787
0.42373104
0.43002121
0.43410576
0.43603654
0.39597008
0.4002652
0.40703283
0.41485066
0.42215596
0.42778681
0.43113187
0.43263244
0.39536981
0.39960888
0.40632221
0.41398009
0.42106284
0.42624657
0.42920537
0.4303061
0.34961184
0.35177391
0.35727602
0.36588853
0.37568627
0.38611388
0.39531313
0.40087604
0.34947445
0.35166933
0.35718274
0.36576546
0.37553094
0.3859376
0.39510114
0.40062677
0.34921326
0.35147503
0.35702108
0.36555738
0.37527113
0.38564649
0.39474538
0.40020086
0.34881344
0.35117665
0.3567937
0.36529346
0.37494132
0.38527165
0.39428483
0.39964067
0.34831934
0.35078346
0.35649368
0.3649974
0.37458633
0.38486188
0.3937693
0.39900293
0.3478524
0.3503976
0.35616821
0.3646766
0.37424558
0.38448639
0.39327174
0.39837534
0.34747613
0.3501137
0.35592596
0.36440149
0.3739547
0.38418047
0.39285751
0.39785534
0.34722179
0.34994211
0.35580424
0.36424445
0.37377309
0.38398632
0.39259827
0.3975298
0.34708279
0.34985301
0.35575084
0.36417517
0.37368617
0.3838916
0.39246917
0.397376
0.34675445
0.34964103
0.35564275
0.36404918
0.37352291
0.38370095
0.3922038
0.39704254
0.346054
0.34915186
0.35540856
0.36388641
0.37331627
0.38341501
0.39176141
0.3964948
0.34492711
0.34823928
0.35483594
0.36358968
0.37314617
0.38317046
0.39129206
0.3958819
0.34359205
0.34705564
0.35384461
0.36285749
0.37276074
0.38289735
0.39087618
0.39535874
0.34234123
0.3459355
0.35281408
0.36186688
0.37197233
0.38225251
0.3902155
0.39468594
0.34136314
0.34505858
0.35201907
0.36107388
0.37120059
0.38146559
0.38937072
0.39384597
0.34078438
0.3445355
0.35154092
0.36061629
0.37075615
0.38095895
0.38879593
0.39323494
0.33517742
0.3352618
0.33594461
0.33776847
0.34009622
0.34210149
0.34415411
0.34598198
0.33413593
0.33422145
0.33493422
0.33679816
0.33919193
0.34134806
0.34360963
0.34558646
0.33239569
0.33249465
0.33324755
0.33517048
0.33765029
0.34002091
0.34258093
0.34477946
0.33018584
0.33030186
0.33111285
0.33310731
0.33567237
0.33826472
0.3411363
0.34354836
0.32779864
0.32793671
0.32881339
0.33088921
0.33354651
0.33635745
0.33952474
0.34212892
0.32555444
0.32571793
0.32666119
0.32881876
0.33156638
0.33458606
0.33802673
0.34080027
0.32376482
0.32395196
0.32495121
0.32717588
0.33000188
0.33319011
0.33685321
0.33976083
0.32268042
0.32288363
0.32391739
0.32618386
0.32906138
0.33235388
0.33615301
0.33914422
2.7553828
2.7603688
2.7698412
2.7751013
2.7622394
2.7560867
2.7269588
2.7310771
2.7779098
2.7835261
2.7940048
2.8004005
2.7884336
2.7831621
2.7543006
2.7587782
2.8194915
2.8264523
2.8392604
2.8483358
2.8386605
2.8356176
2.8078698
2.8134394
2.8647739
2.8734954
2.8898604
2.9028108
2.8966903
2.8973817
2.8716583
2.8789861
2.8868774
2.8964191
2.9157222
2.9322005
2.9282102
2.9329544
2.9094228
2.9179369
2.8868399
2.8961992
2.9165921
2.9352295
2.931228
2.9381172
2.9163957
2.9250849
2.881103
2.8902595
2.9111186
2.9309054
2.9266658
2.9341389
2.9135294
2.9222209
2.8763156
2.8853318
2.9064942
2.9269613
2.9225803
2.930346
2.9101765
2.918914
2.745286
2.7532057
2.7763472
2.803638
2.7983517
2.8050711
2.7894799
2.7977914
2.7280355
2.73549
2.757832
2.7859992
2.7814527
2.7870195
2.7716841
2.780788
2.6969365
2.7040519
2.7247271
2.7525567
2.7510616
2.7555845
2.7383819
2.7475109
2.6518138
2.6593007
2.6791922
2.7049343
2.7048518
2.7120383
2.6948202
2.7032706
2.5972195
2.6046424
2.6244551
2.6491947
2.6487669
2.6568898
2.6409481
2.6495937
2.5412507
2.5489995
2.5684487
2.5921671
2.5917489
2.6005586
2.5856448
2.595228
2.4939888
2.5013726
2.5215967
2.5452284
2.5439375
2.5536073
2.5409786
2.5510485
2.4631603
2.4723918
2.4916561
2.5162346
2.5149606
2.5250138
2.5140499
2.5251997
2.6611534
2.6832218
2.7240215
2.7751376
2.7988689
2.8234761
2.8152561
2.8287102
2.654907
2.6770095
2.7179646
2.7689981
2.792578
2.8174488
2.8095276
2.8230068
2.6430972
2.6651744
2.706266
2.7571562
2.7805528
2.8058558
2.7984195
2.8119719
2.6256821
2.6476627
2.6887751
2.739591
2.7627992
2.7884516
2.7815388
2.7952043
2.6033277
2.6252963
2.6664585
2.7171373
2.7405
2.7663398
2.7596893
2.7733017
2.5784404
2.6005194
2.6415628
2.6919177
2.7156857
2.7419364
2.7352411
2.7485829
2.5552524
2.5775327
2.6187623
2.6683728
2.6922977
2.7194153
2.7127814
2.7256251
2.539645
2.5619659
2.6032798
2.6526823
2.6764121
2.7041505
2.6977476
2.7103118
2.5316601
2.5539116
2.5953407
2.6446351
2.6681757
2.6960819
2.6900432
2.7024345
2.5143337
2.5364787
2.5778879
2.6271273
2.6500898
2.6786262
2.6734534
2.6857936
2.4830515
2.5046005
2.5458798
2.5952502
2.617754
2.6460859
2.6422479
2.6549545
2.4390382
2.4601483
2.5006276
2.5499321
2.5723095
2.6001517
2.5971839
2.6104238
2.3860325
2.4063442
2.4459667
2.4949075
2.518071
2.545397
2.543024
2.5563357
2.3319657
2.3512103
2.3892364
2.4375004
2.4614593
2.4892037
2.4875777
2.5015361
2.287313
2.3051649
2.3409861
2.3878508
2.4123247
2.4408411
2.440057
2.4537895
2.2587158
2.2764939
2.3114384
2.3566431
2.3802185
2.4090521
2.4094418
2.4254287
1.8857238
2.125493
2.2533508
2.3394675
2.3869417
2.4419268
2.4581354
2.4801412
1.8736028
2.1120181
2.2390035
2.3244476
2.370974
2.4254385
2.441326
2.463274
1.851978
2.0877924
2.2138913
2.2976885
2.3425975
2.3958381
2.4113506
2.4327021
1.8223151
2.0540642
2.1787711
2.2615338
2.303542
2.3540138
2.3689991
2.3897196
1.7869981
2.0151003
2.1375236
2.2189018
2.2591849
2.3050855
2.3181375
2.3378226
1.75083
1.9749232
2.0960569
2.1752362
2.2138356
2.2568759
2.2674208
2.2855271
1.7195394
1.9407591
2.060647
2.1383942
2.1755136
2.2159874
2.2254453
2.2419229
1.70005
1.9185985
2.0385241
2.1146866
2.1519447
2.189909
2.1981905
2.2142259
0.42946531
0.43030925
0.43027679
0.42978804
0.42795565
0.42897224
0.43650326
0.43837874
0.42734688
0.42760712
0.4271239
0.42542037
0.42373235
0.42360497
0.43105463
0.43307938
0.42334874
0.42334697
0.42216597
0.41932919
0.41598705
0.41444997
0.42145583
0.42247413
0.41899265
0.41825581
0.41581614
0.41083626
0.40760696
0.40329594
0.41036919
0.40916732
0.41383109
0.41355652
0.40910435
0.40417426
0.39683091
0.39132498
0.3957791
0.39334673
0.41071674
0.40860053
0.40348863
0.39639761
0.3867128
0.38123425
0.38182723
0.37964413
0.40779037
0.40488174
0.39979144
0.38950505
0.37963563
0.37105411
0.37117874
0.36260945
0.40700646
0.40186909
0.39784496
0.38325557
0.3768276
0.36719537
0.36510438
0.35432952
0.40354726
0.39974439
0.39678477
0.38309927
0.37352785
0.36229687
0.36272852
0.3523113
0.4050479
0.40163764
0.38934552
0.38238775
0.36932789
0.3572468
0.36198245
0.33283866
0.39679341
0.39631944
0.39083418
0.37027619
0.36418044
0.3437859
0.35566668
0.31503423
0.40393527
0.38227788
0.39164527
0.35607492
0.3609882
0.35489616
0.34737607
0.30128593
0.39868924
0.39067962
0.37586108
0.35527734
0.36416674
0.34619459
0.31457467
0.30781468
0.38251437
0.38331431
0.36782095
0.36617324
0.35231291
0.32882334
0.33754537
0.31015591
0.39678986
0.37237659
0.37929655
0.36615539
0.33754318
0.32753827
0.34660219
0.27460784
0.38867786
0.3722327
0.37602002
0.36582047
0.34444063
0.32292452
0.31729887
0.30251791
0.38931944
0.39326452
0.39890236
0.40492621
0.40857552
0.40947024
0.40756904
0.4056607
0.38907265
0.39292136
0.39862351
0.40448192
0.40817033
0.40903121
0.40809288
0.40691902
0.38869358
0.39248936
0.39815373
0.40385212
0.40712436
0.40724462
0.40448732
0.3997523
0.38830433
0.39196998
0.39784769
0.40314841
0.40661743
0.40646407
0.40423048
0.40228139
0.38805792
0.39164818
0.39755821
0.4026356
0.40592807
0.40498099
0.40122918
0.39763074
0.38770861
0.39162801
0.39725169
0.40256361
0.40580787
0.40389153
0.40342606
0.39281739
0.38784858
0.39143403
0.39725319
0.40260104
0.40544925
0.40365889
0.39837635
0.38848061
0.38707412
0.39183732
0.39677964
0.40345098
0.40395539
0.40679514
0.39372483
0.39604683
0.38070081
0.38420873
0.36532636
0.36633395
0.35892719
0.30899152
0.29608331
0.32924807
0.38861172
0.3796343
0.36984315
0.36429585
0.35085126
0.32190425
0.31716524
0.28648192
0.38555866
0.38013552
0.37076202
0.37159437
0.34868775
0.31798052
0.33329592
0.25955434
0.38568051
0.38402265
0.37032334
0.37764285
0.34984053
0.33366781
0.32552275
0.29376003
0.39018075
0.38363736
0.37733557
0.38177149
0.35494366
0.35729003
0.31674205
0.3076076
0.39111773
0.3887639
0.38032351
0.38298958
0.36879038
0.36569522
0.33338942
0.31289006
0.3954418
0.39065846
0.38583341
0.38310443
0.3813066
0.37002313
0.35675664
0.32129222
0.39669213
0.39332661
0.38684511
0.38564506
0.38414943
0.37768155
0.36066918
0.33405509
0.39702591
0.39459408
0.38802892
0.38617333
0.38624993
0.37986743
0.36864785
0.33556372
0.39940056
0.39648388
0.39031579
0.3885095
0.38845625
0.38508555
0.37735196
0.34820788
0.4027402
0.39997592
0.3943411
0.39205536
0.39194263
0.3909472
0.38630225
0.35832111
0.40711978
0.40464736
0.39962889
0.39657557
0.39614942
0.39626459
0.39236886
0.36428598
0.41157024
0.40975683
0.40537943
0.4018904
0.40063738
0.40035556
0.39640253
0.3683157
0.41572372
0.41426121
0.41080415
0.40708479
0.4049807
0.40404266
0.399556
0.37065048
0.41876142
0.41768743
0.41491706
0.4112915
0.40858258
0.4068192
0.40188514
0.37290644
0.4205764
0.41964579
0.41730336
0.41378801
0.41080822
0.40854109
0.40330672
0.3737465
0.38775572
0.39217342
0.39827658
0.40468553
0.40820772
0.40793552
0.40335807
0.40004039
0.3879103
0.39211406
0.39845721
0.40480618
0.40887519
0.40864263
0.40501705
0.40137743
0.38785512
0.39214952
0.3985955
0.4052486
0.4097836
0.41030348
0.40743151
0.40456265
0.38782016
0.39215084
0.39880486
0.4058552
0.4111169
0.41251713
0.41072029
0.40836046
0.38773191
0.39216421
0.39907175
0.40665451
0.41272014
0.41507631
0.41424605
0.41260373
0.38767311
0.39222037
0.39942261
0.40758437
0.41438146
0.41755123
0.41749354
0.41635905
0.38765438
0.39233322
0.39982612
0.40846818
0.41582018
0.41951762
0.41998798
0.41927127
0.38768831
0.39244661
0.40013659
0.40908026
0.41672054
0.42069979
0.4214477
0.42089762
0.32951485
0.33445677
0.34289569
0.35306002
0.36410357
0.37386191
0.38160846
0.38518738
0.32910645
0.33422951
0.34260316
0.35298166
0.36389384
0.37392702
0.38135908
0.38581708
0.32858617
0.3337509
0.34225766
0.3527049
0.36374891
0.37378675
0.38137819
0.38560123
0.32791275
0.33319257
0.34180822
0.35240757
0.36354352
0.37370047
0.38132723
0.38571565
0.32723314
0.33259751
0.34134769
0.35208742
0.36334816
0.37360019
0.38130933
0.38570771
0.32660925
0.33204406
0.34093281
0.35177658
0.36318588
0.37349175
0.38129252
0.38573139
0.32610828
0.33163254
0.34056927
0.35156312
0.36301878
0.37342695
0.38123589
0.38578852
0.32582802
0.33135084
0.34038695
0.35138676
0.36295826
0.3733323
0.38126553
0.38560788
0.32567136
0.33123942
0.34026627
0.35133765
0.36288564
0.37334122
0.38117357
0.38586495
0.32538229
0.33097436
0.34005678
0.35118198
0.36279761
0.37325594
0.38117475
0.38571949
0.32488737
0.33053716
0.33969442
0.35092624
0.3626216
0.37313327
0.3810887
0.38571321
0.32426367
0.32997092
0.33922297
0.35058225
0.36237894
0.37294339
0.38096836
0.3856142
0.32357948
0.32934652
0.33869192
0.3501877
0.36208086
0.37271176
0.38080037
0.38551359
0.32293061
0.32874211
0.33817332
0.34979014
0.36177095
0.37246904
0.38063684
0.3854022
0.32240239
0.32824847
0.3377443
0.34945584
0.36150305
0.37227013
0.38051295
0.38535219
0.3220825
0.32794239
0.33747904
0.34924486
0.36133519
0.37214873
0.3804547
0.38533021
0.2804081
0.28104031
0.28375665
0.28964995
0.29842765
0.30848192
0.31739182
0.32296702
0.27918609
0.27982855
0.28261143
0.28870665
0.29778143
0.30803564
0.31703776
0.32264777
0.27714558
0.27780712
0.28070476
0.28715527
0.29672645
0.30730727
0.31645032
0.32213096
0.27454326
0.2752302
0.27828668
0.28521589
0.29542271
0.30639929
0.31571357
0.32146987
0.27171681
0.27243435
0.27568031
0.28315763
0.29405017
0.30543482
0.31492164
0.32075663
0.26904796
0.26979892
0.27324096
0.28125513
0.29278682
0.30453768
0.31417967
0.32007854
0.26691145
0.26769319
0.27130388
0.27975564
0.29179147
0.30382532
0.31358628
0.31953525
0.26561397
0.26641663
0.27013406
0.27885281
0.29119174
0.30339335
0.31322669
0.31919969
1.9437684
1.952044
1.9711887
2.0099838
2.0503533
2.0807848
2.0930423
2.0957337
1.8746767
1.8790369
1.9182553
1.9588072
1.9874709
2.0137964
2.0364054
2.0489998
1.7703391
1.7871293
1.8150239
1.8451285
1.8796688
1.9125736
1.9397768
1.9436122
1.6965674
1.7103726
1.7256087
1.7437245
1.7710873
1.794473
1.824226
1.8408836
1.5970714
1.6030583
1.6237475
1.64719
1.673101
1.7016673
1.7222047
1.7336635
1.5465303
1.5594396
1.569797
1.5834741
1.6053218
1.6253827
1.6465035
1.6556826
1.4880639
1.4939085
1.5063688
1.5202009
1.535964
1.5522716
1.5659278
1.578233
1.4255478
1.4298049
1.4292063
1.448931
1.4554616
1.4775449
1.4845733
1.4958668
0.22232534
0.22425543
0.22618298
0.22833645
0.22947125
0.23048579
0.23057699
0.23155142
0.22711932
0.22737462
0.22816047
0.22958419
0.23055191
0.23137817
0.23154389
0.23208182
0.22955093
0.2298341
0.23079607
0.23167978
0.23196515
0.23225929
0.23210428
0.23286671
0.23006536
0.23086674
0.23125032
0.23180706
0.23202814
0.23229337
0.23211965
0.23272765
0.23187175
0.23186554
0.23236475
0.23294378
0.23297872
0.23300959
0.23266973
0.23326347
0.23217842
0.23258203
0.23288216
0.23327554
0.23325115
0.23330898
0.23296145
0.2335443
0.23317331
0.23320834
0.23361883
0.23410975
0.23405636
0.23399292
0.23353011
0.23405872
0.23319597
0.23359496
0.23385233
0.2342311
0.23412604
0.23414195
0.2337181
0.23429257
0.15701744
0.15841121
0.16016347
0.16182427
0.16330134
0.16120245
0.16839362
0.12739372
0.16488184
0.16480664
0.16616052
0.16180243
0.16591068
0.1590336
0.17650279
0.12175295
0.18063125
0.18281388
0.1832486
0.18525873
0.18701627
0.18722101
0.18553692
0.1918583
0.17985672
0.18008279
0.18252352
0.18450292
0.18755794
0.18968308
0.19392126
0.18394913
0.18651567
0.18705117
0.18670074
0.18728028
0.18612089
0.18698059
0.18612824
0.18846421
0.19537293
0.19623251
0.19855225
0.20084303
0.20395621
0.20583617
0.20773725
0.21103623
0.19814275
0.19968812
0.20118622
0.20505999
0.20857076
0.21365557
0.21708575
0.21850778
0.20815629
0.20882226
0.21119718
0.21392319
0.21573042
0.21688912
0.21558447
0.21809321
0.21147529
0.21275318
0.21462679
0.21635095
0.2179887
0.21921709
0.22207361
0.22386921
0.21660413
0.21774802
0.21943084
0.22167926
0.22375583
0.22460321
0.22432793
0.22542691
0.2240031
0.22432342
0.22488946
0.22589723
0.2261813
0.22762332
0.22829057
0.22849887
0.22662205
0.22718386
0.22814135
0.22906856
0.22974049
0.22955447
0.22911771
0.23074564
0.22899233
0.22923541
0.22950477
0.23013676
0.23005591
0.23066048
0.23056818
0.2305778
0.22995143
0.23025315
0.23080961
0.23138825
0.23168361
0.23157672
0.23113661
0.23231343
0.23109095
0.23133835
0.23159749
0.23210316
0.2319575
0.23223082
0.2319617
0.23219064
0.23144278
0.23168588
0.23213136
0.23262945
0.23275476
0.232733
0.23228208
0.23322905
0.20457883
0.20936985
0.20907988
0.2092626
0.20767358
0.20833657
0.20887796
0.21071442
0.20837349
0.21574599
0.21558968
0.21523339
0.21397861
0.2149522
0.21502882
0.21649601
0.21373153
0.21906537
0.2202409
0.22147001
0.22233043
0.22221496
0.22231987
0.22279789
0.21940048
0.22381203
0.22534863
0.22617163
0.22558153
0.22579189
0.22514343
0.22634312
0.21956685
0.2263584
0.22744968
0.22791931
0.22788338
0.22808028
0.22789365
0.22832064
0.2225046
0.22775943
0.22930803
0.23002076
0.22959481
0.22949998
0.22875629
0.22956228
0.22266196
0.22914765
0.23010974
0.23068152
0.23038519
0.23056081
0.23007967
0.23059007
0.22430638
0.22927767
0.23121678
0.23143474
0.23133133
0.23091832
0.2303389
0.23088474
0.42140525
0.42055165
0.41844752
0.41498071
0.41188418
0.40936384
0.40398112
0.37445985
0.42306726
0.42240174
0.42067529
0.41740933
0.41411919
0.41106712
0.40538083
0.37558536
0.42564961
0.42525627
0.42412986
0.42124751
0.41778494
0.41387901
0.40769095
0.37747734
0.42857459
0.4284779
0.42800857
0.42570737
0.42222143
0.41739394
0.41055874
0.37985132
0.43127255
0.43145571
0.43157412
0.42994112
0.42663251
0.4210349
0.41352818
0.38230498
0.43338838
0.43380305
0.4343933
0.43335569
0.43035702
0.42423582
0.41616825
0.38448836
0.43481049
0.43539519
0.43632084
0.4357148
0.43303084
0.42660382
0.41814673
0.38613623
0.43557507
0.4362476
0.43737198
0.43699948
0.43452778
0.42795633
0.41929278
0.38707596
0.43591723
0.43663863
0.43784941
0.43759189
0.43522126
0.42859388
0.41982738
0.38754262
0.43658151
0.43738954
0.43878154
0.43874287
0.43659111
0.42986022
0.42090947
0.38844472
0.43755205
0.4385023
0.44017027
0.44047501
0.43868353
0.43183699
0.42260627
0.38987835
0.43858589
0.43970299
0.44168764
0.44238251
0.44104171
0.43412091
0.42458677
0.39156051
0.43951218
0.44078587
0.44307947
0.44413708
0.44326676
0.43633245
0.42652111
0.3932123
0.44024903
0.44164824
0.44420177
0.4455535
0.44509551
0.43819712
0.4281589
0.39461461
0.44076368
0.44225454
0.44499216
0.44655495
0.44639511
0.43955395
0.42934985
0.395636
0.44104948
0.44259268
0.44543347
0.44711418
0.4471224
0.44032331
0.43002608
0.39621503
0.39378611
0.40015872
0.40968289
0.41953716
0.42720693
0.43188376
0.43441283
0.43544607
0.3948203
0.40119782
0.41059224
0.42019732
0.42768874
0.43234826
0.43495741
0.43606585
0.39659382
0.40289689
0.41197298
0.42113204
0.42835261
0.43300812
0.43574603
0.43697268
0.39879889
0.40487068
0.41342643
0.42203274
0.42898647
0.43367712
0.43657666
0.43793417
0.40091367
0.40662675
0.4145895
0.42270394
0.42947254
0.43424117
0.43731036
0.4387911
0.40250827
0.40786215
0.41533596
0.42312844
0.42980099
0.43466236
0.43788398
0.43946955
0.40348093
0.40857821
0.41574384
0.4233714
0.43000513
0.43494184
0.43828008
0.43994257
0.40395037
0.40891366
0.41593055
0.4234896
0.430112
0.43509195
0.43849876
0.44020363
0.44118171
0.44275008
0.44563873
0.44737456
0.44746087
0.44068379
0.430343
0.39648656
0.44144258
0.44306103
0.44604476
0.4478892
0.44813009
0.44140002
0.43097407
0.39702512
0.44184148
0.44353878
0.44667141
0.4486809
0.44916033
0.44251056
0.43195541
0.39786151
0.44229023
0.44407927
0.44738426
0.4495785
0.45032812
0.44378124
0.43308099
0.39881934
0.44270871
0.44458553
0.44805677
0.45041912
0.45142361
0.44498846
0.43415337
0.39972883
0.44304331
0.44499133
0.44860031
0.45108815
0.45230082
0.44597225
0.43503119
0.40046911
0.44327094
0.44526907
0.44897338
0.4515381
0.4528967
0.44665752
0.43564582
0.40098435
0.44339234
0.44541837
0.44917331
0.45177462
0.45321431
0.44703154
0.43598191
0.40126413
0.44344713
0.44548584
0.44926358
0.45187968
0.45335734
0.44720103
0.43613508
0.40139211
0.44355043
0.44561539
0.44943458
0.4520769
0.4536282
0.44752929
0.4364326
0.4016377
0.44369684
0.44579995
0.44967687
0.45234331
0.45401467
0.44800648
0.43685677
0.40198742
0.44383802
0.44598261
0.4499093
0.45257846
0.45439604
0.4484589
0.43726998
0.40233881
0.44393877
0.44612431
0.45006928
0.45273063
0.45466631
0.44877814
0.43759187
0.4026183
0.44399598
0.44620677
0.45015061
0.45280354
0.45480524
0.44896171
0.43777967
0.40278298
0.44401981
0.44623946
0.45018068
0.45282859
0.45485623
0.44903859
0.43785365
0.40285632
0.44402536
0.4462462
0.45018701
0.45283332
0.45486721
0.44905223
0.4378695
0.40287613
0.40612675
0.4104671
0.41674425
0.42415676
0.43081018
0.4363686
0.44037449
0.44239965
0.40618994
0.41050849
0.41675931
0.42416886
0.43081842
0.43641988
0.44045885
0.44249573
0.40628152
0.41056385
0.41677652
0.42418022
0.43082233
0.43648725
0.44057561
0.44263048
0.40637483
0.41061356
0.41678518
0.4241817
0.43081682
0.43654633
0.4406857
0.44275993
0.4064474
0.41064697
0.41678066
0.42417348
0.43080832
0.4365884
0.44076455
0.44285492
0.40649059
0.41066369
0.41677087
0.42416494
0.4308057
0.43661555
0.44080882
0.44290778
0.40650923
0.41066936
0.41676557
0.42416165
0.4308078
0.43662873
0.44082737
0.44292869
0.40651336
0.41067049
0.4167646
0.42416132
0.43080891
0.43663186
0.44083162
0.442933
0.31373232
0.3204178
0.33259087
0.34977904
0.36898023
0.38546846
0.39605729
0.40158721
0.31345929
0.32031637
0.33298699
0.35082493
0.37023407
0.38639126
0.39662726
0.4020036
0.31308082
0.32032941
0.33396187
0.35278089
0.37224207
0.38768885
0.3973678
0.40253734
0.31283194
0.32079118
0.33576985
0.35548848
0.37449967
0.38891065
0.39800756
0.40300159
0.31304843
0.32198726
0.33832833
0.35840396
0.37642354
0.38978362
0.39844529
0.40333565
0.31388377
0.32379257
0.34108231
0.36085858
0.37771735
0.39031427
0.39871899
0.40356126
0.31502945
0.32563443
0.34333778
0.36249239
0.37844297
0.39061646
0.39888494
0.40370644
0.31591736
0.32687904
0.34466476
0.36332179
0.37877862
0.39076707
0.39897171
0.40378424
0.31639639
0.3275092
0.34528847
0.36368081
0.37891892
0.39083385
0.39901117
0.4038197
0.31746904
0.32884269
0.3465153
0.36433273
0.37916929
0.39096078
0.399088
0.40388829
0.31943963
0.3310819
0.34832713
0.36517114
0.37949486
0.39114491
0.39920448
0.40398865
0.32207183
0.33375925
0.35013356
0.36587284
0.37979581
0.39133763
0.39933385
0.40409172
0.32471745
0.33616522
0.35144282
0.3663153
0.38002217
0.39149847
0.39944576
0.40417467
0.32662199
0.33774827
0.3521412
0.36654496
0.38015601
0.39160302
0.39951779
0.404225
0.32749871
0.33844268
0.35240485
0.36663713
0.38021097
0.3916495
0.39954912
0.40424469
0.32769592
0.33859633
0.35245957
0.36665715
0.38022278
0.39165987
0.39955601
0.40424877
0.23413747
0.23434106
0.23589748
0.24065897
0.25775241
0.28253315
0.3004796
0.31107605
0.23403227
0.23417515
0.23564591
0.23993484
0.25630666
0.28152586
0.30067242
0.31192285
0.23389678
0.23394825
0.23529389
0.23891278
0.25397081
0.27986873
0.30123979
0.31356597
0.23377883
0.23374185
0.23493921
0.23794508
0.25123958
0.27794859
0.30229889
0.31587478
0.2337039
0.23360209
0.23465037
0.23727394
0.24878755
0.27634951
0.30358072
0.31827586
0.2336766
0.2335219
0.23447366
0.23691696
0.24718833
0.27543786
0.304575
0.32005542
0.23367318
0.23348599
0.23440195
0.23677643
0.24650745
0.2751125
0.30503969
0.32089517
0.23367304
0.23347797
0.23438675
0.23674624
0.24636094
0.27505512
0.30514326
0.32108595
0.23841397
0.2384653
0.23862177
0.23879312
0.23847358
0.23821285
0.23760344
0.23805079
0.23875032
0.23883581
0.23897126
0.23913586
0.23879683
0.23852572
0.23790297
0.23834677
0.23935765
0.23942254
0.23954528
0.23968796
0.23932929
0.23903537
0.23839637
0.23882865
0.24007397
0.2401327
0.24023734
0.24035982
0.23997411
0.23965723
0.23899573
0.23941886
0.2408026
0.24085053
0.24094086
0.24104279
0.24063441
0.24029279
0.23961155
0.24002224
0.24143257
0.24147514
0.24155359
0.24164158
0.24121434
0.24085581
0.24015755
0.24056116
0.24189709
0.24193261
0.2420036
0.2420802
0.24164108
0.24126961
0.24056136
0.24095849
0.24215559
0.24219286
0.2422573
0.24232902
0.24188147
0.24150399
0.24078876
0.24118458
0.24452473
0.24453248
0.24455513
0.24457063
0.24405837
0.24361793
0.24284861
0.24321628
0.24464102
0.24464761
0.24466816
0.24468134
0.24416637
0.24372338
0.2429517
0.24331839
0.24481377
0.24481825
0.24483562
0.24484503
0.24432615
0.24387964
0.24310478
0.24346994
0.24499243
0.244995
0.24500886
0.24501385
0.24449032
0.24404005
0.24326218
0.24362604
0.24513232
0.24513329
0.24514464
0.24514636
0.24461914
0.24416583
0.24338555
0.24374845
0.24521598
0.24521614
0.24522605
0.24522614
0.244697
0.24424193
0.24346018
0.24382244
0.24525174
0.24525131
0.24526037
0.24525943
0.24472925
0.24427339
0.24349106
0.24385314
0.24525962
0.2452591
0.24526792
0.2452667
0.24473623
0.24428014
0.2434977
0.24385975
0.24270191
0.24273628
0.24275667
0.24284491
0.2424077
0.24210351
0.24141968
0.24189807
0.24298665
0.2430182
0.24303094
0.24311143
0.24266532
0.24235514
0.24166509
0.24214426
0.24342935
0.24345421
0.24345678
0.24352482
0.24306641
0.24274581
0.24204805
0.24252301
0.24393859
0.24395631
0.24394672
0.24400066
0.24352777
0.24319583
0.24248868
0.24296023
0.24442638
0.24443758
0.24441696
0.24445717
0.24396999
0.24362612
0.24290984
0.24337734
0.24482465
0.24483105
0.24480222
0.24483237
0.24433396
0.24398055
0.24325624
0.2437205
0.24510305
0.24510653
0.24507236
0.24509537
0.2445891
0.24422892
0.24349928
0.24396107
0.24525508
0.24525713
0.24522033
0.24523981
0.24472901
0.24436492
0.243632
0.24409277
0.24532437
0.24532577
0.24528789
0.24530576
0.24479313
0.24442717
0.24369295
0.24415272
0.24545752
0.24545801
0.24541813
0.24543334
0.24491735
0.24454818
0.24381104
0.24426981
0.24565004
0.24564956
0.24560787
0.24562004
0.24509989
0.24472679
0.24398607
0.24444314
0.24584564
0.24584456
0.2458015
0.24581164
0.24528807
0.24491121
0.24416698
0.24462256
0.24599767
0.24599633
0.24595259
0.24596126
0.24543524
0.2450556
0.24430858
0.24476289
0.24608837
0.24608678
0.24604242
0.24605041
0.24552331
0.24514208
0.24439338
0.24484695
0.24612606
0.24612462
0.24608027
0.24608814
0.24556079
0.24517908
0.2444297
0.24488283
0.24613418
0.24613287
0.24608849
0.24609643
0.24556916
0.24518737
0.24443779
0.2448908
0.23905885
0.24533618
0.24658758
0.24695029
0.24614497
0.24557734
0.24454337
0.24492087
0.2391976
0.24547741
0.2467283
0.24708981
0.24628219
0.24571276
0.24467723
0.24505421
0.23939568
0.24568022
0.24693051
0.24728965
0.24647968
0.2459082
0.24487046
0.24524689
0.23959604
0.2458839
0.2471322
0.24748847
0.2466765
0.24610473
0.2450661
0.24544232
0.23975347
0.24604434
0.24728892
0.24764153
0.24682838
0.24625689
0.24521769
0.24559432
0.23985033
0.24613987
0.2473793
0.24772953
0.24691696
0.24634677
0.2453081
0.24568476
0.23989587
0.24618073
0.24741608
0.24776387
0.24695075
0.24638228
0.24534499
0.24572231
0.23990906
0.24619075
0.24742485
0.24777148
0.24695734
0.24638948
0.2453527
0.24573034
