FiniteElementSpace
FiniteElementCollection: L2_2D_P7
VDim: 1
Ordering: 0

2.0000058
2.0000283
2.0000315
2.0000398
2.0000497
2.0000096
2.0000929
2.0000964
2.0000058
2.0000283
2.0000315
2.0000398
2.0000497
2.0000096
2.0000929
2.0000964
2.0000058
2.0000283
2.0000315
2.0000398
2.0000497
2.0000096
2.0000929
2.0000964
2.0000058
2.0000283
2.0000315
2.0000398
2.0000497
2.0000096
2.0000929
2.0000964
2.0000058
2.0000283
2.0000315
2.0000398
2.0000497
2.0000096
2.0000929
2.0000964
2.0000058
2.0000283
2.0000315
2.0000398
2.0000497
2.0000096
2.0000929
2.0000964
2.0000058
2.0000283
2.0000315
2.0000398
2.0000497
2.0000096
2.0000929
2.0000964
2.0000058
2.0000283
2.0000315
2.0000398
2.0000497
2.0000096
2.0000929
2.0000964
0.53017993
0.47456577
0.45667376
0.44931735
0.44980582
0.44855371
0.45369258
0.43471236
0.53017994
0.47456576
0.45667376
0.44931735
0.44980582
0.44855371
0.45369258
0.43471237
0.53017993
0.47456577
0.45667376
0.44931735
0.44980582
0.44855371
0.45369258
0.43471237
0.53017994
0.47456576
0.45667376
0.44931735
0.44980582
0.44855371
0.45369258
0.43471237
0.53017993
0.47456578
0.45667376
0.44931735
0.44980582
0.44855371
0.45369258
0.43471237
0.53017994
0.47456575
0.45667376
0.44931735
0.44980582
0.44855371
0.45369258
0.43471238
0.53017993
0.47456581
0.45667376
0.44931736
0.44980582
0.44855371
0.45369259
0.43471236
0.53017998
0.4745657
0.45667377
0.44931735
0.44980582
0.4485537
0.45369257
0.43471241
2.0000058
2.0000283
2.0000315
2.0000398
2.0000498
2.0000096
2.0000931
2.0000961
2.0000058
2.0000283
2.0000315
2.0000398
2.0000497
2.0000097
2.000093
2.0000966
2.0000058
2.0000283
2.0000315
2.0000398
2.0000498
2.0000097
2.0000932
2.0000965
2.0000059
2.0000284
2.0000316
2.0000399
2.0000499
2.0000099
2.0000934
2.000097
2.000006
2.0000285
2.0000317
2.00004
2.00005
2.0000103
2.000094
2.0000973
2.0000061
2.0000286
2.0000317
2.0000402
2.0000503
2.0000108
2.0000943
2.0000977
2.0000062
2.0000286
2.0000318
2.0000404
2.0000508
2.0000112
2.0000944
2.0000971
2.0000062
2.0000286
2.0000318
2.0000407
2.0000509
2.0000117
2.0000937
2.0000981
0.53016075
0.47462173
0.45667391
0.44933135
0.44981008
0.44858001
0.45367148
0.43465981
0.53021426
0.47456369
0.45665952
0.44928969
0.44980982
0.44853494
0.45366872
0.43470112
0.53017548
0.47459128
0.45671781
0.44936391
0.44981632
0.4485784
0.45374136
0.43475403
0.53016651
0.47457406
0.45667169
0.44931759
0.44985391
0.44858116
0.45369427
0.43473446
0.52931994
0.47414846
0.45662081
0.44938323
0.44984378
0.44863566
0.45382644
0.43484883
0.52771589
0.4727666
0.45560912
0.44894708
0.4498516
0.44861402
0.45369499
0.43475487
0.52598812
0.4714283
0.45445751
0.44804469
0.44898005
0.44811685
0.45376219
0.43493751
0.52589353
0.47058197
0.4529639
0.44683597
0.44899755
0.44896026
0.4533031
0.43381488
2.0000068
2.0000379
2.0000359
2.0000538
2.0000494
2.000016
2.0001182
2.0001015
2.0000068
2.0000379
2.0000359
2.0000538
2.0000493
2.0000161
2.0001181
2.0001022
2.0000068
2.0000379
2.0000359
2.0000538
2.0000494
2.000016
2.0001182
2.000102
2.0000068
2.0000379
2.0000359
2.0000538
2.0000493
2.0000161
2.0001181
2.0001021
2.0000068
2.0000379
2.0000359
2.0000538
2.0000493
2.000016
2.0001181
2.000102
2.0000068
2.0000379
2.0000359
2.0000538
2.0000493
2.000016
2.0001181
2.000102
2.0000068
2.0000379
2.0000359
2.0000538
2.0000493
2.000016
2.0001181
2.0001019
2.0000068
2.0000379
2.0000359
2.0000538
2.0000493
2.000016
2.0001181
2.0001021
2.4989618
2.4325366
2.4172116
2.4130699
2.4172636
2.4168907
2.4246726
2.4189941
2.498852
2.4325822
2.4171813
2.413162
2.417367
2.4168955
2.4245483
2.4189649
2.4988864
2.4325464
2.4171397
2.413131
2.4173235
2.4168964
2.4246516
2.4190207
2.4987915
2.4324965
2.4170887
2.413091
2.4172846
2.4168241
2.4245615
2.4189645
2.4987515
2.4324297
2.4170155
2.4130084
2.4172135
2.4167549
2.4244923
2.4188743
2.4986819
2.4323838
2.4169731
2.4129692
2.4171626
2.4167028
2.4244341
2.4188298
2.4986612
2.4323453
2.4169383
2.412924
2.4171351
2.4166746
2.4243952
2.4187736
2.4986324
2.4323437
2.4169281
2.4129251
2.4171042
2.4166642
2.424398
2.4188001
2.0012252
1.9948996
1.9674533
1.9129587
1.843148
1.7713778
1.7125102
1.6766976
2.0012252
1.9948996
1.9674533
1.9129587
1.843148
1.7713778
1.7125102
1.6766976
2.0012252
1.9948996
1.9674533
1.9129587
1.843148
1.7713778
1.7125102
1.6766976
2.0012252
1.9948996
1.9674533
1.9129587
1.843148
1.7713778
1.7125102
1.6766976
2.0012252
1.9948996
1.9674533
1.9129587
1.843148
1.7713778
1.7125102
1.6766976
2.0012252
1.9948996
1.9674533
1.9129587
1.843148
1.7713778
1.7125102
1.6766976
2.0012252
1.9948996
1.9674533
1.9129587
1.843148
1.7713778
1.7125102
1.6766976
2.0012252
1.9948996
1.9674533
1.9129587
1.843148
1.7713778
1.7125103
1.6766976
2.0012252
1.9948996
1.9674533
1.9129587
1.843148
1.7713778
1.7125103
1.6766977
2.0012252
1.9948997
1.9674533
1.9129587
1.8431481
1.7713779
1.7125103
1.6766976
2.0012252
1.9948996
1.9674534
1.9129587
1.8431481
1.7713779
1.7125104
1.6766978
2.0012252
1.9948997
1.9674534
1.9129588
1.8431482
1.771378
1.7125105
1.6766979
2.0012253
1.9948997
1.9674535
1.9129589
1.8431483
1.7713781
1.7125106
1.676698
2.0012253
1.9948998
1.9674534
1.9129589
1.8431483
1.7713782
1.7125107
1.6766981
2.0012254
1.9948997
1.9674535
1.9129588
1.8431483
1.771378
1.7125105
1.6766979
2.001225
1.9948999
1.9674534
1.9129589
1.8431482
1.7713781
1.7125105
1.6766982
2.0000058
2.0000283
2.0000315
2.0000398
2.0000497
2.0000096
2.0000929
2.0000964
2.0000058
2.0000283
2.0000315
2.0000398
2.0000497
2.0000096
2.0000929
2.0000964
2.0000058
2.0000283
2.0000315
2.0000398
2.0000497
2.0000096
2.0000929
2.0000964
2.0000058
2.0000283
2.0000315
2.0000398
2.0000497
2.0000096
2.0000929
2.0000964
2.0000058
2.0000283
2.0000315
2.0000398
2.0000497
2.0000096
2.000093
2.0000964
2.0000058
2.0000283
2.0000315
2.0000398
2.0000497
2.0000096
2.0000929
2.0000964
2.0000058
2.0000283
2.0000315
2.0000398
2.0000497
2.0000096
2.000093
2.0000964
2.0000058
2.0000283
2.0000315
2.0000398
2.0000497
2.0000096
2.0000929
2.0000964
0.25049291
0.25006337
0.25001303
0.25003815
0.25000963
0.25000489
0.24999089
0.24998236
0.25049291
0.25006337
0.25001303
0.25003815
0.25000963
0.25000489
0.24999089
0.24998236
0.25049291
0.25006337
0.25001303
0.25003815
0.25000963
0.25000489
0.24999089
0.24998236
0.25049291
0.25006337
0.25001303
0.25003815
0.25000963
0.25000489
0.24999089
0.24998236
0.25049291
0.25006337
0.25001303
0.25003815
0.25000963
0.25000489
0.24999089
0.24998236
0.25049291
0.25006337
0.25001303
0.25003815
0.25000963
0.25000489
0.24999089
0.24998236
0.25049291
0.25006337
0.25001303
0.25003815
0.25000963
0.25000489
0.24999089
0.24998236
0.25049291
0.25006337
0.25001303
0.25003815
0.25000963
0.25000489
0.24999089
0.24998236
0.25049294
0.25006337
0.25001303
0.25003815
0.25000963
0.25000489
0.24999089
0.24998235
0.25049289
0.25006337
0.25001303
0.25003815
0.25000963
0.25000489
0.24999089
0.24998236
0.25049293
0.25006337
0.25001303
0.25003815
0.25000963
0.25000489
0.24999089
0.24998235
0.25049289
0.25006337
0.25001303
0.25003815
0.25000963
0.25000489
0.24999089
0.24998236
0.25049294
0.25006337
0.25001303
0.25003815
0.25000963
0.25000489
0.24999089
0.24998235
0.25049288
0.25006338
0.25001303
0.25003815
0.25000963
0.25000489
0.24999088
0.24998237
0.25049308
0.2500634
0.25001305
0.25003815
0.25000964
0.25000489
0.2499909
0.24998235
0.25049213
0.25006339
0.25001312
0.25003813
0.25000963
0.25000489
0.24999088
0.2499824
0.53017891
0.47456549
0.45667375
0.44931718
0.44980586
0.4485535
0.45369259
0.43471254
0.53018053
0.474566
0.45667376
0.44931755
0.44980592
0.44855376
0.45369244
0.43471208
0.53017947
0.47456566
0.45667393
0.44931723
0.44980584
0.44855382
0.45369271
0.43471257
0.53018074
0.47456611
0.45667368
0.44931768
0.44980592
0.44855367
0.45369267
0.43471244
0.53017944
0.47456579
0.45667428
0.44931726
0.4498061
0.44855424
0.45369288
0.43471275
0.53018174
0.47456667
0.45667381
0.4493182
0.44980603
0.4485536
0.45369292
0.43471274
0.53017849
0.47456584
0.45667502
0.44931711
0.44980618
0.44855455
0.45369329
0.43471333
0.53018488
0.47456707
0.45667312
0.44932042
0.44980744
0.44855242
0.45368793
0.43470527
2.0012307
1.994901
1.9674578
1.9129619
1.8431551
1.7713834
1.712524
1.6766945
2.0012272
1.9949041
1.9674577
1.9129657
1.8431575
1.7713944
1.7125265
1.6767225
2.0012323
1.9949069
1.9674634
1.912973
1.8431718
1.7714062
1.7125473
1.6767273
2.0012374
1.9949161
1.9674736
1.9129901
1.8431884
1.7714273
1.7125612
1.6767672
2.0012501
1.9949286
1.9674886
1.9130101
1.8432046
1.7714187
1.7125092
1.6765832
2.0012602
1.9949426
1.9675021
1.9130227
1.8431241
1.7711482
1.7117932
1.6755109
2.0012807
1.9949458
1.9675152
1.9129547
1.8428372
1.7703551
1.7103469
1.6736246
2.0012732
1.994951
1.967499
1.9128516
1.8424311
1.769564
1.7090943
1.6724169
2.0004321
1.9923588
1.9623616
1.9050941
1.8323745
1.7568565
1.6939536
1.6541044
2.0002404
1.9919861
1.9616906
1.9043882
1.8314417
1.75601
1.6925235
1.653796
2.0000358
1.9913958
1.9606503
1.9031054
1.8300673
1.7543441
1.6907233
1.6514902
1.9998602
1.9908687
1.9594791
1.9015097
1.8282537
1.7522483
1.688253
1.6487714
1.9998237
1.9905883
1.9586152
1.8999366
1.8262592
1.7499236
1.6855959
1.6456625
1.9998027
1.9905009
1.9582065
1.898874
1.824505
1.7477389
1.6830658
1.6430164
1.999805
1.9904637
1.9580715
1.8983682
1.8234365
1.7460878
1.6810938
1.6406382
1.9997781
1.9904719
1.9580118
1.8982094
1.8229516
1.7453189
1.6799293
1.6397071
2.0000068
2.0000329
2.0000336
2.0000462
2.0000484
2.000013
2.000104
2.0000968
2.000007
2.0000335
2.0000336
2.000047
2.0000475
2.0000142
2.0001049
2.0000972
2.0000071
2.0000346
2.0000337
2.0000479
2.0000466
2.000015
2.0001087
2.0000942
2.000007
2.0000358
2.0000338
2.0000493
2.000046
2.0000155
2.0001129
2.0000944
2.0000067
2.0000368
2.0000343
2.0000503
2.0000463
2.0000149
2.0001164
2.0000963
2.0000064
2.0000374
2.0000348
2.0000513
2.0000468
2.0000144
2.0001176
2.000099
2.0000063
2.0000376
2.0000352
2.0000521
2.0000474
2.000014
2.0001179
2.0000994
2.0000062
2.0000376
2.0000353
2.0000526
2.0000476
2.0000142
2.000117
2.0001017
0.25047688
0.25004449
0.25001298
0.25003934
0.25000846
0.25000512
0.24999033
0.24998195
0.25050329
0.25007118
0.25001121
0.25003779
0.25000996
0.25000486
0.24999094
0.24998267
0.25048599
0.25005863
0.25001495
0.25003824
0.25000953
0.25000485
0.24999099
0.24998198
0.25049961
0.2500679
0.25001118
0.25003822
0.2500097
0.25000499
0.24999075
0.24998289
0.2504874
0.25005915
0.25001564
0.25003819
0.25000969
0.25000484
0.24999117
0.24998175
0.25050757
0.25007476
0.250011
0.25003841
0.25000994
0.25000522
0.24999084
0.24998351
0.25048678
0.25005283
0.25002713
0.25004195
0.25001025
0.25000563
0.24999226
0.24998234
0.25082278
0.25017351
0.2499192
0.25005598
0.25000968
0.25000963
0.24998449
0.24999399
2.5803819
2.5014791
2.1283306
1.682045
1.603587
1.6007174
1.5972564
1.6028856
2.3039088
2.2627271
2.0959513
1.7402951
1.6005379
1.6060944
1.5942058
1.6029872
2.2796642
2.2752368
2.1837097
1.8212768
1.6018661
1.6097713
1.5919448
1.6011495
2.3031829
2.2938981
2.2437409
1.9141713
1.6098895
1.6121689
1.5920395
1.5965329
2.3263142
2.3203076
2.2974653
1.9951342
1.6241416
1.6115998
1.5943798
1.591882
2.3514801
2.3384916
2.3266398
2.0541305
1.6382824
1.6104092
1.596811
1.5882141
2.3622806
2.3522859
2.3532966
2.0918985
1.6482227
1.6094058
1.5984167
1.5864946
2.3754597
2.3580384
2.3567655
2.1086277
1.6531022
1.6089389
1.5988778
1.5858249
2.5700217
2.6199118
2.7297485
2.7055812
2.7363411
2.7157816
2.6797605
2.697739
2.4285614
2.3589279
2.4002722
2.4771962
2.4986528
2.4913645
2.4819315
2.4907161
2.4403843
2.3741268
2.3574227
2.3561547
2.3730619
2.3691465
2.3676185
2.3598394
2.4621505
2.3890881
2.3740184
2.3710726
2.3653158
2.3642439
2.3713523
2.3668037
2.4903733
2.4197482
2.3980263
2.3836508
2.3882359
2.3857393
2.3876458
2.3787999
2.4970601
2.4288562
2.4111983
2.402267
2.395435
2.3915576
2.3969139
2.3899112
2.5040668
2.4352817
2.4155681
2.4037596
2.4067208
2.4027885
2.404376
2.3959655
2.5048497
2.4389268
2.419873
2.4094753
2.404592
2.4019661
2.40778
2.400726
1.9998121
1.9904648
1.9579953
1.8979278
1.8220923
1.7431901
1.6764697
1.6349168
1.9998071
1.9904679
1.9579945
1.8979281
1.8220891
1.7431905
1.6764636
1.6349323
1.9998092
1.9904676
1.9579962
1.8979283
1.8220886
1.7431878
1.6764623
1.634923
1.9998078
1.9904679
1.9579965
1.8979306
1.8220911
1.7431906
1.6764636
1.6349281
1.9998076
1.9904667
1.9579958
1.8979294
1.8220909
1.7431909
1.6764648
1.6349269
1.9998065
1.9904662
1.9579947
1.8979286
1.8220892
1.7431891
1.6764623
1.6349261
1.9998068
1.9904658
1.9579944
1.8979277
1.8220886
1.7431879
1.6764615
1.6349234
1.9998059
1.9904658
1.957994
1.8979276
1.8220877
1.7431875
1.6764596
1.634924
1.9998064
1.9904655
1.9579939
1.8979272
1.8220876
1.7431868
1.6764599
1.6349224
1.9998063
1.9904655
1.9579939
1.8979272
1.8220876
1.7431868
1.6764598
1.6349226
1.9998063
1.9904655
1.9579939
1.8979272
1.8220876
1.7431868
1.6764598
1.6349225
1.9998063
1.9904655
1.9579939
1.8979272
1.8220876
1.7431868
1.6764598
1.6349225
1.9998063
1.9904655
1.9579939
1.8979272
1.8220876
1.7431868
1.6764598
1.6349225
1.9998063
1.9904655
1.9579939
1.8979272
1.8220875
1.7431868
1.6764598
1.6349225
1.9998063
1.9904655
1.9579939
1.8979272
1.8220875
1.7431868
1.6764598
1.6349225
1.9998063
1.9904655
1.9579939
1.8979272
1.8220875
1.7431868
1.6764598
1.6349225
2.0000068
2.0000379
2.0000359
2.0000538
2.0000493
2.000016
2.0001181
2.0001019
2.0000068
2.0000379
2.0000359
2.0000538
2.0000493
2.000016
2.0001181
2.000102
2.0000068
2.0000379
2.0000359
2.0000538
2.0000493
2.000016
2.0001181
2.000102
2.0000068
2.0000379
2.0000359
2.0000538
2.0000493
2.000016
2.0001181
2.000102
2.0000068
2.0000379
2.0000359
2.0000538
2.0000493
2.000016
2.0001181
2.000102
2.0000068
2.0000379
2.0000359
2.0000538
2.0000493
2.000016
2.0001181
2.000102
2.0000068
2.0000379
2.0000359
2.0000538
2.0000493
2.000016
2.0001181
2.000102
2.0000068
2.0000379
2.0000359
2.0000538
2.0000493
2.000016
2.0001181
2.000102
2.4204594
2.4064617
2.4120709
2.162453
1.6663394
1.6077103
1.6009498
1.5833851
2.4200677
2.4065533
2.4122119
2.1623719
1.6663113
1.6077196
1.6009546
1.5833932
2.4202164
2.40654
2.4120603
2.1622654
1.6662809
1.6077207
1.6009468
1.5833918
2.4200289
2.4064195
2.4120037
2.1621706
1.666261
1.6077224
1.6009462
1.5833971
2.4200345
2.4063977
2.4119251
2.1621211
1.6662493
1.6077234
1.6009437
1.5833973
2.4199531
2.4063292
2.4119135
2.1620994
1.6662423
1.6077235
1.6009433
1.5833987
2.4199791
2.4063713
2.4119004
2.1620869
1.6662387
1.6077245
1.6009417
1.5833991
2.4199013
2.406262
2.4118952
2.1620823
1.6662377
1.6077219
1.6009428
1.5833972
2.4199322
2.406325
2.4118836
2.1620704
1.6662335
1.6077246
1.6009412
1.5834
2.4199485
2.4063259
2.4118841
2.1620706
1.6662336
1.6077246
1.6009415
1.5833994
2.4199433
2.4063253
2.4118844
2.1620707
1.6662337
1.6077245
1.6009414
1.5833996
2.4199458
2.4063257
2.4118843
2.1620708
1.6662337
1.6077246
1.6009414
1.5833995
2.419944
2.4063252
2.4118842
2.1620705
1.6662336
1.6077246
1.6009414
1.5833995
2.4199447
2.4063253
2.4118838
2.1620703
1.6662335
1.6077246
1.6009414
1.5833995
2.4199442
2.4063247
2.4118837
2.1620701
1.6662335
1.6077245
1.6009414
1.5833996
2.4199434
2.4063252
2.4118834
2.1620701
1.6662334
1.6077246
1.6009413
1.5833996
2.4986225
2.4323147
2.4169038
2.4128925
2.4170891
2.4166312
2.4243628
2.4187526
2.4986203
2.432315
2.4169041
2.4128921
2.4170895
2.4166308
2.424363
2.4187536
2.4986208
2.4323147
2.4169036
2.4128918
2.4170889
2.4166306
2.4243638
2.4187546
2.4986201
2.4323144
2.4169034
2.4128914
2.4170882
2.4166301
2.4243629
2.4187537
2.4986202
2.4323142
2.4169031
2.4128912
2.4170882
2.4166298
2.4243629
2.4187536
2.4986198
2.4323141
2.4169031
2.4128911
2.417088
2.4166297
2.4243623
2.4187532
2.4986201
2.432314
2.416903
2.4128909
2.4170882
2.4166298
2.424363
2.4187536
2.4986192
2.4323142
2.4169028
2.4128911
2.4170875
2.4166297
2.4243619
2.4187528
2.0000607
2.0001498
2.0004741
2.0002647
2.0003372
2.000434
2.0009671
2.0016334
2.0000607
2.0001498
2.0004741
2.0002647
2.0003372
2.000434
2.0009671
2.0016334
2.0000607
2.0001498
2.0004741
2.0002647
2.0003372
2.000434
2.0009671
2.0016334
2.0000607
2.0001498
2.0004741
2.0002647
2.0003372
2.000434
2.0009671
2.0016334
2.0000607
2.0001498
2.0004741
2.0002647
2.0003372
2.000434
2.0009671
2.0016334
2.0000607
2.0001498
2.0004741
2.0002647
2.0003372
2.000434
2.0009671
2.0016334
2.0000607
2.0001498
2.0004741
2.0002647
2.0003373
2.000434
2.0009671
2.0016334
2.0000607
2.0001498
2.0004741
2.0002647
2.0003373
2.000434
2.0009671
2.0016334
2.0000607
2.0001498
2.0004741
2.0002647
2.0003373
2.000434
2.0009671
2.0016334
2.0000607
2.0001498
2.0004741
2.0002647
2.0003373
2.000434
2.0009671
2.0016334
2.0000607
2.0001498
2.0004741
2.0002647
2.0003373
2.000434
2.0009671
2.0016334
2.0000607
2.0001498
2.0004741
2.0002647
2.0003373
2.000434
2.0009671
2.0016334
2.0000607
2.0001498
2.0004741
2.0002647
2.0003373
2.000434
2.0009671
2.0016334
2.0000607
2.0001498
2.0004741
2.0002647
2.0003373
2.000434
2.0009671
2.0016334
2.0000607
2.0001498
2.0004741
2.0002647
2.0003373
2.000434
2.0009671
2.0016334
2.0000607
2.0001498
2.0004741
2.0002647
2.0003373
2.000434
2.0009671
2.0016334
2.0000058
2.0000283
2.0000315
2.0000398
2.0000497
2.0000096
2.0000929
2.0000964
2.0000058
2.0000283
2.0000315
2.0000398
2.0000497
2.0000096
2.0000929
2.0000964
2.0000058
2.0000283
2.0000315
2.0000398
2.0000497
2.0000096
2.0000929
2.0000964
2.0000058
2.0000283
2.0000315
2.0000398
2.0000497
2.0000096
2.0000929
2.0000964
2.0000058
2.0000283
2.0000315
2.0000398
2.0000497
2.0000096
2.0000929
2.0000964
2.0000058
2.0000283
2.0000315
2.0000398
2.0000497
2.0000096
2.0000929
2.0000964
2.0000058
2.0000283
2.0000315
2.0000398
2.0000497
2.0000096
2.0000929
2.0000964
2.0000058
2.0000283
2.0000315
2.0000398
2.0000497
2.0000096
2.0000929
2.0000964
0.40454218
0.33022927
0.25583569
0.25150283
0.24953592
0.25044476
0.24996686
0.24887486
0.40454218
0.33022927
0.25583569
0.25150282
0.24953592
0.25044476
0.24996686
0.24887486
0.40454218
0.33022927
0.25583569
0.25150283
0.24953592
0.25044476
0.24996686
0.24887486
0.40454218
0.33022927
0.25583569
0.25150282
0.24953592
0.25044476
0.24996686
0.24887486
0.40454218
0.33022927
0.25583569
0.25150283
0.24953592
0.25044476
0.24996686
0.24887486
0.40454218
0.33022927
0.25583569
0.25150282
0.24953592
0.25044476
0.24996686
0.24887486
0.40454218
0.33022928
0.25583569
0.25150283
0.24953592
0.25044476
0.24996686
0.24887486
0.40454218
0.33022926
0.25583568
0.25150282
0.24953593
0.25044476
0.24996686
0.24887486
0.40454215
0.33022928
0.2558357
0.25150282
0.24953591
0.25044477
0.24996685
0.24887485
0.40454218
0.33022925
0.25583568
0.25150283
0.24953592
0.25044476
0.24996686
0.24887486
0.40454218
0.33022929
0.25583569
0.25150282
0.24953592
0.25044476
0.24996686
0.24887486
0.4045422
0.33022927
0.25583569
0.25150283
0.24953592
0.25044476
0.24996686
0.24887486
0.4045422
0.33022931
0.25583569
0.25150282
0.24953592
0.25044476
0.24996686
0.24887486
0.40454223
0.33022927
0.25583569
0.25150283
0.24953593
0.25044476
0.24996686
0.24887486
0.40454214
0.33022935
0.25583574
0.25150284
0.24953592
0.25044478
0.24996686
0.24887486
0.40454218
0.33022897
0.25583558
0.25150296
0.24953589
0.25044472
0.24996689
0.24887486
0.53017986
0.47456579
0.45667369
0.44931732
0.4498058
0.44855371
0.45369255
0.43471228
0.53017998
0.47456575
0.45667378
0.44931737
0.44980582
0.44855369
0.45369258
0.43471239
0.53017989
0.47456579
0.45667377
0.44931735
0.44980584
0.44855372
0.45369258
0.43471236
0.53018002
0.47456576
0.45667375
0.44931738
0.44980581
0.44855371
0.4536926
0.43471239
0.53017986
0.47456581
0.45667381
0.44931735
0.44980587
0.44855373
0.45369258
0.43471238
0.53018015
0.47456579
0.45667373
0.44931741
0.4498058
0.44855373
0.45369263
0.43471242
0.53017971
0.47456588
0.45667396
0.44931737
0.44980595
0.44855376
0.45369256
0.43471234
0.53018073
0.4745657
0.45667341
0.4493173
0.44980543
0.44855355
0.45369254
0.43471236
2.0000613
2.0001497
2.0004743
2.0002648
2.0003382
2.0004349
2.0009697
2.0016326
2.0000608
2.0001501
2.0004742
2.0002653
2.000338
2.0004358
2.0009692
2.0016374
2.0000612
2.0001502
2.0004746
2.0002656
2.0003388
2.0004368
2.000972
2.0016382
2.0000613
2.0001509
2.000475
2.0002666
2.00034
2.0004401
2.0009768
2.0016461
2.0000623
2.0001514
2.0004755
2.0002673
2.0003427
2.000446
2.0009866
2.0016547
2.0000621
2.0001522
2.0004749
2.0002692
2.0003481
2.0004556
2.000996
2.0016664
2.0000635
2.0001524
2.0004748
2.000273
2.0003554
2.0004628
2.0010039
2.0016709
2.0000615
2.0001535
2.0004745
2.0002778
2.0003586
2.0004686
2.0010027
2.0016822
2.0000644
2.0001524
2.0004762
2.0002786
2.0003625
2.0004669
2.0010098
2.0016614
2.000064
2.0001537
2.0004774
2.0002847
2.0003641
2.0004717
2.0010075
2.0016846
2.0000664
2.0001544
2.0004839
2.0002921
2.0003659
2.0004746
2.0010104
2.0016761
2.0000679
2.0001574
2.000496
2.0002953
2.0003681
2.0004782
2.0010156
2.0017034
2.0000682
2.0001661
2.0005069
2.0002937
2.0003788
2.0004769
2.0010315
2.0016971
2.0000689
2.00018
2.0005102
2.0002952
2.0003868
2.0004714
2.0010237
2.0016471
2.0000739
2.0001912
2.0005133
2.0002949
2.0003927
2.0004592
2.0010279
2.001554
2.0000738
2.0002
2.0005125
2.0002971
2.0003906
2.0004594
2.0010245
2.0015395
2.0000062
2.0000286
2.000032
2.0000408
2.0000513
2.0000115
2.0000941
2.0000962
2.0000063
2.0000286
2.0000321
2.0000412
2.0000516
2.0000117
2.0000935
2.0000975
2.0000064
2.0000286
2.0000324
2.0000418
2.0000523
2.0000113
2.0000931
2.000098
2.0000061
2.0000291
2.000033
2.0000426
2.000053
2.00001
2.0000941
2.0001005
2.0000054
2.0000303
2.0000334
2.0000436
2.0000526
2.000009
2.0000979
2.0001004
2.0000053
2.0000315
2.0000335
2.0000446
2.000051
2.0000103
2.0001004
2.0001004
2.000006
2.0000322
2.0000336
2.0000454
2.0000496
2.0000117
2.0001022
2.0000993
2.0000065
2.0000327
2.0000335
2.0000461
2.0000485
2.000013
2.0001027
2.0001004
0.40450972
0.33021104
0.25587415
0.25143224
0.2494597
0.25046541
0.24998096
0.24887128
0.40453083
0.33022511
0.25582778
0.25155191
0.24955129
0.25042137
0.24996203
0.24887865
0.40457384
0.33023521
0.25583341
0.25146952
0.24953363
0.25046366
0.24996983
0.24887221
0.40458074
0.33028277
0.25585213
0.25153439
0.24953748
0.25042839
0.2499653
0.24887666
0.40466693
0.33030166
0.25585402
0.25147368
0.24953734
0.25046506
0.24997164
0.24887306
0.40462468
0.33037774
0.25594159
0.25162702
0.24958022
0.25042658
0.2499682
0.24888094
0.40478279
0.3303695
0.25583722
0.2513987
0.2496621
0.25067194
0.2500615
0.24890688
0.40368879
0.32992616
0.25652531
0.25170638
0.2488341
0.2501283
0.25029557
0.24924821
0.40240006
0.32866985
0.25586752
0.25244085
0.24978693
0.24950959
0.24895428
0.24833708
0.40621745
0.3311063
0.25455866
0.25057135
0.24999905
0.25130035
0.25030806
0.2488334
0.40437795
0.33050138
0.25726944
0.25204632
0.24878459
0.24971863
0.24987466
0.24907313
0.42438355
0.34751796
0.25944567
0.25093718
0.25067782
0.25111322
0.25018645
0.24841144
0.44609733
0.38434062
0.30083424
0.26900234
0.25332314
0.2497118
0.25012507
0.24915219
0.40973966
0.37980328
0.35026292
0.33346951
0.30476563
0.27680162
0.25988381
0.25360333
0.37721722
0.36375645
0.35971051
0.36051482
0.35470253
0.33899131
0.31521743
0.2984744
0.37529085
0.37304314
0.37569686
0.37483776
0.37434088
0.37193029
0.36275153
0.35091054
0.52259111
0.46887403
0.45273325
0.44713191
0.44954295
0.44781532
0.45219908
0.43294614
0.52542202
0.47059165
0.45254061
0.44608577
0.44742422
0.44737613
0.45436263
0.43608032
0.52097262
0.467633
0.4520918
0.44705419
0.44935903
0.44899085
0.45409409
0.43487947
0.52385276
0.47076072
0.45506256
0.45264029
0.458333
0.46038211
0.46870941
0.45253395
0.51319338
0.46152274
0.44747148
0.44764931
0.4573048
0.46532157
0.47693744
0.46754918
0.50375717
0.4487713
0.42661083
0.41912016
0.42410813
0.43096298
0.43445675
0.42338985
0.45628852
0.4100903
0.39338741
0.38641707
0.38901949
0.39565261
0.39510502
0.3858482
0.47505122
0.41338221
0.38268304
0.38619236
0.38750855
0.39104035
0.38479221
0.37854729
2.0000896
2.0002533
2.0005691
2.0003146
2.0004359
2.0004628
2.0011185
2.0014168
2.0000888
2.0002537
2.0005689
2.000315
2.0004354
2.0004636
2.0011173
2.001422
2.0000891
2.0002536
2.000569
2.0003148
2.0004354
2.0004633
2.0011179
2.0014207
2.0000889
2.0002537
2.0005689
2.0003148
2.0004352
2.000463
2.0011171
2.0014212
2.000089
2.0002536
2.000569
2.0003147
2.0004352
2.0004625
2.0011167
2.0014198
2.0000889
2.0002536
2.0005689
2.0003146
2.000435
2.0004624
2.0011162
2.0014199
2.0000889
2.0002535
2.0005689
2.0003146
2.000435
2.0004623
2.0011162
2.0014192
2.0000887
2.0002536
2.0005688
2.0003146
2.0004349
2.0004623
2.0011159
2.0014199
2.000089
2.0002535
2.0005689
2.0003145
2.000435
2.0004622
2.0011162
2.0014189
2.0000888
2.0002535
2.0005688
2.0003146
2.0004349
2.0004622
2.001116
2.0014195
2.0000889
2.0002535
2.0005689
2.0003145
2.0004349
2.0004622
2.001116
2.0014192
2.0000889
2.0002535
2.0005689
2.0003146
2.0004349
2.0004622
2.001116
2.0014194
2.0000889
2.0002535
2.0005689
2.0003145
2.0004349
2.0004622
2.001116
2.0014192
2.0000889
2.0002535
2.0005689
2.0003145
2.0004349
2.0004621
2.0011159
2.0014193
2.0000889
2.0002535
2.0005689
2.0003145
2.0004349
2.0004621
2.0011159
2.0014192
2.0000888
2.0002535
2.0005688
2.0003145
2.0004349
2.0004621
2.0011159
2.0014193
2.0000068
2.0000379
2.0000359
2.0000538
2.0000493
2.000016
2.0001181
2.0001019
2.0000068
2.0000379
2.0000359
2.0000538
2.0000493
2.000016
2.0001181
2.000102
2.0000068
2.0000379
2.0000359
2.0000538
2.0000493
2.000016
2.0001181
2.000102
2.0000068
2.0000379
2.0000359
2.0000538
2.0000493
2.000016
2.0001181
2.000102
2.0000068
2.0000379
2.0000359
2.0000538
2.0000493
2.000016
2.0001181
2.000102
2.0000068
2.0000379
2.0000359
2.0000538
2.0000493
2.000016
2.0001181
2.000102
2.0000068
2.0000379
2.0000359
2.0000538
2.0000493
2.000016
2.0001181
2.000102
2.0000068
2.0000379
2.0000359
2.0000538
2.0000493
2.000016
2.0001181
2.000102
2.4137338
2.411298
2.4085603
2.4074714
2.4122568
2.4148191
2.4234715
2.4214033
2.4138249
2.4113222
2.4087069
2.4077093
2.4125212
2.4150191
2.423796
2.4214013
2.4138364
2.4112972
2.4086415
2.4076981
2.4124123
2.4147953
2.4236991
2.4214523
2.4137896
2.4112366
2.4085495
2.4075831
2.4123247
2.4147835
2.4236771
2.4213423
2.4136936
2.4111511
2.4084696
2.4075167
2.4122541
2.4146604
2.4235516
2.421286
2.4136573
2.4111063
2.4084204
2.4074568
2.412187
2.4146446
2.4235693
2.4212658
2.4135922
2.4110667
2.4083785
2.4074187
2.4121781
2.4146084
2.4234939
2.4212027
2.413624
2.4110624
2.4083655
2.4074129
2.4121139
2.4145801
2.423509
2.4212614
2.4135977
2.4110429
2.4083748
2.40739
2.4121836
2.4145548
2.4234709
2.4211271
2.413588
2.4110591
2.4083663
2.4074173
2.412148
2.4146223
2.4235342
2.4212621
2.4135889
2.4110372
2.4083592
2.4074135
2.4121705
2.4146039
2.423514
2.4212208
2.4135844
2.4110425
2.4083574
2.4074145
2.4121523
2.414598
2.4235193
2.4212425
2.4135857
2.4110378
2.4083545
2.4074085
2.4121594
2.4145997
2.4235144
2.4212233
2.4135805
2.4110371
2.4083527
2.4074095
2.4121527
2.414594
2.4235101
2.4212336
2.4135831
2.4110371
2.4083546
2.4074068
2.4121543
2.4145982
2.4235154
2.4212226
2.413572
2.4110318
2.4083433
2.4074014
2.4121433
2.414578
2.423496
2.4212247
2.4986441
2.4323301
2.4169289
2.4129085
2.417111
2.4166412
2.424381
2.4187617
2.4986313
2.4323277
2.4169175
2.4129081
2.4171071
2.4166513
2.4243732
2.4187646
2.4986304
2.4323233
2.4169126
2.4129001
2.4170974
2.4166381
2.4243734
2.4187628
2.498626
2.4323207
2.4169098
2.4128989
2.4170947
2.4166376
2.42437
2.4187611
2.4986264
2.4323196
2.416908
2.4128958
2.4170936
2.4166342
2.4243682
2.418759
2.4986228
2.4323173
2.4169063
2.4128952
2.4170917
2.416634
2.4243668
2.4187576
2.4986228
2.4323162
2.4169054
2.4128931
2.417091
2.4166325
2.4243642
2.4187542
2.4986186
2.4323154
2.416905
2.412893
2.4170881
2.4166307
2.4243658
2.4187571
1.6593665
1.6286716
1.600951
1.598042
1.6027613
1.6056446
1.6123365
1.6439678
1.6593665
1.6286716
1.600951
1.598042
1.6027613
1.6056446
1.6123365
1.6439678
1.6593665
1.6286716
1.600951
1.598042
1.6027613
1.6056446
1.6123365
1.6439678
1.6593665
1.6286716
1.600951
1.598042
1.6027613
1.6056446
1.6123365
1.6439678
1.6593665
1.6286716
1.600951
1.598042
1.6027613
1.6056446
1.6123365
1.6439678
1.6593665
1.6286716
1.600951
1.5980421
1.6027613
1.6056446
1.6123365
1.6439678
1.6593665
1.6286716
1.600951
1.5980421
1.6027613
1.6056446
1.6123365
1.6439678
1.6593665
1.6286716
1.600951
1.5980421
1.6027613
1.6056445
1.6123365
1.6439678
1.6593665
1.6286716
1.600951
1.598042
1.6027613
1.6056446
1.6123365
1.6439678
1.6593665
1.6286716
1.600951
1.5980421
1.6027613
1.6056447
1.6123365
1.6439678
1.6593665
1.6286716
1.600951
1.5980421
1.6027613
1.6056446
1.6123365
1.6439678
1.6593665
1.6286716
1.600951
1.5980421
1.6027614
1.6056447
1.6123366
1.6439679
1.6593665
1.6286717
1.600951
1.5980421
1.6027614
1.6056447
1.6123366
1.6439679
1.6593665
1.6286716
1.600951
1.5980421
1.6027615
1.6056449
1.6123367
1.643968
1.6593666
1.6286717
1.6009511
1.5980422
1.6027614
1.6056445
1.6123364
1.643968
1.6593666
1.6286717
1.600951
1.598042
1.6027613
1.6056447
1.6123368
1.6439675
2.0012252
1.9948996
1.9674533
1.9129587
1.843148
1.7713778
1.7125102
1.6766976
2.0012252
1.9948996
1.9674533
1.9129587
1.843148
1.7713778
1.7125102
1.6766976
2.0012252
1.9948996
1.9674533
1.9129587
1.843148
1.7713778
1.7125103
1.6766976
2.0012252
1.9948996
1.9674533
1.9129587
1.843148
1.7713778
1.7125103
1.6766976
2.0012252
1.9948996
1.9674533
1.9129587
1.843148
1.7713778
1.7125103
1.6766976
2.0012252
1.9948996
1.9674533
1.9129587
1.843148
1.7713778
1.7125103
1.6766976
2.0012252
1.9948996
1.9674533
1.9129587
1.843148
1.7713778
1.7125103
1.6766977
2.0012252
1.9948996
1.9674533
1.9129587
1.843148
1.7713778
1.7125103
1.6766976
1.6593665
1.6286716
1.600951
1.5980422
1.6027615
1.605645
1.6123368
1.6439677
1.6593665
1.6286716
1.6009511
1.5980423
1.6027615
1.6056448
1.6123367
1.6439682
1.6593667
1.6286718
1.6009512
1.5980422
1.6027615
1.6056449
1.6123366
1.6439679
1.6593667
1.6286718
1.6009513
1.5980426
1.6027621
1.6056455
1.6123375
1.6439686
1.659367
1.6286721
1.6009516
1.5980429
1.6027625
1.6056458
1.6123376
1.6439691
1.659367
1.628672
1.6009517
1.5980433
1.6027628
1.6056462
1.6123387
1.6439698
1.6593669
1.6286722
1.6009516
1.5980433
1.6027635
1.6056477
1.6123385
1.6439715
1.6593669
1.6286714
1.6009515
1.5980443
1.6027645
1.6056455
1.6123381
1.6439609
1.659367
1.6286715
1.6009525
1.5980444
1.6027621
1.6056434
1.612336
1.6439689
1.6593665
1.6286732
1.6009523
1.5980424
1.6027609
1.6056454
1.612338
1.643971
1.659369
1.6286729
1.6009535
1.5980463
1.6027676
1.6056505
1.6123416
1.6439699
1.6593698
1.6286767
1.6009567
1.5980495
1.6027706
1.6056566
1.6123479
1.6439798
1.6593734
1.6286767
1.6009607
1.5980614
1.6027921
1.6056784
1.6123681
1.6439928
1.6593712
1.6286802
1.6009659
1.5980652
1.6027856
1.6056668
1.6123636
1.6440037
1.6593792
1.6286786
1.6009584
1.5980561
1.6027953
1.6057017
1.6123879
1.6439994
1.6593593
1.6286796
1.6009598
1.5980836
1.6028411
1.6057405
1.6124027
1.6440395
2.0012257
1.9948997
1.9674535
1.9129588
1.8431483
1.7713778
1.7125108
1.6766973
2.0012252
1.9948999
1.9674535
1.9129591
1.8431484
1.7713786
1.7125108
1.6766987
2.0012257
1.9948999
1.9674538
1.9129593
1.843149
1.7713789
1.7125119
1.6766989
2.0012257
1.9949005
1.9674543
1.9129603
1.8431502
1.7713809
1.7125136
1.6767021
2.0012267
1.994901
1.9674553
1.9129611
1.8431513
1.7713814
1.7125151
1.6767024
2.0012263
1.9949016
1.9674553
1.9129612
1.8431505
1.7713816
1.7125154
1.6767054
2.0012279
1.9949015
1.9674559
1.9129612
1.8431519
1.7713823
1.712518
1.6767029
2.0012243
1.9949031
1.9674553
1.9129631
1.8431517
1.7713857
1.7125157
1.6767169
2.0000607
2.0001498
2.0004741
2.0002647
2.0003373
2.000434
2.0009671
2.0016334
2.0000607
2.0001498
2.0004741
2.0002647
2.0003373
2.000434
2.0009671
2.0016334
2.0000607
2.0001498
2.0004741
2.0002647
2.0003373
2.000434
2.0009671
2.0016334
2.0000607
2.0001498
2.0004741
2.0002647
2.0003373
2.0004341
2.0009671
2.0016335
2.0000607
2.0001498
2.0004741
2.0002647
2.0003373
2.0004341
2.0009672
2.0016335
2.0000607
2.0001498
2.0004741
2.0002647
2.0003373
2.0004341
2.0009671
2.0016336
2.0000608
2.0001498
2.0004741
2.0002647
2.0003373
2.0004341
2.0009672
2.0016334
2.0000607
2.0001498
2.0004741
2.0002647
2.0003373
2.0004341
2.0009671
2.0016339
2.0000608
2.0001498
2.0004741
2.0002646
2.0003373
2.000434
2.0009673
2.0016331
2.0000607
2.0001498
2.0004741
2.0002647
2.0003373
2.0004342
2.0009672
2.0016338
2.0000608
2.0001498
2.0004741
2.0002647
2.0003374
2.0004342
2.0009674
2.0016336
2.0000608
2.0001499
2.0004741
2.0002648
2.0003375
2.0004344
2.0009676
2.0016342
2.0000609
2.0001499
2.0004742
2.0002649
2.0003376
2.0004346
2.000968
2.0016343
2.0000608
2.00015
2.0004742
2.0002649
2.0003375
2.0004348
2.0009681
2.0016352
2.000061
2.0001499
2.0004742
2.0002648
2.0003377
2.0004349
2.0009687
2.0016343
2.0000605
2.0001501
2.000474
2.0002651
2.0003376
2.0004356
2.0009681
2.0016377
2.0000058
2.0000283
2.0000315
2.0000398
2.0000497
2.0000096
2.000093
2.0000963
2.0000058
2.0000283
2.0000315
2.0000398
2.0000497
2.0000096
2.0000929
2.0000964
2.0000058
2.0000283
2.0000315
2.0000398
2.0000497
2.0000096
2.000093
2.0000964
2.0000058
2.0000283
2.0000315
2.0000398
2.0000497
2.0000096
2.000093
2.0000964
2.0000058
2.0000283
2.0000315
2.0000398
2.0000497
2.0000096
2.000093
2.0000964
2.0000058
2.0000283
2.0000315
2.0000398
2.0000497
2.0000096
2.000093
2.0000965
2.0000058
2.0000283
2.0000315
2.0000398
2.0000497
2.0000096
2.000093
2.0000964
2.0000058
2.0000283
2.0000315
2.0000398
2.0000497
2.0000097
2.0000929
2.0000968
0.25049291
0.25006337
0.25001303
0.25003815
0.25000963
0.25000489
0.24999089
0.24998236
0.25049291
0.25006337
0.25001303
0.25003815
0.25000963
0.25000489
0.24999089
0.24998236
0.25049291
0.25006337
0.25001303
0.25003815
0.25000963
0.25000489
0.24999089
0.24998236
0.25049291
0.25006337
0.25001303
0.25003815
0.25000963
0.25000489
0.24999089
0.24998236
0.25049291
0.25006337
0.25001303
0.25003815
0.25000963
0.25000489
0.24999089
0.24998236
0.25049291
0.25006337
0.25001303
0.25003815
0.25000963
0.25000489
0.24999089
0.24998236
0.25049292
0.25006337
0.25001303
0.25003815
0.25000963
0.25000489
0.24999089
0.24998236
0.25049288
0.25006336
0.25001303
0.25003815
0.25000963
0.25000489
0.24999088
0.24998236
0.25049377
0.25006299
0.25001276
0.2500382
0.25000959
0.25000489
0.24999086
0.2499823
0.25049246
0.25006354
0.25001313
0.25003812
0.25000965
0.25000488
0.2499909
0.24998238
0.25049325
0.25006326
0.25001299
0.25003817
0.25000962
0.25000489
0.24999089
0.24998234
0.25049265
0.25006348
0.25001306
0.25003814
0.25000964
0.25000489
0.24999089
0.24998239
0.25049331
0.2500633
0.25001303
0.25003818
0.25000963
0.25000489
0.2499909
0.24998233
0.25049258
0.25006366
0.25001311
0.25003814
0.25000965
0.2500049
0.24999089
0.24998243
0.25049599
0.25006379
0.25001306
0.25003833
0.25000966
0.25000497
0.24999095
0.24998235
0.25048993
0.25007036
0.25001392
0.250037
0.25001013
0.25000446
0.24999106
0.24998233
0.40454241
0.33022937
0.25583546
0.25150248
0.249536
0.25044473
0.24996677
0.24887483
0.40454186
0.33022925
0.2558358
0.25150293
0.24953584
0.25044479
0.24996688
0.24887486
0.40454237
0.33022918
0.25583562
0.25150278
0.24953598
0.25044474
0.24996685
0.24887487
0.40454231
0.33022964
0.25583576
0.25150287
0.24953587
0.25044479
0.24996686
0.24887485
0.4045425
0.33022917
0.25583571
0.25150279
0.24953599
0.25044473
0.24996686
0.24887487
0.40454268
0.33023024
0.25583596
0.25150302
0.24953587
0.25044483
0.24996688
0.24887487
0.40454306
0.33022895
0.25583588
0.2515029
0.24953653
0.25044483
0.24996695
0.24887496
0.40453398
0.33023047
0.25583864
0.25150185
0.24953415
0.25044608
0.2499668
0.24887454
0.40454781
0.33022261
0.25582927
0.25150534
0.2495356
0.25044167
0.2499668
0.24887506
0.40454014
0.33023114
0.25583628
0.25150039
0.24953645
0.25044576
0.24996648
0.24887467
0.4045454
0.33022929
0.25583613
0.25150465
0.2495356
0.25044428
0.24996726
0.24887497
0.40454057
0.33023077
0.2558356
0.25150139
0.2495362
0.2504452
0.24996652
0.24887481
0.40455284
0.33023397
0.25583729
0.25150476
0.24953591
0.25044434
0.24996738
0.24887488
0.40453885
0.33023418
0.25583922
0.25150176
0.24953704
0.2504461
0.24996656
0.24887507
0.40454575
0.33022648
0.25584709
0.25152268
0.24953965
0.25044483
0.2499706
0.24887717
0.40456291
0.33023441
0.25576778
0.2514699
0.24957065
0.2504419
0.24994918
0.24886739
0.53017519
0.47456536
0.45667482
0.44931367
0.44980511
0.44855209
0.45369206
0.43471583
0.5301826
0.4745653
0.45667202
0.44931807
0.44980422
0.44855499
0.45369538
0.43471185
0.53017854
0.47456725
0.45667595
0.44931791
0.44980832
0.44855241
0.45369018
0.43471403
0.53018507
0.47456665
0.45667389
0.44931843
0.44980543
0.44855841
0.45369796
0.43471272
0.53018348
0.47457212
0.45667813
0.44931998
0.44981014
0.44855188
0.45369151
0.43471983
0.53019417
0.47457326
0.4566811
0.44932393
0.44980783
0.44856545
0.45370385
0.43471262
0.53017877
0.47457755
0.45668499
0.44932919
0.44981879
0.44853542
0.45366889
0.43470868
0.53022602
0.47455299
0.45667689
0.44932527
0.44979731
0.44858258
0.45376423
0.43476186
1.6593869
1.6286687
1.6009706
1.5980963
1.6028828
1.6057263
1.6124107
1.6439965
1.6593777
1.6287004
1.6010043
1.5981171
1.6027615
1.6056086
1.6123391
1.6440045
1.6594097
1.6287072
1.6009898
1.5980612
1.6028578
1.6058166
1.6124754
1.644047
1.6594064
1.6287427
1.6010488
1.598101
1.60244
1.6048694
1.6117125
1.6436573
1.659196
1.6283994
1.6000815
1.5954178
1.5976616
1.5996561
1.6073273
1.6402225
1.6578953
1.6265966
1.5967924
1.590126
1.5912563
1.5930739
1.6008605
1.6340048
1.6559363
1.6240375
1.593426
1.5858045
1.5857548
1.5870953
1.5950538
1.6281025
1.6543549
1.6224276
1.5913881
1.5829181
1.5817212
1.5831822
1.5910447
1.6248744
1.6539699
1.6215758
1.5904309
1.5813738
1.5795178
1.5811858
1.5892826
1.6217467
1.6522979
1.6201015
1.5882293
1.5776541
1.5750009
1.5764244
1.5860272
1.6199816
1.650353
1.6175672
1.5845199
1.5709441
1.566034
1.5682607
1.5782857
1.6135108
1.6476889
1.6145914
1.57844
1.5604523
1.5532273
1.5538666
1.5650346
1.6074972
1.644632
1.6108638
1.570598
1.5464049
1.5368677
1.5300622
1.5325472
1.5728
1.6410427
1.6060821
1.5612927
1.5326325
1.5177328
1.4993019
1.4789843
1.5014039
1.6380135
1.6026356
1.5526583
1.5206678
1.4998393
1.4771417
1.4059274
1.3754131
1.6375124
1.6006037
1.5478544
1.5126761
1.4887215
1.4628328
1.375431
1.3558098
2.0012965
1.9949422
1.9674976
1.91275
1.8422043
1.7690641
1.7085944
1.6714249
2.0012835
1.9949655
1.9674311
1.9124942
1.841523
1.7680943
1.7072764
1.6703497
2.0013127
1.9949376
1.9672
1.9117349
1.8402535
1.7664116
1.7053341
1.668143
2.001288
1.99479
1.9665135
1.9105022
1.8385387
1.7644093
1.702972
1.6656666
2.0012026
1.994303
1.9654934
1.9089983
1.8366888
1.762278
1.7003355
1.6630622
2.0009173
1.9936294
1.9643304
1.9074547
1.8349943
1.7600843
1.6975716
1.6593673
2.0006687
1.9929956
1.9633101
1.9062357
1.8335998
1.758383
1.6954343
1.657076
2.0004384
1.9926116
1.9626347
1.9055149
1.8327097
1.7574574
1.6942638
1.656039
1.6377796
1.5992247
1.5449114
1.5091323
1.4836351
1.4557048
1.3699926
1.4059635
1.6346624
1.5964278
1.5400902
1.5003115
1.4743791
1.4426894
1.3670821
1.4490445
1.6319844
1.5927206
1.532929
1.4853025
1.4587313
1.4260645
1.3738207
1.4405273
1.6286159
1.5890456
1.523743
1.4679362
1.4386877
1.4147449
1.3850957
1.465004
1.6255085
1.5849982
1.5160774
1.4499899
1.4190476
1.4064601
1.3940952
1.479954
1.6225787
1.5818334
1.5106047
1.4358191
1.4011173
1.3995863
1.3962032
1.4936213
1.6204856
1.579084
1.5073657
1.4266801
1.3877493
1.3925098
1.396904
1.4951902
1.6188194
1.5777483
1.5054152
1.4224101
1.379918
1.3877716
1.3942929
1.4969785
1.6185568
1.5768541
1.5046615
1.4203581
1.3766491
1.3849843
1.3942318
1.4944983
1.6171614
1.5754994
1.5028738
1.4169891
1.3698839
1.379708
1.3914259
1.4950215
1.6156274
1.5734554
1.5003393
1.412341
1.3607783
1.3707696
1.3868289
1.4928832
1.614405
1.5718628
1.4979986
1.4084199
1.3528648
1.3617189
1.3814181
1.4900468
1.613995
1.5711746
1.4968241
1.4063278
1.3486295
1.3560334
1.3782266
1.4885075
1.6138878
1.5710245
1.4964892
1.4056852
1.3472743
1.354003
1.3770135
1.4887701
1.6138896
1.570981
1.4964273
1.4055351
1.3469768
1.3535124
1.3766285
1.4887923
1.6138547
1.5709844
1.4964066
1.4055154
1.3469115
1.3533979
1.3765373
1.4888122
1.9998209
1.990448
1.9580175
1.8981119
1.8228022
1.7448993
1.6795275
1.6387409
1.9997987
1.9904642
1.957986
1.8980343
1.8224986
1.7443381
1.6785748
1.6378729
1.9998161
1.9904675
1.957985
1.8979494
1.8222379
1.7436708
1.6775012
1.6364011
1.9998102
1.9904764
1.9579998
1.8979356
1.8221215
1.7433134
1.6767662
1.6354492
1.999812
1.9904698
1.9580045
1.8979403
1.8221097
1.7432211
1.6765346
1.6350465
1.9998071
1.9904692
1.9579981
1.8979366
1.8221005
1.7432086
1.6764844
1.6349737
1.9998096
1.990466
1.9579973
1.8979313
1.8220956
1.7431962
1.6764757
1.6349317
1.999803
1.9904682
1.9579927
1.8979314
1.8220907
1.7431964
1.6764632
1.6349484
2.0000774
2.0002014
2.0005145
2.0002943
2.0003955
2.0004516
2.0010417
2.0014643
2.0000766
2.000212
2.0005156
2.000296
2.0003974
2.0004509
2.0010481
2.0014522
2.0000786
2.0002239
2.0005211
2.0002926
2.0004076
2.0004424
2.0010727
2.0014196
2.0000783
2.0002363
2.0005314
2.0002887
2.0004166
2.0004423
2.0010921
2.0014139
2.0000812
2.0002434
2.0005475
2.0002862
2.0004193
2.0004453
2.0011071
2.0014186
2.000083
2.0002479
2.0005589
2.0002925
2.0004167
2.0004485
2.0011085
2.0014242
2.0000861
2.0002497
2.0005648
2.0002993
2.0004189
2.0004491
2.0011108
2.0014092
2.0000847
2.0002518
2.0005657
2.000305
2.0004191
2.0004541
2.0011051
2.0014358
2.0000886
2.00025
2.0005685
2.0003041
2.0004237
2.0004499
2.0011168
2.0014001
2.0000869
2.0002519
2.000568
2.0003093
2.0004235
2.0004546
2.0011118
2.0014268
2.0000881
2.0002517
2.0005688
2.0003132
2.0004295
2.000455
2.0011126
2.001419
2.0000883
2.0002529
2.0005682
2.0003152
2.0004349
2.0004616
2.0011135
2.0014207
2.0000892
2.0002534
2.0005688
2.0003148
2.0004358
2.0004637
2.001118
2.001419
2.0000889
2.0002537
2.0005689
2.0003153
2.0004357
2.0004638
2.0011172
2.001422
2.0000893
2.0002536
2.000569
2.0003148
2.000436
2.0004635
2.0011184
2.0014191
2.0000883
2.0002538
2.0005686
2.0003152
2.000435
2.000464
2.0011162
2.0014251
2.0000063
2.0000375
2.0000355
2.0000526
2.0000481
2.0000138
2.0001175
2.000099
2.0000064
2.0000376
2.0000355
2.0000531
2.0000483
2.0000143
2.0001168
2.000101
2.0000066
2.0000376
2.0000357
2.0000534
2.0000489
2.000015
2.000117
2.0001007
2.0000067
2.0000378
2.0000358
2.0000537
2.0000492
2.0000158
2.0001176
2.0001018
2.0000068
2.0000379
2.0000359
2.0000538
2.0000493
2.000016
2.000118
2.0001018
2.0000068
2.0000379
2.0000359
2.0000538
2.0000493
2.0000161
2.0001181
2.0001022
2.0000068
2.0000379
2.0000359
2.0000538
2.0000494
2.000016
2.0001182
2.0001019
2.0000068
2.0000379
2.0000359
2.0000538
2.0000493
2.0000161
2.0001179
2.0001025
0.25020789
0.25018181
0.25018052
0.24995628
0.25001608
0.24998536
0.25000717
0.24994048
0.2503007
0.24979439
0.24994773
0.25009267
0.25000111
0.25001416
0.24997832
0.25000001
0.2508276
0.25032424
0.25002865
0.24999127
0.25001807
0.24999735
0.25000313
0.24996516
0.25013407
0.24980184
0.25002759
0.25008943
0.25000157
0.25001346
0.24997726
0.25000202
0.25092119
0.25045041
0.24999737
0.24998344
0.25001935
0.25000002
0.25000083
0.24997625
0.25229214
0.25029801
0.25002293
0.25013914
0.24999995
0.25002834
0.24997215
0.25000984
0.29009739
0.27328669
0.25526638
0.25005497
0.25013847
0.24995374
0.25009808
0.24984386
0.34210978
0.3222047
0.28106431
0.25299891
0.2504003
0.24978413
0.25007332
0.24994223
2.3780883
2.3653296
2.3661266
2.1160397
1.6553757
1.6086403
1.5995373
1.5849691
2.3862679
2.3735566
2.3771905
2.1295981
1.6590348
1.6082854
1.6000994
1.5844591
2.3972654
2.3849718
2.3924442
2.1466453
1.6631916
1.6079223
1.6006196
1.5838577
2.4097429
2.3977265
2.405316
2.1582952
1.6657397
1.6077371
1.6009171
1.5834796
2.4181334
2.4049107
2.4113273
2.1624131
1.6664481
1.6077012
1.6009794
1.5833808
2.4199984
2.4066227
2.4123568
2.1627314
1.6664513
1.6076995
1.6009771
1.5833731
2.4206736
2.4066567
2.4122888
2.1626276
1.6663871
1.6077145
1.6009631
1.5833831
2.4194669
2.4063286
2.4121672
2.1624262
1.6663334
1.6077033
1.6009502
1.5833837
2.6706634
2.6644146
2.6712517
2.6644244
2.6630842
2.6572001
2.6393366
2.6052009
2.4821687
2.4735446
2.4684017
2.4556388
2.4324044
2.3973262
2.3582914
2.3246674
2.3538259
2.3511375
2.3440801
2.3324304
2.3214166
2.3096466
2.3002716
2.2878948
2.3613536
2.3557519
2.3489884
2.3409109
2.3339048
2.3234719
2.3180958
2.3096681
2.3725572
2.3685043
2.3612085
2.3506274
2.3433866
2.3359854
2.3353595
2.3293986
2.3841471
2.3792235
2.3724642
2.3644945
2.3598502
2.3547752
2.3585803
2.3538922
2.3898227
2.3860733
2.3802268
2.3729713
2.3703025
2.3663609
2.3699793
2.3649478
2.3930736
2.3886627
2.3828321
2.3756195
2.3724322
2.3703572
2.3783953
2.3763891
2.3944705
2.3898211
2.3835841
2.3775412
2.3760598
2.3747524
2.3817486
2.3782426
2.3945086
2.3906084
2.3853694
2.3803264
2.3811168
2.3811322
2.3892165
2.387074
2.3978416
2.3942453
2.3894774
2.3855944
2.3882884
2.3906962
2.3998783
2.397808
2.4011593
2.3979915
2.3942819
2.3922649
2.3970125
2.4007269
2.4112022
2.410245
2.4062925
2.4037089
2.4010406
2.4005103
2.4063841
2.4105461
2.4206346
2.4190306
2.4112813
2.408911
2.4066106
2.4061348
2.4115083
2.4143233
2.4233186
2.4211606
2.4134631
2.411079
2.4085632
2.4074207
2.4120248
2.4147825
2.4239962
2.4217778
2.4137431
2.4111164
2.408294
2.4070874
2.4123651
2.4143018
2.4231246
2.4209773
2.5054595
2.4367073
2.4201337
2.4097947
2.4093479
2.4053673
2.4081312
2.3989637
2.5037511
2.4367578
2.418238
2.408976
2.408622
2.4044906
2.4078667
2.4005891
2.5017073
2.4344311
2.4174595
2.4090021
2.4094486
2.4063878
2.4108102
2.4035368
2.4980894
2.4318416
2.4149974
2.4081134
2.4100311
2.4076471
2.4132386
2.4066649
2.4971185
2.430808
2.4146932
2.4089665
2.4120393
2.4106241
2.4174745
2.4115269
2.498088
2.4317639
2.415851
2.4112582
2.4149892
2.4143175
2.4219839
2.4164086
2.4990246
2.4324996
2.4170418
2.4128392
2.4170744
2.4165713
2.4241521
2.4185647
2.4987319
2.4326402
2.417145
2.4129915
2.4172472
2.4169668
2.4245326
2.4188937
1.6138835
1.5709698
1.4964072
1.4055017
1.3469033
1.3533684
1.3765269
1.4887452
1.6138632
1.5709706
1.4963985
1.4054964
1.3468843
1.3533461
1.3764918
1.4887651
1.6138661
1.5709645
1.4963953
1.4054911
1.3468757
1.3533243
1.3764666
1.4887354
1.6138645
1.570968
1.4963963
1.4054952
1.3468719
1.3533066
1.3764418
1.4887018
1.6138675
1.5709683
1.4963978
1.4054952
1.3468671
1.3532849
1.37641
1.4886629
1.6138636
1.5709665
1.4963941
1.4054907
1.3468596
1.353269
1.3763815
1.4886313
1.6138637
1.5709644
1.4963927
1.4054887
1.3468581
1.3532642
1.3763709
1.4886119
1.6138601
1.570964
1.4963914
1.4054878
1.3468567
1.3532636
1.3763677
1.4886082
1.6138626
1.570963
1.4963918
1.4054873
1.3468566
1.3532628
1.3763669
1.4886028
1.6138614
1.5709633
1.4963911
1.4054875
1.3468561
1.3532626
1.3763658
1.4886013
1.6138617
1.5709631
1.4963912
1.4054875
1.3468566
1.3532636
1.3763673
1.4886
1.6138615
1.5709632
1.4963913
1.4054875
1.3468561
1.3532627
1.3763665
1.4885998
1.6138616
1.5709631
1.4963912
1.4054874
1.3468557
1.3532616
1.3763652
1.4885984
1.6138613
1.570963
1.496391
1.4054871
1.3468553
1.3532607
1.3763637
1.4885971
1.6138613
1.5709628
1.4963908
1.405487
1.3468552
1.3532605
1.3763633
1.488596
1.613861
1.5709628
1.4963908
1.4054869
1.3468551
1.3532607
1.3763632
1.4885961
1.999807
1.9904656
1.9579942
1.8979274
1.822088
1.743187
1.6764605
1.6349216
1.9998063
1.9904658
1.9579941
1.8979274
1.8220878
1.7431871
1.6764602
1.6349233
1.9998065
1.9904656
1.9579941
1.8979273
1.8220878
1.7431871
1.6764602
1.6349227
1.9998064
1.9904657
1.9579941
1.8979274
1.8220878
1.7431871
1.6764602
1.634923
1.9998064
1.9904656
1.9579941
1.8979273
1.8220878
1.7431871
1.6764601
1.6349228
1.9998063
1.9904656
1.957994
1.8979273
1.8220877
1.743187
1.67646
1.6349228
1.9998063
1.9904656
1.957994
1.8979272
1.8220876
1.7431868
1.6764599
1.6349225
1.9998062
1.9904656
1.9579939
1.8979272
1.8220876
1.7431868
1.6764597
1.6349226
1.6138613
1.5709628
1.4963908
1.4054869
1.3468551
1.3532605
1.3763632
1.4885956
1.6138612
1.5709628
1.4963908
1.4054869
1.3468551
1.3532605
1.3763631
1.4885957
1.6138612
1.5709628
1.4963908
1.4054869
1.3468551
1.3532605
1.3763632
1.4885956
1.6138612
1.5709628
1.4963908
1.4054869
1.3468551
1.3532604
1.376363
1.4885955
1.6138612
1.5709628
1.4963907
1.4054869
1.346855
1.3532603
1.3763629
1.4885953
1.6138612
1.5709628
1.4963907
1.4054869
1.346855
1.3532603
1.3763628
1.4885952
1.6138612
1.5709627
1.4963907
1.4054869
1.346855
1.3532603
1.3763628
1.4885953
1.6138611
1.5709627
1.4963907
1.4054869
1.346855
1.3532603
1.3763628
1.4885951
1.6138611
1.5709627
1.4963907
1.4054869
1.346855
1.3532603
1.3763628
1.4885951
1.6138611
1.5709627
1.4963907
1.4054869
1.346855
1.3532602
1.3763628
1.4885952
1.6138611
1.5709627
1.4963907
1.4054869
1.346855
1.3532602
1.3763628
1.4885952
1.6138611
1.5709627
1.4963907
1.4054869
1.346855
1.3532602
1.3763627
1.4885951
1.6138611
1.5709627
1.4963907
1.4054869
1.346855
1.3532602
1.3763627
1.4885951
1.6138611
1.5709627
1.4963907
1.4054869
1.346855
1.3532602
1.3763627
1.4885951
1.6138611
1.5709627
1.4963907
1.4054869
1.346855
1.3532602
1.3763627
1.4885951
1.6138611
1.5709627
1.4963907
1.4054869
1.346855
1.3532602
1.3763627
1.4885951
1.9998063
1.9904655
1.9579939
1.8979272
1.8220875
1.7431868
1.6764598
1.6349225
1.9998063
1.9904655
1.9579939
1.8979272
1.8220875
1.7431868
1.6764598
1.6349225
1.9998063
1.9904655
1.9579939
1.8979272
1.8220875
1.7431868
1.6764598
1.6349225
1.9998063
1.9904655
1.9579939
1.8979272
1.8220875
1.7431868
1.6764598
1.6349225
1.9998063
1.9904655
1.9579939
1.8979272
1.8220875
1.7431868
1.6764598
1.6349225
1.9998063
1.9904655
1.9579939
1.8979272
1.8220875
1.7431868
1.6764598
1.6349225
1.9998063
1.9904655
1.9579939
1.8979272
1.8220875
1.7431868
1.6764598
1.6349225
1.9998063
1.9904655
1.9579939
1.8979272
1.8220875
1.7431868
1.6764598
1.6349225
2.0000889
2.0002535
2.0005688
2.0003145
2.0004349
2.0004621
2.0011159
2.0014191
2.0000889
2.0002535
2.0005688
2.0003145
2.0004349
2.0004621
2.0011159
2.0014192
2.0000889
2.0002535
2.0005688
2.0003145
2.0004349
2.0004621
2.0011159
2.0014192
2.0000889
2.0002535
2.0005688
2.0003145
2.0004349
2.0004621
2.0011159
2.0014192
2.0000889
2.0002535
2.0005688
2.0003145
2.0004349
2.0004621
2.0011159
2.0014192
2.0000889
2.0002535
2.0005688
2.0003145
2.0004349
2.0004621
2.0011159
2.0014192
2.0000889
2.0002535
2.0005688
2.0003145
2.0004349
2.0004621
2.0011159
2.0014192
2.0000889
2.0002535
2.0005688
2.0003145
2.0004349
2.0004621
2.0011159
2.0014192
2.0000889
2.0002535
2.0005688
2.0003145
2.0004349
2.0004621
2.0011159
2.0014192
2.0000889
2.0002535
2.0005688
2.0003145
2.0004349
2.0004621
2.0011159
2.0014192
2.0000889
2.0002535
2.0005688
2.0003145
2.0004349
2.0004621
2.0011159
2.0014192
2.0000889
2.0002535
2.0005688
2.0003145
2.0004349
2.0004621
2.0011159
2.0014192
2.0000889
2.0002535
2.0005688
2.0003145
2.0004349
2.0004621
2.0011159
2.0014192
2.0000889
2.0002535
2.0005688
2.0003145
2.0004349
2.0004621
2.0011159
2.0014192
2.0000889
2.0002535
2.0005688
2.0003145
2.0004349
2.0004621
2.0011159
2.0014192
2.0000889
2.0002535
2.0005688
2.0003145
2.0004349
2.0004621
2.0011159
2.0014192
2.0000068
2.0000379
2.0000359
2.0000538
2.0000493
2.000016
2.0001181
2.000102
2.0000068
2.0000379
2.0000359
2.0000538
2.0000493
2.000016
2.0001181
2.000102
2.0000068
2.0000379
2.0000359
2.0000538
2.0000493
2.000016
2.0001181
2.000102
2.0000068
2.0000379
2.0000359
2.0000538
2.0000493
2.000016
2.0001181
2.000102
2.0000068
2.0000379
2.0000359
2.0000538
2.0000493
2.000016
2.0001181
2.000102
2.0000068
2.0000379
2.0000359
2.0000538
2.0000493
2.000016
2.0001181
2.000102
2.0000068
2.0000379
2.0000359
2.0000538
2.0000493
2.000016
2.0001181
2.000102
2.0000068
2.0000379
2.0000359
2.0000538
2.0000493
2.000016
2.0001181
2.000102
2.4199429
2.4063421
2.4118773
2.1620824
1.6662344
1.6077256
1.6009401
1.5833998
2.4199597
2.4063241
2.4118961
2.1620804
1.6662368
1.6077243
1.6009424
1.5833994
2.4199509
2.4063402
2.4118915
2.1620791
1.6662355
1.6077247
1.6009415
1.5833994
2.4199542
2.4063276
2.4118909
2.1620766
1.6662356
1.6077243
1.6009419
1.5833993
2.4199466
2.4063321
2.4118874
2.1620745
1.6662346
1.6077246
1.6009415
1.5833995
2.4199501
2.4063253
2.4118858
2.1620718
1.6662342
1.6077244
1.6009416
1.5833994
2.4199404
2.4063272
2.4118848
2.1620713
1.6662337
1.6077246
1.6009413
1.5833996
2.4199551
2.4063209
2.4118822
2.1620699
1.6662337
1.6077244
1.6009416
1.5833991
2.4199435
2.406324
2.4118836
2.1620699
1.6662335
1.6077245
1.6009414
1.5833995
2.4199443
2.4063251
2.4118836
2.1620701
1.6662335
1.6077246
1.6009414
1.5833996
2.4199441
2.4063247
2.4118837
2.1620701
1.6662335
1.6077246
1.6009414
1.5833995
2.4199441
2.406325
2.4118837
2.1620702
1.6662335
1.6077246
1.6009414
1.5833995
2.4199442
2.4063249
2.4118837
2.1620701
1.6662335
1.6077246
1.6009414
1.5833995
2.4199441
2.4063249
2.4118836
2.1620701
1.6662335
1.6077246
1.6009414
1.5833995
2.4199441
2.4063248
2.4118836
2.1620701
1.6662335
1.6077246
1.6009414
1.5833995
2.4199439
2.4063248
2.4118836
2.1620701
1.6662335
1.6077246
1.6009414
1.5833995
2.413587
2.4110331
2.4083471
2.4074005
2.4121439
2.4145972
2.423503
2.4212183
2.4135766
2.4110358
2.4083523
2.4074064
2.4121549
2.4145917
2.4235129
2.4212295
2.4135807
2.411033
2.4083495
2.4074066
2.4121498
2.4145948
2.4235098
2.4212245
2.4135781
2.4110342
2.40835
2.4074051
2.4121522
2.4145915
2.4235098
2.4212268
2.4135792
2.4110327
2.4083488
2.4074056
2.4121497
2.414593
2.4235097
2.4212254
2.413578
2.4110337
2.4083495
2.4074046
2.4121513
2.414592
2.4235093
2.4212253
2.4135789
2.4110325
2.4083485
2.4074058
2.41215
2.4145923
2.4235097
2.4212266
2.4135775
2.4110331
2.4083497
2.4074027
2.4121503
2.4145906
2.4235072
2.4212213
2.413578
2.4110329
2.4083479
2.4074052
2.4121486
2.4145913
2.423509
2.4212267
2.4135784
2.4110331
2.4083491
2.4074046
2.4121508
2.4145923
2.423509
2.421225
2.4135783
2.4110329
2.4083488
2.4074051
2.4121501
2.4145918
2.4235093
2.4212255
2.4135782
2.4110329
2.4083488
2.4074045
2.4121503
2.4145919
2.423509
2.4212251
2.4135781
2.4110327
2.4083487
2.4074048
2.4121501
2.4145918
2.4235091
2.4212254
2.4135782
2.4110329
2.4083488
2.4074047
2.4121503
2.4145919
2.4235091
2.4212252
2.4135782
2.4110329
2.4083488
2.4074047
2.4121502
2.4145919
2.4235089
2.4212253
2.4135781
2.4110328
2.4083487
2.4074047
2.4121501
2.4145916
2.4235091
2.4212251
2.4986199
2.4323137
2.4169032
2.4128909
2.417088
2.4166289
2.4243622
2.4187526
2.4986198
2.432314
2.4169028
2.412891
2.417088
2.4166298
2.4243624
2.4187532
2.4986197
2.4323139
2.4169029
2.4128909
2.4170879
2.4166294
2.4243626
2.4187532
2.4986196
2.4323139
2.4169028
2.4128908
2.4170877
2.4166295
2.4243622
2.418753
2.4986196
2.4323138
2.4169028
2.4128908
2.4170877
2.4166293
2.4243623
2.418753
2.4986196
2.4323138
2.4169028
2.4128908
2.4170878
2.4166294
2.4243623
2.418753
2.4986197
2.4323139
2.4169028
2.4128908
2.4170878
2.4166295
2.4243624
2.4187531
2.4986195
2.4323138
2.4169028
2.4128909
2.4170878
2.4166294
2.4243623
2.418753
