FiniteElementSpace
FiniteElementCollection: L2_2D_P7
VDim: 1
Ordering: 0

1.0828513
1.082812
1.0827383
1.083216
1.0865277
1.0917823
1.0959362
1.098358
1.0828503
1.0828039
1.0827281
1.0832008
1.0865151
1.0917771
1.0959257
1.0983463
1.0828271
1.0827817
1.0826808
1.083137
1.0864634
1.0917482
1.0958748
1.0982993
1.0827747
1.0827232
1.0825704
1.0829851
1.0863428
1.0916748
1.0957617
1.0981727
1.0826834
1.0826245
1.0823898
1.0827373
1.086148
1.0915404
1.095572
1.0979801
1.0825594
1.0824879
1.0821713
1.0824346
1.085913
1.0913598
1.0953386
1.0977301
1.0824364
1.0823447
1.0819669
1.0821474
1.0856928
1.0911758
1.0951179
1.0974796
1.0823452
1.0822432
1.0818302
1.0819625
1.0855487
1.0910462
1.094965
1.0973129
0.42312968
0.38207877
0.37105099
0.36974432
0.37641176
0.38023448
0.38719139
0.3893905
0.42308706
0.38201311
0.37096835
0.36965037
0.37630494
0.38012517
0.38707366
0.38926766
0.42286511
0.38174103
0.37063991
0.36925756
0.37582687
0.37963282
0.3865361
0.38870511
0.42233541
0.3811428
0.3699203
0.36840304
0.37476124
0.37849831
0.38529451
0.38740059
0.42153597
0.38029124
0.36890108
0.36720581
0.37329447
0.37686766
0.38351057
0.38552328
0.42065041
0.37940417
0.36789715
0.36604106
0.37190279
0.37530893
0.38179896
0.38372511
0.41988646
0.37866377
0.36711148
0.36516629
0.37087709
0.37419215
0.38057923
0.38244268
0.41940311
0.37819899
0.36663282
0.36465601
0.37028755
0.37356953
0.37990815
0.38173857
1.072782
1.0727261
1.0717479
1.0711484
1.0733213
1.0747728
1.0754299
1.0756949
1.0725081
1.0724168
1.0713509
1.0706498
1.0726275
1.0739382
1.0745386
1.074775
1.0720069
1.0718629
1.0706592
1.0697821
1.0714467
1.07255
1.0730587
1.0732451
1.0712723
1.0710662
1.0697299
1.0686197
1.06991
1.0707974
1.0711761
1.0713166
1.0703211
1.0700791
1.0686493
1.0672835
1.0682281
1.0689075
1.0691455
1.0692603
1.0693084
1.0690376
1.0675141
1.0659635
1.0666421
1.0671205
1.0672669
1.0673812
1.0684503
1.0681262
1.0665006
1.0648702
1.0653657
1.0656871
1.0657917
1.0659067
1.0679011
1.0675411
1.0658419
1.0641907
1.0645778
1.0648264
1.0649013
1.0650745
0.38491448
0.3452361
0.3311177
0.32683433
0.3297572
0.33096523
0.33580212
0.33678403
0.38389164
0.34415114
0.3305089
0.32554871
0.32828348
0.329537
0.33408213
0.33514346
0.3827125
0.34317806
0.32887392
0.32399658
0.32608253
0.32705377
0.33150406
0.3324122
0.38240165
0.34166183
0.32768603
0.32226523
0.32380096
0.32434025
0.32837926
0.32913956
0.3865916
0.34390845
0.32681679
0.3207596
0.32205579
0.32210044
0.32599548
0.32658201
0.3926839
0.34827594
0.33065717
0.32152374
0.3210666
0.32077369
0.32394008
0.32429712
0.40109425
0.3548848
0.33385348
0.32586743
0.32373691
0.32197513
0.32502666
0.32520969
0.40353253
0.35989157
0.33885979
0.32666412
0.32749645
0.32651972
0.32744832
0.32654404
1.0271362
1.0274034
1.0278039
1.0286042
1.0378669
1.0580566
1.0769131
1.0871363
1.0260437
1.0263367
1.026744
1.0279965
1.0389653
1.0603998
1.0790324
1.0888301
1.0242704
1.0245657
1.0250282
1.0273621
1.0413107
1.064262
1.0820846
1.0911526
1.0220979
1.022339
1.0230035
1.0273516
1.045016
1.0687692
1.0850811
1.0933686
1.0198506
1.0200299
1.021155
1.0284284
1.0495258
1.0727657
1.0873538
1.095143
1.0178097
1.0180317
1.0199243
1.0304273
1.053792
1.0755353
1.0888362
1.0964755
1.0162541
1.016627
1.0194164
1.0325964
1.0569473
1.0770951
1.0897397
1.0973972
1.0153976
1.0158715
1.019352
1.0340995
1.0586815
1.0777973
1.0902152
1.0979069
2.322049
2.2634749
2.2502578
2.2439023
2.2510552
2.254359
2.2631753
2.2589425
2.324236
2.2626135
2.2506226
2.2457564
2.2510998
2.2550962
2.263492
2.259476
2.3233103
2.2634952
2.2504181
2.2457958
2.2518607
2.2555545
2.2640587
2.2599352
2.322202
2.2621326
2.2500745
2.2456439
2.2513977
2.2553322
2.2637487
2.2596928
2.3208035
2.2611576
2.2488555
2.2445238
2.2505795
2.2543782
2.2628875
2.2587903
2.3195001
2.2596438
2.247657
2.2434522
2.2493966
2.2533046
2.2617808
2.2577397
2.3183949
2.2588394
2.2465067
2.2421796
2.2484096
2.2522813
2.2608359
2.2567649
2.318051
2.2579666
2.2459262
2.2416799
2.2477601
2.2517341
2.2602269
2.2562753
1.1205282
1.118849
1.1146973
1.1118071
1.117555
1.127792
1.1352061
1.1406649
1.120467
1.1187948
1.114641
1.1117708
1.1175128
1.1277487
1.1351252
1.1405638
1.1201839
1.1185325
1.1144028
1.1115623
1.1173574
1.1275785
1.1348556
1.1402632
1.1195313
1.1179072
1.1138256
1.1110809
1.1169811
1.1270642
1.134218
1.1395465
1.1184733
1.1168734
1.1128727
1.110309
1.1162677
1.1261413
1.1331671
1.138381
1.1171746
1.1155887
1.1116915
1.1093336
1.1153231
1.124984
1.1318912
1.1369739
1.1159694
1.1143898
1.1105765
1.1083814
1.1143959
1.1238461
1.1306427
1.1356024
1.1151741
1.1135926
1.109836
1.1077346
1.1137604
1.1230594
1.1297762
1.1346472
1.1017469
1.1001636
1.0971421
1.0965499
1.1015711
1.1076389
1.1125004
1.1157632
1.1005121
1.0988971
1.0959596
1.0954973
1.1003679
1.1061388
1.1107883
1.1139061
1.0984316
1.0967917
1.0939835
1.0937379
1.0983167
1.1036116
1.1079037
1.1107641
1.0957436
1.0941145
1.0915016
1.0914986
1.0956965
1.1003955
1.1042307
1.106723
1.0928367
1.0912361
1.0888858
1.0891157
1.0929003
1.0969862
1.1003163
1.1023997
1.0901385
1.0885958
1.0865267
1.0869551
1.0903757
1.093925
1.0967785
1.0984668
1.0880241
1.0865491
1.0847296
1.0853041
1.0884624
1.0916247
1.0940873
1.0954831
1.086771
1.0853452
1.0836874
1.0843419
1.0873573
1.0903006
1.0925339
1.0937464
1.0800361
1.0798714
1.0792049
1.0790049
1.0830831
1.0882937
1.0917807
1.0938124
1.0797664
1.0795994
1.0789442
1.0787479
1.0828604
1.0880004
1.0914232
1.0934009
1.079295
1.0791309
1.0784983
1.0783174
1.0824829
1.0874915
1.090784
1.0926525
1.0786631
1.0785195
1.0779125
1.0777655
1.0819911
1.0868005
1.0898781
1.0915655
1.077961
1.0778444
1.0772602
1.0771632
1.0814362
1.0859767
1.0887648
1.0902159
1.0772899
1.0772066
1.076636
1.0765928
1.0808744
1.0850989
1.0875745
1.0887894
1.0767532
1.0767082
1.0761302
1.0761377
1.0803767
1.0843097
1.0865239
1.0875773
1.0764269
1.0764101
1.075824
1.0758573
1.0800487
1.0837907
1.0858475
1.0868146
0.40633724
0.40820346
0.41004397
0.41258019
0.41853839
0.42248762
0.42956846
0.43063495
0.40619957
0.40806736
0.40990708
0.41244148
0.41840253
0.42234816
0.42942303
0.43049201
0.40554577
0.40741695
0.40925572
0.41177681
0.41774491
0.42167406
0.42872059
0.4297997
0.40390583
0.40577002
0.40759157
0.41006599
0.41601484
0.41990241
0.4268794
0.42796584
0.40129725
0.40312414
0.40487933
0.40724515
0.41310641
0.41689693
0.42375961
0.42483948
0.3986254
0.40040032
0.40205469
0.40428917
0.41003012
0.41368621
0.42041777
0.42148886
0.39672225
0.3984676
0.40004504
0.40218436
0.40784884
0.41140094
0.4180383
0.41910766
0.39572621
0.39746319
0.39900365
0.40109606
0.4067328
0.41023416
0.41682696
0.41790086
0.38517344
0.3871964
0.38880786
0.39050996
0.39653681
0.40008023
0.40617291
0.40744851
0.3840392
0.38606983
0.3877586
0.38942269
0.39540687
0.39907614
0.40512876
0.40633995
0.38204587
0.38404778
0.385855
0.38753373
0.39336624
0.39720617
0.40332041
0.40443109
0.37930591
0.38124722
0.38311462
0.38492103
0.39057879
0.39447876
0.40071082
0.40182199
0.3759778
0.37793491
0.3798334
0.38175656
0.38735056
0.39118934
0.39747135
0.39861612
0.37255973
0.37448104
0.37644222
0.37847482
0.38406199
0.38785842
0.39412045
0.39529554
0.36979814
0.37160995
0.37348621
0.37562292
0.38123497
0.3849983
0.39125237
0.39243365
0.36806375
0.36987947
0.37164847
0.37377846
0.37944493
0.3831897
0.38941815
0.39064805
0.41108168
0.37002434
0.35829406
0.35624884
0.36116527
0.36430614
0.37051
0.37216656
0.41024637
0.36917383
0.3573968
0.35535354
0.36020085
0.36330196
0.36950853
0.37115071
0.40880338
0.36771592
0.35582482
0.35378513
0.35853456
0.36152058
0.36775581
0.36938398
0.40686673
0.36580202
0.35373352
0.3516362
0.35633363
0.3590907
0.3653208
0.36700033
0.40462776
0.36362537
0.35140211
0.34914815
0.35382816
0.35635799
0.36241631
0.36414874
0.40242702
0.361488
0.34913779
0.34672399
0.35128957
0.35372615
0.35955881
0.36123481
0.40058876
0.35975593
0.34726491
0.34475026
0.34916062
0.35154279
0.35725863
0.35885382
0.39943602
0.35869067
0.34610858
0.34353369
0.34785532
0.35017779
0.35582326
0.35741161
1.0740096
1.0738962
1.0746397
1.0769292
1.0796829
1.0819075
1.0832583
1.0842472
1.0734366
1.0734508
1.0744848
1.0769619
1.0799487
1.0823937
1.0842533
1.0853954
1.072646
1.0729599
1.07444
1.0773718
1.0808554
1.0843678
1.0877791
1.0904409
1.0720037
1.0727572
1.074891
1.0786066
1.0835093
1.0897892
1.0965765
1.1012867
1.0718883
1.0731618
1.0762258
1.0814915
1.0897553
1.100866
1.1112091
1.1178043
1.0724817
1.0743437
1.0788117
1.0868151
1.0998315
1.1144174
1.1261955
1.1332616
1.0735818
1.0761756
1.0823443
1.0935395
1.1098209
1.1252852
1.1373229
1.144589
1.0746794
1.0778143
1.0853726
1.0985428
1.1161008
1.1312773
1.1437654
1.1490388
1.12274
1.1291311
1.1404189
1.1539603
1.1667901
1.1830914
1.1781768
1.1695115
1.12519
1.1321036
1.1435933
1.1562494
1.1699099
1.1839752
1.1758708
1.1734716
1.1299223
1.1376282
1.1478418
1.1601182
1.1743151
1.1843079
1.1740452
1.1760014
1.1370898
1.1423218
1.1534164
1.1642343
1.179006
1.182674
1.1743558
1.1729519
1.1413591
1.1479213
1.1581254
1.1685108
1.1819581
1.1811617
1.1747022
1.1751576
1.1465282
1.1524634
1.1620263
1.1719443
1.1834371
1.1800077
1.1756716
1.1743551
1.1496083
1.15595
1.1645321
1.1744765
1.183786
1.1799286
1.1756607
1.1774511
1.1518663
1.1576968
1.1660589
1.1757697
1.1838003
1.1800077
1.1753825
1.1810151
1.056105
1.05585
1.0550408
1.0543451
1.0542025
1.0543201
1.0552899
1.0562909
1.0548092
1.0545989
1.0538965
1.0534322
1.0534367
1.0536487
1.0547089
1.0559708
1.0526446
1.0524985
1.0519627
1.0517804
1.052106
1.0525832
1.0539286
1.0553349
1.0499774
1.0498587
1.0494939
1.0495173
1.0502414
1.0513729
1.0532242
1.0549918
1.0471928
1.0471101
1.0468889
1.0469671
1.0478526
1.0497449
1.0525354
1.055019
1.044633
1.0446005
1.0444991
1.0445912
1.0455177
1.0480065
1.051917
1.0556194
1.042648
1.0426424
1.0426401
1.0427288
1.0437156
1.046744
1.0519152
1.0568016
1.0414654
1.0414843
1.0415268
1.0416223
1.042628
1.0461003
1.0521992
1.0580195
0.34236539
0.34368199
0.34500095
0.34653864
0.35165424
0.35501228
0.36130072
0.36304821
0.34008051
0.34151548
0.34268635
0.34405579
0.34905569
0.35314714
0.35990202
0.3619839
0.3363282
0.33760265
0.33872639
0.34029399
0.34578016
0.35021762
0.35818339
0.36161326
0.33172094
0.33295067
0.3341653
0.33589239
0.3423806
0.35003853
0.36157936
0.36592347
0.32704395
0.32835466
0.32999096
0.33420216
0.34523266
0.35611369
0.3670788
0.36843771
0.32439987
0.32718899
0.33143903
0.33862923
0.34871746
0.35223469
0.35215474
0.34737368
0.32673826
0.33057276
0.33481629
0.33827919
0.33825979
0.33141244
0.32640505
0.32321712
0.32848553
0.33248724
0.33479899
0.33150029
0.32577745
0.31926237
0.31502096
0.31339119
2.9254132
2.1359654
2.3098967
2.2220823
2.2879062
2.2595262
2.3040122
2.2761071
2.8349517
1.9833131
2.1670271
2.084064
2.1481931
2.1210948
2.1363881
2.1989347
2.0108947
2.0368096
2.0270271
2.0326917
2.0212405
2.0301252
2.012306
2.0901934
2.0619812
1.9844919
1.9999153
1.9906492
2.0026026
2.0074142
2.023846
2.0225432
1.963421
2.0207353
2.0191431
2.0406348
2.057092
2.0791298
2.0918454
2.1027277
2.1370149
2.1002402
2.1143692
2.1153222
2.1265412
2.1332423
2.1439887
2.1411584
2.1004991
2.1333934
2.1374593
2.1496953
2.1611777
2.1745995
2.186207
2.1901678
2.1647127
2.1540222
2.1637663
2.175958
2.1965923
2.2119259
2.2289457
2.2273937
2.1873029
2.1784904
2.2737694
2.2627394
2.2718556
2.2670192
2.2508901
2.2668198
2.0902462
2.0151635
2.0153576
2.0602288
2.0797518
2.0796441
2.0840885
2.1089496
2.0807377
2.0116122
1.9981189
1.9969707
2.0063077
2.0184435
2.0182872
2.0228745
2.0740901
2.0133588
1.9943133
1.988451
1.9991605
2.0037026
2.0153041
2.0127614
2.0445746
1.9935166
1.9913454
1.9868692
1.9901819
1.9931109
1.9977131
1.9938124
2.0643415
1.9939484
1.9688698
1.9676717
1.9766588
1.9825146
1.9940833
1.9950352
2.1408928
2.0736528
2.0561203
2.0446935
2.0464575
2.0524511
2.0644281
2.0661418
2.1775163
2.1079207
2.0749214
2.0764241
2.075148
2.0802262
2.0990421
2.100394
1.1702362
1.1744149
1.1797184
1.1842336
1.1847816
1.1818715
1.1812514
1.1833422
1.171305
1.1753685
1.1804949
1.1846511
1.1849571
1.1821937
1.1816895
1.1836155
1.172977
1.1768822
1.1817139
1.185335
1.1852909
1.182757
1.1823893
1.1841752
1.1749591
1.1786717
1.1831588
1.1861869
1.1857981
1.1834909
1.1832584
1.1848966
1.1769415
1.1804619
1.1846137
1.187105
1.186436
1.1843026
1.1841626
1.185671
1.1786777
1.1820284
1.1859025
1.1879771
1.1871077
1.1850827
1.1849803
1.1863759
1.1799853
1.1832112
1.1868885
1.1886848
1.1876883
1.1857182
1.1856197
1.1869163
1.1807512
1.1839033
1.1874719
1.1891211
1.1880579
1.1861119
1.1860024
1.1872464
1.1895197
1.1919846
1.1946678
1.1954051
1.1939799
1.1921057
1.1916137
1.192217
1.1901721
1.1926017
1.195239
1.1959513
1.1945231
1.1926651
1.192138
1.1927321
1.1912456
1.1936218
1.1961878
1.1968636
1.1954345
1.1936073
1.1930273
1.193608
1.192579
1.1949029
1.1973819
1.1980187
1.1965898
1.1948098
1.1941687
1.194745
1.1939803
1.196255
1.1986469
1.1992418
1.1978115
1.1960865
1.1953905
1.1959724
1.1952373
1.197481
1.1997913
1.2003428
1.1989064
1.1972305
1.1965006
1.1970799
1.1961872
1.1984129
1.2006579
1.2011695
1.1997234
1.198084
1.1973371
1.1979189
1.1967357
1.1989511
1.2011577
1.2016413
1.2001886
1.1985686
1.1978164
1.1983989
1.0119728
1.0177781
1.0328634
1.0521994
1.0666264
1.080586
1.0940043
1.1028842
1.0134662
1.0188939
1.0345354
1.0527236
1.0665808
1.0806321
1.0942339
1.103123
1.0147911
1.0214972
1.037111
1.0534023
1.0663209
1.0807846
1.094527
1.1035852
1.0186674
1.0252598
1.0401414
1.0537449
1.0659301
1.0809481
1.0948806
1.1041661
1.0228363
1.0294673
1.0430401
1.0536097
1.0655214
1.0810582
1.0952868
1.1046667
1.0275595
1.0339789
1.0453287
1.0532054
1.0651116
1.0811639
1.0956246
1.1051386
1.0313878
1.0376071
1.0468792
1.0527103
1.0648292
1.081211
1.0959089
1.1054185
1.0373589
1.0409668
1.0474657
1.0524508
1.0646329
1.0812521
1.0960506
1.1055767
2.2588147
2.2604356
2.2598831
2.2598477
2.2642756
2.2682843
2.2750473
2.2717524
2.2608542
2.2602931
2.2602143
2.2599777
2.2645979
2.2683408
2.2752065
2.2713837
2.2603512
2.2605235
2.2602094
2.2599569
2.2644066
2.2681259
2.2748687
2.2711809
2.2602831
2.2600167
2.2597756
2.25946
2.2639264
2.2675875
2.2743447
2.270558
2.2593038
2.2593112
2.2589964
2.2586936
2.26311
2.2667791
2.2734999
2.269775
2.2585649
2.2583891
2.258149
2.2578493
2.2623091
2.2659701
2.2727189
2.2689536
2.2577171
2.257702
2.2574272
2.2571678
2.2616259
2.265332
2.2720755
2.268366
2.257335
2.2572132
2.2570319
2.2567549
2.2612595
2.2649366
2.2717281
2.2679624
2.2532416
2.2533033
2.2533131
2.2533482
2.2581279
2.2620989
2.2690675
2.2654776
2.2530348
2.253127
2.2531518
2.2532169
2.2580199
2.2620139
2.2689944
2.2654085
2.2527397
2.2528458
2.2529055
2.2530106
2.2578543
2.2618772
2.2688737
2.2652965
2.2524015
2.2525324
2.252627
2.2527755
2.2576561
2.261705
2.2687189
2.2651506
2.2521251
2.2522696
2.2523896
2.2525647
2.2574684
2.2615374
2.2685609
2.2649958
2.2519437
2.2520969
2.2522273
2.2524132
2.2573291
2.2614012
2.2684244
2.2648656
2.2518448
2.2519978
2.2521304
2.2523192
2.2572369
2.2613048
2.2683296
2.2647718
2.2517997
2.2519542
2.2520845
2.2522727
2.2571869
2.2612529
2.2682772
2.2647206
2.3111151
2.2515246
2.2394286
2.2352736
2.2415487
2.2456685
2.2543131
2.2503894
2.3107897
2.2512246
2.239122
2.2349633
2.2412237
2.2453397
2.2539869
2.2500691
2.3103569
2.2508049
2.2387004
2.2345243
2.2407554
2.2448518
2.2534984
2.2495834
2.3099824
2.2504431
2.2383217
2.2341135
2.2403011
2.2443649
2.2530018
2.2490857
2.3097502
2.2502241
2.2380873
2.2338414
2.239971
2.2439892
2.252612
2.2486897
2.3096306
2.2501161
2.237969
2.2336965
2.239773
2.2437569
2.2523707
2.2484445
2.3095889
2.2500817
2.237924
2.2336363
2.2396773
2.2436482
2.2522598
2.2483302
2.309597
2.2500907
2.2379289
2.2336328
2.2396525
2.2436217
2.2522261
2.2482952
1.0994787
1.1018396
1.105553
1.111735
1.1193262
1.1233898
1.1228518
1.121193
1.0994715
1.1018242
1.1055374
1.1117144
1.1192943
1.1233358
1.1227973
1.1211411
1.0994164
1.1017513
1.1054599
1.1116239
1.1191499
1.1230881
1.122537
1.1208551
1.0992781
1.1015746
1.1052745
1.1114064
1.1188039
1.122513
1.121899
1.1202075
1.0990506
1.1012944
1.1049671
1.1110326
1.1182034
1.121582
1.1208375
1.1191623
1.0987813
1.100946
1.1045813
1.1105412
1.1174231
1.1204326
1.1195499
1.1178842
1.0985277
1.1006195
1.1042079
1.1100413
1.1166468
1.1193349
1.1183404
1.1166875
1.0983525
1.1004046
1.1039527
1.1096884
1.116106
1.1185926
1.1175312
1.1158964
1.0982652
1.1002928
1.1038225
1.1095019
1.1158261
1.1182113
1.1171197
1.1154992
1.098064
1.100055
1.1035354
1.1090895
1.1152164
1.1173841
1.1162361
1.1146393
1.0977059
1.0996297
1.1030051
1.1083071
1.1140857
1.1158878
1.1146729
1.1131138
1.0971911
1.0990338
1.1022256
1.1071547
1.1124607
1.113788
1.112538
1.1110302
1.0965545
1.0983027
1.1012312
1.1057303
1.1104981
1.1113107
1.1100623
1.1086265
1.0958676
1.0975158
1.100124
1.1042346
1.1084723
1.1088327
1.1075921
1.1062372
1.0952471
1.0967946
1.0991182
1.1029623
1.1067606
1.1067997
1.1055466
1.1042654
1.0948352
1.0963084
1.0984505
1.10215
1.105677
1.1055503
1.1042889
1.1030503
1.0822974
1.0821885
1.0817584
1.0818684
1.085475
1.0909772
1.0948864
1.0972214
1.082189
1.0820691
1.0816028
1.0816637
1.0853141
1.0908289
1.0947146
1.0970369
1.0819823
1.0818463
1.0813219
1.0813093
1.0850284
1.0905504
1.0944013
1.0966969
1.0816685
1.0815215
1.0809231
1.0808374
1.0846393
1.0901507
1.0939448
1.0962061
1.0812598
1.0811059
1.0804525
1.0803069
1.0841963
1.0896609
1.0933848
1.0956022
1.0808148
1.0806558
1.0799778
1.0797963
1.0837622
1.0891492
1.0927971
1.0949557
1.0804173
1.0802563
1.0795773
1.0793817
1.0834084
1.0887108
1.0922813
1.0943801
1.0801626
1.0799997
1.0793283
1.0791289
1.0831908
1.0884327
1.0919482
1.0940051
0.38411193
0.38608645
0.38807926
0.39066157
0.39774204
0.40254567
0.40977446
0.4112389
0.38399062
0.38596335
0.38795435
0.39053033
0.39760737
0.40240945
0.40963273
0.41109826
0.38343362
0.38539506
0.38737463
0.38992278
0.396977
0.4017708
0.40896661
0.4104323
0.38213452
0.38405821
0.38599551
0.38846975
0.3954409
0.40019154
0.40731749
0.4087712
0.38025332
0.38210295
0.38394886
0.38629046
0.3930905
0.3977274
0.40472493
0.40614061
0.3784476
0.38022218
0.38196009
0.3841486
0.39075763
0.39524194
0.40208608
0.40345082
0.37716173
0.37889029
0.38055909
0.38263019
0.38910509
0.39347881
0.40020837
0.40153302
0.37645482
0.37816292
0.3798054
0.38181424
0.38822146
0.39254596
0.39921885
0.40052832
0.37612956
0.37782737
0.37946011
0.38144336
0.38782038
0.39212961
0.39877978
0.40007894
0.37548308
0.3771659
0.37878684
0.38072037
0.38704025
0.3913254
0.39793722
0.39923112
0.37444258
0.37610634
0.377722
0.37960229
0.38584996
0.39011575
0.39668893
0.39797363
0.37308426
0.37472633
0.37634056
0.37818455
0.38436093
0.3885951
0.39514548
0.39645318
0.37150867
0.37312059
0.37472822
0.3765256
0.38261979
0.38684132
0.39337397
0.39472668
0.36985413
0.37143753
0.37303389
0.37477287
0.38079645
0.38503767
0.39153414
0.39292405
0.36839421
0.36995472
0.37154234
0.3732317
0.37917252
0.38345547
0.38991552
0.39130736
0.36744576
0.36899425
0.37057817
0.37224514
0.37812333
0.38242948
0.38887315
0.39024873
0.41915986
0.37796677
0.36639715
0.36441002
0.37000672
0.37327575
0.37959724
0.38141141
0.41864509
0.37747183
0.36590045
0.36390303
0.36943175
0.37269173
0.3789776
0.38076503
0.41773468
0.37659767
0.36502991
0.36303058
0.36846933
0.37172148
0.37796798
0.37971871
0.41648309
0.37539335
0.363809
0.36181354
0.36715867
0.37039769
0.37663709
0.37835314
0.41502382
0.37397246
0.36235501
0.36035793
0.36559883
0.36882634
0.37506443
0.37676321
0.41354331
0.37250764
0.36085756
0.35883237
0.36396401
0.36716969
0.37339412
0.37508715
0.41227815
0.3712376
0.35955307
0.35751028
0.36253478
0.36571531
0.37192728
0.37360547
0.41148051
0.37042748
0.35871516
0.3566693
0.36162174
0.36477687
0.37098221
0.37265075
1.075691
1.0756611
1.076272
1.0774285
1.0771313
1.0759467
1.0748163
1.0742423
1.0747594
1.0747346
1.0753722
1.0764962
1.0761822
1.0750358
1.0740351
1.0735584
1.0732232
1.073219
1.0739006
1.0749886
1.0746673
1.0736347
1.0728797
1.07264
1.0712916
1.0713207
1.0720669
1.0731296
1.0728598
1.072062
1.0717154
1.0718151
1.069249
1.0693239
1.0701753
1.0712544
1.0711042
1.0706849
1.0708788
1.0714387
1.0673732
1.06753
1.0684971
1.0696268
1.0696824
1.0697597
1.0705994
1.071713
1.0659401
1.0661779
1.0672619
1.0684477
1.0687485
1.0693172
1.0708407
1.0725237
1.0650692
1.0654039
1.0665542
1.0677957
1.0682788
1.0691975
1.0712588
1.0733021
1.0647179
1.0650164
1.066226
1.0674862
1.0680799
1.0691912
1.0715356
1.0737931
1.0638798
1.0642931
1.0655606
1.0669071
1.0677266
1.0693252
1.0723126
1.0752504
1.0626303
1.0631441
1.064567
1.0660728
1.067364
1.0699634
1.0744169
1.0784724
1.0611045
1.0618384
1.0634296
1.0652971
1.067402
1.0719611
1.0789642
1.0851495
1.0596797
1.0606074
1.0624893
1.0648145
1.0684805
1.0761564
1.0866495
1.0942982
1.0584596
1.0596496
1.0618423
1.0649598
1.0709646
1.0825344
1.095551
1.1044243
1.057698
1.0590204
1.0616014
1.0656685
1.0744123
1.0888657
1.1031738
1.1118245
1.0570966
1.0587998
1.0614676
1.0666488
1.0769471
1.0933319
1.1070792
1.1184064
1.0676256
1.0672438
1.0655145
1.0638475
1.0641993
1.0643954
1.0644883
1.0646032
1.0670252
1.0666111
1.064816
1.0631308
1.0633925
1.0635295
1.0636069
1.0638001
1.065916
1.0654688
1.0636197
1.0618881
1.0620404
1.0620965
1.0622107
1.0624527
1.064267
1.0638417
1.0620406
1.0602526
1.0602747
1.0603127
1.0605076
1.0608811
1.0621636
1.061815
1.0602286
1.0584948
1.0583414
1.0584271
1.0588052
1.059334
1.0599073
1.0596163
1.0583384
1.0568906
1.0565946
1.0567126
1.0572943
1.0580358
1.057956
1.0576804
1.0566675
1.0555966
1.0552992
1.0554103
1.0561953
1.057087
1.0567172
1.0564593
1.0555771
1.0547787
1.0545429
1.0546872
1.0555345
1.0566897
0.33195675
0.33284778
0.33363101
0.33432237
0.33840486
0.34081788
0.34571287
0.34647552
0.33024565
0.33123582
0.33187353
0.33243072
0.33628836
0.33868973
0.34358963
0.34436224
0.32749067
0.32828947
0.32877823
0.32920878
0.33299525
0.33524296
0.33988689
0.34051922
0.32428583
0.32505177
0.32534508
0.32548295
0.32884026
0.33081673
0.33533943
0.33591308
0.32153004
0.32197629
0.3219092
0.32170251
0.32483282
0.32649454
0.33061081
0.33108187
0.31941866
0.31987693
0.31968783
0.31903941
0.32142722
0.32267811
0.32719174
0.32811306
0.31963115
0.31938468
0.31840355
0.31735531
0.32041356
0.32258893
0.3281645
0.32980513
0.32202734
0.32172088
0.32047886
0.3190404
0.32151445
0.32395647
0.32969372
0.33099776
0.32256448
0.32251838
0.32274559
0.32207509
0.32421566
0.32516835
0.33185588
0.33425865
0.32749355
0.32684067
0.32371605
0.31973145
0.32299909
0.32986952
0.33724372
0.33626273
0.33490932
0.33529769
0.33569504
0.33585105
0.33737864
0.33479048
0.33204115
0.32821143
0.33624818
0.33647189
0.33476421
0.33268952
0.33030201
0.32624558
0.32352514
0.32287824
0.33389658
0.33240479
0.32844601
0.32279302
0.31925698
0.31753967
0.3169243
0.31708094
0.32151291
0.31850128
0.31499299
0.31273205
0.31112443
0.3111327
0.31057471
0.31025724
0.32257791
0.3193164
0.31568195
0.31255629
0.3114771
0.31104479
0.311742
0.31182172
0.32234352
0.31906766
0.31839725
0.32085778
0.31985623
0.32174529
0.32160995
0.32438459
0.40256032
0.35800464
0.34217557
0.33098128
0.32944624
0.32737264
0.32958759
0.3286824
0.41047524
0.36364602
0.34320499
0.33502027
0.33133086
0.32959431
0.33270077
0.33304627
0.40666761
0.36419209
0.34686492
0.33929409
0.33920263
0.33824335
0.34080497
0.34054451
0.41351495
0.36735189
0.34630933
0.33857565
0.33792572
0.33803237
0.34124752
0.34133745
0.40547206
0.36557883
0.35081769
0.34408409
0.34205682
0.33918769
0.33988187
0.33827932
0.39190411
0.35155704
0.33742234
0.3325791
0.33424695
0.33108933
0.32652945
0.32425358
0.38300464
0.34244448
0.32493717
0.31858665
0.31675328
0.31539587
0.31811178
0.32248199
0.41409045
0.36567678
0.3364408
0.33121065
0.32947532
0.32715252
0.32372457
0.32470904
1.0915821
1.0996843
1.1114193
1.1254845
1.1403465
1.1535043
1.1628925
1.167971
1.0930587
1.1008738
1.1125628
1.1267632
1.141653
1.1547852
1.1640864
1.1690839
1.0950757
1.1025796
1.1143666
1.1288076
1.1437326
1.1568145
1.1659707
1.1708493
1.0970478
1.104427
1.1165156
1.1312626
1.1462276
1.1592229
1.1682053
1.1729256
1.0987322
1.1061935
1.1186818
1.133756
1.1487665
1.1616436
1.1704446
1.174999
1.1000793
1.107715
1.1205789
1.1359627
1.1510228
1.1637704
1.1724059
1.1768106
1.1010509
1.1088509
1.1220013
1.1376356
1.1527411
1.1653777
1.1738833
1.1781784
1.1016086
1.1095075
1.1228267
1.1386129
1.1537497
1.1663167
1.1747462
1.1789754
1.1018772
1.1098172
1.1232192
1.1390783
1.1542319
1.1667646
1.1751574
1.1793564
1.1023975
1.1104459
1.124007
1.140021
1.1552084
1.1676729
1.1759893
1.1801291
1.1032431
1.1114387
1.1252628
1.141528
1.1567813
1.1691343
1.1773283
1.1813732
1.1042356
1.1126232
1.1267522
1.1433337
1.1586802
1.1709098
1.1789509
1.1828927
1.1052352
1.1138071
1.1282357
1.1451426
1.1606096
1.1727361
1.1806198
1.1844702
1.1060811
1.1148398
1.1295087
1.1467055
1.162304
1.1743735
1.182118
1.185906
1.1067228
1.1156011
1.1304458
1.1478515
1.1635754
1.1756263
1.1832732
1.187023
1.1070874
1.1160381
1.130979
1.1485027
1.1643111
1.1763633
1.1839585
1.1876875
1.0149137
1.0155333
1.0193899
1.0348711
1.0594649
1.0780832
1.0904334
1.0981393
1.0140944
1.0149323
1.0195971
1.0365336
1.0609453
1.0785837
1.0908475
1.0986221
1.0129199
1.0141082
1.0203875
1.0393917
1.0630045
1.0791676
1.0914901
1.0993473
1.0115436
1.0135906
1.0221113
1.0429974
1.0648697
1.0796448
1.0921996
1.1002123
1.0107396
1.013719
1.0247958
1.0465285
1.0660857
1.0799732
1.0928654
1.101054
1.0104145
1.014685
1.0278399
1.0492907
1.0666079
1.0802268
1.0933827
1.1018056
1.0111917
1.0159501
1.0305003
1.0509829
1.0667474
1.0803856
1.0937604
1.1023323
1.0115698
1.0170476
1.0321182
1.0518194
1.0667057
1.0804956
1.0939536
1.1026512
2.2542828
2.2543639
2.2539464
2.2533835
2.2578399
2.2608262
2.2680381
2.2646917
2.2556736
2.2549712
2.2546334
2.2537766
2.2580626
2.2613882
2.2680885
2.2635631
2.2558555
2.2553963
2.2549696
2.2541151
2.2583929
2.2615227
2.2683232
2.264163
2.2557397
2.2551322
2.2547162
2.2538109
2.2580337
2.2612104
2.2679002
2.2635216
2.2547755
2.2542696
2.2538626
2.2530015
2.257266
2.2604081
2.2671609
2.2629018
2.25377
2.2532238
2.2528468
2.2520086
2.2562876
2.259494
2.2662241
2.2619213
2.2528089
2.252304
2.2519572
2.2511551
2.2554882
2.2587019
2.2654876
2.2611963
2.2522082
2.2517701
2.2514197
2.2506607
2.2549854
2.2582369
2.2649912
2.2608471
2.2520397
2.2514617
2.2511639
2.2503763
2.2547484
2.2579889
2.264807
2.2604415
2.2514043
2.2509447
2.2506242
2.249884
2.2542566
2.2575363
2.2643346
2.260116
2.2505385
2.250056
2.2497801
2.2490678
2.253488
2.2567953
2.2636327
2.2593916
2.2494783
2.2490357
2.2487843
2.2481236
2.2525865
2.255944
2.2628087
2.2586138
2.2484684
2.2480331
2.247825
2.247211
2.2517329
2.2551394
2.2620489
2.2578652
2.2476107
2.2472044
2.247027
2.2464656
2.2510393
2.2545025
2.2614487
2.2573044
2.2469988
2.2465975
2.2464479
2.2459216
2.2505435
2.2540483
2.2610359
2.2569033
2.2466404
2.2462552
2.2461165
2.2456147
2.2502593
2.2537978
2.2607975
2.2566974
2.3173941
2.2578434
2.2454851
2.2413064
2.2475122
2.2514039
2.2600049
2.2558631
2.3169062
2.2571581
2.2449098
2.2406666
2.2468788
2.2508792
2.2593751
2.2554142
2.3159098
2.2561313
2.243883
2.2396648
2.2459053
2.2499239
2.2584848
2.254465
2.3146593
2.254914
2.2427149
2.2385029
2.2447627
2.2488379
2.2573952
2.2534362
2.3134186
2.253721
2.2415581
2.2373761
2.2436552
2.2477532
2.2563548
2.2523858
2.3123687
2.2527312
2.2406099
2.236451
2.2427328
2.2468538
2.2554709
2.2515383
2.3116651
2.2520527
2.2399432
2.2357898
2.2420793
2.2462019
2.2548387
2.2509024
2.3112638
2.2516911
2.2395861
2.2354424
2.2417128
2.2458371
2.2544776
2.2505562
1.1432536
1.148645
1.1581563
1.1705613
1.1848725
1.2050575
1.2242623
1.257625
1.1431556
1.1485726
1.158064
1.1704635
1.184778
1.2049367
1.2241009
1.2574792
1.1428414
1.1482612
1.1576783
1.1700322
1.1843283
1.2043568
1.2234184
1.2567927
1.1421026
1.1474848
1.1567595
1.1689882
1.1832215
1.2029913
1.2218696
1.2551428
1.1408884
1.1462066
1.1552613
1.1672626
1.1813784
1.2008042
1.2194716
1.2525625
1.1394092
1.1446139
1.1534041
1.1651374
1.1790347
1.1981574
1.2166162
1.2495788
1.1380069
1.143086
1.1516044
1.1630978
1.1767543
1.1956339
1.2139432
1.2469291
1.1370213
1.1420287
1.15039
1.1617169
1.1752011
1.1939077
1.2121565
1.2452196
1.1364985
1.141484
1.1497655
1.1610101
1.1743947
1.1930157
1.2112359
1.2443609
1.1353855
1.1402894
1.1483908
1.1594699
1.1726286
1.1910691
1.2092387
1.2425112
1.1333362
1.1381044
1.1458929
1.1566709
1.1693901
1.1875149
1.2055848
1.2392051
1.1303714
1.1349726
1.1423424
1.1526595
1.1647639
1.1823658
1.2003012
1.2346
1.1268012
1.1311816
1.1380573
1.1477496
1.1591172
1.1759777
1.1938464
1.2291212
1.1231748
1.1272819
1.1336363
1.1426271
1.1532055
1.169195
1.1870533
1.2234462
1.1201496
1.1239693
1.129872
1.1382461
1.1480918
1.1632454
1.1811378
1.2185082
1.1182784
1.1218973
1.1275061
1.1354838
1.144835
1.1594119
1.1773458
1.2153312
1.114767
1.1131896
1.1094593
1.1074078
1.1134298
1.1226559
1.1293266
1.1341563
1.1139018
1.1123202
1.108652
1.1067001
1.1127075
1.1217736
1.128348
1.1330618
1.1123783
1.1107949
1.1072076
1.105435
1.1113829
1.1201613
1.1265408
1.1310855
1.1102952
1.1087398
1.1052472
1.1037025
1.1095257
1.117848
1.1239486
1.1282318
1.1078994
1.1063643
1.1029724
1.1016987
1.1073391
1.1150568
1.1208304
1.1248114
1.1055259
1.1040007
1.1007249
1.0997123
1.1051436
1.1122062
1.1176575
1.1213453
1.1035567
1.1020136
1.0988669
1.0980689
1.1032997
1.109828
1.1149844
1.1184485
1.1023446
1.1007723
1.0977097
1.0970513
1.1021432
1.1083584
1.1133199
1.1166477
1.1173511
1.1208768
1.1263317
1.1341139
1.1432098
1.1574911
1.1754501
1.2137355
1.1154171
1.1187343
1.1238689
1.1312302
1.1397722
1.1534102
1.1714287
1.2103392
1.112128
1.1151042
1.119684
1.1263036
1.1338368
1.1463095
1.1644759
1.2043793
1.1078811
1.1104289
1.1142613
1.1198567
1.1259979
1.1369078
1.1552826
1.1962949
1.103301
1.1053889
1.108382
1.1127781
1.1172578
1.126501
1.1450572
1.1870436
1.0991456
1.1007901
1.1029611
1.1062086
1.10902
1.1168014
1.1353895
1.177973
1.0960189
1.0973124
1.0987924
1.1011327
1.1026394
1.1093107
1.127756
1.1705706
1.0942446
1.0953196
1.0963747
1.0981747
1.0989213
1.1049411
1.1232045
1.1660529
1.0933704
1.0943911
1.0952328
1.0967802
1.0971653
1.1028752
1.1210219
1.1638312
1.0916657
1.0925243
1.092978
1.0940069
1.0936801
1.0987628
1.1165583
1.1593267
1.0890481
1.0896733
1.0895536
1.0898228
1.08839
1.0924445
1.1094519
1.1516896
1.086268
1.0866423
1.0859444
1.0854577
1.0830109
1.0857443
1.101042
1.1423195
1.0840741
1.084275
1.0832813
1.0823997
1.0795846
1.0809263
1.0931654
1.1327375
1.0830429
1.0831951
1.082392
1.0817247
1.0794796
1.0795412
1.087508
1.1247091
1.0830699
1.0835979
1.0833437
1.0839518
1.0831228
1.0816978
1.0847933
1.1191402
1.0838193
1.0846539
1.0851193
1.0872177
1.0878495
1.0851039
1.0843875
1.1160005
1.0861614
1.0847765
1.0831896
1.0838891
1.0868372
1.0896835
1.0917952
1.0929399
1.0849458
1.0836146
1.0821942
1.0829762
1.0858011
1.0884606
1.090342
1.0913055
1.0829769
1.0817627
1.080619
1.0815574
1.0842012
1.0865913
1.088111
1.0888499
1.080636
1.0795835
1.0788071
1.0799539
1.0824367
1.0845382
1.0857207
1.0861929
1.0783151
1.0774778
1.0771165
1.0785243
1.0809355
1.0828488
1.0837849
1.0841156
1.0763934
1.0757944
1.0758458
1.0775449
1.0800118
1.0818656
1.0827549
1.0830191
1.0750576
1.0746826
1.0751018
1.0770749
1.0796609
1.08161
1.0826075
1.083075
1.0743619
1.0741156
1.0747805
1.0769317
1.0796554
1.0817145
1.0829676
1.0834654
1.0946234
1.0960572
1.098113
1.1017474
1.1051402
1.1049387
1.1036719
1.1024539
1.0941637
1.0955087
1.0973938
1.1009018
1.1040203
1.1036716
1.1023944
1.1012044
1.0933228
1.0944954
1.0961221
1.0994387
1.1021053
1.1015603
1.1002634
1.0991051
1.0921176
1.0930499
1.0944105
1.0975008
1.0996166
1.0988848
1.0975651
1.0964099
1.0906503
1.0913221
1.0924738
1.0952953
1.0968917
1.0960146
1.09468
1.0935167
1.0891375
1.0895867
1.0905996
1.0931536
1.094337
1.0933625
1.0920074
1.0908284
1.0878555
1.0881536
1.0890741
1.0914222
1.0923165
1.0912812
1.089912
1.0887109
1.087046
1.0872683
1.0881398
1.090363
1.0911001
1.0900373
1.0886591
1.0874444
1.0866455
1.0868345
1.0876827
1.0898478
1.0905136
1.0894417
1.0880519
1.0868425
1.0858083
1.0859345
1.0867445
1.0887942
1.0893226
1.0882223
1.0868165
1.085598
1.0843785
1.0844311
1.0851786
1.0870472
1.0873673
1.0862271
1.0847993
1.083598
1.0825254
1.0825174
1.0831996
1.0848575
1.0849706
1.0837826
1.0823344
1.0811865
1.0804948
1.0804678
1.0810923
1.0825601
1.0825014
1.0812705
1.0798315
1.0787909
1.0785872
1.0785522
1.0791391
1.0804543
1.0802829
1.0790394
1.0776717
1.0767689
1.0770656
1.0770387
1.0776329
1.0788522
1.0786027
1.0773654
1.0760998
1.0753488
1.0761388
1.0761113
1.0767201
1.0778913
1.0776105
1.0763966
1.0752303
1.074559
1.0762666
1.0762663
1.0756754
1.0757206
1.0798787
1.0835275
1.0855088
1.0864387
1.0759412
1.0759717
1.07537
1.0754362
1.0795067
1.0829569
1.0847898
1.085644
1.0754215
1.0754876
1.0748659
1.0749424
1.0788226
1.0819463
1.0835475
1.0842743
1.0747923
1.074879
1.0742381
1.074266
1.0778321
1.0805557
1.0818964
1.0824659
1.0741604
1.0742309
1.0735577
1.0734524
1.0766188
1.0789367
1.0800276
1.0804674
1.0736051
1.0736357
1.0728847
1.0725996
1.0753693
1.0773296
1.0782134
1.0785727
1.0731735
1.0731628
1.0723083
1.071859
1.0743091
1.0759926
1.0767485
1.077062
1.0729106
1.0728712
1.0719352
1.0713841
1.0736485
1.0751742
1.0758587
1.0761433
0.39528322
0.39701823
0.39854674
0.40061737
0.40624903
0.40972855
0.41630274
0.41738084
0.39444733
0.39618459
0.39768516
0.39972053
0.40534632
0.40879174
0.4153349
0.41642476
0.39320845
0.3949553
0.39643606
0.39843733
0.40408355
0.40748421
0.41399973
0.41512153
0.39171679
0.39347522
0.39495942
0.39695948
0.4026572
0.40602091
0.41252729
0.41372662
0.39004967
0.39186159
0.3933411
0.39532728
0.4011225
0.40444839
0.41090143
0.41220628
0.38831123
0.39020232
0.39168264
0.39360456
0.39952282
0.40285382
0.40918675
0.41054667
0.38674541
0.38871107
0.39022746
0.39203748
0.39804697
0.40144872
0.40764887
0.40899658
0.38570347
0.38771442
0.3892872
0.39102382
0.39705046
0.40054344
0.40666293
0.40797451
0.36720428
0.36899982
0.37076858
0.37285329
0.37856509
0.38227604
0.38851752
0.38972374
0.36534403
0.36714704
0.36891436
0.37094195
0.3766069
0.38037081
0.38654655
0.38778712
0.3623118
0.36401437
0.36567142
0.3676259
0.37324788
0.37699104
0.38314038
0.3843685
0.35823948
0.35989662
0.36144428
0.36324082
0.3686847
0.37238787
0.37848595
0.37972929
0.35364518
0.35521015
0.35668125
0.35839032
0.36365916
0.36723715
0.37327041
0.37449398
0.34916294
0.35069971
0.35208812
0.35370969
0.35886557
0.36239943
0.36839112
0.3696545
0.3455991
0.34702554
0.34833004
0.3498769
0.35504113
0.35863678
0.3646135
0.36589588
0.34326587
0.3447627
0.34599842
0.34764497
0.35273067
0.35634521
0.36248664
0.36407813
0.36697246
0.36851029
0.37009318
0.37175096
0.37759361
0.38190916
0.3883529
0.38970716
0.36595762
0.3674751
0.3690528
0.37070254
0.37646395
0.38078907
0.38723916
0.38857356
0.36420137
0.36566327
0.36721915
0.36889064
0.37449211
0.37877082
0.38526238
0.38657098
0.36184697
0.36325543
0.36470784
0.36642772
0.37190082
0.37594658
0.38245638
0.38380726
0.35907895
0.3605154
0.36186822
0.3634957
0.36893866
0.37274099
0.37905121
0.38040961
0.35621443
0.35770377
0.35909357
0.36059992
0.36590049
0.36960227
0.37573699
0.37699464
0.35384736
0.3553019
0.35672445
0.35824105
0.36340402
0.36691707
0.37298347
0.37421373
0.35238591
0.35383996
0.35521615
0.35674268
0.36186594
0.36527891
0.37122577
0.3724859
0.35170927
0.35311657
0.35447908
0.35598602
0.36111349
0.36448617
0.37037931
0.37157278
0.35017827
0.35159703
0.35292538
0.35439415
0.35949109
0.36283372
0.36858734
0.36974285
0.34766974
0.34902516
0.35032393
0.3516943
0.3566558
0.35995971
0.36561939
0.36668181
0.34440836
0.34568326
0.34685709
0.348132
0.35292599
0.35605155
0.36157547
0.36259578
0.34081695
0.34199668
0.34302574
0.34409943
0.34867726
0.35164318
0.35701499
0.35795581
0.33728913
0.33841508
0.3393305
0.34026172
0.34461927
0.34738333
0.35256077
0.35346274
0.33448797
0.33551214
0.33634595
0.33713913
0.34133084
0.34395892
0.34904313
0.34985128
0.3327032
0.33376257
0.33445597
0.33523377
0.33937189
0.34198089
0.34685548
0.34763495
0.39887508
0.35816488
0.34554351
0.34293334
0.34722427
0.34950041
0.35512774
0.35667693
0.39768493
0.35705758
0.34435642
0.34169228
0.34589295
0.34811806
0.35364734
0.35517862
0.39573927
0.35522897
0.3423405
0.33956177
0.3436604
0.34576661
0.35119385
0.35264967
0.39310021
0.35289245
0.33976315
0.33675921
0.34075884
0.3427204
0.3480083
0.34938661
0.39035206
0.35036784
0.33704308
0.3336386
0.33748672
0.33932252
0.3444671
0.34575053
0.38780893
0.34812001
0.33460584
0.33077128
0.33434303
0.33604567
0.3410359
0.3422329
0.38609516
0.34635991
0.33280843
0.32859934
0.33185353
0.33338865
0.33823079
0.33936814
0.3852917
0.3454784
0.33168256
0.32744691
0.33028112
0.33186897
0.33659096
0.33773234
1.0841437
1.0855505
1.086242
1.0896287
1.0910544
1.087537
1.0847126
1.1144244
1.0860399
1.0879257
1.0906387
1.0954769
1.0987442
1.0942168
1.0862872
1.1121036
1.0914953
1.0953166
1.1005287
1.1090723
1.1151039
1.1091865
1.0944882
1.1098838
1.1034123
1.109775
1.1178047
1.1296297
1.1368989
1.1334758
1.1119877
1.1175742
1.1206908
1.1278708
1.136804
1.1508064
1.1562604
1.156538
1.1415091
1.1369648
1.1380267
1.1417917
1.1550434
1.1643465
1.1637042
1.1628214
1.1655263
1.1712255
1.1495103
1.1521817
1.1670951
1.1674316
1.1603539
1.1575597
1.1722705
1.2000689
1.1570249
1.1576522
1.1723186
1.1664064
1.1568915
1.1541567
1.1718461
1.2139637
1.1566002
1.1613808
1.1729865
1.1667875
1.1520377
1.1447883
1.1687095
1.22097
1.1634079
1.1693001
1.174182
1.1644633
1.1456221
1.1463352
1.1627589
1.2292898
1.1705806
1.1749474
1.1733599
1.1557942
1.1437282
1.1494052
1.16677
1.2056591
1.1827426
1.1818761
1.1656757
1.1523837
1.1577207
1.1564945
1.1755544
1.2192834
1.182566
1.1757703
1.1595087
1.1607665
1.1676002
1.1110927
1.11622
1.1707049
1.1711882
1.176661
1.1609567
1.1751498
1.1552259
1.0862519
1.0826151
1.1254585
1.1743566
1.1729611
1.1663798
1.182928
1.143179
1.0932497
1.0895619
1.1246529
1.1712209
1.1742045
1.1704022
1.1856408
1.1399201
1.1014602
1.1015627
1.1882443
1.0753093
1.0788626
1.0869467
1.1012602
1.118638
1.1342114
1.1459453
1.1547146
1.0769207
1.0813957
1.0910965
1.1070499
1.124996
1.1402215
1.1521411
1.1584021
1.0809264
1.0869926
1.0989016
1.1164493
1.1330794
1.1480068
1.1601809
1.1677571
1.0881164
1.096344
1.1099673
1.1273543
1.1429347
1.158512
1.1692423
1.1765581
1.0987926
1.1072564
1.1212797
1.1364684
1.1516833
1.1652306
1.1763771
1.1867993
1.1091506
1.1167624
1.1303619
1.1436398
1.1595666
1.1714251
1.1863695
1.1771624
1.1168651
1.123515
1.1358547
1.1495115
1.1629207
1.1780786
1.1832343
1.1685612
1.1178528
1.1281011
1.1384717
1.153004
1.1651497
1.1822866
1.1796737
1.1725117
1.1749165
1.1710347
1.1749581
1.185615
1.1417937
1.1024616
1.1198633
1.2193144
1.1690487
1.1747692
1.1780508
1.1884676
1.1413243
1.1067263
1.1358037
1.2486306
1.1663273
1.1785489
1.1850038
1.1892128
1.1501386
1.1090405
1.1509677
1.2361007
1.17091
1.1841608
1.1886847
1.1977829
1.1583183
1.1274854
1.1269809
1.2464674
1.1735001
1.1889846
1.1933779
1.205974
1.1747765
1.1495197
1.1413857
1.2093841
1.1815678
1.1875724
1.2022338
1.2071253
1.1963501
1.1669919
1.1728322
1.2481307
1.1834618
1.1882924
1.2051435
1.2117984
1.2076068
1.189434
1.193646
1.2840403
1.1801306
1.1913428
1.2036961
1.2174238
1.2099373
1.2058143
1.1999903
1.3016945
1.1809413
1.1915225
1.2040556
1.2185467
1.2124542
1.2106101
1.2090495
1.2946208
1.1817633
1.1921023
1.2043438
1.2208284
1.2179513
1.2184357
1.2249404
1.3159553
1.1822818
1.1927084
1.2046986
1.2225993
1.2268866
1.231913
1.24058
1.3355262
1.1833224
1.1926381
1.2047014
1.2229537
1.2328334
1.2461052
1.2635401
1.3621715
1.1840145
1.1920889
1.2040414
1.2220195
1.2345121
1.2512403
1.2740453
1.3786311
1.1843438
1.1915693
1.2028663
1.2205008
1.2341005
1.2526317
1.2771847
1.3823295
1.1846797
1.1911383
1.2018831
1.2189549
1.2328924
1.252063
1.2779855
1.3854569
1.184871
1.1909212
1.2013117
1.2179799
1.2321453
1.2514615
1.2777083
1.3837588
1.1525755
1.158615
1.166741
1.1763233
1.1839113
1.1799012
1.1757713
1.1807378
1.1543867
1.1603157
1.1681593
1.1773222
1.1840672
1.1797314
1.1763942
1.1807565
1.1573269
1.1629263
1.1703048
1.1788207
1.1841461
1.1797478
1.1771216
1.1814245
1.1606343
1.1659156
1.1727446
1.1803723
1.1842066
1.1799373
1.1780961
1.1816315
1.1638957
1.1687589
1.1750941
1.1817392
1.1842712
1.1803727
1.1790449
1.1820262
1.1665882
1.1711697
1.1770659
1.1828221
1.1843977
1.1809159
1.1799143
1.1825118
1.1685936
1.1729231
1.1785127
1.1835853
1.1845739
1.181399
1.1806224
1.1828973
1.1697056
1.1739375
1.1793318
1.1840245
1.1847087
1.1817122
1.181049
1.1831822
1.0571354
1.0584904
1.0616956
1.0669426
1.0787799
1.0948485
1.1103059
1.1166268
1.0566132
1.0583989
1.0617671
1.0685399
1.0819081
1.0994743
1.1137135
1.1221991
1.0562312
1.0582266
1.0626595
1.0718511
1.0881618
1.1062272
1.1200446
1.1268434
1.0560546
1.0587149
1.0650349
1.0777879
1.0963585
1.1140412
1.1262488
1.1327018
1.0565541
1.0604416
1.0695374
1.0855388
1.1047223
1.1209567
1.1320252
1.1392717
1.0578272
1.0634441
1.0753538
1.0930933
1.111559
1.1261598
1.1373058
1.1429952
1.0597893
1.0668672
1.0805857
1.0988798
1.1159602
1.1301675
1.1405462
1.1471194
1.0614188
1.0692515
1.0839593
1.1019567
1.1184864
1.1321772
1.1428399
1.1486665
1.0622409
1.0705627
1.0855323
1.1034324
1.1195502
1.1332724
1.1436882
1.1498961
1.0643375
1.0733182
1.0887949
1.1061814
1.1217365
1.1352959
1.1456617
1.1517226
1.0682904
1.0781769
1.0938446
1.1101786
1.1250679
1.1385068
1.148731
1.1545695
1.0739595
1.0843008
1.0993246
1.1143613
1.1289101
1.1422849
1.1522947
1.158014
1.0801521
1.0902289
1.1039782
1.1181118
1.132697
1.1459863
1.1558273
1.161315
1.0854271
1.09476
1.1073668
1.1212199
1.1359355
1.1491673
1.1588274
1.1641657
1.0889615
1.0976126
1.1096134
1.1235166
1.1383267
1.1515113
1.1610426
1.1662077
1.0907846
1.0990517
1.1108449
1.1248513
1.1396965
1.1528666
1.1622963
1.1674128
1.0408956
1.0409233
1.040992
1.0410848
1.0421131
1.0458289
1.052456
1.0587345
1.0397307
1.0397766
1.0398935
1.0399822
1.0410709
1.0453851
1.0532241
1.0603277
1.0378216
1.0378996
1.0380801
1.0381729
1.039425
1.0451248
1.0551796
1.0637099
1.0354492
1.0355529
1.0358166
1.0358919
1.0376466
1.045822
1.058863
1.0688536
1.0329318
1.0330606
1.0334099
1.0334627
1.0363934
1.0480175
1.0639708
1.074906
1.0306025
1.0307718
1.0311712
1.0312953
1.0361427
1.0513539
1.0692782
1.080354
1.0287672
1.0289881
1.0293933
1.0297553
1.0367204
1.0547075
1.0734431
1.0842003
1.0276658
1.0279202
1.0283224
1.0289505
1.0374276
1.0569374
1.0758183
1.0862293
0.33167222
0.33434652
0.33308007
0.32686506
0.32056067
0.31389858
0.31077528
0.31050968
0.332236
0.33098524
0.32497233
0.31782374
0.31282277
0.30935827
0.30753922
0.30776864
0.32434914
0.3216884
0.31685541
0.31300439
0.31006346
0.30815782
0.30670935
0.3065879
0.32072737
0.31867043
0.31670551
0.31491099
0.31286901
0.31133805
0.3097727
0.30915705
0.3160572
0.31540281
0.31514698
0.31467587
0.31379348
0.31274736
0.31166761
0.31107291
0.30990357
0.31000058
0.31037525
0.31063184
0.31109519
0.31133483
0.31116209
0.31090312
0.31188679
0.31168716
0.31241463
0.31371509
0.31490768
0.31552192
0.3160483
0.31602281
0.32230489
0.32223718
0.32334196
0.32398348
0.32574337
0.32609814
0.32701486
0.32660914
2.1608898
2.1615851
2.1713526
2.1811598
2.1960019
2.2094858
2.2208109
2.221515
2.1802531
2.1862357
2.1934702
2.2028997
2.2155659
2.2247404
2.2340132
2.2329398
2.2193179
2.2217953
2.2260335
2.229689
2.2370109
2.2428519
2.2506537
2.2481373
2.2421166
2.2438146
2.2455007
2.2472434
2.2530477
2.2571912
2.2638655
2.2604076
2.2529277
2.2533093
2.253973
2.2546363
2.2598589
2.2640656
2.2708237
2.2670595
2.2577274
2.2580156
2.2583892
2.2587682
2.2637684
2.2675955
2.2743036
2.2704079
2.259221
2.2594157
2.2591304
2.2589584
2.2635936
2.2676979
2.2747173
2.2711673
2.261356
2.2600771
2.2605345
2.2604231
2.2651192
2.2685115
2.2752638
2.2711037
2.2455031
2.2781449
2.2314553
2.2611455
2.2098775
2.2964302
2.163542
2.8315768
2.0947704
2.0984499
2.0623558
2.1099268
2.0418044
2.161853
1.9659536
2.9211581
2.0194472
2.0065613
2.0105571
2.0081443
2.0158522
2.0190692
2.0284519
2.0322056
2.0078317
2.0110388
2.0076531
2.0100825
2.0029981
2.0099656
1.9951823
2.0619108
1.9910302
1.9865546
1.9850231
1.9795969
1.9890424
1.9915737
2.0141241
1.9658101
1.9936886
2.0010582
2.0127497
2.034612
2.0600355
2.0883172
2.0979683
2.1406253
2.0661062
2.068944
2.0797736
2.0853772
2.1000412
2.1055488
2.1258533
2.096668
2.094999
2.1049529
2.105988
2.1184296
2.1289098
2.1444822
2.1478864
2.1681562
2.1083806
2.1028801
2.1118277
2.1139523
2.1300715
2.1406622
2.1628356
2.1612558
2.1176054
2.1224041
2.126744
2.1370512
2.1521314
2.1675066
2.1809176
2.1810053
2.1642785
2.1664912
2.1736807
2.181431
2.1961326
2.2075112
2.2212547
2.2214464
2.210158
2.2124814
2.2156896
2.2204829
2.2297243
2.2380346
2.2476517
2.2448761
2.2387016
2.238772
2.2402484
2.2409987
2.2472538
2.2516391
2.2597753
2.2563533
2.2477374
2.2476962
2.2475782
2.247681
2.2528273
2.2572685
2.2645823
2.260571
2.2538568
2.2533864
2.2534275
2.2527929
2.2573112
2.2603564
2.267399
2.2633697
2.2540996
2.2531972
2.2528231
2.2519961
2.2565077
2.260439
2.2670846
2.26232
2.1535263
2.1124248
2.1057889
2.0879062
2.0985458
2.1031467
2.1115681
2.1061333
2.1916478
2.1186805
2.0998303
2.0987225
2.1047311
2.1101665
2.1216375
2.1205542
2.2352015
2.1718823
2.1512854
2.1400079
2.1474975
2.1551757
2.1668859
2.1663209
2.2817649
2.2154807
2.1972599
2.1915847
2.197215
2.2032771
2.2149766
2.2129732
2.3128928
2.2485442
2.2334019
2.2251769
2.2310185
2.2358127
2.2451632
2.2422195
2.3169084
2.2573289
2.2421803
2.2378654
2.2428607
2.246691
2.2555198
2.2515969
2.3261036
2.2614553
2.249652
2.2425786
2.2490195
2.2530722
2.2617735
2.2578434
2.3219939
2.2642358
2.2476457
2.2454108
2.2492682
2.2532395
2.2613465
2.2575335
1.1849455
1.1908603
1.2010078
1.2175533
1.2316389
1.2511911
1.2775618
1.3848588
1.1852008
1.1907101
1.2004786
1.2166253
1.2307358
1.2504775
1.2772169
1.3846251
1.1855877
1.1906064
1.1996855
1.2152405
1.2292228
1.2492334
1.2763935
1.3839821
1.1861504
1.1906653
1.1989122
1.2137679
1.2274856
1.2476917
1.2752541
1.3829142
1.186781
1.1909127
1.1983576
1.2125126
1.2259208
1.2461929
1.2740799
1.3818328
1.1873675
1.1912354
1.1980507
1.211584
1.2247081
1.2449663
1.273075
1.3808644
1.1878265
1.1915186
1.1979058
1.2109786
1.2238708
1.2440986
1.2723371
1.380202
1.1880963
1.191695
1.1978498
1.2106552
1.2234131
1.2436053
1.271928
1.3797865
1.1882305
1.1917819
1.1978284
1.2105105
1.223198
1.2433783
1.2717244
1.379622
1.1885089
1.191963
1.1977989
1.2102281
1.2227813
1.2429221
1.2713254
1.3792506
1.1889791
1.1922793
1.1977864
1.2098145
1.2221453
1.2422114
1.2706935
1.3786738
1.1896115
1.192722
1.1978469
1.2093916
1.2214411
1.2413887
1.2699428
1.3779899
1.1903625
1.1932768
1.1980341
1.2090817
1.2208248
1.2406261
1.2692138
1.3773151
1.1911494
1.1938889
1.1983451
1.2089499
1.2204008
1.2400506
1.2686403
1.3767616
1.1918357
1.1944476
1.1986933
1.2089629
1.2201757
1.2396954
1.2682786
1.3763848
1.1922799
1.1948165
1.1989479
1.2090262
1.220088
1.2395211
1.2680982
1.3761892
1.1811163
1.184234
1.1877525
1.1893354
1.1882427
1.1863054
1.1861897
1.1874027
1.1818571
1.1849058
1.1883263
1.1897828
1.1886344
1.1867103
1.1865774
1.1877268
1.1830563
1.1859938
1.1892675
1.190543
1.1893155
1.1874035
1.1872303
1.188277
1.1845241
1.1873327
1.1904452
1.1915375
1.1902321
1.1883232
1.1880874
1.1890059
1.1860565
1.1887409
1.1917051
1.1926491
1.1912843
1.1893752
1.1890637
1.1898567
1.1874555
1.1900404
1.1928836
1.1937256
1.1923254
1.1904216
1.1900378
1.1907323
1.1885496
1.1910661
1.1938224
1.1946032
1.1931861
1.1912947
1.1908526
1.1914932
1.1892066
1.1916839
1.1943914
1.1951416
1.1937185
1.1918382
1.1913616
1.1919784
1.1925083
1.1950015
1.1990854
1.2090687
1.2200608
1.2394474
1.2680196
1.3760979
1.192983
1.1954033
1.1993909
1.2091916
1.2200293
1.239318
1.2678693
1.3759344
1.1938229
1.19611
1.1999635
1.2094565
1.2200285
1.2391494
1.2676659
1.3757292
1.1949362
1.1970824
1.2007463
1.2098493
1.2201388
1.2390507
1.2675161
1.3755882
1.1961504
1.1981871
1.201616
1.2104194
1.2204118
1.2390828
1.2674879
1.3755308
1.1972733
1.1991957
1.2024384
1.2110494
1.2207729
1.2392386
1.26754
1.3755275
1.1981169
1.1999584
1.2030886
1.2115827
1.2211022
1.2394376
1.2676163
1.3755402
1.1986042
1.2003973
1.2034762
1.2119092
1.22132
1.2395814
1.2676664
1.3755664
1.1988348
1.2006064
1.2036619
1.2120686
1.2214269
1.2396575
1.2676947
1.3755864
1.1992854
1.2010214
1.2040362
1.2123967
1.2216497
1.2398194
1.2677686
1.3756349
1.1999623
1.2016499
1.2046242
1.2129196
1.2220315
1.2401026
1.2679054
1.3757169
1.2006864
1.2023326
1.2052699
1.2135135
1.2224848
1.2404529
1.2680819
1.3758531
1.2012776
1.2028997
1.2058102
1.2140217
1.2228904
1.2407686
1.2682557
1.3759991
1.2016435
1.2032545
1.2061469
1.2143393
1.2231532
1.2409801
1.2683682
1.3760935
1.2017915
1.2034081
1.2062864
1.2144771
1.2232628
1.2410634
1.268415
1.3761369
1.2018233
1.2034428
1.2063167
1.2145055
1.2232954
1.2410877
1.2684247
1.3761447
1.196984
1.1992074
1.2013914
1.2018626
1.200405
1.1987947
1.1980405
1.198624
1.1975075
1.1997087
1.2018594
1.2022963
1.200833
1.1992381
1.1984838
1.1990692
1.1983161
1.2004743
1.202576
1.20295
1.2014773
1.1999044
1.1991536
1.1997438
1.1991475
1.2013259
1.203341
1.203652
1.2021549
1.2006142
1.1998643
1.200471
1.1998638
1.2020322
1.2039777
1.2042215
1.2027076
1.2011867
1.2004505
1.2010558
1.2003082
1.2024744
1.2043746
1.2045713
1.2030465
1.2015355
1.2008125
1.2014141
1.2005362
1.2026505
1.2045489
1.2047157
1.2031893
1.2016813
1.2009624
1.2015708
1.2006081
1.2026822
1.2045903
1.2047451
1.203221
1.2017127
1.2009936
1.2016101
1.107201
1.1162622
1.1312191
1.1488141
1.1646548
1.1767196
1.1842843
1.1880148
1.1075731
1.1166704
1.131718
1.1494178
1.1653553
1.177434
1.1849582
1.1886697
1.1081216
1.1173148
1.1324877
1.1503507
1.1664599
1.1785859
1.1860557
1.1897442
1.1087179
1.1180755
1.1333529
1.1514102
1.1677491
1.1799796
1.1874053
1.191079
1.1093424
1.1187795
1.1341751
1.1523868
1.1690081
1.1813852
1.1888083
1.1924677
1.1097936
1.1193695
1.1348217
1.1531685
1.1700514
1.1826108
1.1900565
1.1937166
1.1101523
1.1197627
1.1352702
1.1536931
1.170793
1.1835109
1.1909966
1.1946584
1.1103584
1.1199704
1.1355112
1.1539736
1.1712011
1.1840216
1.1915371
1.1952014
1.1102763
1.1201173
1.1355922
1.154118
1.1713757
1.18427
1.1917823
1.1954706
1.1104743
1.1202988
1.1358026
1.1543577
1.1717422
1.1847373
1.1922915
1.1959668
1.1109173
1.1204925
1.1361425
1.1546776
1.1722979
1.185436
1.1930758
1.1967276
1.1110426
1.1207813
1.1364331
1.1550319
1.1728495
1.1862118
1.193906
1.1976137
1.1112206
1.1210067
1.1366553
1.155311
1.1732922
1.1868539
1.1946102
1.1983373
1.1112496
1.1211745
1.1367754
1.1554895
1.1735581
1.1872586
1.1950527
1.1987991
1.1113901
1.1212154
1.1368466
1.1555513
1.1736822
1.1874192
1.1952573
1.198956
1.1115208
1.1211926
1.1368788
1.1555534
1.1737179
1.1874461
1.1953114
1.1989672
1.0402862
1.0436581
1.0475219
1.052563
1.0643631
1.081413
1.0959951
1.1058622
1.0447389
1.0453379
1.0483219
1.0520928
1.0642907
1.0813642
1.0962121
1.1059
1.0458019
1.0473687
1.0494124
1.0513548
1.0641999
1.0812654
1.0965651
1.1058756
1.0499637
1.0509539
1.0497057
1.0510128
1.0637394
1.0814235
1.0966637
1.106303
1.0557403
1.0542287
1.0503988
1.0504216
1.0635228
1.0814331
1.0968458
1.106478
1.0593503
1.0556519
1.0508292
1.0500861
1.0633429
1.0814727
1.0969371
1.10666
1.0602904
1.0598671
1.0511606
1.049963
1.0632555
1.0814942
1.0970304
1.1065971
1.062399
1.0589185
1.050973
1.0499279
1.0632184
1.0814844
1.0970708
1.1064431
2.2571315
2.2570527
2.2567893
2.2565703
2.2610495
2.2647842
2.2715396
2.2678702
2.2566527
2.2566059
2.2564053
2.2561756
2.2606951
2.2644271
2.2712216
2.2675014
2.2559942
2.2559487
2.2557634
2.2555783
2.2601269
2.263899
2.2707134
2.2670351
2.255195
2.2551816
2.2550379
2.2548931
2.2594928
2.2633073
2.2701623
2.2664955
2.254483
2.2544858
2.2543803
2.2542894
2.2589393
2.262804
2.2696931
2.2660589
2.2539173
2.2539548
2.2538917
2.2538495
2.2585496
2.2624555
2.2693772
2.265756
2.2535448
2.2535935
2.2535678
2.2535674
2.2583081
2.2622486
2.2691937
2.2655922
2.2533178
2.2534011
2.2533887
2.253419
2.2581819
2.2621453
2.2691056
2.265507
2.2517851
2.2519366
2.2520664
2.2522532
2.257165
2.2612285
2.2682553
2.2646963
2.251757
2.2519078
2.2520332
2.2522166
2.2571234
2.2611821
2.2682075
2.2646514
2.25172
2.2518653
2.2519827
2.2521562
2.2570504
2.2611061
2.2681312
2.264577
2.2516581
2.2517943
2.2519007
2.2520651
2.2569533
2.2610144
2.2680465
2.2644987
2.2515759
2.2517035
2.2518031
2.2519676
2.256865
2.2609435
2.2679906
2.2644501
2.2515103
2.2516374
2.2517393
2.2519053
2.2568098
2.2608981
2.2679544
2.2644215
2.2514812
2.2516069
2.251708
2.2518739
2.2567815
2.2608744
2.2679352
2.2644075
2.2514745
2.2515987
2.2516984
2.2518645
2.2567735
2.2608685
2.2679323
2.2644056
2.2464869
2.2460948
2.2459648
2.2454698
2.2501306
2.2536755
2.2606971
2.2565799
2.2461651
2.2457841
2.2456634
2.2451872
2.2498689
2.253442
2.2604792
2.2563908
2.2456844
2.2453083
2.245204
2.2447542
2.2494712
2.2530809
2.2601505
2.2560768
2.2451867
2.2448133
2.2447169
2.2442878
2.2490361
2.2526823
2.2597821
2.2557328
2.2447915
2.2444169
2.2443263
2.2439119
2.2486832
2.2523562
2.2594803
2.2554449
2.2445458
2.2441726
2.2440859
2.2436811
2.2484646
2.2521519
2.2592879
2.2552621
2.2444332
2.2440596
2.2439748
2.2435719
2.2483575
2.252047
2.2591854
2.25516
2.2443945
2.24402
2.2439319
2.2435302
2.2483174
2.252007
2.2591434
2.2551185
2.2443859
2.2440062
2.2439175
2.2435149
2.248303
2.2519924
2.2591279
2.2551008
2.2443818
2.2439985
2.243901
2.2434939
2.2482809
2.2519695
2.2591035
2.2550756
2.2444231
2.2440309
2.2439193
2.2434939
2.248266
2.2519448
2.2590722
2.2550398
2.2445165
2.2441154
2.2439853
2.243533
2.2482717
2.2519198
2.2590262
2.254983
2.2446213
2.2442075
2.2440528
2.2435634
2.2482633
2.2518777
2.25896
2.2549056
2.2446851
2.2442606
2.2440837
2.2435611
2.2482305
2.2518257
2.2588984
2.2548408
2.2447148
2.2442854
2.244096
2.2435596
2.2482164
2.2518017
2.2588707
2.2548116
2.2447239
2.2442925
2.2441006
2.2435611
2.2482139
2.2517982
2.258866
2.2548054
2.3096091
2.2501036
2.2379429
2.2336417
2.2396508
2.2436195
2.252222
2.2482847
2.3096442
2.2501395
2.2379894
2.2336771
2.2396655
2.2436345
2.2522225
2.2482846
2.3097451
2.2502539
2.2381109
2.23377
2.2397431
2.2436884
2.2522682
2.2483305
2.3099783
2.2504857
2.2383299
2.2339492
2.2399091
2.2438202
2.2523768
2.2484315
2.3102287
2.2507386
2.2385421
2.2341459
2.2400842
2.2439774
2.2525054
2.2485376
2.3104004
2.2508934
2.2386825
2.234278
2.2402049
2.2440854
2.2525953
2.248609
2.3104711
2.2509549
2.2387474
2.2343438
2.2402656
2.2441363
2.2526356
2.2486426
2.3104813
2.250968
2.2387573
2.2343543
2.2402791
2.2441482
2.2526471
2.2486531
