FiniteElementSpace
FiniteElementCollection: L2_2D_P7
VDim: 1
Ordering: 0

1.6501671
1.6500105
1.6493602
1.6475414
1.6444658
1.6402368
1.6353711
1.6310895
1.6501671
1.6500105
1.6493603
1.6475414
1.6444658
1.6402368
1.6353712
1.6310895
1.6501672
1.6500105
1.6493603
1.6475415
1.6444658
1.6402368
1.6353712
1.6310895
1.6501672
1.6500106
1.6493603
1.6475415
1.6444659
1.6402369
1.6353713
1.6310896
1.6501673
1.6500107
1.6493605
1.6475417
1.6444661
1.6402371
1.6353715
1.6310899
1.6501675
1.6500109
1.6493607
1.6475419
1.6444664
1.6402375
1.635372
1.6310904
1.6501678
1.6500111
1.6493609
1.6475422
1.6444668
1.6402379
1.6353725
1.631091
1.650168
1.6500114
1.6493612
1.6475425
1.6444671
1.6402383
1.635373
1.6310915
0.53074189
0.47612343
0.45760393
0.45026161
0.45141478
0.45121179
0.45599337
0.45591925
0.53074201
0.47612349
0.45760394
0.45026163
0.45141476
0.45121177
0.45599335
0.45591923
0.53074229
0.47612373
0.45760413
0.45026173
0.45141482
0.45121182
0.45599339
0.45591926
0.53074306
0.4761243
0.45760452
0.45026201
0.45141499
0.45121189
0.45599344
0.45591933
0.53074425
0.47612535
0.45760538
0.45026262
0.45141542
0.45121216
0.45599363
0.45591945
0.53074562
0.47612645
0.45760637
0.45026355
0.45141616
0.45121265
0.45599398
0.45591981
0.53074749
0.47612783
0.45760737
0.45026448
0.45141703
0.45121331
0.45599453
0.45592022
0.53074851
0.47612903
0.457608
0.45026483
0.45141761
0.45121385
0.45599489
0.45592078
1.6474867
1.6473139
1.6466414
1.6447696
1.6415091
1.6369688
1.6316098
1.6269383
1.647237
1.6470633
1.6463905
1.6445308
1.6412893
1.6367669
1.6314073
1.6267193
1.6468324
1.6466574
1.6459815
1.6441336
1.6409108
1.6364143
1.6310585
1.6263461
1.6463403
1.6461645
1.6454825
1.643635
1.6404125
1.6359382
1.6305898
1.6258466
1.6458386
1.6456598
1.6449678
1.6431075
1.639864
1.6353953
1.6300388
1.6252592
1.6453939
1.6452099
1.6445047
1.6426245
1.6393512
1.6348643
1.6294752
1.6246537
1.6450546
1.644865
1.6441474
1.6422491
1.6389486
1.6344295
1.6289937
1.6241305
1.6448545
1.6446613
1.6439351
1.6420257
1.638708
1.6341627
1.62869
1.6237955
0.52298154
0.47018943
0.45316904
0.44769459
0.45047227
0.45172528
0.457833
0.45852382
0.52292575
0.47003035
0.45328422
0.44809565
0.4512135
0.45256687
0.45897718
0.45996004
0.52205122
0.46946137
0.45276416
0.44770566
0.45091646
0.4524945
0.45919409
0.46037276
0.52043247
0.4676788
0.45092215
0.44572932
0.44895893
0.45031942
0.45695558
0.45834358
0.51745653
0.46490246
0.44786729
0.44245359
0.44540139
0.44653154
0.45309155
0.45456532
0.51432934
0.46125195
0.44401053
0.43820732
0.44101872
0.44157167
0.44758149
0.44916785
0.51064925
0.45799333
0.44025734
0.4341495
0.43628899
0.43677191
0.4426082
0.44387416
0.51039737
0.45535168
0.43762512
0.43081731
0.43377887
0.43458513
0.43926723
0.43999382
1.6371873
1.6369382
1.6360459
1.6338547
1.6300912
1.6247207
1.6179346
1.6118677
1.6369244
1.6366778
1.6357962
1.6336293
1.6298965
1.6245439
1.6177578
1.6116807
1.6364983
1.6362567
1.6353953
1.6332712
1.6295838
1.6242519
1.617461
1.6113701
1.6360034
1.6357674
1.6349299
1.6328505
1.6292011
1.623878
1.6170738
1.610967
1.6355657
1.6353321
1.6345069
1.6324453
1.6288004
1.6234662
1.6166378
1.6105152
1.6352702
1.6350338
1.6342013
1.6321216
1.6284429
1.6230788
1.6162187
1.610076
1.6351136
1.6348726
1.6340236
1.6319108
1.628184
1.6227815
1.6158904
1.6097264
1.6350478
1.6348037
1.6339424
1.6318053
1.6280442
1.6226123
1.6157002
1.6095208
2.4868145
2.4195914
2.4030814
2.3937003
2.3954575
2.3953269
2.4014115
2.3954745
2.4882768
2.4221402
2.4053158
2.3961512
2.3977257
2.3976558
2.4035489
2.3974643
2.4918621
2.4253528
2.4087108
2.3995154
2.4011274
2.4009461
2.4067966
2.4006659
2.4953437
2.4290038
2.4122916
2.4031183
2.4046799
2.4044714
2.4102617
2.4040809
2.4985216
2.4320338
2.4154323
2.4062801
2.4078569
2.4075747
2.4133199
2.4070956
2.5006283
2.4342036
2.4175793
2.4084891
2.4101004
2.4098464
2.4155792
2.4093433
2.5019851
2.4354817
2.4189114
2.4098176
2.4114451
2.4111825
2.4169454
2.4107071
2.5024909
2.4360743
2.4195243
2.4105086
2.4121394
2.4118873
2.417619
2.4114089
1.6004357
1.5997496
1.5986768
1.5988327
1.6000314
1.6011322
1.6017649
1.6017736
1.6004358
1.5997497
1.5986768
1.5988328
1.6000316
1.6011323
1.6017649
1.601773
1.600436
1.5997499
1.5986772
1.5988333
1.6000322
1.6011333
1.6017662
1.601775
1.6004366
1.5997506
1.5986781
1.5988346
1.6000341
1.6011357
1.601769
1.6017776
1.6004378
1.599752
1.5986799
1.5988373
1.6000376
1.6011403
1.6017746
1.6017842
1.6004401
1.5997544
1.5986832
1.5988416
1.6000435
1.6011475
1.6017824
1.6017909
1.6004428
1.5997575
1.5986871
1.598847
1.6000497
1.6011528
1.601786
1.6017945
1.6004448
1.59976
1.5986904
1.5988509
1.6000529
1.6011566
1.6017925
1.6018072
1.5996374
1.5986515
1.5967019
1.5951803
1.5944258
1.5940169
1.5936362
1.593299
1.599112
1.597973
1.5957196
1.5939489
1.5931772
1.592763
1.5923448
1.5920063
1.5979688
1.59657
1.5939399
1.5919772
1.5911711
1.5906496
1.5901356
1.5897664
1.5962144
1.5945786
1.5916897
1.5895203
1.5884713
1.587755
1.5872038
1.5868801
1.5941688
1.5923424
1.5891418
1.5865766
1.5852318
1.5844584
1.5839639
1.5837055
1.5920616
1.5899846
1.5863933
1.5834703
1.5819905
1.581268
1.5808561
1.5806607
1.5901152
1.5878155
1.5839491
1.5808394
1.5793466
1.57869
1.578344
1.5781963
1.5887949
1.5863723
1.5823862
1.5792101
1.5777314
1.5771178
1.5768169
1.5766977
1.6501849
1.6500281
1.649378
1.6475593
1.6444842
1.6402552
1.6353901
1.6311093
1.6501876
1.6500308
1.6493808
1.6475617
1.6444859
1.6402561
1.6353898
1.6311061
1.6501921
1.650036
1.6493852
1.6475647
1.6444884
1.6402517
1.6353732
1.6310751
1.6501966
1.6500415
1.6493889
1.6475672
1.6444756
1.6402
1.6352773
1.6309407
1.6501989
1.6500448
1.6493865
1.6475411
1.6443861
1.640032
1.6350365
1.6306413
1.6501927
1.650032
1.6493462
1.6474406
1.6441974
1.6397676
1.6346976
1.6302473
1.6501528
1.6499808
1.6492617
1.6472972
1.6439867
1.6395048
1.6343757
1.6298894
1.6500992
1.6499203
1.6491834
1.6471869
1.6438406
1.6393304
1.6341676
1.6296647
0.44696531
0.44691275
0.44573141
0.44502417
0.44867061
0.44975353
0.45420859
0.45393095
0.44696531
0.44691275
0.44573141
0.44502418
0.44867064
0.44975349
0.45420853
0.45393093
0.44696533
0.44691277
0.44573142
0.44502419
0.44867063
0.44975353
0.45420858
0.45393095
0.44696533
0.44691276
0.44573144
0.4450242
0.44867066
0.44975351
0.45420855
0.45393094
0.44696539
0.44691282
0.44573146
0.44502422
0.44867066
0.44975355
0.45420861
0.45393097
0.4469654
0.44691283
0.4457315
0.44502424
0.4486707
0.44975354
0.45420856
0.45393097
0.44696551
0.44691293
0.44573153
0.44502427
0.44867067
0.44975358
0.45420869
0.45393104
0.44696532
0.44691281
0.4457315
0.44502423
0.44867075
0.4497537
0.45420859
0.45393089
0.44697099
0.44691861
0.44573587
0.44502768
0.44867294
0.44975665
0.45421135
0.45393114
0.44696888
0.44691596
0.44573484
0.44502696
0.44867353
0.44975556
0.45420962
0.45393324
0.44697457
0.44692223
0.44573926
0.44503065
0.4486752
0.44975726
0.45421177
0.45393302
0.44697354
0.44692003
0.44574026
0.44503191
0.44867741
0.44975925
0.4542133
0.45393675
0.44696117
0.44691627
0.4457434
0.44503664
0.44868142
0.44976332
0.45421682
0.45393813
0.44682958
0.44682396
0.44570971
0.44502754
0.44868256
0.44976602
0.45422236
0.45394826
0.44657853
0.44663615
0.44561728
0.44499842
0.44867468
0.44976181
0.45422056
0.4539448
0.44631137
0.44640284
0.44548811
0.44495318
0.44867826
0.44977695
0.45422909
0.45395642
0.5288336
0.47463199
0.45649416
0.44946776
0.45091908
0.45098532
0.45588853
0.45585075
0.52848728
0.47433145
0.4562249
0.44922599
0.45069821
0.45081721
0.45577793
0.4557689
0.5278828
0.47379935
0.45573359
0.44877374
0.45026898
0.45043477
0.45546129
0.45549273
0.52711219
0.47310654
0.45507241
0.44814005
0.44965508
0.44985536
0.45491896
0.45497219
0.52627858
0.47235214
0.4543437
0.44742074
0.44892052
0.44914295
0.45423899
0.45430742
0.52551681
0.47164807
0.4536558
0.44674337
0.44820575
0.44840718
0.45351526
0.45359572
0.52493691
0.47111106
0.4531198
0.44621561
0.44765169
0.44782887
0.45293407
0.45301973
0.52460563
0.47079061
0.45279993
0.44588883
0.44729471
0.44744092
0.45253616
0.45262365
1.5665242
1.5637231
1.5596744
1.5564152
1.5551766
1.5551084
1.5551933
1.5552877
1.564519
1.5617105
1.5576522
1.5543982
1.5531648
1.5530639
1.5530878
1.5531528
1.5611207
1.5582902
1.5542147
1.5509622
1.5497221
1.5495203
1.5493986
1.5493497
1.556681
1.5538239
1.5497163
1.5464607
1.5451566
1.5447203
1.5443368
1.5441853
1.5517262
1.5488325
1.5446855
1.5414053
1.5399317
1.5391234
1.5384157
1.5380336
1.5469193
1.543977
1.539794
1.5364496
1.5347186
1.5335281
1.532387
1.5317621
1.5429656
1.5399899
1.5357785
1.5323295
1.5303843
1.5288202
1.5272753
1.5262231
1.5405178
1.5375281
1.5332854
1.5297696
1.5276759
1.5258799
1.5240402
1.5228044
1.5050928
1.5018884
1.4972784
1.4930596
1.4888048
1.484064
1.4774032
1.4739548
1.5020358
1.4986724
1.4941916
1.489842
1.4857332
1.4804139
1.4740431
1.4687159
1.4965977
1.4933522
1.4888551
1.4846349
1.4804213
1.4748001
1.4678958
1.462169
1.4896602
1.4863222
1.482002
1.4779927
1.47382
1.4678765
1.4604906
1.4543769
1.4818466
1.4785121
1.4744032
1.4708502
1.466864
1.4607486
1.4530338
1.4470926
1.4743204
1.4709085
1.4670902
1.4641467
1.4605908
1.4543954
1.4466498
1.4405441
1.468133
1.4646644
1.4610891
1.458809
1.4557345
1.4496231
1.4418267
1.4359907
1.4643884
1.460785
1.4573861
1.4555505
1.4528994
1.4468111
1.4391186
1.4331326
1.6424546
1.6422229
1.6413908
1.6393275
1.6357488
1.6306703
1.6243875
1.6188419
1.6422667
1.6420333
1.6411948
1.6391179
1.6355163
1.6303909
1.6240426
1.6184345
1.6419546
1.6417183
1.6408697
1.6387715
1.63513
1.6299301
1.6234759
1.6177818
1.6415578
1.6413179
1.6404583
1.6383339
1.634641
1.6293508
1.622777
1.616987
1.6411259
1.640883
1.6400138
1.6378611
1.6341135
1.6287352
1.6220537
1.6161823
1.6407157
1.6404699
1.639593
1.6374143
1.6336177
1.6281699
1.6214104
1.6154819
1.6403839
1.6401358
1.6392523
1.6370545
1.6332221
1.6277302
1.6209257
1.6149668
1.6401803
1.6399305
1.6390431
1.6368341
1.6329828
1.6274691
1.6206475
1.6146693
0.4549246
0.45518221
0.45415765
0.4536653
0.45735831
0.45769154
0.46148841
0.46092035
0.45919384
0.45956177
0.4588379
0.45886826
0.46301999
0.46394775
0.4680728
0.46812786
0.46329593
0.463937
0.46397897
0.46500843
0.47062032
0.47323734
0.47977881
0.48138748
0.46376023
0.46476002
0.4652749
0.46722
0.47470053
0.48016961
0.49062116
0.49417444
0.46152439
0.46317002
0.46492183
0.47019006
0.48296356
0.49392893
0.50679306
0.50849826
0.46072664
0.46468225
0.47054506
0.480932
0.49406913
0.49860764
0.5008991
0.49579159
0.46458805
0.47069624
0.47777441
0.48335243
0.48434006
0.47680008
0.47170632
0.46896897
0.46705236
0.47305499
0.47640254
0.47297583
0.46697043
0.45881187
0.45524645
0.45534021
3.3275447
2.4428011
2.6443883
2.5051466
2.5039196
2.4876554
2.5719462
2.5722504
3.1967993
2.2317526
2.4133357
2.3139579
2.4259595
2.4102306
2.4592549
2.4441282
2.291245
2.3339332
2.3476896
2.3686821
2.3716082
2.3773114
2.3821369
2.3822845
2.4053915
2.3212481
2.3363893
2.3277347
2.3377425
2.3367268
2.3421918
2.3368971
2.2777021
2.3372575
2.3261996
2.3282104
2.3215447
2.3243574
2.3255356
2.323546
2.3724087
2.3265775
2.3291514
2.3244146
2.3331127
2.3334985
2.3390566
2.3345397
2.3189112
2.3494386
2.3428355
2.3396975
2.3352035
2.3376179
2.3400066
2.3369943
2.3680835
2.3461393
2.3456567
2.3413474
2.3468621
2.3468271
2.3522595
2.3456041
2.4441031
2.4513981
2.5657108
2.5622104
2.5581167
2.5388984
2.5212298
2.5554303
2.3486244
2.2691845
2.2810354
2.3257815
2.3525537
2.3511915
2.3443143
2.3668537
2.3344602
2.2574589
2.2420163
2.2413106
2.2575189
2.2705145
2.2815973
2.2887458
2.362053
2.2892221
2.2725404
2.2700531
2.2852025
2.2940234
2.3084668
2.3070742
2.3912872
2.3260182
2.3143889
2.3098965
2.3185323
2.3303921
2.3456506
2.3452295
2.4129913
2.3464888
2.328217
2.3239763
2.333415
2.3354866
2.3421094
2.3371624
2.4253521
2.3607684
2.3484072
2.3399068
2.3422579
2.3460838
2.3567034
2.3547636
2.4401545
2.3706514
2.353503
2.3459083
2.3516758
2.3531784
2.3598109
2.3538167
1.4185918
1.4092368
1.4025397
1.4080441
1.4175683
1.4167427
1.4110232
1.407502
1.4160938
1.4057932
1.397944
1.4034376
1.4143171
1.4145583
1.4091798
1.4058502
1.412584
1.4007004
1.3905866
1.3955546
1.4085072
1.4108051
1.4061348
1.4031986
1.409283
1.3955286
1.3821
1.3853808
1.400347
1.4055897
1.402243
1.3998726
1.406901
1.3916047
1.3744667
1.3747131
1.3906095
1.399029
1.3977558
1.3961911
1.4053981
1.3892466
1.3690256
1.3656293
1.3809451
1.3917602
1.3928857
1.3923579
1.4044589
1.3880062
1.3658686
1.3594043
1.3732819
1.3852362
1.3882947
1.3887864
1.403942
1.3874241
1.3644005
1.3561531
1.3688217
1.3810534
1.3851693
1.3862973
1.3991607
1.3824869
1.3571346
1.3399367
1.3393634
1.3421723
1.3445193
1.3463289
1.3990222
1.3823245
1.3569264
1.3396389
1.338804
1.3411815
1.34309
1.3446128
1.3988576
1.3821366
1.3566785
1.3392781
1.3381575
1.3400118
1.3413606
1.3424882
1.3987442
1.3820033
1.356503
1.3390113
1.3376922
1.3391605
1.3400665
1.3408536
1.3986967
1.3819402
1.3564182
1.3388817
1.3374291
1.338717
1.3393945
1.3399912
1.3986813
1.3819186
1.3563879
1.3388337
1.3373187
1.338537
1.3391238
1.3396559
1.3986776
1.3819116
1.3563788
1.3388182
1.3372837
1.338473
1.3390205
1.339529
1.3986764
1.3819096
1.3563759
1.3388138
1.337272
1.338452
1.3389835
1.3394854
1.634916
1.6346597
1.6337341
1.6314504
1.627462
1.6217605
1.614609
1.6082668
1.6349171
1.6346607
1.6337351
1.6314516
1.6274615
1.6217574
1.6146027
1.6082578
1.6349194
1.6346626
1.6337361
1.6314528
1.6274624
1.6217556
1.6145981
1.6082498
1.634921
1.634664
1.6337377
1.6314535
1.6274632
1.6217562
1.6145971
1.6082473
1.6349217
1.6346647
1.6337385
1.6314546
1.6274637
1.6217567
1.6145975
1.6082478
1.634922
1.6346651
1.6337387
1.6314547
1.6274642
1.621757
1.6145976
1.608248
1.6349219
1.634665
1.6337388
1.6314548
1.6274641
1.6217571
1.6145977
1.6082479
1.6349219
1.634665
1.6337387
1.6314549
1.6274641
1.621757
1.6145977
1.6082479
2.3779695
2.3762452
2.3738455
2.3706178
2.3721539
2.3729887
2.3775193
2.3721452
2.3794311
2.3780073
2.3754019
2.3721531
2.3735238
2.3742787
2.3788523
2.3733402
2.3821263
2.3805472
2.3779021
2.3745388
2.3758791
2.376631
2.381208
2.3757497
2.3853542
2.3837999
2.3810794
2.3776607
2.3789026
2.3795655
2.3840797
2.3785405
2.3882357
2.3866027
2.3838197
2.3802913
2.3814458
2.3820453
2.3865294
2.3809906
2.3904552
2.3888413
2.3860405
2.382523
2.3836928
2.3843335
2.3888705
2.3833372
2.3921722
2.3905465
2.3877668
2.3842507
2.3854125
2.3860403
2.3905529
2.3849991
2.3929192
2.3913055
2.3885182
2.3850157
2.3862034
2.3868567
2.3914163
2.3858947
2.3989132
2.3975254
2.3951771
2.3922614
2.3939668
2.3951963
2.4003597
2.3950673
2.3991335
2.3977764
2.3954806
2.3926301
2.3943793
2.3956522
2.4008756
2.3956268
2.3994397
2.398123
2.3959101
2.3931746
2.3950189
2.3963885
2.4017272
2.3965476
2.3998568
2.3985881
2.3964679
2.3938635
2.3957864
2.3972413
2.40271
2.3976068
2.400276
2.3990486
2.3970148
2.3945534
2.3965498
2.3980898
2.4036903
2.3986537
2.4006655
2.3994675
2.397495
2.3951552
2.397186
2.3987931
2.4045135
2.3995322
2.4010081
2.3998313
2.3979083
2.3956638
2.3977154
2.3993742
2.4051775
2.4002303
2.4012205
2.4000559
2.3981597
2.3959666
2.398046
2.3997712
2.405649
2.400731
2.5004506
2.434342
2.4184745
2.4104156
2.4127726
2.4131046
2.4194872
2.4136315
2.4996685
2.4336311
2.4178755
2.4099611
2.4123866
2.4127649
2.4192215
2.4134133
2.498291
2.4323738
2.4167864
2.4091126
2.4116975
2.4121839
2.4187808
2.4130572
2.4965486
2.4308082
2.4154332
2.4080667
2.410831
2.4114361
2.4182187
2.4126046
2.4950669
2.4294938
2.4142801
2.4071737
2.4100929
2.4107883
2.4177376
2.412218
2.4943463
2.4288548
2.413683
2.4066968
2.4096978
2.4104321
2.4174769
2.4120152
2.4941213
2.4286548
2.4134925
2.4065682
2.4096009
2.4103411
2.4174336
2.4119988
2.4940892
2.4286409
2.4134826
2.4065763
2.4096198
2.4103596
2.4174681
2.4120445
1.6283125
1.6205974
1.6061045
1.5981015
1.5988596
1.5997519
1.6004124
1.600538
1.6283125
1.6205974
1.6061045
1.5981015
1.5988596
1.5997519
1.6004124
1.600538
1.6283125
1.6205975
1.6061045
1.5981016
1.5988598
1.5997521
1.6004126
1.6005382
1.6283127
1.6205976
1.6061047
1.5981018
1.5988601
1.5997525
1.6004131
1.6005388
1.6283129
1.6205979
1.606105
1.5981023
1.5988607
1.5997533
1.6004142
1.60054
1.6283134
1.6205984
1.6061057
1.5981031
1.5988619
1.5997549
1.6004161
1.6005421
1.6283141
1.6205991
1.6061065
1.5981043
1.5988634
1.5997569
1.6004186
1.6005449
1.6283146
1.6205997
1.6061072
1.5981052
1.5988647
1.5997586
1.6004205
1.6005469
1.6283149
1.6206001
1.6061076
1.5981058
1.5988655
1.5997595
1.6004215
1.6005479
1.6283157
1.620601
1.6061086
1.5981072
1.5988673
1.5997618
1.6004243
1.6005512
1.6283175
1.6206029
1.6061109
1.59811
1.5988708
1.5997659
1.6004287
1.6005554
1.6283206
1.6206061
1.6061144
1.5981145
1.5988759
1.5997714
1.6004345
1.6005618
1.6283247
1.6206102
1.606119
1.5981192
1.5988803
1.5997747
1.6004357
1.600562
1.6283288
1.6206137
1.6061225
1.598122
1.5988783
1.5997592
1.6004017
1.6005134
1.6283316
1.6206148
1.6061247
1.5981171
1.5988491
1.5996835
1.600263
1.6003158
1.6283323
1.6206134
1.6061224
1.5980995
1.5987943
1.5995672
1.6000641
1.6000433
1.6501681
1.6500115
1.6493613
1.6475427
1.6444673
1.6402386
1.6353732
1.6310918
1.6501685
1.6500118
1.6493617
1.647543
1.6444677
1.6402391
1.6353739
1.6310925
1.6501692
1.6500126
1.6493625
1.6475439
1.6444688
1.6402405
1.6353754
1.6310942
1.6501707
1.650014
1.649364
1.6475457
1.6444709
1.6402429
1.6353782
1.6310972
1.6501733
1.6500166
1.6493667
1.6475486
1.6444741
1.6402464
1.635382
1.6311012
1.6501769
1.6500203
1.6493704
1.6475523
1.6444779
1.6402502
1.6353858
1.6311051
1.6501808
1.6500241
1.6493742
1.6475559
1.6444812
1.6402532
1.6353884
1.6311078
1.6501835
1.6500268
1.6493768
1.6475581
1.6444833
1.6402546
1.6353896
1.631109
0.44849738
0.44822084
0.44737548
0.44679485
0.44885398
0.44901404
0.45366089
0.45337821
0.44849737
0.44822085
0.44737549
0.44679485
0.44885398
0.44901406
0.45366092
0.45337822
0.4484974
0.44822088
0.44737553
0.44679487
0.448854
0.44901407
0.4536609
0.45337823
0.44849747
0.44822092
0.44737555
0.44679492
0.44885404
0.44901409
0.45366096
0.45337825
0.44849756
0.44822105
0.44737567
0.44679496
0.4488541
0.44901415
0.45366095
0.45337828
0.44849789
0.44822124
0.44737575
0.44679509
0.44885417
0.44901419
0.45366109
0.45337835
0.44849822
0.44822164
0.44737607
0.44679514
0.44885421
0.44901427
0.45366099
0.45337836
0.44849879
0.44822195
0.44737617
0.4467954
0.44885439
0.44901406
0.45366117
0.45337837
0.44849867
0.44822204
0.44737646
0.44679539
0.44885438
0.44901473
0.45366112
0.45337838
0.44849928
0.44822244
0.44737655
0.4467956
0.44885443
0.44901423
0.45366123
0.45337851
0.44850024
0.44822357
0.44737767
0.44679622
0.44885501
0.44901484
0.45366139
0.45337866
0.44850152
0.44822468
0.44737856
0.44679726
0.44885571
0.44901521
0.45366185
0.45337899
0.44850369
0.44822691
0.44738074
0.44679864
0.4488572
0.44901658
0.45366272
0.45337979
0.44850521
0.44822839
0.44738217
0.44680048
0.44885847
0.44901762
0.45366385
0.45338065
0.44849966
0.44822854
0.44738493
0.44680225
0.44886056
0.44901936
0.45366533
0.45338221
0.44847773
0.44821621
0.44738246
0.44680396
0.44886278
0.44902172
0.45366738
0.45338329
0.53074857
0.47612894
0.45760859
0.45026495
0.45141743
0.45121397
0.45599519
0.45592081
0.53074855
0.47612978
0.45760977
0.45026629
0.45141844
0.45121458
0.45599554
0.45592132
0.53075046
0.47613087
0.45761014
0.4502677
0.45141999
0.45121577
0.45599674
0.45592236
0.53067084
0.47610169
0.45760759
0.45026866
0.45142167
0.45121746
0.45599822
0.45592377
0.53032256
0.4758792
0.45751346
0.45024436
0.45142065
0.45121953
0.45600046
0.45592604
0.52979974
0.47545709
0.45721618
0.45008152
0.45136503
0.45121175
0.45599895
0.45592644
0.52931644
0.4750465
0.45686264
0.44979964
0.45119701
0.45115362
0.45598007
0.45591644
0.52899669
0.47476964
0.45661888
0.4495824
0.45101883
0.45105399
0.45593098
0.45588325
1.6239699
1.6159262
1.600019
1.5879982
1.5827457
1.5764137
1.571196
1.5680105
1.6237401
1.6156667
1.5996281
1.5871655
1.5813118
1.5746016
1.5692428
1.566016
1.6233483
1.6152205
1.5989265
1.5856498
1.5787856
1.571497
1.5659295
1.5626339
1.6228221
1.614615
1.5979314
1.583505
1.5753621
1.567416
1.5616085
1.5582229
1.6222049
1.6138986
1.5967198
1.5809467
1.571436
1.5628456
1.5567808
1.5533014
1.6215686
1.6131557
1.5954609
1.5783599
1.5675649
1.5583952
1.5520917
1.5485267
1.6210151
1.6125127
1.5943852
1.5761941
1.5643633
1.5547372
1.5482499
1.5446034
1.6206621
1.6121017
1.5937064
1.5748466
1.5623767
1.552477
1.5458697
1.5421763
1.6204848
1.611896
1.5933703
1.5741821
1.5614
1.5513644
1.5447006
1.5409759
1.6201136
1.6114592
1.592665
1.5727982
1.5593575
1.5490432
1.5422504
1.538484
1.6194693
1.6106995
1.591467
1.5704643
1.5559033
1.5451031
1.538088
1.5342451
1.6186098
1.6096899
1.5899149
1.5674638
1.5514336
1.5399595
1.5326493
1.528685
1.6176426
1.6085638
1.5882298
1.5642262
1.5465317
1.5342311
1.5265891
1.5225219
1.6167229
1.6074835
1.5866603
1.5612429
1.5418814
1.5287036
1.5207081
1.5164886
1.6159911
1.6066241
1.5854361
1.5589289
1.5381707
1.5242049
1.5158789
1.5115841
1.6155535
1.6061076
1.5847122
1.5575599
1.5359366
1.5214337
1.5129103
1.5084883
1.6447585
1.6445635
1.6438329
1.6419182
1.6385917
1.6340324
1.6285389
1.62363
1.6445626
1.6443637
1.6436242
1.6416984
1.6383537
1.6337617
1.6282222
1.6232767
1.6442431
1.6440372
1.6432828
1.6413388
1.6379625
1.6333095
1.6276808
1.6226691
1.6438465
1.6436325
1.6428597
1.6408917
1.6374742
1.6327348
1.6269777
1.6218654
1.6434264
1.6432057
1.6424135
1.6404183
1.6369552
1.6321165
1.6262074
1.6209722
1.643038
1.642812
1.642003
1.639981
1.636474
1.6315395
1.6254824
1.6201205
1.6427311
1.6425018
1.6416804
1.6396368
1.6360933
1.6310827
1.6249065
1.6194437
1.6425456
1.6423145
1.6414863
1.6394288
1.6358625
1.6308047
1.6245584
1.6190324
0.45129352
0.45151194
0.45144265
0.45223549
0.45528672
0.45597295
0.46131052
0.46140095
0.45287645
0.4532487
0.45345948
0.45461238
0.45808262
0.45929614
0.46521254
0.46545863
0.45333376
0.4538771
0.45434001
0.45599286
0.46049085
0.46245612
0.46877
0.46939375
0.45147263
0.45221383
0.45272256
0.45450128
0.45961386
0.46183653
0.46865416
0.46972713
0.44781223
0.44867897
0.44895373
0.45078971
0.45672458
0.45901101
0.4658067
0.46716573
0.44262627
0.44383933
0.44417694
0.44546981
0.45189567
0.45494703
0.46299685
0.46565459
0.43730194
0.43848587
0.43888684
0.44016745
0.44787522
0.45404941
0.464791
0.46861927
0.43345354
0.43449333
0.43599707
0.43851542
0.44724084
0.45419198
0.46592891
0.47014085
0.43088994
0.43279006
0.43511314
0.438045
0.44606466
0.45345078
0.46701407
0.47208407
0.42964481
0.43074732
0.43074831
0.43244345
0.44368227
0.45702683
0.46934179
0.46855773
0.42076857
0.42228587
0.42511602
0.43194504
0.44252649
0.44378167
0.44049826
0.43530622
0.41613777
0.41763444
0.41764789
0.41531647
0.41057808
0.40345451
0.39969127
0.39916358
0.39647244
0.39440811
0.38931354
0.38334185
0.37900621
0.37643427
0.37509888
0.37533236
0.36663428
0.36508976
0.36283043
0.36120825
0.35987
0.35938562
0.35929676
0.3589536
0.35242734
0.35141166
0.35157712
0.3521826
0.35302965
0.35350981
0.35333197
0.35312394
0.3592234
0.35715923
0.35772222
0.35827331
0.35835878
0.3582403
0.3592169
0.35944499
0.5065201
0.45447724
0.43658616
0.43104924
0.43298795
0.43185433
0.43618223
0.43740573
0.5082158
0.45408408
0.43451233
0.42672088
0.42828075
0.42885287
0.43478919
0.43615052
0.49775621
0.44666967
0.42906556
0.42238588
0.42345337
0.42281487
0.42680182
0.42722973
0.49100712
0.44136093
0.42308303
0.4153157
0.41618257
0.41546184
0.42074093
0.42171019
0.45608969
0.41454709
0.40259073
0.40034938
0.40226916
0.4017423
0.40356982
0.40200866
0.44067293
0.39202083
0.37320681
0.36682648
0.37016314
0.37132291
0.36976538
0.36896716
0.43102455
0.38668084
0.36491568
0.35382701
0.34862968
0.34716557
0.34829621
0.35268753
0.45594945
0.40287888
0.37347564
0.36779834
0.36386381
0.35981429
0.35758564
0.35927959
1.6080252
1.5975194
1.5731099
1.5377621
1.4996615
1.4644529
1.4384371
1.424464
1.6078335
1.5973103
1.5728695
1.5374593
1.4991868
1.4636239
1.4370013
1.4223617
1.6075118
1.5969664
1.572478
1.5369923
1.4984896
1.4624428
1.4350322
1.4194816
1.607099
1.5965315
1.5719882
1.5364369
1.4977424
1.4612162
1.4331414
1.4167933
1.6066395
1.5960569
1.5714611
1.5358473
1.4970525
1.4601409
1.4316059
1.4148071
1.6061939
1.5955992
1.5709666
1.5352824
1.4964543
1.4593003
1.4304378
1.4134551
1.6058356
1.5952267
1.5705731
1.534825
1.4959772
1.458711
1.4296182
1.4125528
1.6056235
1.5950016
1.5703359
1.5345484
1.495682
1.4583755
1.429158
1.4120422
1.6055226
1.5948937
1.5702213
1.5344152
1.4955364
1.4582163
1.4289423
1.4118024
1.6053233
1.5946765
1.569988
1.5341442
1.4952336
1.4578917
1.4285143
1.411317
1.6050238
1.5943436
1.569617
1.5337137
1.4947317
1.4573598
1.4278473
1.4105493
1.6047187
1.593996
1.5692045
1.5332256
1.4941336
1.4567034
1.4270763
1.4096527
1.604492
1.5937314
1.5688675
1.5328032
1.4935917
1.4560628
1.4263465
1.4088095
1.6043659
1.5935789
1.5686626
1.5325236
1.4932148
1.4555821
1.4257874
1.4081713
1.6043108
1.5935086
1.568564
1.5323786
1.4930075
1.4553025
1.4254475
1.4077843
1.6042911
1.5934822
1.5685251
1.532319
1.4929173
1.4551768
1.4252886
1.4076016
1.6350225
1.634777
1.6339095
1.6317601
1.6279817
1.6225343
1.6156111
1.6094243
1.6349816
1.6347336
1.6338536
1.6316793
1.6278653
1.6223838
1.6154367
1.6092329
1.63494
1.6346892
1.6337912
1.6315794
1.6277108
1.6221713
1.6151807
1.6089478
1.6349172
1.634664
1.6337508
1.6315035
1.6275812
1.6219764
1.6149299
1.6086602
1.6349111
1.6346558
1.6337344
1.6314652
1.6275066
1.6218516
1.6147543
1.608451
1.634913
1.634656
1.6337307
1.6314523
1.6274754
1.6217926
1.6146637
1.6083381
1.6349153
1.6346582
1.6337316
1.6314498
1.6274655
1.62177
1.6146264
1.60829
1.6349158
1.6346593
1.6337333
1.63145
1.6274628
1.6217628
1.6146134
1.6082728
2.3901927
2.38821
2.3852743
2.3813512
2.3827165
2.3830873
2.3879461
2.3818713
2.3924776
2.3902467
2.3872926
2.3833386
2.3846378
2.3850236
2.3897327
2.3838449
2.3955596
2.393329
2.3902752
2.3862303
2.3874846
2.3877692
2.3924485
2.3864197
2.3989895
2.3966999
2.3936186
2.3895639
2.3908166
2.3911147
2.3957599
2.3897519
2.4019575
2.3996504
2.3965283
2.3924618
2.3937453
2.3940377
2.398677
2.3925964
2.404211
2.4018798
2.3987472
2.3946827
2.3959798
2.3962966
2.4009315
2.39487
2.4055696
2.4032676
2.4001732
2.396176
2.3975662
2.3979444
2.4026252
2.3965403
2.4062585
2.4039424
2.400854
2.3968816
2.398294
2.398696
2.4033709
2.3973403
2.406569
2.404244
2.401147
2.3971672
2.3985998
2.3990097
2.4037214
2.39763
2.4071451
2.4048469
2.4017672
2.3978205
2.3992879
2.3997386
2.4044494
2.3983989
2.4078912
2.4056131
2.4025968
2.3987489
2.4003273
2.4008528
2.4056226
2.3995846
2.4085377
2.4062812
2.403289
2.3995292
2.4012416
2.4018659
2.4066865
2.4006778
2.4089502
2.4067581
2.4038407
2.4001723
2.4020364
2.402777
2.4076726
2.4017005
2.4089744
2.4068599
2.404045
2.4004809
2.4024863
2.403361
2.4083331
2.4024062
2.4088803
2.4068276
2.4040988
2.4006169
2.4027146
2.4036839
2.4087287
2.4028365
2.4087535
2.4067535
2.4040963
2.4006845
2.4028455
2.403876
2.4089619
2.4030947
2.5027543
2.4362735
2.4197718
2.4107675
2.4124427
2.4121813
2.4179409
2.4116832
2.5030891
2.4366364
2.4201423
2.411212
2.4129541
2.4127442
2.4185131
2.412288
2.5034997
2.4370483
2.4205922
2.4117092
2.4135172
2.4133817
2.4192141
2.4130104
2.5035154
2.4371092
2.4207623
2.4120426
2.4139698
2.4139153
2.4198183
2.4136518
2.5031319
2.4367643
2.420494
2.4119104
2.413982
2.4140673
2.4201082
2.4140226
2.5023832
2.4361013
2.4199652
2.4115441
2.4136933
2.4138549
2.4200141
2.4140118
2.5014596
2.4352553
2.4192597
2.4110377
2.413305
2.4135463
2.419812
2.4138805
2.5007963
2.4346565
2.4187373
2.4106234
2.4129552
2.4132643
2.4196112
2.4137334
1.6017583
1.6021689
1.6020699
1.6026947
1.6011298
1.6041144
1.6100378
1.642839
1.6017579
1.602169
1.6020706
1.6026961
1.6011314
1.6041154
1.6100384
1.6428394
1.6017599
1.602171
1.6020724
1.6026974
1.6011322
1.6041163
1.6100395
1.6428404
1.6017627
1.6021741
1.6020762
1.602702
1.6011373
1.6041207
1.610043
1.6428434
1.6017696
1.6021815
1.6020837
1.6027082
1.6011417
1.6041247
1.6100472
1.6428477
1.6017752
1.6021861
1.6020877
1.6027137
1.6011498
1.6041325
1.6100534
1.642853
1.6017816
1.6021971
1.6021042
1.6027339
1.6011655
1.6041431
1.6100622
1.6428602
1.6017984
1.602211
1.6021159
1.6027285
1.6011527
1.6041379
1.6100618
1.6428629
1.6018041
1.6022174
1.602113
1.6027216
1.6011503
1.6041356
1.6100615
1.6428634
1.6017844
1.6021855
1.6020764
1.6027075
1.6011569
1.6041432
1.6100622
1.6428642
1.6017925
1.6022236
1.6021446
1.602755
1.6011465
1.6041181
1.6100612
1.642866
1.6016514
1.6019202
1.6015379
1.6018331
1.6001003
1.603248
1.6094814
1.6425222
1.5998481
1.599811
1.5991249
1.5993605
1.5978533
1.6013555
1.6079291
1.6412135
1.5970161
1.5970193
1.5964786
1.5969374
1.5957201
1.5993854
1.6060706
1.6393381
1.5948907
1.5949489
1.5944513
1.5949886
1.5939108
1.597628
1.6043612
1.6375892
1.5936618
1.5937077
1.5931886
1.5937394
1.5927254
1.5964562
1.6032268
1.636432
1.6004461
1.5997617
1.5986925
1.5988529
1.6000525
1.601151
1.6017984
1.6018214
1.6004498
1.5997645
1.598695
1.5988543
1.6000603
1.6011777
1.6018136
1.6018074
1.6004534
1.5997695
1.5987019
1.5988647
1.6000653
1.6011514
1.6017785
1.6017975
1.6004606
1.5997762
1.598707
1.598862
1.600061
1.601173
1.6017815
1.60172
1.6004571
1.599771
1.5986938
1.5988081
1.5998463
1.6004921
1.6005053
1.600074
1.6003924
1.599684
1.5984905
1.5982298
1.5984396
1.5982056
1.5977702
1.5972788
1.6001539
1.5993422
1.597832
1.5968966
1.5963912
1.5959407
1.5955236
1.5951362
1.5998426
1.5989209
1.5971221
1.5957676
1.595058
1.594639
1.5942554
1.5939031
1.5930642
1.5931096
1.592582
1.5931289
1.5921362
1.5958679
1.6026512
1.6358465
1.5917777
1.5918237
1.5912707
1.5918327
1.5909114
1.5946279
1.6014277
1.6345892
1.5895383
1.5895719
1.5890365
1.5896879
1.5889249
1.5925841
1.5993479
1.6324174
1.5866886
1.5867753
1.5863046
1.587013
1.5863533
1.589955
1.5966581
1.6296317
1.5835406
1.5836786
1.5832874
1.5840938
1.5835502
1.5871373
1.5937557
1.6266254
1.5805246
1.5807226
1.5804354
1.5813704
1.5809512
1.5845712
1.591114
1.6238842
1.5780795
1.578335
1.5781507
1.5792227
1.5789262
1.5826012
1.5890983
1.6218017
1.5766006
1.5768837
1.5767602
1.5779201
1.5777171
1.5814392
1.5879219
1.6205909
1.5758794
1.5761913
1.5761049
1.5773005
1.5771291
1.5808796
1.58736
1.6200252
1.5743964
1.5747504
1.5747458
1.5760281
1.5759406
1.5797509
1.5862321
1.6188816
1.571928
1.5723471
1.5724482
1.5738697
1.5739597
1.577935
1.5844651
1.6171148
1.568734
1.5692222
1.5694516
1.5710659
1.5714557
1.5757698
1.5825438
1.6152629
1.5651274
1.565668
1.5659806
1.5677995
1.5686199
1.5735504
1.580991
1.6141507
1.5614575
1.5620189
1.5623917
1.5644004
1.5656658
1.571354
1.579877
1.6139747
1.5582778
1.5588365
1.5592182
1.5613401
1.5629181
1.569247
1.5788027
1.6140178
1.5562829
1.5568044
1.5571807
1.5593105
1.5610158
1.5676653
1.5778552
1.6136898
1.5881167
1.5856376
1.5816091
1.5784126
1.5769414
1.5763467
1.5760667
1.5759715
1.5866476
1.5840657
1.5799735
1.5767562
1.5752993
1.5747492
1.574522
1.5744638
1.5840282
1.5813267
1.5771988
1.5739783
1.5725372
1.5720708
1.5719464
1.571962
1.5804726
1.5777047
1.5736017
1.5703863
1.5689685
1.5686253
1.5686335
1.5687281
1.5764661
1.5736902
1.5696257
1.5663884
1.5650083
1.5648203
1.5649523
1.5651107
1.5725936
1.5698198
1.5657723
1.5625147
1.5611954
1.5611132
1.5612839
1.5614503
1.569433
1.5666494
1.5626037
1.5593426
1.5580752
1.558026
1.5581631
1.558301
1.5674799
1.5646896
1.5606409
1.5573808
1.5561352
1.556078
1.5561855
1.5562852
1.6283319
1.6206113
1.6061181
1.5980823
1.5987505
1.5994817
1.5999263
1.5998616
1.628326
1.6205998
1.606097
1.59802
1.5986144
1.5992365
1.5995553
1.5993937
1.6282854
1.6205413
1.6059968
1.5978098
1.598237
1.5986331
1.5987236
1.5983701
1.6281287
1.6203409
1.6057083
1.5973427
1.5975221
1.5976151
1.5973837
1.5967565
1.6277977
1.6199577
1.6052333
1.5966568
1.5965731
1.596312
1.5957169
1.5948341
1.6273762
1.6195085
1.6047052
1.5959227
1.5955766
1.5949482
1.59403
1.5928684
1.627004
1.6191261
1.6042597
1.5953011
1.5947107
1.593787
1.5925448
1.591063
1.6267746
1.6188921
1.6039876
1.5949087
1.5941587
1.5930428
1.5915408
1.5898391
1.6266631
1.6187789
1.6038551
1.5947126
1.593883
1.5926652
1.5910171
1.5892071
1.6264353
1.6185475
1.6035813
1.5942962
1.5932977
1.5918422
1.5898583
1.5878252
1.6260638
1.6181696
1.6031206
1.5935689
1.5922666
1.5903043
1.587691
1.5853213
1.6256033
1.6177
1.6025135
1.5925875
1.5907976
1.5879752
1.5845561
1.5818565
1.6251183
1.6171963
1.6018201
1.5914373
1.5888993
1.5849673
1.580822
1.5778949
1.6246675
1.6167078
1.6011344
1.590225
1.5867362
1.5817609
1.5771049
1.5740514
1.6243042
1.6163021
1.600563
1.5891213
1.5847359
1.5790104
1.5740339
1.5709072
1.62408
1.6160504
1.600201
1.5883799
1.5834149
1.5772754
1.5721313
1.5689682
1.6500631
1.6498812
1.6491376
1.6471276
1.6437654
1.6392426
1.6340646
1.6295551
1.6499657
1.6497794
1.6490268
1.646995
1.6436037
1.6390567
1.6338508
1.62933
1.6497383
1.6495484
1.6487928
1.6467458
1.6433222
1.6387431
1.6335007
1.6289627
1.6493438
1.6491567
1.6484142
1.6463846
1.6429568
1.6383518
1.6330711
1.6285098
1.6488223
1.6486429
1.6479293
1.6459471
1.6425529
1.6379421
1.632625
1.6280378
1.6482914
1.6481168
1.6474298
1.6454983
1.6421558
1.637563
1.6322208
1.6276049
1.6478646
1.6476916
1.6470162
1.6451198
1.6418228
1.6372558
1.6319019
1.6272573
1.6476093
1.6474367
1.6467639
1.6448849
1.6416133
1.637064
1.6317062
1.6270432
0.44696561
0.44691287
0.44573143
0.44502432
0.44867082
0.44975342
0.45420843
0.45393107
0.44696557
0.44691308
0.44573179
0.44502438
0.44867068
0.4497537
0.45420883
0.4539311
0.44696574
0.44691308
0.44573162
0.44502449
0.448671
0.44975369
0.45420866
0.45393108
0.44696605
0.44691345
0.44573208
0.44502462
0.44867091
0.44975393
0.45420896
0.45393126
0.44696673
0.44691393
0.44573219
0.44502493
0.44867136
0.44975393
0.45420894
0.45393138
0.44696764
0.44691494
0.44573316
0.44502518
0.44867121
0.44975444
0.45420948
0.45393175
0.44696882
0.44691593
0.44573362
0.44502602
0.4486723
0.44975414
0.45420894
0.45393159
0.44696994
0.44691757
0.44573598
0.44502749
0.4486721
0.44975481
0.45421064
0.45393354
0.44612794
0.44624203
0.4453545
0.44488894
0.44867755
0.44979044
0.45424942
0.4539732
0.44579393
0.44591397
0.4450825
0.44470425
0.4485457
0.44970879
0.4542152
0.45395792
0.44522127
0.44536637
0.44457143
0.44432798
0.44836961
0.4496255
0.45415704
0.45391571
0.44422479
0.44437497
0.44360924
0.44347009
0.4477025
0.44920282
0.4539479
0.4537985
0.44352481
0.44363638
0.44274055
0.44249414
0.44673363
0.44828348
0.45315039
0.45311189
0.44493463
0.4448724
0.44376873
0.44319945
0.44710809
0.44833931
0.45296287
0.45274079
0.44904642
0.44897071
0.44767834
0.44685521
0.45049257
0.4512444
0.45528322
0.45462587
0.45287932
0.45293688
0.45178253
0.45112772
0.45480422
0.45520521
0.45902972
0.45831326
0.44844956
0.44819885
0.44737552
0.44679963
0.44885966
0.44901882
0.4536652
0.45338416
0.44838747
0.44816182
0.44736403
0.44679936
0.44886126
0.44902116
0.45366698
0.45338295
0.44814595
0.44797877
0.44727656
0.44677774
0.44885927
0.44902454
0.45367004
0.45338891
0.44765098
0.44752579
0.44694637
0.44661587
0.44879824
0.44901117
0.45366648
0.45338712
0.44699644
0.44687687
0.44635454
0.44617541
0.44853047
0.44889124
0.45361933
0.45336614
0.44629652
0.44617246
0.44566776
0.44555463
0.44799361
0.44851345
0.45339115
0.45320519
0.44572295
0.44558691
0.44508705
0.44501884
0.44748148
0.44804489
0.45302052
0.45291723
0.44533268
0.44518308
0.44467717
0.44462872
0.44710012
0.44767952
0.45270069
0.45262816
0.44513889
0.44498697
0.44446911
0.44442651
0.44689025
0.44748857
0.45252153
0.45244803
0.44481254
0.4446322
0.44409946
0.44406582
0.44654287
0.44712044
0.4521411
0.45208885
0.44421747
0.4440231
0.4434534
0.44341786
0.44589479
0.44647544
0.45154384
0.45150998
0.443442
0.44318875
0.44254742
0.44249348
0.4449236
0.44545099
0.45049802
0.45048051
0.44338555
0.44312674
0.44234511
0.44217033
0.4445497
0.44492149
0.44989156
0.44981574
0.44507833
0.44492588
0.44416712
0.44397362
0.44634792
0.44649654
0.4514052
0.45127768
0.44816182
0.44814752
0.44760219
0.44774426
0.45025626
0.45053144
0.45562185
0.45550876
0.45041942
0.45046406
0.45017253
0.45074089
0.45363407
0.45424453
0.4594582
0.45926559
0.52443687
0.47064552
0.45264291
0.44572819
0.44711731
0.44725523
0.45234831
0.45243642
0.52413166
0.47034887
0.45235224
0.44544365
0.44680983
0.44692855
0.45201915
0.45210315
0.52363186
0.46988692
0.45187552
0.44496248
0.44628223
0.44633527
0.45140532
0.45151852
0.52311938
0.46937925
0.451342
0.44441444
0.44565369
0.4456206
0.45064986
0.4507467
0.52283639
0.46916362
0.45117772
0.44433617
0.44566305
0.44556383
0.45054848
0.45073906
0.52292736
0.46938796
0.4516659
0.4451555
0.44690131
0.44701799
0.45213482
0.45240072
0.52304078
0.46983328
0.4524719
0.44649445
0.44877527
0.44939994
0.4549578
0.45540785
0.52317909
0.47000807
0.45296609
0.44736981
0.4499996
0.45100519
0.45699582
0.45760882
1.5552623
1.5557977
1.5561559
1.5582912
1.5600074
1.5668151
1.5772198
1.6135389
1.5530996
1.5535992
1.5539416
1.5560282
1.5578023
1.5647533
1.5756214
1.6124277
1.5493117
1.5496886
1.5499064
1.5517915
1.5533932
1.560461
1.5717328
1.609392
1.5440219
1.5442978
1.5442081
1.5454652
1.54646
1.5529527
1.5641672
1.6026611
1.5377893
1.5377939
1.5371811
1.5371972
1.5368914
1.5418724
1.5522058
1.5918583
1.5312199
1.531027
1.5297535
1.5278296
1.5256925
1.527783
1.5366947
1.5776157
1.5259483
1.5249105
1.5232955
1.5190603
1.5150102
1.5131295
1.5204119
1.5631363
1.5227626
1.5209794
1.5189376
1.5132908
1.5075318
1.5029386
1.5079517
1.5520823
1.5208403
1.5191715
1.5165835
1.5106445
1.5036957
1.4975466
1.5015383
1.5481293
1.5177895
1.5148906
1.5117881
1.5039386
1.4951178
1.4849003
1.4885698
1.5334059
1.5113181
1.508647
1.5024564
1.493715
1.4785183
1.4591446
1.4589337
1.4997801
1.5013541
1.5003822
1.4894192
1.4787377
1.450746
1.4099862
1.3915311
1.4507599
1.491912
1.4915308
1.4750551
1.462256
1.4088063
1.3341456
1.287929
1.3506537
1.4823704
1.4823722
1.4616751
1.443875
1.3647883
1.2842251
1.2558094
1.290768
1.4754273
1.4725129
1.4508276
1.4268863
1.3350917
1.2801551
1.2548585
1.2841816
1.4743567
1.4649871
1.4485127
1.4154736
1.3270764
1.2752041
1.2732724
1.3155753
1.5393111
1.5363223
1.5320544
1.5285115
1.5263295
1.5244189
1.5224997
1.5211545
1.5367885
1.5337887
1.5294919
1.525853
1.5235497
1.5213627
1.5191701
1.517343
1.5325465
1.5294678
1.5251316
1.5213655
1.5187334
1.5162144
1.513586
1.5119064
1.527009
1.523839
1.5194135
1.5154896
1.5124882
1.5094842
1.5061126
1.5038968
1.5207334
1.5175623
1.5130619
1.5089437
1.5056014
1.5018747
1.4977915
1.4947961
1.514715
1.5114513
1.5069237
1.5026741
1.498982
1.4947376
1.4899963
1.4869722
1.5096677
1.506489
1.501908
1.4975906
1.4937068
1.4889514
1.4835925
1.478805
1.5066802
1.5033354
1.4988993
1.4944116
1.4906039
1.4853619
1.4799577
1.4730688
1.4697357
1.4637475
1.4461371
1.4114693
1.322455
1.279756
1.2801305
1.3543748
1.4655319
1.4587714
1.4407266
1.403327
1.3163307
1.2819693
1.2848222
1.3934916
1.4587465
1.4508438
1.4331455
1.391027
1.3144102
1.281826
1.2992812
1.3883965
1.4510473
1.4431353
1.4233401
1.3836517
1.3155778
1.2921446
1.3009957
1.4061922
1.4435234
1.4352324
1.416021
1.3786874
1.3244401
1.300304
1.3204458
1.424327
1.4370665
1.4294205
1.4101589
1.3777429
1.3324547
1.3122786
1.3244304
1.4366855
1.4322977
1.4252114
1.4066385
1.3777935
1.3394186
1.3201231
1.336093
1.4436894
1.4298177
1.4230031
1.4046905
1.3782967
1.342946
1.3255974
1.3373569
1.447245
1.4284263
1.421915
1.4039211
1.3785047
1.3446608
1.3279427
1.3403625
1.4486637
1.4262827
1.4197022
1.4025137
1.3789157
1.3480529
1.3325273
1.34486
1.4516943
1.4224809
1.416478
1.4004455
1.3796616
1.3529462
1.3396426
1.3515674
1.4573787
1.4182738
1.412781
1.3982882
1.3804793
1.3579403
1.3473498
1.3589304
1.4642846
1.4140576
1.4092446
1.3962615
1.3810826
1.3619636
1.3538881
1.3655073
1.4707552
1.4105046
1.4062012
1.3944892
1.3813223
1.3646823
1.3584882
1.3704894
1.4761206
1.4078121
1.4039333
1.3930822
1.3812871
1.3662632
1.3612895
1.3736596
1.4795321
1.4062813
1.4026039
1.3922125
1.3811824
1.3669944
1.3627158
1.3753048
1.4815585
1.4624667
1.4589072
1.455531
1.4539902
1.4514925
1.4455282
1.4377161
1.4321531
1.4586449
1.454916
1.4517112
1.450683
1.4487309
1.4428016
1.4351723
1.4294523
1.4521947
1.4481868
1.4451494
1.4451548
1.4441839
1.4385262
1.4310058
1.4256883
1.4440709
1.4394806
1.4364916
1.4379295
1.43858
1.4333697
1.4261537
1.4211092
1.4355756
1.4300324
1.4267065
1.4297493
1.4325878
1.4281618
1.4212788
1.4167086
1.428155
1.421345
1.417185
1.4215586
1.4268755
1.4235148
1.4170394
1.412835
1.4228216
1.4147575
1.4094661
1.4146195
1.4221132
1.4199385
1.4138167
1.4099847
1.4199199
1.4109879
1.4047991
1.4102251
1.419093
1.4177829
1.4119421
1.4082645
1.6153326
1.6058644
1.5843585
1.5569144
1.5348453
1.5200909
1.5114211
1.5070517
1.6149053
1.6053523
1.5836553
1.5555877
1.5326281
1.5172686
1.5083829
1.5038335
1.6142026
1.6045328
1.5825226
1.5534833
1.5289908
1.5125601
1.5031952
1.4985626
1.6133539
1.6035453
1.5811687
1.5509927
1.524538
1.5065366
1.4964786
1.491599
1.6125017
1.6025599
1.57982
1.5485632
1.5200093
1.5000751
1.4890553
1.4839033
1.6117683
1.6017195
1.5786675
1.5465329
1.5161067
1.4941306
1.4819987
1.4764407
1.611229
1.6011107
1.5778253
1.5450904
1.5132751
1.4895662
1.4763422
1.4704191
1.6109286
1.6007651
1.5773529
1.5442873
1.5116991
1.4868988
1.4729485
1.4666772
1.6107786
1.6006072
1.5771274
1.5439187
1.5109626
1.485643
1.4712855
1.4649242
1.6104994
1.6002867
1.5766894
1.5431889
1.5095341
1.4831145
1.4679213
1.4611654
1.6100578
1.5997938
1.5760115
1.5420868
1.5073881
1.4791878
1.4624442
1.4549835
1.6095535
1.5992243
1.5752443
1.5408652
1.5050733
1.4747701
1.4558759
1.4472852
1.6090617
1.5986696
1.5745178
1.5397457
1.5030332
1.4707887
1.4494853
1.4394222
1.6086373
1.5981919
1.5739163
1.5388582
1.5014837
1.4677951
1.4443607
1.4327327
1.6083124
1.5978328
1.5734795
1.5382489
1.5004559
1.4658778
1.4409647
1.4280673
1.6081205
1.5976206
1.5732295
1.5379151
1.4999099
1.4648898
1.4392128
1.425569
1.6400802
1.63983
1.6389401
1.6367266
1.6328657
1.6273449
1.6205138
1.614537
1.6398716
1.6396198
1.6387259
1.6365021
1.6326256
1.6270907
1.620251
1.6142587
1.6395167
1.6392632
1.6383623
1.6361238
1.6322272
1.6266833
1.6198379
1.6138345
1.6390501
1.6387954
1.637887
1.6356344
1.6317288
1.6261961
1.6193607
1.6133441
1.6385229
1.638268
1.6373548
1.6350979
1.6312072
1.6257122
1.6188968
1.612869
1.6380046
1.6377506
1.6368391
1.634594
1.6307417
1.6252964
1.618499
1.6124569
1.6375776
1.6373255
1.6364213
1.6341994
1.630391
1.6249874
1.6181985
1.6121441
1.6373152
1.6370649
1.6361684
1.633966
1.6301879
1.6248068
1.618021
1.6119564
0.46896462
0.47371025
0.47287466
0.46512114
0.45767556
0.45111838
0.44932676
0.45076188
0.4631536
0.4618479
0.45393324
0.44511269
0.44107742
0.43989708
0.44113032
0.44427009
0.43010688
0.42677926
0.42168261
0.41963328
0.42121603
0.4262365
0.43116489
0.43398838
0.39686691
0.39491123
0.39460249
0.39798462
0.40523644
0.41325435
0.41963505
0.41983795
0.37399363
0.37333721
0.37478405
0.37944442
0.38761969
0.39832435
0.40201346
0.39426348
0.35836934
0.35843592
0.35955971
0.36341113
0.37403999
0.38024239
0.36932562
0.35704997
0.35330274
0.35350493
0.3560198
0.36254255
0.36745145
0.35669782
0.34510734
0.34300137
0.35809054
0.36102401
0.36408291
0.36974039
0.3616857
0.35195203
0.35387696
0.35826465
2.3479874
2.3477525
2.3445942
2.340669
2.3416846
2.3427988
2.346257
2.3428207
2.3514398
2.3496793
2.3473457
2.3439729
2.3451214
2.345526
2.3493343
2.3445973
2.3567773
2.3557716
2.3534262
2.3503477
2.3512581
2.3515712
2.3551473
2.350023
2.3624189
2.3611467
2.3590416
2.3561343
2.357527
2.3578264
2.3616453
2.3560694
2.3670199
2.3658245
2.3636161
2.3608311
2.3625109
2.3633211
2.3675593
2.3619811
2.3713205
2.3699755
2.3676879
2.3647884
2.3666151
2.3677056
2.3724033
2.3668973
2.3749125
2.3734446
2.3710661
2.3681165
2.3698227
2.3708126
2.3754664
2.3700427
2.3765495
2.3754337
2.3728994
2.3698027
2.3713063
2.372235
2.3769231
2.3713464
2.5179832
2.5292919
2.5014384
2.5378188
2.4827621
2.5771404
2.4355142
3.2052971
2.3508507
2.3553465
2.3221657
2.3802906
2.3124551
2.4473945
2.2274513
3.3048183
2.285696
2.2760603
2.2810454
2.283598
2.2916124
2.2994206
2.3133318
2.3101383
2.3050011
2.3102897
2.3157013
2.3275807
2.3301082
2.3420098
2.3307758
2.4016809
2.3424158
2.3418781
2.3424698
2.3314215
2.3263623
2.3172395
2.3363006
2.2833483
2.3324578
2.3320732
2.3299163
2.3327389
2.3392866
2.3490832
2.3449753
2.374516
2.3512187
2.3517815
2.3534172
2.3481979
2.3474137
2.3416661
2.3531046
2.3238609
2.3484881
2.3469076
2.3454438
2.3462422
2.3535706
2.3643105
2.3663477
2.3720162
2.3537633
2.3535156
2.3530209
2.3503005
2.3492085
2.3497594
2.356123
2.3525557
2.3559237
2.3546998
2.3534798
2.351142
2.3537771
2.355059
2.3606769
2.3552951
2.3623835
2.3611437
2.3594491
2.3569714
2.3595001
2.360999
2.3663942
2.360986
2.3700065
2.3682514
2.3661101
2.3630877
2.365408
2.3666291
2.3720377
2.3664668
2.3769408
2.3751439
2.372673
2.369283
2.3710404
2.3718579
2.3769136
2.3712516
2.3827608
2.3807013
2.3780056
2.3743225
2.375909
2.3764528
2.3813553
2.3755673
2.3868936
2.3848375
2.3819852
2.3781606
2.3795653
2.3801067
2.3849789
2.3790775
2.389359
2.3870504
2.3841786
2.3803248
2.3817667
2.3821915
2.3869106
2.3812529
2.4307566
2.3720523
2.3548235
2.3486977
2.3512882
2.354382
2.3622222
2.357903
2.445546
2.3766988
2.359995
2.3515109
2.3557029
2.3573182
2.3650105
2.3601111
2.4518184
2.3867088
2.3692252
2.360833
2.3633617
2.3651632
2.3722427
2.3672058
2.4631571
2.3956975
2.3788381
2.3698964
2.3724957
2.3733493
2.3801639
2.3746096
2.4704451
2.4045956
2.3875251
2.3785664
2.3805461
2.3811572
2.3875476
2.381897
2.4779812
2.4111408
2.3943877
2.3852072
2.3871223
2.3873034
2.3935339
2.3876245
2.4823109
2.4160377
2.3991859
2.3900393
2.3917403
2.3918582
2.3978908
2.3919689
2.4845971
2.4187712
2.4017297
2.392597
2.3941896
2.3942434
2.4002247
2.3941069
1.4055058
1.4019732
1.3917845
1.3810986
1.3673148
1.3633153
1.3760698
1.482237
1.4040111
1.4006765
1.390887
1.3808906
1.3678528
1.3644708
1.3774605
1.4838957
1.4015508
1.3985576
1.3893693
1.3803963
1.3685169
1.3660373
1.3795029
1.4861887
1.3984761
1.3958937
1.3874177
1.3795691
1.3689844
1.3675427
1.381562
1.4886411
1.395065
1.3929493
1.3852902
1.3784948
1.3691228
1.3686438
1.3832411
1.4906494
1.3915776
1.3899788
1.3831945
1.3773336
1.3689543
1.3692406
1.3843357
1.4920713
1.3883623
1.3873504
1.3813653
1.3762606
1.368615
1.3694241
1.3849076
1.4928556
1.3861368
1.3855806
1.3801554
1.3755227
1.3683178
1.3694097
1.3851387
1.493203
1.3849612
1.3846572
1.379531
1.3751365
1.3681472
1.3693697
1.3852208
1.4933322
1.3823269
1.3825957
1.3781493
1.3742804
1.3677364
1.3692276
1.3853234
1.4935684
1.3773339
1.378627
1.3754948
1.3726551
1.3668835
1.3688241
1.3853263
1.4937669
1.3701556
1.3725806
1.3712545
1.3701064
1.365486
1.3680486
1.3850815
1.493746
1.3620736
1.3652003
1.3654658
1.3664018
1.3634451
1.3668822
1.3845308
1.4934633
1.3550414
1.3582729
1.3593319
1.3618539
1.3607192
1.3653418
1.3837096
1.492912
1.350307
1.3533162
1.3545135
1.3577623
1.3578888
1.3636855
1.3827863
1.4922676
1.3479221
1.3507061
1.3518222
1.3552842
1.3559699
1.3624922
1.3821008
1.4917926
1.4036964
1.3871706
1.3637897
1.3547197
1.3667311
1.3789813
1.3835571
1.3849885
1.403202
1.3866837
1.3627111
1.3520625
1.3626211
1.3746766
1.3800582
1.3820777
1.4023994
1.3859295
1.3613356
1.3484915
1.3565296
1.3676378
1.3738556
1.3766641
1.4014382
1.3850034
1.3600487
1.3452473
1.3503023
1.3594576
1.3657727
1.3690975
1.4005316
1.3840554
1.3589463
1.3428947
1.3454009
1.3521978
1.3576238
1.3608794
1.3998491
1.3832896
1.3580866
1.341383
1.3422359
1.3470886
1.3512358
1.3540169
1.399435
1.3828097
1.3575291
1.3405145
1.3404852
1.3441229
1.3472559
1.3495296
1.3992408
1.3825813
1.3572522
1.3401066
1.3396892
1.3427434
1.3453296
1.3472886
1.3469003
1.349559
1.3506056
1.3541181
1.3550123
1.3618693
1.3817372
1.4915373
1.3450639
1.3474575
1.3483186
1.3518542
1.3530505
1.3605298
1.38093
1.4909831
1.3427801
1.3447621
1.3452525
1.3486706
1.3500646
1.3583166
1.3794842
1.490019
1.3409874
1.3426046
1.3426595
1.3458406
1.3472259
1.355977
1.3777704
1.4888026
1.3400133
1.3413999
1.3411478
1.3441344
1.3455023
1.354402
1.3764746
1.4877654
1.339644
1.3408998
1.340499
1.3433491
1.3448367
1.3537942
1.3758731
1.4872496
1.3395117
1.3407181
1.3402686
1.3430557
1.3446573
1.35374
1.3757027
1.4871066
1.3394723
1.340653
1.3401895
1.3429604
1.3445904
1.3538119
1.3756981
1.487095
1.3394547
1.3406294
1.3401602
1.3429254
1.3445599
1.3538624
1.375739
1.4871059
1.3394284
1.3405957
1.3401143
1.3428787
1.3445112
1.3539603
1.3758975
1.487198
1.3394049
1.3405689
1.3400712
1.3428384
1.344463
1.3540629
1.3762228
1.4875141
1.3393949
1.3405576
1.3400484
1.3428138
1.3444325
1.3540959
1.3764796
1.4879984
1.3393896
1.3405549
1.340037
1.3428027
1.3444117
1.3540991
1.3765492
1.4882705
1.3393877
1.3405535
1.3400328
1.3427958
1.3444007
1.3540926
1.3765551
1.4883001
1.3393869
1.3405527
1.3400313
1.342793
1.3443962
1.3540889
1.376554
1.4883036
1.3393869
1.3405526
1.340031
1.3427924
1.3443951
1.3540882
1.3765549
1.4883036
1.3986762
1.3819089
1.3563752
1.3388121
1.3372693
1.3384457
1.3389714
1.3394723
1.3986758
1.3819079
1.3563739
1.33881
1.3372646
1.3384365
1.338955
1.3394504
1.3986752
1.3819072
1.3563727
1.3388082
1.3372606
1.3384294
1.3389408
1.3394304
1.3986748
1.3819069
1.3563722
1.3388074
1.3372589
1.3384263
1.3389346
1.3394202
1.3986746
1.3819067
1.3563719
1.338807
1.3372581
1.3384251
1.3389322
1.3394163
1.3986744
1.3819065
1.3563717
1.3388067
1.3372576
1.3384245
1.3389311
1.3394146
1.3986743
1.3819064
1.3563716
1.3388066
1.3372574
1.3384241
1.3389307
1.3394139
1.3986743
1.3819064
1.3563716
1.3388065
1.3372574
1.3384241
1.3389306
1.3394138
1.6042841
1.5934728
1.5685106
1.5322963
1.4928819
1.4551264
1.4252235
1.4075261
1.6042739
1.593459
1.5684879
1.5322603
1.4928237
1.4550421
1.4251128
1.4073951
1.6042648
1.5934474
1.5684665
1.5322244
1.492763
1.4549491
1.4249898
1.4072449
1.6042609
1.5934425
1.5684563
1.5322046
1.4927277
1.4548897
1.4249098
1.4071458
1.6042608
1.5934412
1.5684541
1.5321979
1.4927147
1.4548656
1.4248744
1.4071031
1.6042611
1.5934411
1.5684537
1.5321964
1.4927111
1.4548585
1.4248627
1.4070898
1.604261
1.5934411
1.5684535
1.532196
1.49271
1.4548565
1.4248592
1.4070856
1.604261
1.5934411
1.5684534
1.5321958
1.4927097
1.4548559
1.4248582
1.4070842
1.604261
1.5934411
1.5684534
1.5321958
1.4927096
1.4548556
1.4248579
1.4070835
1.604261
1.5934411
1.5684533
1.5321957
1.4927094
1.4548553
1.4248575
1.4070828
1.6042609
1.5934411
1.5684533
1.5321956
1.4927093
1.454855
1.424857
1.4070822
1.6042609
1.593441
1.5684533
1.5321955
1.4927092
1.4548548
1.4248568
1.4070819
1.6042607
1.5934409
1.5684531
1.5321954
1.492709
1.4548547
1.4248567
1.4070817
1.6042606
1.5934408
1.568453
1.5321953
1.4927089
1.4548546
1.4248565
1.4070815
1.6042606
1.5934407
1.568453
1.5321952
1.4927088
1.4548545
1.4248564
1.4070814
1.6042606
1.5934407
1.568453
1.5321952
1.4927088
1.4548545
1.4248564
1.4070814
1.6349219
1.6346649
1.6337387
1.6314549
1.6274642
1.621757
1.6145977
1.6082479
1.6349218
1.6346649
1.6337386
1.6314548
1.6274642
1.6217571
1.6145977
1.6082479
1.6349217
1.6346648
1.6337385
1.6314547
1.6274641
1.6217571
1.6145977
1.6082479
1.6349216
1.6346646
1.6337384
1.6314546
1.627464
1.6217569
1.6145976
1.6082479
1.6349215
1.6346646
1.6337383
1.6314544
1.6274639
1.6217568
1.6145975
1.6082477
1.6349214
1.6346645
1.6337383
1.6314544
1.6274638
1.6217567
1.6145974
1.6082476
1.6349214
1.6346645
1.6337382
1.6314544
1.6274638
1.6217567
1.6145973
1.6082476
1.6349214
1.6346645
1.6337382
1.6314544
1.6274638
1.6217567
1.6145973
1.6082476
2.3932488
2.3916284
2.3888513
2.3853574
2.386558
2.3872506
2.3918426
2.3863166
2.3940053
2.3923978
2.3896357
2.3861686
2.3874003
2.3881273
2.3927386
2.3872275
2.3952077
2.393621
2.3908989
2.387475
2.388741
2.3895043
2.3941538
2.3886441
2.3963069
2.3947484
2.3920793
2.3887315
2.3900701
2.3909282
2.3956707
2.3901986
2.3973514
2.3958356
2.3932482
2.3900104
2.391441
2.3923984
2.397249
2.3918153
2.3980768
2.3966129
2.3941194
2.3910086
2.3925436
2.3936033
2.3985637
2.3931716
2.3985244
2.3971002
2.394683
2.3916782
2.393309
2.394463
2.3995327
2.3941879
2.3987957
2.3973971
2.3950261
2.3920816
2.3937626
2.39497
2.400101
2.3947897
2.4013534
2.4001943
2.3983147
2.3961469
2.3982364
2.3999884
2.4058967
2.4009935
2.4016733
2.4005298
2.398684
2.3965786
2.3986999
2.4005072
2.4064821
2.4016021
2.4023788
2.4012623
2.3994964
2.3975138
2.3997464
2.4017116
2.4078287
2.4030093
2.4038417
2.4027709
2.4011162
2.3992663
2.4016041
2.403667
2.4098491
2.4050341
2.4052404
2.404168
2.4025082
2.4006253
2.4028933
2.4048604
2.4109471
2.4060631
2.4056024
2.404505
2.4027997
2.4008602
2.4030673
2.4049723
2.4110219
2.4061206
2.4055976
2.4044994
2.4027945
2.4008584
2.4030727
2.4049891
2.4110453
2.4061463
2.4056096
2.404513
2.40281
2.4008741
2.4030863
2.4049977
2.4110512
2.4061511
2.408668
2.4066842
2.4040627
2.4006878
2.4028872
2.4039505
2.4090607
2.4032069
2.4084666
2.406527
2.4039704
2.4006688
2.4029428
2.4040804
2.409244
2.403416
2.4081488
2.4062766
2.4038258
2.4006336
2.4030034
2.404241
2.409486
2.4037011
2.4077406
2.4059525
2.4036331
2.4005892
2.4031056
2.4044776
2.4098241
2.4040945
2.4073937
2.4056764
2.4034728
2.4005548
2.4032049
2.4047113
2.4101589
2.4044865
2.4072163
2.4055478
2.4034276
2.4006052
2.4033543
2.4049611
2.4104847
2.4048547
2.4072138
2.4055722
2.4034933
2.4007232
2.4035342
2.4052087
2.4107844
2.4051813
2.4072654
2.4056391
2.4035802
2.4008338
2.4036688
2.4053735
2.4109761
2.4053867
2.4073012
2.4056816
2.4036333
2.4009043
2.4037596
2.4054812
2.4110966
2.4055143
2.4074273
2.4058219
2.4037936
2.4010976
2.4039949
2.4057545
2.4113984
2.405829
2.4078317
2.4062448
2.4042404
2.4015777
2.4045277
2.4063506
2.4120548
2.4065206
2.4087113
2.407161
2.4052193
2.4026472
2.405711
2.4076424
2.4134421
2.407962
2.4097866
2.4082705
2.4063861
2.4038844
2.4070174
2.4089983
2.4148318
2.4093565
2.4102295
2.4087234
2.4068496
2.404348
2.4074655
2.4094195
2.415226
2.4097294
2.4102409
2.408733
2.4068561
2.404351
2.4074659
2.4094175
2.4152228
2.4097253
2.4102513
2.4087433
2.406866
2.4043598
2.4074735
2.4094257
2.4152323
2.4097358
2.4941195
2.4286704
2.4135106
2.4066009
2.4096323
2.4103706
2.4174953
2.4120762
2.4942422
2.4288029
2.4136328
2.4067098
2.409723
2.4104572
2.4176051
2.4121964
2.4947062
2.4292278
2.4140079
2.4070799
2.4100923
2.4108246
2.4179936
2.4125925
2.49553
2.4299859
2.4147355
2.4078237
2.4108445
2.4116067
2.4188279
2.4134571
2.4961781
2.4306231
2.415435
2.408623
2.4117255
2.4125641
2.4198499
2.4145154
2.4963284
2.4307921
2.4156585
2.4089081
2.4120659
2.4129533
2.4202722
2.414953
2.4963241
2.4307934
2.4156659
2.4089212
2.4120821
2.4129679
2.4202854
2.4149654
2.4963332
2.4307979
2.4156688
2.4089246
2.4120887
2.4129786
2.4202961
2.4149757
