FiniteElementSpace
FiniteElementCollection: L2_2D_P7
VDim: 1
Ordering: 0

0.25
0.25
0.25
0.25
0.25
0.25
0.25
0.25
0.25
0.25
0.25
0.25
0.25
0.25
0.25
0.25
0.25
0.25
0.25
0.25
0.25
0.25
0.25
0.25
0.25
0.25
0.25
0.25
0.25
0.25
0.25
0.25
0.25
0.25
0.25
0.25
0.25
0.25
0.25
0.25
0.25
0.25
0.25
0.25
0.25
0.25
0.25
0.25
0.25
0.25
0.25
0.25
0.25
0.25
0.25
0.25
0.25
0.25
0.25
0.25
0.25
0.25
0.25
0.25
2.3030343
2.3025325
2.3009051
2.298791
2.2989377
2.29931
2.3010425
2.297474
2.3033478
2.3027995
2.3011496
2.298995
2.2991772
2.2995167
2.3012331
2.2976158
2.3038523
2.3032818
2.3015678
2.2993843
2.2996275
2.2999433
2.3017175
2.2980699
2.3045874
2.3039741
2.302202
2.3000112
2.300331
2.3006144
2.3024922
2.2988316
2.3054758
2.3048122
2.3029827
2.3007936
2.3011669
2.3014168
2.3034202
2.2997379
2.3063193
2.3056014
2.3037258
2.3015269
2.3019178
2.3021503
2.3043041
2.3006196
2.3070217
2.3062674
2.3043698
2.3021724
2.3025763
2.3028161
2.3050993
2.3014132
2.3074773
2.3066942
2.3047901
2.3025894
2.3030032
2.3032506
2.3056135
2.3019161
1.8446289
1.6906201
1.6060592
1.6018483
1.6004322
1.6005836
1.5996727
1.6004402
1.8761296
1.7088212
1.6081125
1.6019808
1.6003533
1.6007118
1.5995779
1.6003435
1.9293508
1.7432727
1.6128609
1.6021719
1.6002479
1.6008754
1.5995282
1.6000231
1.9959245
1.7930253
1.6220532
1.6022123
1.6003085
1.60087
1.5997736
1.5992322
2.0626574
1.8517138
1.6368171
1.6019434
1.6007172
1.6005327
1.6004284
1.5980401
2.1174906
1.9084936
1.6557647
1.6014723
1.6014474
1.5999202
1.6013012
1.5968907
2.1546537
1.9530855
1.674401
1.6010973
1.6022208
1.59929
1.6020563
1.5961905
2.1742275
1.9792536
1.6871269
1.6009406
1.6027456
1.5988744
1.6024994
1.5959201
1.5999989
1.6000005
1.6
1.6000001
1.6
1.6000001
1.5999999
1.6
1.5999988
1.6000005
1.6
1.6000001
1.6
1.6000001
1.5999999
1.6
1.5999988
1.6000004
1.6
1.6000001
1.6
1.6
1.6
1.5999999
1.599999
1.6000002
1.6000001
1.6000001
1.6
1.6
1.6000001
1.5999998
1.5999994
1.6000001
1.6000002
1.6000001
1.6000001
1.6
1.6000001
1.5999998
1.5999997
1.5999999
1.6000002
1.6
1.6000001
1.6
1.6000001
1.5999998
1.5999999
1.5999998
1.6000002
1.6
1.6000001
1.6
1.6000001
1.5999999
1.6000001
1.5999998
1.6000002
1.6
1.6000001
1.6
1.6000001
1.5999999
1.6000023
1.6000007
1.6000025
1.6000011
1.6000007
1.6000001
1.6000003
1.5999995
1.6000081
1.6
1.6000034
1.6000012
1.600001
1.6000003
1.6000002
1.6000009
1.6000109
1.6000011
1.6000029
1.6000021
1.6000008
1.6000007
1.5999995
1.6000007
1.6000199
1.6000052
1.6000021
1.6000031
1.6000006
1.6000014
1.5999988
1.6000008
1.5999838
1.600014
1.6000002
1.6000048
1.5999998
1.6000026
1.5999975
1.6000015
1.5999441
1.6000174
1.6000005
1.6000053
1.6
1.6000026
1.5999983
1.5999984
1.5999512
1.6000109
1.6000034
1.600004
1.6000016
1.6000009
1.6000012
1.5999927
1.5999655
1.6000054
1.6000056
1.600003
1.6000027
1.5999998
1.600003
1.5999905
1.5964459
1.6010192
1.6008578
1.6000588
1.6001637
1.5999526
1.6001008
1.5996925
1.5963247
1.6001527
1.6013637
1.6000053
1.600298
1.5998521
1.6003048
1.5995753
1.5990529
1.5984234
1.6019089
1.5999606
1.6004267
1.5997793
1.6003449
1.5998472
1.6031307
1.5976462
1.6018854
1.6002416
1.6003317
1.5999506
1.6000249
1.6003567
1.6066059
1.5987621
1.6012085
1.6007859
1.6000699
1.6002832
1.5996094
1.6005294
1.6090752
1.6008145
1.6004969
1.6012821
1.5998714
1.6005307
1.5994099
1.6003101
1.6123618
1.6027489
1.6000481
1.6015442
1.5998229
1.6005899
1.5994584
1.599913
1.6157872
1.6037615
1.599966
1.6015813
1.5998775
1.6005287
1.5996033
1.5995494
0.25
0.25
0.25
0.25
0.25
0.25
0.25
0.25
0.25
0.25
0.25
0.25
0.25
0.25
0.25
0.25
0.25
0.25
0.25
0.25
0.25
0.25
0.25
0.25
0.25
0.25
0.25
0.25
0.25
0.25
0.25
0.25
0.25
0.25
0.25
0.25
0.25
0.25
0.25
0.25
0.25
0.25
0.25
0.25
0.25
0.25
0.25
0.25
0.25
0.25
0.25
0.25
0.25
0.25
0.25
0.25
0.25
0.25
0.25
0.25
0.25
0.25
0.25
0.25
1.6
1.6
1.6
1.6
1.6
1.6
1.6
1.6
1.6
1.6
1.6
1.6
1.6
1.6
1.6
1.6
1.6
1.6
1.6
1.6
1.6
1.6
1.6
1.6
1.6
1.6
1.6
1.6
1.6
1.6
1.6
1.6
1.6
1.6
1.6
1.6
1.6
1.6
1.6
1.6
1.6
1.6
1.6
1.6
1.6
1.6
1.6
1.6
1.6
1.6
1.6
1.6
1.6
1.6
1.6
1.6
1.6
1.6
1.6
1.6
1.6
1.6
1.6
1.6
1.6000001
1.6
1.6
1.6
1.6
1.6
1.6
1.6
1.6000002
1.6
1.6
1.6
1.6
1.6
1.6
1.6
1.5999999
1.6000001
1.6
1.6
1.6
1.6
1.6
1.6
1.5999995
1.6000002
1.6
1.6
1.6
1.6
1.6
1.6
1.5999996
1.6000001
1.6
1.6
1.6
1.6
1.6
1.5999999
1.5999999
1.6
1.6000001
1.6
1.6
1.6
1.6
1.5999999
1.6
1.6
1.6000001
1.6
1.6
1.6
1.6
1.6
1.6000001
1.5999999
1.6000001
1.6
1.6
1.6
1.6
1.6
2.2890455
2.2885368
2.2870789
2.2840553
2.2848166
2.2865355
2.2860737
2.2824281
2.2895949
2.2891027
2.2876658
2.2847563
2.2860612
2.2873397
2.2870411
2.2834476
2.2905236
2.2901371
2.2885296
2.2858163
2.287753
2.2883775
2.2885745
2.2856428
2.2917173
2.2913774
2.2895128
2.2872588
2.2896877
2.2894994
2.290664
2.2882041
2.293164
2.2928414
2.2907449
2.2891173
2.2914874
2.2906662
2.2928917
2.2908007
2.2946461
2.294214
2.291986
2.2909193
2.2928817
2.291872
2.2949904
2.2930079
2.2957381
2.2951794
2.2929765
2.2923202
2.2938553
2.2930014
2.2966768
2.2946478
2.2963794
2.2957386
2.293628
2.2931839
2.2944344
2.2937379
2.2976716
2.2955054
2.3033202
2.3025938
2.302045
2.3005091
2.300219
2.3024421
2.3063458
2.3017602
2.3037464
2.3030715
2.3025466
2.300823
2.3006031
2.3029253
2.3067136
2.3019625
2.3044172
2.3038335
2.303296
2.3012827
2.3012056
2.303657
2.3072372
2.3022818
2.3051668
2.3046853
2.3040819
2.3017729
2.3019203
2.3044858
2.3077949
2.3027397
2.3058543
2.3054719
2.3047815
2.3022489
2.3026532
2.3052624
2.3082786
2.303254
2.3064447
2.3061304
2.3053466
2.3026534
2.3032757
2.3058682
2.308642
2.3037085
2.3068958
2.3066143
2.3057439
2.3029435
2.3037164
2.3062698
2.3088833
2.3040349
2.3071445
2.3068739
2.3059543
2.3030973
2.3039605
2.3064859
2.3090121
2.304213
2.3136778
2.3127465
2.3107946
2.3083206
2.3087778
2.30935
2.3126687
2.308852
2.3141897
2.3132569
2.3113045
2.3088063
2.3092865
2.3098947
2.3132772
2.3094393
2.315078
2.3141378
2.3121717
2.3096202
2.3101257
2.3107752
2.314246
2.3103673
2.3161899
2.3152344
2.3132365
2.3106072
2.3111403
2.3118368
2.315414
2.3114853
2.3173155
2.3163514
2.3143322
2.3116459
2.3122335
2.3129822
2.3166555
2.3126624
2.3183687
2.3173996
2.3153582
2.3126117
2.3132223
2.3139748
2.3176917
2.3136233
2.3191743
2.3181874
2.3161037
2.3132837
2.3138833
2.3146155
2.3183525
2.3142318
2.3196296
2.3186264
2.3165087
2.3136377
2.3142258
2.3149472
2.3186983
2.3145526
1.5999998
1.6000366
1.6000012
1.6000095
1.6000004
1.6000057
1.5999941
1.6000062
1.5999525
1.6000452
1.5999996
1.6000109
1.5999994
1.600007
1.5999928
1.6000063
1.5998781
1.6000547
1.5999987
1.6000124
1.5999986
1.6000081
1.5999922
1.6000033
1.5998301
1.6000532
1.6000019
1.6000118
1.5999997
1.600007
1.5999955
1.5999936
1.5998455
1.6000362
1.6000098
1.6000085
1.6000033
1.6000031
1.6000024
1.5999803
1.5998952
1.6000149
1.6000181
1.600005
1.6000069
1.5999993
1.6000084
1.5999731
1.5999397
1.5999995
1.6000235
1.600003
1.6000092
1.5999972
1.6000111
1.599974
1.5999659
1.5999916
1.6000261
1.6000021
1.6000102
1.5999964
1.6000118
1.5999771
1.6002015
1.600001
1.6000233
1.6000099
1.6000078
1.600003
1.5999995
1.6000076
1.6002048
1.6000081
1.6000216
1.6000113
1.600007
1.6000041
1.599998
1.6000084
1.6001981
1.6000208
1.6000184
1.6000136
1.6000055
1.6000061
1.5999954
1.6000099
1.600168
1.6000383
1.6000142
1.6000168
1.6000034
1.6000089
1.5999919
1.6000121
1.6001138
1.6000573
1.6000095
1.6000203
1.600001
1.6000118
1.5999882
1.6000143
1.6000507
1.6000741
1.6000054
1.6000234
1.5999989
1.6000144
1.5999852
1.6000158
1.5999978
1.600086
1.6000026
1.6000255
1.5999974
1.6000162
1.5999831
1.6000165
1.5999666
1.6000924
1.6000011
1.6000267
1.5999966
1.6000172
1.5999821
1.6000167
2.2816389
2.2090558
1.8972544
1.6187978
1.6066586
1.5966594
1.6027043
1.6011272
2.283812
2.2186843
1.9134325
1.6222561
1.6065106
1.5968864
1.6023092
1.6016185
2.286652
2.232548
1.9389972
1.6285281
1.6061387
1.5973686
1.6015855
1.6023671
2.2892506
2.2467832
1.9687116
1.6371944
1.6054964
1.5981228
1.6005981
1.6031852
2.2912241
2.2586883
1.9970941
1.6470443
1.6046784
1.5990406
1.5995191
1.6038995
2.2925738
2.2672524
2.0201524
1.656341
1.6038766
1.5999283
1.5985556
1.604415
2.2934146
2.2726258
2.0360742
1.6635245
1.6032582
1.6006149
1.5978506
1.6047284
2.2938477
2.2753566
2.0446875
1.6676953
1.6029042
1.6010111
1.5974574
1.6048806
1.6
1.6
1.6
1.6
1.6
1.6
1.6
1.6
1.6
1.6
1.6
1.6
1.6
1.6
1.6
1.6
1.6
1.6
1.6
1.6
1.6
1.6
1.6
1.6
1.6
1.6
1.6
1.6
1.6
1.6
1.6
1.6
1.6
1.6
1.6
1.6
1.6
1.6
1.6
1.6
1.6
1.6
1.6
1.6
1.6
1.6
1.6
1.6
1.6
1.6
1.6
1.6
1.6
1.6
1.6
1.6
1.6
1.6
1.6
1.6
1.6
1.6
1.6
1.6
1.6
1.6
1.6
1.6
1.6
1.6
1.6
1.6
1.6
1.6
1.6
1.6
1.6
1.6
1.6
1.6
1.6
1.6
1.6
1.6
1.6
1.6
1.6
1.6
1.6
1.6
1.6
1.6
1.6
1.6
1.6
1.6
1.6
1.6
1.6
1.6
1.6
1.6
1.6
1.6
1.6
1.6
1.6
1.6
1.6
1.6
1.6
1.6
1.6
1.6
1.6
1.6
1.6
1.6
1.6
1.6
1.6
1.6
1.6
1.6
1.6
1.6
1.6
1.6
1.6000014
1.6000004
1.6000001
1.6000002
1.6000001
1.6000001
1.5999999
1.6000002
1.6000011
1.6000005
1.6000001
1.6000002
1.6
1.6000001
1.5999999
1.6000002
1.6000004
1.6000007
1.6
1.6000002
1.6
1.6000001
1.5999998
1.6000002
1.5999994
1.6000009
1.6
1.6000003
1.6
1.6000002
1.5999998
1.6000002
1.5999985
1.6000011
1.5999999
1.6000003
1.6
1.6000002
1.5999998
1.6000002
1.5999978
1.6000012
1.5999999
1.6000003
1.6
1.6000002
1.5999998
1.6000001
1.5999974
1.6000012
1.5999999
1.6000003
1.6
1.6000002
1.5999998
1.6000001
1.5999972
1.6000012
1.5999999
1.6000003
1.6
1.6000002
1.5999998
1.6000001
0.25000048
0.24999971
0.25000011
0.24999989
0.25000003
0.24999993
0.25000004
0.2499998
0.24999907
0.25000025
0.24999991
0.25000007
0.24999995
0.25000004
0.24999996
0.25000003
0.25000076
0.24999995
0.2500001
0.24999997
0.25000004
0.24999998
0.25000005
0.24999993
0.24999896
0.25000025
0.24999994
0.25000007
0.24999996
0.25000004
0.24999996
0.25000002
0.2500013
0.25000001
0.25000018
0.24999999
0.25000008
0.24999998
0.25000008
0.24999991
0.24999797
0.25000072
0.25000012
0.2500003
0.25000001
0.25000013
0.24999993
0.25000007
0.25000758
0.25000078
0.2500015
0.25000038
0.25000061
0.24999998
0.25000045
0.2499994
0.24999592
0.25000361
0.25000144
0.25000164
0.2500002
0.25000042
0.24999964
0.24999963
0.25
0.25
0.25
0.25
0.25
0.25
0.25
0.25
0.25
0.25
0.25
0.25
0.25
0.25
0.25
0.25
0.25
0.25
0.25
0.25
0.25
0.25
0.25
0.25
0.25
0.25
0.25
0.25
0.25
0.25
0.25
0.25
0.25
0.25
0.25
0.25
0.25
0.25
0.25
0.25
0.25
0.25
0.25
0.25
0.25
0.25
0.25
0.25
0.25
0.25
0.25
0.25
0.25
0.25
0.25
0.25
0.25
0.25
0.25
0.25
0.25
0.25
0.25
0.25
0.25
0.25
0.25
0.25
0.25
0.25
0.25
0.25
0.25
0.25
0.25
0.25
0.25
0.25
0.25
0.25
0.25
0.25
0.25
0.25
0.25
0.25
0.25
0.25
0.25
0.25
0.25
0.25
0.25
0.25
0.25
0.25
0.25
0.25
0.25
0.25
0.25
0.25
0.25
0.25
0.25
0.25
0.25
0.25
0.25
0.25
0.25
0.25
0.25
0.25
0.25
0.25
0.25
0.25
0.25
0.25
0.25
0.25
0.25
0.25
0.25
0.25
0.25
0.25
0.25
0.25
0.25
0.25
0.25
0.25
0.25
0.25
0.25
0.25
0.25
0.25
0.25
0.25
0.25
0.25
0.25
0.25
0.25
0.25
0.25
0.25
0.25
0.25
0.25
0.25
0.25
0.25
0.25
0.25
0.25
0.25
0.25
0.25
0.25
0.25
0.25
0.25
0.25
0.25
0.25
0.25
0.25
0.25
0.25
0.25
0.25
0.25
0.25
0.25
0.25
0.25
0.25
0.25
0.25
0.25
0.25
0.25
0.25
0.25
0.25
0.25
0.25
0.25
2.2956453
2.2947826
2.2927972
2.2907114
2.2910667
2.2917496
2.2938107
2.2906157
2.2958158
2.294939
2.293008
2.2909591
2.2913938
2.2921395
2.2942816
2.2911259
2.2962294
2.2953818
2.2934959
2.291518
2.2921049
2.2929367
2.2952392
2.2921027
2.296957
2.2961565
2.2943531
2.2924587
2.2931747
2.2940515
2.2965104
2.2933569
2.2978208
2.2970588
2.2953215
2.2935209
2.2943798
2.2953483
2.2980205
2.2948522
2.2986716
2.2979566
2.2963053
2.2946163
2.2956264
2.2967166
2.2995715
2.2963727
2.2994375
2.2987575
2.2971724
2.295557
2.2966463
2.2977935
2.3007534
2.297512
2.2999366
2.2992596
2.2976963
2.2960938
2.2972219
2.2984085
2.3014392
2.2981696
2.3001614
2.2995019
2.2979455
2.2963532
2.2974905
2.2987
2.3017669
2.2985025
2.300644
2.2999863
2.2984579
2.2968836
2.2980665
2.2993287
2.3024719
2.2991757
2.3014319
2.3007943
2.2993177
2.2977968
2.2990766
2.3004313
2.3036728
2.3003075
2.3025195
2.3019125
2.3005034
2.2990202
2.3003776
2.3017907
2.3051024
2.3016111
2.3037322
2.3031394
2.3017625
2.3002746
2.3016947
2.3031646
2.3065411
2.3029128
2.3048225
2.3042384
2.302887
2.3014031
2.3029066
2.3044315
2.3078424
2.3040797
2.3057232
2.3051577
2.3038351
2.3023528
2.3038966
2.3054157
2.3088051
2.3049331
2.3062996
2.3057345
2.304411
2.3029064
2.3044566
2.3059553
2.3093275
2.3054008
2.3076914
2.3069107
2.3050003
2.3028016
2.3032104
2.3034628
2.3058621
2.3021737
2.308168
2.307362
2.3054487
2.3032398
2.3036437
2.3038959
2.3063665
2.3026637
2.308946
2.3081085
2.3061822
2.3039464
2.3043367
2.3046065
2.3072006
2.3034862
2.309912
2.3090395
2.3071053
2.3048316
2.3052245
2.3055549
2.3083304
2.304612
2.3110167
2.3101237
2.3081942
2.3058769
2.3062806
2.3066773
2.3096225
2.3058784
2.3121093
2.3111976
2.3092583
2.3068707
2.3072702
2.3077151
2.3108
2.3070221
2.3129361
2.3120114
2.3100621
2.3076216
2.3080394
2.3085456
2.3117559
2.3079611
2.313432
2.312502
2.3105507
2.3080868
2.3085319
2.3090859
2.3123715
2.3085607
1.5996192
1.6000162
1.6002082
1.6000217
1.600078
1.5999688
1.6000946
1.5998108
1.5998994
1.5999357
1.6002373
1.600013
1.6000888
1.599961
1.6001001
1.5998437
1.6003304
1.5998472
1.6002672
1.6000088
1.6000979
1.5999578
1.6000936
1.5999172
1.6007933
1.5998183
1.6002767
1.6000188
1.6000971
1.5999676
1.6000688
1.6
1.6011036
1.5998863
1.6002568
1.6000453
1.6000838
1.5999911
1.6000299
1.600055
1.6011421
1.6000182
1.60022
1.6000796
1.6000638
1.6000208
1.599988
1.6000823
1.6009319
1.6001578
1.6001816
1.6001121
1.6000437
1.6000483
1.5999525
1.6000975
1.6006919
1.6002519
1.6001559
1.6001332
1.6000303
1.6000658
1.599931
1.6001044
1.6005417
1.6002999
1.6001428
1.600144
1.6000235
1.6000746
1.5999207
1.6001072
1.6001849
1.6003973
1.6001167
1.6001654
1.6000099
1.6000919
1.5999011
1.6001097
1.5994579
1.6005498
1.6000771
1.6001993
1.5999891
1.600118
1.5998743
1.6001043
1.5984312
1.6006973
1.6000419
1.6002335
1.5999702
1.6001414
1.5998561
1.6000763
1.5975113
1.6007588
1.6000348
1.6002517
1.5999658
1.6001476
1.5998653
1.6000078
1.597036
1.6007109
1.6000602
1.6002488
1.5999789
1.6001332
1.5999025
1.5999075
1.5969535
1.6006074
1.6000993
1.6002344
1.5999996
1.6001102
1.5999473
1.5998133
1.5970185
1.6005235
1.6001287
1.6002219
1.6000153
1.6000929
1.5999783
1.5997553
2.1829548
1.9916799
1.6936782
1.6009005
1.6030092
1.5986699
1.6027023
1.595843
2.1993835
2.0165693
1.7078923
1.6009119
1.6035609
1.5982491
1.6030914
1.5957835
2.2222321
2.0553961
1.733315
1.6013143
1.6044587
1.5975916
1.603607
1.5960207
2.2441823
2.0994241
1.7679386
1.6027341
1.6054606
1.5969141
1.6039633
1.5968681
2.2608426
2.13999
1.806926
1.6056582
1.6062567
1.5964576
1.6039684
1.5981468
2.2715391
2.1716577
1.8437012
1.6098465
1.6066688
1.5963253
1.6036537
1.5994007
2.2775807
2.1928048
1.8723626
1.6141846
1.6067542
1.5964257
1.6032147
1.6003444
2.2804342
2.204011
1.8892237
1.6172186
1.6067069
1.5965687
1.6028822
1.6008762
1.6000001
1.6
1.6
1.6
1.6
1.6
1.6
1.6
1.6000001
1.6
1.6
1.6
1.6
1.6
1.6
1.6
1.6000001
1.6
1.6
1.6
1.6
1.6
1.6
1.6
1.6000001
1.6
1.6
1.6
1.6
1.6
1.6
1.6
1.6
1.6
1.6
1.6
1.6
1.6
1.6
1.6
1.5999999
1.6000001
1.6
1.6
1.6
1.6
1.6
1.6
1.5999998
1.6000001
1.6
1.6
1.6
1.6
1.6
1.6
1.5999998
1.6000001
1.6
1.6
1.6
1.6
1.6
1.6
1.5999998
1.6000001
1.6
1.6
1.6
1.6
1.6
1.6
1.5999998
1.6000001
1.6
1.6
1.6
1.6
1.6
1.6
1.5999998
1.6000001
1.6
1.6
1.6
1.6
1.6
1.6
1.5999998
1.6
1.6
1.6
1.6
1.6
1.6
1.6
1.5999999
1.6
1.6
1.6
1.6
1.6
1.6
1.6
1.5999999
1.6
1.6
1.6
1.6
1.6
1.6
1.6
1.5999999
1.6
1.6
1.6
1.6
1.6
1.6
1.6
1.5999999
1.6
1.6
1.6
1.6
1.6
1.6
1.6
1.6000002
1.5999998
1.6000002
1.6
1.6000001
1.6
1.6000001
1.5999999
1.6000005
1.5999997
1.6000003
1.6
1.6000001
1.6
1.6000001
1.6
1.600001
1.5999997
1.6000003
1.6
1.6000001
1.6
1.6000001
1.6
1.6000015
1.5999998
1.6000002
1.6000001
1.6000001
1.6
1.6000001
1.6
1.6000019
1.5999999
1.6000002
1.6000001
1.6000001
1.6
1.6
1.6000001
1.600002
1.6
1.6000002
1.6000001
1.6000001
1.6
1.6
1.6000001
1.6000018
1.6000002
1.6000001
1.6000001
1.6000001
1.6000001
1.5999999
1.6000001
1.6000016
1.6000003
1.6000001
1.6000002
1.6000001
1.6000001
1.5999999
1.6000001
2.3064222
2.3062246
2.3051136
2.3040192
2.3046971
2.3055904
2.3076725
2.3050774
2.3060114
2.3058426
2.3048233
2.3036879
2.3045178
2.3054854
2.3073722
2.3044717
2.3058506
2.3056111
2.3045716
2.3034252
2.3042399
2.3052363
2.3072508
2.3044201
2.3056983
2.3054226
2.3042796
2.3030194
2.303844
2.3048279
2.3069491
2.3040299
2.3059735
2.3056095
2.3043887
2.3030099
2.3037775
2.3046749
2.3068325
2.3038227
2.306424
2.3060454
2.3047504
2.3032686
2.3040097
2.3048412
2.3070517
2.3039226
2.3069421
2.3065202
2.3052033
2.3036742
2.3044001
2.3051966
2.3074622
2.3042961
2.3072952
2.3068372
2.3054978
2.3039326
2.3046668
2.3054569
2.3077733
2.3045182
2.5407675
2.5319253
2.511884
2.2934595
1.7975014
1.6067725
1.6069059
1.5948646
2.3289337
2.3142215
2.273271
2.1631676
1.8562742
1.6211424
1.6084609
1.5992639
2.2529398
2.2482101
2.2315485
2.2024332
1.9625942
1.6535153
1.6081469
1.6033552
2.2511897
2.2510129
2.2365471
2.2211139
2.066305
1.7170246
1.6088282
1.6084412
2.2517285
2.2525244
2.2406775
2.2381762
2.1506274
1.8051146
1.6208109
1.6113341
2.2568655
2.2558832
2.2481848
2.2420583
2.2000822
1.8968617
1.6477837
1.6163141
2.261984
2.2580092
2.2499863
2.248006
2.2280619
1.9690827
1.681799
1.623251
2.2613946
2.2560101
2.2552085
2.2476865
2.2364972
2.0103223
1.707375
1.6295284
2.26384
2.25912
2.2557872
2.2511671
2.2407466
2.0298367
1.7207262
1.6350599
2.2664759
2.2612588
2.2597378
2.2546421
2.2480568
2.0672098
1.7519254
1.6449267
2.2678952
2.2638819
2.2630526
2.2590303
2.2557462
2.1221614
1.8088443
1.6689504
2.2705503
2.2671231
2.2679351
2.2641455
2.261199
2.1774556
1.8872996
1.7114369
2.2729836
2.2716253
2.272148
2.2687322
2.265206
2.2198046
1.9727711
1.7716367
2.2760732
2.2757478
2.2758404
2.2724397
2.2686559
2.245957
2.0475013
1.8380103
2.2784172
2.2790431
2.2782471
2.2749838
2.2715126
2.2597092
2.1002996
1.8946207
2.2796507
2.2809295
2.2795704
2.2762687
2.273363
2.2656552
2.1287226
1.9292829
2.2839851
2.2824112
2.2788529
2.2746121
2.2709795
2.2663677
2.2674316
2.2651087
2.2834063
2.2821497
2.2786336
2.274874
2.2718789
2.2686049
2.2701583
2.2676496
2.2838912
2.2825995
2.2795563
2.2763009
2.273336
2.2714823
2.2739466
2.2703401
2.2848204
2.2836814
2.2810814
2.2781388
2.2755033
2.275433
2.2778017
2.2729803
2.2861682
2.2851635
2.2831308
2.2802774
2.2782742
2.2795258
2.280796
2.2754517
2.2874483
2.2866438
2.2849338
2.2818927
2.2808321
2.2827616
2.2828957
2.2780112
2.2883153
2.2876078
2.2860988
2.2830444
2.2830176
2.285016
2.2846962
2.280219
2.2888588
2.2882335
2.2868008
2.2837528
2.2842572
2.2859997
2.2855049
2.2811657
2.2963633
2.29551
2.2929924
2.290027
2.288972
2.288289
2.2890531
2.285609
2.2961434
2.2953083
2.2928627
2.2899291
2.2889096
2.2881674
2.2886016
2.2850327
2.2963248
2.2953598
2.2928816
2.2899932
2.2890334
2.2883749
2.2890314
2.285507
2.2962147
2.2952705
2.2928656
2.2901196
2.289377
2.2890116
2.2899767
2.2864934
2.2959159
2.2949491
2.2927196
2.2902521
2.2898639
2.2898456
2.2911819
2.2877658
2.2956153
2.2947207
2.292623
2.2903547
2.290335
2.2906939
2.2923501
2.2890113
2.2955656
2.2946678
2.2926637
2.2905241
2.2907085
2.2912441
2.2931109
2.2898452
2.2956415
2.294725
2.2927329
2.2906202
2.2909317
2.2915931
2.2935617
2.2903435
2.3035364
2.3030704
2.3014252
2.2997771
2.2996158
2.2994274
2.3008128
2.2979652
2.3032413
2.3028145
2.3012994
2.299585
2.2995512
2.2995185
2.3007074
2.2975195
2.3031099
2.3026735
2.3012671
2.2996256
2.2995709
2.299632
2.3009764
2.2978068
2.3026451
2.3022434
2.3008707
2.2992209
2.2992799
2.2995395
2.3010675
2.2977906
2.3023656
2.3019142
2.3005286
2.298758
2.298841
2.2992463
2.3009054
2.2975508
2.3023849
2.3019217
2.3004449
2.2985204
2.298619
2.2990493
2.3007643
2.2973083
2.3026883
2.3021772
2.3006317
2.2986013
2.2987247
2.2991238
2.3008252
2.2973121
2.3029491
2.3024054
2.3008157
2.2987155
2.2988506
2.2992431
2.3009553
2.2973597
0.25
0.25
0.25
0.25
0.25
0.25
0.25
0.25
0.25
0.25
0.25
0.25
0.25
0.25
0.25
0.25
0.25
0.25
0.25
0.25
0.25
0.25
0.25
0.25
0.25
0.25
0.25
0.25
0.25
0.25
0.25
0.25
0.25
0.25
0.25
0.25
0.25
0.25
0.25
0.25
0.25
0.25
0.25
0.25
0.25
0.25
0.25
0.25
0.25
0.25
0.25
0.25
0.25
0.25
0.25
0.25
0.24999999
0.25
0.25
0.25
0.25
0.25
0.25
0.25
0.25000001
0.25
0.25
0.25
0.25
0.25
0.25
0.25
0.25
0.25
0.25
0.25
0.25
0.25
0.25
0.25
0.25
0.25
0.25
0.25
0.25
0.25
0.25
0.25
0.25
0.25
0.25
0.25
0.25
0.25
0.25
0.25
0.25
0.25
0.25
0.25
0.25
0.25
0.25
0.25
0.25
0.25
0.25
0.25
0.25
0.25
0.25
0.25
0.25
0.25000001
0.25000001
0.25000001
0.25
0.25
0.25
0.25
0.25
0.25000003
0.25000001
0.25000001
0.25
0.25000001
0.25
0.25
0.25000009
0.24999998
0.25000001
0.24999999
0.25
0.24999999
0.25
0.24999999
0.24999994
0.25000002
0.24999999
0.25000001
0.25
0.25
0.25
0.25
0.25000004
0.25
0.25000001
0.25
0.25
0.25
0.25
0.25
0.24999996
0.25000001
0.25
0.25
0.25
0.25
0.25
0.25
0.25000004
0.25000001
0.25000001
0.25
0.25
0.25
0.25
0.25
0.24999994
0.25000004
0.25000002
0.25000002
0.25000001
0.25000001
0.25
0.24999999
0.25000029
0.25000011
0.2500001
0.25000004
0.25000004
0.25000001
0.25000001
0.25
0.24999945
0.25000031
0.25000016
0.25000013
0.25000004
0.25000004
0.25
0.24999993
1.599999
1.6000006
1.6000001
1.6000002
1.6
1.6000001
1.6
1.5999999
1.5999984
1.6000005
1.6000003
1.6000001
1.6000001
1.6
1.6000001
1.5999996
1.5999996
1.6
1.6000005
1.6000001
1.6000002
1.5999999
1.6000002
1.5999996
1.6000007
1.5999996
1.6000006
1.6000001
1.6000002
1.5999999
1.6000002
1.5999999
1.600001
1.5999996
1.6000006
1.6000002
1.6000002
1.6
1.6000001
1.6000001
1.6000027
1.5999998
1.6000005
1.6000003
1.6000002
1.6000001
1.6
1.6000001
1.6000039
1.6000004
1.6000004
1.6000004
1.6000001
1.6000002
1.5999999
1.6000001
1.6000035
1.6000008
1.6000003
1.6000005
1.6000001
1.6000002
1.5999998
1.6000002
1.6000027
1.6000011
1.6000002
1.6000006
1.6000001
1.6000003
1.5999997
1.6000003
1.6000001
1.6000018
1.6
1.6000007
1.6
1.6000004
1.5999996
1.6000003
1.5999949
1.6000027
1.5999999
1.6000008
1.5999999
1.6000005
1.5999995
1.6000002
1.5999917
1.6000027
1.6
1.6000008
1.6
1.6000004
1.5999998
1.5999995
1.5999937
1.6000015
1.6000006
1.6000006
1.6000003
1.6000001
1.6000003
1.5999987
1.5999969
1.6000003
1.6000011
1.6000004
1.6000005
1.5999999
1.6000006
1.5999986
1.599999
1.5999995
1.6000013
1.6000003
1.6000007
1.5999998
1.6000007
1.5999991
1.6000001
1.5999991
1.6000014
1.6000003
1.6000007
1.5999998
1.6000006
1.5999994
1.5999734
1.6000029
1.6000064
1.6000026
1.6000031
1.5999993
1.6000036
1.5999901
1.5999901
1.5999985
1.6000081
1.600002
1.600004
1.5999987
1.6000044
1.599991
1.6000145
1.599994
1.6000097
1.6000017
1.6000047
1.5999983
1.6000043
1.5999953
1.6000388
1.5999937
1.6000099
1.6000022
1.6000048
1.5999989
1.600003
1.6000002
1.6000634
1.5999996
1.6000086
1.6000035
1.6000043
1.6000001
1.6000011
1.6000021
1.6000752
1.6000105
1.6000065
1.6000052
1.6000033
1.6000018
1.5999989
1.6000031
1.6000536
1.6000231
1.600004
1.6000073
1.600002
1.6000036
1.5999965
1.6000047
1.600021
1.6000321
1.6000021
1.6000087
1.6000009
1.600005
1.5999949
1.6000058
1.6000133
1.6000607
1.6000101
1.600023
1.600001
1.6000091
1.5999935
1.600002
1.5999397
1.6000885
1.6000148
1.600025
1.6000032
1.600011
1.5999926
1.6
1.5996584
1.60012
1.600016
1.6000317
1.6000026
1.6000145
1.5999916
1.5999935
1.5996702
1.6000327
1.6000524
1.6000196
1.6000195
1.599998
1.6000195
1.5999433
1.6000754
1.5999222
1.6000885
1.6000075
1.6000362
1.5999844
1.600035
1.5999522
1.6004414
1.5999194
1.600089
1.6000145
1.6000364
1.5999897
1.600022
1.6000048
1.6005922
1.5999827
1.6000712
1.6000289
1.6000287
1.6000023
1.6000029
1.6000289
1.6006258
1.6000438
1.6000555
1.6000401
1.6000222
1.6000121
1.5999904
1.600035
1.6005974
1.6000785
1.6000478
1.6000459
1.6000187
1.6000167
1.5999848
1.6000363
1.6005203
1.6001562
1.6000321
1.6000579
1.6000116
1.6000271
1.5999729
1.6000382
1.6001677
1.6002964
1.6000052
1.6000794
1.5999984
1.6000447
1.5999551
1.6000364
1.5994666
1.6004418
1.599987
1.6000996
1.5999873
1.6000595
1.5999455
1.6000161
1.5988873
1.6004653
1.6000132
1.6000977
1.5999959
1.6000515
1.5999708
1.5999459
1.5989019
1.6003258
1.6000859
1.6000694
1.600027
1.6000186
1.6000277
1.5998481
1.5992254
1.6001585
1.6001548
1.6000414
1.6000565
1.5999886
1.6000717
1.5998006
1.599492
1.6000576
1.6001936
1.6000265
1.6000724
1.5999739
1.6000898
1.5998014
1.6172135
1.6045394
1.5998827
1.601648
1.5998913
1.6005257
1.5996647
1.5994442
1.6234506
1.6059727
1.5999224
1.6016288
1.6000053
1.6004253
1.5998624
1.5991691
1.6368759
1.609137
1.6000972
1.6015538
1.6002143
1.600241
1.6001654
1.598932
1.6634919
1.6156384
1.6005553
1.6014106
1.6004874
1.6000476
1.6003994
1.5991698
1.704509
1.6279701
1.6013022
1.6013478
1.6006625
1.6000084
1.600371
1.5997815
1.7541504
1.6465699
1.6024381
1.6014407
1.6006712
1.6001491
1.6001424
1.6002403
1.7998899
1.6672597
1.6039394
1.6016296
1.6005703
1.6003623
1.599886
1.6004278
1.8297933
1.6824298
1.6052955
1.6017584
1.6004946
1.6005008
1.5997461
1.6004375
0.25
0.25
0.25
0.25
0.25
0.25
0.25
0.25
0.25
0.25
0.25
0.25
0.25
0.25
0.25
0.25
0.25
0.25
0.25
0.25
0.25
0.25
0.25
0.25
0.25
0.25
0.25
0.25
0.25
0.25
0.25
0.25
0.25
0.25
0.25
0.25
0.25
0.25
0.25
0.25
0.25
0.25
0.25
0.25
0.25
0.25
0.25
0.25
0.25
0.25
0.25
0.25
0.25
0.25
0.25
0.25
0.25
0.25
0.25
0.25
0.25
0.25
0.25
0.25
0.25
0.25
0.25
0.25
0.25
0.25
0.25
0.25
0.25
0.25
0.25
0.25
0.25
0.25
0.25
0.25
0.25
0.25
0.25
0.25
0.25
0.25
0.25
0.25
0.25
0.25
0.25
0.25
0.25
0.25
0.25
0.25
0.25
0.25
0.25
0.25
0.25
0.25
0.25
0.25
0.25
0.25
0.25
0.25
0.25
0.25
0.25
0.25
0.25
0.25
0.25
0.25
0.25
0.25
0.25
0.25
0.25
0.25
0.25
0.25
0.25
0.25
0.25
0.25
0.25
0.25
0.25
0.25
0.25
0.25
0.25
0.25
0.25
0.25
0.25
0.25
0.25
0.25
0.25
0.25
0.25
0.25
0.25
0.25
0.25
0.25
0.25
0.25
0.25
0.25
0.25
0.25
0.25
0.25
0.25
0.25
0.25
0.25
0.25
0.25
0.25
0.25
0.25
0.25
0.25
0.25
0.25
0.25
0.25
0.25
0.25
0.25
0.25
0.25
0.25
0.25
0.25
0.25
0.25
0.25
0.25
0.25
0.25
0.25
0.25
0.25
0.25
0.25
1.6
1.6
1.6
1.6
1.6
1.6
1.6
1.6
1.6
1.6
1.6
1.6
1.6
1.6
1.6
1.6
1.6
1.6
1.6
1.6
1.6
1.6
1.6
1.6
1.6
1.6
1.6
1.6
1.6
1.6
1.6
1.6
1.6
1.6
1.6
1.6
1.6
1.6
1.6
1.6
1.6
1.6
1.6
1.6
1.6
1.6
1.6
1.6
1.6
1.6
1.6
1.6
1.6
1.6
1.6
1.6
1.6
1.6
1.6
1.6
1.6
1.6
1.6
1.6
1.6
1.6
1.6
1.6
1.6
1.6
1.6
1.6
1.6
1.6
1.6
1.6
1.6
1.6
1.6
1.6
1.6
1.6
1.6
1.6
1.6
1.6
1.6
1.6
1.6
1.6
1.6
1.6
1.6
1.6
1.6
1.6
1.6
1.6
1.6
1.6
1.6
1.6
1.6
1.6
1.6
1.6
1.6
1.6
1.6
1.6
1.6
1.6
1.6
1.6
1.6
1.6
1.6
1.6
1.6
1.6
1.6
1.6
1.6
1.6
1.6
1.6
1.6
1.6
1.6
1.6
1.6
1.6
1.6
1.6
1.6
1.6
1.6
1.6
1.6
1.6
1.6
1.6
1.6
1.6
1.6
1.6
1.6
1.6
1.6
1.6
1.6
1.6
1.6
1.6
1.6
1.6
1.6
1.6
1.6
1.6
1.6
1.6
1.6
1.6
1.6
1.6
1.6
1.6
1.6
1.6
1.6
1.6
1.6
1.6
1.6
1.6
1.6
1.6
1.6
1.6
1.6
1.6
1.6
1.6
1.6
1.6
1.6
1.6
1.6
1.6
1.6
1.6
1.6
1.6
1.6
1.6
1.6
1.6
1.6
1.6
1.6
1.6
1.6
1.6
1.6
1.6
1.6
1.6
1.6
1.6
1.6
1.6
1.6
1.6
1.6
1.6
1.6
1.6
1.6
1.6
1.6
1.6
1.6
1.6
1.6
1.6
1.6
1.6
1.6
1.6
1.6
1.6
1.6
1.6
1.6
1.6
1.6
1.6
1.6
1.6
1.5999999
1.6
1.6
1.6
1.6
1.6
1.6
1.6
1.5999999
1.6
1.6
1.6
1.6
1.6
1.6
1.6
1.5999999
1.6
1.6
1.6
1.6
1.6
1.6
1.6
1.5999999
1.6
1.6
1.6
1.6
1.6
1.6
1.6
1.5999999
1.6
1.6
1.6
1.6
1.6
1.6
1.6
1.6
1.6
1.6
1.6
1.6
1.6
1.6
1.6
1.6
1.6
1.6
1.6
1.6
1.6
1.6
1.6
1.6
1.6
1.6
1.6
1.6
1.6
1.6
1.6
1.6
1.6
1.6
1.6
1.6
1.6
1.6
1.6
1.6000001
1.6
1.6
1.6
1.6
1.6
1.6
1.6
1.6000001
1.5999999
1.6000001
1.6
1.6
1.6
1.6
1.6
1.6000001
1.5999999
1.6000001
1.6
1.6
1.6
1.6
1.6
1.6000003
1.5999999
1.6000001
1.6
1.6
1.6
1.6
1.6
1.6000006
1.6
1.6000001
1.6
1.6
1.6
1.6
1.6
1.6000006
1.6000001
1.6000001
1.6000001
1.6
1.6
1.6
1.6
1.6000001
1.6000003
1.6
1.6000001
1.6
1.6000001
1.5999999
1.6000001
1.5999994
1.6000004
1.6
1.6000001
1.6
1.6000001
1.5999999
1.6000001
1.5999991
1.6000004
1.6
1.6000001
1.6
1.6000001
1.5999999
1.6
2.3074151
2.3070003
2.3056324
2.3040624
2.304798
2.3055806
2.3079369
2.3047293
2.3077777
2.3073237
2.3059594
2.3043511
2.3050933
2.3058792
2.3082788
2.3050224
2.3083621
2.3078898
2.3064957
2.3048507
2.3055983
2.3063881
2.3088896
2.3055851
2.3091914
2.3086873
2.3072561
2.3055494
2.3063159
2.3071293
2.3097612
2.3063952
2.3101672
2.3096311
2.3081635
2.3063971
2.3071891
2.3080421
2.3108109
2.3073658
2.3111516
2.3105823
2.3090754
2.3072441
2.3080623
2.3089484
2.3118252
2.3082945
2.3119707
2.3113775
2.3098388
2.3079552
2.3087956
2.3097123
2.3126674
2.3090657
2.3124771
2.3118627
2.3103117
2.3084021
2.3092681
2.3102011
2.3132001
2.3095457
2.3127183
2.3121085
2.3105457
2.3086274
2.3095018
2.3104462
2.3134656
2.3098039
2.3132525
2.3126241
2.3110477
2.3090987
2.3099959
2.3109584
2.3140209
2.3103087
2.3141804
2.3135281
2.3119216
2.3099247
2.3108517
2.3118295
2.3149444
2.3111542
2.3153843
2.3146996
2.3130491
2.3109805
2.3119365
2.3129186
2.3160906
2.3122033
2.3166701
2.3159527
2.3142597
2.312127
2.3131297
2.3141245
2.3173665
2.3133889
2.3179039
2.3171592
2.3154319
2.3132501
2.3143043
2.3153073
2.3186129
2.3145557
2.318883
2.3181138
2.3163542
2.3141279
2.3152123
2.3162084
2.3195586
2.3154401
2.3194669
2.318681
2.3168996
2.3146467
2.3157501
2.3167422
2.3201211
2.3159679
2.3197504
2.3189562
2.3171645
2.3148989
2.3160114
2.3170026
2.3203978
2.3162306
2.3203245
2.3195169
2.3177067
2.3154171
2.3165494
2.3175393
2.3209694
2.3167729
2.3212751
2.3204492
2.3186186
2.3163042
2.3174795
2.318471
2.3219587
2.3177137
2.3224712
2.3216271
2.3197764
2.3174345
2.3186589
2.3196454
2.3232015
2.3188937
2.323662
2.3227948
2.3209197
2.3185492
2.3198253
2.3208129
2.3244531
2.3200879
2.3247114
2.3238238
2.3219292
2.3195402
2.3208746
2.3218804
2.3256129
2.321202
2.3255519
2.3246538
2.3227501
2.3203483
2.3217212
2.3227288
2.3265187
2.3220611
2.3260556
2.325153
2.3232445
2.320834
2.3222245
2.3232258
2.3270417
2.3225509
2.3262919
2.3253871
2.3234763
2.3210607
2.322459
2.3234574
2.3272862
2.322779
2.3267535
2.3258445
2.3239284
2.3215028
2.3229164
2.3239076
2.3277606
2.3232206
2.3274621
2.3265442
2.3246152
2.3221708
2.3236073
2.3245852
2.3284719
2.323877
2.3283059
2.3273742
2.3254161
2.3229326
2.3243764
2.3253195
2.3292255
2.3245606
2.3291953
2.3282411
2.3262208
2.3236477
2.3250335
2.3258865
2.3297672
2.3250261
2.3298418
2.3288618
2.3267687
2.3240929
2.3253975
2.3261631
2.3300159
2.3252282
2.3301154
2.3291198
2.3269849
2.3242536
2.3255162
2.3262446
2.3300911
2.3252896
2.3301795
2.3291788
2.3270317
2.3242851
2.3255372
2.3262576
2.3301032
2.3252992
2.2807426
2.281714
2.2801795
2.2769165
2.2742292
2.268138
2.1415938
1.9459748
2.2819713
2.2834143
2.281295
2.2782749
2.2760775
2.2723546
2.1658382
1.9800721
2.2842342
2.2858983
2.2830828
2.2802188
2.2790489
2.2774325
2.1999913
2.0340812
2.2869158
2.2884409
2.2847916
2.2824202
2.2824653
2.2816994
2.2328527
2.0956539
2.2894837
2.2903552
2.2863867
2.2845608
2.2855119
2.2848549
2.2573674
2.1512534
2.2916496
2.2917179
2.2877709
2.2863376
2.2877715
2.2872015
2.2725008
2.1925388
2.2931807
2.2926031
2.2888398
2.287671
2.2892497
2.2888266
2.2806951
2.218267
2.2939478
2.2930006
2.2895145
2.2884316
2.2899995
2.2897902
2.284426
2.2311091
2.2943729
2.2932681
2.2898333
2.2887652
2.2903861
2.290229
2.2859743
2.2366526
2.2950433
2.293672
2.2905187
2.2894825
2.2910647
2.2911218
2.2887407
2.2468352
2.2960488
2.2943407
2.2916115
2.2906002
2.2921215
2.2925538
2.2922923
2.2604129
2.2970353
2.2951355
2.2929653
2.2918647
2.2933275
2.2942597
2.2955308
2.2728436
2.2977842
2.2959854
2.294297
2.2930793
2.2945208
2.2959433
2.2980643
2.281937
2.2983407
2.2967751
2.2954265
2.2940899
2.2955485
2.2973677
2.2998944
2.2877312
2.2987702
2.2974005
2.2962439
2.294812
2.2963191
2.2983936
2.3011002
2.2910704
2.2990526
2.2977706
2.2966897
2.2952225
2.2967643
2.2989622
2.3017571
2.29268
2.2966829
2.2960166
2.2939556
2.2936051
2.2947038
2.2940856
2.2981114
2.2959251
2.2973306
2.2965824
2.2946611
2.2944084
2.2952265
2.294856
2.2990702
2.2967231
2.2983858
2.2975316
2.29584
2.2956536
2.2960186
2.2960974
2.3005263
2.2978971
2.2995838
2.2986476
2.2973029
2.297033
2.2970023
2.2977012
2.3022043
2.2991483
2.3007869
2.2998662
2.2988808
2.2983425
2.2980321
2.2993144
2.3037185
2.3002216
2.3018794
2.3010157
2.3002721
2.2993468
2.2989359
2.3006771
2.3049093
2.3009974
2.3026817
2.3018763
2.3012546
2.3000009
2.2996217
2.3016461
2.3057188
2.3014435
2.303123
2.3023646
2.3017999
2.3003509
2.3000215
2.302182
2.3061401
2.3016716
2.299167
2.2979342
2.2969141
2.2954163
2.2969712
2.299233
2.3020458
2.2933914
2.2994413
2.2982914
2.2973242
2.2957961
2.2973949
2.2997562
2.3026264
2.2946725
2.2998611
2.2988627
2.2979694
2.296385
2.2980541
2.3005552
2.3034882
2.2964317
2.3003683
2.299542
2.298682
2.2970531
2.2988149
2.301444
2.3044343
2.2981406
2.3008699
2.300197
2.2993391
2.2976797
2.2995435
2.3022603
2.3052919
2.2995216
2.3013204
2.3007329
2.2998611
2.2981904
2.300144
2.3029022
2.3059632
2.3005045
2.301653
2.3011004
2.3002208
2.2985477
2.3005627
2.3033366
2.3064147
2.301129
2.3018404
2.3013068
2.3004133
2.2987386
2.300791
2.3035688
2.3066544
2.3014525
2.3019353
2.3013975
2.3004979
2.2988265
2.3008961
2.3036744
2.3067653
2.3015958
2.3020972
2.3015705
2.300662
2.2989956
2.3010966
2.3038748
2.3069716
2.3018686
2.30235
2.3018253
2.3008989
2.2992396
2.3013874
2.3041626
2.3072686
2.3022535
2.3026149
2.3020922
2.301141
2.2994897
2.3016816
2.3044471
2.3075629
2.3026334
2.3028348
2.3023087
2.3013342
2.2996861
2.3019089
2.3046642
2.307788
2.3029234
2.3029625
2.3024338
2.3014441
2.2998016
2.3020457
2.3047936
2.3079215
2.3030947
2.303013
2.302482
2.301486
2.2998484
2.3021033
2.3048484
2.3079774
2.3031653
2.3030211
2.3024901
2.3014944
2.2998585
2.3021161
2.3048604
2.3079893
2.3031807
2.3072605
2.3069963
2.3060502
2.3031758
2.3040724
2.3065793
2.3090743
2.3043072
2.3074904
2.3072355
2.3062466
2.3033288
2.3043019
2.3067692
2.3091857
2.3044622
2.3078332
2.3075894
2.3065309
2.3035571
2.3046363
2.3070366
2.3093534
2.3047054
2.3082066
2.3079635
2.3068242
2.3037928
2.3049798
2.3073021
2.309527
2.3049596
2.308506
2.3082536
2.3070415
2.3039684
2.3052458
2.3075068
2.3096723
2.3051716
2.3086815
2.3084265
2.3071769
2.3040858
2.3054169
2.3076324
2.3097598
2.3052956
2.3087509
2.3084987
2.3072385
2.304144
2.3054948
2.3076861
2.3097952
2.3053449
2.3087692
2.3085184
2.3072563
2.3041598
2.3055133
2.3076978
2.3098013
2.305353
2.3065756
2.3060134
2.3046872
2.3031664
2.304713
2.3062041
2.3095662
2.3056139
2.3071372
2.3065718
2.3052384
2.3036917
2.3052407
2.3067085
2.3100543
2.3060605
2.3080177
2.3074427
2.3060916
2.3045038
2.3060662
2.3075017
2.3108187
2.3067658
2.309078
2.30849
2.307115
2.30547
2.3070268
2.308388
2.3116562
2.3075464
2.3101886
2.3095664
2.3081295
2.30638
2.3078873
2.3091489
2.3123786
2.3082427
2.3110821
2.3104104
2.3088998
2.3070548
2.3085295
2.3097254
2.3129513
2.3088219
2.3116424
2.3109386
2.3093912
2.3075053
2.3089825
2.3101467
2.3133798
2.3092632
2.3119375
2.3112188
2.3096562
2.3077542
2.3092342
2.3103766
2.3136105
2.3095026
2.3120723
2.3113462
2.3097765
2.3078627
2.3093403
2.3104775
2.3137204
2.3096197
2.3123262
2.3115857
2.310003
2.3080772
2.3095598
2.3106803
2.3139287
2.3098401
2.3126837
2.3119225
2.3103221
2.3083765
2.3098654
2.3109688
2.3142375
2.3101729
2.3130191
2.3122449
2.3106427
2.3086963
2.3102039
2.3112914
2.3145796
2.310538
2.3132774
2.3125084
2.3109252
2.3089917
2.3105114
2.3115733
2.3148663
2.3108358
2.3134647
2.3126955
2.3111139
2.3091731
2.310687
2.3117291
2.3150284
2.3110084
2.3135619
2.3127857
2.3111922
2.3092354
2.3107406
2.3117772
2.3150856
2.3110746
2.3135757
2.3127982
2.3112033
2.3092453
2.310751
2.3117882
2.3150999
2.3110916
2.3198421
2.3188305
2.3166964
2.3138021
2.3143845
2.3150985
2.3188548
2.3146984
2.3202507
2.3192228
2.3170565
2.3141167
2.3146885
2.3153896
2.3191546
2.3149759
2.3208545
2.3197962
2.3175749
2.3145617
2.3151138
2.3157945
2.3195731
2.3153661
2.3214738
2.3203706
2.3180776
2.3149756
2.3154993
2.3161589
2.3199564
2.3157305
2.3218749
2.320719
2.3183581
2.3151885
2.3157089
2.3163822
2.3202222
2.3160022
2.3220366
2.3208524
2.3184687
2.3152882
2.3158373
2.3165397
2.3204124
2.3161975
2.3220839
2.320895
2.3185159
2.3153475
2.3159205
2.3166374
2.3205188
2.316301
2.3220906
2.3209009
2.3185232
2.3153573
2.3159342
2.3166526
2.3205349
2.3163161
1.6000007
1.599999
1.6000015
1.6000003
1.6000007
1.5999998
1.6000006
1.5999995
1.6000022
1.5999988
1.6000015
1.6000003
1.6000007
1.5999998
1.6000006
1.5999998
1.6000053
1.5999986
1.6000016
1.6000003
1.6000008
1.5999998
1.6000005
1.6
1.6000098
1.599999
1.6000015
1.6000004
1.6000007
1.5999999
1.6000003
1.6000002
1.6000126
1.6000003
1.6000012
1.6000006
1.6000006
1.6000002
1.6
1.6000005
1.6000098
1.6000023
1.6000007
1.600001
1.6000004
1.6000005
1.5999995
1.6000009
1.6000031
1.6000042
1.6000002
1.6000013
1.6000001
1.6000008
1.5999991
1.6000011
1.5999978
1.6000053
1.6
1.6000015
1.6
1.600001
1.5999989
1.6000012
1.5999951
1.6000059
1.5999998
1.6000016
1.5999999
1.6000011
1.5999988
1.6000012
1.5999897
1.6000068
1.5999997
1.6000018
1.5999998
1.6000012
1.5999987
1.6000011
1.5999822
1.6000079
1.5999995
1.600002
1.5999997
1.6000013
1.5999987
1.6000006
1.5999769
1.6000081
1.5999997
1.6000019
1.5999998
1.6000012
1.599999
1.5999995
1.5999766
1.600007
1.6000003
1.6000017
1.6000001
1.6000009
1.5999997
1.599998
1.5999795
1.6000054
1.6000011
1.6000014
1.6000004
1.6000005
1.6000003
1.5999969
1.5999827
1.600004
1.6000017
1.6000011
1.6000007
1.6000002
1.6000008
1.5999963
1.5999848
1.6000031
1.600002
1.600001
1.6000009
1.6000001
1.600001
1.5999961
1.5999781
1.5999883
1.6000272
1.6000018
1.6000106
1.5999961
1.6000119
1.599979
1.600003
1.5999824
1.600029
1.6000015
1.6000112
1.5999958
1.6000119
1.5999833
1.6000414
1.5999757
1.6000309
1.6000014
1.6000118
1.5999958
1.600011
1.5999905
1.6000843
1.5999729
1.6000314
1.6000023
1.6000117
1.5999966
1.6000091
1.599998
1.6001273
1.5999757
1.6000302
1.6000041
1.600011
1.5999981
1.6000065
1.6000028
1.6001646
1.599983
1.600028
1.6000062
1.6000099
1.5999998
1.6000039
1.6000052
1.6001882
1.5999916
1.6000257
1.6000081
1.6000089
1.6000014
1.6000016
1.6000065
1.6001983
1.5999978
1.6000242
1.6000093
1.6000082
1.6000025
1.6000002
1.6000072
1.5999857
1.6000027
1.6000021
1.6000009
1.6000009
1.6
1.6000011
1.599996
1.5999877
1.600002
1.6000024
1.6000008
1.600001
1.5999999
1.6000013
1.599996
1.5999906
1.6000008
1.6000028
1.6000006
1.6000012
1.5999997
1.6000015
1.5999963
1.5999938
1.5999996
1.6000032
1.6000005
1.6000014
1.5999996
1.6000016
1.5999968
1.5999968
1.5999986
1.6000036
1.6000004
1.6000015
1.5999995
1.6000016
1.5999975
1.5999993
1.5999979
1.6000038
1.6000004
1.6000016
1.5999995
1.6000016
1.599998
1.6000013
1.5999974
1.6000039
1.6000004
1.6000016
1.5999995
1.6000016
1.5999984
1.6000024
1.5999972
1.600004
1.6000003
1.6000016
1.5999995
1.6000016
1.5999986
1.6000029
1.5999971
1.600004
1.6000003
1.6000016
1.5999995
1.6000016
1.5999987
1.600004
1.5999969
1.600004
1.6000003
1.6000017
1.5999995
1.6000016
1.5999988
1.6000056
1.5999967
1.6000041
1.6000003
1.6000017
1.5999995
1.6000015
1.599999
1.6000074
1.5999965
1.6000042
1.6000004
1.6000017
1.5999995
1.6000015
1.5999992
1.6000089
1.5999964
1.6000042
1.6000004
1.6000017
1.5999995
1.6000015
1.5999994
1.6000098
1.5999963
1.6000042
1.6000004
1.6000017
1.5999995
1.6000014
1.5999995
1.6000102
1.5999963
1.6000042
1.6000004
1.6000017
1.5999995
1.6000014
1.5999995
1.6000103
1.5999963
1.6000042
1.6000004
1.6000017
1.5999995
1.6000014
1.5999995
1.599952
1.6000953
1.6000005
1.6000272
1.5999962
1.6000176
1.5999817
1.6000167
1.5999232
1.6001008
1.5999993
1.6000282
1.5999956
1.6000184
1.5999809
1.6000165
1.5998805
1.6001084
1.5999976
1.6000296
1.5999947
1.6000195
1.5999799
1.600016
1.5998366
1.6001156
1.5999962
1.6000308
1.5999939
1.6000204
1.5999791
1.600015
1.5998026
1.6001208
1.5999953
1.6000317
1.5999934
1.600021
1.5999787
1.6000138
1.5997827
1.6001236
1.5999948
1.6000322
1.5999931
1.6000213
1.5999785
1.600013
1.5997745
1.6001248
1.5999946
1.6000324
1.599993
1.6000214
1.5999785
1.6000126
1.5997728
1.600125
1.5999946
1.6000324
1.599993
1.6000215
1.5999785
1.6000125
1.5970736
1.6004794
1.6001437
1.6002153
1.6000233
1.6000841
1.5999935
1.5997284
1.5972341
1.600383
1.6001758
1.6002008
1.6000405
1.6000654
1.600025
1.5996763
1.5976025
1.6002185
1.6002288
1.6001764
1.600069
1.6000348
1.6000741
1.5996053
1.5981843
1.6000206
1.6002902
1.6001478
1.6001024
1.6
1.600126
1.5995494
1.5988692
1.5998386
1.6003447
1.6001227
1.6001326
1.5999701
1.6001667
1.5995305
1.5995041
1.5997048
1.6003835
1.6001052
1.6001545
1.5999496
1.6001909
1.5995442
1.5999771
1.5996241
1.6004065
1.6000954
1.6001678
1.5999381
1.6002023
1.5995696
1.6002434
1.5995854
1.6004173
1.6000909
1.6001743
1.5999328
1.6002065
1.5995884
1.6003664
1.5995691
1.6004219
1.6000891
1.6001771
1.5999307
1.600208
1.599598
1.6006066
1.5995403
1.6004299
1.600086
1.6001821
1.599927
1.6002101
1.599618
1.6009614
1.5995048
1.6004396
1.6000826
1.6001886
1.5999227
1.6002114
1.5996507
1.6013279
1.5994773
1.6004471
1.6000804
1.6001941
1.5999196
1.6002105
1.5996876
1.6016175
1.5994624
1.6004511
1.6000797
1.6001976
1.5999183
1.6002083
1.5997186
1.6017909
1.5994565
1.6004527
1.6000797
1.6001994
1.5999179
1.6002063
1.5997378
1.6018628
1.5994547
1.6004532
1.6000798
1.6002
1.5999178
1.6002054
1.5997459
1.6018784
1.5994544
1.6004533
1.6000799
1.6002001
1.5999178
1.6002052
1.5997476
2.2940406
2.2765587
2.0486018
1.6696608
1.6027391
1.6011968
1.5972762
1.6049456
2.2944058
2.2787991
2.0561253
1.6735663
1.6024153
1.6015636
1.5969239
1.6050621
2.2949252
2.281887
2.0670189
1.6795344
1.6019325
1.6021176
1.5964053
1.6052109
2.2954445
2.2848294
2.0780514
1.6859812
1.6014303
1.6027058
1.5958715
1.6053351
2.2958483
2.2869965
2.0866503
1.6913073
1.6010324
1.6031826
1.5954508
1.6054115
2.2960895
2.2882332
2.0917644
1.6946081
1.6007942
1.6034737
1.5951992
1.6054478
2.2961896
2.288733
2.093878
1.6960025
1.6006955
1.6035956
1.5950949
1.6054607
2.2962113
2.2888399
2.0943343
1.6963059
1.6006742
1.6036221
1.5950724
1.6054633
1.6
1.6
1.6
1.6
1.6
1.6
1.6
1.6
1.6
1.6
1.6
1.6
1.6
1.6
1.6
1.6
1.6
1.6
1.6
1.6
1.6
1.6
1.6
1.6
1.6
1.6
1.6
1.6
1.6
1.6
1.6
1.6
1.6
1.6
1.6
1.6
1.6
1.6
1.6
1.6
1.6
1.6
1.6
1.6
1.6
1.6
1.6
1.6
1.6
1.6
1.6
1.6
1.6
1.6
1.6
1.6
1.6
1.6
1.6
1.6
1.6
1.6
1.6
1.6
1.6
1.6
1.6
1.6
1.6
1.6
1.6
1.6
1.6
1.6
1.6
1.6
1.6
1.6
1.6
1.6
1.6
1.6
1.6
1.6
1.6
1.6
1.6
1.6
1.6
1.6
1.6
1.6
1.6
1.6
1.6
1.6
1.6
1.6
1.6
1.6
1.6
1.6
1.6
1.6
1.6
1.6
1.6
1.6
1.6
1.6
1.6
1.6
1.6
1.6
1.6
1.6
1.6
1.6
1.6
1.6
1.6
1.6
1.6
1.6
1.6
1.6
1.6
1.6
1.6
1.6
1.6
1.6
1.6
1.6
1.6
1.6
1.6
1.6
1.6
1.6
1.6
1.6
1.6
1.6
1.6
1.6
1.6
1.6
1.6
1.6
1.6
1.6
1.6
1.6
1.6
1.6
1.6
1.6
1.6
1.6
1.6
1.6
1.6
1.6
1.6
1.6
1.6
1.6
1.6
1.6
1.6
1.6
1.6
1.6
1.6
1.6
1.6
1.6
1.6
1.6
1.6
1.6
1.6
1.6
1.6
1.6
1.6
1.6
1.6
1.6
1.6
1.6
1.6
1.6
1.6
1.6
1.6
1.6
1.6
1.6
1.6
1.6
1.6
1.6
1.6
1.6
1.6
1.6
1.6
1.6
1.6
1.6
1.6
1.6
1.6
1.6
1.6
1.6
1.6
1.6
1.6
1.6
1.6
1.6
1.6
1.6
1.6
1.6
1.6
1.6
1.6
1.6
1.6
1.6
1.6
1.6
1.6
1.6
1.6
1.6
1.6
1.6
1.6
1.6
1.6
1.6
1.6
1.6
1.6
1.6
1.6
1.6
1.6
1.6
1.6
1.6
1.6
1.6
1.6
1.6
1.6
1.6
1.6
1.6
1.6
1.6
1.6
1.6
1.6
1.6
1.6
1.6
1.6
1.6
1.6
1.6
1.6
1.6
1.6
1.6
1.6
1.6
1.6
1.6
1.6
1.6
1.6
1.6
1.6
1.6
1.6
1.6
1.6
1.6
1.6
1.6
1.6
1.6
1.6
1.6
1.6
1.6
1.6
1.6
1.6
1.6
1.6
1.6
1.6
1.6
1.6
1.6
1.6
1.6
1.6
1.6
1.6
1.6
1.6
1.6
1.6
1.6
1.6
1.6
1.6
1.6
1.6
1.6
1.6
1.6
1.6
1.6
1.6
1.6
1.6
1.6
1.6
1.6
1.6
1.6
1.6
1.6
1.6
1.6
1.6
1.6
1.6
1.6
1.6
1.6
1.6
1.6
1.6
1.6
1.6
1.6
1.6
1.6
1.6
1.6
1.6
1.6
1.6
1.6
1.6
1.6
1.6
1.6
1.6
1.6
1.6
1.6
1.6
1.6
1.6
1.6
1.6
1.6
1.6
1.6
1.6
1.6
1.6
1.6
1.6
1.6
1.6
1.6
1.6
1.6
1.6
1.6
1.6
1.6
1.6
1.6
1.6
1.6
1.6
1.6
1.6
1.6
1.6
1.6
1.6
1.6
1.6
1.6
1.6
1.6
1.6
1.6
1.6
1.6
1.6
1.6
1.6000001
1.6
1.6
1.6
1.6
1.6
1.6
1.6
1.6000001
1.6
1.6
1.6
1.6
1.6
1.6
1.6
1.6000002
1.6
1.6
1.6
1.6
1.6
1.6
1.6
1.6000002
1.6
1.6
1.6
1.6
1.6
1.6
1.6
1.6000002
1.6
1.6
1.6
1.6
1.6
1.6
1.6
1.6000002
1.6
1.6
1.6
1.6
1.6
1.6
1.6
1.6000002
1.6
1.6
1.6
1.6
1.6
1.6
1.6
1.6000002
1.6
1.6
1.6
1.6
1.6
1.6
1.6
1.6000003
1.6
1.6
1.6
1.6
1.6
1.6
1.6
1.6000003
1.6
1.6
1.6
1.6
1.6
1.6
1.6
1.6000003
1.6
1.6
1.6
1.6
1.6
1.6
1.6
1.6000003
1.6
1.6
1.6
1.6
1.6
1.6
1.6
1.5999971
1.6000013
1.5999999
1.6000003
1.6
1.6000002
1.5999998
1.6000001
1.599997
1.6000013
1.5999999
1.6000003
1.6
1.6000002
1.5999998
1.6
1.5999968
1.6000013
1.5999999
1.6000003
1.6
1.6000002
1.5999998
1.6
1.5999967
1.6000013
1.5999999
1.6000003
1.6
1.6000002
1.5999998
1.5999999
1.5999966
1.6000013
1.5999999
1.6000003
1.6
1.6000002
1.5999999
1.5999999
1.5999965
1.6000013
1.6
1.6000003
1.6
1.6000002
1.5999999
1.5999999
1.5999965
1.6000012
1.6
1.6000003
1.6
1.6000002
1.5999999
1.5999999
1.5999965
1.6000012
1.6
1.6000003
1.6
1.6000002
1.5999999
1.5999999
