MFEM mesh v1.0

#
# MFEM Geometry Types (see mesh/geom.hpp):
#
# POINT       = 0
# SEGMENT     = 1
# TRIANGLE    = 2
# SQUARE      = 3
# TETRAHEDRON = 4
# CUBE        = 5
#

dimension
2

elements
12
1 3 0 1 14 13
1 3 1 2 15 14
1 3 2 3 16 15
1 3 3 4 17 16
1 3 4 5 18 17
1 3 5 6 19 18
1 3 6 7 20 19
1 3 7 8 21 20
1 3 8 9 22 21
1 3 9 10 23 22
1 3 10 11 24 23
1 3 11 12 25 24

boundary
26
1 1 0 1
1 1 1 2
1 1 2 3
1 1 3 4
1 1 4 5
1 1 5 6
1 1 6 7
1 1 7 8
1 1 8 9
1 1 9 10
1 1 10 11
1 1 11 12
3 1 14 13
3 1 15 14
3 1 16 15
3 1 17 16
3 1 18 17
3 1 19 18
3 1 20 19
3 1 21 20
3 1 22 21
3 1 23 22
3 1 24 23
3 1 25 24
8 1 13 0
8 1 12 25

vertices
26

nodes
FiniteElementSpace
FiniteElementCollection: H1_2D_P4
VDim: 2
Ordering: 0

0.26
0.27999999
0.29999992
0.31999896
0.33998883
0.35993428
0.37986522
0.40130686
0.42612831
0.45603216
0.49371061
0.53564135
0.57741349
0.26
0.27999999
0.29999992
0.31999896
0.33998883
0.35993428
0.37986522
0.40130686
0.42612831
0.45603216
0.49371061
0.53564135
0.57741349
0.26345346
0.27
0.27654653
0.27999999
0.27999999
0.27999999
0.26345346
0.27
0.27654653
0.26
0.26
0.26
0.28345345
0.28999997
0.29654648
0.29999992
0.29999992
0.29999992
0.28345345
0.28999997
0.29654648
0.30345334
0.30999971
0.31654587
0.31999896
0.31999896
0.31999896
0.30345334
0.30999971
0.31654587
0.32345186
0.3299964
0.33653886
0.33998883
0.33998883
0.33998883
0.32345186
0.3299964
0.33653886
0.34343752
0.3499704
0.35649564
0.35993428
0.35993428
0.35993428
0.34343752
0.3499704
0.35649564
0.36337079
0.36987904
0.37639368
0.37986522
0.37986522
0.37986522
0.36337079
0.36987904
0.37639368
0.3833859
0.39024932
0.39740259
0.40130686
0.40130686
0.40130686
0.3833859
0.39024932
0.39740259
0.40531139
0.41319992
0.42153333
0.42612831
0.42612831
0.42612831
0.40531139
0.41319992
0.42153333
0.43086799
0.44030171
0.45040228
0.45603216
0.45603216
0.45603216
0.43086799
0.44030171
0.45040228
0.46189429
0.47373266
0.48658546
0.49371061
0.49371061
0.49371061
0.46189429
0.47373266
0.48658546
0.5009433
0.51470602
0.52842396
0.53564135
0.53564135
0.53564135
0.5009433
0.51470602
0.52842396
0.54286562
0.55654687
0.57018678
0.57741349
0.57741349
0.57741349
0.54286562
0.55654687
0.57018678
0.26345346
0.27
0.27654653
0.26345346
0.27
0.27654653
0.26345346
0.27
0.27654653
0.28345345
0.28999997
0.29654648
0.28345345
0.28999997
0.29654648
0.28345345
0.28999997
0.29654648
0.30345334
0.30999971
0.31654587
0.30345334
0.30999971
0.31654587
0.30345334
0.30999971
0.31654587
0.32345186
0.3299964
0.33653886
0.32345186
0.3299964
0.33653886
0.32345186
0.3299964
0.33653886
0.34343752
0.3499704
0.35649564
0.34343752
0.3499704
0.35649564
0.34343752
0.3499704
0.35649564
0.36337079
0.36987904
0.37639368
0.36337079
0.36987904
0.37639368
0.36337079
0.36987904
0.37639368
0.3833859
0.39024932
0.39740259
0.3833859
0.39024932
0.39740259
0.3833859
0.39024932
0.39740259
0.40531139
0.41319992
0.42153333
0.40531139
0.41319992
0.42153333
0.40531139
0.41319992
0.42153333
0.43086799
0.44030171
0.45040228
0.43086799
0.44030171
0.45040228
0.43086799
0.44030171
0.45040228
0.46189429
0.47373266
0.48658546
0.46189429
0.47373266
0.48658546
0.46189429
0.47373266
0.48658546
0.5009433
0.51470602
0.52842396
0.5009433
0.51470602
0.52842396
0.5009433
0.51470602
0.52842396
0.54286562
0.55654687
0.57018678
0.54286562
0.55654687
0.57018678
0.54286562
0.55654687
0.57018678
0
0
0
0
0
0
0
0
0
0
0
0
0
0.02
0.02
0.02
0.02
0.02
0.02
0.02
0.02
0.02
0.02
0.02
0.02
0.02
0
0
0
0.0034534633
0.01
0.016546537
0.02
0.02
0.02
0.0034534633
0.01
0.016546537
0
0
0
0.0034534633
0.01
0.016546537
0.02
0.02
0.02
0
0
0
0.0034534633
0.01
0.016546537
0.02
0.02
0.02
0
0
0
0.0034534633
0.01
0.016546537
0.02
0.02
0.02
0
0
0
0.0034534633
0.01
0.016546537
0.02
0.02
0.02
0
0
0
0.0034534633
0.01
0.016546537
0.02
0.02
0.02
0
0
0
0.0034534633
0.01
0.016546537
0.02
0.02
0.02
0
0
0
0.0034534633
0.01
0.016546537
0.02
0.02
0.02
0
0
0
0.0034534633
0.01
0.016546537
0.02
0.02
0.02
0
0
0
0.0034534633
0.01
0.016546537
0.02
0.02
0.02
0
0
0
0.0034534633
0.01
0.016546537
0.02
0.02
0.02
0
0
0
0.0034534633
0.01
0.016546537
0.02
0.02
0.02
0.0034534633
0.0034534633
0.0034534633
0.01
0.01
0.01
0.016546537
0.016546537
0.016546537
0.0034534633
0.0034534633
0.0034534633
0.01
0.01
0.01
0.016546537
0.016546537
0.016546537
0.0034534633
0.0034534633
0.0034534633
0.01
0.01
0.01
0.016546537
0.016546537
0.016546537
0.0034534633
0.0034534633
0.0034534633
0.01
0.01
0.01
0.016546537
0.016546537
0.016546537
0.0034534633
0.0034534633
0.0034534633
0.01
0.01
0.01
0.016546537
0.016546537
0.016546537
0.0034534633
0.0034534633
0.0034534633
0.01
0.01
0.01
0.016546537
0.016546537
0.016546537
0.0034534633
0.0034534633
0.0034534633
0.01
0.01
0.01
0.016546537
0.016546537
0.016546537
0.0034534633
0.0034534633
0.0034534633
0.01
0.01
0.01
0.016546537
0.016546537
0.016546537
0.0034534633
0.0034534633
0.0034534633
0.01
0.01
0.01
0.016546537
0.016546537
0.016546537
0.0034534633
0.0034534633
0.0034534633
0.01
0.01
0.01
0.016546537
0.016546537
0.016546537
0.0034534633
0.0034534633
0.0034534633
0.01
0.01
0.01
0.016546537
0.016546537
0.016546537
0.0034534633
0.0034534633
0.0034534633
0.01
0.01
0.01
0.016546537
0.016546537
0.016546537
