MFEM mesh v1.0

#
# MFEM Geometry Types (see mesh/geom.hpp):
#
# POINT       = 0
# SEGMENT     = 1
# TRIANGLE    = 2
# SQUARE      = 3
# TETRAHEDRON = 4
# CUBE        = 5
#

dimension
2

elements
13
1 3 0 1 15 14
1 3 1 2 16 15
1 3 2 3 17 16
1 3 3 4 18 17
1 3 4 5 19 18
1 3 5 6 20 19
1 3 6 7 21 20
1 3 7 8 22 21
1 3 8 9 23 22
1 3 9 10 24 23
1 3 10 11 25 24
1 3 11 12 26 25
1 3 12 13 27 26

boundary
28
1 1 0 1
1 1 1 2
1 1 2 3
1 1 3 4
1 1 4 5
1 1 5 6
1 1 6 7
1 1 7 8
1 1 8 9
1 1 9 10
1 1 10 11
1 1 11 12
1 1 12 13
3 1 15 14
3 1 16 15
3 1 17 16
3 1 18 17
3 1 19 18
3 1 20 19
3 1 21 20
3 1 22 21
3 1 23 22
3 1 24 23
3 1 25 24
3 1 26 25
3 1 27 26
6 1 14 0
6 1 13 27

vertices
28

nodes
FiniteElementSpace
FiniteElementCollection: H1_2D_P4
VDim: 2
Ordering: 0

0.54364439
0.55513953
0.56612496
0.57705745
0.5879702
0.60085279
0.62000116
0.64000019
0.66000001
0.68
0.7
0.72
0.74
0.76
0.54364439
0.55513953
0.56612496
0.57705745
0.5879702
0.60085279
0.62000116
0.64000019
0.66000001
0.68
0.7
0.72
0.74
0.76
0.5457738
0.54954853
0.55322095
0.55513953
0.55513953
0.55513953
0.5457738
0.54954853
0.55322095
0.54364439
0.54364439
0.54364439
0.55704547
0.56064275
0.56423231
0.56612496
0.56612496
0.56612496
0.55704547
0.56064275
0.56423231
0.56801519
0.57159354
0.57517036
0.57705745
0.57705745
0.57705745
0.56801519
0.57159354
0.57517036
0.57894357
0.58251538
0.58608122
0.5879702
0.5879702
0.5879702
0.57894357
0.58251538
0.58608122
0.58988033
0.59369447
0.59812782
0.60085279
0.60085279
0.60085279
0.58988033
0.59369447
0.59812782
0.60384767
0.61005492
0.61655359
0.62000116
0.62000116
0.62000116
0.60384767
0.61005492
0.61655359
0.62345439
0.63000051
0.63654662
0.64000019
0.64000019
0.64000019
0.62345439
0.63000051
0.63654662
0.64345354
0.65000003
0.65654655
0.66000001
0.66000001
0.66000001
0.64345354
0.65000003
0.65654655
0.66345347
0.67
0.67654654
0.68
0.68
0.68
0.66345347
0.67
0.67654654
0.68345346
0.69
0.69654654
0.7
0.7
0.7
0.68345346
0.69
0.69654654
0.70345346
0.71
0.71654654
0.72
0.72
0.72
0.70345346
0.71
0.71654654
0.72345346
0.73
0.73654654
0.74
0.74
0.74
0.72345346
0.73
0.73654654
0.74345346
0.75
0.75654654
0.76
0.76
0.76
0.74345346
0.75
0.75654654
0.5457738
0.54954853
0.55322095
0.5457738
0.54954853
0.55322095
0.5457738
0.54954853
0.55322095
0.55704547
0.56064275
0.56423231
0.55704547
0.56064275
0.56423231
0.55704547
0.56064275
0.56423231
0.56801519
0.57159354
0.57517036
0.56801519
0.57159354
0.57517036
0.56801519
0.57159354
0.57517036
0.57894357
0.58251538
0.58608122
0.57894357
0.58251538
0.58608122
0.57894357
0.58251538
0.58608122
0.58988033
0.59369447
0.59812782
0.58988033
0.59369447
0.59812782
0.58988033
0.59369447
0.59812782
0.60384767
0.61005492
0.61655359
0.60384767
0.61005492
0.61655359
0.60384767
0.61005492
0.61655359
0.62345439
0.63000051
0.63654662
0.62345439
0.63000051
0.63654662
0.62345439
0.63000051
0.63654662
0.64345354
0.65000003
0.65654655
0.64345354
0.65000003
0.65654655
0.64345354
0.65000003
0.65654655
0.66345347
0.67
0.67654654
0.66345347
0.67
0.67654654
0.66345347
0.67
0.67654654
0.68345346
0.69
0.69654654
0.68345346
0.69
0.69654654
0.68345346
0.69
0.69654654
0.70345346
0.71
0.71654654
0.70345346
0.71
0.71654654
0.70345346
0.71
0.71654654
0.72345346
0.73
0.73654654
0.72345346
0.73
0.73654654
0.72345346
0.73
0.73654654
0.74345346
0.75
0.75654654
0.74345346
0.75
0.75654654
0.74345346
0.75
0.75654654
0
0
0
0
0
0
0
0
0
0
0
0
0
0
0.02
0.02
0.02
0.02
0.02
0.02
0.02
0.02
0.02
0.02
0.02
0.02
0.02
0.02
0
0
0
0.0034534633
0.01
0.016546537
0.02
0.02
0.02
0.0034534633
0.01
0.016546537
0
0
0
0.0034534633
0.01
0.016546537
0.02
0.02
0.02
0
0
0
0.0034534633
0.01
0.016546537
0.02
0.02
0.02
0
0
0
0.0034534633
0.01
0.016546537
0.02
0.02
0.02
0
0
0
0.0034534633
0.01
0.016546537
0.02
0.02
0.02
0
0
0
0.0034534633
0.01
0.016546537
0.02
0.02
0.02
0
0
0
0.0034534633
0.01
0.016546537
0.02
0.02
0.02
0
0
0
0.0034534633
0.01
0.016546537
0.02
0.02
0.02
0
0
0
0.0034534633
0.01
0.016546537
0.02
0.02
0.02
0
0
0
0.0034534633
0.01
0.016546537
0.02
0.02
0.02
0
0
0
0.0034534633
0.01
0.016546537
0.02
0.02
0.02
0
0
0
0.0034534633
0.01
0.016546537
0.02
0.02
0.02
0
0
0
0.0034534633
0.01
0.016546537
0.02
0.02
0.02
0.0034534633
0.0034534633
0.0034534633
0.01
0.01
0.01
0.016546537
0.016546537
0.016546537
0.0034534633
0.0034534633
0.0034534633
0.01
0.01
0.01
0.016546537
0.016546537
0.016546537
0.0034534633
0.0034534633
0.0034534633
0.01
0.01
0.01
0.016546537
0.016546537
0.016546537
0.0034534633
0.0034534633
0.0034534633
0.01
0.01
0.01
0.016546537
0.016546537
0.016546537
0.0034534633
0.0034534633
0.0034534633
0.01
0.01
0.01
0.016546537
0.016546537
0.016546537
0.0034534633
0.0034534633
0.0034534633
0.01
0.01
0.01
0.016546537
0.016546537
0.016546537
0.0034534633
0.0034534633
0.0034534633
0.01
0.01
0.01
0.016546537
0.016546537
0.016546537
0.0034534633
0.0034534633
0.0034534633
0.01
0.01
0.01
0.016546537
0.016546537
0.016546537
0.0034534633
0.0034534633
0.0034534633
0.01
0.01
0.01
0.016546537
0.016546537
0.016546537
0.0034534633
0.0034534633
0.0034534633
0.01
0.01
0.01
0.016546537
0.016546537
0.016546537
0.0034534633
0.0034534633
0.0034534633
0.01
0.01
0.01
0.016546537
0.016546537
0.016546537
0.0034534633
0.0034534633
0.0034534633
0.01
0.01
0.01
0.016546537
0.016546537
0.016546537
0.0034534633
0.0034534633
0.0034534633
0.01
0.01
0.01
0.016546537
0.016546537
0.016546537
