FiniteElementSpace
FiniteElementCollection: L2_2D_P4
VDim: 1
Ordering: 0

0.056573973
0.056687678
0.056837424
0.056966256
0.057041515
1.1537369
1.1560557
1.1591095
1.1617369
1.1632717
2.6238017
2.6290751
2.6360201
2.6419951
2.6454855
1.1537369
1.1560557
1.1591095
1.1617369
1.1632717
0.056573973
0.056687678
0.056837424
0.056966256
0.057041515
0.057075758
0.057134414
0.057199219
0.057237459
0.057247412
1.16397
1.1651662
1.1664878
1.1672676
1.1674706
2.6470736
2.649794
2.6527995
2.654573
2.6550346
1.16397
1.1651662
1.1664878
1.1672676
1.1674706
0.057075758
0.057134414
0.057199219
0.057237459
0.057247412
0.05724721
0.057236072
0.057192938
0.057116001
0.057042865
1.1674665
1.1672394
1.1663597
1.1647907
1.1632992
2.6550253
2.6545087
2.6525082
2.64894
2.6455481
1.1674665
1.1672394
1.1663597
1.1647907
1.1632992
0.05724721
0.057236072
0.057192938
0.057116001
0.057042865
0.05699881
0.05689878
0.056718054
0.056494177
0.056315035
1.1624008
1.1603608
1.1566752
1.1521096
1.1484563
2.6435049
2.6388657
2.6304839
2.6201009
2.6117926
1.1624008
1.1603608
1.1566752
1.1521096
1.1484563
0.05699881
0.05689878
0.056718054
0.056494177
0.056315035
0.056215049
0.056001671
0.055645544
0.055234333
0.054920001
1.1464172
1.1420657
1.134803
1.126417
1.1200067
2.6071555
2.5972594
2.5807428
2.5616716
2.5470934
1.1464172
1.1420657
1.134803
1.126417
1.1200067
0.056215049
0.056001671
0.055645544
0.055234333
0.054920001
0.054748654
0.054390413
0.053809901
0.053158999
0.052671493
1.1165124
1.1092066
1.097368
1.0840939
1.074152
2.5391466
2.522532
2.4956089
2.4654212
2.4428115
1.1165124
1.1092066
1.097368
1.0840939
1.074152
0.054748654
0.054390413
0.053809901
0.053158999
0.052671493
0.052408687
0.05186514
0.050997298
0.050039045
0.049329916
1.0687924
1.0577077
1.0400094
1.0204673
1.0060058
2.430623
2.4054143
2.3651653
2.3207232
2.2878351
1.0687924
1.0577077
1.0400094
1.0204673
1.0060058
0.052408687
0.05186514
0.050997298
0.050039045
0.049329916
0.0489504
0.048170147
0.046940713
0.045618296
0.044672725
0.99826615
0.98235413
0.95728176
0.93031314
0.91102972
2.2702338
2.234047
2.177028
2.1156966
2.0718427
0.99826615
0.98235413
0.95728176
0.93031314
0.91102972
0.0489504
0.048170147
0.046940713
0.045618296
0.044672725
0.044180229
0.043196433
0.04171628
0.04019536
0.039136401
0.90098604
0.88092308
0.85073768
0.81972092
0.79812513
2.0490016
2.0033749
1.9347279
1.8641903
1.8150777
0.90098604
0.88092308
0.85073768
0.81972092
0.79812513
0.044180229
0.043196433
0.04171628
0.04019536
0.039136401
0.038590295
0.037510066
0.035907229
0.034284546
0.03316805
0.78698815
0.76495859
0.73227126
0.69917921
0.67641004
1.7897502
1.7396511
1.6653143
1.5900572
1.538276
0.78698815
0.76495859
0.73227126
0.69917921
0.67641004
0.038590295
0.037510066
0.035907229
0.034284546
0.03316805
0.032596418
0.031473616
0.029826896
0.028182684
0.027064144
0.6647525
0.64185471
0.60827246
0.57474137
0.55193051
1.5117647
1.4596911
1.3833191
1.3070635
1.2551876
0.6647525
0.64185471
0.60827246
0.57474137
0.55193051
0.032596418
0.031473616
0.029826896
0.028182684
0.027064144
0.026495126
0.025383245
0.023772726
0.022190361
0.021123656
0.54032628
0.51765122
0.48480723
0.45253739
0.43078363
1.2287975
1.1772304
1.1025374
1.0291501
0.97967815
0.54032628
0.51765122
0.48480723
0.45253739
0.43078363
0.026495126
0.025383245
0.023772726
0.022190361
0.021123656
