FiniteElementSpace
FiniteElementCollection: L2_2D_P3
VDim: 1
Ordering: 0

1
1
1
1
1
1
1
1
1
1
1
1
1
1
1
1
1
1
1
1
1
1
1
1
1
1
1
1
1
1
1
1
1
1
1
1
1
1
1
1
1
1
1
1
1
1
1
1
1
1
1
1
1
1
1
1
1
1
1
1
1
1
1
1
1
1
1
1
1
1
1
1
1
1
1
1
1
1
1
1
1
1
1
1
1
1
1
1
1
1
1
1
1
1
1
1
1
1
1
1
1
1
1
1
1
1
1
1
1
1
1
1
1
1
1
1
1
1
1
1
1
1
1
1
1
1
1
1
1
1
1
1
1
1
1
1
1
1
1
1
1
1
1
1
1
1
1
1
1
1
1
1
1
1
1
1
1
1
1
1
1
1
1.0000001
1.0000002
1
1
1.0000001
1.0000002
1
1
1.0000001
1.0000002
1
1
1.0000001
1.0000002
1.0000003
1.0000005
1.000001
1.000002
1.0000003
1.0000005
1.000001
1.000002
1.0000003
1.0000005
1.000001
1.000002
1.0000003
1.0000005
1.000001
1.000002
1.0000027
1.0000053
1.0000123
1.0000236
1.0000027
1.0000053
1.0000123
1.0000236
1.0000027
1.0000053
1.0000123
1.0000236
1.0000027
1.0000053
1.0000123
1.0000236
