FiniteElementSpace
FiniteElementCollection: L2_2D_P3
VDim: 1
Ordering: 0

1.0000034
1.0000066
1.0000156
1.0000303
1.0000034
1.0000066
1.0000156
1.0000303
1.0000034
1.0000066
1.0000156
1.0000303
1.0000034
1.0000066
1.0000156
1.0000303
1.0000429
1.0000816
1.0001817
1.0003224
1.0000429
1.0000816
1.0001817
1.0003224
1.0000429
1.0000816
1.0001817
1.0003224
1.0000429
1.0000816
1.0001817
1.0003224
1.0004306
1.0007158
1.0012942
1.0019217
1.0004306
1.0007158
1.0012942
1.0019217
1.0004306
1.0007158
1.0012942
1.0019217
1.0004306
1.0007158
1.0012942
1.0019217
1.0023175
1.0031739
1.0043745
1.0051639
1.0023175
1.0031739
1.0043745
1.0051639
1.0023175
1.0031739
1.0043745
1.0051639
1.0023175
1.0031739
1.0043745
1.0051639
1.0055241
1.0056111
0.99382939
0.9731268
1.0055241
1.0056111
0.99382939
0.9731268
1.0055241
1.0056111
0.99382939
0.9731268
1.0055241
1.0056111
0.99382939
0.9731268
0.9600413
0.93535946
0.90091595
0.87365673
0.9600413
0.93535946
0.90091595
0.87365673
0.9600413
0.93535946
0.90091595
0.87365673
0.9600413
0.93535946
0.90091595
0.87365673
0.85931667
0.83095189
0.79349616
0.76393663
0.85931667
0.83095189
0.79349616
0.76393663
0.85931667
0.83095189
0.79349616
0.76393663
0.85931667
0.83095189
0.79349616
0.76393663
0.74832238
0.71944797
0.68051129
0.65011803
0.74832238
0.71944797
0.68051129
0.65011803
0.74832238
0.71944797
0.68051129
0.65011803
0.74832238
0.71944797
0.68051129
0.65011803
0.63428993
0.60374767
0.56366036
0.53280253
0.63428993
0.60374767
0.56366036
0.53280253
0.63428993
0.60374767
0.56366036
0.53280253
0.63428993
0.60374767
0.56366036
0.53280253
0.51680945
0.49134589
0.47641336
0.47611929
0.51680945
0.49134589
0.47641336
0.47611929
0.51680945
0.49134589
0.47641336
0.47611929
0.51680945
0.49134589
0.47641336
0.47611929
0.47681883
0.47787772
0.47905841
0.47929923
0.47681883
0.47787772
0.47905841
0.47929923
0.47681883
0.47787772
0.47905841
0.47929923
0.47681883
0.47787772
0.47905841
0.47929923
0.47850385
0.47852539
0.4801803
0.47770917
0.47850385
0.47852539
0.4801803
0.47770917
0.47850385
0.47852539
0.4801803
0.47770917
0.47850385
0.47852539
0.4801803
0.47770917
