FiniteElementSpace
FiniteElementCollection: L2_2D_P3
VDim: 1
Ordering: 0

1
1
1
1
1
1
1
1
1
1
1
1
1
1
1
1
1
1
1
1
1
1
1
1
1
1
1
1
1
1
1
1
1
1
1
1
1
1
1
1
1
1
1
1
1
1
1
1
1
1
1
1
1
1
1
1
1
1
1
1
1
1
1
1
1
1
1
1
1
1
1
1
1
1
1
1
1
1
1
1
1
1
1
1
1
1
1
1
1
1
1
1
1
1
1
1
1
1
1
1
1
1
1
1
1
1
1
1
1
1
1
1
1
1
1
1
1
1
1
1
1
1
1
1
1
1
1
1
1
1.0000001
1.0000001
1.0000002
1
1.0000001
1.0000001
1.0000002
1
1.0000001
1.0000001
1.0000002
1
1.0000001
1.0000001
1.0000002
1.0000003
1.0000006
1.0000014
1.0000027
1.0000003
1.0000006
1.0000014
1.0000027
1.0000003
1.0000006
1.0000014
1.0000027
1.0000003
1.0000006
1.0000014
1.0000027
1.0000037
1.0000071
1.0000162
1.00003
1.0000037
1.0000071
1.0000162
1.00003
1.0000037
1.0000071
1.0000162
1.00003
1.0000037
1.0000071
1.0000162
1.00003
1.0000414
1.0000744
1.0001532
1.0002573
1.0000414
1.0000744
1.0001532
1.0002573
1.0000414
1.0000744
1.0001532
1.0002573
1.0000414
1.0000744
1.0001532
1.0002573
1.0003346
1.0005324
1.0009224
1.0013418
1.0003346
1.0005324
1.0009224
1.0013418
1.0003346
1.0005324
1.0009224
1.0013418
1.0003346
1.0005324
1.0009224
1.0013418
