FiniteElementSpace
FiniteElementCollection: L2_2D_P3
VDim: 1
Ordering: 0

1.0002462
1.0004103
1.0007534
1.0011434
1.0002462
1.0004103
1.0007534
1.0011434
1.0002462
1.0004103
1.0007534
1.0011434
1.0002462
1.0004103
1.0007534
1.0011434
1.0014019
1.0019873
1.0029133
1.0036953
1.0014019
1.0019873
1.0029133
1.0036953
1.0014019
1.0019873
1.0029133
1.0036953
1.0014019
1.0019873
1.0029133
1.0036953
1.0041677
1.004732
1.0054376
1.0027109
1.0041677
1.004732
1.0054376
1.0027109
1.0041677
1.004732
1.0054376
1.0027109
1.0041677
1.004732
1.0054376
1.0027109
0.99711942
0.98090316
0.9551181
0.93387364
0.99711942
0.98090316
0.9551181
0.93387364
0.99711942
0.98090316
0.9551181
0.93387364
0.99711942
0.98090316
0.9551181
0.93387364
0.92229161
0.90035788
0.87094984
0.84808579
0.92229161
0.90035788
0.87094984
0.84808579
0.92229161
0.90035788
0.87094984
0.84808579
0.92229161
0.90035788
0.87094984
0.84808579
0.8356019
0.81199906
0.78064454
0.75642753
0.8356019
0.81199906
0.78064454
0.75642753
0.8356019
0.81199906
0.78064454
0.75642753
0.8356019
0.81199906
0.78064454
0.75642753
0.74381536
0.71956107
0.68749656
0.6626871
0.74381536
0.71956107
0.68749656
0.6626871
0.74381536
0.71956107
0.68749656
0.6626871
0.74381536
0.71956107
0.68749656
0.6626871
0.64913694
0.62401471
0.59122378
0.56527717
0.64913694
0.62401471
0.59122378
0.56527717
0.64913694
0.62401471
0.59122378
0.56527717
0.64913694
0.62401471
0.59122378
0.56527717
0.55185192
0.52619245
0.49555302
0.48053517
0.55185192
0.52619245
0.49555302
0.48053517
0.55185192
0.52619245
0.49555302
0.48053517
0.55185192
0.52619245
0.49555302
0.48053517
0.47734098
0.47631787
0.47747824
0.47844329
0.47734098
0.47631787
0.47747824
0.47844329
0.47734098
0.47631787
0.47747824
0.47844329
0.47734098
0.47631787
0.47747824
0.47844329
0.47880609
0.47925553
0.47958882
0.47948375
0.47880609
0.47925553
0.47958882
0.47948375
0.47880609
0.47925553
0.47958882
0.47948375
0.47880609
0.47925553
0.47958882
0.47948375
0.47860802
0.47855778
0.48020833
0.47773444
0.47860802
0.47855778
0.48020833
0.47773444
0.47860802
0.47855778
0.48020833
0.47773444
0.47860802
0.47855778
0.48020833
0.47773444
