FiniteElementSpace
FiniteElementCollection: L2_2D_P3
VDim: 1
Ordering: 0

0.20156243
0.21716498
0.22265094
0.2248423
0.20156243
0.21716498
0.22265094
0.2248423
0.20156243
0.21716498
0.22265094
0.2248423
0.20156243
0.21716498
0.22265094
0.2248423
0.22612918
0.22735565
0.22805701
0.22826565
0.22612918
0.22735565
0.22805701
0.22826565
0.22612918
0.22735565
0.22805701
0.22826565
0.22612918
0.22735565
0.22805701
0.22826565
0.2284911
0.22872038
0.22883055
0.22906301
0.2284911
0.22872038
0.22883055
0.22906301
0.2284911
0.22872038
0.22883055
0.22906301
0.2284911
0.22872038
0.22883055
0.22906301
0.22944292
0.22979664
0.22732151
0.21827055
0.22944292
0.22979664
0.22732151
0.21827055
0.22944292
0.22979664
0.22732151
0.21827055
0.22944292
0.22979664
0.22732151
0.21827055
0.20869092
0.18216275
0.14828135
0.13275488
0.20869092
0.18216275
0.14828135
0.13275488
0.20869092
0.18216275
0.14828135
0.13275488
0.20869092
0.18216275
0.14828135
0.13275488
0.12872971
0.12565407
0.12508536
0.12495805
0.12872971
0.12565407
0.12508536
0.12495805
0.12872971
0.12565407
0.12508536
0.12495805
0.12872971
0.12565407
0.12508536
0.12495805
0.12501823
0.12500721
0.12500192
0.125001
0.12501823
0.12500721
0.12500192
0.125001
0.12501823
0.12500721
0.12500192
0.125001
0.12501823
0.12500721
0.12500192
0.125001
0.12499991
0.12500049
0.12500008
0.12500009
0.12499991
0.12500049
0.12500008
0.12500009
0.12499991
0.12500049
0.12500008
0.12500009
0.12499991
0.12500049
0.12500008
0.12500009
0.12500004
0.12500002
0.12500002
0.125
0.12500004
0.12500002
0.12500002
0.125
0.12500004
0.12500002
0.12500002
0.125
0.12500004
0.12500002
0.12500002
0.125
0.12500001
0.125
0.125
0.125
0.12500001
0.125
0.125
0.125
0.12500001
0.125
0.125
0.125
0.12500001
0.125
0.125
0.125
0.125
0.125
0.125
0.125
0.125
0.125
0.125
0.125
0.125
0.125
0.125
0.125
0.125
0.125
0.125
0.125
0.125
0.125
0.125
0.125
0.125
0.125
0.125
0.125
0.125
0.125
0.125
0.125
0.125
0.125
0.125
0.125
0.125
0.125
0.125
0.125
0.125
0.125
0.125
0.125
0.125
0.125
0.125
0.125
0.125
0.125
0.125
0.125
