FiniteElementSpace
FiniteElementCollection: L2_2D_P3
VDim: 1
Ordering: 0

1
1
1
1
1
1
1
1
1
1
1
1
1
1
1
1
1
1
1
1
1
1
1
1
1
1
1
1
1
1
1
1
1
1
1
1
1
1
1
1
1
1
1
1
1
1
1
1
1
1
1
1
1
1
1
1
1
1
1
1
1
1
1
1
1
1
1
1
1
1
1
1
1
1
1
1
1
1
1
1
1
1
1
1
1
1
1
1
1
1
1
1
1
1
1
1
1
1
1
1.0000001
1
1
1
1.0000001
1
1
1
1.0000001
1
1
1
1.0000001
1.0000001
1.0000002
1.0000004
1.0000008
1.0000001
1.0000002
1.0000004
1.0000008
1.0000001
1.0000002
1.0000004
1.0000008
1.0000001
1.0000002
1.0000004
1.0000008
1.0000011
1.0000021
1.0000048
1.000009
1.0000011
1.0000021
1.0000048
1.000009
1.0000011
1.0000021
1.0000048
1.000009
1.0000011
1.0000021
1.0000048
1.000009
1.0000126
1.000023
1.0000489
1.0000851
1.0000126
1.000023
1.0000489
1.0000851
1.0000126
1.000023
1.0000489
1.0000851
1.0000126
1.000023
1.0000489
1.0000851
1.000113
1.0001881
1.0003494
1.0005405
1.000113
1.0001881
1.0003494
1.0005405
1.000113
1.0001881
1.0003494
1.0005405
1.000113
1.0001881
1.0003494
1.0005405
1.0006725
1.0009853
1.001534
1.0020598
1.0006725
1.0009853
1.001534
1.0020598
1.0006725
1.0009853
1.001534
1.0020598
1.0006725
1.0009853
1.001534
1.0020598
1.0023722
1.0029951
1.0038268
1.0043687
1.0023722
1.0029951
1.0038268
1.0043687
1.0023722
1.0029951
1.0038268
1.0043687
1.0023722
1.0029951
1.0038268
1.0043687
