FiniteElementSpace
FiniteElementCollection: L2_2D_P3
VDim: 1
Ordering: 0

1.5
1.5
1.5
1.5
1.5
1.5
1.5
1.5
1.5
1.5
1.5
1.5
1.5
1.5
1.5
1.5
1.5
1.5
1.5
1.5
1.5
1.5
1.5
1.5
1.5
1.5
1.5
1.5
1.5
1.5
1.5
1.5
1.5
1.5
1.5
1.5
1.5
1.5
1.5
1.5
1.5
1.5
1.5
1.5
1.5
1.5
1.5
1.5
1.5
1.5
1.5
1.5
1.5
1.5
1.5
1.5
1.5
1.5
1.5
1.5
1.5
1.5
1.5
1.5
1.5
1.5
1.5
1.5
1.5
1.5
1.5
1.5
1.5
1.5
1.5
1.5
1.5
1.5
1.5
1.5
1.5
1.5
1.5
1.5
1.5
1.5
1.5
1.5
1.5
1.5
1.5
1.5
1.5
1.5
1.5
1.5
1.5
1.5
1.5
1.5
1.5
1.5
1.5
1.5
1.5
1.5
1.5
1.5
1.5
1.5
1.5
1.5
1.5
1.5
1.5
1.5
1.5
1.5
1.5
1.5
1.5
1.5
1.5
1.5
1.5
1.5
1.5
1.5
1.5
1.5
1.5
1.5
1.5
1.5
1.5
1.5
1.5
1.5
1.5
1.5
1.5
1.5
1.5
1.5
1.5
1.5
1.5000001
1.5000001
1.5
1.5
1.5000001
1.5000001
1.5
1.5
1.5000001
1.5000001
1.5
1.5
1.5000001
1.5000001
1.5000002
1.5000004
1.5000008
1.5000016
1.5000002
1.5000004
1.5000008
1.5000016
1.5000002
1.5000004
1.5000008
1.5000016
1.5000002
1.5000004
1.5000008
1.5000016
1.5000022
1.5000042
1.5000097
1.5000184
1.5000022
1.5000042
1.5000097
1.5000184
1.5000022
1.5000042
1.5000097
1.5000184
1.5000022
1.5000042
1.5000097
1.5000184
1.5000258
1.5000482
1.5001051
1.5001847
1.5000258
1.5000482
1.5001051
1.5001847
1.5000258
1.5000482
1.5001051
1.5001847
1.5000258
1.5000482
1.5001051
1.5001847
