MFEM mesh v1.0

#
# MFEM Geometry Types (see mesh/geom.hpp):
#
# POINT       = 0
# SEGMENT     = 1
# TRIANGLE    = 2
# SQUARE      = 3
# TETRAHEDRON = 4
# CUBE        = 5
#

dimension
2

elements
80
1 3 0 28 78 31
1 3 1 32 79 29
1 3 2 35 80 33
1 3 3 38 81 36
1 3 5 30 82 43
1 3 6 34 83 41
1 3 7 37 84 44
1 3 8 40 85 46
1 3 10 42 87 53
1 3 11 45 88 51
1 3 12 47 89 54
1 3 13 49 90 56
1 3 14 50 91 58
1 3 15 52 92 62
1 3 16 55 93 61
1 3 17 57 94 63
1 3 18 59 95 65
1 3 19 60 96 67
1 3 22 68 98 70
1 3 23 69 99 72
1 3 24 73 100 75
1 3 25 74 101 76
1 3 28 1 29 78
1 3 78 29 6 30
1 3 31 78 30 5
1 3 32 2 33 79
1 3 79 33 7 34
1 3 29 79 34 6
1 3 35 3 36 80
1 3 80 36 8 37
1 3 33 80 37 7
1 3 38 4 39 81
1 3 81 39 9 40
1 3 36 81 40 8
1 3 30 6 41 82
1 3 82 41 11 42
1 3 43 82 42 10
1 3 34 7 44 83
1 3 83 44 12 45
1 3 41 83 45 11
1 3 37 8 46 84
1 3 84 46 13 47
1 3 44 84 47 12
1 3 40 9 48 85
1 3 85 48 14 49
1 3 46 85 49 13
1 3 48 86 50 14
1 3 42 11 51 87
1 3 87 51 16 52
1 3 53 87 52 15
1 3 45 12 54 88
1 3 88 54 17 55
1 3 51 88 55 16
1 3 47 13 56 89
1 3 89 56 18 57
1 3 54 89 57 17
1 3 49 14 58 90
1 3 90 58 19 59
1 3 56 90 59 18
1 3 58 91 60 19
1 3 52 16 61 92
1 3 55 17 63 93
1 3 93 63 21 64
1 3 61 93 64 20
1 3 57 18 65 94
1 3 94 65 22 66
1 3 63 94 66 21
1 3 59 19 67 95
1 3 95 67 23 68
1 3 65 95 68 22
1 3 67 96 69 23
1 3 66 22 70 97
1 3 97 70 24 71
1 3 68 23 72 98
1 3 98 72 25 73
1 3 70 98 73 24
1 3 72 99 74 25
1 3 73 25 76 100
1 3 100 76 27 77
1 3 75 100 77 26

boundary
42
1 1 0 28
1 1 1 32
1 1 2 35
1 1 3 38
4 1 5 31
4 1 10 43
4 1 15 53
1 1 28 1
1 1 32 2
1 1 35 3
1 1 38 4
4 1 31 0
4 1 43 5
4 1 53 10
4 1 62 15
6 1 4 39
6 1 48 86
6 1 9 48
6 1 50 91
6 1 92 62
6 1 60 96
6 1 64 20
6 1 66 21
6 1 97 66
6 1 69 99
6 1 75 24
6 1 74 101
6 1 101 76
6 1 77 26
6 1 39 9
6 1 86 50
6 1 91 60
6 1 61 92
6 1 20 61
6 1 21 64
6 1 96 69
6 1 24 71
6 1 71 97
6 1 99 74
6 1 26 75
6 1 76 27
6 1 27 77

vertices
102

nodes
FiniteElementSpace
FiniteElementCollection: H1_2D_P3
VDim: 2
Ordering: 0

0
90.876729
143.93752
161.14824
199.91795
0
100.564
163.07648
182.49511
212.60155
0
118.35345
200.73016
214.30556
238.22714
0
143.66097
237.07793
247.93297
265.03719
170.15916
266.2812
275.06804
285.88402
286.61248
294.49767
275.06879
285.88085
51.879035
93.132038
64.869081
0
116.80201
148.79768
125.55268
149.4568
168.82525
169.50796
177.35694
202.77681
197.37712
108.44525
78.914968
0
181.83323
158.77667
197.95273
204.9136
225.01104
225.95193
250.13764
130.36474
88.351346
0
219.13323
194.92285
231.10893
240.95597
251.92804
256.39328
273.31754
158.47905
0
252.97554
228.09277
262.94794
270.20137
276.40953
280.39955
291.33222
283.74648
282.77585
292.41709
290.53703
298.49055
283.74597
292.42629
280.39548
56.176387
118.09507
155.63499
184.95127
72.498409
139.68697
186.8187
211.24038
238.36757
84.246812
177.11347
222.96584
241.34781
262.05591
91.772044
213.01112
257.14825
269.57056
283.13394
279.4849
288.10589
296.68578
288.10584
296.77592
23.158503
44.69429
52.138505
54.192931
24.127958
47.943101
0
0
98.683246
109.95689
116.72579
117.11838
100.15806
111.19918
90.839471
91.698575
145.44821
147.76809
150.00537
152.65394
149.5342
152.93741
144.21238
146.16582
165.45996
172.41585
178.3312
181.94882
173.07648
180.35187
162.01897
165.62932
25.366714
54.134101
67.106603
70.549671
26.819449
59.288699
0
0
106.87742
117.69978
128.81088
135.25717
115.24055
128.65649
102.65064
106.09065
162.993
166.69824
174.17034
181.92473
181.6419
184.5337
168.01665
176.55098
186.51125
193.19567
201.09112
207.31404
201.52972
207.49838
186.59695
193.51757
28.368743
64.140848
80.475613
82.797837
30.199358
68.90036
0
0
127.0126
145.0617
164.78052
172.10786
141.24728
162.3537
121.78285
126.97027
200.55045
203.00677
209.94054
217.9605
219.18606
221.40196
205.69125
213.96817
217.4078
222.65359
230.1279
237.03851
233.84366
238.46082
218.8916
226.40013
241.59918
246.93293
253.44456
258.79566
254.79207
259.31045
242.00729
248.16949
33.82734
73.460357
89.338068
90.811181
34.991369
75.493498
0
0
156.08688
179.00132
201.09439
207.94634
171.04422
195.19224
147.58534
153.61025
237.52803
239.54899
245.66303
252.9917
253.84462
255.82235
241.59989
248.83401
250.21221
254.02009
260.31521
266.21775
264.73971
267.7033
252.37431
259.14769
267.37965
271.05747
276.17704
280.56124
278.29417
281.26744
268.38627
273.45864
276.51627
278.87831
282.96927
286.44047
284.95033
286.85912
277.9425
281.86672
287.41022
289.81197
293.17511
295.58681
293.59931
295.46856
288.11338
291.06078
287.68192
289.39739
290.38727
289.28759
284.94973
286.85894
286.48258
285.18021
295.5882
297.33145
298.41401
297.63055
293.61868
295.52176
294.34759
293.41171
82.330857
65.578488
85.417446
70.037999
98.410074
95.016296
93.963591
79.604967
62.599751
58.612513
0
0
134.35635
123.82555
139.25603
125.44631
158.67823
152.6344
154.48075
135.4294
122.96072
119.65401
157.05077
151.73604
164.8072
158.84888
178.45703
172.26723
178.64461
172.76067
165.16491
159.06821
193.08106
182.8286
200.16395
201.28125
197.52799
189.63645
209.41961
204.87592
208.4266
201.60471
193.78002
188.20247
102.04941
88.621801
115.39671
111.06618
110.64655
95.875469
77.265445
74.419505
0
0
173.6814
153.69905
195.37696
186.78568
193.29931
173.37335
153.9123
145.62587
194.55507
189.51263
209.73034
202.4113
211.43957
207.19954
199.81254
191.71319
215.91872
221.48215
221.23423
215.05701
234.49737
228.58408
234.85318
229.34343
221.82879
215.23262
228.78085
234.75659
246.83094
241.55201
120.72996
102.64351
139.73976
134.1547
131.88737
109.31974
87.336851
85.483449
0
0
212.27643
193.5714
232.32218
224.07662
230.32259
211.44402
190.10766
183.43875
228.60527
224.92741
243.43402
235.84548
245.82658
242.66799
236.16738
227.96614
249.0486
244.3049
261.51674
255.62949
262.66898
258.81092
252.3307
245.59499
270.32239
265.25879
145.45686
116.76778
246.53954
229.24495
262.88641
256.80756
259.94462
243.15213
223.83613
216.86326
184.28292
210.67748
167.48957
162.28889
261.25162
258.64336
271.98257
266.52745
273.64927
271.47711
266.88698
260.98045
267.24067
269.00733
274.50372
271.4651
283.46811
279.22903
284.32835
281.91124
277.65157
272.79098
289.25574
285.58449
282.50182
280.63333
273.31229
277.52637
286.48249
285.18005
285.50049
283.82365
282.61415
281.13355
291.19251
289.30399
294.33324
293.40134
293.35895
291.62854
290.38728
289.28744
298.31599
297.52135
291.1974
289.30532
288.11527
291.06368
284.32423
281.90639
282.96868
286.44164
276.51555
278.87542
277.94121
281.86737
23.364606
44.95528
23.889053
46.517718
98.558258
109.94035
99.05052
110.1986
145.60565
148.12467
147.37305
150.32308
166.2748
173.44174
169.86924
177.16967
25.778568
55.659772
26.413577
57.913086
108.92993
120.15122
112.52615
124.95099
168.09122
171.48723
176.49606
179.49764
190.49439
197.01496
197.24082
203.44731
28.762053
65.477939
29.637224
67.654362
131.13364
150.14195
137.52548
157.69931
205.76276
208.16237
214.1097
216.35534
221.87841
226.93821
229.22343
234.01891
245.25566
250.36676
251.18329
255.92083
34.874879
74.403085
35.441716
75.297624
160.11132
183.82279
166.49581
190.32792
242.22105
244.26227
249.63979
251.64222
254.52721
258.09707
261.06983
264.23904
270.58551
274.04184
275.45389
278.59915
279.31289
281.53012
283.12084
285.12858
289.53269
291.76157
292.32466
294.30921
287.55534
289.25843
286.31561
288.10942
295.45456
297.23176
294.5631
296.40839
65.83201
82.296924
67.906063
83.600672
72.381935
87.604937
76.814706
91.588994
24.3754
49.705579
24.94971
52.569361
123.82206
134.62408
124.19789
136.612
127.33261
142.56846
131.91314
149.36032
101.82313
112.63937
104.87906
115.59345
152.41596
157.91992
155.64759
161.56174
162.29169
168.23973
168.46236
174.45523
152.92254
156.33682
158.78873
162.35987
183.78165
193.61286
186.91431
195.49718
192.70414
200.08206
198.10207
205.10377
176.54295
183.71809
182.60694
189.49736
82.294187
96.217581
86.356234
99.799871
90.733796
104.34863
93.925303
108.12784
27.241905
60.618571
27.972864
62.786144
140.00778
159.83541
148.22652
168.71847
160.30647
179.29032
168.92573
188.43592
118.19489
132.89163
123.36762
140.25412
177.29382
182.90531
184.79446
190.00541
194.31628
199.17555
202.27168
206.74423
186.78105
189.54462
195.28064
197.83438
205.2086
211.85437
211.24014
217.59695
218.93506
224.92306
225.33051
231.01558
205.84039
211.60382
212.95091
218.40299
232.24264
238.048
237.98241
243.50726
97.799974
113.42486
100.77528
117.82351
104.49048
123.66589
107.20877
128.34126
30.875609
70.281407
32.613636
72.353265
180.42357
198.85959
188.38345
207.39222
200.3724
217.99052
207.16279
226.20348
145.7698
167.23533
151.99543
174.01317
212.09327
216.14614
220.00134
223.81759
229.86354
233.43821
237.93467
241.2338
224.28985
226.43089
232.75318
234.76602
233.41742
238.75008
240.14024
245.13573
248.39744
252.89427
254.89247
259.0012
238.46698
242.86036
245.8245
249.82969
258.35903
262.64953
264.01455
267.92986
111.18277
135.02569
114.32902
140.9586
217.64967
235.40032
224.41685
242.53997
233.37295
250.61122
239.4
256.59168
175.5893
199.47122
182.06318
207.28361
247.3325
250.37184
254.5594
257.3384
262.41803
264.90922
268.2178
270.49627
257.73899
259.67825
263.82982
265.66661
262.57214
266.16996
268.22762
271.45002
274.57611
277.43256
279.2607
281.82903
268.22539
271.02466
273.52144
276.04253
281.00704
283.81526
285.08454
287.63827
274.53116
276.58425
278.68297
280.59193
282.22858
284.00253
283.66932
285.36131
284.39116
286.65651
287.72394
289.75385
290.42203
292.22185
291.46913
293.19364
286.31524
288.10921
287.55492
289.25872
294.53725
296.34026
295.42656
297.16782
291.47084
293.20014
290.42299
292.22549
287.72423
289.75528
284.39065
286.65748
283.12178
285.13018
279.31143
281.52899
0
0
0
0
0
11.189773
28.362798
15.480941
20.269686
37.851725
33.61019
72.213659
56.590305
57.923698
73.703352
74.97996
127.89675
107.69736
108.25953
121.80022
186.8676
172.65715
173.40277
180.64934
249.99941
250.00043
326.60025
319.34066
0
12.573343
22.64663
4.4407636
0
6.7749057
32.164877
0
6.0741453
14.462227
0
21.920081
28.443018
47.772934
55.042062
20.4371
34.798904
75.861328
37.754482
54.24347
54.468789
64.882261
83.282949
99.262909
108.53808
51.813374
81.040756
126.30114
81.080244
105.35491
96.142312
114.33707
129.54336
156.39194
101.86863
137.64272
184.06159
139.43003
171.94526
150.02607
176.58082
185.24153
210.13365
250.00014
214.44957
249.99957
250.0101
289.86582
285.55076
323.41231
10.287537
15.589694
4.3834226
13.790419
36.901162
52.346109
33.068938
45.370255
64.346773
79.306432
100.69611
78.188302
87.712484
105.05552
141.2125
153.94855
136.77484
144.2317
156.22998
209.65933
211.84162
217.20889
288.15595
282.79022
0
0
2.6277098
7.2275533
5.8463237
9.0732855
1.0558298
3.0269602
0
0
4.1856253
11.120531
13.580194
14.969002
3.3429682
8.8712154
0
0
1.5997245
3.3745592
5.8093069
4.8017575
1.9924847
5.1963466
0
0
3.8329155
9.9828677
7.7076982
11.280449
1.1072856
3.6681082
13.961265
20.061234
26.32984
32.676086
25.138039
32.750624
13.483185
17.581123
29.647333
31.452126
37.271709
46.240308
49.591156
51.681587
33.232798
41.847438
13.422317
13.753628
19.272989
27.663261
32.497073
32.578485
20.042237
28.830969
22.349598
26.043704
32.871884
40.442056
39.67512
43.123997
24.831802
32.639158
40.323095
48.556167
61.090021
71.95874
59.762489
69.194854
38.203861
46.281293
74.081797
75.888946
82.668545
93.462007
100.80806
101.57467
79.630648
91.586621
54.223403
53.999847
60.601898
71.252251
78.803763
78.335417
62.802381
73.769634
59.616618
62.795745
70.821301
81.021195
82.654667
85.707878
63.997328
74.36167
76.335717
80.654358
89.01691
98.764959
98.60288
102.61419
79.5693
89.614073
84.450544
96.625663
117.28964
131.91263
114.24542
131.67755
81.929782
93.828112
128.1814
127.64815
133.94535
146.14407
156.69608
155.10588
135.77202
148.22134
105.91633
105.49028
113.60068
127.61023
136.70217
136.7225
115.33814
128.73047
109.74618
112.55696
122.32239
135.74051
140.63759
142.87606
116.45443
130.42737
123.96045
127.43476
136.70387
148.63755
151.7474
154.5307
129.39418
142.01589
174.1649
175.64256
186.04311
201.7469
210.49769
211.26081
183.33793
199.78607
181.90896
183.9707
193.81905
208.19105
215.24104
216.47653
189.63424
204.76604
250.00053
249.99993
260.58261
277.77064
289.50004
288.73743
261.30649
279.25558
249.99978
250.00263
259.09919
273.75433
284.76013
283.52272
259.83425
275.74915
0
0
11.736662
10.732429
23.711965
16.619103
26.718679
23.843009
19.080179
13.534106
9.0683964
6.0384938
0
0
13.608619
16.071772
11.928414
8.0371623
24.990216
31.7728
27.315177
20.047618
0
0
4.9863173
4.2695394
15.819286
9.3043819
18.376183
15.684893
10.35581
5.9304332
0
0
6.7161538
16.603783
20.051646
16.286026
33.595534
26.664379
35.178205
30.946698
24.182257
17.639879
45.892706
40.895877
65.043715
54.1148
69.774453
62.864001
49.491999
41.428346
29.404926
23.583088
43.196277
51.377345
50.01471
40.329224
65.005872
74.604907
68.94563
58.625692
36.098099
33.948297
52.09232
43.073542
56.605794
54.91548
47.955453
38.554716
42.213839
49.634915
51.881865
47.783708
68.082648
59.488688
71.192119
67.197074
59.199313
50.485103
57.156936
61.606697
77.77643
69.318272
97.056805
89.085156
119.83601
107.12895
126.26026
118.36751
100.05323
86.999179
68.231327
57.806325
89.026031
98.794258
99.571732
87.808288
115.27069
124.44129
118.57831
107.47793
79.946693
78.592156
100.31203
88.097688
107.18832
105.78036
97.305315
85.207295
93.792555
89.96202
114.38882
102.90526
119.73125
116.34744
106.6186
94.702523
122.52631
111.54997
156.77831
149.63359
143.91494
152.00131
162.5161
146.75705
177.39251
182.98845
175.20104
161.73029
187.32639
185.72137
178.16094
164.80505
138.57291
137.2736
163.71809
148.55835
172.91962
172.1737
161.96999
146.22418
172.09226
172.01915
148.41614
145.79036
171.92307
158.23419
179.50076
177.67723
167.33214
152.8738
176.93708
163.98634
209.90158
209.68161
182.15068
199.1231
238.69385
220.74215
249.99968
250.00015
238.5583
220.42407
213.72429
212.54139
240.16582
224.24962
250.00087
250.00047
239.41697
222.22847
240.91313
226.24804
286.27329
287.45488
310.36451
295.23068
320.48276
322.31269
313.95429
298.25321
325.83669
324.35417
316.6608
300.21371
1.4052308
2.2290805
4.0214472
6.3109107
3.5958311
4.1343017
9.6060212
10.769612
1.9458831
1.8152227
4.6140274
3.8752233
1.443159
2.7514673
4.7844309
7.6950416
16.699757
23.365679
21.683224
29.004626
34.642621
36.600573
43.54652
45.579547
18.140545
18.497577
26.847774
27.036609
26.871832
30.514735
34.6182
38.153738
45.242485
53.724333
53.922782
62.953012
81.405012
82.886366
93.384327
94.332453
60.737511
60.510279
71.758603
71.356681
65.651744
68.768622
75.945209
78.997896
82.17046
86.419103
92.138096
96.250386
92.293462
105.82148
105.6413
121.70934
135.7578
135.11594
148.42218
147.35783
113.93026
113.67869
127.69883
127.62018
117.9008
120.62314
131.76654
134.23975
131.43701
134.71154
143.85296
146.81894
183.98984
185.23714
200.2383
201.13024
190.78121
192.66607
205.72502
207.25813
261.10632
260.78372
278.92759
278.25781
259.61747
259.29395
275.16396
274.27562
2.7742118
3.0215461
7.5635583
8.2139694
14.064874
15.494693
19.905938
22.181296
7.838303
11.977301
11.453568
16.898707
4.5887813
4.2443927
11.805753
10.424807
20.298923
16.506344
27.258882
21.405064
17.762833
19.314322
24.936572
26.653133
1.3128033
1.0666143
3.0237703
3.0796692
6.2428548
7.7425179
11.348049
13.847175
6.7942065
6.0526947
10.036332
9.9104815
4.9541876
6.2834813
12.23962
15.29452
20.192481
24.346998
26.721004
30.954438
11.330066
15.153291
17.987491
21.761191
28.099868
31.53569
35.724885
40.07343
46.45396
52.07604
56.288495
62.747725
28.902968
36.721958
35.708011
43.754495
36.616926
29.242268
45.41224
37.387908
57.473351
49.030301
67.94506
58.597542
56.000982
58.14978
67.005815
68.931789
20.505023
23.050019
28.706977
30.949069
39.380164
41.495111
48.785671
50.694334
38.279286
38.2031
47.878191
47.691698
35.360353
39.573112
42.889461
47.033431
52.864124
56.92438
61.529461
65.547852
44.923364
48.283637
53.829515
57.071106
62.172502
66.608243
70.743709
75.11774
69.761915
77.094174
81.495082
89.24988
96.910055
105.01859
109.95113
117.93663
66.002121
75.923705
77.042923
88.104443
80.815959
71.290044
91.927111
82.006187
105.47656
95.880122
117.17106
107.64116
108.42742
108.68885
120.6433
120.23193
61.139891
62.727905
71.724614
73.191228
85.565224
86.945905
97.724198
99.183372
85.867564
85.373831
97.941269
97.488263
73.12153
77.086878
83.296607
87.199885
96.901997
100.63061
108.70261
112.22955
89.69622
92.743457
101.86271
104.77341
105.30537
109.18894
116.6576
120.30827
126.8057
134.56481
140.77332
148.17744
131.61003
122.63821
144.13074
135.61775
160.24036
152.67312
174.03497
167.72884
165.23855
163.16797
178.90757
177.02793
114.03507
115.42229
128.09312
129.46895
146.67106
147.82248
162.28309
163.15746
146.03412
146.14279
161.91967
161.9937
124.24371
127.45138
137.44337
140.29008
154.30836
156.74033
168.56744
170.64408
149.62923
151.64604
164.59299
166.27988
159.83438
162.40732
173.30362
175.54968
182.33448
182.93003
199.19129
199.51085
220.41753
220.57573
238.54771
238.60468
186.98231
188.59566
202.52776
203.89816
222.79706
223.70715
239.63379
239.96697
221.07183
221.7426
238.89277
239.21572
224.83475
225.72449
240.38424
240.71362
260.36512
260.0324
277.20191
276.29193
297.47069
296.09662
313.0141
311.40253
299.76208
298.86936
316.00795
314.7599
