MFEM mesh v1.0

#
# MFEM Geometry Types (see mesh/geom.hpp):
#
# POINT       = 0
# SEGMENT     = 1
# TRIANGLE    = 2
# SQUARE      = 3
# TETRAHEDRON = 4
# CUBE        = 5
#

dimension
2

elements
77
1 3 0 26 77 33
1 3 1 28 78 35
1 3 2 30 79 37
1 3 3 32 80 39
1 3 5 36 82 43
1 3 6 38 83 45
1 3 7 40 84 47
1 3 8 42 85 49
1 3 10 46 87 53
1 3 11 48 88 55
1 3 12 50 89 57
1 3 13 52 90 59
1 3 15 56 92 63
1 3 16 58 93 65
1 3 17 60 94 67
1 3 18 62 95 69
1 3 73 27 2 28
1 3 25 73 28 1
1 3 74 29 3 30
1 3 27 74 30 2
1 3 75 31 4 32
1 3 29 75 32 3
1 3 76 33 5 34
1 3 26 1 35 77
1 3 77 35 6 36
1 3 33 77 36 5
1 3 28 2 37 78
1 3 78 37 7 38
1 3 35 78 38 6
1 3 30 3 39 79
1 3 79 39 8 40
1 3 37 79 40 7
1 3 32 4 41 80
1 3 80 41 9 42
1 3 39 80 42 8
1 3 34 5 43 81
1 3 81 43 10 44
1 3 36 6 45 82
1 3 82 45 11 46
1 3 43 82 46 10
1 3 38 7 47 83
1 3 83 47 12 48
1 3 45 83 48 11
1 3 40 8 49 84
1 3 84 49 13 50
1 3 47 84 50 12
1 3 42 9 51 85
1 3 85 51 14 52
1 3 49 85 52 13
1 3 44 10 53 86
1 3 86 53 15 54
1 3 46 11 55 87
1 3 87 55 16 56
1 3 53 87 56 15
1 3 48 12 57 88
1 3 88 57 17 58
1 3 55 88 58 16
1 3 50 13 59 89
1 3 89 59 18 60
1 3 57 89 60 17
1 3 52 14 61 90
1 3 90 61 19 62
1 3 59 90 62 18
1 3 54 15 63 91
1 3 91 63 20 64
1 3 56 16 65 92
1 3 92 65 21 66
1 3 63 92 66 20
1 3 58 17 67 93
1 3 93 67 22 68
1 3 65 93 68 21
1 3 60 18 69 94
1 3 94 69 23 70
1 3 67 94 70 22
1 3 62 19 71 95
1 3 95 71 24 72
1 3 69 95 72 23

boundary
36
3 1 20 64
3 1 21 66
3 1 22 68
3 1 23 70
3 1 24 72
2 1 4 41
2 1 9 51
2 1 14 61
2 1 19 71
3 1 66 20
3 1 68 21
3 1 70 22
3 1 72 23
2 1 31 4
2 1 41 9
2 1 51 14
2 1 61 19
2 1 71 24
7 1 25 73
7 1 27 74
7 1 29 75
7 1 0 26
7 1 33 0
7 1 81 34
7 1 86 44
7 1 91 54
7 1 1 25
7 1 26 1
7 1 73 27
7 1 74 29
7 1 75 31
7 1 76 33
7 1 34 76
7 1 44 81
7 1 54 86
7 1 64 91

vertices
96

nodes
FiniteElementSpace
FiniteElementCollection: H1_2D_P3
VDim: 2
Ordering: 0

285.88085
296.72044
310.24619
349.99126
399.99991
265.68024
281.19667
302.40978
349.99799
399.99997
238.25264
265.0307
300.00358
349.99944
399.99999
212.60234
250.54488
300.00049
349.99997
400
199.90889
250.00095
299.99996
350
400
301.30466
291.339
313.42558
302.25094
349.99693
325.21295
400.00022
375.00076
276.42229
256.82304
289.65065
273.32558
306.02373
288.626
349.99787
325.02904
400.00002
375.00033
252.43188
225.95103
276.36557
250.74125
300.79807
277.38454
349.99752
325.00538
399.99995
375.00005
225.01102
197.3769
254.63179
228.52324
300.00002
274.98509
350.00022
325.00014
400.00001
375.00001
202.77636
177.16952
249.98757
224.9958
300.00008
275.00016
350
325.00001
400
375
306.33587
325.43871
374.99958
269.56126
283.11932
296.02702
325.0866
375.0001
241.38447
264.79057
283.07319
325.01454
375.00031
211.24027
238.40691
275.08876
324.9988
374.99997
184.95566
225.07791
275.00028
324.99998
375
287.40888
289.81259
289.26401
285.57803
278.31136
281.26742
283.46864
279.23448
298.21285
300.63185
300.71067
297.90575
291.43752
294.24571
294.93755
291.77387
312.30304
318.87861
325.14421
325.10986
309.46819
318.19704
309.13231
307.21548
356.91109
368.08947
375.00017
375.00007
356.91022
368.09004
349.99664
349.99726
267.90119
271.26995
271.22366
267.84147
255.62277
261.11254
262.60239
256.49809
283.36782
286.62842
286.43435
283.23204
278.16022
280.9313
278.42892
276.15657
307.58166
318.07783
325.00884
325.00941
307.07933
318.08926
301.7533
301.11924
356.9103
368.08987
375.00008
375.0002
356.91019
368.08993
350
349.99867
241.66905
247.22624
247.15153
241.63326
228.78224
234.7647
234.50553
228.5853
267.74566
273.12534
276.25332
275.24895
259.17765
268.38661
261.6851
257.08475
306.92011
318.08527
324.99772
325.00134
306.90858
318.091
300.00295
299.9914
356.90988
368.09012
374.99996
375.00002
356.90981
368.09019
350.00037
349.99984
216.79476
223.77944
226.83462
225.35726
208.41638
218.42016
209.41944
204.87589
256.97518
268.09832
274.98863
275.0017
256.90722
268.09041
250.20104
249.97594
306.91004
318.0901
324.99996
325.00002
306.90981
318.09018
300.0009
299.99988
356.90983
368.09017
375
375
356.90983
368.09017
350
350
310.61741
307.90145
311.28158
312.6926
306.91936
303.90029
303.61945
305.46673
302.61977
304.81213
298.26692
300.33267
343.09482
331.95729
349.99208
349.98403
343.09935
331.9199
325.24895
325.38904
314.71929
319.79146
393.09006
381.91013
399.99994
399.99977
393.09018
381.90994
375.00057
375.00132
356.90926
368.09046
274.50752
271.45854
268.5686
273.43675
263.35035
259.37495
260.62914
266.27064
295.20527
292.83823
287.83224
284.94665
283.65139
287.3958
279.00028
275.45247
276.14287
280.59028
301.56373
297.82916
303.24256
304.87935
296.39014
290.81237
290.66712
294.07483
343.09273
331.91403
349.99794
349.9973
343.09192
331.90889
325.04428
325.07601
400.00001
400.00004
393.09013
381.90989
399.99996
399.99997
393.09016
381.90989
375.00026
375.00023
249.33597
244.3954
252.65671
245.71221
242.07098
248.44886
234.86388
229.3455
230.13092
237.04945
273.529
268.19001
268.58345
274.15238
260.73104
254.48115
254.44011
260.85037
293.63431
286.14969
300.10259
300.07945
293.06576
282.75428
279.03181
281.60471
343.09242
331.9067
350.00053
349.99932
343.09068
331.90947
324.98975
325.01425
400
399.99998
393.09018
381.90984
399.99999
400.00001
393.09017
381.90983
375.00001
375
221.23355
215.05657
221.82817
215.23253
215.91852
221.48113
208.42661
201.60444
201.09096
207.31412
248.91687
242.11363
251.1841
252.85732
243.46846
233.76514
230.75534
235.29517
293.09291
281.91258
299.99783
299.99863
293.0896
281.90935
275.01682
275.03972
343.09
331.91008
350.00001
350.00001
343.09019
331.9098
325.00014
325.00004
400.00001
399.99999
393.09017
381.90983
400
400
393.09017
381.90983
375
375
197.52875
189.63502
193.78056
188.20218
200.16097
201.28195
193.07063
182.80723
178.31152
181.94472
243.08678
231.92269
249.9993
249.99944
243.09141
231.90661
225.00086
225.00857
206.85878
218.04497
293.0901
281.91009
300
299.99999
293.0902
281.90976
275.00005
275.00021
256.91059
268.08995
343.09017
331.90983
350
350
343.09017
331.90983
325
325
306.90983
318.09017
400
400
393.09017
381.90983
400
400
393.09017
381.90983
375
375
356.90983
368.09017
285.08576
287.64284
281.00964
283.81109
296.51277
299.04668
293.46626
296.1618
311.50161
318.63988
310.21237
318.32566
356.91041
368.08994
356.91012
368.09002
265.20971
269.04043
259.7147
264.82115
280.59963
284.16748
277.87444
280.84528
307.34612
318.08471
307.142
318.08766
356.91019
368.0901
356.90999
368.09002
238.00568
243.63705
232.24689
238.07281
264.72698
271.07338
260.87647
268.97722
306.90722
318.09195
306.91092
318.08914
356.9098
368.0902
356.90985
368.09015
213.83488
221.50816
209.97709
219.09788
256.91227
268.10076
256.91185
268.08814
306.90982
318.09022
306.90984
318.09016
356.90983
368.09017
356.90983
368.09017
307.05451
309.82841
305.24315
308.14781
301.68081
303.9179
299.69458
302.03381
331.92725
343.1067
331.92491
343.09831
314.16306
319.56096
313.0667
319.14282
381.9099
393.09025
381.90991
393.09016
356.91126
368.089
356.91025
368.0897
268.24864
271.43512
262.90461
266.43426
290.84873
293.34779
287.31964
290.05625
282.51549
285.52094
278.272
281.60975
275.44111
278.61964
270.67394
274.01869
302.39601
305.55101
299.66056
303.12879
295.94586
300.02484
292.74784
297.67641
289.25686
292.20903
285.62885
288.72079
331.92059
343.09379
331.91566
343.0936
331.91142
343.0934
331.90948
343.09251
308.80254
318.11536
307.95309
318.07458
381.90991
393.09015
381.90993
393.09014
381.90987
393.09017
381.90984
393.09018
356.91034
368.08995
356.91026
368.08997
255.38063
259.85626
248.62666
253.43481
240.16798
245.26656
233.42337
238.77107
273.2206
276.34788
270.6255
274.31271
264.76515
270.70825
258.2305
264.62715
251.70424
257.18379
245.42073
250.90614
289.06637
295.35605
286.33113
294.05358
285.18283
293.40037
283.46343
293.1355
276.17974
279.23498
271.13263
275.49674
331.91006
343.09032
331.90807
343.09165
331.90948
343.09099
331.91011
343.08967
306.96918
318.07566
306.89503
318.10226
381.90985
393.09016
381.90985
393.09016
381.90984
393.09016
381.90982
393.09017
356.9098
368.09016
356.90986
368.09019
225.33006
231.018
218.93485
224.92305
211.24019
217.59628
205.20859
211.8546
250.82682
257.16064
245.26566
251.74373
239.21692
246.63545
235.39579
244.21106
225.35375
231.52759
219.96489
226.49806
282.20128
293.08854
281.92926
293.09649
281.90916
293.09224
281.90671
293.09232
258.02464
268.13389
257.17279
268.08702
331.91023
343.08989
331.90973
343.09031
331.90985
343.09017
331.90984
343.09017
306.9098
318.09017
306.90993
318.09006
381.90983
393.09017
381.90983
393.09017
381.90983
393.09017
381.90983
393.09017
356.90983
368.09017
356.90983
368.09017
198.1023
205.10355
192.70404
200.08239
186.91553
195.49587
183.76885
193.61481
232.69081
243.14564
231.97471
243.09486
231.90924
243.09021
231.91043
243.09009
207.45466
218.13576
206.93039
218.09697
281.91077
293.0893
281.90969
293.0903
281.90983
293.09018
281.90985
293.09017
256.91017
268.09001
256.90962
268.09019
331.90983
343.09017
331.90983
343.09017
331.90983
343.09017
331.90983
343.09017
306.90983
318.09017
306.90983
318.09017
381.90983
393.09017
381.90983
393.09017
381.90983
393.09017
381.90983
393.09017
356.90983
368.09017
356.90983
368.09017
319.34066
309.91112
301.70684
299.9965
299.99985
378.90496
362.78908
350.44817
350.0004
350.00001
426.28879
409.11769
400.01241
399.99903
399.99997
462.14858
449.99579
449.99963
450
450
500
500
500
500
500
280.24273
314.74546
276.06989
305.30929
275.01377
300.03385
275.00058
300.00065
349.9608
385.69687
337.53134
370.95474
326.36812
355.33835
324.99961
350.0004
325
349.99994
403.97322
435.1169
388.90365
416.90807
375.59265
401.40116
375.00235
400.00808
375.00004
400.00011
445.53109
471.55716
427.8348
453.26508
424.99616
450.01285
425.00013
449.99999
425.00001
450
478.08098
500
474.99096
500
474.99982
500
475
500
475
500
277.98871
274.99527
274.99795
355.75519
343.78529
331.29175
325.01344
325.00002
412.27175
396.09046
379.69149
374.96945
374.99984
454.62975
435.64786
425.04747
424.99956
424.99997
486.20616
475.08161
475.00154
475.00002
475
318.09196
316.02284
323.06491
335.99933
348.27689
345.52312
328.06429
341.78516
308.55972
306.49419
312.67549
324.30166
335.78084
332.97165
317.82257
330.18164
300.9058
300.13239
306.93387
318.10805
325.58314
325.0258
308.61673
319.64234
300.00066
299.99953
306.90993
318.0904
325.00001
324.99998
306.90823
318.08859
376.85379
373.28321
378.75097
389.97146
401.59106
398.04088
386.2345
397.30199
360.72584
357.36848
361.75743
372.14031
385.99711
381.13706
369.62152
381.81644
350.13268
349.99586
356.90617
368.09541
375.03508
375.03297
357.15257
368.1623
349.99993
350.00005
356.90965
368.09027
374.99996
375.00017
356.91097
368.08946
423.66272
419.43054
422.31486
430.70507
442.84211
438.39375
431.91827
440.5109
406.81008
403.04929
407.69981
418.24901
426.49359
425.20749
414.22818
422.50361
400.01472
399.99391
406.9096
418.09141
424.99957
425.00019
406.9026
418.0841
400.0001
399.99991
406.9098
418.0902
424.99998
425.00002
406.91001
418.08998
459.45706
455.32985
458.6853
468.45902
476.64699
475.34592
466.40441
473.33563
450.04868
449.98337
456.91548
468.09218
475.0014
474.99889
456.87899
468.06
449.99996
450.00001
456.90989
468.09018
475.00002
474.99999
456.90928
468.09006
450
450
456.90983
468.09017
475
475
456.90983
468.09017
276.56506
277.39288
294.71717
283.279
302.43003
304.1408
297.85406
285.61234
279.57166
278.55666
301.82659
288.5315
274.98951
275.01857
293.08914
281.90761
300.00336
299.9992
293.12408
281.94858
275.60151
275.14589
274.99975
275.00039
293.0902
281.9097
300.00007
299.99996
293.09007
281.91041
274.99927
275.00155
351.54614
354.1774
371.01468
357.94931
380.78679
383.84789
377.86479
364.38938
311.22005
313.37753
339.16801
341.96528
356.06746
344.65584
364.765
368.47553
363.27688
351.39076
327.24963
329.61194
343.78577
333.04165
351.11377
353.43493
348.86481
338.13056
325.00032
325.00086
343.09042
331.90928
349.99968
350.00081
343.09062
331.91941
306.90981
318.09011
325
325
343.09016
331.90982
350
350
343.09019
331.90989
406.2579
410.02953
393.37841
405.27507
420.42489
410.4501
428.8087
432.80404
429.18042
418.97304
390.77408
394.07914
404.05783
394.52107
410.68687
414.31605
411.26343
401.88324
375.34668
376.92059
393.12307
381.99728
399.97157
400.45884
395.21984
385.1365
374.99793
375.00202
393.09141
381.90836
400.0009
399.99941
393.07825
381.92677
356.90988
368.09014
374.99999
375.00002
393.09019
381.90981
400.00001
399.99999
393.09006
381.90993
448.11814
452.21649
440.80019
449.51507
457.78612
450.36487
464.82182
469.05324
467.12807
459.5579
429.0866
432.92145
443.35405
433.43895
450.27978
451.67587
448.22498
440.48096
425.00361
425.00431
443.09027
431.91032
450.00061
449.99955
443.09527
431.92028
424.99991
425.00014
443.0902
431.90982
450
450.00001
443.09004
431.90981
406.90984
418.09016
425
425
443.09017
431.90983
450
450
443.09017
431.90984
479.94777
483.71492
475.81786
482.3598
493.28909
483.3948
500
500
496.16388
490.02253
475.00029
475.01244
493.09028
481.90815
500
500
493.08961
481.92117
500
500
475.00015
474.99989
493.09015
481.90984
500
500
493.09029
481.90983
500
500
475
475
493.09017
481.90983
500
500
493.09017
481.90983
500
500
456.90983
468.09017
475
475
493.09017
481.90983
500
500
493.09017
481.90983
500
500
326.67856
324.44336
340.18269
337.58411
316.32885
314.01608
328.50178
325.85689
307.77381
307.01397
318.80364
318.14252
306.90999
306.90972
318.09038
318.08999
384.25176
380.93619
395.15089
391.88094
367.28832
363.79384
378.81805
374.31481
356.97758
356.91151
368.1257
368.0814
356.90969
356.90997
368.09025
368.09009
429.25873
424.92297
437.82901
433.40229
411.97113
408.87492
420.68318
418.70857
406.91024
406.90971
418.09117
418.0893
406.90981
406.90986
418.09019
418.09015
463.81368
460.24571
471.34359
469.13474
456.92071
456.90436
468.0911
468.0882
456.90989
456.90978
468.09017
468.09016
456.90983
456.90983
468.09017
468.09017
284.87139
283.77774
296.84402
295.37265
287.66736
286.35985
300.65067
298.87103
281.91268
281.9124
293.09106
293.09081
282.69316
282.06693
293.98503
293.24428
281.90981
281.90989
293.09018
293.09015
281.91051
281.90943
293.09
293.09022
362.65898
359.72862
376.05158
372.9563
321.60007
319.23835
334.35769
331.7688
349.53077
346.49732
361.18768
358.01214
356.08196
353.15058
368.88915
365.39351
311.34325
309.41502
322.74831
320.51354
336.36105
333.9079
346.98417
344.5772
342.80143
339.88815
354.02009
350.78093
306.91035
306.91109
318.09028
318.09132
331.91047
331.91017
343.09113
343.08986
332.34845
331.9184
343.31572
343.08949
306.90984
306.90984
318.09014
318.09019
331.90983
331.90984
343.09016
343.09018
331.9099
331.90978
343.09022
343.09017
391.37425
388.13335
403.08132
399.45632
416.69258
412.81672
426.87991
422.90585
376.32145
372.14087
387.94649
384.31273
399.81113
396.77631
408.834
405.58342
407.98532
404.08172
417.87422
413.74145
359.83908
357.74078
370.1734
368.44478
383.43067
382.00479
393.85942
393.13233
391.61256
387.297
401.41938
397.114
356.91141
356.90893
368.08958
368.09066
381.90888
381.91121
393.09117
393.08908
381.96603
381.89347
393.0716
393.10126
356.90986
356.90981
368.09015
368.09018
381.90983
381.90984
393.09018
393.09016
381.90989
381.90974
393.09009
393.09027
438.46995
434.45339
447.13574
443.07481
457.11057
452.96659
464.63959
460.42692
419.66471
415.78513
427.96291
423.95357
437.85029
434.48496
446.12834
443.92687
447.65846
443.20469
455.07745
450.68047
407.08761
406.91291
418.09755
418.09408
431.91119
431.90968
443.09104
443.09025
432.57798
431.94557
443.18195
443.08425
406.91006
406.90972
418.09001
418.09032
431.90983
431.90984
443.09019
443.09015
431.90982
431.90989
443.09002
443.09025
406.90984
406.90983
418.09017
418.09017
431.90983
431.90983
443.09017
443.09017
431.90984
431.90983
443.09017
443.09017
473.27913
469.04547
479.80775
475.65304
487.75919
484.70651
495.05894
493.71112
457.64363
456.95591
468.15405
468.09508
481.90925
481.91045
493.09072
493.09002
482.53145
481.96311
493.11723
493.09657
456.90954
456.9103
468.09011
468.09029
481.90985
481.90982
493.09015
493.09019
481.90966
481.90984
493.09037
493.09008
456.90983
456.90983
468.09017
468.09017
481.90983
481.90983
493.09017
493.09017
481.90983
481.90983
493.09017
493.09017
456.90983
456.90983
468.09017
468.09017
481.90983
481.90983
493.09017
493.09017
481.90983
481.90983
493.09017
493.09017
