MFEM mesh v1.0

#
# MFEM Geometry Types (see mesh/geom.hpp):
#
# POINT       = 0
# SEGMENT     = 1
# TRIANGLE    = 2
# SQUARE      = 3
# TETRAHEDRON = 4
# CUBE        = 5
#

dimension
2

elements
80
1 3 0 28 78 31
1 3 1 32 79 29
1 3 2 35 80 33
1 3 3 38 81 36
1 3 5 30 82 43
1 3 6 34 83 41
1 3 7 37 84 44
1 3 8 40 85 46
1 3 10 42 87 53
1 3 11 45 88 51
1 3 12 47 89 54
1 3 13 49 90 56
1 3 14 50 91 58
1 3 15 52 92 62
1 3 16 55 93 61
1 3 17 57 94 63
1 3 18 59 95 65
1 3 19 60 96 67
1 3 22 68 98 70
1 3 23 69 99 72
1 3 24 73 100 75
1 3 25 74 101 76
1 3 28 1 29 78
1 3 78 29 6 30
1 3 31 78 30 5
1 3 32 2 33 79
1 3 79 33 7 34
1 3 29 79 34 6
1 3 35 3 36 80
1 3 80 36 8 37
1 3 33 80 37 7
1 3 38 4 39 81
1 3 81 39 9 40
1 3 36 81 40 8
1 3 30 6 41 82
1 3 82 41 11 42
1 3 43 82 42 10
1 3 34 7 44 83
1 3 83 44 12 45
1 3 41 83 45 11
1 3 37 8 46 84
1 3 84 46 13 47
1 3 44 84 47 12
1 3 40 9 48 85
1 3 85 48 14 49
1 3 46 85 49 13
1 3 48 86 50 14
1 3 42 11 51 87
1 3 87 51 16 52
1 3 53 87 52 15
1 3 45 12 54 88
1 3 88 54 17 55
1 3 51 88 55 16
1 3 47 13 56 89
1 3 89 56 18 57
1 3 54 89 57 17
1 3 49 14 58 90
1 3 90 58 19 59
1 3 56 90 59 18
1 3 58 91 60 19
1 3 52 16 61 92
1 3 55 17 63 93
1 3 93 63 21 64
1 3 61 93 64 20
1 3 57 18 65 94
1 3 94 65 22 66
1 3 63 94 66 21
1 3 59 19 67 95
1 3 95 67 23 68
1 3 65 95 68 22
1 3 67 96 69 23
1 3 66 22 70 97
1 3 97 70 24 71
1 3 68 23 72 98
1 3 98 72 25 73
1 3 70 98 73 24
1 3 72 99 74 25
1 3 73 25 76 100
1 3 100 76 27 77
1 3 75 100 77 26

boundary
42
1 1 0 28
1 1 1 32
1 1 2 35
1 1 3 38
4 1 5 31
4 1 10 43
4 1 15 53
1 1 28 1
1 1 32 2
1 1 35 3
1 1 38 4
4 1 31 0
4 1 43 5
4 1 53 10
4 1 62 15
6 1 4 39
6 1 48 86
6 1 9 48
6 1 50 91
6 1 92 62
6 1 60 96
6 1 64 20
6 1 66 21
6 1 97 66
6 1 69 99
6 1 75 24
6 1 74 101
6 1 101 76
6 1 77 26
6 1 39 9
6 1 86 50
6 1 91 60
6 1 61 92
6 1 20 61
6 1 21 64
6 1 96 69
6 1 24 71
6 1 71 97
6 1 99 74
6 1 26 75
6 1 76 27
6 1 27 77

vertices
102

nodes
FiniteElementSpace
FiniteElementCollection: H1_2D_P3
VDim: 2
Ordering: 0

0
73.954185
104.18352
149.99924
200.00002
0
80.516526
126.50743
152.61633
199.99963
0
96.155848
158.16265
175.0424
201.45719
0
115.11815
188.95395
201.28795
217.04719
133.87436
213.42845
222.25382
232.47531
230.98394
238.6958
222.25382
232.4753
45.453277
75.493037
57.400433
0
88.124723
112.04002
97.766985
124.92752
150.02681
136.99245
174.99977
200.00003
175.03614
87.301584
64.063326
0
142.16111
122.88312
162.39572
165.0947
200.02762
186.36885
225.0108
105.78093
67.406947
0
173.81268
150.92026
188.28827
194.09429
207.90208
209.24576
227.53464
125.33486
0
202.40907
176.5679
212.87257
217.46079
225.48481
227.34492
237.61586
228.79525
227.22712
237.16244
234.82858
242.56835
228.79526
237.16244
227.34492
50.063975
90.126335
127.15452
174.9992
61.644851
109.62981
150.60124
177.47757
224.99923
65.887643
137.24803
179.65176
197.95435
225.24097
70.345987
164.98847
207.03496
219.1768
232.32623
224.68701
232.98846
241.31573
232.98846
241.31573
21.281059
39.749382
45.810127
48.062682
22.617529
43.391096
0
0
78.312019
84.545473
88.250671
89.021945
79.63272
86.058778
73.991939
74.591691
108.59459
118.06542
125.13212
125.92289
115.18538
122.07355
105.07434
108.71842
156.9082
168.0917
175.00028
174.99967
156.91532
168.08459
149.99674
150.00393
24.660385
49.398835
58.878045
60.737939
26.145034
53.13848
0
0
84.846238
92.339683
100.79819
106.18803
92.743586
102.66124
82.225667
85.200423
128.53887
133.58609
140.51188
146.60817
143.61889
147.77772
130.84292
137.68186
158.17601
168.27466
175.173
176.17963
166.04871
172.64934
154.67314
159.18419
26.951458
54.974198
64.61321
65.433653
26.907984
55.760319
0
0
102.87934
114.74558
127.45607
133.18775
113.22142
127.15615
99.132563
103.32275
159.36043
162.76182
169.12407
175.57184
174.85471
177.69856
162.4522
169.54191
178.08314
183.15057
189.50858
194.74396
190.94067
195.27834
178.60057
184.54476
207.33477
218.08572
225.03019
225.08257
211.42151
219.08701
202.71886
205.65872
27.436877
55.930881
68.104308
69.412688
25.789493
55.648094
0
0
123.71639
139.7278
155.26747
160.60579
134.51035
151.7542
117.63782
122.10166
189.99383
192.43764
197.89007
203.72356
203.49075
205.61125
192.75971
198.92451
203.47629
207.04152
212.1583
216.59898
214.60367
217.41343
204.71465
209.90352
219.21523
223.5235
228.6739
230.85435
227.21436
230.05285
219.49512
223.28073
223.64932
225.89883
229.22847
231.77398
229.95177
231.78734
224.43623
227.37996
233.89316
236.12393
238.86795
240.536
238.30996
240.12373
234.07081
236.18265
232.03677
233.71614
234.68521
233.86552
229.95177
231.78734
230.83547
229.86175
239.76061
241.45081
242.46641
241.90777
238.30996
240.12373
238.56776
237.88764
68.785575
56.82134
70.97353
60.729644
78.932633
76.651332
76.089864
67.135446
55.596662
52.272762
0
0
98.364446
91.779291
103.59376
94.465376
122.30936
116.10148
117.20717
103.94066
95.074086
91.679735
143.06482
131.855
143.24072
132.90122
151.21106
150.15985
147.63391
140.71226
133.58194
129.0412
193.09009
181.90992
200.00005
200.00006
193.0905
181.90959
199.99964
200.00004
193.08639
181.91399
175.00643
174.99788
82.21813
72.188514
93.653583
89.654072
89.622041
76.864416
63.479142
62.413694
0
0
133.39192
117.68657
153.65491
146.51264
149.94304
132.85216
119.47057
113.3349
158.93404
153.64445
171.48543
165.78556
172.12679
167.66066
160.93935
154.50113
199.99575
200.00648
193.17667
182.98099
200.62976
200.07153
196.35912
189.80348
183.41573
179.34523
206.90841
218.09017
224.99493
224.99674
98.26384
81.783868
112.43885
108.63717
106.61761
87.45881
66.933808
66.308294
0
0
166.18515
148.55254
184.90429
178.02053
181.3827
163.14902
146.92263
141.56994
185.74446
181.86063
197.76431
191.95916
199.18496
195.95061
190.24339
183.78097
204.96566
200.63065
214.52934
210.36103
214.91319
211.44733
206.18333
201.10371
226.60312
225.57792
115.54109
93.337114
195.38956
177.95399
210.66786
205.6433
206.77022
189.91168
173.20095
167.73098
144.07828
163.08602
131.83498
127.95284
211.18581
208.57319
219.88034
215.67727
220.86277
218.73217
214.8405
210.1528
214.44975
216.24577
223.73131
220.93674
230.7108
227.57432
231.02368
228.76517
225.27932
221.61959
236.23465
233.83502
227.59742
225.79645
219.90373
223.16617
230.83547
229.86175
229.8881
228.2458
227.06425
225.93328
235.97282
234.14454
238.56776
237.88764
237.58409
235.89434
234.68521
233.86552
242.46641
241.90777
235.97282
234.14455
234.07081
236.18265
231.02368
228.76518
229.22847
231.77399
223.64933
225.89882
224.43622
227.37997
21.479095
40.052515
22.115212
41.79774
78.367774
84.609574
78.824524
85.152579
109.37154
118.56448
112.32885
120.18884
156.91107
168.0894
156.90941
168.09072
25.126815
50.739447
25.791697
52.36739
86.732198
94.872621
90.195039
99.428956
132.75126
137.34101
139.34181
143.61902
159.58517
168.75402
163.18464
170.68289
26.927011
55.280741
26.916511
55.632624
105.97444
118.12617
110.54895
123.91891
163.7439
166.93445
170.68629
173.57955
181.55066
186.44425
187.33174
191.9081
207.959
218.11987
209.79687
218.51417
27.542331
55.85571
26.838352
55.740819
126.79294
143.01869
131.43682
148.29163
193.88524
196.27835
200.02145
202.24144
206.76728
210.09736
211.7457
214.7343
221.51048
225.23825
225.1091
228.20547
225.75043
227.85999
228.5865
230.51317
235.40054
237.49095
237.39035
239.29019
231.88934
233.56961
230.9647
232.71374
239.6395
241.34128
238.9957
240.75108
57.084051
68.862075
58.96237
69.819898
62.632994
72.277244
65.525958
74.588201
23.180971
45.152799
24.12578
47.895196
91.975828
98.778006
93.068988
101.05383
96.42838
106.7331
100.76066
112.92679
80.761172
87.36378
83.131118
90.193893
131.92359
143.09897
132.21765
143.10046
134.1905
143.66906
137.76753
145.5888
118.59463
124.51773
124.50619
129.82619
181.90991
193.09016
181.91001
193.09011
181.91001
193.08981
181.90918
193.09082
156.92842
168.09617
157.34744
168.10804
68.626398
77.66768
70.871806
80.393337
73.488944
84.131239
75.552999
87.435002
26.467956
53.786341
26.853798
54.589259
107.61881
121.51869
113.85545
128.9229
122.202
137.95076
129.02403
145.69112
95.525883
105.87531
100.02426
111.27852
144.01069
150.26499
149.88623
155.49882
157.39474
162.47878
163.68407
168.41934
148.04245
151.87112
154.95425
158.49096
181.92513
193.09664
182.27848
193.09305
184.17406
193.48134
187.27327
194.86139
169.22297
175.12826
174.66883
179.95974
206.91316
218.09356
207.02081
218.09365
78.198313
91.99063
80.345526
95.866861
83.286599
100.65713
85.608629
104.1586
26.949165
55.851049
27.212306
55.921195
137.86677
154.69341
144.45827
162.0032
153.92697
170.90566
159.61393
177.9983
116.33609
130.79071
120.96268
136.01897
171.53735
175.79964
177.84942
181.88577
185.87238
189.55681
192.17214
195.55852
179.17155
181.90821
186.02004
188.535
192.65695
198.3226
197.59431
202.27066
203.66359
207.75304
208.53505
212.24585
194.46778
198.56799
200.06906
203.84159
213.35661
219.95735
216.91773
221.97503
89.06686
108.69862
91.604512
112.67328
168.33659
185.85089
173.79972
192.01296
181.5684
198.90377
186.66299
203.96783
137.66896
154.99157
142.29886
160.67835
199.66449
202.73249
205.34583
208.11643
211.61333
214.08143
216.17525
218.41917
206.73452
208.78227
211.70076
213.58163
214.21852
217.47526
218.46386
221.42842
223.27866
225.9128
226.78707
229.18142
217.30792
219.95281
221.35978
223.75283
229.21745
231.85772
232.21552
234.59516
221.10835
223.11292
224.29254
226.14463
226.99423
228.71527
228.08552
229.73614
230.56994
232.70018
232.99769
234.9332
234.9748
236.73504
235.7529
237.44945
230.9647
232.71374
231.88934
233.56961
238.9957
240.75108
239.6395
241.34128
235.7529
237.44945
234.9748
236.73504
232.99768
234.9332
230.56993
232.70018
228.5865
230.51316
225.75043
227.85999
0
0
0
0
0
8.1251814
30.265549
35.61891
47.567791
50.000792
25.181215
78.863744
75.014259
83.629495
98.997124
59.984614
133.22033
122.47823
128.18196
142.60939
190.72946
181.46096
184.6581
192.7217
249.99998
250
315.3419
307.27826
0
12.539978
19.344489
3.3478331
0
18.443934
37.162022
0
24.967558
40.44945
0
24.99998
49.966279
53.250832
53.705285
15.028402
54.418753
84.152652
65.286424
77.35871
74.977743
92.047247
99.996345
105.72611
108.04377
40.308167
97.807964
134.14074
104.31123
123.49823
120.59691
135.03244
148.93063
161.31934
82.02096
150.02329
189.09702
155.19478
182.17796
166.64703
188.39765
197.24981
216.38149
250
220.87068
250
250
283.61854
279.12933
311.60234
8.570359
16.504571
23.002609
25.000698
33.955577
60.231007
57.867367
72.962516
75.00143
78.735764
108.85313
99.033534
112.08259
124.87062
141.31439
160.69685
151.27046
160.63032
172.64808
215.25726
218.40531
223.2795
281.59471
276.7205
0
0
2.1883764
6.0192138
4.7742083
7.4890539
0.80613687
2.2982335
0
0
4.3564526
11.630366
13.622659
15.351228
3.2473327
8.7415424
0
0
6.7975814
17.167643
19.077473
21.67054
5.4642718
13.668352
0
0
6.9099449
18.090502
24.99225
25.002819
6.9106184
18.086118
11.274287
16.693296
22.895874
29.408063
19.817683
27.807352
9.7891123
12.863541
32.334382
35.343435
43.441769
53.702327
55.717175
58.597639
36.248265
46.530375
35.881655
38.515959
45.0461
52.793459
54.286325
56.337629
40.485987
48.998917
48.815621
49.830495
56.74926
67.075234
67.688834
71.295612
52.760278
60.531143
31.105496
42.749084
60.119338
71.312606
46.044059
63.132723
28.828336
35.600552
80.918297
83.191137
90.99441
101.80809
107.34978
108.61511
86.18927
98.144749
74.650484
76.174989
83.155485
92.788089
97.259138
98.248969
80.827518
91.103837
85.816908
89.633518
97.30186
106.26087
106.31401
109.85194
89.059419
98.29779
99.718172
100.00121
106.89365
118.04202
122.53192
124.46965
105.14138
114.74287
66.548895
90.789839
116.92274
131.80348
94.92481
126.41656
65.675688
75.329411
134.03726
134.46621
141.31394
152.95468
161.82462
161.18479
140.8986
153.25171
122.0324
122.86405
130.83537
143.22863
149.85212
150.68675
129.61608
141.90169
129.95877
133.0865
141.87795
153.34135
156.62238
159.1152
135.33344
147.42822
144.71522
147.71434
155.4643
166.05133
168.38687
171.15467
149.04869
159.80023
185.61673
187.32409
196.48675
209.87763
216.87227
217.77912
193.24876
207.44474
193.99442
196.0385
204.31435
215.97242
221.57062
222.65326
200.30475
212.90711
250
250
258.75337
272.92049
283.12772
282.22089
259.40634
274.51691
250
250
257.41379
269.36889
278.42938
277.34674
258.07214
271.10206
0
0
11.341032
9.2975701
24.693652
16.767047
27.892122
22.744561
16.077935
11.28029
6.6330791
4.506396
0
0
19.922917
17.711575
30.86918
23.13912
39.512937
38.848391
31.030731
21.756753
0
0
24.851911
24.026759
41.914717
31.743016
45.896256
42.546109
35.85156
28.258872
0
0
6.9098335
18.090102
24.999987
25.000178
43.090783
31.909574
50.001548
49.995065
43.083074
31.914204
50.538063
42.336437
71.638264
60.184226
75.885886
66.306973
47.720014
38.895982
21.936646
17.429166
59.337779
61.230135
69.043511
59.764374
80.43346
84.367536
77.336235
66.734278
63.002272
59.649812
78.356596
70.143266
81.68755
78.855922
71.65723
63.007318
56.915468
68.086611
74.931642
74.126085
92.631011
81.852249
97.74919
94.488648
86.914994
78.488723
75.00018
74.999341
93.096921
81.913392
102.94231
92.960905
125.48193
113.39527
131.36604
122.35075
99.518226
86.461073
54.304373
45.413512
103.13026
108.29852
115.14009
104.09905
127.81031
133.12407
126.60507
115.62003
102.60703
100.20664
121.25021
110.56724
126.69367
124.52956
116.37721
105.47093
118.36475
114.46678
136.31345
126.49013
140.53734
137.12184
128.38819
118.12304
142.36596
131.61818
160.7068
153.57146
154.39922
159.48787
172.3855
158.24216
184.74531
188.35124
180.73668
168.0921
190.93706
190.20828
182.56705
169.54209
154.01459
152.18229
176.26872
163.10496
183.90253
182.72742
173.39843
159.55936
181.36307
181.86304
164.98802
162.28089
185.31199
173.65003
191.51734
189.5821
180.48256
168.06788
190.30667
179.31585
215.98231
215.4757
191.13584
206.0069
240.59368
225.48306
250.00001
250
240.24366
224.64018
220.20777
219.09653
241.92786
228.89795
249.99999
250
241.24663
227.07952
242.58621
230.63111
279.79221
280.90345
299.69526
287.09289
308.48267
310.41792
303.51325
290.12222
314.38328
312.67592
306.75123
292.55529
1.1446848
1.8480939
3.282034
5.2123875
3.5534438
4.0224973
9.537959
10.78618
5.6356699
6.4902962
14.156095
16.278674
6.9096887
6.9098207
18.090907
18.090107
13.39963
19.53045
17.20685
24.46228
38.462592
41.623137
48.950331
52.015856
40.843712
43.282325
49.083589
51.18483
54.509019
56.309664
62.841417
65.889448
34.783807
47.801965
41.445605
56.899537
88.209245
90.17163
100.07994
101.54414
80.664285
82.09099
90.821916
91.951547
91.190236
94.923636
100.34283
103.96097
106.24394
106.89067
116.41374
117.85112
73.643437
99.993197
86.36325
116.08044
141.56169
141.68001
153.84332
153.69286
129.34672
130.20428
141.75754
142.63202
137.03907
140.03347
148.98457
151.69481
151.06608
154.10081
161.65214
164.56372
194.07345
195.54252
208.05488
209.15294
201.43371
203.24562
213.78776
215.16891
259.22425
258.93578
274.1155
273.39183
257.88117
257.58617
270.59714
269.81877
2.3238156
2.8426564
6.4367382
7.8249933
12.468812
15.262745
18.430006
22.643831
6.393983
9.8858693
9.2961472
13.998396
4.6663425
5.564499
12.520115
14.439331
23.255726
25.331414
32.79573
34.086314
18.150745
20.34536
26.54105
29.328487
6.8951372
6.9039633
17.779389
18.076283
29.749362
31.333031
37.923445
40.732204
23.824069
26.584368
31.258224
33.897118
6.9098642
6.9098297
18.090035
18.090206
31.909449
31.910148
43.090871
43.089759
31.89407
31.904174
42.661477
43.072694
27.567776
33.645804
36.373078
43.835014
48.632008
57.394928
59.366086
68.702917
22.64463
31.451442
27.686712
38.10755
45.032298
44.887594
55.058842
53.707775
67.547441
64.973383
77.933359
74.342823
62.576702
65.359562
73.866528
76.316403
47.088552
50.696008
54.735493
58.224176
64.690293
67.944208
73.279633
76.317103
59.777483
61.634844
68.841422
70.431696
56.898124
56.904048
67.776025
68.086702
80.132522
81.604809
89.158597
91.805287
72.519481
76.423701
80.621194
84.516984
81.909223
81.906674
93.012649
93.086342
73.436732
83.251599
85.339634
95.28678
100.79243
110.74306
113.86111
123.30246
51.045837
69.921178
60.142413
82.239026
90.903145
86.421976
101.66906
96.528911
115.11441
109.64904
126.22986
120.61665
114.7138
115.60328
126.6132
127.14292
84.510108
87.193419
94.023705
96.537547
106.5698
108.90896
117.4333
119.68923
103.76646
104.73193
114.87
115.73037
99.795991
103.49894
108.69877
112.64245
120.43525
124.23077
130.56824
134.14835
112.52301
115.96408
123.10268
126.35768
128.59777
130.97661
138.4851
141.34439
130.78873
139.43876
144.73329
152.57389
140.24588
134.76159
152.06149
146.73674
167.25377
162.41777
180.09447
176.01792
169.94382
168.92108
182.85513
182.12113
131.82485
133.91198
144.1806
146.13714
160.39024
162.0503
174.06163
175.41004
158.17048
159.00258
172.31077
172.99538
143.86295
147.0972
155.12232
158.0335
169.59419
172.10638
181.80124
183.97021
164.39907
166.67845
177.35265
179.28438
175.27012
177.85687
186.72279
188.97852
191.60581
192.59506
206.3089
206.96458
224.79561
225.18043
240.30443
240.4615
197.51834
199.22814
210.70112
212.07219
227.59776
228.41443
241.44124
241.74439
225.8845
226.60818
240.77575
241.06421
229.40286
230.18123
242.11884
242.41383
258.55876
258.25561
272.40223
271.58558
289.29887
287.92782
302.48164
300.77186
291.9452
290.84703
305.92654
304.45745
