MFEM mesh v1.0

#
# MFEM Geometry Types (see mesh/geom.hpp):
#
# POINT       = 0
# SEGMENT     = 1
# TRIANGLE    = 2
# SQUARE      = 3
# TETRAHEDRON = 4
# CUBE        = 5
#

dimension
2

elements
80
1 3 0 28 78 31
1 3 1 32 79 29
1 3 2 35 80 33
1 3 3 38 81 36
1 3 5 30 82 43
1 3 6 34 83 41
1 3 7 37 84 44
1 3 8 40 85 46
1 3 10 42 87 53
1 3 11 45 88 51
1 3 12 47 89 54
1 3 13 49 90 56
1 3 14 50 91 58
1 3 15 52 92 62
1 3 16 55 93 61
1 3 17 57 94 63
1 3 18 59 95 65
1 3 19 60 96 67
1 3 22 68 98 70
1 3 23 69 99 72
1 3 24 73 100 75
1 3 25 74 101 76
1 3 28 1 29 78
1 3 78 29 6 30
1 3 31 78 30 5
1 3 32 2 33 79
1 3 79 33 7 34
1 3 29 79 34 6
1 3 35 3 36 80
1 3 80 36 8 37
1 3 33 80 37 7
1 3 38 4 39 81
1 3 81 39 9 40
1 3 36 81 40 8
1 3 30 6 41 82
1 3 82 41 11 42
1 3 43 82 42 10
1 3 34 7 44 83
1 3 83 44 12 45
1 3 41 83 45 11
1 3 37 8 46 84
1 3 84 46 13 47
1 3 44 84 47 12
1 3 40 9 48 85
1 3 85 48 14 49
1 3 46 85 49 13
1 3 48 86 50 14
1 3 42 11 51 87
1 3 87 51 16 52
1 3 53 87 52 15
1 3 45 12 54 88
1 3 88 54 17 55
1 3 51 88 55 16
1 3 47 13 56 89
1 3 89 56 18 57
1 3 54 89 57 17
1 3 49 14 58 90
1 3 90 58 19 59
1 3 56 90 59 18
1 3 58 91 60 19
1 3 52 16 61 92
1 3 55 17 63 93
1 3 93 63 21 64
1 3 61 93 64 20
1 3 57 18 65 94
1 3 94 65 22 66
1 3 63 94 66 21
1 3 59 19 67 95
1 3 95 67 23 68
1 3 65 95 68 22
1 3 67 96 69 23
1 3 66 22 70 97
1 3 97 70 24 71
1 3 68 23 72 98
1 3 98 72 25 73
1 3 70 98 73 24
1 3 72 99 74 25
1 3 73 25 76 100
1 3 100 76 27 77
1 3 75 100 77 26

boundary
42
1 1 0 28
1 1 1 32
1 1 2 35
1 1 3 38
4 1 5 31
4 1 10 43
4 1 15 53
1 1 28 1
1 1 32 2
1 1 35 3
1 1 38 4
4 1 31 0
4 1 43 5
4 1 53 10
4 1 62 15
6 1 4 39
6 1 48 86
6 1 9 48
6 1 50 91
6 1 92 62
6 1 60 96
6 1 64 20
6 1 66 21
6 1 97 66
6 1 69 99
6 1 75 24
6 1 74 101
6 1 101 76
6 1 77 26
6 1 39 9
6 1 86 50
6 1 91 60
6 1 61 92
6 1 20 61
6 1 21 64
6 1 96 69
6 1 24 71
6 1 71 97
6 1 99 74
6 1 26 75
6 1 76 27
6 1 27 77

vertices
102

nodes
FiniteElementSpace
FiniteElementCollection: H1_2D_P3
VDim: 2
Ordering: 0

0
66.034574
99.83339
150.00033
199.99999
0
74.825801
113.47868
150.02195
200.00009
0
90.343511
141.65085
159.62136
199.99654
0
106.11786
169.92196
182.57337
201.80952
121.876
192.40675
201.14451
211.30104
208.78642
216.40456
201.14451
211.30104
41.590751
68.364694
51.856567
0
80.350362
102.81738
91.028989
124.99924
149.99822
127.26982
175.00002
199.99999
174.99939
82.544416
58.668969
0
127.14555
111.41657
151.69885
149.29664
199.99816
175.8312
224.99935
98.103228
64.409201
0
155.96569
135.53884
171.10387
175.34944
200.10878
190.30898
225.01247
114.46641
0
182.28566
157.6145
192.80256
196.42341
206.13016
206.12115
225.34731
206.86128
205.09202
215.10852
212.59117
226.21142
206.86128
215.10852
206.12115
45.797318
83.79008
125.02595
175.00017
55.763963
100.39054
136.58005
175.01817
225.00018
61.720294
123.56639
162.41567
181.26999
224.99608
66.987075
147.52789
186.99597
198.9666
225.08074
202.86365
210.98519
225.91934
210.98519
225.91934
19.756604
36.505016
41.945278
44.04296
21.157291
39.863682
0
0
70.022229
76.259473
80.72237
82.247602
72.586685
79.425207
66.173912
67.154215
106.84141
118.0571
124.99824
124.98958
108.17886
118.28208
100.02262
100.97899
156.90983
168.09011
175.00011
174.99994
156.91007
168.0903
149.99952
150.00193
23.310237
45.102282
53.103564
54.825162
24.368054
48.089711
0
0
79.376992
86.557035
93.325231
97.535708
87.236365
94.987924
76.903648
80.356989
116.25351
122.48595
129.09303
133.36076
129.14277
133.58285
117.17712
123.27774
156.90827
168.08842
174.99732
174.99863
157.51998
168.10697
150.07339
150.72034
24.311156
49.642006
59.467874
60.826202
23.957474
50.663674
0
0
95.558015
104.94344
114.98933
119.97434
104.3038
115.4964
92.638038
96.09963
143.18541
146.82433
152.88555
158.70735
157.28661
160.34042
145.57965
152.02821
163.15039
170.26633
176.76131
179.22817
173.68949
178.06681
162.65108
167.85739
206.90884
218.09052
224.99807
224.99819
206.91478
218.09338
200.01755
200.04509
24.160732
52.245353
65.175694
66.364503
23.634145
53.245582
0
0
113.13131
126.20637
138.9231
143.63589
122.33669
136.6528
108.2287
111.9163
171.09467
173.63102
178.77807
183.99019
183.41056
185.5548
173.43145
179.05593
184.71711
188.15904
192.81507
196.70541
194.50163
197.24305
185.57152
190.14544
207.36601
218.07982
225.03474
225.06394
209.71493
218.30654
202.78347
204.74941
202.51139
204.70637
207.74587
209.93921
207.99817
209.80568
203.065
205.62765
213.42248
219.47959
225.49617
225.76362
216.53776
220.94544
212.56659
214.28819
209.83236
211.4959
212.46931
211.7553
207.99817
209.80568
208.64974
207.80278
217.66004
221.56471
226.18762
226.05281
216.53776
220.94544
216.30506
215.7258
61.588874
51.529446
63.972427
54.955772
72.816259
69.882078
70.060192
60.885897
50.410812
47.684305
0
0
93.786841
84.955462
96.229331
88.286588
109.862
105.27668
105.09143
95.680683
88.793316
85.56035
143.09054
131.91085
143.08802
131.90801
150.00379
149.99634
143.17432
132.85226
126.06249
125.15694
193.09018
181.90982
199.99999
199.99999
193.09018
181.90981
200.0001
200.00002
193.09011
181.91024
174.99954
175.00035
77.504377
66.691495
88.204426
84.715749
84.88948
72.409262
57.898364
56.613732
0
0
118.65321
106.23336
137.57998
131.21271
133.43156
118.98813
108.33489
103.28746
146.58762
139.93103
156.86564
153.24366
156.52307
151.94027
145.61788
139.91631
200.0001
199.99968
193.09159
181.90589
199.99262
199.99909
193.09111
182.08198
175.28945
175.02809
206.91013
218.08998
225.00028
224.99998
91.905789
77.785496
103.77588
100.46732
98.78113
82.509136
63.781737
62.605419
0
0
148.29455
132.53159
166.22389
159.87802
162.30884
145.40584
131.84437
127.21025
168.58824
164.69179
179.43029
174.28209
180.48157
177.23888
171.8753
166.12257
193.63708
185.20685
201.05419
200.30546
197.35306
192.56798
187.73995
183.60326
224.99339
224.9888
106.2794
87.041661
175.20935
158.61421
189.89278
185.29929
185.7095
169.41225
154.78079
150.01556
130.51561
146.28768
120.12322
116.7701
191.13131
188.53643
199.03986
195.30293
199.77468
197.67909
194.06703
189.83506
193.43249
195.21607
203.6049
200.68148
209.92567
207.57682
209.74173
207.51845
204.31948
201.10674
225.22589
225.10926
205.68987
203.93942
198.61912
201.50825
208.64974
207.80278
207.69898
206.08365
204.94464
203.96025
213.91359
212.12082
216.30506
215.7258
215.29704
213.63756
212.46931
211.7553
226.18762
226.05281
213.91359
212.12082
212.56659
214.28819
209.74173
207.51845
207.74587
209.93921
202.51139
204.70637
203.065
205.62765
19.950192
36.796113
20.61398
38.40918
70.221195
76.569943
71.30829
77.98077
106.87177
118.09847
107.24124
118.11001
156.90998
168.09013
156.90986
168.09028
23.740957
46.160305
24.213317
47.465465
81.526535
88.740062
85.03446
92.437483
119.57586
124.91609
125.34674
130.00877
156.91533
168.09421
157.07523
168.09092
24.2005
49.944335
24.033927
50.385611
98.065553
107.78528
102.06826
112.56936
147.16451
150.57559
153.45659
156.57611
165.7876
171.89997
170.63091
175.46888
206.90814
218.09165
206.91111
218.0918
24.425207
52.635694
24.24579
53.132445
115.69855
129.10841
119.77388
133.741
174.66396
177.12409
180.22143
182.48012
187.57451
190.79867
191.95453
194.87326
207.7996
218.07601
208.86355
218.16079
204.34738
206.40595
206.81064
208.70157
214.42771
219.91166
215.84468
220.58699
209.69973
211.36909
208.89062
210.61994
217.57316
221.51533
217.06891
221.23332
51.814342
61.70121
53.447948
62.743361
56.59266
65.445124
59.266127
68.206268
21.769577
41.444854
22.774274
43.835255
85.33556
94.087663
86.867967
94.961326
89.95213
98.069188
93.270004
102.02245
74.191633
81.18561
77.288182
84.416874
131.90892
143.09054
131.91267
143.08873
131.92658
143.0969
132.22519
143.09491
109.6619
118.73277
113.26046
120.56008
181.90983
193.09018
181.90982
193.09018
181.90991
193.09017
181.90999
193.0901
156.91023
168.08965
156.90943
168.09072
62.487879
72.028711
65.094791
75.364904
68.297801
79.587365
70.843621
82.888313
24.444694
48.618269
24.421381
49.292386
98.326274
108.52661
103.18791
114.57039
109.82994
122.59202
115.60491
129.43041
89.524855
97.592319
93.246101
102.01331
134.01736
143.47428
137.24408
144.93465
142.98957
148.80829
148.47322
153.39642
133.09556
137.14532
139.25439
143.02115
181.90969
193.09004
181.90938
193.0904
181.91251
193.09108
181.93815
193.09626
158.39198
168.24071
160.92576
169.13161
206.90985
218.09015
206.90993
218.08983
73.954183
86.93653
76.332937
90.057201
79.137627
93.768331
81.087644
96.775773
23.85717
51.022033
23.918158
51.753814
123.0618
137.7493
129.01049
144.37978
136.99742
152.55916
142.28046
159.04554
106.93496
118.49928
110.81599
123.17494
155.38721
159.75799
161.07674
165.18215
168.24523
171.90685
173.82869
177.22193
161.25865
164.16478
167.4952
170.10864
182.45918
193.08591
183.8404
193.26401
186.93453
194.28434
190.30348
195.969
176.74977
180.83499
181.7141
185.41051
206.92892
218.10001
207.09503
218.0948
83.724252
100.60465
85.722566
103.90226
149.94368
166.35994
154.89249
172.07516
161.86438
178.45749
166.49977
183.12362
125.03344
139.39695
128.91083
144.2065
180.56533
183.61273
185.6187
188.37295
191.2878
193.7267
195.38861
197.59953
186.41148
188.46017
190.93944
192.81083
194.87398
198.93955
198.53403
201.78341
202.73151
205.41214
205.80535
208.18477
196.90053
199.47818
200.48882
202.825
210.67768
218.53623
212.36858
219.07337
199.80345
201.76816
202.60824
204.41689
204.99348
206.6759
205.94166
207.5607
209.06247
211.1469
211.13703
213.02639
212.84584
214.57336
213.52152
215.19052
208.89062
210.61994
209.69973
211.36909
217.06891
221.23332
217.57316
221.51533
213.52152
215.19052
212.84584
214.57336
211.13703
213.02639
209.06247
211.1469
206.81064
208.70157
204.34738
206.40595
0
0
0
0
0
7.3813984
33.399383
43.197516
49.977739
49.999829
23.684668
81.699607
82.395659
93.618336
100.00543
56.051005
135.15074
128.61964
136.10004
149.21332
192.0021
185.01021
189.13546
197.49335
250
250
310.86454
302.50665
0
13.614542
19.002525
3.0985415
0
23.510884
40.492807
0
25.002459
48.251335
0
24.999989
50.001188
56.563459
56.522512
13.688961
62.072106
87.069977
73.669401
86.323745
75.001605
99.421451
99.999868
108.05346
111.80253
38.119614
104.60371
136.96788
113.55134
130.71504
124.93925
143.25238
149.99944
162.95153
79.559979
155.11605
191.01725
161.47092
186.26238
172.99184
193.09834
199.92487
218.8396
250
223.35119
250
250
281.1604
276.64881
306.90166
8.0555149
19.310658
24.938233
24.999973
35.288619
63.254397
67.259176
74.985047
74.999779
82.392747
111.75397
107.2882
121.43582
125.00359
144.03653
163.16542
157.09171
167.14884
174.97508
217.47137
220.95254
224.90282
279.04746
275.09718
0
0
2.0257016
5.6127813
4.3468758
6.7759399
0.74823264
2.1321809
0
0
5.1645246
13.765004
15.181975
17.709036
3.3999716
9.3308982
0
0
6.9142747
18.047345
23.932987
24.863374
6.8865003
17.673866
0
0
6.9096554
18.090184
25.000102
24.999955
6.9103998
18.091701
10.248805
15.589295
22.919961
30.22232
17.887128
27.134801
8.8529392
11.646903
35.632697
38.718603
46.669652
56.832423
58.840548
61.597933
39.581226
49.909572
44.149935
46.8965
53.849535
62.185556
62.625999
65.329965
48.341073
56.767836
49.999587
50.000345
56.91282
68.093281
74.520016
74.987711
56.845591
67.501499
27.947754
43.208477
63.217389
74.791545
42.127387
64.859805
27.256964
33.741545
83.617008
85.838262
93.771576
104.66139
109.59575
111.13335
88.87873
100.62636
82.664056
84.777781
91.982348
101.30081
104.61181
106.14903
88.154932
98.16761
95.784647
98.508921
105.74675
115.54453
115.72062
119.37971
98.905397
107.80362
100.00009
100.00022
106.91089
118.09214
124.99871
124.99727
106.90226
118.06287
64.178157
94.281786
120.48634
134.88548
96.778861
130.63922
61.580371
71.836084
136.07387
136.77677
143.93441
155.51436
163.47347
163.32549
142.70213
154.99308
128.56629
129.81239
137.70012
149.49485
155.208
156.32514
135.45149
147.30549
137.99716
141.24912
149.63799
160.33338
162.98224
165.57314
142.84984
154.20224
149.81011
150.00225
156.90039
168.06982
174.09722
174.93131
155.78543
166.39977
190.16858
191.96593
200.63645
213.08559
219.37149
220.3257
197.19732
210.50277
198.57995
199.70405
206.81763
217.9862
223.96996
224.70479
204.50782
216.07951
250
250
258.04796
271.064
280.62851
279.6743
258.67937
272.66958
250
250
256.94366
268.16964
276.03004
275.29521
257.38982
269.3194
0
0
12.024218
9.2768283
27.399764
18.470045
30.641728
24.112598
15.534951
10.703092
6.0612389
4.1559476
0
0
23.186484
20.705212
38.061758
29.284693
44.487441
42.224006
34.449066
24.956972
0
0
24.99921
24.998099
43.087258
31.912359
49.931622
49.236723
42.219618
31.758742
0
0
6.9098589
18.090151
24.999999
24.999951
43.090136
31.909817
50.000119
49.999785
43.090511
31.909829
53.925727
45.402313
74.579127
63.339283
78.92095
69.837841
50.215023
40.722109
20.470704
16.017984
65.017037
64.675265
76.59595
67.374533
86.217936
87.88445
80.318563
69.709713
72.349362
69.33245
88.339683
79.488828
91.455978
88.155344
80.817269
72.3565
56.909684
68.090108
74.998998
75.001771
93.097088
81.911356
99.996992
99.885773
92.877821
81.888119
74.999732
75.000184
93.089704
81.90973
105.38104
96.341406
127.56253
115.65068
133.21761
125.05239
103.38084
90.24582
50.797706
42.785391
108.6239
111.76567
121.51025
110.72587
132.748
136.37777
129.53693
118.46526
111.62013
108.779
129.55966
119.48988
134.43902
131.97101
123.97379
113.51567
124.6985
123.14586
142.59787
131.74895
148.1611
145.32497
137.03099
127.31308
143.09694
131.91709
162.05745
155.60753
158.61849
162.32128
176.42078
162.95097
187.67899
190.4118
182.95248
170.4067
192.11792
191.74259
183.91314
171.07468
160.17106
158.14793
181.26668
168.89805
188.27493
186.9347
177.97598
164.89999
185.08557
185.80018
171.56631
168.84762
190.59032
179.6418
196.30047
194.32083
185.71173
174.11042
193.03459
181.8778
218.3829
217.76775
194.73835
208.76296
241.32063
227.33042
250
250
240.89478
226.30001
222.71437
221.62997
242.61018
230.6806
250
250
241.95204
228.936
243.05634
231.83036
277.28563
278.37003
295.49218
283.92049
303.69953
305.67917
299.36355
286.91441
309.83142
308.03407
302.80268
289.49723
1.0491406
1.6486244
2.9936318
4.680411
3.818911
4.5973091
10.489408
12.455957
6.9371176
6.9016142
17.68809
18.106982
6.9096651
6.9099547
18.090217
18.090168
12.166102
18.428577
15.572704
23.558289
41.830345
44.907068
52.23088
55.126844
49.289174
52.188443
57.492878
60.252749
56.907266
56.906361
67.954976
68.088941
31.328707
48.588495
37.605358
58.242711
90.74315
92.753154
102.4322
104.10584
88.538541
90.551104
98.419349
100.11316
101.18251
104.4281
110.03309
113.68888
106.91054
106.9091
118.0903
118.08867
72.300539
103.91362
86.967759
120.3553
143.51341
143.97909
155.68674
155.87451
135.54396
136.80573
147.4562
148.67673
144.65486
147.74634
155.83747
158.63345
156.56108
156.9136
167.40832
168.06549
198.09117
199.64528
211.16644
212.32431
205.49805
206.57675
216.85728
217.75644
258.50209
258.22222
272.25282
271.52726
257.21831
257.00585
268.86924
268.32285
2.2602313
2.9517285
6.34109
8.1940464
12.647745
16.432872
19.258734
24.821207
5.8155459
9.0223589
8.4577714
12.948471
5.7081196
6.4387987
14.966769
16.849316
26.551041
29.204914
36.150785
38.721989
20.371365
23.257515
29.596587
32.68078
6.9106309
6.9094767
18.089582
18.088444
31.892839
31.905236
42.82882
43.086004
29.967796
31.386464
38.923189
41.270243
6.9098574
6.9098051
18.090146
18.09018
31.909816
31.909841
43.090071
43.090204
31.90989
31.909949
43.090835
43.089901
29.494933
36.804369
39.087207
47.259422
51.931816
60.69586
62.855831
71.867178
20.385438
31.070036
24.865558
38.241853
48.360396
50.123501
58.424138
59.318331
71.04376
70.777589
81.439496
80.221277
65.546213
68.215177
76.668876
79.008222
55.249548
56.590902
64.163125
66.634449
74.365569
77.758502
82.747565
86.206309
68.028481
70.576297
77.025096
79.235
56.909763
56.910003
68.090288
68.09027
81.909384
81.908463
93.070344
93.08531
80.792135
81.795549
90.26076
92.34364
81.909725
81.909936
93.089821
93.090621
76.960933
86.135048
88.785391
97.895666
104.05522
113.03947
116.79982
125.40904
47.208769
72.087148
56.981319
85.215929
94.481905
92.196057
105.16189
102.20801
118.58284
115.05349
129.57701
125.8152
116.86691
118.10167
128.70716
129.51837
93.660909
96.791088
102.83792
105.79227
114.91537
117.63706
125.26635
127.82669
110.89515
112.41988
121.67816
123.02903
106.55403
106.91176
116.93894
117.98871
129.25596
131.29181
139.13212
141.75831
121.58443
125.16241
131.53801
134.93504
131.90191
131.90408
143.00889
143.0864
133.31233
141.13447
147.01589
154.02222
143.45949
139.56924
155.05242
151.18594
169.9038
166.32127
182.407
179.33291
171.43081
170.94541
184.19279
183.7939
138.90777
141.27631
150.62033
152.79022
165.87028
167.72135
178.76823
180.29495
163.095
164.17526
176.52229
177.41933
151.63212
154.56152
162.15343
165.00782
175.6846
178.23371
187.07309
189.28828
170.27873
172.65932
182.4304
184.45524
180.8012
181.78088
191.73772
192.85184
195.31333
196.45005
209.155
209.9431
226.51327
226.98258
240.98573
241.18292
201.70354
203.44727
213.91229
215.27021
229.43378
230.22106
242.13942
242.43602
227.74718
228.47274
241.49791
241.77778
231.13076
231.67715
242.78169
242.99415
257.86058
257.56398
270.56622
269.77894
286.08771
284.72979
298.29646
296.55273
288.83356
287.67569
301.90883
300.35472
