FiniteElementSpace
FiniteElementCollection: L2_2D_P3
VDim: 1
Ordering: 0

1.2407217
1.2281864
1.2118028
1.1982323
1.2202516
1.2089699
1.1939702
1.1811823
1.188971
1.1797248
1.1669999
1.1551373
1.1615495
1.1540824
1.1433474
1.1318658
1.0251002
0.93961357
0.81876864
0.7286246
0.99855215
0.91297414
0.79492455
0.70752089
0.95864597
0.87387376
0.76047326
0.67697883
0.92418395
0.84092021
0.7317342
0.65144758
0.38890366
0.32547185
0.25163653
0.20206553
0.37760377
0.31602109
0.24432756
0.19619685
0.36125712
0.30234206
0.23375045
0.1877038
0.34760542
0.29091345
0.22491485
0.18060872
0.05535941
0.036531988
0.018885213
0.0099891383
0.053751577
0.035471003
0.018336726
0.0096990256
0.05142471
0.033935512
0.017542948
0.009279167
0.049480871
0.03265276
0.016879828
0.0089284168
1.0114632
1.0122862
1.0064039
0.9882898
0.97158919
0.97339012
0.96557751
0.94363364
0.91732212
0.91880023
0.90586732
0.87812131
0.87352655
0.87306101
0.85472016
0.82259669
0.74351628
0.67479559
0.58722329
0.52283973
0.69792063
0.63327171
0.5510883
0.49067443
0.63721342
0.57802091
0.50302621
0.44788595
0.59029228
0.53515639
0.46582434
0.41474071
0.27895007
0.2334496
0.18048791
0.14493342
0.26178559
0.21908497
0.16938181
0.13601521
0.23895324
0.19997644
0.15460832
0.12415198
0.22127111
0.18517368
0.14316469
0.1149625
0.039707006
0.026202907
0.013545581
0.007164799
0.037263703
0.02459056
0.012712077
0.0067239262
0.034013562
0.022445774
0.011603329
0.0061374659
0.031495931
0.020784364
0.010744466
0.0056831778
0.64247453
0.62315473
0.58413677
0.54828696
0.57875903
0.55666118
0.51827164
0.48601362
0.49214359
0.46933351
0.43526052
0.40823215
0.42558369
0.40444843
0.37497611
0.35176006
0.38711128
0.35109377
0.30557071
0.27206841
0.34314131
0.31124064
0.27088074
0.24118106
0.28820552
0.26142092
0.22751735
0.20257289
0.24830758
0.22522917
0.19601938
0.1745283
0.14515302
0.12147519
0.093916631
0.07541593
0.12867508
0.10768498
0.083255008
0.066854533
0.10807683
0.090446944
0.069927641
0.056152544
0.093114432
0.077925265
0.060246702
0.048378659
0.020661486
0.013634647
0.0070484233
0.0037281932
0.018315945
0.012086809
0.0062482693
0.0033049597
0.015383952
0.010151968
0.0052480544
0.002775906
0.013254163
0.0087465068
0.0045215019
0.0023916033
0.17674553
0.16774785
0.15554566
0.14591274
0.13327449
0.12649853
0.11729628
0.11003213
0.085247224
0.080914763
0.075027751
0.070381274
0.055400198
0.052585292
0.048759261
0.045739584
0.10299444
0.093420313
0.081304966
0.072390849
0.077667706
0.070447983
0.06131181
0.054589706
0.049679688
0.04506163
0.039217734
0.03491798
0.032285999
0.029284805
0.025486954
0.022692615
0.038621995
0.032321827
0.024989117
0.020066492
0.029124724
0.024373787
0.018844213
0.015132078
0.018629456
0.015590547
0.012053589
0.0096791433
0.012106974
0.010132038
0.0078334271
0.0062903144
0.0054975595
0.0036278746
0.0018754278
0.00099198881
0.0041456921
0.0027357687
0.0014142541
0.00074805561
0.0026517672
0.0017499181
0.00090461922
0.00047848931
0.0017233395
0.0011372427
0.000587897
0.00031096225
0.73882967
0.64858568
0.53816099
0.46014427
0.72746604
0.63852184
0.52983025
0.4530114
0.70914447
0.62232847
0.51642322
0.441537
0.69253299
0.60767757
0.50428946
0.4311544
1.0950858
1.0125455
0.88654638
0.78860426
1.0815201
0.99808556
0.8727751
0.77640157
1.0589689
0.97439931
0.85058745
0.75676414
1.0377941
0.95254746
0.83050443
0.73900297
0.19281956
0.14927254
0.10208722
0.073033785
0.18983287
0.14695968
0.10050557
0.071902291
0.18502648
0.14323812
0.097960561
0.070081513
0.18067739
0.13987035
0.095657583
0.0684339
0.42101319
0.35229838
0.27238827
0.21872724
0.41447786
0.3468419
0.26816736
0.21533828
0.40396749
0.33806177
0.26137577
0.20988487
0.39446026
0.33011679
0.25522964
0.2049503
0.0071801125
0.0027253209
0.00032787504
5.6174398e-06
0.0070688669
0.0026830967
0.00032279492
5.5305417e-06
0.0068898658
0.0026151532
0.00031462108
5.3903556e-06
0.0067278852
0.0025536704
0.00030722444
5.2635417e-06
0.05992407
0.039544142
0.020442363
0.010812771
0.05899565
0.038931459
0.020125643
0.010645243
0.057501671
0.037945625
0.019616002
0.010375678
0.056149756
0.037053527
0.019154825
0.010131746
1.16797
1.1630594
1.1561111
1.1496705
1.1284731
1.125808
1.1215946
1.1171016
1.0724848
1.0728827
1.0724937
1.0707635
1.0268363
1.0294864
1.0320369
1.0325353
1.1904816
1.1715701
1.1264931
1.0664734
1.1736367
1.153303
1.1042126
1.0410939
1.1475108
1.1244419
1.069287
1.0022643
1.1237416
1.0978669
1.0376797
0.96807787
1.1095933
1.0819821
1.0190649
0.94833426
1.0800408
1.0487287
0.98080531
0.90861556
1.0351426
0.99842213
0.92474597
0.852268
0.99540349
0.95448094
0.87755312
0.80636485
1.1457776
1.1393175
1.1296393
1.118164
1.1141698
1.1097174
1.1019009
1.089887
1.0691874
1.0673716
1.0613808
1.0474584
1.0321093
1.0321083
1.0264961
1.0100743
0.68281003
0.59911455
0.49719513
0.42508484
0.66300199
0.5817011
0.48276028
0.41273871
0.63428845
0.55651206
0.46186506
0.39487245
0.61027776
0.53547856
0.44440577
0.37994774
0.59683819
0.52371021
0.43463451
0.37159582
0.5705417
0.50066674
0.41550411
0.35524287
0.53436873
0.46893913
0.38917021
0.33272945
0.50544734
0.44355279
0.36810563
0.31471873
0.90453832
0.82241711
0.71566203
0.63715175
0.86555033
0.78619562
0.68418459
0.60914198
0.81114451
0.73636252
0.64083197
0.57055329
0.7673647
0.69652389
0.60613652
0.53967434
0.17813482
0.13790152
0.094311212
0.06747068
0.17296179
0.13389633
0.091572191
0.065511128
0.16547484
0.1281
0.087608186
0.062675228
0.15921984
0.12325788
0.084296609
0.060306115
0.15571939
0.12054822
0.082443409
0.058980338
0.14886598
0.11524293
0.078815036
0.056384604
0.13943135
0.10793932
0.073820023
0.052811164
0.131884
0.1020965
0.069824123
0.049952474
0.3399666
0.28451761
0.21997048
0.17663824
0.32500846
0.27199541
0.21028978
0.16886444
0.30441262
0.25475727
0.1969625
0.15816247
0.28793372
0.24096765
0.18630067
0.14960104
0.0066331883
0.0025177265
0.00030290022
5.1894069e-06
0.0064405423
0.002444604
0.00029410332
5.03855e-06
0.0061617396
0.0023387798
0.00028137205
4.8203565e-06
0.0059288275
0.0022503744
0.00027073628
4.6381344e-06
0.0057984877
0.0022009021
0.00026478437
4.5361875e-06
0.0055432949
0.0021040402
0.00025313108
4.3366051e-06
0.0051919818
0.0019706943
0.00023708854
4.0618027e-06
0.0049109379
0.0018640198
0.00022425485
3.8419272e-06
0.048393089
0.031934919
0.016508741
0.0087321337
0.046263315
0.030529454
0.01578219
0.0083478305
0.043331333
0.028594613
0.014781976
0.0078187767
0.040985785
0.027046777
0.013981821
0.0073955433
1.0018226
1.0055751
1.0096205
1.0112677
0.95390027
0.95975856
0.9665373
0.97022638
0.8896499
0.89834841
0.90862908
0.91473241
0.83942589
0.8503001
0.86318343
0.87067971
0.81244761
0.82439787
0.83856817
0.84656159
0.76192839
0.7757416
0.79186674
0.79950572
0.69682624
0.71245642
0.72920721
0.73390269
0.64794641
0.66394968
0.67846768
0.67918921
0.97226968
0.92921755
0.85110171
0.78121675
0.92505846
0.87855422
0.7996518
0.73306176
0.85647092
0.80703019
0.73010773
0.66900498
0.79916605
0.74912354
0.67595025
0.61970357
0.76725297
0.71753002
0.64704851
0.59338615
0.7056559
0.65789489
0.5929988
0.54381052
0.62370449
0.58048729
0.5232876
0.47979208
0.56134121
0.52230452
0.47085789
0.43171289
0.84924222
0.8471245
0.82552106
0.79132566
0.80098597
0.79491015
0.76712841
0.72999677
0.73237362
0.71999753
0.68524394
0.64669567
0.67486476
0.65774323
0.61961311
0.58226951
0.48967674
0.42971371
0.35662088
0.30489935
0.45954355
0.40327223
0.33467731
0.28613806
0.41945634
0.36809917
0.30548703
0.2611816
0.38837778
0.34086343
0.28287119
0.24184979
0.37179031
0.32631352
0.27079469
0.23152474
0.34076146
0.2990602
0.24818593
0.21219187
0.30068853
0.26388626
0.21899538
0.18723538
0.27055899
0.23744416
0.19705148
0.16847384
0.56518333
0.51228873
0.44594505
0.39703893
0.51790408
0.46954917
0.40869174
0.36388575
0.45685589
0.41434027
0.36061859
0.3210805
0.41106213
0.37282321
0.32448342
0.28890662
0.12776923
0.098911033
0.067645584
0.048393932
0.11990725
0.092824707
0.063483141
0.045416098
0.10944896
0.084728537
0.057946148
0.041454907
0.10134746
0.078457084
0.053657024
0.038386465
0.097020846
0.075107702
0.051366363
0.036747718
0.088919722
0.06883617
0.047077272
0.033679277
0.0784614
0.060740009
0.041540274
0.029718087
0.070599362
0.054653692
0.037377826
0.026740253
0.21182541
0.17726843
0.13705291
0.11005468
0.19413491
0.16246696
0.12560878
0.10086502
0.171302
0.14335832
0.11083533
0.08900178
0.15413703
0.12899346
0.099729313
0.080083559
0.0047577146
0.0018058615
0.00021725802
3.7220417e-06
0.0044649574
0.001694741
0.00020388948
3.4929869e-06
0.0040755243
0.0015469257
0.00018610628
3.1883082e-06
0.0037738588
0.0014324242
0.00017233089
2.9523329e-06
0.0036127499
0.001371273
0.00016497395
2.8262983e-06
0.0033110847
0.0012567714
0.0001511986
2.5902983e-06
0.0029216513
0.0011089562
0.00013341537
2.2856411e-06
0.0026288939
0.00099783575
0.00012004679
2.0566085e-06
0.030151349
0.019897063
0.010285777
0.0054405588
0.0276337
0.018235656
0.0094269122
0.0049862712
0.024383563
0.016090868
0.0083181656
0.0043998107
0.021940262
0.014478519
0.0074846626
0.0039589376
0.62219736
0.63802414
0.65026253
0.64829017
0.57362691
0.58751503
0.59421028
0.58710721
0.50860809
0.51727519
0.51534722
0.50258434
0.45581111
0.45947708
0.45142148
0.43615771
0.42647146
0.42739122
0.41665173
0.40088783
0.36942116
0.36596062
0.35222417
0.33719862
0.29307271
0.28624186
0.27246684
0.260402
0.23571186
0.22848985
0.2169135
0.20737728
0.52869996
0.49188021
0.44340855
0.40655567
0.4687974
0.43601902
0.3930804
0.3603912
0.393806
0.366209
0.33016251
0.30270059
0.33926421
0.31551031
0.28445391
0.26079477
0.3114062
0.28961713
0.26110755
0.2393906
0.26165057
0.24334516
0.21938979
0.20114342
0.20209019
0.18795649
0.16945215
0.15535934
0.16093703
0.1496832
0.13494647
0.12372356
0.39082587
0.3712444
0.34423423
0.32290483
0.32856295
0.31194182
0.28922575
0.27131513
0.25384641
0.24092504
0.22339635
0.20956288
0.20216041
0.19186092
0.17790785
0.16688998
0.2547898
0.22360456
0.18556662
0.15865431
0.22586636
0.19822069
0.16450049
0.14064362
0.18971105
0.16648953
0.13816758
0.11812957
0.16344697
0.14344034
0.11903935
0.10177545
0.15003243
0.13166801
0.10926956
0.093422571
0.12606153
0.11063115
0.091811378
0.07849627
0.097367507
0.085449404
0.070913352
0.060629022
0.077540526
0.068049333
0.056473255
0.048283125
0.22792934
0.20674382
0.17993192
0.16020445
0.19151365
0.17371208
0.15118382
0.13460834
0.14792203
0.13417188
0.11677151
0.10396893
0.11780087
0.10685038
0.092993334
0.082797724
0.06648453
0.051468231
0.035199282
0.025181713
0.05893703
0.045625437
0.031203372
0.022323024
0.049502476
0.038321774
0.026208377
0.018749583
0.042649241
0.033016422
0.02258003
0.016153849
0.039148944
0.030306709
0.020726849
0.014828075
0.032894048
0.025464551
0.017415283
0.012458967
0.025406735
0.019668333
0.013451232
0.0096230682
0.020233158
0.015663268
0.010712156
0.0076635215
0.085472403
0.071529799
0.055302157
0.044408142
0.071816307
0.06010136
0.046466428
0.037312972
0.055469549
0.046421143
0.035889783
0.028819828
0.044174277
0.036968399
0.028581541
0.022951242
0.0024756703
0.00093967747
0.00011304993
1.936742e-06
0.0021946262
0.000833003
0.00010021623
1.7168804e-06
0.0018433133
0.00069965696
8.4173744e-05
1.4420435e-06
0.0015881208
0.00060279488
7.2520541e-05
1.2424042e-06
0.0014577811
0.00055332249
6.6568658e-05
1.140438e-06
0.0012248688
0.00046491715
5.5932863e-05
9.5822808e-07
0.00094606526
0.00035909314
4.3201476e-05
7.4011726e-07
0.00075341785
0.00028597095
3.4404353e-05
5.8940701e-07
0.012166372
0.0080286663
0.0041504147
0.0021953204
0.010222528
0.0067459118
0.0034872954
0.0018445701
0.0078956859
0.0052104135
0.0026935204
0.0014247108
0.0062878863
0.0041494163
0.0021450385
0.0011345967
0.20642258
0.19975611
0.18969241
0.18135294
0.15593945
0.15066606
0.14304208
0.13675707
0.099779567
0.096365097
0.091495856
0.087478144
0.064843107
0.062622444
0.059462798
0.056851232
0.049215964
0.047526048
0.045126345
0.043143965
0.025595307
0.024720913
0.023472324
0.022441334
0.0062273539
0.0060145069
0.0057106787
0.0054598457
0.00027596078
0.00026646825
0.00025300694
0.00024189259
0.14070907
0.13086934
0.11798502
0.10817275
0.10610874
0.09868817
0.088972141
0.081572666
0.067871968
0.063125328
0.056910497
0.052177473
0.044108889
0.041024091
0.03698519
0.033909271
0.033474181
0.031133123
0.028068015
0.025733699
0.017411735
0.016194035
0.014599701
0.0133855
0.0042361634
0.0039399033
0.0035520119
0.0032566044
0.00018767638
0.00017455083
0.00015736598
0.00014427839
0.042042728
0.03990683
0.037003341
0.034711711
0.021868962
0.020757711
0.019247461
0.018055458
0.0053205955
0.0050502265
0.0046827786
0.0043927741
0.00023571835
0.00022374262
0.0002074624
0.0001946144
0.067794428
0.059496184
0.049375111
0.0422144
0.051123569
0.044865884
0.037233614
0.031833745
0.032700885
0.028698196
0.023816259
0.020362265
0.021251762
0.01865048
0.015477791
0.013233098
0.016127936
0.014153825
0.011746076
0.010042581
0.0083890169
0.0073621751
0.0061097734
0.005223693
0.0020409931
0.0017911691
0.001486468
0.0012708904
9.0422803e-05
7.9354759e-05
6.5855485e-05
5.6304681e-05
0.024501798
0.022224202
0.019342016
0.017221396
0.012744722
0.011560016
0.010060836
0.0089577856
0.0031007075
0.0028124767
0.0024477355
0.0021793708
0.00013737163
0.00012460211
0.00010844283
9.6553387e-05
0.017690045
0.013694546
0.009365741
0.0067002906
0.013340006
0.010327013
0.0070626755
0.0050526678
0.0085328555
0.0066056125
0.0045175983
0.0032319088
0.0055453611
0.0042928779
0.0029359121
0.0021003639
0.0042083674
0.0032578595
0.0022280599
0.0015939634
0.0021890009
0.00169459
0.0011589352
0.00082910714
0.00053256963
0.00041228269
0.00028196137
0.00020171635
2.359461e-05
1.8265497e-05
1.2491828e-05
8.9367067e-06
0.0091879669
0.0076891905
0.0059447777
0.0047737115
0.0047791617
0.0039995665
0.0030922025
0.0024830672
0.0011627388
0.00097306841
0.00075231267
0.00060411404
5.1513206e-05
4.3110173e-05
3.3329959e-05
2.6764265e-05
0.00065872048
0.00025002715
3.0080057e-05
5.1532422e-07
0.00049673902
0.00018854468
2.2683275e-05
3.886044e-07
0.00031773615
0.00012060148
1.4509222e-05
2.4856849e-07
0.00020649145
7.8376899e-05
9.4293022e-06
1.6154054e-07
0.00015670609
5.9480128e-05
7.1558853e-06
1.2259291e-07
8.1511368e-05
3.0938852e-05
3.7221655e-06
6.3767241e-08
1.9831184e-05
7.5272207e-06
9.0557855e-07
1.5514154e-08
8.7858753e-07
3.3348096e-07
4.0120148e-08
6.8732875e-10
0.0013078401
0.00086305204
0.00044615428
0.00023598885
0.00068027883
0.00044892034
0.00023206912
0.00012275065
0.0001655074
0.00010921939
5.6460903e-05
2.9864431e-05
7.3325293e-06
4.8387828e-06
2.5014061e-06
1.3230938e-06
