FiniteElementSpace
FiniteElementCollection: L2_2D_P3
VDim: 1
Ordering: 0

0.00018730789
0.00021025824
0.00020966661
0.00019389348
0.0037168929
0.0043188759
0.0045535097
0.0043784786
0.013602774
0.015943137
0.017508714
0.017495606
0.023431512
0.027554346
0.031137674
0.032061401
0.00013727196
0.00012464362
0.0001084374
9.6552089e-05
0.0031012558
0.0028123906
0.0024477585
0.0021793906
0.012749929
0.011559074
0.010061132
0.0089579005
0.024499201
0.022229119
0.019342089
0.017221304
5.1512654e-05
4.3110302e-05
3.3329899e-05
2.6764268e-05
0.0011627395
0.00097306842
0.00075231263
0.00060411405
0.0047791733
0.0039995639
0.0030922035
0.0024830671
0.0091879054
0.0076892007
0.0059447729
0.0047737111
7.3325279e-06
4.8387832e-06
2.501406e-06
1.3230939e-06
0.0001655074
0.00010921939
5.6460902e-05
2.9864431e-05
0.00068027885
0.00044892033
0.00023206913
0.00012275065
0.00130784
0.00086305205
0.00044615427
0.00023598886
0.080134611
0.088685151
0.099614408
0.10731096
0.097150743
0.10569043
0.11659629
0.12455026
0.12126757
0.12962086
0.14024557
0.14784251
0.14113369
0.14920648
0.15930474
0.16633403
0.11342193
0.10575218
0.092972076
0.082765712
0.13729356
0.13022478
0.11633403
0.10395499
0.16640171
0.16142083
0.1482014
0.13410287
0.18648582
0.18352096
0.1722051
0.15800146
0.044175211
0.036968026
0.028581665
0.022951261
0.055471528
0.046420724
0.035889892
0.028819881
0.07182327
0.060099856
0.04646685
0.037313159
0.085489833
0.071527125
0.055303012
0.044408573
0.0062878871
0.004149416
0.0021450386
0.0011345966
0.007895685
0.0052104133
0.0026935204
0.0014247107
0.010222529
0.0067459086
0.0034872965
0.0018445697
0.012166365
0.0080286631
0.0041504151
0.0021953203
0.2557805
0.25546368
0.25258305
0.24572409
0.26926059
0.26801609
0.26486286
0.25917969
0.28556
0.28287976
0.27840562
0.2732766
0.29685811
0.29306254
0.28737881
0.28205889
0.15394649
0.1289987
0.099725386
0.080080376
0.17079696
0.1433864
0.1108203
0.088992337
0.19229485
0.16244302
0.1255768
0.10083547
0.20774469
0.17687283
0.13703369
0.11000554
0.021940149
0.014478461
0.0074846744
0.0039589364
0.024383222
0.016090832
0.0083181537
0.0043998192
0.027633142
0.018235487
0.0094269362
0.00498627
0.03015084
0.019897123
0.010285734
0.0054405753
0.33182578
0.32415284
0.31401235
0.30584106
0.33655459
0.32819191
0.31722383
0.30846496
0.34076559
0.33161034
0.3197501
0.31039431
0.34254742
0.33295455
0.32064085
0.310976
0.25469052
0.22822924
0.18496393
0.14956046
0.26002289
0.2358175
0.19409639
0.15796115
0.2644294
0.24323734
0.20432386
0.1680758
0.26625894
0.24721908
0.21079469
0.17500383
0.040998608
0.027043177
0.013983051
0.0073953302
0.043347284
0.0285907
0.014783286
0.0078185919
0.046290943
0.030524312
0.015784147
0.0083474825
0.048445311
0.031924522
0.016513059
0.0087311154
0.34098962
0.33082111
0.31785451
0.30768322
0.33970369
0.3295126
0.31653691
0.30635341
0.33802241
0.32783036
0.31486565
0.3046972
0.33692208
0.32670049
0.31374817
0.30359637
0.26521688
0.2526263
0.22649247
0.19552611
0.26411823
0.25233896
0.22796389
0.19822796
0.26271015
0.25166942
0.22908738
0.2008513
0.26188019
0.25117478
0.22954232
0.20209939
0.056233632
0.037050985
0.019157056
0.010131381
0.057545056
0.037948693
0.019615836
0.010375915
0.05894365
0.038957703
0.020113735
0.01064936
0.059768331
0.039585052
0.020424026
0.010818515
0.32494044
0.31301163
0.29762955
0.28523693
0.32154408
0.30823692
0.29074347
0.27626303
0.32233623
0.30907242
0.29109908
0.275941
0.32354324
0.31047819
0.29299723
0.27843863
0.23329734
0.22747117
0.21512195
0.19584804
0.2157183
0.21232418
0.20378206
0.18860904
0.21609029
0.21193662
0.2027939
0.18698458
0.21878642
0.21439426
0.20420134
0.18743252
0.061002432
0.040737836
0.020987076
0.011130204
0.061402548
0.040571578
0.020972686
0.011093694
0.060812334
0.040272533
0.020780299
0.011005467
0.060183222
0.039848482
0.020569627
0.010891292
0.00018543642
0.00017291153
0.00015707093
0.00014421073
0.0042272291
0.0039420264
0.0035510678
0.0032560678
0.017143151
0.016179889
0.01460051
0.0133818
0.031901704
0.030728189
0.028039072
0.025715331
0.041060173
0.040067901
0.036925966
0.033893688
0.059322336
0.059344064
0.056193286
0.052105214
0.08360397
0.086023599
0.084657777
0.080298692
0.1017434
0.10617507
0.10719676
0.10373352
0.028983278
0.034173313
0.039181448
0.040924315
0.040472787
0.047252556
0.054693955
0.058319579
0.057094912
0.065041156
0.075009676
0.081172417
0.071631878
0.080051799
0.090942397
0.098372621
9.0432605e-05
7.9353336e-05
6.5856102e-05
5.6304666e-05
0.0020409751
0.001791173
0.0014864663
0.0012708896
0.0083887077
0.0073621989
0.006109758
0.0052236911
0.016128555
0.014153591
0.011746149
0.010042586
0.021252157
0.018650419
0.01547783
0.013233094
0.032702747
0.028697929
0.023816339
0.020362319
0.051134171
0.044864054
0.037234151
0.031834035
0.067803098
0.059498187
0.049374878
0.042214562
0.032265088
0.029278628
0.025485646
0.022692716
0.049644866
0.045068538
0.039215136
0.034916523
0.077068552
0.07043181
0.06130829
0.054578417
0.10050348
0.092933887
0.081287861
0.072369235
2.359464e-05
1.8265488e-05
1.2491832e-05
8.9367058e-06
0.00053256965
0.00041228268
0.00028196138
0.00020171635
0.0021890003
0.0016945902
0.0011589351
0.00082910716
0.0042083696
0.0032578588
0.0022280602
0.0015939634
0.0055453616
0.0042928777
0.0029359122
0.0021003638
0.0085328569
0.0066056126
0.0045175983
0.0032319089
0.013340013
0.01032701
0.0070626766
0.0050526676
0.017689981
0.013694551
0.0093657381
0.0067002904
0.012106944
0.010132042
0.0078334252
0.0062903142
0.018629407
0.015590553
0.012053586
0.0096791433
0.029124295
0.024373798
0.018844195
0.015132076
0.038622197
0.032321528
0.024989206
0.0200665
8.7858756e-07
3.3348095e-07
4.0120155e-08
6.8732406e-10
1.9831184e-05
7.5272206e-06
9.055786e-07
1.5514126e-08
8.1511368e-05
3.0938852e-05
3.7221654e-06
6.3767292e-08
0.00015670609
5.9480127e-05
7.1558856e-06
1.2259276e-07
0.00020649145
7.8376899e-05
9.4293024e-06
1.6154038e-07
0.00031773615
0.00012060148
1.4509222e-05
2.4856876e-07
0.00049673902
0.00018854468
2.2683276e-05
3.8860394e-07
0.00065872042
0.00025002717
3.0080049e-05
5.1532882e-07
0.0017233395
0.0011372427
0.000587897
0.00031096226
0.0026517673
0.0017499181
0.00090461922
0.00047848931
0.0041456917
0.0027357687
0.0014142541
0.00074805562
0.0054975606
0.0036278741
0.001875428
0.00099198874
0.11104539
0.11647904
0.11899726
0.11638638
0.1285844
0.13519561
0.14010266
0.13942521
0.15157971
0.15842175
0.16531262
0.16710053
0.16976036
0.17620047
0.18327625
0.18618935
0.17972702
0.18579865
0.19243067
0.19555547
0.19854478
0.2037064
0.20930127
0.21236504
0.22308708
0.22692655
0.23084001
0.2329106
0.24162431
0.24435412
0.24692873
0.24802802
0.077518941
0.068050577
0.056472359
0.048282971
0.097327454
0.085456201
0.070911035
0.060628078
0.12582812
0.11064978
0.09180408
0.078490557
0.14897397
0.13162972
0.1092582
0.093405685
0.16150708
0.14330344
0.11902063
0.10173965
0.18451088
0.16547868
0.13817392
0.11808939
0.21229438
0.19380226
0.16422695
0.14062925
0.23100915
0.21398025
0.18424856
0.15856557
0.19627923
0.1943859
0.18443583
0.17063776
0.21343665
0.21302478
0.20570927
0.19336147
0.2336595
0.23405053
0.22972351
0.22001242
0.24823777
0.24834922
0.2452823
0.23753104
0.020233079
0.015663274
0.010712153
0.0076635216
0.025406678
0.019668325
0.013451232
0.0096230699
0.032893789
0.025464527
0.017415277
0.012458971
0.039148398
0.030306648
0.020726848
0.014828077
0.042648955
0.033016234
0.022580082
0.01615385
0.049503721
0.038321171
0.026208566
0.018749596
0.058940151
0.045624412
0.031203637
0.022323082
0.066488043
0.05146716
0.035199533
0.02518185
0.093135263
0.077923943
0.060247246
0.048379191
0.10807558
0.090452056
0.069926054
0.05615274
0.12860584
0.10769703
0.083250859
0.066853426
0.1450113
0.12148889
0.093912529
0.075413206
0.00075341785
0.00028597094
3.4404356e-05
5.8940623e-07
0.00094606529
0.00035909311
4.3201489e-05
7.4010852e-07
0.0012248684
0.0004649172
5.593282e-05
9.5825623e-07
0.001457781
0.00055332237
6.6568688e-05
1.1404221e-06
0.001588121
0.00060279464
7.2520639e-05
1.242336e-06
0.0018433141
0.00069965657
8.4173906e-05
1.4419368e-06
0.0021946254
0.00083300289
0.00010021618
1.7168985e-06
0.0024756607
0.00093967933
0.00011304863
1.9375763e-06
0.013254128
0.0087465077
0.0045215008
0.0023916037
0.015383851
0.010151975
0.0052480495
0.0027759078
0.018315818
0.01208679
0.0062482687
0.0033049612
0.020661404
0.013634558
0.0070484481
0.0037281878
0.25132434
0.25347347
0.25534332
0.25590029
0.26917662
0.27021054
0.27059174
0.26997539
0.29135995
0.29076787
0.28907941
0.28696891
0.30716916
0.30528274
0.30204828
0.2988213
0.31506035
0.31251304
0.3084948
0.30467517
0.32887661
0.32514087
0.31963994
0.31471123
0.34471908
0.33947854
0.33210477
0.32581526
0.35508529
0.34873608
0.34003595
0.3328098
0.23988617
0.22391424
0.19467829
0.16826076
0.25449047
0.24068711
0.2132176
0.18620912
0.26963734
0.25861392
0.23462482
0.20833143
0.27872499
0.26937545
0.24839259
0.22359497
0.28277978
0.27408954
0.25468491
0.23095212
0.28923475
0.28134869
0.26460196
0.24312824
0.29573428
0.28811707
0.27401682
0.25562955
0.29954479
0.29175191
0.27888328
0.2626492
0.3024043
0.29805462
0.29174726
0.28613667
0.31187584
0.3065268
0.29906303
0.29280031
0.32228029
0.31575332
0.30697711
0.29980306
0.32881018
0.32150705
0.31182801
0.3039913
0.070602548
0.054652734
0.037378038
0.026740303
0.078473417
0.060737808
0.041540984
0.029718236
0.088949558
0.068832334
0.04707866
0.033679817
0.097047597
0.075107184
0.051366434
0.036747334
0.10135959
0.078461647
0.053654882
0.038385821
0.1094163
0.084742894
0.057939466
0.041456471
0.1197942
0.092846718
0.063472647
0.045421345
0.12759174
0.098931944
0.067634912
0.048401326
0.21543148
0.18436628
0.14316444
0.11490245
0.22852993
0.19771832
0.15461939
0.12409489
0.24265148
0.21329451
0.16916656
0.13598937
0.25106759
0.22348845
0.1796835
0.14491199
0.0026288884
0.00099783605
0.00012004622
2.057116e-06
0.0029216526
0.0011089529
0.00013341678
2.2846981e-06
0.0033110715
0.0012567706
0.0001511978
2.5908493e-06
0.0036127585
0.0013712692
0.00016497544
2.8256512e-06
0.0037738171
0.0014324317
0.00017232598
2.9552829e-06
0.0040752994
0.0015469663
0.0001860772
3.2077609e-06
0.0044646533
0.0016947757
0.00020385811
3.5150197e-06
0.004757449
0.0018058604
0.00021724235
3.7344787e-06
0.031496181
0.02078399
0.010744586
0.0056831566
0.034017339
0.022443603
0.011604105
0.0061372794
0.03727274
0.024587233
0.012713271
0.0067236619
0.039718662
0.026199549
0.013546761
0.0071645712
0.35995708
0.35304709
0.34370412
0.33603751
0.36787693
0.36001679
0.3495805
0.34115357
0.3757427
0.36680996
0.35513832
0.34582705
0.37984264
0.37022394
0.35776368
0.34789135
0.38134336
0.37141889
0.3586238
0.34852358
0.38307078
0.37269936
0.35943172
0.34901748
0.38343932
0.37271243
0.35907986
0.34843431
0.38244171
0.37163191
0.35798703
0.34735333
0.3012165
0.29322902
0.28072805
0.26551385
0.30354633
0.29514091
0.28303682
0.26948856
0.30522859
0.29632719
0.28430109
0.27237201
0.30568293
0.29647605
0.28438705
0.27330925
0.30568822
0.29635405
0.28422294
0.27346711
0.30526789
0.29575553
0.28354086
0.27323841
0.30407196
0.29443637
0.28217917
0.27224686
0.30288575
0.29322627
0.28097972
0.27119345
0.34307056
0.33331451
0.32082901
0.31103558
0.34341479
0.33342461
0.32067618
0.31068728
0.34272704
0.33257965
0.31965982
0.3095395
0.3416456
0.33148149
0.31852216
0.30836317
0.13167616
0.10211288
0.069814522
0.049961705
0.13914676
0.10795043
0.07381068
0.052823578
0.14836232
0.11526105
0.078797898
0.05640428
0.15488146
0.12058306
0.082410127
0.059018775
0.15812152
0.12330287
0.08425319
0.060349842
0.16373051
0.12814144
0.087547772
0.062739565
0.17006163
0.1338594
0.091499823
0.065612647
0.17410694
0.13771631
0.094256084
0.067534876
0.26678727
0.24880162
0.21374944
0.17835697
0.26711447
0.2509219
0.21843226
0.18400873
0.26659416
0.2523232
0.22299268
0.19011833
0.26574898
0.25264042
0.225463
0.19385221
0.0049106747
0.0018640025
0.00022424584
3.8497032e-06
0.0051917361
0.0019706453
0.00023709162
4.0620414e-06
0.0055429165
0.0021039977
0.00025312355
4.3440182e-06
0.0057974744
0.0022010105
0.00026468257
4.6066435e-06
0.0059276818
0.002250501
0.0002706176
4.7217385e-06
0.0061602311
0.0023389372
0.0002812197
4.9268083e-06
0.006438338
0.0024448364
0.00029388106
5.1949598e-06
0.0066326552
0.0025174231
0.00030298614
5.1436278e-06
0.049544677
0.032640989
0.016884832
0.0089272364
0.051519422
0.033920467
0.017549785
0.009277552
0.053890713
0.035450021
0.018346568
0.0096966641
0.055472858
0.036523316
0.018889668
0.009988405
0.3816361
0.37088807
0.35731831
0.34670326
0.38019729
0.36957224
0.3560824
0.34544705
0.3784361
0.36786864
0.35441422
0.34377385
0.37750824
0.36696384
0.3534591
0.34272361
0.37699678
0.36635437
0.35273967
0.34193292
0.37630864
0.36560416
0.35198042
0.34121832
0.37489981
0.36412537
0.35035551
0.33943183
0.37230185
0.36081815
0.34620356
0.33466677
0.30220342
0.29253194
0.28028543
0.27057628
0.30087387
0.29120301
0.27897575
0.2693672
0.29923303
0.28962128
0.27748213
0.26791183
0.29814976
0.28855283
0.27644573
0.26701998
0.296999
0.28727867
0.27499626
0.26545047
0.29672824
0.28721101
0.2751623
0.26556535
0.29508519
0.28582327
0.2742567
0.26524096
0.28660759
0.27629582
0.26347292
0.25344208
0.3360994
0.32582204
0.31277555
0.30251188
0.33542283
0.3252225
0.31230206
0.30216666
0.33355823
0.32329658
0.31041175
0.30040877
0.32847192
0.31754385
0.30358556
0.29254972
0.17597823
0.13958774
0.095619877
0.068464328
0.17908213
0.14272324
0.097948203
0.070070587
0.18225441
0.14606633
0.10053529
0.071788494
0.18393976
0.14814627
0.10216374
0.072808
0.18468655
0.1489597
0.10285482
0.073216013
0.18590698
0.15023167
0.1039562
0.074001661
0.18613293
0.15133591
0.10493196
0.074604095
0.1844563
0.15106078
0.10491765
0.074154302
0.26034108
0.2501665
0.22954906
0.20269098
0.26032952
0.25019019
0.23004483
0.20374781
0.2602766
0.24988019
0.22916362
0.20323444
0.24846423
0.24023132
0.22358649
0.20035748
0.0067277578
0.002553238
0.00030739598
5.1622391e-06
0.0068901054
0.0026145295
0.00031488458
5.2312949e-06
0.0070727498
0.0026813218
0.00032369991
4.9372439e-06
0.0071853773
0.0027232012
0.00032902568
4.8645032e-06
0.0072364344
0.0027419933
0.00033138432
4.8390022e-06
0.0073122874
0.0027702524
0.00033494556
4.8171106e-06
0.0073719155
0.0027939467
0.00033767101
4.9290832e-06
0.0073968404
0.0028009993
0.00033893341
4.5503711e-06
0.06010663
0.039871309
0.020559411
0.010894777
0.060720813
0.040288721
0.020771674
0.011008503
0.061201319
0.040613607
0.020954064
0.011100796
0.060915345
0.040758493
0.020979646
0.011135913
0.37114832
0.35932686
0.34404173
0.33168409
0.37013817
0.35822819
0.34236032
0.3290083
0.37066267
0.35859782
0.34272281
0.32960942
0.37177211
0.35969544
0.34379805
0.33074811
0.37268959
0.36076337
0.34499293
0.33196405
0.37436789
0.36261714
0.34718898
0.33449811
0.37727811
0.3655623
0.35025413
0.3377723
0.37961518
0.36800803
0.35284553
0.34050643
0.417983
0.40637209
0.39141221
0.37932363
0.419706
0.40798917
0.39296022
0.38093081
0.4227245
0.41091152
0.39581693
0.38381222
0.42498892
0.41315898
0.39804207
0.38608752
0.27843512
0.26642014
0.25104793
0.23857479
0.26814967
0.25370297
0.23536459
0.22079636
0.26737071
0.25258833
0.23484958
0.22121602
0.27020422
0.25588282
0.23827938
0.22409257
0.18139116
0.14971403
0.10481189
0.074407803
0.17640981
0.14746556
0.10482244
0.075034234
0.17493464
0.14650868
0.10381785
0.074196849
0.17469976
0.14552841
0.10278927
0.073449706
0.0073944474
0.002801985
0.00033804138
5.3235396e-06
0.0073662543
0.0027962027
0.00033633501
5.8152424e-06
0.0073096098
0.0027715245
0.00033437774
5.1608715e-06
0.0072334897
0.0027430269
0.0003307458
5.2928899e-06
