FiniteElementSpace
FiniteElementCollection: L2_2D_P3
VDim: 1
Ordering: 0

0.39829298
0.38668547
0.371719
0.35983502
0.39935165
0.38828848
0.37385397
0.36223343
0.39775834
0.38747208
0.37419042
0.36352134
0.39455288
0.3846368
0.37190575
0.36189218
0.30788608
0.2953632
0.27845394
0.26436655
0.31120163
0.29909799
0.28267022
0.26884457
0.31456257
0.30288297
0.28720373
0.27409793
0.31658654
0.30522213
0.28996014
0.27733036
0.20510201
0.20047259
0.19003352
0.17346542
0.20862566
0.20349906
0.19144537
0.17300844
0.21328888
0.20718269
0.19239534
0.17113306
0.21662314
0.20946532
0.19208064
0.16859205
0.055263558
0.036553767
0.01887464
0.0099920682
0.053701237
0.035486888
0.018329622
0.0097014696
0.051419692
0.033943169
0.017539803
0.0092801635
0.049500474
0.032652828
0.01687969
0.0089286117
0.33536825
0.33069019
0.32632936
0.32381609
0.31762611
0.31096355
0.3039309
0.29986282
0.30023603
0.29204224
0.28120718
0.27317156
0.28935549
0.2822262
0.27058998
0.26051959
0.30943058
0.30184231
0.2903068
0.28049935
0.29633789
0.29363154
0.28708118
0.2798082
0.26168946
0.26433074
0.26675056
0.26629073
0.23205146
0.2351863
0.23968196
0.24093362
0.22122558
0.20558328
0.17445823
0.1440131
0.21776429
0.19968589
0.16624305
0.13573995
0.20992285
0.18900008
0.15361013
0.12410665
0.20013124
0.17861729
0.14281179
0.11489957
0.039714988
0.026200707
0.013546306
0.0071646423
0.037266717
0.02458942
0.012712307
0.0067238705
0.034016445
0.022445529
0.011603455
0.0061374117
0.031497368
0.020783952
0.010744601
0.0056831113
0.21054894
0.21433888
0.21711417
0.21696773
0.18921179
0.19464182
0.19994188
0.20193396
0.16149432
0.16826143
0.17604909
0.18055583
0.1409621
0.14836646
0.15731619
0.16313383
0.1942926
0.19376779
0.19319899
0.19245774
0.18747667
0.18784244
0.18709633
0.18477788
0.17588395
0.1776371
0.17692819
0.17210333
0.1652325
0.16688512
0.16505678
0.15829411
0.14345203
0.12138063
0.093915925
0.075390464
0.12807821
0.10774092
0.083219863
0.066845172
0.10794485
0.090461362
0.069924167
0.056149036
0.093054375
0.077927717
0.060245666
0.048378069
0.020661136
0.013634651
0.0070484015
0.0037282041
0.018315
0.012086959
0.0062481844
0.0033049861
0.015384033
0.010151916
0.0052480753
0.0027758998
0.013254087
0.0087465135
0.0045214952
0.0023916079
0.063995974
0.071913026
0.082312121
0.089867024
0.050266617
0.057802079
0.067585769
0.074246032
0.034753198
0.041424896
0.049408469
0.053950583
0.024504587
0.029828415
0.035659058
0.038409492
0.095617836
0.090489879
0.0809848
0.072367209
0.075078354
0.069711179
0.061316654
0.054588866
0.049293157
0.044987801
0.039227185
0.034908164
0.032262062
0.029239343
0.025491125
0.022689937
0.038622967
0.032321658
0.024989193
0.020066494
0.029125168
0.024373616
0.018844217
0.015132121
0.018629785
0.015590494
0.012053605
0.0096791474
0.012107283
0.010131967
0.0078334608
0.0062903046
0.0054975648
0.0036278718
0.001875429
0.00099198832
0.0041456897
0.0027357699
0.0014142535
0.00074805585
0.0026517682
0.0017499179
0.00090461931
0.00047848928
0.0017233402
0.0011372425
0.0005878971
0.00031096221
0.24261503
0.22861432
0.2114182
0.19821945
0.24501733
0.23073352
0.21352199
0.20064665
0.25024723
0.23603411
0.21855957
0.20492092
0.25429544
0.24018525
0.22255142
0.20850108
0.29508375
0.28205292
0.26479131
0.25056732
0.29825112
0.28527104
0.26778161
0.2531966
0.30237544
0.28966679
0.27258017
0.25831667
0.30585353
0.29323321
0.27629922
0.26223996
0.16234516
0.13917913
0.10163629
0.073073428
0.16256565
0.13846088
0.10018952
0.071855697
0.16241007
0.13677937
0.097837792
0.070070965
0.16176755
0.13498042
0.095624617
0.068409694
0.19342406
0.18973383
0.18264039
0.17128575
0.19595094
0.1921256
0.18452416
0.1721596
0.19987821
0.19574391
0.18706013
0.17309603
0.20326299
0.19882297
0.18906079
0.17344201
0.007180995
0.0027247842
0.00032814116
5.4062321e-06
0.0070722941
0.0026822267
0.00032332723
5.1646353e-06
0.0068929951
0.002614098
0.00031518547
5.0132033e-06
0.0067305759
0.0025527232
0.00030775129
4.9048035e-06
0.059734999
0.0395548
0.020434608
0.01081474
0.058790627
0.038963896
0.020109224
0.010648802
0.057364263
0.037971957
0.019603694
0.010379131
0.056043917
0.037075263
0.01914433
0.01013473
0.42657122
0.41835773
0.40730015
0.39797773
0.41190259
0.40527838
0.39669857
0.38947298
0.38824076
0.38210751
0.37497132
0.36957394
0.37007355
0.36320663
0.35531064
0.34963421
0.35339787
0.34189593
0.32690747
0.31467774
0.35587476
0.34446868
0.32967819
0.31776472
0.35765121
0.34686862
0.3325472
0.32094222
0.35651497
0.3467678
0.33365852
0.32273206
0.35481049
0.34531649
0.33297441
0.32285185
0.35233459
0.3429046
0.33078779
0.3213107
0.34589609
0.33841454
0.32740875
0.31814088
0.33377619
0.32987177
0.32260341
0.31507504
0.39274577
0.38310591
0.37033467
0.36019855
0.38540277
0.3777444
0.36688317
0.35756439
0.36679235
0.3621155
0.35563947
0.34959268
0.34685674
0.34286982
0.33872748
0.33554858
0.25639388
0.24227889
0.22462858
0.21042719
0.26092754
0.24690326
0.22913467
0.21426086
0.26653042
0.25293178
0.23510934
0.21936281
0.27005772
0.25706165
0.23959994
0.22314531
0.2716414
0.25887496
0.24167168
0.2249006
0.27471921
0.26246649
0.24538691
0.22780746
0.27688877
0.26618499
0.24977516
0.23077701
0.27550784
0.26643638
0.25152143
0.2317564
0.31714671
0.30637403
0.29149038
0.27891335
0.31618102
0.3065965
0.29322407
0.28163251
0.31308574
0.30414133
0.29248031
0.28276729
0.3104256
0.30169388
0.29013002
0.28084328
0.16123185
0.13381838
0.094304929
0.067427464
0.15971404
0.13114122
0.091596072
0.065475705
0.15646758
0.12672885
0.087603678
0.062634945
0.15296928
0.12261014
0.084259569
0.060270561
0.15071951
0.12016563
0.082392614
0.058950179
0.14573797
0.11517049
0.078751379
0.056361101
0.13793732
0.10798804
0.073770273
0.052798559
0.13109312
0.10213266
0.069795741
0.049945778
0.21814066
0.21034014
0.1914444
0.16679121
0.22047347
0.21112804
0.18918941
0.16246938
0.22230042
0.2102617
0.18400327
0.15507409
0.22220875
0.20777477
0.1782083
0.1481155
0.0066359719
0.0025167829
0.00030342098
4.8438621e-06
0.0064427703
0.0024437292
0.00029455279
4.7388448e-06
0.0061628023
0.0023383418
0.00028159662
4.6723898e-06
0.0059290695
0.0022501462
0.00027083852
4.5736678e-06
0.0057984126
0.0022007414
0.0002648391
4.5041567e-06
0.0055428591
0.0021040534
0.00025309734
4.3615592e-06
0.0051914842
0.0019707644
0.00023703045
4.1017446e-06
0.0049106292
0.0018640319
0.00022423134
3.858473e-06
0.048421752
0.031931825
0.016509887
0.008732048
0.04629682
0.03052427
0.0157843
0.008347304
0.043355982
0.028589419
0.014784022
0.0078182195
0.040999431
0.027043534
0.013983077
0.0073952325
0.36160505
0.35427408
0.34512078
0.33853728
0.34531219
0.33907601
0.32959914
0.3217204
0.32059007
0.31779375
0.31189415
0.30473192
0.29880939
0.29836466
0.29634147
0.29242654
0.2864881
0.28685919
0.28629408
0.28418296
0.26232328
0.26452024
0.26630713
0.26623547
0.22909301
0.23344809
0.23832321
0.24075683
0.2032109
0.20871995
0.21555031
0.21979814
0.32282062
0.32125432
0.31781133
0.31296675
0.29833988
0.29732782
0.29749921
0.29709418
0.26926783
0.26404804
0.26082551
0.2607503
0.25514438
0.24613595
0.23682632
0.23225831
0.25081342
0.24042592
0.22887692
0.22270538
0.2440419
0.23338527
0.22053309
0.21358913
0.23392304
0.22574193
0.21336096
0.20495497
0.22300648
0.217793
0.207788
0.19933902
0.28227756
0.27690545
0.26660735
0.25658912
0.2657074
0.26357229
0.25733221
0.24937286
0.2415534
0.24244389
0.24110817
0.23719455
0.22159541
0.22433885
0.22580253
0.22458418
0.27488071
0.26559032
0.25078939
0.2310748
0.2748819
0.26587841
0.25012429
0.22872889
0.26488643
0.26076919
0.24648519
0.22275621
0.24158545
0.24287252
0.23374834
0.21255912
0.2292301
0.23114635
0.22490313
0.20720001
0.21773672
0.21792167
0.21197894
0.19728375
0.20469421
0.20334532
0.19406391
0.1781047
0.19591195
0.19264243
0.18045462
0.16297795
0.22194464
0.22431199
0.22762717
0.22861033
0.21264229
0.21408384
0.21602459
0.21732663
0.20301268
0.20323355
0.20406187
0.2045036
0.19690647
0.19652165
0.1965611
0.19627376
0.12720382
0.098931102
0.067628359
0.048388708
0.11957947
0.09283369
0.063474735
0.045411965
0.1092251
0.084744024
0.057937417
0.041451128
0.10122271
0.078468
0.053652052
0.038383405
0.096922985
0.075116875
0.051362059
0.036746077
0.088861034
0.068843686
0.047072982
0.033679489
0.078518345
0.060734976
0.041542386
0.029718552
0.070631139
0.05465163
0.037378605
0.026740401
0.19522705
0.17239255
0.13688231
0.11004687
0.18526914
0.16015352
0.12567326
0.10085831
0.16669708
0.14308289
0.11075205
0.088922113
0.15139451
0.12895963
0.099677522
0.080023737
0.0047575345
0.0018058496
0.00021725245
3.7258368e-06
0.004464903
0.0016947254
0.00020389194
3.4922207e-06
0.0040754936
0.0015469022
0.00018611431
3.1839631e-06
0.0037737723
0.001432419
0.00017233091
2.9521615e-06
0.0036126511
0.0013712866
0.00016496221
2.83598e-06
0.0033110142
0.0012567933
0.00015118622
2.5983974e-06
0.0029216186
0.0011089658
0.00013341005
2.2889138e-06
0.0026288817
0.00099783644
0.00012004501
2.0585602e-06
0.030152622
0.019896396
0.010286007
0.0054404381
0.027635378
0.018235096
0.0094271636
0.0049861818
0.024382861
0.016090708
0.0083181969
0.0043998049
0.021939845
0.014478422
0.0074846827
0.0039589241
0.18959272
0.19551639
0.20310604
0.20818615
0.16474036
0.17135134
0.17998024
0.18612532
0.13386625
0.14119316
0.15079411
0.157851
0.11170536
0.11939547
0.12951261
0.13703016
0.10048719
0.10828368
0.11862286
0.12633714
0.080858788
0.088648737
0.099149396
0.10712298
0.05825124
0.065709816
0.075942114
0.083928676
0.043378759
0.050375048
0.060119592
0.067825219
0.21605264
0.21234328
0.20418342
0.19657424
0.20217939
0.2008392
0.19554365
0.18924779
0.18232611
0.1840721
0.18226623
0.17720441
0.16581243
0.16981833
0.17084062
0.16660324
0.15669194
0.16166945
0.16423916
0.16050935
0.1397566
0.14598747
0.15051016
0.14744373
0.11813024
0.12499406
0.13004708
0.12712454
0.1019476
0.10819305
0.11211131
0.1089785
0.13037755
0.13803311
0.14743818
0.15374045
0.11131312
0.11928303
0.12933534
0.13638625
0.088207953
0.096347827
0.10677011
0.11435719
0.072009314
0.080095565
0.090571464
0.098203921
0.19164871
0.18700269
0.1732187
0.15521319
0.18270749
0.17528329
0.15807803
0.13930938
0.16788104
0.15678227
0.1364595
0.11798286
0.15272952
0.13971371
0.11876039
0.1017798
0.14320743
0.12969269
0.10915381
0.093395406
0.12372383
0.11032036
0.091813396
0.07847409
0.097022255
0.085471678
0.070902949
0.060618843
0.077443227
0.068034198
0.056467089
0.048280428
0.15903944
0.16015533
0.15702221
0.14922648
0.14573057
0.14545982
0.13967096
0.13024171
0.12484286
0.12210465
0.11346179
0.10324901
0.10626205
0.10177594
0.092216244
0.082743299
0.06649336
0.051466881
0.03519955
0.025181663
0.058960202
0.04562047
0.03120532
0.022323012
0.049504952
0.038321892
0.026208263
0.018749652
0.042650248
0.033015895
0.022580173
0.016153833
0.039152559
0.030305276
0.020727361
0.014828043
0.03289364
0.025464559
0.017415233
0.012458984
0.025406546
0.019668331
0.013451234
0.0096230646
0.020233207
0.015663221
0.01071217
0.0076635192
0.085449485
0.071540578
0.055296314
0.04440862
0.071828473
0.06010078
0.046466884
0.037312912
0.055478194
0.046420333
0.035890058
0.028819941
0.044175688
0.036968499
0.028581412
0.022951308
0.0024756743
0.00093967443
0.00011305214
1.9348617e-06
0.002194641
0.00083299918
0.0001002186
1.7153054e-06
0.0018433077
0.00069965839
8.4172736e-05
1.4428099e-06
0.0015881216
0.00060279454
7.2520959e-05
1.2419374e-06
0.001457786
0.00055332116
6.6569312e-05
1.1400821e-06
0.0012248674
0.00046491727
5.5932705e-05
9.5834726e-07
0.00094606567
0.00035909303
4.3201561e-05
7.4005275e-07
0.000753418
0.00028597095
3.440434e-05
5.8943007e-07
0.012166114
0.0080287161
0.0041503892
0.0021953279
0.010222546
0.0067459006
0.0034873
0.0018445681
0.0078956804
0.005210417
0.0026935188
0.0014247112
0.0062878774
0.0041494179
0.0021450377
0.0011345967
0.036352457
0.04301724
0.052422743
0.059936556
0.024845698
0.03080037
0.039384384
0.046426606
0.013181644
0.017969164
0.02519352
0.031323158
0.0069740922
0.010562793
0.016498479
0.021677074
0.0046120872
0.0074598299
0.01258252
0.017214332
0.0018283331
0.0033682076
0.006586677
0.0096802352
0.00035161644
0.00071344701
0.0016238675
0.0025531014
1.4642203e-05
4.4296886e-05
9.2736845e-05
0.00013345508
0.093489678
0.09905606
0.10184927
0.098469899
0.07720309
0.081063559
0.081694784
0.077932893
0.055583211
0.056925851
0.055263762
0.051651539
0.039100246
0.039028555
0.036724555
0.033927716
0.030668456
0.030174801
0.027969087
0.025779753
0.016768376
0.016084916
0.014596785
0.01340768
0.0042110875
0.0039427871
0.0035508481
0.0032579567
0.00018730755
0.00017253049
0.00015669602
0.00014400173
0.01969726
0.02412097
0.028570182
0.030360418
0.011308258
0.014016656
0.016341368
0.016881065
0.0030520572
0.003834248
0.0043457645
0.0043264011
0.00015631454
0.00019128824
0.00020572036
0.00019584464
0.067735317
0.059506163
0.049378117
0.04221296
0.051112163
0.044867688
0.03723237
0.031832919
0.032697003
0.028699481
0.023815815
0.020362265
0.021245486
0.018652021
0.015477267
0.013233111
0.016123
0.01415485
0.011745474
0.010042516
0.0083875079
0.0073623515
0.0061096857
0.0052236776
0.0020408765
0.001791176
0.0014864662
0.0012708842
9.0415398e-05
7.9358304e-05
6.5853999e-05
5.6303691e-05
0.024533952
0.022203445
0.019354135
0.017223797
0.012775449
0.011556147
0.010062103
0.0089585356
0.0031037222
0.0028119702
0.0024479168
0.0021794803
0.00013699392
0.00012452307
0.0001084921
9.6564125e-05
0.01768995
0.013694557
0.0093657275
0.0067002924
0.013339984
0.010327004
0.00706268
0.0050526642
0.0085328376
0.0066056154
0.0045175969
0.0032319083
0.0055453441
0.0042928824
0.0029359098
0.0021003643
0.0042083539
0.0032578621
0.0022280588
0.0015939636
0.0021889968
0.001694591
0.0011589348
0.00082910725
0.00053257004
0.00041228253
0.00028196144
0.00020171633
2.3594651e-05
1.8265473e-05
1.2491839e-05
8.9367023e-06
0.0091882166
0.0076891096
0.0059448075
0.0047737077
0.0047792365
0.0039995496
0.0030922098
0.0024830674
0.0011627374
0.00097306977
0.00075231187
0.00060411418
5.1513154e-05
4.3110198e-05
3.3329889e-05
2.6764287e-05
0.00065872015
0.00025002722
3.0080018e-05
5.1534309e-07
0.00049673915
0.00018854463
2.2683307e-05
3.8858266e-07
0.00031773611
0.00012060149
1.4509214e-05
2.4857435e-07
0.00020649142
7.8376904e-05
9.4292994e-06
1.6154202e-07
0.0001567061
5.9480123e-05
7.1558876e-06
1.2259163e-07
8.1511363e-05
3.0938854e-05
3.7221644e-06
6.3767915e-08
1.9831185e-05
7.5272204e-06
9.0557878e-07
1.5514003e-08
8.7858773e-07
3.3348089e-07
4.0120193e-08
6.8729911e-10
0.0013078402
0.00086305206
0.00044615426
0.00023598885
0.00068027901
0.00044892028
0.00023206915
0.00012275063
0.00016550737
0.0001092194
5.6460898e-05
2.9864434e-05
7.3325241e-06
4.838785e-06
2.501405e-06
1.3230943e-06
