FiniteElementSpace
FiniteElementCollection: L2_2D_P3
VDim: 1
Ordering: 0

1.7780638
1.6892491
1.5663047
1.4692133
1.726827
1.640177
1.5208212
1.4265684
1.6523591
1.5691917
1.4549819
1.3648306
1.5900344
1.5098997
1.399975
1.3132475
1.0371306
0.94072318
0.81872616
0.72896228
1.0070108
0.91340151
0.79494808
0.70779111
0.96341851
0.87386159
0.7605357
0.67715162
0.92700023
0.84083047
0.73178743
0.65155533
0.38891621
0.32547468
0.2516357
0.20206579
0.37762097
0.31602192
0.24432746
0.1961972
0.36127422
0.30234171
0.23375081
0.18770406
0.34761812
0.29091327
0.22491509
0.18060889
0.055359386
0.036532012
0.018885204
0.0099891401
0.053751587
0.035471015
0.018336722
0.0096990261
0.051424745
0.033935517
0.017542947
0.0092791667
0.049480901
0.032652762
0.016879828
0.0089284164
1.2765901
1.2115959
1.1234492
1.0538839
1.1980607
1.1370291
1.0543245
0.98903625
1.0935055
1.0378628
0.96236518
0.90276841
1.0125283
0.96104597
0.89113079
0.8359442
0.74389216
0.67474347
0.58723817
0.52285453
0.69811898
0.6332242
0.55110357
0.49068165
0.63722912
0.57799442
0.50303635
0.44788443
0.59006212
0.5352121
0.46580217
0.41473255
0.27895358
0.23344961
0.18048793
0.14493347
0.26178868
0.21908471
0.16938193
0.13601525
0.23895549
0.19997615
0.15460844
0.12415201
0.22126829
0.18517416
0.14316451
0.11496243
0.03970701
0.026202909
0.01354558
0.0071647992
0.037263711
0.02459056
0.012712077
0.0067239261
0.034013572
0.022445773
0.01160333
0.0061374657
0.031495929
0.020784364
0.010744466
0.0056831779
0.66420451
0.63045533
0.58458543
0.54838187
0.58880379
0.55888478
0.51822181
0.48612828
0.49455016
0.46941915
0.43526561
0.40830953
0.42608344
0.40443179
0.37500644
0.35178222
0.38708375
0.35110182
0.30556856
0.27206663
0.34314106
0.3112439
0.27087967
0.24118097
0.2882115
0.26142037
0.22751761
0.20257303
0.24831085
0.22522875
0.19601956
0.17452837
0.14515311
0.12147518
0.093916639
0.07541593
0.12867498
0.10768502
0.083254994
0.066854531
0.10807685
0.090446941
0.069927643
0.056152544
0.09311445
0.077925263
0.060246702
0.04837866
0.020661487
0.013634647
0.0070484234
0.0037281932
0.018315945
0.012086809
0.0062482692
0.0033049597
0.015383952
0.010151968
0.0052480544
0.002775906
0.013254163
0.0087465069
0.0045215019
0.0023916033
0.17673106
0.16775017
0.15554509
0.14591218
0.13327241
0.12649985
0.11729607
0.11003191
0.085246959
0.080914863
0.075027738
0.07038126
0.055400558
0.052585229
0.048759277
0.045739611
0.10299433
0.093420342
0.081304958
0.072390845
0.077667698
0.070447982
0.06131181
0.054589706
0.04967968
0.045061632
0.039217734
0.03491798
0.032285999
0.029284806
0.025486954
0.022692615
0.038621995
0.032321827
0.024989117
0.020066492
0.029124724
0.024373787
0.018844213
0.015132078
0.018629456
0.015590547
0.012053589
0.0096791433
0.012106974
0.010132038
0.0078334271
0.0062903144
0.0054975595
0.0036278746
0.0018754278
0.00099198881
0.0041456921
0.0027357687
0.0014142541
0.00074805561
0.0026517672
0.0017499181
0.00090461922
0.00047848931
0.0017233395
0.0011372427
0.000587897
0.00031096225
0.73896589
0.64851396
0.53819358
0.46014108
0.72751687
0.63846619
0.52985512
0.45301191
0.70909403
0.62229854
0.51643775
0.44154044
0.6924229
0.60766832
0.50429622
0.43115979
1.1226377
1.0182903
0.88623201
0.78906682
1.1052448
1.0025132
0.87250125
0.77684173
1.0772595
0.97712634
0.8504073
0.75717019
1.0519355
0.9541535
0.83041438
0.73936911
0.1928232
0.14927188
0.10208749
0.073033819
0.18983571
0.14695914
0.1005058
0.071902274
0.18502856
0.14323774
0.097960726
0.070081515
0.18067852
0.13987021
0.09565766
0.068433893
0.42098344
0.35231105
0.27238381
0.21872671
0.41446094
0.34685255
0.26816364
0.21533789
0.40396569
0.3380693
0.26137302
0.20988495
0.39446847
0.33012125
0.25522812
0.20495054
0.0071801173
0.0027253203
0.00032787556
5.6170805e-06
0.0070688727
0.0026830957
0.00032279564
5.5300512e-06
0.0068898698
0.0026151525
0.00031462158
5.3900167e-06
0.0067278883
0.00255367
0.0003072248
5.2632985e-06
0.059923933
0.039544186
0.020442345
0.010812775
0.058995505
0.038931511
0.020125623
0.010645248
0.05750158
0.03794566
0.019615988
0.010375681
0.056149713
0.037053554
0.019154815
0.010131748
1.7740904
1.7402543
1.668409
1.5963141
1.7065447
1.669705
1.5960504
1.525962
1.6100194
1.5696217
1.495344
1.4291017
1.5298478
1.4874032
1.4143535
1.3517108
1.4169787
1.3178206
1.1880888
1.0892839
1.3758076
1.2795494
1.153582
1.057647
1.3162473
1.2241578
1.1036449
1.0118628
1.2664984
1.1778824
1.0619285
0.97361456
1.2386588
1.1519862
1.0385838
0.95221045
1.1841446
1.1012857
0.9928764
0.91030314
1.109086
1.0314922
0.92995165
0.85261043
1.049037
0.97566074
0.87961201
0.80645715
1.5551489
1.4767175
1.3691926
1.2843812
1.4868757
1.4117305
1.3089296
1.2278666
1.3928892
1.3222371
1.2259785
1.150065
1.3176449
1.2506336
1.1596244
1.087821
0.68267666
0.59911523
0.49719806
0.42509107
0.66284958
0.58171524
0.48275793
0.41274518
0.63415563
0.55653353
0.46185989
0.39487792
0.6101849
0.53549669
0.4444017
0.37995162
0.59677071
0.52372427
0.43463196
0.37159873
0.57050693
0.50067504
0.41550375
0.3552446
0.5343505
0.46894414
0.38917073
0.33273056
0.50542585
0.44356002
0.36810476
0.31471972
0.90662013
0.82234604
0.71569961
0.63723144
0.86671882
0.78615499
0.68420135
0.60918673
0.81178979
0.73633186
0.64083915
0.57057881
0.76784847
0.69647389
0.60615029
0.53969317
0.17813541
0.13790149
0.094311245
0.067470662
0.17296182
0.13389643
0.091572168
0.065511115
0.16547451
0.12810021
0.087608117
0.062675216
0.15921962
0.12325805
0.084296551
0.060306108
0.15571932
0.12054834
0.08244337
0.058980334
0.14886609
0.11524298
0.078815024
0.0563846
0.13943153
0.10793932
0.073820028
0.052811159
0.13188404
0.10209652
0.069824121
0.04995247
0.33997605
0.28451782
0.21997054
0.17663837
0.32501362
0.27199615
0.21028959
0.16886448
0.30441548
0.25475808
0.19696224
0.1581625
0.28793735
0.24096792
0.18630059
0.1496011
0.0066331909
0.0025177263
0.0003029005
5.1892163e-06
0.0064405435
0.0024446041
0.00029410338
5.0385069e-06
0.00616174
0.0023387801
0.00028137199
4.820397e-06
0.0059288277
0.0022503747
0.00027073619
4.6381874e-06
0.0057984879
0.0022009023
0.00026478431
4.5362211e-06
0.0055432955
0.0021040402
0.00025313111
4.3365809e-06
0.0051919826
0.0019706942
0.00023708863
4.0617444e-06
0.0049109385
0.0018640197
0.00022425492
3.8418804e-06
0.04839311
0.031934922
0.01650874
0.0087321335
0.046263321
0.03052946
0.015782188
0.0083478308
0.043331328
0.02859462
0.014781973
0.0078187772
0.040985786
0.027046782
0.013981819
0.0073955436
1.4850833
1.4418875
1.3701468
1.3095674
1.3976775
1.35404
1.2857434
1.2290693
1.2784167
1.2361263
1.1735823
1.1219807
1.1845049
1.1445804
1.0867278
1.0389765
1.1340308
1.0957369
1.0403337
0.99462434
1.0394899
1.0042438
0.9534623
0.91158103
0.91741437
0.88610958
0.84132598
0.80437636
0.82557071
0.79729995
0.75702859
0.72378071
1.016299
0.945222
0.85216692
0.7812948
0.95375735
0.88706167
0.7997296
0.73321889
0.87057332
0.80969252
0.72997717
0.66926765
0.80613667
0.74975978
0.67594529
0.61972941
0.77172187
0.71775212
0.64708865
0.59327271
0.70728291
0.65782006
0.59305649
0.5437343
0.6240962
0.58045072
0.52330407
0.47978294
0.56156076
0.52228789
0.47086762
0.43170735
0.96930351
0.92001759
0.85308794
0.80025713
0.88836456
0.84319642
0.781855
0.73343516
0.78386919
0.74402587
0.6898969
0.64717126
0.70531483
0.66947452
0.62076676
0.58232229
0.48965627
0.42972077
0.35661971
0.30490032
0.4595261
0.40327869
0.33467575
0.28613883
0.41944625
0.36810475
0.30548535
0.26118181
0.38839939
0.34085808
0.2828737
0.24184945
0.37181835
0.3263066
0.27079761
0.23152472
0.34077142
0.29905994
0.24818596
0.21219236
0.30069157
0.26388599
0.21899555
0.18723535
0.27056146
0.2374439
0.1970516
0.16847385
0.56487202
0.51236353
0.44591673
0.39702732
0.51770521
0.46958101
0.40868261
0.36387547
0.45681533
0.41435121
0.3606154
0.32107824
0.4110411
0.37283211
0.32448074
0.28890532
0.1277692
0.098911065
0.067645576
0.04839393
0.11990715
0.092824751
0.063483126
0.045416096
0.10944886
0.084728581
0.057946131
0.041454906
0.10134759
0.078457074
0.053657029
0.038386465
0.097020983
0.075107684
0.051366371
0.036747719
0.088919712
0.068836178
0.047077269
0.033679277
0.078461416
0.060740008
0.041540274
0.029718087
0.070599368
0.054653693
0.037377825
0.026740254
0.21182219
0.17726894
0.13705272
0.1100546
0.19413499
0.16246695
0.12560879
0.10086502
0.1713018
0.14335839
0.11083531
0.089001776
0.15413689
0.12899349
0.099729304
0.080083554
0.0047577149
0.0018058615
0.00021725807
3.7220121e-06
0.0044649575
0.001694741
0.00020388948
3.4929851e-06
0.0040755241
0.0015469258
0.00018610625
3.1883272e-06
0.0037738588
0.0014324242
0.00017233089
2.9523308e-06
0.00361275
0.001371273
0.00016497396
2.8262936e-06
0.0033110847
0.0012567714
0.0001511986
2.5902978e-06
0.0029216513
0.0011089562
0.00013341537
2.2856399e-06
0.0026288938
0.00099783575
0.00012004679
2.0566124e-06
0.030151344
0.019897064
0.010285777
0.0054405589
0.027633701
0.018235656
0.0094269123
0.0049862712
0.024383562
0.016090868
0.0083181656
0.0043998107
0.021940263
0.014478519
0.0074846626
0.0039589376
0.77745098
0.75082592
0.71290681
0.68159537
0.68916485
0.66559289
0.6319753
0.60421718
0.57882587
0.55904916
0.53080868
0.50749357
0.4986889
0.48165322
0.45732243
0.4372348
0.45775839
0.44212319
0.41978916
0.40135006
0.38461656
0.37148581
0.35271826
0.33722528
0.29707087
0.28692878
0.27243289
0.26046637
0.23657944
0.22850112
0.2169574
0.2074276
0.52883084
0.49184657
0.4434234
0.40654553
0.46879676
0.43601096
0.3930849
0.36039349
0.3937523
0.36621493
0.33016037
0.30270217
0.33924037
0.31551531
0.28445223
0.2607954
0.31139837
0.28962043
0.26110675
0.23939148
0.26164566
0.24334726
0.21938925
0.20114347
0.20209011
0.18795678
0.16945207
0.15535938
0.16093848
0.14968311
0.13494652
0.12372353
0.39111409
0.37123944
0.34422901
0.32291086
0.32862564
0.31192578
0.28923094
0.27131883
0.25382423
0.24092553
0.22339646
0.20956149
0.20213785
0.19186586
0.17790619
0.16688845
0.25479194
0.22360461
0.18556656
0.15865445
0.22586735
0.19822047
0.1645006
0.14064361
0.18971079
0.1664896
0.13816755
0.11812957
0.1634468
0.1434404
0.11903933
0.10177544
0.15003245
0.13166801
0.10926957
0.093422562
0.12606149
0.11063117
0.091811372
0.07849627
0.097367492
0.085449406
0.070913352
0.060629021
0.077540536
0.068049331
0.056473255
0.048283125
0.22793156
0.20674385
0.1799319
0.16020453
0.19151452
0.17371201
0.15118386
0.13460836
0.14792216
0.13417184
0.11677153
0.10396893
0.11780075
0.10685041
0.092993323
0.082797722
0.066484524
0.051468234
0.03519928
0.025181713
0.058937039
0.045625435
0.031203372
0.022323024
0.049502475
0.038321775
0.026208377
0.018749583
0.042649241
0.033016422
0.02258003
0.016153849
0.039148946
0.030306709
0.020726849
0.014828075
0.032894048
0.025464551
0.017415283
0.012458967
0.025406735
0.019668333
0.013451232
0.0096230682
0.020233158
0.015663268
0.010712156
0.0076635214
0.085472391
0.071529806
0.055302154
0.044408142
0.071816312
0.060101359
0.046466429
0.037312972
0.055469549
0.046421143
0.035889783
0.028819828
0.044174277
0.036968399
0.028581541
0.022951242
0.0024756703
0.00093967747
0.00011304993
1.9367439e-06
0.0021946262
0.000833003
0.00010021623
1.71688e-06
0.0018433133
0.00069965696
8.4173743e-05
1.4420441e-06
0.0015881208
0.00060279488
7.2520541e-05
1.2424043e-06
0.0014577811
0.00055332249
6.6568658e-05
1.1404381e-06
0.0012248688
0.00046491715
5.5932863e-05
9.5822824e-07
0.00094606526
0.00035909314
4.3201476e-05
7.4011723e-07
0.00075341785
0.00028597095
3.4404353e-05
5.8940704e-07
0.012166372
0.0080286663
0.0041504147
0.0021953204
0.010222528
0.0067459118
0.0034872954
0.0018445701
0.0078956859
0.0052104135
0.0026935204
0.0014247108
0.0062878863
0.0041494163
0.0021450385
0.0011345967
0.20684352
0.19978069
0.18968792
0.18135593
0.15597951
0.15065419
0.14304301
0.13675992
0.099771144
0.096365241
0.091496568
0.087477659
0.064839718
0.062626089
0.05946211
0.056850282
0.049206943
0.04752679
0.045125741
0.043143613
0.025595269
0.024721284
0.023472359
0.022441344
0.006227094
0.0060145458
0.005710663
0.005459829
0.00027587587
0.00026646546
0.00025300079
0.00024188834
0.14071007
0.13086939
0.11798504
0.10817267
0.10610901
0.098688189
0.088972146
0.081572666
0.067871989
0.063125313
0.056910502
0.05217747
0.044108881
0.041024091
0.03698519
0.033909271
0.033474175
0.03113313
0.028068013
0.025733702
0.01741174
0.016194036
0.014599702
0.013385499
0.004236162
0.0039399033
0.003552012
0.0032566045
0.00018767606
0.00017455086
0.00015736596
0.00014427843
0.042043387
0.039906867
0.037003349
0.034711731
0.021869055
0.020757734
0.019247457
0.01805546
0.0053206057
0.0050502196
0.0046827815
0.0043927759
0.00023572104
0.00022374145
0.00020746286
0.00019461463
0.067794437
0.059496186
0.049375111
0.042214401
0.051123569
0.044865884
0.037233614
0.031833745
0.032700886
0.028698195
0.023816259
0.020362265
0.021251763
0.01865048
0.015477791
0.013233098
0.016127935
0.014153826
0.011746076
0.010042581
0.008389017
0.0073621751
0.0061097734
0.005223693
0.0020409931
0.0017911691
0.001486468
0.0012708904
9.0422795e-05
7.9354761e-05
6.5855485e-05
5.6304681e-05
0.024501802
0.022224202
0.019342016
0.017221396
0.012744721
0.011560017
0.010060835
0.0089577856
0.0031007076
0.0028124766
0.0024477356
0.0021793708
0.00013737168
0.00012460209
0.00010844284
9.6553389e-05
0.017690045
0.013694546
0.009365741
0.0067002906
0.013340006
0.010327013
0.0070626755
0.0050526678
0.0085328555
0.0066056125
0.0045175983
0.0032319088
0.005545361
0.0042928779
0.0029359121
0.0021003639
0.0042083674
0.0032578595
0.0022280599
0.0015939634
0.0021890009
0.00169459
0.0011589352
0.00082910714
0.00053256963
0.00041228269
0.00028196137
0.00020171635
2.359461e-05
1.8265497e-05
1.2491828e-05
8.9367067e-06
0.0091879669
0.0076891905
0.0059447777
0.0047737115
0.0047791617
0.0039995665
0.0030922025
0.0024830672
0.0011627388
0.00097306841
0.00075231267
0.00060411404
5.1513206e-05
4.3110173e-05
3.3329959e-05
2.6764265e-05
0.00065872048
0.00025002715
3.0080057e-05
5.1532425e-07
0.00049673902
0.00018854468
2.2683275e-05
3.8860437e-07
0.00031773615
0.00012060148
1.4509222e-05
2.4856846e-07
0.00020649145
7.8376899e-05
9.4293023e-06
1.6154051e-07
0.00015670609
5.9480128e-05
7.1558853e-06
1.2259289e-07
8.1511368e-05
3.0938852e-05
3.7221655e-06
6.3767234e-08
1.9831184e-05
7.5272207e-06
9.0557856e-07
1.5514152e-08
8.7858753e-07
3.3348096e-07
4.0120148e-08
6.8732863e-10
0.0013078401
0.00086305203
0.00044615428
0.00023598885
0.00068027883
0.00044892034
0.00023206912
0.00012275065
0.0001655074
0.00010921939
5.6460903e-05
2.9864431e-05
7.3325293e-06
4.8387828e-06
2.5014061e-06
1.3230938e-06
