FiniteElementSpace
FiniteElementCollection: L2_2D_P3
VDim: 1
Ordering: 0

0.48412703
0.47208148
0.45668591
0.4445195
0.48280985
0.47123475
0.45629112
0.44440688
0.47808529
0.46740048
0.45354901
0.44243134
0.47214187
0.46207453
0.44914391
0.43888349
0.39248417
0.38048007
0.3645034
0.35120785
0.39354271
0.38186117
0.36631116
0.35341668
0.39355281
0.38246998
0.36778618
0.3556241
0.39264353
0.38187865
0.36781158
0.35632793
0.28007413
0.26664947
0.23493114
0.19822676
0.28123135
0.26593923
0.23146376
0.19371072
0.28177198
0.26358281
0.22540802
0.18647332
0.28106922
0.26037831
0.21942752
0.1800255
0.055394182
0.036522631
0.018888584
0.009988277
0.053774657
0.0354655
0.01833871
0.0096985557
0.051437098
0.03393255
0.01754401
0.0092789278
0.049486576
0.032651135
0.016880229
0.0089283494
0.40823614
0.40347523
0.39860737
0.39541039
0.38901583
0.38286856
0.37600054
0.37175781
0.36774373
0.36103511
0.35145257
0.34387554
0.35154676
0.34719538
0.33813107
0.32894299
0.37470641
0.36634467
0.35520188
0.34646951
0.36400036
0.35930489
0.35074981
0.3426199
0.33267858
0.33463483
0.33454932
0.33062333
0.30074214
0.30431606
0.30834729
0.3062172
0.25876113
0.22762417
0.180369
0.14487361
0.24795189
0.21566713
0.16937152
0.13596433
0.23061313
0.19831186
0.15464079
0.12407512
0.21509627
0.18422089
0.14314546
0.11487076
0.03971033
0.026201359
0.013546073
0.0071647045
0.03726467
0.024589639
0.012712283
0.0067238764
0.034014643
0.02244547
0.011603453
0.0061374213
0.031496666
0.020784126
0.010744516
0.0056831718
0.25477443
0.26020547
0.2655741
0.26780057
0.2305078
0.23729387
0.24479634
0.24892779
0.19942148
0.20737342
0.21693236
0.22303896
0.17644886
0.18497316
0.19551912
0.20276932
0.25101886
0.25090254
0.24784494
0.2402976
0.24036141
0.24009633
0.2342084
0.22308885
0.22242488
0.22069962
0.21084582
0.19616514
0.20542704
0.20134862
0.18852623
0.17252654
0.14501036
0.12143817
0.093928529
0.075412633
0.1286291
0.10770506
0.083244676
0.066854462
0.10809021
0.090446097
0.069928607
0.056152293
0.093136398
0.077918883
0.060249053
0.048379037
0.020661799
0.013634556
0.0070484567
0.0037281844
0.018315539
0.012086889
0.006248229
0.0033049711
0.015383994
0.010151953
0.0052480618
0.0027759025
0.013254194
0.0087465013
0.0045215029
0.002391604
0.08872565
0.097999119
0.10899551
0.1150651
0.07232362
0.080716977
0.089681662
0.093648224
0.052697575
0.058828519
0.064027576
0.065131699
0.038100991
0.042136872
0.044642737
0.044254724
0.10190571
0.093135491
0.081324034
0.07238909
0.077458366
0.070395598
0.061323979
0.05458248
0.049714819
0.045055322
0.039220111
0.034918733
0.032330742
0.029274004
0.025489851
0.022694476
0.038621647
0.032321803
0.024989121
0.020066472
0.029125128
0.024373597
0.018844281
0.015132071
0.018629422
0.015590562
0.012053585
0.0096791368
0.012107023
0.010132037
0.0078334281
0.0062903128
0.0054975635
0.0036278729
0.0018754285
0.00099198858
0.0041456933
0.0027357685
0.0014142542
0.00074805559
0.0026517669
0.0017499182
0.0009046192
0.0004784893
0.0017233394
0.0011372427
0.000587897
0.00031096225
0.33393284
0.3196367
0.30052896
0.28115033
0.33604685
0.32179883
0.30272155
0.28321654
0.33948218
0.32560615
0.30657514
0.28612917
0.34208678
0.32855739
0.30956109
0.28837808
0.38679848
0.37390638
0.35667344
0.34228189
0.38833597
0.37565562
0.35866124
0.34437998
0.39036973
0.37800937
0.36146407
0.34760941
0.39172417
0.37962209
0.36348509
0.3500126
0.1879436
0.14903162
0.10203792
0.073002527
0.18575445
0.1469347
0.10039839
0.071860949
0.18206756
0.14326979
0.097881538
0.070055652
0.17841415
0.13993686
0.095582729
0.068413431
0.27344101
0.2646983
0.24102861
0.20894141
0.27527431
0.26557275
0.24024576
0.20701114
0.27758879
0.26646792
0.23845986
0.20374758
0.27927176
0.26673312
0.2363779
0.20034172
0.0071794489
0.0027252578
0.00032783322
5.6584204e-06
0.0070678088
0.0026831896
0.00032269079
5.6039242e-06
0.0068890818
0.0026152236
0.00031455355
5.4384258e-06
0.0067269829
0.0025537726
0.00030712479
5.3383595e-06
0.059963736
0.03953732
0.020444956
0.010812045
0.059046166
0.038920639
0.020129787
0.010644201
0.05754544
0.037938326
0.019619056
0.010374858
0.056188103
0.037044831
0.01915818
0.010130801
0.50404733
0.49539545
0.48379756
0.47407848
0.48792549
0.48087484
0.4716093
0.46377706
0.46267286
0.45651466
0.44904831
0.44316055
0.44241067
0.43620895
0.4286223
0.4229189
0.43794361
0.42624839
0.41118106
0.39910398
0.43795643
0.42646864
0.41172335
0.39996949
0.43634788
0.42533518
0.41102425
0.39968664
0.43330962
0.42314765
0.40963363
0.39865342
0.43050183
0.42087507
0.40822368
0.39780403
0.42493885
0.41564194
0.40378944
0.39436885
0.41577812
0.40761002
0.39632887
0.38735208
0.40403199
0.39873013
0.38975064
0.38135224
0.46866427
0.45884071
0.44601412
0.43590092
0.45937611
0.45116128
0.43974376
0.43019647
0.4400333
0.43461063
0.42699853
0.41999034
0.42004441
0.41564127
0.41060277
0.40645071
0.34338592
0.33005155
0.31109497
0.28952326
0.34581584
0.33292814
0.31405697
0.29147547
0.34840611
0.33621058
0.31738976
0.29331102
0.34953294
0.33803611
0.31924065
0.2938004
0.3495999
0.33850176
0.31977806
0.29359878
0.34948686
0.33882686
0.31972675
0.2920442
0.34808303
0.33787273
0.31740046
0.28734357
0.34465447
0.33501474
0.31325422
0.28135314
0.391995
0.38142784
0.36751444
0.35621731
0.38917665
0.37953273
0.36652192
0.35579535
0.38260256
0.37416862
0.36302653
0.35368805
0.37657032
0.36822404
0.35778679
0.34947111
0.17622198
0.13798273
0.094236418
0.067451296
0.17166757
0.13395031
0.091527999
0.065499847
0.16467588
0.12813434
0.087581254
0.06266633
0.15867146
0.12327353
0.084281943
0.060298756
0.15525902
0.12055756
0.082433631
0.058973976
0.14849988
0.11525695
0.078805191
0.05637876
0.13916514
0.10795965
0.073810124
0.052807045
0.13168321
0.10211895
0.069814648
0.049950167
0.28018282
0.25809554
0.21575832
0.1762858
0.27728864
0.25254996
0.20796431
0.16874668
0.27081553
0.24277345
0.19614142
0.1581352
0.26354311
0.23334051
0.1860509
0.14954884
0.006632277
0.0025178438
0.00030280249
5.2543402e-06
0.0064400575
0.0024446561
0.00029405305
5.0734247e-06
0.0061614839
0.002338776
0.00028135479
4.8329959e-06
0.00592873
0.0022503414
0.00027074519
4.6323079e-06
0.0057984568
0.0022008616
0.00026479853
4.5282908e-06
0.0055432494
0.0021040136
0.00025313675
4.3333144e-06
0.0051918799
0.0019706961
0.00023708161
4.0669057e-06
0.0049107726
0.0018640221
0.0002242456
3.8491073e-06
0.048396634
0.031933673
0.016508925
0.0087321208
0.046266442
0.030528137
0.015782415
0.0083478003
0.043335217
0.028593169
0.014782341
0.0078186805
0.040990343
0.02704515
0.013982389
0.007395412
0.43187833
0.42594776
0.41782232
0.41141808
0.41069998
0.40660938
0.39943586
0.3927068
0.37956408
0.37854173
0.37545572
0.37097002
0.35336932
0.35441721
0.35465953
0.35306231
0.33883104
0.34078425
0.34232108
0.34201883
0.31074755
0.31439242
0.31831907
0.31999428
0.27324372
0.2786673
0.28537477
0.28945757
0.24459421
0.25104292
0.25932495
0.26495856
0.39395395
0.39120876
0.38571113
0.37910869
0.37005359
0.36852814
0.36755897
0.36578243
0.33998241
0.33476001
0.33174249
0.33178072
0.32387325
0.3154976
0.30627034
0.30119329
0.31832667
0.30864838
0.29669852
0.28955693
0.30838546
0.29876022
0.28562215
0.27776728
0.29282807
0.28717447
0.2759395
0.26624009
0.27739072
0.27522434
0.26775374
0.25838759
0.34143477
0.33905598
0.33207829
0.323551
0.32042909
0.32063555
0.31800366
0.3126203
0.29117244
0.29395799
0.29561439
0.29445304
0.26762642
0.27214066
0.2762695
0.2774841
0.3416688
0.33183517
0.30946135
0.27709167
0.33765734
0.32627939
0.30093563
0.26702429
0.32699633
0.31545793
0.28631223
0.25022541
0.30387509
0.29600858
0.26945046
0.23427877
0.29117618
0.28364279
0.25912402
0.22645259
0.27753413
0.26676249
0.2407667
0.21123887
0.258286
0.24505665
0.21568482
0.18680802
0.24247444
0.22636002
0.19583029
0.16826438
0.28842323
0.29126084
0.29466289
0.29324536
0.27666842
0.27869751
0.28052932
0.27980681
0.26362828
0.26459486
0.26525957
0.26191978
0.25517231
0.25529792
0.25391607
0.24798504
0.12762116
0.09892788
0.06763888
0.048392226
0.1198393
0.092832249
0.063480439
0.045414806
0.10941281
0.084736807
0.05794265
0.041453885
0.10133555
0.078462627
0.05365495
0.038385199
0.096997044
0.075111962
0.051364837
0.036746671
0.0888889
0.068838243
0.047076314
0.033678816
0.078486317
0.060735769
0.041541778
0.029718124
0.070606087
0.054654
0.037377335
0.026740422
0.20762763
0.17651608
0.1370479
0.11001311
0.19333385
0.1621105
0.12566717
0.10087683
0.17098141
0.14348028
0.11078864
0.088986523
0.15379013
0.12904069
0.099710316
0.080068284
0.0047575638
0.0018058642
0.00021725006
3.7276561e-06
0.0044648843
0.0016947479
0.00020388266
3.4983756e-06
0.0040754794
0.0015469188
0.000186107
3.1888482e-06
0.0037738216
0.0014324123
0.00017233562
2.9491051e-06
0.0036127442
0.0013712617
0.0001649778
2.8249154e-06
0.0033111119
0.001256763
0.00015120374
2.586884e-06
0.0029216513
0.0011089574
0.000133415
2.2857477e-06
0.0026288746
0.00099784073
0.00012004319
2.0594759e-06
0.030151753
0.019896948
0.010285774
0.00544055
0.027633724
0.018235838
0.0094268434
0.0049862857
0.02438289
0.016090935
0.0083181178
0.0043998233
0.021940514
0.014478361
0.0074847212
0.0039589129
0.22953891
0.23645208
0.24538315
0.25166052
0.20189413
0.20960441
0.21962196
0.22681476
0.16743915
0.17594695
0.18706272
0.19520505
0.14258779
0.15149412
0.16320509
0.17191589
0.12996405
0.13901786
0.15094469
0.1598701
0.10759235
0.11677312
0.12897751
0.13816838
0.081329248
0.090304302
0.10248545
0.11182073
0.063683245
0.07222599
0.08398448
0.093237054
0.26824625
0.26753311
0.26224879
0.25394491
0.25044843
0.25222944
0.25014554
0.24298279
0.22568385
0.23028251
0.23178834
0.22539599
0.20608936
0.21210002
0.21526325
0.20912118
0.19550959
0.20201589
0.20550489
0.1993708
0.17581302
0.18225365
0.18484756
0.17831595
0.14982479
0.154485
0.15410741
0.14674996
0.12875189
0.13126429
0.12833738
0.12078348
0.16456132
0.17335939
0.18425309
0.19188001
0.14302
0.1522233
0.16376422
0.17188762
0.11672387
0.12615018
0.13809054
0.14620011
0.098131392
0.10748959
0.11898608
0.12600147
0.23366326
0.21579351
0.18503409
0.15874411
0.21472467
0.19510476
0.16441604
0.14061105
0.18624635
0.16605814
0.13818078
0.11808681
0.1624608
0.14345352
0.11901732
0.10175503
0.14951334
0.1316643
0.10925277
0.093410591
0.12595819
0.1106401
0.091810394
0.078490718
0.097308853
0.085456938
0.070910431
0.060626339
0.077512327
0.068052076
0.056471932
0.048282032
0.1952747
0.18968015
0.17535508
0.15922534
0.17365253
0.16585612
0.14988573
0.13451638
0.14158205
0.13216646
0.11673491
0.10395101
0.11570254
0.1063311
0.09301519
0.082763989
0.066477499
0.0514696
0.035198433
0.025181736
0.058943603
0.045623358
0.031204135
0.022322983
0.049501787
0.038321933
0.026208263
0.018749609
0.042647754
0.03301657
0.022579934
0.016153847
0.039149415
0.030306325
0.02072698
0.01482806
0.032893955
0.025464563
0.01741526
0.012458973
0.025406691
0.019668311
0.013451245
0.0096230617
0.02023317
0.015663245
0.010712166
0.0076635161
0.085485641
0.071529905
0.05530135
0.044408718
0.071817026
0.060101336
0.046466405
0.037312884
0.055472083
0.046420972
0.035889771
0.028819928
0.044175249
0.036968427
0.028581466
0.022951308
0.002475662
0.00093967917
0.00011304927
1.9369322e-06
0.0021946336
0.00083300116
0.00010021737
1.7161068e-06
0.0018433117
0.00069965742
8.4173398e-05
1.4423304e-06
0.001588121
0.00060279463
7.2520778e-05
1.2421531e-06
0.0014577831
0.00055332178
6.6568982e-05
1.1402592e-06
0.0012248679
0.00046491727
5.5932752e-05
9.5830569e-07
0.00094606565
0.00035909303
4.3201554e-05
7.400609e-07
0.00075341797
0.00028597092
3.4404365e-05
5.8940437e-07
0.012166297
0.0080286829
0.0041504058
0.002195323
0.010222536
0.006745906
0.0034872979
0.0018445689
0.0078956795
0.0052104166
0.002693519
0.0014247113
0.0062878823
0.0041494176
0.0021450377
0.001134597
0.055160685
0.063447415
0.074844922
0.083870718
0.040828495
0.048519495
0.059247003
0.067748159
0.025468373
0.032065527
0.041549344
0.048947923
0.016266893
0.02177249
0.029584201
0.035352406
0.012189255
0.017085255
0.023866913
0.028558942
0.0061789861
0.0094298365
0.013801989
0.016576026
0.0014668372
0.0024543041
0.003778812
0.004512483
8.2489858e-05
0.00012971032
0.00019222617
0.00022216282
0.11711348
0.11829341
0.11416419
0.10672121
0.094459416
0.093534506
0.088026458
0.081372825
0.064658492
0.062218812
0.056884954
0.052221391
0.043362038
0.040947757
0.036961514
0.033930013
0.033146748
0.031103931
0.028053805
0.025756722
0.017390736
0.016198378
0.01460012
0.013384331
0.0042363585
0.0039401771
0.0035517682
0.0032568935
0.00018635801
0.00017423381
0.00015720398
0.00014443854
0.030643641
0.033487586
0.034830219
0.034049966
0.017654344
0.018835326
0.018857625
0.018005981
0.0047424623
0.0049037543
0.0046807416
0.0043880435
0.00022745362
0.00022606926
0.00020587974
0.0001917509
0.067794736
0.059497953
0.04937519
0.042214152
0.051119016
0.044866828
0.037232771
0.031834023
0.032699868
0.028698293
0.023816202
0.020362283
0.021249359
0.018650822
0.015477692
0.013233028
0.016125678
0.014154158
0.011745903
0.010042557
0.0083890893
0.0073621407
0.0061097874
0.005223692
0.0020409453
0.0017911824
0.0014864616
0.0012708897
9.0403198e-05
7.9359146e-05
6.5853465e-05
5.6304498e-05
0.024536016
0.022218876
0.019344697
0.017221947
0.012745233
0.011560214
0.010060674
0.0089578242
0.0031010324
0.0028123177
0.002447801
0.0021793684
0.00013756938
0.00012455053
0.00010846786
9.6557872e-05
0.017690015
0.013694557
0.0093657335
0.0067002902
0.013339969
0.010327021
0.0070626723
0.005052668
0.0085328605
0.0066056112
0.0045175986
0.0032319091
0.005545361
0.0042928777
0.002935912
0.0021003639
0.004208362
0.0032578604
0.0022280595
0.0015939634
0.0021890016
0.0016945899
0.0011589353
0.00082910714
0.0005325694
0.00041228275
0.00028196134
0.00020171636
2.3594541e-05
1.8265511e-05
1.2491822e-05
8.9367078e-06
0.0091880803
0.0076891618
0.0059447879
0.0047737119
0.0047791529
0.0039995702
0.0030922012
0.0024830671
0.0011627425
0.0009730673
0.00075231307
0.000604114
5.1514459e-05
4.3109801e-05
3.3330088e-05
2.6764264e-05
0.00065872022
0.00025002721
3.0080019e-05
5.1534825e-07
0.00049673901
0.00018854468
2.2683277e-05
3.8860386e-07
0.00031773616
0.00012060148
1.4509223e-05
2.4856818e-07
0.00020649145
7.8376899e-05
9.4293026e-06
1.6154015e-07
0.0001567061
5.9480127e-05
7.1558861e-06
1.2259246e-07
8.1511368e-05
3.0938852e-05
3.7221654e-06
6.3767277e-08
1.9831184e-05
7.5272207e-06
9.0557856e-07
1.551415e-08
8.7858752e-07
3.3348096e-07
4.0120149e-08
6.8732777e-10
0.0013078402
0.00086305204
0.00044615427
0.00023598885
0.00068027881
0.00044892034
0.00023206912
0.00012275065
0.00016550741
0.00010921938
5.6460904e-05
2.9864431e-05
7.3325311e-06
4.8387825e-06
2.5014063e-06
1.3230937e-06
