FiniteElementSpace
FiniteElementCollection: L2_2D_P2
VDim: 1
Ordering: 0

3.3664585
2.971469
2.3424566
3.0909309
2.7346329
2.2232153
2.7619379
2.5038296
2.1220688
0.87844604
0.65199632
0.5432634
0.86306756
0.63858442
0.54342874
0.85324673
0.63334884
0.54308326
1.1476588
1.1658283
1.1774364
1.1732059
1.1860111
1.1994401
1.1892383
1.2053702
1.2166019
2.2449875
2.1567195
2.0147298
2.3599908
2.2329426
2.0223275
2.5914811
2.3817243
2.0712485
0.84457383
0.6275955
0.54971187
0.86057862
0.62894916
0.55129847
0.85073029
0.6325205
0.54509391
1.2093845
1.2218295
1.2322887
1.2096366
1.2232877
1.2338616
1.2036979
1.2162797
1.2253097
3.488264
3.101964
2.4486009
3.6310594
3.3223624
2.6921476
3.709978
3.4850545
2.981836
0.88080818
0.66130937
0.54253826
0.913349
0.6830185
0.55318179
0.98849418
0.71369708
0.56974272
1.1381761
1.1492161
1.1662018
1.1072476
1.125194
1.1385977
1.0872974
1.0983095
1.1150254
1.218201
1.2356849
1.2530437
1.1969244
1.2174231
1.2377128
1.1746266
1.1966368
1.2186147
3.9379976
3.9052101
3.7358281
4.0535914
3.9854592
3.9295401
4.1711325
4.0787348
4.1230226
1.1698264
0.86082524
0.63635355
1.1793805
0.92265618
0.66561474
1.2694457
0.98477784
0.70090982
0.99279238
1.0085732
1.025768
0.95260837
0.97175144
0.98954583
0.9313498
0.95062928
0.97484699
1.0935082
1.1184681
1.1432324
1.0711207
1.0983124
1.1242604
1.0475502
1.0756651
1.1051867
4.400441
4.3647947
4.4526128
4.4613937
4.392506
4.4969031
4.4140702
4.4150847
4.5441071
1.97114
1.2716566
0.89482393
2.476109
1.5282103
0.96055075
3.1126996
1.9679929
1.1558508
0.89520935
0.91375237
0.93021637
0.87014936
0.89326124
0.91288332
0.87799602
0.88234887
0.89822051
1.0066754
1.0354025
1.0673956
0.99323218
1.022075
1.0503966
0.97781528
1.0085192
1.0394078
4.2216257
4.389159
4.7631419
4.2352323
4.3277728
4.753074
4.2627347
4.2325592
4.6629299
6.1119267
5.0151675
3.4437429
6.711715
6.0686421
4.7380152
6.9118748
6.5709266
5.6959316
0.79812836
0.83921843
0.86684932
0.82119579
0.86481185
0.86204314
1.0083941
1.1104203
0.92600546
0.92112915
0.92410627
0.91788063
0.87601587
0.87138492
0.66210167
0.77465653
0.56212735
0.29238707
2.3438656
1.4724634
1.1495913
2.1324341
1.4261497
1.113063
2.0008554
1.4059453
1.073773
3.709978
3.4850545
2.981836
3.6310594
3.3223624
2.6921477
3.488264
3.101964
2.448601
1.9484882
1.4048188
1.0529263
1.8756387
1.3898746
1.0209932
1.8570049
1.389242
1.0004639
1.8656134
1.3891996
0.99787209
1.8666738
1.3759324
0.99917098
1.873062
1.378886
0.99774399
2.5914811
2.3817243
2.0712483
2.3599908
2.2329426
2.0223274
2.2449875
2.1567195
2.0147298
0.59017868
0.8203645
1.0764893
0.59493251
0.83653335
1.0964654
0.61069211
0.85413284
1.110845
0.61689997
0.86714585
1.1166166
0.61665667
0.86678256
1.1267271
0.62255875
0.86592137
1.1242105
0.85072939
0.63252065
0.5450943
0.8605788
0.62894898
0.55129939
0.84457375
0.62759575
0.54971078
1.2037328
1.2162738
1.2252631
1.2096461
1.2233084
1.2338867
1.2094054
1.2218331
1.2322861
1.8730619
1.3788861
0.99774395
1.8666737
1.3759325
0.99917097
1.8656132
1.3891998
0.99787129
1.8570049
1.3892419
1.0004638
1.8756388
1.3898746
1.0209938
1.9484882
1.4048188
1.0529259
2.7619379
2.5038296
2.1220688
3.0909309
2.7346329
2.2232153
3.3664586
2.9714689
2.3424568
0.62255369
0.86594041
1.1242357
0.61665864
0.8667805
1.1267298
0.61690159
0.86714073
1.1166146
0.61068997
0.85413654
1.1108777
0.59493278
0.83653505
1.0964488
0.59018045
0.8203633
1.0764898
0.85324685
0.63334869
0.54308394
0.86306672
0.63858465
0.54342836
0.87844635
0.65199647
0.54326248
1.2368153
1.2473855
1.2611111
1.2378558
1.2477136
1.260619
1.2285358
1.2400721
1.254006
1.2241529
1.2345101
1.2468176
1.2072131
1.2212794
1.2347136
1.1873316
1.2024176
1.2180015
1.1892694
1.2053626
1.2165972
1.1731897
1.1860108
1.1994468
1.1476788
1.1658287
1.1774215
2.0008554
1.4059454
1.0737727
2.1324341
1.4261496
1.1130631
2.3438655
1.4724634
1.1495911
2.4726243
1.5236251
1.1564412
2.7241107
1.628377
1.1972917
2.9930374
1.7890352
1.2333045
3.7447859
3.5706201
3.156549
3.8142851
3.7596762
3.4435725
3.8930458
3.8991075
3.6611872
0.58478838
0.80507299
1.0657455
0.56784959
0.78395993
1.0410926
0.56016642
0.75854649
1.0143204
0.55750161
0.74227231
1.0045882
0.55709989
0.72341179
0.97329358
0.56362936
0.69051784
0.94716297
1.048142
0.73149259
0.58268021
1.1350106
0.76377609
0.6006784
1.1768899
0.81852418
0.61493723
1.1743696
1.1915658
1.207944
1.1490068
1.1666685
1.1852493
1.1241448
1.1432868
1.1621602
1.105781
1.1255164
1.1463209
1.0741065
1.0947332
1.1165829
1.0496862
1.0709713
1.0911675
1.058278
1.0800967
1.094255
1.0329797
1.0474066
1.0634517
1.0014122
1.0219296
1.0371303
1.2633082
1.282767
1.3049192
1.2498071
1.2704956
1.2922719
1.2325851
1.2555451
1.2751221
1.1592412
1.1822128
1.2054009
1.1309129
1.1566742
1.1823913
1.1051691
1.1298596
1.1574882
3.1631274
1.9376133
1.2611057
3.4408293
2.1821821
1.3180824
3.7212087
2.4371306
1.441966
3.8949171
2.6378405
1.561201
4.1620958
3.0234472
1.8495402
4.4262354
3.4732287
2.2258538
4.2417237
4.160753
4.194297
4.3131402
4.2758518
4.3764965
4.3621607
4.35583
4.4419038
0.56554431
0.68569392
0.93543508
0.58969818
0.6848261
0.90080795
0.61743691
0.65190978
0.85401949
0.62534248
0.64549337
0.85739319
0.6565399
0.65724512
0.84829366
0.72092551
0.6542921
0.83896381
1.3511955
1.0259896
0.74235854
1.4873952
1.1015401
0.79840366
1.7161952
1.1924665
0.850069
1.0354548
1.0567431
1.0799292
1.0041824
1.0290626
1.0548293
0.98661812
1.009818
1.0318202
0.97924389
1.0033188
1.0278285
0.96491353
0.98922854
1.0155997
0.94982271
0.9728301
0.99698771
0.91439121
0.94766938
0.96381499
0.91205124
0.93226127
0.9516032
0.89647138
0.91855123
0.93595099
1.0420162
1.067902
1.094957
1.031625
1.0579939
1.0832259
1.0147648
1.0461826
1.0760665
4.6093729
3.7448243
2.5102624
4.8217877
4.2742058
3.0016336
4.9904114
4.8636147
3.6397065
5.0790778
5.2251566
4.1225392
5.1681805
5.8042077
5.0462813
5.1258122
6.0802281
6.0023773
4.4471067
4.4087392
4.5799049
4.2529683
4.4273755
4.666407
4.2461048
4.400786
4.7270185
0.76128076
0.66268503
0.83274633
0.82571598
0.68986793
0.81930953
0.9015686
0.73500678
0.79711118
0.98444862
0.74723687
0.82313732
1.2827182
0.79022927
0.83129709
1.9009184
1.0011151
0.78252499
3.5571498
2.3479514
1.3608759
4.5146376
3.1933988
1.893792
5.5594426
4.285925
2.7982892
0.94089228
0.96484366
0.99079827
0.92813489
0.95132427
0.97728585
0.90837245
0.93247448
0.96038994
0.90573997
0.92563401
0.94935395
0.89391117
0.91611744
0.93574228
0.86931611
0.89260549
0.9262877
0.8584071
0.88571799
0.89637855
0.85281176
0.86338971
0.88017849
0.83444371
0.85188113
0.86107672
0.96675218
0.99655577
1.0273311
0.94826512
0.97577251
0.99993659
0.93294181
0.94898333
0.96333004
5.0803432
6.1240486
6.4337175
5.062606
6.0301687
6.803739
5.0096659
5.9174784
6.8648881
4.9258122
5.8835453
6.7810407
4.8298439
5.8157467
6.7153536
4.803758
5.7667209
6.7010217
4.2566051
4.2129709
4.6139493
4.2606756
4.2219997
4.5645794
4.268795
4.2275049
4.5430725
2.497678
1.2648839
0.80734085
3.7118452
2.0681489
1.0342601
5.0179332
3.2234584
1.6997547
5.51968
3.9356974
2.4492117
5.6960315
4.9009098
3.6681011
5.5793885
5.2572757
4.3920143
6.9800855
6.6106627
5.9439715
6.9961002
6.7054226
6.0536959
7.0170727
6.7998377
6.0938013
0.86782915
0.88548998
0.90625096
0.86332087
0.86590245
0.86747322
0.89640772
0.84458264
0.8196139
1.0370299
0.89050918
0.74228779
1.3090804
0.88684512
0.47789122
1.7741974
0.91825947
0.32359963
1.5727945
1.3555973
1.1174837
2.4628725
2.1439052
1.5891918
2.9278522
2.6871448
2.1876356
0.61183647
0.34803952
0.16797168
0.29467499
0.13647827
0.073272669
0.17029721
0.071969703
0.049230521
