FiniteElementSpace
FiniteElementCollection: L2_2D_P2
VDim: 1
Ordering: 0

0.090409802
0.051652319
0.045925554
0.17147757
0.085345712
0.053688283
0.42642565
0.20277065
0.095571145
0.045027547
0.044994947
0.045006058
0.044958555
0.045002763
0.044998501
0.045178075
0.04495941
0.045012197
0.045000615
0.044999874
0.045000145
0.044999872
0.04500003
0.044999968
0.045001203
0.044999862
0.045000121
0.045000011
0.044999998
0.045000003
0.044999997
0.045000001
0.044999999
0.045000007
0.044999999
0.045000001
0.95437027
0.97184393
0.92726151
0.96678892
0.98869409
1.0091148
0.97329524
1.0005576
1.0213708
0.097807096
0.053804673
0.045120916
0.21719196
0.087546987
0.050312491
0.48164082
0.18278139
0.07275954
0.044998578
0.044999279
0.04500091
0.044953152
0.045007251
0.044993673
0.044950165
0.044998918
0.045000708
0.045000142
0.044999975
0.045000027
0.044999866
0.045000062
0.044999947
0.045000605
0.044999969
0.045000055
1.122527
1.0903927
0.63076418
1.1389233
1.1681374
0.97603584
1.1566616
1.1743509
1.1701129
0.046826797
0.04487209
0.045173808
0.053562733
0.044865454
0.04533649
0.072327028
0.0463152
0.045174473
0.045002824
0.044999976
0.045000325
0.044999081
0.04500176
0.044998628
0.044979478
0.045004432
0.044995278
1.1990925
1.2224371
1.2452337
1.2107631
1.2342528
1.2567814
1.2230181
1.2422459
1.2575171
0.33512262
0.10070795
0.048048585
0.5191864
0.15190603
0.054894255
0.73856025
0.22648427
0.067276805
0.0079801431
0.0080030498
0.007997436
0.0079535468
0.0080066392
0.0079934415
0.0079132906
0.0080119809
0.007987115
1.2441761
1.2620727
1.2818471
1.2503068
1.2678277
1.2886971
1.2552404
1.2737016
1.2917647
1.2539426
0.5811375
0.14991505
1.3041764
0.69482594
0.18518748
1.337592
0.78471063
0.21859974
0.0082054811
0.0079675042
0.0080360951
0.0083062442
0.0079651137
0.0080421627
0.0085299083
0.0079497315
0.0080634461
0.99376706
0.97969319
0.94356633
0.85205676
0.7884586
0.71807261
0.84189106
0.76467763
0.69245797
0.47950058
0.44288024
0.17088713
0.61915912
0.46592263
0.16609537
0.57035716
0.46409043
0.13929403
0.0086797174
0.0079523938
0.0080618265
0.0081006519
0.0080045685
0.007996961
0.00823379
0.0079614011
0.0080432064
0.044815935
0.045047221
0.044980966
0.047849453
0.044900639
0.045070101
0.067631041
0.048600797
0.045125051
0.099930679
0.056905056
0.045833872
0.24208291
0.10539355
0.056930289
0.56104368
0.24737999
0.1016153
0.65489457
0.34852893
0.15636725
0.905994
0.72961465
0.3913919
0.92902005
0.95021244
0.77960531
0.044995531
0.045000865
0.044998996
0.045002318
0.044999885
0.045000143
0.04498738
0.045003036
0.044997932
0.044998204
0.044998445
0.045000173
0.044955799
0.045005019
0.04499667
0.045126607
0.044959601
0.045028189
0.0451518
0.045062774
0.04503477
0.048544868
0.044871299
0.045126157
0.068144779
0.047663651
0.045033101
0.044999919
0.045000018
0.04499998
0.045000022
0.044999994
0.045000006
0.044999961
0.045000016
0.044999988
0.045000049
0.04499998
0.045000012
0.045000097
0.044999997
0.045000016
0.045001503
0.044999826
0.045000159
0.044999148
0.045000112
0.044999887
0.045001209
0.045000234
0.044999853
0.044985223
0.045003882
0.044996637
0.044999999
0.045
0.045
0.045000001
0.045
0.045
0.045
0.045
0.045
0.045
0.045
0.045
0.045000002
0.045
0.045000001
0.045000007
0.044999999
0.045
0.044999993
0.045000001
0.044999999
0.04499999
0.045000004
0.044999996
0.044999941
0.04500002
0.044999985
0.79533441
0.40833286
0.1624845
1.0051925
0.79397186
0.37909209
1.0197475
1.0345283
0.75013172
1.040734
1.0633798
0.94651324
1.0486712
1.0657121
1.0876607
1.0577948
1.0870491
1.104205
0.045204251
0.04502294
0.045003846
0.046162369
0.044859866
0.045120807
0.053869223
0.045163602
0.045228197
0.066381048
0.046398378
0.04506383
0.11692948
0.055518449
0.044959786
0.2341438
0.084046504
0.047884148
0.70681415
0.28964648
0.10338559
1.0275461
0.59190508
0.2143206
1.1084159
0.95527759
0.43891469
0.044998933
0.045000385
0.044999644
0.045002168
0.044999921
0.045000217
0.044997418
0.045001731
0.044998524
0.044982168
0.045004331
0.044995846
0.044983585
0.045003144
0.04499798
0.044975192
0.04500406
0.044997328
0.045120547
0.044969302
0.045030179
0.045264039
0.044966231
0.045034611
0.045750136
0.044950012
0.045058373
0.044999982
0.045000005
0.044999995
0.045000024
0.044999997
0.045000005
0.044999964
0.045000017
0.044999984
0.044999887
0.045000025
0.044999974
0.045000162
0.04499998
0.045000049
0.045000209
0.045000001
0.045000041
0.045001843
0.044999817
0.045000204
0.04499997
0.045000409
0.044999662
0.045000309
0.045000572
0.044999561
1.0638573
1.0887426
1.1105443
1.0745788
1.1025922
1.1312589
1.0891891
1.1181316
1.1457174
1.0988453
1.1259233
1.148149
1.1127176
1.1354906
1.1565728
1.125558
1.1472242
1.1748001
0.35055904
0.11747724
0.053126903
0.6461458
0.22266291
0.074673307
0.98787851
0.41356616
0.12449066
1.1281031
0.57016085
0.17424673
1.2323052
0.87945805
0.3079841
1.2485121
1.132129
0.51254829
1.1584567
1.1840799
1.2066814
1.1735638
1.2045285
1.2286496
1.1915223
1.2184777
1.2413772
0.044926891
0.045011353
0.044989521
0.044910892
0.04500412
0.044995959
0.045087885
0.044968207
0.045034287
0.045273303
0.044943086
0.045074447
0.045468404
0.044943345
0.045101291
0.045664209
0.044960683
0.045109433
0.092466168
0.048822354
0.044898401
0.15116847
0.058885387
0.044742187
0.25205521
0.080518729
0.045999274
0.044999664
0.045000109
0.044999895
0.045000604
0.045000012
0.045000055
0.045002267
0.044999596
0.045000757
0.0080009861
0.0079998613
0.0080002548
0.0080008973
0.0079999981
0.0080001389
0.0080003035
0.0080002006
0.0079998811
0.0079915856
0.0080021016
0.0079979165
0.0079868641
0.0080027373
0.0079975179
0.0079848798
0.008002386
0.0079981307
1.1337484
1.1582356
1.1844151
1.1502663
1.1744201
1.1983833
1.1664724
1.1908787
1.211261
1.176535
1.1964465
1.2138391
1.1878166
1.2076408
1.2271362
1.2037303
1.2213152
1.2316968
1.2540176
1.2175114
0.65974522
1.260059
1.2813093
0.92163788
1.2656065
1.2964162
1.1303732
1.2698576
1.3026268
1.2104897
1.2772246
1.3070133
1.2910292
1.2857384
1.3146437
1.3209129
1.226017
1.2439743
1.2608668
1.2358363
1.2492963
1.2664963
1.2378177
1.2528482
1.2746994
0.045917869
0.044952755
0.045142787
0.047302725
0.044847681
0.045372262
0.050586233
0.044723992
0.045739302
0.053651191
0.044725044
0.045853673
0.061098629
0.045021283
0.045585593
0.071246918
0.045785868
0.044830318
0.86718959
0.28060131
0.077611441
1.0612628
0.38934918
0.10105787
1.1979655
0.51085516
0.13086664
0.0080006051
0.0080001572
0.0079999491
0.0080023936
0.0079999152
0.0080004403
0.0080055162
0.0079994333
0.0080013508
0.0080039088
0.0079999883
0.0080006418
0.0079955401
0.0080017204
0.0079978182
0.0079835597
0.0080042241
0.0079936127
0.007905601
0.0080108324
0.0079887109
0.0079689493
0.0079963533
0.0080045556
0.0081106388
0.0079764465
0.0080280362
1.2087713
1.2227712
1.2365588
1.2220948
1.2327607
1.241025
1.2229109
1.2293465
1.2445168
1.2320583
1.2439009
1.2529897
1.2131374
1.2168512
1.2271613
1.1229978
1.1271222
1.1270288
1.2936284
1.3173298
1.3370912
1.3001001
1.3240115
1.3358821
1.3035579
1.3210223
1.3564547
1.3065707
1.3295387
1.322376
1.2941015
1.3135232
1.3488328
1.1311168
1.1352094
1.0824676
1.2623705
1.2784274
1.2969603
1.2366597
1.2564396
1.2789623
1.1272724
1.1281812
1.1309025
0.078242292
0.046379374
0.044342443
0.09102158
0.047742485
0.043814066
0.10439911
0.049157516
0.04308451
0.11045261
0.050592575
0.042052481
0.11830162
0.051462299
0.042429264
0.14510883
0.058393923
0.039002306
1.3409469
0.8536087
0.23860446
1.3158298
0.82561663
0.24728657
1.1638182
0.89797943
0.30949314
0.0079812539
0.0080046276
0.0079930439
0.0079781734
0.0080052008
0.0079919582
0.0079696895
0.0080067873
0.0079898596
0.0079711862
0.0080054283
0.0079904154
0.0079749151
0.0080062013
0.0079908939
0.0079918349
0.0079981885
0.0079955264
0.0085456209
0.0079510915
0.0080584227
0.0086486979
0.0079607234
0.0080563721
0.0087745951
0.0079762044
0.0080347535
1.06116
1.0194747
1.0017396
1.0025306
0.92573551
0.87930345
1.0064181
0.95796314
0.88271946
1.0138601
0.96482318
0.90118695
1.0408124
0.99151618
0.92457774
1.0711013
1.0298512
0.96428585
1.0965599
1.0729612
1.0356985
1.1067502
1.0926472
1.0629409
1.1137111
1.1021472
1.0835044
0.90432072
0.83266536
0.67886809
0.67965166
0.6404665
0.52509793
0.66382306
0.63946495
0.58661359
0.046779609
0.011821862
0.0079165819
0.058605346
0.013316356
0.007872194
0.051973251
0.012634303
0.007821016
0.0079773755
0.0080039041
0.0079996196
0.0080048469
0.0079988516
0.0079996057
0.0079772691
0.0080039588
0.0079950827
