FiniteElementSpace
FiniteElementCollection: L2_2D_P2
VDim: 1
Ordering: 0

1.4475722
1.7126521
2.1684415
1.2551036
1.510113
2.0066055
1.1217195
1.3714404
1.9174422
2.8149414
2.7423082
2.7073328
2.8323604
2.7610889
2.7114234
2.9006107
2.7870884
2.7202422
0.14999589
0.14999588
0.15000654
0.14996272
0.15000728
0.14999772
0.1499766
0.14999293
0.15000568
0.1500003
0.14999997
0.15000007
0.14999978
0.15000014
0.14999992
0.15000022
0.14999992
0.1500001
0.89092915
1.1523441
1.8430138
0.82733182
1.0853815
1.7870167
0.76123763
1.0101361
1.703783
3.4906556
3.0232451
2.7718795
3.8461587
3.1951753
2.817381
4.2996455
3.4413573
2.8958673
0.14985919
0.1500084
0.14998651
0.14975876
0.15002024
0.1499738
0.14958501
0.15002703
0.14996464
0.14999984
0.15000013
0.14999998
0.14999949
0.15000024
0.14999989
0.14999967
0.15000013
0.15000001
0.56673553
0.76657185
1.3579672
0.51504333
0.69890598
1.2496477
0.46961301
0.63776926
1.1459647
6.1115947
4.842334
3.5170913
6.5781
5.4592872
3.870967
6.894364
6.0892828
4.3090073
0.14856501
0.14998675
0.14995136
0.14842953
0.14989799
0.15001107
0.14856564
0.14976895
0.15010841
0.15000404
0.14999945
0.15000067
0.15000883
0.14999907
0.15000114
0.15001498
0.14999872
0.1500016
0.15000003
0.15
0.15
0.15000003
0.15
0.15
0.15000003
0.15000001
0.15
0.36181631
0.4913683
0.88066987
0.34181555
0.4568027
0.81537357
0.32118614
0.42768346
0.76104862
7.1640947
7.4237508
6.0251144
7.1173691
7.5920617
6.535806
6.9239371
7.6423152
6.9762935
0.15016652
0.14943583
0.15031393
0.15078898
0.14938664
0.15032551
0.15106628
0.14943704
0.15022728
0.1500007
0.15000499
0.14999496
0.14999833
0.15000695
0.14999356
0.14998048
0.1500106
0.1499898
0.14999975
0.15000006
0.14999995
0.14999989
0.15000002
0.15
0.14999974
0.15000007
0.14999995
0.1500316
0.149999
0.15000374
0.15002148
0.15000102
0.15000221
0.1500019
0.15000627
0.14999713
0.15000067
0.14999992
0.15000012
0.1500004
0.14999997
0.15000005
0.15000011
0.15000006
0.14999995
0.14997165
0.150011
0.14999067
0.14997222
0.15001024
0.14998871
0.14999778
0.15000611
0.1499947
0.14999962
0.15000014
0.14999985
0.14999938
0.1500002
0.14999979
0.15000013
0.15000005
0.14999995
2.5285011
2.731065
2.8038519
2.4460554
2.7714253
2.8409033
2.4493055
2.9102566
2.9458801
2.4833684
3.0303452
3.0434322
2.55953
3.2914139
3.2646397
2.6291447
3.6003799
3.5673593
1.0650759
1.315675
1.8962267
0.98973445
1.2455751
1.8799434
0.92655709
1.1871218
1.8622461
2.7026295
2.7009336
2.7000932
2.7061945
2.7008538
2.7003863
2.7067328
2.7016106
2.7003352
2.7099795
2.7012916
2.7012866
2.7133207
2.701959
2.7013285
2.7203814
2.7022744
2.7023429
2.9597918
2.8088546
2.7242446
3.1093578
2.8637095
2.7366481
3.3261514
2.9513776
2.75513
0.14999588
0.1500014
0.14999898
0.15000094
0.15000013
0.15000025
0.14999598
0.15000118
0.14999933
0.15000313
0.14999939
0.15000092
0.14999959
0.15000095
0.14999985
0.15000327
0.15000021
0.15000068
0.14994341
0.15000721
0.14999484
0.14993745
0.15000055
0.14999868
0.14988688
0.15000537
0.14999029
0.14999995
0.15000002
0.14999999
0.15000004
0.15
0.15000001
0.14999994
0.15000002
0.14999999
0.15000008
0.14999999
0.15000002
0.14999998
0.15000001
0.14999999
0.15000004
0.15
0.15000001
0.14999948
0.15000019
0.14999986
0.15000005
0.15000005
0.15000003
0.1499995
0.15000021
0.14999989
2.6553694
3.7916295
3.7825491
2.6662145
4.1138738
4.2192093
2.6305933
4.391325
4.7238824
2.5903611
4.5153356
5.0332379
2.4952454
4.6490576
5.5505898
2.378013
4.6840966
5.9937654
0.72270094
0.96413247
1.6456484
0.65875045
0.88496824
1.536336
0.59918052
0.80870742
1.4229261
2.7259214
2.702799
2.7028643
2.7415197
2.7037063
2.7048625
2.7704949
2.7054201
2.7081713
2.7974391
2.7072724
2.7110456
2.8709658
2.7143407
2.71725
2.9890488
2.7324378
2.7228555
4.6062107
3.6254615
2.962452
5.1862026
4.0187379
3.1221186
5.7857504
4.5126014
3.3490328
0.15000355
0.15000089
0.15000011
0.15000817
0.15000042
0.15000073
0.15001026
0.15000062
0.15000065
0.15001449
0.15000094
0.15000044
0.1500213
0.15000161
0.15000036
0.15001112
0.15000502
0.14999709
0.14943541
0.15004452
0.14994806
0.14907328
0.15006403
0.14992133
0.1487278
0.15002382
0.14993293
0.14999999
0.15000002
0.14999999
0.15000003
0.15000002
0.15
0.14999996
0.15000002
0.14999999
0.14999996
0.15000003
0.14999998
0.14999995
0.15000003
0.14999998
0.14999972
0.15000008
0.14999994
0.14999984
0.15000014
0.15000003
0.14999987
0.15000015
0.15000003
0.15000183
0.14999973
0.15000045
0.15000001
0.15
0.15
0.15000001
0.15
0.15
0.15000002
0.15
0.15
2.3039815
4.6664269
6.1955152
2.1695725
4.5847363
6.4367156
2.0320504
4.4583984
6.5544563
1.953433
4.3715211
6.5799197
1.8252686
4.2137314
6.5723454
1.7112499
4.042819
6.5016539
0.44640647
0.60486536
1.0895807
0.40803179
0.55615852
0.99954104
0.37611101
0.5140715
0.92044664
3.0831098
2.7514392
2.7248884
3.293959
2.8065105
2.7241227
3.5719816
2.8968099
2.7212947
3.7661291
2.9685649
2.7210793
4.1548334
3.1274783
2.7311806
4.6091378
3.3332387
2.7636572
7.0096506
6.4298973
4.5992894
7.1220443
6.9236452
5.1430263
7.1416568
7.2742569
5.7105752
0.14999767
0.15000906
0.14999278
0.14995691
0.15001959
0.14998222
0.14989783
0.15003294
0.14996851
0.14986366
0.1500397
0.14996212
0.14981257
0.15004745
0.1499603
0.14980397
0.15004025
0.14997439
0.14877743
0.14968033
0.15017429
0.14927637
0.14954895
0.15027296
0.14987633
0.14945956
0.15032325
0.14999966
0.15000008
0.14999994
0.14999946
0.1500001
0.14999993
0.1499993
0.15000011
0.14999991
0.14999956
0.15000007
0.14999996
0.15000009
0.15000003
0.15000004
0.15000201
0.14999972
0.15000039
0.15001685
0.14999911
0.15000124
0.15001419
0.15000072
0.14999991
0.15000356
0.15000345
0.14999657
0.14999999
0.15000002
0.14999998
0.14999996
0.15000002
0.14999998
0.14999977
0.15000006
0.14999994
1.6469518
3.9330501
6.4190953
1.5430341
3.7227992
6.2518556
1.4464403
3.5223743
6.0414829
4.8983254
3.4743178
2.798082
5.4202714
3.7535041
2.8890494
5.9523345
4.0798694
3.0274605
6.25157
4.2877117
3.1286964
6.6991039
4.6758959
3.3237373
7.0415875
5.070871
3.4735463
6.8332533
7.6038658
7.1740585
6.6911959
7.5147336
7.4151143
6.5772851
7.406938
7.5391888
0.14981503
0.15003647
0.14997771
0.14980444
0.15003979
0.14997615
0.14987922
0.15001659
0.15000498
0.14989595
0.15001022
0.15001125
0.14992334
0.15000468
0.15001148
0.14972192
0.1500389
0.14996622
0.15149838
0.14942696
0.15022028
0.15209129
0.1494213
0.1502035
0.15624612
0.14904649
0.15066846
0.15000282
0.14999963
0.15000044
0.15000309
0.14999976
0.15000029
0.15000482
0.14999965
0.15000049
0.15000423
0.1499999
0.15000024
0.15000234
0.15000033
0.14999967
0.14999934
0.15000088
0.14999907
0.1499777
0.15001045
0.1499903
0.14997836
0.15001045
0.14999245
0.15000493
0.15000522
0.14999846
0.14999989
0.15000003
0.14999999
0.1500003
0.14999994
0.1500001
0.1500005
0.14999994
0.15000009
0.14953732
0.15006706
0.14992723
0.14960152
0.15004876
0.14994494
0.14969569
0.15002723
0.14997192
0.14975628
0.15000902
0.14999157
0.14997733
0.14995259
0.15005123
0.1499534
0.14996765
0.15003978
0.1499971
0.15000121
0.14999871
0.14999809
0.15000075
0.14999924
0.15000037
0.15000048
0.14999963
0.15000183
0.15000047
0.14999963
0.15000585
0.14999948
0.15000093
0.15000396
0.14999989
0.15000049
0.14999778
0.15000611
0.1499947
0.14997222
0.15001024
0.14998871
0.14997165
0.150011
0.14999067
0.15000013
0.15000005
0.14999995
0.14999938
0.1500002
0.14999979
0.14999962
0.15000014
0.14999985
0.15000396
0.14999989
0.15000049
0.15000585
0.14999948
0.15000093
0.15000183
0.15000047
0.14999963
0.15000037
0.15000048
0.14999963
0.14999809
0.15000075
0.14999924
0.1499971
0.15000121
0.14999871
0.1500019
0.15000627
0.14999713
0.15002148
0.15000102
0.15000221
0.1500316
0.149999
0.15000374
