FiniteElementSpace
FiniteElementCollection: L2_2D_P2
VDim: 1
Ordering: 0

0.15159904
0.14978345
0.1502475
0.15101389
0.14981241
0.15021564
0.15032534
0.14989306
0.15012458
0.15000644
0.150001
0.1499993
0.15001079
0.14999966
0.15000082
0.15001016
0.14999915
0.15000129
0.039999977
0.040000013
0.039999986
0.040000023
0.040000003
0.039999997
0.040000041
0.039999997
0.040000004
0.039999999
0.04
0.04
0.04
0.04
0.04
0.040000001
0.04
0.04
0.14986634
0.15002198
0.1499831
0.14993944
0.15001054
0.14999415
0.1499171
0.15001834
0.14998318
0.15000056
0.15000016
0.14999988
0.150001
0.14999994
0.15000013
0.14999972
0.1500001
0.14999991
0.039999998
0.040000001
0.039999998
0.040000006
0.039999999
0.040000001
0.04
0.04
0.04
0.04
0.04
0.04
0.04
0.04
0.04
0.04
0.04
0.04
0.14999926
0.15000167
0.14999837
0.15000338
0.15000005
0.15000002
0.15000367
0.14999943
0.15000062
0.039999955
0.040000011
0.039999988
0.039999996
0.040000003
0.039999997
0.040000014
0.039999998
0.040000003
0.04
0.04
0.04
0.04
0.04
0.04
0.04
0.04
0.04
0.04
0.04
0.04
0.04
0.04
0.04
0.04
0.04
0.04
0.1500002
0.14999996
0.15000006
0.15000028
0.14999998
0.15000005
0.15000005
0.14999995
0.15000002
0.040000002
0.04
0.040000001
0.040000002
0.04
0.04
0.04
0.04
0.04
0.04
0.04
0.04
0.04
0.04
0.04
0.04
0.04
0.04
0.04
0.04
0.04
0.04
0.04
0.04
0.04
0.04
0.04
0.15000247
0.14999965
0.15000065
0.15000173
0.14999978
0.15000045
0.15000088
0.14999991
0.15000024
0.14998989
0.15000429
0.14999529
0.14999528
0.15000351
0.14999644
0.15000219
0.15000206
0.14999813
0.040000016
0.039999998
0.040000002
0.040000013
0.039999999
0.040000002
0.040000011
0.039999999
0.040000001
0.039999872
0.040000031
0.039999965
0.039999907
0.040000026
0.039999971
0.039999945
0.04000002
0.039999978
0.04
0.04
0.04
0.04
0.04
0.04
0.04
0.04
0.04
0.039999999
0.04
0.04
0.039999999
0.04
0.04
0.039999999
0.04
0.04
0.18404121
0.1522324
0.1502673
0.16686163
0.14985621
0.15088699
0.15625827
0.14955277
0.15061259
0.14987004
0.15002375
0.14997848
0.14987358
0.150028
0.14997289
0.14991581
0.15002292
0.14997713
0.14995695
0.15001498
0.1499852
0.15000558
0.15000407
0.1499971
0.15001265
0.15000082
0.15000018
0.14994032
0.14995917
0.15004914
0.14962324
0.15003624
0.14996489
0.14972204
0.15004242
0.14995978
0.15000027
0.15000001
0.15000008
0.14999943
0.15000017
0.14999983
0.14999917
0.15000023
0.14999974
0.1499994
0.15000018
0.1499998
0.14999998
0.15000006
0.14999997
0.15000019
0.14999999
0.15000004
0.15000676
0.14999942
0.15000088
0.15000082
0.15000029
0.14999984
0.14999932
0.15000049
0.14999953
0.040000006
0.04
0.040000001
0.04
0.040000001
0.039999999
0.039999997
0.040000001
0.039999999
0.039999997
0.040000001
0.039999999
0.04
0.04
0.04
0.040000002
0.04
0.04
0.040000032
0.039999997
0.040000004
0.040000002
0.040000002
0.039999998
0.039999989
0.040000004
0.039999996
0.04
0.04
0.04
0.04
0.04
0.04
0.04
0.04
0.04
0.04
0.04
0.04
0.04
0.04
0.04
0.04
0.04
0.04
0.04
0.04
0.04
0.04
0.04
0.04
0.04
0.04
0.04
0.15313266
0.14977344
0.15029207
0.15121906
0.14989247
0.15012637
0.1508218
0.14986657
0.1501478
0.15026904
0.14992011
0.1500844
0.14978586
0.15001554
0.14998519
0.14985525
0.15002731
0.1499748
0.15000216
0.15000216
0.14999828
0.14999823
0.15000235
0.14999779
0.15000608
0.15000002
0.15000039
0.15000679
0.14999931
0.15000129
0.15000133
0.14999993
0.15000025
0.14999942
0.15000027
0.14999977
0.14994619
0.15001565
0.14998505
0.15000019
0.15000348
0.14999712
0.15000871
0.14999976
0.15000058
0.15000004
0.15000001
0.15
0.14999989
0.15000004
0.14999996
0.15000002
0.15000001
0.15
0.040000032
0.039999994
0.040000007
0.040000008
0.04
0.04
0.039999995
0.040000001
0.039999999
0.039999731
0.040000055
0.039999938
0.039999933
0.040000022
0.03999998
0.04000004
0.039999994
0.040000007
0.040000001
0.04
0.04
0.039999999
0.04
0.04
0.04
0.04
0.04
0.04
0.04
0.04
0.04
0.04
0.04
0.04
0.04
0.04
0.039999995
0.040000001
0.039999999
0.04
0.04
0.04
0.04
0.04
0.04
0.04
0.04
0.04
0.04
0.04
0.04
0.04
0.04
0.04
0.04
0.04
0.04
0.04
0.04
0.04
0.04
0.04
0.04
0.04
0.04
0.04
0.04
0.04
0.04
0.04
0.04
0.04
0.14996585
0.15000619
0.14999662
0.14995406
0.15001026
0.14999109
0.14998057
0.15000612
0.14999335
0.15000551
0.15000047
0.14999964
0.15000867
0.14999893
0.15000141
0.14999895
0.15000024
0.1499996
0.15000091
0.14999988
0.15000021
0.15000004
0.15
0.15000003
0.1499997
0.15000006
0.14999991
0.14999992
0.15000002
0.14999997
0.15000006
0.14999999
0.15000001
0.14999998
0.15
0.15
0.15000055
0.14999986
0.15000015
0.14999946
0.15000013
0.14999992
0.15000018
0.1499999
0.15000004
0.040000006
0.039999999
0.040000001
0.040000002
0.04
0.04
0.039999999
0.04
0.04
0.04
0.04
0.04
0.04
0.04
0.04
0.04
0.04
0.04
0.040000005
0.039999999
0.040000001
0.039999998
0.040000001
0.04
0.040000001
0.04
0.04
0.04
0.04
0.04
0.04
0.04
0.04
0.04
0.04
0.04
0.04
0.04
0.04
0.04
0.04
0.04
0.04
0.04
0.04
0.04
0.04
0.04
0.04
0.04
0.04
0.04
0.04
0.04
0.04
0.04
0.04
0.04
0.04
0.04
0.04
0.04
0.04
0.04
0.04
0.04
0.04
0.04
0.04
0.04
0.04
0.04
0.04
0.04
0.04
0.04
0.04
0.04
0.04
0.04
0.04
0.14999974
0.15000034
0.14999982
0.14999841
0.15000026
0.14999963
0.14999876
0.15000039
0.14999976
0.15000221
0.14999947
0.1500005
0.14999902
0.1500003
0.14999975
0.15000171
0.14999963
0.15000043
0.14999997
0.15000001
0.14999999
0.14999997
0.15000001
0.14999999
0.15
0.15
0.15
0.15000002
0.15
0.15
0.14999999
0.15
0.15
0.15000003
0.14999999
0.15
0.1499998
0.15000008
0.14999995
0.15000013
0.14999997
0.15000003
0.14999978
0.15000006
0.14999995
0.04
0.04
0.04
0.04
0.04
0.04
0.04
0.04
0.04
0.04
0.04
0.04
0.04
0.04
0.04
0.04
0.04
0.04
0.039999999
0.04
0.04
0.040000001
0.04
0.04
0.039999999
0.04
0.04
0.04
0.04
0.04
0.04
0.04
0.04
0.04
0.04
0.04
0.04
0.04
0.04
0.04
0.04
0.04
0.04
0.04
0.04
0.04
0.04
0.04
0.04
0.04
0.04
0.04
0.04
0.04
0.04
0.04
0.04
0.04
0.04
0.04
0.04
0.04
0.04
0.04
0.04
0.04
0.04
0.04
0.04
0.04
0.04
0.04
0.04
0.04
0.04
0.04
0.04
0.04
0.04
0.04
0.04
