FiniteElementSpace
FiniteElementCollection: L2_2D_P2
VDim: 1
Ordering: 0

0.88697492
0.78131276
0.38551793
0.88615288
0.67740181
0.3217829
0.86254109
0.55127311
0.26727001
0.15172975
0.14980556
0.15022295
0.15125229
0.14980431
0.15022483
0.15062216
0.14985539
0.15016778
0.040004013
0.04000008
0.040000045
0.040005576
0.039999593
0.040000608
0.040005264
0.039999393
0.040000806
0.039999978
0.040000017
0.039999983
0.040000024
0.040000006
0.039999995
0.040000055
0.039999998
0.040000004
0.44700449
0.24751044
0.16644204
0.32481262
0.20145055
0.15383734
0.24357014
0.17218188
0.14870193
0.1497768
0.15003482
0.14996853
0.14993206
0.15001097
0.14999503
0.14991891
0.15001556
0.14998485
0.039999682
0.040000137
0.039999871
0.040000271
0.039999999
0.040000029
0.039999845
0.040000031
0.039999971
0.039999999
0.040000002
0.039999998
0.040000008
0.04
0.04
0.040000003
0.04
0.040000001
0.15225469
0.14984813
0.15017006
0.15043104
0.14991984
0.15007626
0.1501823
0.14995361
0.15004517
0.040002481
0.040000137
0.039999924
0.040001513
0.039999974
0.040000057
0.040001403
0.039999727
0.040000277
0.040000018
0.040000003
0.039999998
0.039999988
0.040000006
0.039999994
0.04000002
0.039999997
0.040000003
0.04
0.04
0.04
0.04
0.04
0.04
0.04
0.04
0.04
0.14999264
0.15000461
0.14999628
0.15000467
0.1499997
0.15000053
0.14999862
0.15000054
0.14999942
0.039999918
0.04000002
0.039999982
0.040000013
0.039999998
0.040000002
0.03999998
0.040000004
0.039999996
0.04
0.04
0.04
0.04
0.04
0.04
0.04
0.04
0.04
0.04
0.04
0.04
0.04
0.04
0.04
0.04
0.04
0.04
0.14998384
0.14998902
0.15001073
0.1499451
0.14999873
0.14999786
0.14990823
0.15001077
0.14998352
0.15249308
0.14988183
0.15013619
0.15218333
0.14986645
0.15016074
0.15191278
0.14982553
0.15020125
0.040000766
0.039999884
0.040000152
0.040000533
0.039999921
0.040000124
0.040000206
0.039999984
0.040000046
0.039998128
0.040001276
0.039998608
0.040000297
0.040000928
0.039999011
0.040002637
0.040000431
0.039999601
0.040000012
0.039999999
0.040000003
0.040000013
0.039999999
0.040000003
0.040000012
0.039999998
0.040000003
0.039999902
0.040000027
0.039999973
0.039999905
0.040000029
0.039999971
0.039999949
0.040000022
0.039999976
0.84159185
0.88726353
0.84769126
0.84689644
0.88891105
0.82304754
0.85079612
0.89125798
0.72851351
0.27208452
0.1774574
0.14739264
0.23689842
0.16635144
0.14766808
0.20717728
0.1577741
0.14882134
0.19276499
0.15418482
0.14969431
0.17307328
0.15058291
0.15071238
0.15993046
0.14952507
0.15080083
0.82714104
0.47776822
0.24069385
0.70234872
0.36737561
0.20398572
0.53665796
0.28416192
0.17758885
0.14988893
0.15001717
0.14997587
0.14987293
0.15002569
0.14996652
0.14989373
0.15002594
0.14996827
0.14992782
0.15002
0.14997695
0.14998745
0.15000767
0.14999363
0.15001431
0.15000076
0.15000184
0.15021465
0.14991228
0.15010254
0.14972066
0.15000789
0.14999578
0.1496442
0.15004814
0.14995334
0.039999951
0.040000032
0.039999992
0.039999626
0.040000097
0.039999913
0.0399995
0.040000129
0.039999869
0.039999602
0.040000109
0.039999885
0.039999877
0.040000053
0.039999948
0.040000065
0.040000007
0.039999997
0.040003808
0.039999517
0.040000631
0.040000881
0.039999947
0.040000122
0.039999421
0.040000204
0.039999804
0.040000008
0.039999999
0.040000002
0.040000002
0.04
0.04
0.039999997
0.040000001
0.039999999
0.039999996
0.040000001
0.039999998
0.039999999
0.040000001
0.039999999
0.040000001
0.04
0.04
0.040000051
0.039999996
0.040000006
0.040000022
0.039999999
0.040000001
0.039999997
0.040000003
0.039999997
0.85251126
0.87820463
0.63533814
0.85374234
0.80502545
0.46245319
0.84098168
0.62451924
0.32611783
0.80144104
0.50273721
0.2700521
0.60519009
0.33756968
0.20601776
0.3937164
0.23821372
0.16984205
0.15525959
0.14965298
0.15048957
0.15171453
0.14987022
0.15015116
0.15106015
0.14987438
0.15016184
0.15069417
0.14986031
0.15018048
0.14998646
0.14996612
0.15002312
0.14974886
0.15003509
0.14995047
0.21136463
0.16135359
0.14877981
0.1749422
0.15176246
0.15012071
0.15624458
0.14955441
0.15061671
0.15000889
0.15000098
0.15000068
0.14999672
0.15000272
0.14999757
0.1500053
0.15000032
0.15000066
0.040004478
0.039999155
0.04000102
0.040001368
0.039999797
0.040000211
0.039999315
0.040000123
0.039999907
0.039965476
0.040007731
0.039991489
0.039994557
0.040003174
0.039997195
0.040010446
0.039998753
0.040001361
0.040000043
0.040000006
0.039999997
0.039999962
0.040000017
0.039999982
0.040000001
0.040000008
0.039999993
0.040000059
0.039999993
0.040000008
0.040000015
0.039999999
0.040000001
0.040000002
0.04
0.04
0.039999351
0.040000133
0.039999866
0.039999893
0.040000039
0.039999965
0.040000002
0.040000005
0.039999994
0.040000001
0.04
0.04
0.04
0.04
0.04
0.04
0.04
0.04
0.04
0.04
0.04
0.04
0.04
0.04
0.04
0.04
0.04
0.039999995
0.040000001
0.039999999
0.04
0.04
0.04
0.039999999
0.04
0.04
0.30937985
0.20285362
0.15794162
0.21914009
0.16704026
0.14972068
0.172842
0.15195543
0.14995346
0.15946583
0.15016765
0.15039515
0.15086278
0.14979462
0.15012817
0.15040863
0.15002988
0.15003355
0.14992177
0.15001336
0.14998636
0.14996588
0.15000685
0.14999253
0.14997018
0.15000768
0.1499925
0.15000532
0.15000108
0.14999935
0.1500021
0.15000014
0.15000005
0.1500008
0.15000008
0.15000002
0.1498127
0.15001996
0.14998217
0.14995462
0.15000993
0.14999279
0.14997541
0.15000338
0.14999687
0.04000003
0.040000039
0.039999967
0.039999978
0.040000011
0.040000003
0.039999839
0.04000004
0.039999959
0.040000009
0.040000007
0.039999995
0.040000002
0.040000001
0.039999999
0.039999997
0.040000002
0.039999999
0.039999984
0.040000047
0.039999967
0.039999946
0.040000018
0.039999989
0.03999998
0.040000001
0.039999999
0.04
0.040000001
0.039999999
0.040000003
0.04
0.04
0.039999998
0.040000001
0.039999999
0.04
0.04
0.04
0.04
0.04
0.04
0.04
0.04
0.04
0.040000001
0.040000001
0.039999999
0.04
0.04
0.04
0.04
0.04
0.04
0.04
0.04
0.04
0.04
0.04
0.04
0.04
0.04
0.04
0.04
0.04
0.04
0.04
0.04
0.04
0.04
0.04
0.04
0.04
0.04
0.04
0.04
0.04
0.04
0.04
0.04
0.04
0.14993398
0.14995973
0.15001232
0.14992984
0.15001945
0.14998841
0.15000634
0.14999389
0.15000124
0.14998447
0.15000745
0.14999496
0.15001694
0.14999737
0.15000237
0.14998327
0.15000399
0.14999574
0.1500019
0.14999974
0.15000034
0.14999979
0.15000007
0.14999995
0.15000034
0.14999991
0.15000009
0.14999972
0.15000006
0.14999993
0.1500002
0.14999996
0.15000005
0.14999972
0.15000007
0.14999992
0.15000305
0.14999945
0.15000058
0.14999888
0.15000034
0.1499997
0.15000237
0.14999956
0.15000051
0.040000009
0.039999999
0.040000001
0.039999999
0.04
0.04
0.040000003
0.039999999
0.04
0.039999998
0.04
0.04
0.040000001
0.04
0.04
0.039999998
0.04
0.04
0.040000015
0.039999997
0.040000003
0.03999999
0.040000003
0.039999998
0.040000015
0.039999997
0.040000004
0.04
0.04
0.04
0.04
0.04
0.04
0.04
0.04
0.04
0.04
0.04
0.04
0.04
0.04
0.04
0.04
0.04
0.04
0.04
0.04
0.04
0.04
0.04
0.04
0.04
0.04
0.04
0.04
0.04
0.04
0.04
0.04
0.04
0.04
0.04
0.04
0.04
0.04
0.04
0.04
0.04
0.04
0.04
0.04
0.04
0.04
0.04
0.04
0.04
0.04
0.04
0.04
0.04
0.04
