FiniteElementSpace
FiniteElementCollection: L2_2D_P2
VDim: 1
Ordering: 0

0.14997656
0.15000329
0.14999487
0.15001455
0.15000338
0.15000258
0.14981613
0.14999818
0.14997962
0.14999957
0.1500001
0.14999989
0.15000027
0.14999995
0.15000006
0.14999954
0.15000018
0.14999988
0.14999999
0.15
0.15
0.15
0.15
0.15
0.14999999
0.15
0.15
0.15
0.15
0.15
0.15
0.15
0.15
0.15
0.15
0.15
0.16611375
0.1509038
0.1501211
0.20898108
0.16487615
0.14996138
0.29758651
0.20157667
0.15941097
0.14997947
0.15000461
0.14999565
0.14998009
0.1500046
0.14999707
0.14991459
0.15001467
0.14998856
0.14999979
0.15000004
0.14999996
0.15000017
0.14999999
0.15000002
0.15000015
0.15000007
0.14999995
0.15
0.15
0.15
0.15
0.15
0.15
0.15
0.15
0.15
0.15100082
0.14997084
0.15006309
0.15522839
0.14959893
0.15048791
0.16811745
0.15038248
0.15061664
0.14999631
0.15000206
0.14999804
0.15000845
0.15000049
0.15000016
0.14999618
0.15000496
0.14999589
0.14999993
0.15000002
0.14999998
0.15000009
0.15
0.15000001
0.14999981
0.15000005
0.14999995
0.30177895
0.19079346
0.15036241
0.38672581
0.22131672
0.1571645
0.49497923
0.26242511
0.16837937
0.14994278
0.1500092
0.14999702
0.14989576
0.15001663
0.14998964
0.14974176
0.15003825
0.14996438
0.040000376
0.039999967
0.040000058
0.040000211
0.040000042
0.039999988
0.039999602
0.040000183
0.039999812
0.81049656
0.45244407
0.22584397
0.84997853
0.51488893
0.24651667
0.86960984
0.56743036
0.26521964
0.14991663
0.14995836
0.15004216
0.15023013
0.149903
0.15010906
0.15055928
0.14985592
0.15016072
0.040001855
0.039999752
0.040000286
0.040003688
0.039999534
0.040000625
0.04000557
0.039999098
0.040001062
0.88351335
0.63364931
0.29105842
0.88187462
0.62077185
0.28583133
0.87651573
0.59155539
0.27419953
0.041413353
0.039770142
0.04025892
0.041630685
0.039825611
0.04022644
0.041369503
0.039814404
0.04021844
0.04001917
0.039996183
0.040003868
0.040009154
0.039999111
0.04000102
0.040012113
0.039998302
0.040001869
0.15000274
0.14999934
0.15000075
0.14999848
0.15000046
0.14999954
0.15000937
0.14999906
0.15000129
0.14997541
0.15000281
0.14999654
0.14999706
0.15000364
0.14999877
0.14983105
0.15001576
0.14998332
0.15031598
0.15001579
0.15003864
0.15015312
0.14988931
0.15003429
0.15564706
0.15005714
0.15029894
0.15000005
0.14999999
0.15000001
0.14999997
0.15000001
0.14999999
0.15000006
0.14999999
0.15000002
0.1499999
0.15000001
0.14999998
0.15000005
0.15000001
0.15
0.15000005
0.15000007
0.14999994
0.15000145
0.14999961
0.15000025
0.15000016
0.15000019
0.14999992
0.15000672
0.14999981
0.15000025
0.15
0.15
0.15
0.15
0.15
0.15
0.15
0.15
0.15
0.15
0.15
0.15
0.15
0.15
0.15
0.15
0.15
0.15
0.15000001
0.15
0.15
0.15
0.15
0.15
0.15000004
0.15
0.15
0.15
0.15
0.15
0.15
0.15
0.15
0.15
0.15
0.15
0.15
0.15
0.15
0.15
0.15
0.15
0.15
0.15
0.15
0.15
0.15
0.15
0.15
0.15
0.15
0.15
0.15
0.15
0.1501722
0.14997395
0.15002869
0.15024971
0.14992875
0.15005654
0.15267197
0.14986794
0.15016516
0.15800043
0.14963601
0.15063416
0.18290217
0.15431555
0.14954237
0.23277778
0.17048432
0.1495503
0.15000181
0.14999962
0.15000036
0.15000056
0.15000034
0.14999972
0.15000294
0.15000059
0.14999958
0.15000527
0.15000049
0.14999967
0.1499647
0.15000969
0.1499914
0.14994082
0.15001222
0.14999035
0.14979985
0.15001944
0.14997923
0.15019965
0.14993906
0.15006087
0.15085158
0.14988213
0.15011658
0.15000001
0.15
0.15
0.14999999
0.15000001
0.14999999
0.15000002
0.15
0.15
0.14999999
0.15000002
0.14999999
0.14999976
0.15000007
0.14999994
0.15000035
0.14999999
0.15000004
0.15000006
0.15000006
0.14999995
0.15000363
0.14999968
0.15000044
0.15000239
0.1500008
0.14999932
0.15
0.15
0.15
0.15
0.15
0.15
0.15
0.15
0.15
0.15
0.15
0.15
0.15
0.15
0.15
0.15
0.15
0.15
0.15000001
0.15
0.15
0.15000002
0.15
0.15
0.14999997
0.15000001
0.14999999
0.27874343
0.18798397
0.15243031
0.40141096
0.23646076
0.16673498
0.58348937
0.31779167
0.19425615
0.69800822
0.38563785
0.21821252
0.82750145
0.53945485
0.27720221
0.8549611
0.71103888
0.36442705
0.14997228
0.15000384
0.14999956
0.14979129
0.15003025
0.14997245
0.14976125
0.15001207
0.14998855
0.1500503
0.14994682
0.15005788
0.15075785
0.14985967
0.15015437
0.15133897
0.14985921
0.15016325
0.18110408
0.1524741
0.15005667
0.21398018
0.1611756
0.14854637
0.2634839
0.17736339
0.14860294
0.15000083
0.14999996
0.15000008
0.14999963
0.15000027
0.14999978
0.15000177
0.14999995
0.15000026
0.15000591
0.14999937
0.15000127
0.15000699
0.14999989
0.15000105
0.150001
0.15000186
0.14999883
0.14995723
0.15001341
0.14998686
0.14991072
0.15002043
0.14998134
0.14991554
0.15001578
0.14998853
0.15000001
0.15
0.15
0.14999999
0.15
0.15
0.15000002
0.15
0.15000001
0.040000031
0.039999996
0.040000008
0.040000022
0.040000002
0.040000002
0.039999968
0.040000015
0.039999982
0.039999741
0.040000064
0.039999933
0.039999724
0.04000007
0.039999933
0.040000104
0.039999995
0.040000023
0.85851399
0.79059546
0.42991932
0.84886368
0.86703114
0.56139338
0.84158448
0.88502105
0.69170573
0.83886997
0.8861606
0.75168745
0.83265545
0.88141149
0.81513613
0.82500059
0.87571647
0.8365107
0.15152334
0.14990723
0.15012068
0.15269347
0.14984451
0.15022449
0.15621526
0.14963662
0.15055978
0.15974839
0.14954166
0.15080367
0.1679799
0.14989385
0.15094471
0.17820539
0.15104873
0.15067481
0.56457189
0.29147309
0.17676358
0.68149719
0.34932577
0.19393426
0.77337804
0.4141281
0.21370349
0.14999527
0.15000327
0.14999714
0.14999792
0.15000308
0.14999775
0.15000971
0.15000128
0.15000109
0.15001466
0.150001
0.15000197
0.1500041
0.15000411
0.14999851
0.14997942
0.15000977
0.14999049
0.14963543
0.15004965
0.14995156
0.1496009
0.15003471
0.1499654
0.14975278
0.14999294
0.15001069
0.039999945
0.040000021
0.039999975
0.039999977
0.040000016
0.039999985
0.040000075
0.039999999
0.040000017
0.040000064
0.040000004
0.040000011
0.040000002
0.040000024
0.039999985
0.039999835
0.040000057
0.039999927
0.039999405
0.040000215
0.039999801
0.03999996
0.040000148
0.039999894
0.040001316
0.039999894
0.040000208
0.82198848
0.87308937
0.8400915
0.81884758
0.87020396
0.83901136
0.81846543
0.86927542
0.83733859
0.8188112
0.86903308
0.83657347
0.81929068
0.86850345
0.8346834
0.81919685
0.86831745
0.83361127
0.18459331
0.15211265
0.15034521
0.19558695
0.15430537
0.14968934
0.20569987
0.1566035
0.14919591
0.21071505
0.15787289
0.14843977
0.21707566
0.15951262
0.14865781
0.21975475
0.16083044
0.14646636
0.87654547
0.59163668
0.27436476
0.88188364
0.62091654
0.28588879
0.88356968
0.63365347
0.29126053
0.14996658
0.15001085
0.14998814
0.14992962
0.15001849
0.14997717
0.14989955
0.15002867
0.14996643
0.14992332
0.15001224
0.14997682
0.14989849
0.15003086
0.1499676
0.14995939
0.14998847
0.14998038
0.15071682
0.14987893
0.1501312
0.15086863
0.1498221
0.15017738
0.1504913
0.15001349
0.15006681
0.03999982
0.04000006
0.039999922
0.039999622
0.040000104
0.039999848
0.039999392
0.040000157
0.039999814
0.039999607
0.040000076
0.039999789
0.039999423
0.040000147
0.039999859
0.0399998
0.040000008
0.039999704
0.040003579
0.039999628
0.04000058
0.040005562
0.039999102
0.04000105
0.04000175
0.040000304
0.040000119
0.81920043
0.86835414
0.83361722
0.81929523
0.86856179
0.83468603
0.8188047
0.86908496
0.83660653
0.81847617
0.86930128
0.83739431
0.8188302
0.87021162
0.83904634
0.82202021
0.87308553
0.84013021
0.75438011
0.79966451
0.77043236
0.75727351
0.80113442
0.77332723
0.76440747
0.8061021
0.77920831
0.22051788
0.16008252
0.14644623
0.21706158
0.16010465
0.14319514
0.2107253
0.15829001
0.14476087
0.039856502
0.040033538
0.039968421
0.039885416
0.040020845
0.039978592
0.039888759
0.040020501
0.039977024
0.039997964
0.040000462
0.039999486
0.039999554
0.040000083
0.039999863
0.039999071
0.040000177
0.039999707
