FiniteElementSpace
FiniteElementCollection: L2_2D_P2
VDim: 1
Ordering: 0

3.9568462
3.0601171
2.0228663
4.9310502
3.7551122
2.3619364
6.2279383
4.681166
2.8133753
1.0051953
1.0000305
1.0002636
1.0060647
1.0004682
0.999884
1.0078566
1.0004785
1.0000017
1.0000128
0.99999808
1.0000026
0.99997915
1.0000057
0.99999409
0.99999098
1.0000022
0.99999747
1.0000002
0.99999995
1.0000001
0.99999964
1.0000001
0.99999991
0.99999998
0.99999998
1
12.842606
9.4921278
5.2271325
15.936497
11.786969
6.4122363
19.601809
14.535097
7.8547508
1.0156275
1.0011509
0.9999168
1.0193701
1.0014172
0.99994835
1.0238214
1.001745
0.99995501
0.99998055
1.0000049
0.99999451
0.99998148
1.0000042
0.99999503
0.99997902
1.0000052
0.99999427
0.99999985
1
0.99999997
0.99999991
1
0.99999999
0.99999981
1
0.99999996
35.306576
26.569575
14.397205
41.577755
31.453386
17.131035
48.420161
36.813579
20.164124
1.0436656
1.0031009
1.0000529
1.0519477
1.0036363
1.0000756
1.0617036
1.004185
1.0001951
0.99997877
1.0000068
0.99999245
0.99997222
1.0000101
0.99998898
0.99997558
1.0000083
0.99999095
0.99999986
1
0.99999999
0.99999956
1.0000001
0.99999985
0.99999974
1.0000001
0.99999991
1
1
1
1
1
1
1
1
1
72.110583
56.406544
31.34229
79.696511
62.874068
35.272598
87.147865
69.214222
39.293651
1.1007757
1.0063981
1.0006023
1.115205
1.0072238
1.0007806
1.1317647
1.0080681
1.0012324
0.99997789
1.0000082
0.99999053
0.99997685
1.0000146
0.9999838
1.0000015
1.0000082
0.99999359
0.99999999
1
1
0.99999933
1.0000002
0.99999975
1.0000003
1
1
1
1
1
1
1
1
1
1
1
1.0000013
0.9999998
1.0000003
1.0000014
0.99999973
1.0000004
1.0000009
0.99999987
1.0000002
1
1
1
1
0.99999999
1
1
1
1
1.0000002
1
1.0000001
1.0000013
0.99999972
1.0000003
1.0000008
0.99999991
1.0000001
1
1
1
1
0.99999999
1
1
1
1
1.3741848
1.0979963
1.0087476
1.5095427
1.1307431
1.0125339
1.6910901
1.1741668
1.017709
1.8178063
1.2044295
1.0216352
2.0791707
1.2673988
1.0296243
2.4027273
1.3459551
1.0395681
7.1331079
5.3302689
3.1324523
8.9929719
6.6745665
3.8005627
11.286116
8.3474718
4.6434849
0.99988116
1.0000232
0.99996102
1.0001401
0.99995943
1.0000578
1.0000634
0.99998178
1.0000232
1.0001316
0.99995964
1.0000559
1.0001194
0.99996924
1.0000441
1.0001593
0.99995946
1.0000584
1.0088162
1.0006233
0.99992476
1.0110164
1.00079
0.99992474
1.0137569
1.0010209
0.99988159
0.99999843
1.0000004
0.99999954
1.0000031
0.99999945
1.0000006
1.0000012
0.99999994
1.0000001
1.0000032
0.99999947
1.0000006
1.0000023
0.99999976
1.0000002
1.0000032
0.99999954
1.0000005
0.99997991
1.0000057
0.99999402
0.9999834
1.0000044
0.99999529
0.99997867
1.0000053
0.99999394
0.99999997
1
0.99999999
1
0.99999999
1
0.99999999
1
0.99999999
1
0.99999999
1
1
1
1
1
1
1
0.99999968
1.0000001
0.99999992
0.99999991
1
0.99999999
0.99999977
1
0.99999995
2.6232565
1.3998594
1.0464398
3.0638583
1.5083358
1.0603524
3.5898586
1.6390373
1.0772815
3.9384424
1.726293
1.0886751
4.6149641
1.8968977
1.1111603
5.3936176
2.0951251
1.1376402
22.013956
16.358771
8.8243954
26.65684
19.897669
10.730578
31.93952
23.961863
12.95429
1.0001396
0.99996112
1.000055
1.0001327
0.99995957
1.0000562
1.0001486
0.99995566
1.0000603
1.0001609
0.99995165
1.0000648
1.0001396
0.99995458
1.0000609
1.0001347
0.99996347
1.00005
1.026769
1.0019677
0.99995379
1.0325465
1.002369
1.0000062
1.0392621
1.0028214
1.0000409
1.0000029
0.99999958
1.0000004
1.0000028
0.99999959
1.0000003
1.0000029
0.99999961
1.0000004
1.0000031
0.99999956
1.0000004
1.0000031
0.99999958
1.0000004
1.0000037
0.99999957
1.0000004
0.99997737
1.0000054
0.99999396
0.99997986
1.000005
0.99999416
0.99998009
1.0000064
0.99999275
1
1
1
1
1
1
1
1
1
1
1
1
1
1
1
1
1
1
0.99999985
1
0.99999997
0.99999983
1
0.99999996
0.99999975
1.0000001
0.99999994
1
1
1
1
1
1
1
1
1
5.8950324
2.2236603
1.1549745
6.8386985
2.4675423
1.1884488
7.8836874
2.7405592
1.2253851
8.5344823
2.9127978
1.2483233
9.7169322
3.2272992
1.2903756
10.935389
3.5726566
1.3387519
52.627433
40.128908
22.066577
60.060716
46.178127
25.512463
67.644686
52.582553
29.17491
1.0001491
0.99996259
1.0000524
1.0001822
0.99995388
1.0000648
1.0001681
0.99995691
1.0000559
1.0001541
0.99996451
1.0000439
1.0003077
0.99993929
1.0000826
1.0001723
0.99995969
1.0000425
1.0680687
1.0045167
1.0002714
1.0798624
1.0052304
1.0002066
1.0929822
1.0059119
1.0005391
1.0000037
0.99999966
1.0000003
1.0000055
0.99999942
1.0000007
1.0000045
0.99999957
1.0000005
1.0000048
0.99999964
1.0000004
1.0000079
0.99999906
1.0000012
1.0000025
1.0000001
0.99999982
0.99997928
1.0000077
0.9999906
0.99995973
1.0000138
0.99998462
0.99997894
1.0000061
0.99999408
0.99999999
1
0.99999999
1.0000001
1
1
1
1
1
1
1
0.99999999
1.0000001
0.99999999
1
0.99999993
1
0.99999997
0.99999983
1
0.99999995
0.99999927
1.0000002
0.9999998
1.0000002
0.99999994
1.0000001
1
1
1
1
1
1
1
1
1
11.659562
3.7833819
1.3709911
12.919748
4.1568887
1.4307238
14.149509
4.550501
1.49169
1.0001844
0.99996133
1.0000406
1.000145
0.99997974
1.0000183
0.999948
1.0000236
0.99995387
0.99995271
1.0000191
0.99997331
1.0000072
1.0000198
0.99996985
1.0000069
1.0000378
0.99994916
1.1426991
1.0085803
1.00138
1.1603555
1.0095913
1.0015293
1.1783172
1.0105284
1.0017478
1.0000048
0.99999968
1.0000002
1.0000082
0.9999993
1.000001
1.000002
1.0000006
0.99999932
0.99999663
1.0000014
0.99999816
1.0000009
1.0000006
0.99999922
1.0000013
1.0000006
0.9999992
1.0000095
0.99999944
1.0000035
1.0000013
1.0000064
0.99999571
1.0000019
1.0000077
0.99999497
0.99999998
1
0.99999998
1.0000001
1
1
0.99999996
1
0.99999997
0.99999981
1.0000001
0.99999994
0.99999993
1
0.99999997
0.99999997
1
0.99999998
1.0000011
0.9999998
1.0000003
1.0000005
0.99999995
1.0000001
1.0000004
0.99999999
1
1
0.99999999
1
1
1
1
1
1
1
0.99999591
1.0000017
0.99999783
0.99999705
1.0000015
0.99999786
0.99999847
1.0000011
0.99999852
0.9999985
1.000001
0.99999867
0.99999819
1.0000009
0.99999841
1.0000001
1.0000005
0.99999945
0.99999982
1.0000001
0.99999994
0.99999979
1.0000001
0.99999993
0.99999987
1
0.99999996
0.99999991
1
0.99999996
0.9999998
1.0000001
0.99999993
0.99999993
1
0.99999998
1.0000008
0.99999991
1.0000001
1.0000013
0.99999972
1.0000003
1.0000002
1
1.0000001
1
1
1
1
0.99999999
1
1
1
1
0.99999993
1
0.99999998
0.9999998
1.0000001
0.99999993
0.99999991
1
0.99999996
0.99999987
1
0.99999996
0.99999979
1.0000001
0.99999993
0.99999982
1.0000001
0.99999994
1.0000009
0.99999987
1.0000002
1.0000014
0.99999973
1.0000004
1.0000013
0.9999998
1.0000003
