FiniteElementSpace
FiniteElementCollection: L2_2D_P2
VDim: 1
Ordering: 0

65.207313
49.964049
29.329804
67.332639
51.629446
30.374945
69.026487
53.090495
31.193036
2.2163904
1.9820282
1.8576951
2.22857
1.9844859
1.8633968
2.2393724
1.992541
1.8582002
6.6361678
6.4033064
7.1555532
6.8078042
6.5297017
7.3259954
6.902226
6.6304868
7.4557948
71.153205
54.871005
32.236254
70.759369
54.506187
32.026022
69.768644
53.761653
31.561992
2.2559073
1.9945876
1.8630535
2.2555384
1.9898748
1.8606923
2.2472187
1.9905643
1.8576563
7.0289936
6.7396006
7.6152744
7.0071547
6.7193102
7.6008157
6.929209
6.6733701
7.527246
63.714265
48.811837
28.650817
60.88607
46.675471
27.346803
57.754069
44.416987
25.97793
2.2073677
1.9765889
1.8604248
2.1887249
1.9798902
1.8634384
2.1932014
1.9763735
1.8507657
6.5620357
6.3118574
7.0530256
6.4030425
6.1754565
6.8797423
6.2010311
6.0060904
6.6615021
5.0336407
2.3507773
1.084918
4.1547929
1.8167459
1.0224979
3.2162338
1.3955458
1.0041577
46.535243
35.802346
20.974817
42.70237
32.793161
19.304897
38.957789
29.824558
17.637266
2.1421505
2.0266819
1.9114073
2.1488118
2.0287127
1.9398571
2.1387969
2.044532
1.9994015
5.5014683
5.3788548
5.7915195
5.2555981
5.1089212
5.1156629
5.0365072
4.7767436
4.0802651
1.1880286
0.99113413
1.0071213
1.0348944
0.99691213
1.0024719
1.0050468
0.99980311
1.0003722
29.562592
21.316862
12.647951
27.009159
19.167269
11.275232
24.408436
17.224406
10.019317
2.0242506
2.072134
2.1157438
1.9875358
2.0349569
2.106688
1.9558181
1.9890406
2.0407345
3.2966406
2.1141062
1.2727755
2.5860803
1.5253821
1.068827
1.9415081
1.1867165
1.0112898
0.99965313
1.0000104
0.99998524
0.99969762
1.0000435
0.99996012
0.99998261
0.99999587
1.0000043
16.369586
12.067805
7.0643552
14.131021
10.722659
6.4697415
12.145779
9.4838586
5.9963086
1.8295489
1.771288
1.6203069
1.7595361
1.6268778
1.4234808
1.6481268
1.4520434
1.2524799
1.0019081
0.99993451
0.99963187
0.99963749
0.9993799
1.0000532
0.99948408
0.99959819
1.0000023
1.0000078
0.99999972
1.0000037
0.9999982
1.0000011
0.99999928
1.000003
0.99999934
1.0000009
8.9335039
4.0060033
2.4966941
9.2795806
4.1347128
2.5374322
9.5939443
4.2511393
2.5725682
57.754069
44.416987
25.97793
60.88607
46.675471
27.346803
63.714265
48.811837
28.650817
9.7784169
4.3025418
2.5998723
10.034358
4.3891747
2.6351168
10.260583
4.4566526
2.6596203
10.36718
4.4878188
2.6729202
10.479855
4.5247564
2.6906205
10.539007
4.5422856
2.6942891
69.768644
53.761653
31.561992
70.759369
54.506187
32.026022
71.153205
54.871005
32.236254
1.7197853
1.5190106
1.2455727
1.7238331
1.5254905
1.268808
1.7176395
1.5329219
1.2754038
1.7163623
1.5329714
1.2729961
1.7200015
1.5369692
1.2902703
1.7188149
1.540674
1.2909138
2.2472187
1.9905643
1.8576563
2.2555384
1.9898748
1.8606923
2.2559073
1.9945876
1.8630535
6.929209
6.6733701
7.527246
7.0071547
6.7193102
7.6008157
7.0289936
6.7396006
7.6152744
10.539007
4.5422856
2.6942891
10.479855
4.5247564
2.6906205
10.36718
4.4878188
2.6729202
10.260583
4.4566526
2.6596203
10.034358
4.3891747
2.6351168
9.7784169
4.3025418
2.5998723
69.026487
53.090495
31.193036
67.332639
51.629446
30.374945
65.207313
49.964049
29.329804
1.7188149
1.540674
1.2909138
1.7200015
1.5369692
1.2902703
1.7163623
1.5329714
1.2729961
1.7176395
1.5329219
1.2754038
1.7238331
1.5254905
1.268808
1.7197853
1.5190106
1.2455727
2.2393724
1.992541
1.8582002
2.22857
1.9844859
1.8633968
2.2163904
1.9820282
1.8576951
7.469538
7.4101905
7.9768921
7.4441771
7.3919912
7.9440059
7.3728808
7.3164069
7.8295981
7.3000967
7.2593154
7.7139849
7.1844479
7.162864
7.4467751
7.0337536
7.0254635
7.0353848
6.902226
6.6304868
7.4557948
6.8078042
6.5297017
7.3259954
6.6361678
6.4033064
7.1555532
9.5939443
4.2511393
2.5725682
9.2795806
4.1347128
2.5374322
8.9335039
4.0060033
2.4966941
8.7253423
3.9200713
2.4707141
8.2959632
3.7766391
2.4177008
7.8331718
3.6335322
2.3642385
55.880374
42.965766
25.120184
52.27796
40.405061
23.593382
48.711653
37.537404
21.964176
1.7252315
1.5179158
1.2422888
1.7239624
1.50877
1.2370163
1.7329363
1.5058313
1.215806
1.7372238
1.50215
1.2220348
1.7625626
1.5063261
1.2075532
1.7976456
1.5419224
1.1922929
2.1920915
1.9664492
1.8769068
2.1519792
1.9975677
1.8512759
2.1348002
2.0245232
1.8849522
6.9376099
6.912639
6.7011015
6.7834034
6.6895722
5.9655883
6.6077147
6.3830595
4.9908063
6.4785916
6.1184306
4.32003
6.1966329
5.361068
3.1412235
5.7778784
4.2951163
2.1299765
6.0796303
5.9128413
6.5212739
5.8513685
5.7058968
6.2839539
5.6426805
5.5359115
5.9996865
1.0101251
0.99929556
1.0008545
1.0052666
0.9996973
1.0004035
1.0038906
0.99968037
1.0003828
2.6901047
1.2201798
1.0057895
1.9162815
1.0455807
1.0110732
1.3794962
0.99242398
1.0103837
7.5552152
3.5420694
2.3448599
7.0551314
3.3674133
2.29648
6.5704067
3.1819626
2.2557213
6.2945254
3.0829559
2.2216172
5.8282432
2.9298357
2.1567453
5.3629505
2.789052
2.1021774
36.926213
28.129395
16.673694
33.807241
25.313642
15.063209
31.056444
22.709135
13.508417
1.8046992
1.5437933
1.2118322
1.8311644
1.5839493
1.1931735
1.888801
1.6591988
1.1855163
1.9337003
1.6711744
1.2180369
1.9872031
1.7607401
1.2407018
2.0642104
1.8482107
1.2513818
2.1135028
2.0612318
2.0203204
2.0839008
2.0921048
2.0569342
2.0464235
2.0899993
2.0929376
5.3756238
3.5893064
1.6882996
4.2459462
2.4192393
1.2107678
3.0042718
1.5689877
1.0314582
2.3767339
1.2791962
1.0075635
1.5710924
1.0482521
1.003358
1.1727948
1.0002048
1.0045381
4.8665368
4.4173036
3.3717125
4.3946938
3.4802433
2.2521233
3.7361964
2.5857426
1.5069384
1.0027665
0.99978341
1.0002404
1.0015334
0.99975601
1.0002526
1.0002994
0.99988126
1.0001182
5.0904302
2.711875
2.0725898
4.6380777
2.5820308
2.0327172
4.2302561
2.4533132
1.9982609
4.014141
2.3804321
1.9733353
3.6868801
2.2711721
1.9284496
3.4211983
2.1817175
1.8906108
22.877318
16.16653
9.35451
20.287373
14.460587
8.3425382
17.772824
12.905987
7.4866904
2.0976231
1.8921205
1.2845256
2.1118153
1.9132507
1.295536
2.0503147
1.8588546
1.2932319
1.9735315
1.7855999
1.3073341
1.7990701
1.5653676
1.3042696
1.6019649
1.3305486
1.1863852
1.9369046
1.9600149
1.9892873
1.897772
1.9065689
1.8843028
1.8562826
1.8328083
1.7296861
1.0726638
0.99774528
1.0027613
1.0112974
0.99897009
1.0010155
1.0024288
0.99993497
1.0001222
1.0007872
0.99991988
1.0000835
1.000592
0.99990109
1.0001019
1.0001295
0.99994384
1.0000179
1.6116932
1.0694733
1.0066865
1.1721427
0.99984089
1.002774
0.98353879
1.0003859
0.99958563
0.99997994
1.0000007
0.99999938
0.99996762
1.00001
0.99999336
0.99999198
0.99999928
1.0000004
3.297604
2.1385583
1.8697621
3.1524826
2.0828476
1.8287462
3.0893165
2.0505822
1.7620047
3.0882352
2.0436342
1.7045451
3.0955861
2.048624
1.5998838
3.0658548
2.052479
1.5297944
11.10264
8.8041353
5.7499672
9.479791
7.6974452
5.3330969
8.0729669
6.6809979
4.901911
1.4804788
1.2313752
1.0893496
1.2927019
1.1148569
1.0338939
1.1557453
1.0520159
1.0140045
1.1041431
1.0320388
1.0102449
1.0500708
1.0153041
1.0043903
1.0346993
1.0072995
1.0049308
1.5646062
1.3523353
1.1756584
1.424543
1.2148334
1.091772
1.3463129
1.1493014
1.0587769
1.0000828
0.99999169
1.000012
0.99997423
0.99999949
1.0000035
0.9999648
0.99999618
1.0000014
1.0000179
0.99999798
1.0000063
0.9999499
1.000015
0.99998802
1.0001226
0.99997417
1.0000333
0.99902343
0.99977754
0.99996592
0.99946364
0.99978654
1.0000558
0.99878332
1.0001117
0.99977876
0.99999607
1.0000015
0.99999912
1.0000068
0.99999899
1.0000013
0.99998052
1.0000048
0.99999506
