FiniteElementSpace
FiniteElementCollection: L2_2D_P2
VDim: 1
Ordering: 0

104.04574
79.702001
46.902101
109.07485
83.402368
48.826669
113.08365
86.365742
50.417167
1.4193496
1.0249798
1.0053924
1.4648898
1.028488
1.0055766
1.5034701
1.0312218
1.0059037
0.99994861
1.0000159
0.99998631
0.99991025
1.0000268
0.99997696
0.99990346
1.0000262
0.99997552
118.08928
90.122966
52.517715
117.10597
89.388433
52.101132
114.90834
87.729882
51.178378
1.5534961
1.0351467
1.0060228
1.5432488
1.0344285
1.0060354
1.5212189
1.0326136
1.0060107
0.99989471
1.0000217
0.99997429
0.99990029
1.0000182
0.99997822
0.99990642
1.0000205
0.99997711
100.71494
77.263579
45.625794
94.580497
72.65033
43.25276
87.627509
67.89839
40.453002
1.3899761
1.0228601
1.0051099
1.3380223
1.0192641
1.004667
1.2883059
1.0158508
1.0044045
0.9999339
1.0000279
0.99997564
0.99994352
1.0000242
0.99997689
0.99998005
1.0000103
0.99999151
0.99999896
1.0000004
0.99999952
0.99999895
1.0000004
0.99999962
1.0000001
1.0000001
0.99999997
64.673076
50.572898
29.555743
57.437713
44.831782
26.127822
50.358903
39.277506
22.842051
1.1595025
1.0088144
1.0027851
1.1301915
1.0074718
1.0021843
1.1058888
1.0062292
1.0019604
1.0000217
1.0000027
0.99999955
1.0000216
1.000008
0.99999268
1.0000298
1.0000027
0.9999972
1.0000006
0.99999996
1.0000001
0.99999956
1.0000002
0.99999977
1.0000005
0.99999999
1
30.787197
23.908703
13.793931
25.754245
19.949881
11.489055
21.322205
16.467017
9.4802878
1.052845
1.0038339
1.0009703
1.0418702
1.0033104
1.0006971
1.0329433
1.0028664
1.000405
1.0000279
0.99999873
1.0000024
1.0000246
0.99999642
1.0000046
1.0000143
0.99999796
1.0000028
1.0000005
0.99999999
1
1.0000008
0.99999992
1.0000001
1.0000006
0.99999993
1.0000001
11.032375
8.4577885
4.9796317
8.8180017
6.7658451
4.0621297
7.0158617
5.4031625
3.334995
1.0147499
1.0018027
0.99976604
1.0113074
1.0014975
0.99977405
1.0086095
1.0012754
0.99972299
0.9999907
1.0000011
0.99999946
0.99999179
1.0000012
0.99999991
0.99998218
1.0000048
0.99999625
1.0000004
0.99999996
1.0000001
1.0000004
0.99999994
1.0000001
1
1
0.99999997
15.377855
5.4015632
1.8842857
16.619735
5.8794485
2.0179668
17.703485
6.335129
2.1491919
87.627509
67.89839
40.453002
94.580497
72.65033
43.25276
100.71494
77.263579
45.625794
18.255327
6.5798124
2.2158357
19.099316
6.943393
2.3268203
19.783355
7.2315255
2.4106406
20.091009
7.3634912
2.4492406
20.464663
7.5229677
2.4993412
20.631252
7.5942633
2.5233258
114.90834
87.729882
51.178378
117.10597
89.388433
52.101132
118.08928
90.122966
52.517715
1.0005478
0.99995493
1.0001309
1.0008142
0.99990221
1.0002195
1.0009649
0.99990735
1.0002294
1.0010718
0.99990503
1.0002295
1.0012394
0.99990453
1.0002185
1.0013397
0.99992223
1.0001958
1.5212189
1.0326136
1.0060107
1.5432488
1.0344285
1.0060354
1.5534961
1.0351467
1.0060228
0.99990642
1.0000205
0.99997711
0.99990029
1.0000182
0.99997822
0.99989471
1.0000217
0.99997429
20.631252
7.5942633
2.5233258
20.464663
7.5229677
2.4993412
20.091009
7.3634912
2.4492406
19.783355
7.2315255
2.4106406
19.099316
6.943393
2.3268203
18.255327
6.5798124
2.2158357
113.08365
86.365742
50.417167
109.07485
83.402368
48.826669
104.04574
79.702001
46.902101
1.0013397
0.99992223
1.0001958
1.0012394
0.99990453
1.0002185
1.0010718
0.99990503
1.0002295
1.0009649
0.99990735
1.0002294
1.0008142
0.99990221
1.0002195
1.0005478
0.99995493
1.0001309
1.5034701
1.0312218
1.0059037
1.4648898
1.028488
1.0055766
1.4193496
1.0249798
1.0053924
1.000015
0.9999979
1.0000027
1.0000137
0.999998
1.0000019
1.0000129
0.99999838
1.0000018
1.0000123
0.99999868
1.0000016
1.0000107
0.99999907
1.0000011
1.0000053
1.0000004
0.99999999
0.99990346
1.0000262
0.99997552
0.99991025
1.0000268
0.99997696
0.99994861
1.0000159
0.99998631
17.703485
6.335129
2.1491919
16.619735
5.8794485
2.0179668
15.377855
5.4015632
1.8842857
14.664047
5.1115842
1.8106922
13.351248
4.6249464
1.6879496
12.005214
4.1576344
1.5773925
83.312562
65.085304
38.604375
75.995248
59.642037
35.208429
68.843692
53.905475
31.626765
1.000536
0.99995798
1.0001047
1.000412
0.99992637
1.0001167
1.0001077
0.99995713
1.0000574
1.000036
0.999973
1.0000166
1.0000331
0.99997755
1.0000003
0.99991796
0.99999718
0.99996682
1.2606121
1.0140872
1.0041226
1.2167463
1.0116615
1.0034356
1.1787729
1.0097825
1.0029673
1.0000105
0.99999948
1.0000012
1.0000111
0.99999884
1.0000016
1.0000033
1.0000003
0.99999972
1.0000069
1.0000004
0.99999996
1.0000116
0.99999944
1.0000013
1.0000046
1.0000003
0.99999989
0.99997298
1.0000214
0.99998186
0.99997264
1.0000244
0.9999756
0.99999836
1.0000101
0.99998971
1.0000002
0.99999998
1
1.0000002
0.99999999
1
0.99999994
1
0.99999995
0.99999967
1.0000003
0.99999975
0.99999888
1.0000004
0.99999953
0.99999997
1.0000001
0.99999987
11.225858
3.8986024
1.519088
9.9265038
3.4804691
1.4322154
8.6864612
3.1023119
1.3603156
8.0033044
2.8993752
1.3227392
6.907028
2.5818936
1.2651981
5.918799
2.3040686
1.2156015
46.400341
36.170651
20.997735
39.943158
31.100224
18.013327
33.990715
26.427013
15.267245
0.99976144
1.000052
0.99990236
0.99976417
1.000091
0.99987249
0.99968647
1.0000685
0.99988522
0.99970037
1.0000476
0.99990632
0.99973467
1.0000409
0.99992125
0.99972287
1.0000571
0.99990716
1.0935491
1.0056651
1.0017775
1.0752842
1.0048561
1.0013948
1.0603503
1.0041703
1.0011176
0.99999868
1.0000013
0.99999868
1.0000037
1.0000001
1.0000003
1.0000003
1.0000012
0.99999883
1
1.0000009
0.99999908
1.0000013
1.0000004
0.99999982
0.99999829
1.000001
0.99999884
1.0000233
1.0000036
0.9999979
1.0000179
1.0000052
0.99999621
1.0000266
0.99999991
1.0000015
1.0000004
1
0.99999995
0.99999988
1.0000001
0.99999984
1.0000006
0.99999994
1.0000001
5.3952831
2.1601418
1.1904602
4.5867172
1.9415083
1.1527893
3.890501
1.7565671
1.121388
3.5347921
1.6630732
1.1056653
3.0025883
1.5242901
1.0825287
2.5613798
1.4101669
1.0637074
19.01573
14.658818
8.4470904
15.504238
11.916985
6.8972295
12.531832
9.61222
5.6140235
0.99972848
1.0000602
0.9999046
0.99979388
1.0000474
0.99992825
0.99990131
1.0000369
0.9999493
0.99993537
1.0000325
0.99995905
1.0000049
1.0000216
0.99998138
1.0001023
1.0000135
1.0000006
1.02858
1.002616
1.0002933
1.0222513
1.0022509
1.0000987
1.0171898
1.0019584
0.99987751
0.999998
1.000001
0.99999891
0.99999667
1.0000012
0.99999847
0.99999805
1.0000008
0.99999895
0.99999823
1.0000007
0.9999992
0.99999766
1.000001
0.99999869
0.99999941
1.0000005
0.99999924
1.0000112
0.99999824
1.0000026
1.0000061
0.9999974
1.0000032
0.99999561
1.0000003
1.0000001
1.0000004
0.99999997
1
1.0000008
0.99999988
1.0000001
1.0000005
0.99999994
1.0000001
2.3421948
1.3537703
1.0544936
2.0225834
1.2719054
1.0412102
1.7662331
1.206557
1.0306652
1.6421608
1.175223
1.0255164
1.4664552
1.1303111
1.0186925
1.3410993
1.0975386
1.0142468
6.13385
4.743338
2.988237
4.8833847
3.8079361
2.5001767
3.9663078
3.1239478
2.1435208
1.0001581
1.000009
1.0000104
1.0001372
1.0000098
1.0000079
1.0001861
0.99998844
1.0000372
1.0001214
1.0000101
1.0000028
1.0001781
0.99998586
1.0000365
0.99993195
1.0000302
0.99996266
1.0074605
1.0011011
0.99977729
1.0054338
1.0010069
0.99970762
1.0046152
1.0003627
1.0001043
0.99999953
1.0000005
0.99999935
0.99999898
1.0000007
0.99999921
1.0000013
1
0.99999995
0.99999868
1.0000007
0.99999922
1.0000012
0.99999998
1
0.99999778
1.0000007
0.99999929
0.99999364
0.99999969
1.0000008
0.99998128
1.0000053
0.99999629
1.0000104
0.99999807
1.0000032
1.0000004
0.9999999
1.0000001
0.99999994
1
0.99999997
1.0000004
0.99999993
1.0000001
