MFEM mesh v1.0

#
# MFEM Geometry Types (see mesh/geom.hpp):
#
# POINT       = 0
# SEGMENT     = 1
# TRIANGLE    = 2
# SQUARE      = 3
# TETRAHEDRON = 4
# CUBE        = 5
#

dimension
2

elements
80
1 3 0 28 78 31
1 3 1 32 79 29
1 3 2 35 80 33
1 3 3 38 81 36
1 3 5 30 82 43
1 3 6 34 83 41
1 3 7 37 84 44
1 3 8 40 85 46
1 3 10 42 87 53
1 3 11 45 88 51
1 3 12 47 89 54
1 3 13 49 90 56
1 3 14 50 91 58
1 3 15 52 92 62
1 3 16 55 93 61
1 3 17 57 94 63
1 3 18 59 95 65
1 3 19 60 96 67
1 3 22 68 98 70
1 3 23 69 99 72
1 3 24 73 100 75
1 3 25 74 101 76
1 3 28 1 29 78
1 3 78 29 6 30
1 3 31 78 30 5
1 3 32 2 33 79
1 3 79 33 7 34
1 3 29 79 34 6
1 3 35 3 36 80
1 3 80 36 8 37
1 3 33 80 37 7
1 3 38 4 39 81
1 3 81 39 9 40
1 3 36 81 40 8
1 3 30 6 41 82
1 3 82 41 11 42
1 3 43 82 42 10
1 3 34 7 44 83
1 3 83 44 12 45
1 3 41 83 45 11
1 3 37 8 46 84
1 3 84 46 13 47
1 3 44 84 47 12
1 3 40 9 48 85
1 3 85 48 14 49
1 3 46 85 49 13
1 3 48 86 50 14
1 3 42 11 51 87
1 3 87 51 16 52
1 3 53 87 52 15
1 3 45 12 54 88
1 3 88 54 17 55
1 3 51 88 55 16
1 3 47 13 56 89
1 3 89 56 18 57
1 3 54 89 57 17
1 3 49 14 58 90
1 3 90 58 19 59
1 3 56 90 59 18
1 3 58 91 60 19
1 3 52 16 61 92
1 3 55 17 63 93
1 3 93 63 21 64
1 3 61 93 64 20
1 3 57 18 65 94
1 3 94 65 22 66
1 3 63 94 66 21
1 3 59 19 67 95
1 3 95 67 23 68
1 3 65 95 68 22
1 3 67 96 69 23
1 3 66 22 70 97
1 3 97 70 24 71
1 3 68 23 72 98
1 3 98 72 25 73
1 3 70 98 73 24
1 3 72 99 74 25
1 3 73 25 76 100
1 3 100 76 27 77
1 3 75 100 77 26

boundary
42
1 1 0 28
1 1 1 32
1 1 2 35
1 1 3 38
4 1 5 31
4 1 10 43
4 1 15 53
1 1 28 1
1 1 32 2
1 1 35 3
1 1 38 4
4 1 31 0
4 1 43 5
4 1 53 10
4 1 62 15
6 1 4 39
6 1 48 86
6 1 9 48
6 1 50 91
6 1 92 62
6 1 60 96
6 1 64 20
6 1 66 21
6 1 97 66
6 1 69 99
6 1 75 24
6 1 74 101
6 1 101 76
6 1 77 26
6 1 39 9
6 1 86 50
6 1 91 60
6 1 61 92
6 1 20 61
6 1 21 64
6 1 96 69
6 1 24 71
6 1 71 97
6 1 99 74
6 1 26 75
6 1 76 27
6 1 27 77

vertices
102

nodes
FiniteElementSpace
FiniteElementCollection: H1_2D_P4
VDim: 2
Ordering: 0

-121.16195
101.39209
158.49584
166.84731
200.04191
-477.23108
45.584405
155.577
175.20248
208.47844
-1068.8685
58.102384
191.81574
205.13757
232.72379
-1567.6272
74.792136
228.41872
239.547
259.02295
89.460358
257.87494
268.19558
280.47142
278.76939
288.15857
268.27444
280.53391
31.937429
44.03326
-40.755806
-323.78837
69.169636
145.7824
91.295206
173.72932
164.63659
161.87183
175.2987
200.6695
191.52526
50.806377
-78.690291
-774.32518
173.17199
120.70932
189.22545
194.28473
220.03739
218.8434
245.835
66.257417
-128.04269
-1339.2001
210.29413
158.28923
222.45969
231.76904
246.10315
249.26864
268.31807
83.024486
-1746.2166
244.94953
188.66532
255.43652
262.51871
270.88438
274.29681
286.43623
275.9237
274.02771
286.32646
283.45362
292.76831
275.91338
286.30182
274.3848
-21.343107
81.778146
153.86064
180.54028
-59.024517
103.74049
176.85682
204.59194
234.63645
-102.03634
139.79667
212.53721
234.27189
257.24194
-156.12431
175.52752
248.80512
263.16321
278.44524
270.69966
281.13879
291.27393
281.1407
291.20129
-73.613388
-7.3581461
21.417526
13.354258
-4.395893
-15.954983
-237.12403
-90.760117
-31.823686
-168.40831
-251.7949
-306.69624
128.48438
61.484478
27.921902
76.557574
81.426124
81.297961
49.859457
63.097997
75.960689
68.660909
45.338222
42.162986
178.75872
177.39468
179.80231
148.96589
146.74795
154.04631
149.36977
151.04133
152.37771
150.54721
116.40009
144.75757
164.52538
166.37187
171.34666
175.39954
176.70694
178.92393
166.80148
171.76311
177.379
160.01037
161.10792
163.28662
-354.82772
-135.91528
-60.915636
-41.409494
-48.577677
-56.101809
-491.87258
-198.42654
-90.84735
-541.51306
-623.36334
-722.25558
53.261171
67.580011
82.247175
91.918307
96.122411
100.32877
59.638989
75.592324
93.904418
46.109815
47.961643
49.72339
156.52441
158.13504
160.32254
164.1007
168.86907
173.9068
172.21047
172.58157
175.10365
156.68516
162.99823
169.69148
177.85427
183.11279
188.57941
193.65404
197.86008
202.22588
191.74662
196.74238
201.86779
177.41244
181.87059
186.62946
-676.69957
-275.29217
-119.72855
-83.65951
-90.163395
-97.59312
-878.51611
-372.69523
-156.90169
-1117.4852
-1208.7822
-1299.0046
68.223948
87.596405
108.89819
123.79499
129.93681
135.80835
78.392701
101.36847
125.94004
59.599209
62.027587
64.632839
191.10497
191.38289
193.02583
197.31233
203.15285
209.1443
209.55802
209.87172
211.36681
194.96377
200.83329
207.00927
207.39133
211.84515
216.4123
221.43949
226.48228
231.59237
224.45409
228.31196
232.20521
207.95736
213.49118
219.3107
235.06204
239.41928
243.64698
247.81398
251.57339
255.29198
248.08873
251.77689
255.36743
235.02837
239.44259
243.81778
-1065.0007
-482.22718
-202.11523
-132.42467
-142.44193
-150.22349
-1223.7764
-581.91771
-244.11504
-1624.0854
-1677.4347
-1748.5522
88.878099
115.02444
142.88459
162.59268
167.94431
172.55085
98.988639
128.52375
159.19136
76.952774
79.516023
81.211324
228.28387
229.2832
230.82154
234.77298
240.43735
246.01307
245.30929
246.47802
247.92827
231.24633
236.9413
242.48471
241.15781
244.32318
247.54988
251.78936
256.45049
260.90278
256.74017
259.26749
261.81527
242.38711
247.6976
252.83656
260.6671
263.73241
266.74248
270.1461
273.54811
276.8035
272.21016
274.69455
277.14925
261.17729
265.15154
268.95787
269.22784
271.20313
273.21379
275.89727
278.35989
280.2983
276.81431
278.50997
280.21451
270.01542
272.87072
275.0779
281.52356
283.47959
285.4147
287.49532
289.24363
290.64354
287.19082
288.80945
290.41217
281.78878
283.87291
285.55147
279.56617
281.08501
282.61326
283.36656
282.98663
282.12884
276.80314
278.5016
280.21323
278.76258
278.23427
277.0847
288.95253
290.45182
291.9529
292.72458
292.39994
291.74619
287.15206
288.74962
290.34137
288.09073
287.67959
286.94867
85.148561
66.00288
46.698171
36.098939
17.914417
-5.1012669
45.205987
44.164907
43.33157
37.37082
17.411577
-14.303517
-37.611791
-30.782658
-25.177594
-461.47258
-403.03769
-351.63813
78.339214
97.942816
124.8408
137.31678
101.64033
86.319197
151.02343
142.20606
137.25131
146.7654
121.44212
99.497362
88.83585
84.266092
81.382527
155.46338
151.04238
172.84869
162.22615
158.77529
155.44152
173.02887
169.21712
165.92792
172.61493
167.94829
163.76238
159.54404
156.14839
154.72788
195.66248
187.50416
179.28363
200.00542
200.01157
200.25431
196.84424
190.04507
183.72122
206.63599
203.53838
201.35972
205.61142
200.09183
194.48462
189.45717
185.76331
182.24177
41.937985
20.972406
-20.82264
56.799486
54.484467
52.176193
47.689933
22.090115
-28.419288
-75.703997
-68.956223
-62.660455
-1015.568
-929.71063
-824.80558
165.56726
139.94658
114.34385
188.71496
182.77927
176.67541
185.19315
162.57046
133.71588
117.26915
111.87014
106.78874
186.80017
182.5516
178.7093
202.34571
197.04529
191.85533
202.97718
199.16019
195.79834
191.13783
185.46626
179.79869
210.38462
214.11746
217.95844
217.43579
212.43085
207.31498
230.43467
226.22066
222.13796
230.363
225.84929
221.27382
216.29271
211.58777
206.98362
222.61469
227.4433
232.18596
243.85366
240.15122
236.51585
53.780861
22.912869
-39.714354
73.095002
70.610726
68.141179
59.836946
22.63728
-52.512561
-123.80744
-115.67042
-105.81993
-1544.0048
-1469.0998
-1398.3086
204.88485
185.04006
154.8421
225.74154
219.92291
213.61046
222.88911
205.08312
174.74092
154.46821
149.26053
143.75999
220.5298
217.06003
213.95626
236.69069
231.26952
225.56176
238.01666
235.30688
232.89137
228.76706
222.59914
215.97883
244.104
240.25754
236.34095
256.83077
252.63287
248.3682
257.36925
254.19869
250.98225
246.70774
241.8419
236.91898
266.44915
262.83094
259.17663
65.535343
21.210419
-67.834369
239.45788
221.64399
192.20485
256.10857
251.90822
247.35398
252.08544
234.13868
206.26069
187.27732
184.54749
179.82567
106.32909
137.35869
170.25935
87.517451
85.725312
84.201366
254.16674
251.88074
249.79389
266.33191
262.36805
257.9614
267.15922
265.2535
263.43394
260.57035
256.2278
251.49559
258.58876
260.0453
261.63287
269.54963
267.02777
264.50182
279.02481
276.03349
272.73496
279.40073
277.40148
275.37712
272.62128
269.16115
265.32638
285.24377
282.76449
280.00271
275.00997
273.30778
271.60269
264.42387
267.49865
269.88718
278.82038
278.27454
277.20644
277.94285
276.41237
274.85293
274.0625
273.31648
272.08823
285.43102
283.75622
282.04975
288.09943
287.67181
287.02104
287.32925
285.79469
284.26365
283.42168
283.04546
282.23913
292.73648
292.37986
291.80128
285.41987
283.75875
282.05392
281.85628
283.96416
285.5651
279.47563
277.48149
275.46106
275.98741
278.53727
280.37532
269.30767
271.28317
273.30066
270.06572
273.06399
275.15403
-112.46488
-34.584832
3.1964281
-178.76253
-65.710094
-15.281681
-219.51468
-81.455043
-26.996218
79.104131
61.721216
60.647963
49.619234
62.82511
76.767628
49.904127
62.058151
74.036835
148.69589
148.1826
149.17639
124.37905
135.55261
142.99512
143.99573
147.73692
152.46589
160.98383
165.40375
171.49539
163.0651
167.49918
173.25499
165.44376
170.13743
175.71003
-370.98993
-149.80655
-67.021719
-409.34498
-168.05067
-74.641418
-464.50388
-186.90618
-82.533353
54.007704
68.517183
83.829226
56.075839
71.286819
87.143156
57.975926
73.838619
90.278461
157.35418
159.56385
162.39776
162.78737
164.25859
167.03532
168.83214
169.62914
172.2154
180.05362
185.29051
190.73594
184.48537
189.66512
195.00941
189.19218
194.25224
199.45493
-706.09886
-292.15334
-126.8724
-774.46412
-321.81034
-137.95827
-839.71885
-354.38308
-151.56744
70.138228
90.232055
111.77285
73.228057
94.463485
116.94418
76.383682
98.543166
122.22813
194.23889
194.45803
196.10676
200.01348
200.32021
201.98368
206.12574
206.43678
207.99915
210.17913
214.56299
219.05665
215.65657
219.90754
224.21431
221.38757
225.41265
229.4568
237.31651
241.56015
245.68159
241.60952
245.6317
249.54459
245.8671
249.66689
253.36498
-1096.3357
-498.13441
-209.35375
-1150.2837
-530.9079
-222.82904
-1201.3531
-562.46294
-235.79435
90.941428
117.82495
146.53027
94.241945
122.29862
151.56613
96.320504
125.48069
155.86307
231.15505
232.25469
233.81323
236.89128
237.97909
239.51567
242.63993
243.70981
245.13297
243.95021
247.01117
250.13066
249.16454
252.02639
254.92045
254.19808
256.8385
259.49425
262.75912
265.7145
268.62382
266.62648
269.38873
272.11655
270.33623
272.9155
275.45926
271.02151
272.93662
274.86302
273.81708
275.60232
277.39068
275.98219
277.6819
279.37652
282.79716
284.67021
286.51631
284.81636
286.57872
288.31829
286.44065
288.10447
289.75752
279.54815
281.03612
282.53763
279.0632
280.61146
282.15064
277.9649
279.61554
281.25234
288.89655
290.40965
291.91082
288.4914
290.02629
291.56539
287.76835
289.32375
290.89525
26.642822
42.498873
59.411737
7.0023504
25.03544
39.333122
-2.4094845
18.720194
34.864295
-7.5006669
17.750643
35.840335
-11.048005
17.337675
36.038557
-13.128587
17.00993
36.857565
-253.76065
-98.868718
-37.512307
-287.74612
-113.90729
-46.726632
-330.72891
-126.28117
-54.359037
94.656491
105.60167
126.48921
87.455948
106.92564
118.75699
89.382027
98.893683
120.91359
87.463182
105.91271
126.42198
92.449122
109.55576
129.88851
96.93517
116.01517
141.05912
50.330088
63.276571
75.522388
51.661611
64.716915
77.345493
52.659173
66.347715
80.625997
149.85311
151.82318
157.78286
150.52208
156.02092
159.18617
155.40931
158.0423
161.54313
156.25303
159.63754
163.59047
158.2231
162.22353
166.67322
161.51334
165.76026
170.43174
143.75283
150.45275
153.30307
143.63496
149.27664
154.15986
151.4218
154.37286
157.71382
179.45768
187.53003
195.68494
180.36305
187.82477
195.73013
182.29268
188.98798
196.22319
185.35202
191.38886
197.78224
188.7763
194.53775
200.36808
192.44132
198.10662
203.70883
168.40969
173.51234
179.17759
171.83983
177.16745
182.76195
175.72497
181.01329
186.50861
-15.998683
18.263652
37.904372
-17.077585
18.997918
39.609784
-19.14551
19.977754
40.789344
-21.543899
20.9075
42.921688
-23.95507
21.289015
44.519953
-27.333643
21.414674
46.301834
-518.05992
-210.28997
-95.287209
-582.8505
-232.95812
-103.17639
-641.37397
-261.40874
-113.89238
101.26996
123.25919
144.93334
105.78483
129.05235
153.27714
111.69673
136.22745
161.09613
117.99131
144.15275
168.97453
124.0527
151.28823
175.356
129.99185
158.48035
181.49099
61.133697
77.833829
96.165459
63.899685
81.420841
100.18769
66.803898
85.269578
105.36164
166.08724
170.28485
174.86868
170.82994
174.89026
179.35049
175.80832
179.78126
184.16608
181.56683
185.2606
189.46197
187.03715
190.58611
194.70566
192.68678
196.1719
200.13185
175.70663
175.88311
178.23147
181.83542
182.11168
184.09559
187.85453
188.16291
189.89829
196.58418
202.1201
207.56593
200.71636
206.10794
211.38829
204.99934
210.21613
215.31573
209.65109
214.66414
219.57919
214.1527
218.98898
223.74229
218.77106
223.43915
228.03053
194.35823
199.28226
204.31403
199.46244
204.19591
209.02366
204.64723
209.1753
213.81951
224.68149
229.43462
234.10212
228.68615
233.301
237.8199
232.83125
237.29033
241.62216
-29.873278
22.123271
48.90207
-33.94282
22.388143
50.502688
-37.736971
22.19065
52.129958
-41.674952
22.838358
55.003106
-45.61044
22.791932
56.843893
-50.788213
22.257659
58.133216
-908.34744
-390.07359
-166.64617
-971.10946
-427.23014
-179.56215
-1037.2646
-461.60261
-191.8756
137.58043
167.05806
188.44266
144.31827
173.98739
194.82909
150.8483
181.17617
201.33647
159.28241
189.4558
208.46021
165.55315
195.78524
214.78978
171.33802
201.80234
220.21438
80.79314
104.2929
129.43024
83.63769
108.15537
134.28417
86.449485
111.99664
139.0948
198.80277
202.08836
205.83327
204.57323
207.75747
211.4145
210.56926
213.73041
217.30802
217.37845
220.3852
223.7166
223.8733
226.59554
229.59897
229.90635
232.36513
235.12744
212.91709
213.21495
214.80758
219.22886
219.79209
221.51014
225.3596
226.27688
227.81184
223.81733
228.29901
232.7187
228.74437
233.02132
237.24493
233.73045
237.7758
241.75476
238.92244
242.7033
246.42605
243.72329
247.28375
250.80151
248.48626
251.8333
255.12343
227.46957
231.16863
234.92201
233.01282
236.44151
239.96277
238.33902
241.59693
244.93205
250.29616
253.86527
257.35443
254.44382
257.80774
261.10731
258.53608
261.70462
264.82224
-55.140894
22.727081
60.957302
-60.153343
21.667205
62.432831
-65.495662
21.052685
63.836083
179.87998
209.72982
226.29555
185.47326
215.16736
232.34347
190.29402
219.49903
237.31177
197.45753
225.77685
242.2846
202.15917
229.73347
246.7677
205.33746
233.06773
250.53413
100.67449
130.78291
162.44475
102.50093
133.64957
166.4584
104.5862
135.59158
168.45377
235.88018
238.24589
240.89265
241.49998
243.77033
246.28949
247.028
249.17317
251.52551
252.48352
254.52703
256.74125
257.19791
259.1602
261.23091
261.49745
263.34473
265.27332
247.78785
249.07353
250.59091
252.41085
253.74823
255.31835
256.72105
258.11564
259.68271
253.43505
256.52887
259.58319
257.97036
260.82733
263.66407
262.303
264.94233
267.57097
266.60879
269.03252
271.45225
270.35033
272.59832
274.84113
273.72869
275.82316
277.90874
259.20566
261.60638
264.04056
263.51422
265.72266
267.96978
267.39051
269.42753
271.50769
274.01498
276.40604
278.76159
277.21994
279.43428
281.61713
280.12476
282.16979
284.1838
265.33894
267.13621
269.00481
268.39167
270.12964
271.9124
270.76461
272.44476
274.15586
272.95867
274.62349
276.30121
274.1695
275.78287
277.39977
274.89435
276.45446
277.99189
276.92549
278.85106
280.76434
279.31543
281.11036
282.90747
281.20955
282.92256
284.63224
283.07713
284.64087
286.18594
283.83731
285.33625
286.84608
284.21859
285.73765
287.2675
278.08636
279.73831
281.36873
279.11201
280.67709
282.2184
279.60976
281.09647
282.59574
287.83362
289.38087
290.94896
288.47398
290.00072
291.54191
288.90148
290.41543
291.92237
284.16889
285.70278
287.25123
283.7899
285.31142
286.84321
282.97063
284.54356
286.10528
281.2821
282.97549
284.66044
279.48556
281.25913
283.01941
277.01603
278.94241
280.84281
276.05481
277.7536
279.45187
274.01021
275.79395
277.57565
271.08351
273.01243
274.95086
-282.208
-138.34252
-95.72989
-16.951029
-0.07809807
-357.79285
27.191101
26.517549
24.801918
41.00843
-378.53878
88.905624
64.398113
59.728702
75.749847
-235.90917
141.97243
114.18926
109.70854
122.85904
195.43581
176.20443
174.60171
181.71904
249.95387
250.06799
325.59138
318.33992
-189.97084
-20.136062
-15.598196
-304.79125
-152.26236
7.2689412
30.1484
-21.386972
13.328391
25.354229
-0.66706662
24.181872
31.655017
60.492802
45.346346
-397.95425
44.338469
87.895697
40.288284
56.821387
57.093743
67.012951
85.420966
115.64933
97.558963
-317.59481
87.269417
136.71906
82.829191
108.18501
97.885625
115.63599
130.40861
168.59851
-142.43458
143.41252
190.54107
140.492
173.95406
150.67883
177.38756
186.81165
211.01985
250.00014
215.47693
250.0828
249.96797
289.02443
284.36591
322.83097
-59.130921
-16.770529
7.1562097
18.050982
19.391671
62.114671
37.698425
47.801645
66.794545
69.384517
112.71511
79.92196
89.507859
106.6831
131.46728
162.81152
138.88525
145.10343
157.05278
210.81883
212.55341
218.37201
287.25103
281.77476
-248.58488
-235.8369
-201.72523
-141.3774
-96.756272
-69.899744
-189.30757
-138.24086
-83.487031
-264.46528
-291.73029
-308.64994
-113.26362
-34.852343
-139.64185
-109.01277
-54.534523
-27.033595
-18.876487
-16.051939
-16.749172
-107.62864
-63.113876
-31.574745
-73.248307
-48.338779
-32.310064
-24.438662
-14.558558
1.678743
7.8433131
5.5679831
4.9353572
-40.344212
-12.472723
-8.611813
-7.5859377
-3.307418
-0.36580207
3.6335407
10.464323
15.686434
13.522516
14.671849
16.722228
-7.6902697
5.1004834
10.895027
-193.30863
-103.21719
-38.400557
-8.1449488
3.2127418
13.820122
-212.29343
-79.68472
-14.205289
-371.30819
-384.28377
-395.61528
27.436853
28.346553
29.429303
35.967579
47.910528
57.31632
60.834786
61.382374
62.223776
33.373018
44.268217
55.166763
26.870345
26.768289
25.948487
27.174385
30.627237
35.062176
42.230699
39.352996
37.945096
33.150933
37.740635
42.335539
25.611178
27.690831
30.202916
34.221045
39.337899
44.786078
41.319919
43.648085
46.300345
27.199423
32.088056
37.341475
-213.21998
-64.381532
15.77495
48.88827
56.671332
65.106127
-184.48055
-48.705945
45.018952
-368.7281
-352.68993
-329.499
89.418184
89.66484
88.856864
92.317269
100.53405
108.55712
115.62094
115.42491
114.15042
93.537753
102.49238
111.16189
61.662771
58.652665
57.162258
60.635347
68.179232
75.778164
84.513709
81.682229
80.239228
68.448972
75.798296
83.339308
60.765057
63.045467
65.597976
70.631174
77.776577
85.349828
83.829643
85.935908
88.226271
63.437186
70.735977
78.500105
77.371976
80.522663
83.723848
88.909913
95.756849
102.85132
99.408853
102.28972
105.16199
79.329513
86.412221
93.833774
-126.70522
-22.293467
72.011567
102.80498
113.49778
125.03963
-48.795004
24.376929
104.41617
-226.15333
-192.70299
-164.56879
141.9023
141.15754
138.96019
140.95655
149.5582
158.1219
168.27536
167.24018
164.84526
146.54927
155.18498
163.82332
111.718
109.72511
108.61194
113.20345
122.88997
133.13911
141.7554
140.19143
139.23151
118.79064
127.8756
137.77336
110.51552
112.36205
114.46644
120.50973
129.98492
139.79057
141.16928
142.64306
144.24933
114.70221
124.51414
134.83689
124.14258
126.58152
129.07348
134.77863
143.32443
152.21441
151.74169
153.79609
155.90079
127.44268
136.37285
145.64717
174.96667
175.81361
176.82494
183.27479
194.76578
206.46058
211.25115
211.76028
212.26162
180.68546
192.41212
204.5741
182.61796
184.30396
185.96963
192.19857
202.56413
212.91945
216.03411
217.04682
217.95511
187.45059
198.43879
209.5471
249.97367
250.00586
250.05611
256.38936
268.65919
280.91698
288.79415
288.27888
287.6477
256.95207
270.1087
282.53826
250.03042
249.9842
249.96734
255.55961
266.08675
276.36579
283.86874
282.97117
282.15704
255.98842
267.13914
278.39855
-148.14562
-161.65908
-179.71953
-20.402119
-25.716757
-40.983868
20.277745
6.7703042
-9.0296553
25.419676
21.528545
6.6771412
-21.27103
-34.816844
-50.517401
-345.04764
-325.58123
-308.44216
-121.05529
-31.209323
-134.65976
3.525968
-4.054266
-14.798943
21.586453
16.172702
11.901686
31.624615
34.634647
32.025419
24.200537
11.083887
-5.7398895
-26.800476
-12.856386
-12.611818
12.833149
11.731195
9.2564386
22.535362
18.670058
15.136871
24.253332
24.026613
24.757135
23.099186
17.884359
12.016292
0.055122208
-0.027769093
0.082461481
4.2817188
12.49199
20.357297
23.541212
21.771617
19.391836
38.430503
33.41956
27.674599
39.331595
36.195123
33.171787
29.163535
24.648227
20.295065
59.752842
55.932118
42.325434
84.4188
75.328829
65.492493
88.343592
84.346233
71.263274
40.818146
32.631324
24.050075
-383.04625
-393.89739
-397.80085
54.764057
61.950489
61.909869
60.870827
53.826322
47.320186
73.538725
84.179067
87.160022
83.576612
75.724646
67.255312
39.41222
38.24044
37.690113
56.099864
49.505441
43.346653
58.839988
57.528101
56.832986
53.232537
46.767115
40.568623
43.633428
48.79079
54.162137
55.481548
52.41519
49.363669
72.281637
66.015365
60.094884
74.165033
71.265908
68.460086
63.483168
57.048188
50.91149
58.725415
61.851876
65.076057
81.986591
75.736487
69.80326
115.27568
110.81403
97.242213
137.27132
128.57284
120.10839
142.01435
137.92428
123.52475
91.840664
82.498212
74.287095
-253.73682
-277.41207
-306.14737
96.187281
106.31321
110.59129
108.95585
99.488233
91.495119
121.13765
130.48603
134.59454
132.47851
124.73492
116.85389
81.966031
80.660956
79.965758
104.85818
95.956111
87.278291
109.10552
108.32793
108.07643
103.05631
93.361844
84.319833
96.387145
93.574349
90.858699
118.3482
110.02771
101.99362
121.60562
119.21264
116.85464
110.85505
102.11849
93.770161
126.10045
118.19885
110.59126
168.86715
165.48499
151.19114
149.78019
157.59246
160.43921
170.21105
159.23251
148.76336
180.89132
187.28641
188.86276
185.3248
176.00289
167.23696
195.22427
194.23713
192.19791
190.85167
182.18974
173.22556
139.95265
139.15934
138.82388
168.55689
157.27669
146.24058
174.33448
173.95981
173.88283
167.63421
155.98548
144.75402
175.3745
174.58128
174.17654
149.67274
147.79206
146.00443
176.08817
165.7428
155.7864
180.87896
179.42254
178.05853
171.6323
160.92012
150.48207
181.4966
171.62118
161.99727
210.87183
210.70013
210.74315
180.17139
192.03808
204.32537
243.01216
230.04019
217.59581
249.94789
249.97772
250.00919
243.1137
230.14434
217.30523
214.90369
213.88462
212.97685
244.16148
232.99237
221.56322
250.09433
250.09838
250.08973
243.77623
231.39272
218.9618
244.3822
233.97835
223.79994
284.87564
285.83202
286.75809
312.53325
301.37092
290.24848
319.20436
320.74964
322.15669
316.92214
305.23759
293.3483
325.23065
324.40703
323.39709
319.53309
307.7128
295.45379
-210.46162
-194.52535
-157.27139
-193.54287
-162.5428
-115.64896
-189.8257
-145.88612
-93.038656
-93.16196
-51.632745
-97.051369
-58.250179
-50.336537
-53.589669
-29.731178
-26.193984
-26.82582
-35.055191
-30.328029
-26.54962
-14.476522
-18.123479
-17.368352
-10.276346
-8.1489122
-0.97132418
-2.227882
1.6515218
3.6028218
6.3106477
8.098709
9.6990902
11.495073
12.609552
14.513614
-195.80719
-99.754249
-35.444111
-202.01378
-91.227275
-25.870248
-208.62625
-83.359903
-16.961989
33.637651
34.507136
35.491585
44.916645
45.592878
46.718105
55.437925
56.119698
57.138654
31.744491
29.991048
28.12173
35.934264
33.255692
31.249725
39.787335
36.863913
35.419894
28.087112
30.218523
32.759773
33.041669
35.255336
37.853209
38.352181
40.647551
43.288728
-209.10274
-62.39635
20.104711
-201.60479
-57.49103
30.16384
-190.37472
-51.939656
39.204517
94.130888
94.144631
93.211705
102.72267
102.52518
101.49286
111.14311
110.94807
109.83921
65.592494
62.375758
60.967237
72.878327
69.837485
68.544574
80.435834
77.587754
76.18115
64.46073
66.726168
69.249069
71.760353
74.000188
76.442536
79.524441
81.701033
84.050394
80.951287
84.085305
87.251038
88.015165
91.08537
94.139996
95.40278
98.35327
101.28889
-114.90223
-15.333084
77.515635
-90.169037
-0.85347618
87.768804
-63.705663
15.057598
99.248865
146.48083
145.55001
143.27111
155.05524
153.99915
151.70902
163.65856
162.66828
160.30542
116.585
114.71583
113.61618
125.88595
124.24677
123.28754
136.00559
134.46857
133.50048
115.50408
117.32225
119.37823
125.29955
127.04705
128.9592
135.57362
137.16434
138.87204
128.67744
131.05409
133.48791
137.53791
139.79486
142.0987
146.74989
148.87624
151.04003
181.02736
181.8103
182.73803
192.71618
193.419
194.25745
204.8586
205.46876
206.10217
188.30394
189.87005
191.4078
199.18024
200.56085
201.89716
210.17335
211.31651
212.39862
256.85708
256.69557
256.51111
269.93656
269.55097
269.00864
282.34824
281.91345
281.30606
255.90249
255.77715
255.64353
266.92941
266.61975
266.29523
277.99734
277.29753
276.66392
-128.93668
-117.44529
-112.80642
-80.446656
-66.750888
-64.479983
-52.622881
-37.380049
-31.828183
-31.315465
-15.850599
-10.734554
-15.265384
0.12671107
5.6410156
-0.46540141
14.426386
19.025544
-186.51031
-132.03797
-74.100969
-184.40366
-120.98003
-58.454984
-189.75172
-107.8102
-44.752343
-96.862987
-45.173844
-77.069556
-49.482873
-42.636027
-20.834528
-26.929896
-15.52811
-2.8110689
-2.5624997
3.0421335
7.9481991
12.307015
16.590788
21.359677
24.97364
29.830912
27.931746
-8.5547909
-7.2761124
-6.5190463
7.2766245
8.3803187
9.8240361
20.938845
21.838145
23.263586
-21.390408
-14.229646
-11.643987
-10.108469
-2.1835443
3.4251194
4.8190692
8.6946511
10.433433
12.973816
14.477188
15.00819
18.565761
18.762735
18.528311
22.899048
22.222759
22.123527
10.34931
10.701953
10.747635
14.03219
14.355588
17.13354
20.491344
21.683249
23.019084
4.1118394
4.2686833
4.3296775
11.143161
12.062078
12.438303
16.86065
18.759236
19.995014
21.759371
24.466472
26.748633
26.135327
29.081796
32.007198
30.67364
33.674235
36.785373
15.435775
16.705152
18.91859
19.12646
20.809867
23.215741
23.252196
25.235794
27.730354
13.311328
28.095561
31.948107
25.830017
39.429583
43.789343
37.116825
50.359359
54.23127
47.88421
61.013853
65.144562
57.41744
70.623297
74.457522
66.280382
79.679877
83.507967
-212.94153
-76.819826
-9.0411906
-215.96147
-71.080915
0.55256003
-214.61016
-66.906532
10.590444
37.867965
39.310055
37.936291
47.72791
48.647273
45.694705
57.16581
57.588542
52.110982
66.543936
66.001346
57.852733
74.77539
73.377285
63.780798
82.862088
80.490085
70.2739
66.129002
66.397585
67.043182
75.68066
75.732789
75.918478
84.717103
84.953246
84.498432
26.518446
26.005306
26.535772
30.284415
30.373699
31.303185
34.966334
35.387913
36.501718
40.659369
41.242551
42.45807
46.733472
47.283071
48.57419
53.185866
53.834155
55.188457
44.681695
41.724488
40.715168
50.879497
47.934767
46.984399
57.925048
55.000916
53.648606
35.751932
38.795143
41.952059
40.88673
43.963074
47.119129
46.347785
49.419938
52.528927
52.464004
55.483314
58.502714
58.567469
61.500709
64.441429
64.958958
67.804713
70.702098
44.405606
46.751073
49.41167
50.578793
52.93276
55.573518
57.157878
59.466991
62.04698
61.714353
64.846164
68.077416
67.634027
70.777868
74.009367
73.91081
77.060468
80.280662
75.910797
88.887623
93.014263
84.327193
97.418732
101.76187
92.740601
106.09358
110.50696
101.83168
115.42515
119.92167
110.38481
124.2546
128.58689
118.78111
133.10338
137.28692
-175.53967
-45.08989
48.689185
-158.03796
-37.39711
57.949351
-138.59255
-27.838757
68.460311
91.37547
87.787607
77.349411
99.08086
95.047393
84.793174
106.6434
102.37379
92.284775
114.52765
110.1684
100.12275
122.34299
117.98628
107.92989
130.29293
126.0627
116.28881
120.09926
119.88043
118.42166
128.63735
128.35207
126.52204
137.34938
136.74326
134.70521
60.669914
61.3225
62.573656
68.137853
68.680064
69.877715
75.753283
76.356204
77.626574
84.421972
85.163609
86.45129
93.477214
94.151124
95.253722
103.03059
103.41452
104.25204
88.795218
85.834979
84.55187
96.69188
94.260078
93.530956
106.13882
104.2559
103.38461
72.048195
74.834126
77.743079
79.162306
81.936235
84.841815
86.716348
89.456353
92.307549
95.11175
97.78568
100.53505
103.41994
105.9979
108.63588
112.11441
114.56861
117.05421
88.235345
90.259459
92.503653
96.804838
98.698466
100.88235
105.65824
107.51582
109.65672
103.48386
106.29323
109.10432
111.44557
114.12058
116.78806
119.69158
122.20548
124.74616
128.22987
142.63271
146.79536
137.00336
151.60867
155.51371
146.21251
160.61636
164.28601
138.73238
134.6984
125.68097
146.90671
143.60527
134.92584
155.55987
152.73202
144.44828
165.06181
162.24361
154.73474
174.30405
172.07399
165.01445
183.78213
182.01451
175.25261
172.92419
171.84045
169.48538
181.67206
180.49775
178.38585
190.45725
189.38869
187.41925
113.07119
113.29743
114.08906
122.77735
123.06695
123.90633
133.08012
133.4343
134.26469
144.69866
145.00748
145.74831
155.96295
156.26037
156.87152
167.60896
167.80209
168.24561
147.32097
145.92699
145.0555
158.01386
156.85203
156.21865
169.18637
168.28583
167.8342
121.67378
123.93852
126.24009
131.05409
133.12546
135.25066
140.75399
142.63432
144.59654
151.33772
153.04215
154.8282
161.69216
163.23147
164.85395
172.31806
173.7186
175.22581
146.85847
148.19878
149.6947
157.78555
158.91793
160.22667
168.96488
169.90364
171.02534
156.81952
158.8088
160.87391
166.72095
168.6188
170.58686
177.02064
178.79924
180.59183
180.07052
180.10187
180.45021
191.92686
191.93942
192.22942
204.2394
204.20655
204.42209
217.24253
217.25558
217.46654
230.06209
229.96884
230.00188
243.1035
243.00973
242.95962
183.94113
185.25142
186.65985
195.35984
196.49968
197.74416
206.93395
207.86774
208.93173
219.36529
220.22227
221.11281
231.71165
232.30377
232.79676
243.87556
244.04984
244.15705
217.79061
218.17576
218.64249
230.17169
230.51564
231.05961
243.11977
243.32175
243.6122
222.00631
222.78979
223.48155
233.1955
233.50948
233.80939
244.18357
244.23132
244.32104
256.30139
256.12916
256.02
268.33916
267.76487
267.30247
280.49408
279.66123
278.80642
292.78748
291.81138
290.80236
304.57302
303.30857
302.04637
316.24258
314.84361
313.35046
295.15885
294.51909
293.80324
307.39706
306.65993
305.77542
319.19276
318.42658
317.47674
