MFEM mesh v1.0

#
# MFEM Geometry Types (see mesh/geom.hpp):
#
# POINT       = 0
# SEGMENT     = 1
# TRIANGLE    = 2
# SQUARE      = 3
# TETRAHEDRON = 4
# CUBE        = 5
#

dimension
2

elements
81
1 3 0 29 81 35
1 3 1 31 82 33
1 3 2 32 83 36
1 3 3 34 84 41
1 3 4 37 85 39
1 3 5 38 86 42
1 3 7 40 87 49
1 3 8 43 88 47
1 3 9 45 89 50
1 3 10 46 90 52
1 3 12 48 91 58
1 3 13 51 92 56
1 3 14 53 93 59
1 3 15 55 94 61
1 3 16 57 95 66
1 3 17 60 96 64
1 3 18 62 97 67
1 3 19 63 98 69
1 3 20 65 99 74
1 3 21 68 100 72
1 3 22 70 101 75
1 3 23 71 102 77
1 3 80 28 1 29
1 3 30 80 29 0
1 3 29 1 33 81
1 3 81 33 4 34
1 3 35 81 34 3
1 3 31 2 36 82
1 3 82 36 5 37
1 3 33 82 37 4
1 3 36 83 38 5
1 3 34 4 39 84
1 3 84 39 8 40
1 3 41 84 40 7
1 3 37 5 42 85
1 3 85 42 9 43
1 3 39 85 43 8
1 3 38 6 44 86
1 3 86 44 10 45
1 3 42 86 45 9
1 3 40 8 47 87
1 3 87 47 13 48
1 3 49 87 48 12
1 3 43 9 50 88
1 3 88 50 14 51
1 3 47 88 51 13
1 3 45 10 52 89
1 3 89 52 15 53
1 3 50 89 53 14
1 3 46 11 54 90
1 3 52 90 55 15
1 3 48 13 56 91
1 3 91 56 17 57
1 3 58 91 57 16
1 3 51 14 59 92
1 3 92 59 18 60
1 3 56 92 60 17
1 3 53 15 61 93
1 3 93 61 19 62
1 3 59 93 62 18
1 3 61 94 63 19
1 3 57 17 64 95
1 3 95 64 21 65
1 3 66 95 65 20
1 3 60 18 67 96
1 3 96 67 22 68
1 3 64 96 68 21
1 3 62 19 69 97
1 3 97 69 23 70
1 3 67 97 70 22
1 3 69 98 71 23
1 3 65 21 72 99
1 3 99 72 25 73
1 3 74 99 73 24
1 3 68 22 75 100
1 3 100 75 26 76
1 3 72 100 76 25
1 3 70 23 77 101
1 3 101 77 27 78
1 3 75 101 78 26
1 3 77 102 79 27

boundary
42
3 1 25 73
3 1 26 76
3 1 27 78
4 1 0 30
4 1 3 35
4 1 7 41
4 1 12 49
4 1 16 58
4 1 20 66
4 1 24 74
3 1 73 24
3 1 76 25
3 1 78 26
3 1 79 27
4 1 35 0
4 1 41 3
4 1 49 7
4 1 58 12
4 1 66 16
4 1 74 20
8 1 30 80
8 1 1 31
8 1 2 32
8 1 32 83
8 1 6 44
8 1 10 46
8 1 11 54
8 1 55 94
8 1 63 98
8 1 71 102
8 1 80 28
8 1 28 1
8 1 31 2
8 1 38 6
8 1 83 38
8 1 44 10
8 1 46 11
8 1 54 90
8 1 90 55
8 1 94 63
8 1 98 71
8 1 102 79

vertices
103

nodes
FiniteElementSpace
FiniteElementCollection: H1_2D_P4
VDim: 2
Ordering: 0

-2249.1852
91.524391
287.39041
-2461.6624
97.852983
300.20988
310.25429
-2247.0404
91.144422
287.26429
297.59321
311.01351
-1827.897
74.133108
254.93126
265.40607
-1267.6731
53.324659
214.87396
224.39981
-561.73929
38.052722
172.57773
189.86088
-139.88138
113.1032
172.25731
188.15895
84.182567
-227.6153
-2047.3842
214.50748
291.93564
96.529723
-257.01496
-2383.7117
296.32405
230.37593
305.19405
96.289848
-225.9499
-2384.8171
296.2551
214.70992
306.71963
291.79796
304.03561
84.047008
-164.69384
-2044.6227
272.83649
179.11615
282.90281
256.74288
298.88506
277.72681
63.844441
-106.53054
-1568.5249
234.63272
133.63796
244.13068
213.96832
238.85136
44.389812
-57.65589
-931.04418
193.70765
96.073034
206.31071
177.15897
207.30964
38.672873
37.033534
-379.97332
158.55338
66.335101
177.04548
200.5715
190.60606
-200.84614
-248.08844
226.2804
301.19605
-248.72517
226.37956
301.19081
-199.80871
199.10726
276.265
290.70378
-133.95387
157.1815
234.53301
257.46746
-83.891304
113.3535
193.9358
222.30923
-32.251749
85.008092
167.02263
194.01663
-1570.3526
-816.55812
-365.77234
-234.81159
-241.71368
-246.71058
-1635.5187
-883.31857
-405.41737
-2337.041
-2357.2878
-2431.7497
113.03791
151.60527
192.64394
219.15457
223.65358
226.6849
118.98802
160.43568
203.80719
92.450638
93.815484
95.138065
288.06919
289.49331
291.06382
294.07994
297.53703
300.1971
297.11932
298.6303
300.26446
289.42171
292.76386
295.26622
-1669.3766
-906.9277
-423.09703
-255.95095
-254.88399
-249.20258
-1634.6174
-883.95509
-404.47975
-2531.7802
-2446.7344
-2479.3806
120.58966
163.16486
207.2723
231.7268
230.02942
228.56622
119.25643
160.49777
203.28023
97.62666
96.761577
97.150716
301.14705
302.72401
304.30489
305.32867
304.2714
302.65919
297.07843
298.62277
300.26143
300.31327
299.30671
297.73678
-1570.2148
-816.64524
-366.15139
-222.34855
-213.04607
-202.44781
-1442.9308
-717.16282
-314.06084
-2272.0844
-2172.0438
-2130.4845
113.01218
151.71554
192.42728
212.89221
209.52763
204.96672
104.12367
141.26446
179.17304
89.034308
87.523718
85.946852
287.9034
289.32308
290.91346
289.48195
284.52764
279.14821
273.03945
274.0355
275.41586
285.13457
280.6516
275.70024
298.66392
300.72768
302.869
302.00342
297.75135
293.17214
284.2093
286.7506
289.33055
295.35855
290.65216
285.58591
-1263.9172
-596.97376
-262.72689
-159.74306
-149.93512
-138.14411
-1052.3936
-462.07209
-206.41602
-1799.5979
-1713.9706
-1634.1784
91.589111
124.51106
159.2835
174.19279
168.35586
160.91617
79.153212
108.07114
139.69822
71.724276
69.067813
66.026893
254.28588
254.65908
255.85898
253.0098
245.7157
238.26771
233.47715
232.87161
233.61711
251.57634
245.01572
238.29739
267.43862
271.50476
275.60053
274.61415
267.86593
260.84662
246.20258
250.37694
254.91117
261.67312
254.65152
247.70194
-818.50721
-341.01065
-158.78249
-103.22297
-95.517711
-88.521181
-597.30975
-244.379
-122.03427
-1207.4855
-1110.0867
-989.59997
66.098816
91.493773
118.33267
129.81226
123.2769
117.31223
55.192106
75.694994
99.985354
51.60261
48.818751
46.081518
213.55184
212.61386
213.10321
210.47858
204.04614
197.3266
192.01574
191.06248
192.44928
211.43383
204.75386
197.68797
226.74817
231.45436
236.28898
235.89819
230.40781
225.05497
208.92601
214.10332
219.44251
221.1877
215.19756
209.33881
-429.7984
-167.71763
-81.464132
-54.01465
-45.441046
-37.19865
-284.67422
-112.25206
-42.800911
-546.19333
-480.32514
-416.7059
47.615743
65.696284
84.778769
93.094354
87.18475
83.916324
45.313321
61.128076
77.576187
37.83356
37.186799
37.107049
173.25256
174.4319
175.9799
174.12467
169.01856
167.03157
162.43119
164.50159
165.99278
166.8821
158.27417
153.06566
192.67215
198.27867
204.13703
204.89498
200.48134
196.1984
179.45019
184.8668
190.77955
187.28696
182.69603
178.65348
61.663995
6.5234241
-101.26869
88.887609
87.54265
85.852521
67.303277
6.1985327
-115.96742
-223.1319
-213.26823
-203.34562
-1442.3501
-717.41335
-313.58384
-2275.4783
-2175.6335
-2134.7314
69.125189
3.791125
-126.60015
97.760578
97.007773
97.118624
69.333287
4.3239559
-129.55159
-255.95186
-254.7835
-248.40937
-2531.4883
-2446.5364
-2478.9311
281.52294
263.35215
234.49338
289.9252
271.40122
244.91234
300.22391
299.21264
297.92294
293.67367
275.68837
249.33516
231.55687
229.90829
228.50244
305.22403
304.15581
302.77886
69.784023
3.5772289
-126.09723
92.354206
94.086334
94.822222
67.059445
5.766415
-116.1994
-234.66612
-239.87407
-246.90495
-2333.9907
-2355.8835
-2432.0533
289.8856
271.54368
245.22384
289.26724
292.8292
295.25416
281.63813
263.67875
234.63856
219.52044
223.81994
226.50964
309.35859
307.71999
306.0636
310.36283
309.55228
308.17042
305.73311
303.91865
302.12308
299.63713
303.20596
305.73474
296.52179
294.56418
292.72394
293.88373
297.62572
300.21273
62.256846
6.9095404
-101.3955
76.521464
79.430671
81.623104
55.489031
8.4197932
-83.645439
-170.48028
-182.76024
-192.64706
-1892.9832
-1957.8992
-2044.4674
267.58289
250.24668
218.66629
258.33517
264.68843
270.33837
250.1945
232.18476
199.18059
184.00289
190.5565
196.15482
281.63988
279.36545
277.26264
269.23924
275.25883
280.30585
263.55212
260.46566
257.87422
260.43333
267.50523
273.47112
309.7652
307.47364
305.21645
309.13722
305.29346
301.1304
297.41434
294.7104
292.0795
280.34763
284.30905
288.32362
48.118314
8.5481551
-67.320679
55.405444
58.488418
61.509053
39.852149
7.5670388
-52.387322
-112.02649
-120.14544
-129.00928
-1322.0343
-1423.4052
-1524.1264
230.19465
210.63273
175.59323
218.32999
224.63255
231.11827
208.83058
185.84846
151.00409
137.88584
145.08141
152.19704
242.17217
238.73803
235.79815
227.68607
234.0695
240.6285
222.18935
218.38508
215.23885
217.35815
224.12794
230.84497
241.84741
247.67772
253.90437
32.867098
6.9910765
-40.70646
38.578835
40.682462
42.783653
28.16501
5.1601233
-30.158668
-59.209319
-70.012386
-79.95873
-651.38222
-751.89044
-869.72836
187.70695
159.39201
126.17565
174.8315
182.07331
189.84293
164.38681
136.22418
107.39119
97.192219
102.88066
108.55137
203.8018
199.44906
195.6491
192.5333
197.79018
203.28363
187.19008
182.59649
178.71842
179.83063
185.07858
190.68436
209.79915
214.62941
219.60582
29.598999
8.7995527
-15.838262
74.286633
43.73853
36.544304
94.536231
74.086546
53.469913
13.855959
-9.6703406
-25.41558
-85.530846
-9.9263711
24.19634
-195.89254
-293.72504
-356.69562
151.09019
110.60886
90.175227
166.70033
129.29814
159.31389
74.888151
102.61999
135.25728
77.287038
85.077292
84.135448
143.25189
62.08558
19.325933
174.61804
170.96087
168.10998
181.11013
175.22815
175.61648
172.41342
168.1651
199.50937
168.2046
163.09959
168.60155
198.8952
202.02962
205.39865
188.09826
189.03434
192.20147
188.76908
189.16146
188.42274
-1589.3007
-819.11647
-373.49188
-1607.1662
-849.69959
-391.55137
-1637.9381
-863.29968
-395.6605
114.67941
154.30087
196.11137
116.34094
157.03542
199.77783
118.12296
159.70142
203.03462
290.10313
291.57816
293.17512
293.52314
295.01976
296.62583
296.08525
297.63762
299.26874
-1669.2062
-890.16687
-413.30388
-1654.8824
-893.63881
-419.56389
-1653.6077
-880.26558
-404.55841
121.02417
163.92492
208.26379
120.61187
162.5395
206.63793
120.47482
161.76946
205.24875
301.2184
302.82408
304.43116
300.1665
301.72533
303.35192
298.54287
300.08532
301.72455
-1553.3227
-792.78444
-353.30392
-1510.6783
-770.61806
-341.44653
-1467.1185
-731.45406
-324.1207
110.95218
149.72182
190.80244
108.26411
147.38412
187.76133
106.15005
144.32035
184.02588
285.69378
287.07
288.61611
281.02508
282.19714
283.66315
275.82808
276.89364
278.28456
296.46285
298.60339
300.81485
291.83774
294.13331
296.48962
286.85348
289.31899
291.83364
-1232.5861
-572.08652
-249.95409
-1157.7511
-530.08955
-235.11624
-1086.4932
-484.15946
-219.28914
88.791862
120.80667
154.79442
85.593714
116.39228
149.48304
82.03223
111.61164
142.96608
250.66379
250.91402
252.16201
243.905
243.60015
244.7801
237.12799
236.46798
237.31509
263.67354
267.81992
272.24872
256.64787
260.7349
265.28922
249.7621
253.93156
258.37786
-776.91914
-323.75853
-151.72939
-707.42169
-287.24907
-137.45308
-629.07511
-258.77838
-127.6843
64.124076
88.477607
114.68671
60.565654
83.195517
108.03215
57.194965
78.569967
102.89392
209.97975
209.08542
209.68838
203.11013
202.06649
202.99819
195.92235
194.71566
196.02035
223.56239
228.32968
233.27547
217.66116
222.56628
227.66996
211.90554
216.9791
222.23567
-400.20534
-156.16356
-73.439328
-346.98812
-141.09562
-61.081326
-305.49662
-122.11511
-49.807427
46.942665
64.142065
82.5428
46.192625
62.284545
78.260543
45.26348
60.970119
76.447891
166.32901
168.64648
172.45305
158.01928
161.88743
166.88691
157.30303
162.78091
165.76293
190.12817
195.75779
201.68675
185.5217
191.18805
197.22324
181.43405
186.89707
192.89287
-103.06717
6.3324521
62.556886
-109.07191
5.7262817
63.624612
-113.812
3.8906799
64.864833
-1466.8868
-731.58368
-323.4732
-1510.5668
-770.95191
-340.35995
-1553.7126
-792.60787
-352.93454
-116.05079
5.5126082
67.57203
-120.91731
4.3225012
67.721088
-123.86645
2.6678117
69.053717
-124.7269
3.3441491
70.474687
-127.34271
2.8725706
69.392946
-126.23266
2.4509332
70.433091
-1654.6377
-879.68165
-403.95322
-1655.5012
-893.65992
-419.68609
-1669.4277
-890.31439
-415.26735
239.03591
266.76799
283.8402
243.37106
269.97614
286.93816
245.3535
271.20414
289.03402
247.77522
274.13484
291.65332
249.50064
275.8767
293.04002
250.63968
276.43958
293.88983
120.27812
161.5701
205.22676
120.56813
163.44185
207.11115
121.13751
164.00744
208.10737
298.72725
300.25954
301.86777
300.07274
301.63168
303.24815
301.10943
302.70282
304.31912
-126.15691
2.4897967
70.317223
-126.69022
2.4500937
70.033398
-124.71567
3.6384794
70.938671
-124.24124
3.4165588
69.024009
-121.35794
4.1236858
68.017894
-115.72955
5.0653386
67.441604
-1636.7549
-864.3778
-394.93454
-1606.4293
-849.81541
-392.12215
-1588.6743
-819.44048
-374.18181
250.58443
276.3207
293.88055
249.4691
275.69397
293.07734
247.89547
274.18275
291.59476
245.02301
271.0221
288.99567
242.96526
269.81058
287.02611
239.32879
266.98096
283.80467
117.74214
159.59986
203.33597
116.45365
157.05252
200.46565
114.55863
154.26667
196.48759
306.1994
307.84531
309.47641
305.17335
306.88236
308.60708
303.5881
305.37241
307.18272
301.14311
302.92712
304.74522
298.54181
300.33627
302.19489
294.80933
296.64059
298.57919
296.0739
297.63141
299.27658
293.5933
295.10403
296.71105
289.93321
291.38616
292.97697
-113.81491
3.8303291
64.991439
-108.84196
5.6477109
63.741782
-103.18796
6.8379063
62.862715
-98.997936
6.7005288
59.997499
-92.233231
7.2186462
58.614636
-86.623927
8.598959
56.600017
-1417.3685
-694.15386
-303.6032
-1359.8546
-656.03513
-288.08492
-1299.102
-616.56923
-271.16969
233.44504
262.37618
279.79588
229.88118
258.86364
275.58502
224.69581
254.10857
270.71011
216.55067
247.66983
265.2602
211.29359
243.15692
260.11324
205.11286
237.33321
253.66385
101.17567
137.31688
175.29856
98.302351
133.36017
170.08435
94.57239
128.06266
164.00369
290.40014
292.26634
294.26116
285.46705
287.39916
289.48886
280.12041
282.14385
284.35241
274.45952
276.60195
278.98234
268.60184
271.01665
273.73435
261.59685
264.25965
267.41909
270.39957
271.36022
272.65245
264.30278
265.14371
266.5989
257.80037
258.21135
259.51925
303.20425
305.5054
307.8564
299.0224
301.46071
303.94728
294.51606
297.0846
299.7127
281.67328
284.3052
286.9319
276.83807
279.85095
282.79152
271.15195
274.85112
278.48085
-81.441802
7.9710581
53.025059
-74.788407
8.3843409
51.559772
-70.18006
8.7154433
49.322813
-64.807421
7.6310043
45.678636
-59.625002
7.7152571
43.328365
-54.532046
7.8326262
41.088987
-1007.8797
-440.08935
-199.47288
-932.83898
-399.37009
-182.47959
-853.08025
-361.88635
-168.37443
195.05121
229.07148
247.03862
188.74814
222.53018
240.66363
180.83279
215.55899
233.95591
170.91145
206.65636
226.32874
163.52031
198.68928
219.2385
155.77073
190.77983
212.27628
76.296273
104.51876
135.1335
72.684239
99.927953
128.65546
68.505235
94.531313
122.70823
254.12678
256.72252
259.83975
246.91009
249.61719
252.79466
239.54031
242.42354
245.77483
232.07265
235.04561
238.59786
225.32744
228.3077
231.94953
218.63239
221.73896
225.50157
229.8575
229.29696
230.02011
223.36387
222.60865
223.30395
217.07207
216.03164
216.5344
242.75864
246.96779
251.41503
236.30694
240.72909
245.24559
229.99961
234.61342
239.34035
-50.591302
6.8499105
38.258174
-45.792619
6.7857704
36.170452
-41.939094
6.7426602
34.341741
-38.352112
6.2361927
31.552586
-34.794513
5.7183776
30.283636
-32.84024
5.6817664
28.605283
-563.92236
-230.3405
-111.59183
-495.50545
-207.73323
-100.26923
-448.8201
-185.92245
-89.004556
146.59324
181.11379
204.96592
138.94243
172.68295
198.45235
131.31745
164.37254
191.60503
123.09449
154.87849
182.62382
115.6206
145.93914
173.12885
109.60634
138.46269
163.39219
53.20747
73.531861
94.95635
50.923217
70.509347
91.101678
48.399405
66.946919
86.785122
211.75953
215.00757
218.93631
205.40557
208.76199
212.83947
198.96835
202.61541
206.88897
192.39672
196.25904
200.73059
186.76146
190.64558
195.18508
181.44601
185.30653
189.88894
188.18327
187.65473
189.30103
181.37747
181.90169
183.64143
175.28763
176.76193
178.64963
205.96611
211.2641
216.70099
200.51063
205.95933
211.61277
195.31573
200.85131
206.66113
-28.148991
4.9822056
27.97848
-24.53703
6.2297118
27.710923
-19.349759
7.9156301
28.472603
-11.771455
10.608652
28.250558
1.5925579
20.831865
37.024148
28.050245
44.95413
63.87816
-264.25846
-100.03191
-36.26954
-214.4386
-80.77907
-21.729181
-133.81433
-42.863598
2.335966
103.81822
129.29981
158.10798
97.623586
120.62259
145.0668
91.948759
115.59242
139.96637
94.39399
107.34147
133.05623
92.174096
115.95093
131.107
100.66665
113.67468
133.67327
45.590268
60.078231
74.969392
47.938729
62.451039
79.612686
86.181466
61.9956
58.260032
176.03057
180.00779
184.57808
171.30538
175.48839
179.99147
168.46247
171.93535
176.1106
169.44088
170.68082
173.62644
166.95976
172.37748
174.3747
169.48668
169.94689
177.0596
158.79542
162.86321
167.17197
137.89048
150.48077
159.21013
165.4351
165.56163
167.89897
177.97641
182.83525
188.85973
176.53003
180.62224
185.95032
180.75862
181.63115
185.15344
-89.592874
196.16291
171.77487
251.52614
250.06692
250.20681
249.99989
590.15071
303.74625
328.10895
332.02693
325.51771
811.75336
356.8595
393.61105
402.26918
953.98703
410.37709
443.46647
454.7257
946.66538
480.68802
483.08588
490.65392
846.71334
665.49186
620.7728
544.07287
169.38115
163.43598
-216.5481
188.75295
168.24157
223.03566
250.27664
75.511689
210.18978
249.8526
250.00202
277.26957
336.96967
426.3825
290.16235
311.22249
292.79832
331.80927
329.8356
330.2096
415.12703
715.24066
361.95481
365.19191
369.53469
402.39528
359.69164
398.5748
383.45155
469.83502
890.05173
420.61832
414.26578
430.02325
455.52349
448.104
441.94334
535.33547
982.53654
463.92557
477.14006
475.02436
486.09795
486.03662
536.19881
729.33585
885.2162
510.40297
686.17789
502.65314
532.63351
520.66095
121.93049
206.08909
218.52365
207.79992
294.41619
281.25988
292.45539
378.70866
339.98343
369.70058
365.2933
445.23571
388.87931
431.50898
424.66586
497.06509
440.7416
474.71937
468.75261
582.36694
532.80376
510.89972
501.00984
11.705344
68.426601
125.80351
170.17099
184.10193
198.85252
124.99759
156.47764
182.87489
-68.724283
-8.6104828
47.856725
195.20516
193.88094
190.95097
193.52263
202.88315
212.82697
222.59824
221.63613
219.68765
200.76955
209.44901
218.36111
170.65403
169.43742
168.66782
174.956
187.68366
200.7816
209.60975
208.69883
208.0772
178.19163
190.6137
203.28938
249.28102
250.40255
249.54848
258.09068
272.39046
286.70572
373.48688
344.90588
316.36842
283.6677
342.87587
405.75193
249.87422
249.99725
249.82816
255.63842
266.00209
275.9785
277.52001
278.43625
279.87919
254.76574
263.77651
272.61794
250.16339
250.06514
250.03135
257.74049
271.93236
285.48326
290.74728
291.59166
292.1731
256.94997
270.01368
283.25186
486.9322
433.20371
373.20714
344.67453
358.29652
371.82538
587.29759
507.33454
415.04154
621.30552
658.50933
706.45275
304.662
306.12972
308.9417
316.38023
325.96995
335.47088
331.08735
333.07226
336.64808
308.17139
316.85778
325.7024
329.30619
330.50471
331.33657
338.51463
351.10173
363.47021
364.17321
366.94779
368.88587
334.47259
346.01514
356.93593
331.77002
331.13353
330.30315
336.13528
347.76546
359.17433
368.96939
367.6336
366.1115
338.61994
350.87104
363.06483
672.30561
562.26407
448.18709
421.3526
431.38821
439.97901
738.15721
593.26746
474.60783
830.13388
852.19989
879.91583
357.37055
358.81367
362.16844
369.12298
377.05309
384.71529
383.56263
384.40261
386.68385
361.52493
370.34476
379.01244
396.67812
399.63487
401.58392
407.43354
417.31149
426.86816
423.85163
428.02737
430.72342
398.68179
407.80707
416.23285
401.76167
400.5851
399.29032
403.12828
411.55486
420.23715
429.24006
427.58176
425.74442
407.27763
416.5646
425.4202
775.53724
609.38954
505.32035
474.66994
483.27599
492.1973
779.32845
623.13197
538.55489
959.55316
973.178
980.64277
410.40259
410.5498
412.33091
418.63906
426.64873
435.30034
441.76406
441.21912
440.61341
415.45629
425.48639
436.28438
446.8751
451.37288
454.49151
459.13438
465.73526
471.95014
466.61172
470.74649
473.72812
447.07847
454.29318
460.98366
453.87853
451.81709
449.4082
451.89951
458.85214
465.43277
474.31876
472.43876
470.11534
458.51417
465.4106
471.84691
758.41239
645.31019
563.99348
541.07798
555.4715
572.84316
749.12075
681.67357
613.86073
931.7565
910.05952
890.54405
480.35247
479.1822
477.89638
484.24867
499.79766
520.07824
534.88842
531.89565
533.16272
488.6525
504.38196
522.9191
483.21919
483.89251
485.07831
488.9367
495.77831
503.96564
509.38846
511.71979
513.23462
488.67717
494.23662
500.89459
490.42447
489.25588
487.33326
488.71934
493.50634
498.27307
502.91236
503.26306
502.2633
492.82648
496.4631
500.21352
169.48839
166.06764
146.51525
191.59673
182.68557
173.82916
196.71349
193.48424
179.33039
156.09301
142.50222
128.85344
-88.22763
-6.3238177
84.107311
-119.53318
-158.36246
-206.26461
223.48682
221.44843
213.91687
245.4463
236.53076
227.73579
250.13562
250.01177
249.91689
242.85083
228.51522
214.11339
224.99792
162.5577
101.19857
177.56617
185.24917
186.78316
212.95178
217.17805
217.95824
243.33764
230.12798
216.97383
250.03755
249.91653
250.20081
244.22846
234.00765
223.99909
242.34684
228.37477
214.76096
276.29333
278.67132
285.88432
299.33878
290.71594
281.89754
303.24874
306.58448
320.5645
330.6312
316.28304
301.56797
572.41713
511.50652
457.45145
287.1395
282.74211
282.24945
321.60936
309.60848
297.0213
322.19324
314.89863
313.5013
306.62924
297.13063
286.89919
249.99213
250.02448
250.0247
257.76127
272.10588
285.67643
292.8553
292.84443
292.63289
325.44335
312.82299
299.80925
332.18344
332.3334
332.0815
325.11673
312.49913
299.5171
330.23087
334.11567
353.33686
352.28503
343.55527
334.91659
357.14781
361.37353
382.19746
409.50267
397.96974
385.71581
804.1208
769.34583
741.23355
354.94187
345.37868
342.40173
388.42461
379.25214
368.38543
384.79927
373.09286
368.21821
361.33742
353.31709
344.85522
369.89686
370.2716
370.09716
397.31059
387.2847
375.89862
402.6191
403.02518
402.8375
397.18176
386.89244
375.80523
326.37975
327.88073
329.21471
331.81059
343.27603
354.12959
360.72101
362.62519
364.40422
393.66627
383.18127
371.51811
383.97077
388.77969
409.17145
405.36473
396.48106
387.93663
411.91125
417.21817
436.26258
466.24945
458.2667
449.74949
942.82624
925.59294
901.63521
410.3579
397.75557
391.80554
439.45386
432.16158
424.54088
432.45391
419.58348
415.36445
409.78101
401.08562
393.02876
430.66742
431.57433
431.79358
450.81007
442.92928
434.55276
455.36872
456.1058
456.03919
451.65005
443.93033
435.87691
444.27061
436.71514
428.90268
443.50257
448.54573
466.89962
473.55113
460.75741
448.05668
482.61917
487.65311
506.57411
526.62153
514.52522
503.09431
961.32857
972.75227
981.87395
451.11178
442.18828
442.0957
474.93611
470.10049
465.77414
476.10589
471.23755
474.51959
470.21645
456.46252
445.9532
475.51079
475.8379
475.37334
488.28491
483.39893
478.05988
490.54724
489.31099
487.23401
484.20808
481.19344
477.20099
483.27972
477.79986
471.96588
535.85487
541.71679
560.26176
632.99767
585.24958
549.50224
676.95181
692.49278
715.03262
673.57389
624.85628
594.77383
804.469
785.80659
744.92108
830.55871
865.95478
888.37371
511.96091
517.19951
531.23554
559.66874
530.58878
526.20585
648.99734
544.69788
667.41758
637.28783
576.76636
545.12935
635.5483
547.52558
669.88296
502.88312
504.29774
508.04323
531.13008
514.10852
505.94289
556.0934
531.82783
522.225
543.91131
534.56563
517.62867
593.81494
565.21164
545.7256
515.45243
509.40753
503.83164
531.94515
524.30106
520.08302
28.676222
82.166245
134.53803
65.601113
111.0517
151.59941
104.7607
141.66609
172.1897
199.98154
198.65821
195.7625
208.93585
207.7031
205.05804
217.83301
216.75928
214.46538
177.13683
176.10896
175.34937
189.76967
188.7716
188.03548
202.54896
201.66138
201.02766
270.07044
264.95428
260.71675
313.02406
297.28426
283.56336
355.55719
329.52643
305.1103
254.69832
254.90123
255.03257
263.68839
264.12161
264.73862
272.77323
273.46417
274.63422
257.20705
257.55579
257.71268
270.48292
271.20805
271.7294
283.90365
284.66365
285.20769
505.19528
446.78854
380.51881
538.91575
472.88419
395.73123
571.79806
496.19369
408.05302
309.34333
310.96159
313.93604
317.9809
319.88718
323.13912
326.55816
328.55629
332.15418
335.82695
337.15862
338.03724
347.7494
349.53884
350.63722
359.11914
361.34909
362.87755
338.31718
337.57048
336.63353
350.45522
349.49534
348.36191
362.53699
361.31171
359.91492
685.46021
569.02736
451.14144
707.34712
580.36705
461.80869
727.62441
589.32149
471.13596
361.90378
363.22471
366.34217
370.50352
371.61309
374.36843
378.99356
380.01692
382.33638
402.01529
405.0371
406.68798
411.22788
415.05142
416.77602
419.55662
423.81618
426.2333
406.66696
405.29837
403.87462
415.94938
414.4175
412.56708
424.72779
423.19235
421.34036
778.16881
611.86648
511.33482
781.36528
615.04184
522.25188
779.47617
620.39925
532.89353
415.33314
415.35698
416.87946
425.08675
425.1375
425.77625
435.70043
435.5646
435.32328
450.63391
455.03103
457.98361
457.91074
462.36519
464.85902
464.28864
468.60548
471.13439
457.68044
455.66304
453.24963
464.58977
462.62015
460.23167
471.07123
469.15791
466.8084
753.60723
649.21925
570.86532
745.74297
663.11911
586.38851
746.88455
675.16354
603.73795
488.0031
486.89588
485.16506
504.04857
503.01027
501.33612
522.69084
521.62975
521.11036
490.80912
490.52261
488.8548
497.81605
499.59336
496.78781
504.71728
505.07064
505.6389
492.76411
491.77769
489.9517
496.83515
496.3723
494.65728
500.62247
500.96176
499.52604
152.27299
170.76409
174.2541
162.6036
179.7243
183.09205
173.40028
188.53518
191.97022
-72.768882
4.7570181
91.162139
-40.020746
28.179123
103.56959
-6.1939708
54.477998
118.43156
185.45122
198.25376
201.46375
196.3928
207.4551
210.21706
207.75154
216.582
218.81294
220.25383
226.34822
228.11205
231.95037
235.62602
236.85757
243.6687
245.04903
245.49734
144.22872
171.06931
194.00443
186.04211
203.41555
215.01295
229.89341
235.03646
237.86995
192.05651
190.2823
183.16924
201.98908
200.62097
194.99641
212.24471
211.45876
206.81948
223.63495
222.57347
218.77121
234.02357
233.31214
231.0338
244.56132
244.21428
243.55033
227.40759
226.54421
224.88303
236.28313
235.83799
234.82051
245.05409
245.07522
244.6802
216.26721
215.496
214.99358
229.65216
229.00494
228.58094
243.00495
242.6178
242.42666
256.08089
255.03999
254.70648
267.86827
264.49087
263.14683
279.58189
273.77497
271.71939
292.03181
283.49841
280.99123
303.40057
292.6165
289.74552
314.34685
301.80987
298.46082
394.77683
358.74054
327.19821
433.14836
390.22607
347.60256
470.49592
418.92696
364.63363
255.84476
255.63438
256.49338
266.32037
266.57889
268.7944
276.65015
277.28221
281.18629
287.95588
288.46649
293.28107
298.35767
299.24749
304.85172
308.29705
309.7218
316.44109
282.17749
283.3452
285.15348
290.98012
292.35577
294.70599
299.90016
301.36963
304.07753
257.74243
257.79783
257.81877
271.99676
272.12881
272.16711
285.64427
285.78404
285.75362
299.68768
299.88353
299.87458
312.74626
312.96036
312.89559
325.40707
325.68236
325.56412
297.74263
298.59484
299.23224
310.43888
311.40874
312.15018
322.70515
323.84012
324.69008
326.47814
311.52342
307.97761
337.21815
320.44253
316.7297
347.55095
329.44665
325.44345
358.65053
338.92045
334.94471
368.21287
347.75493
343.77835
377.34271
356.6282
352.43148
603.70716
518.28167
420.14494
632.3914
536.93255
432.19756
659.38627
554.12751
442.33447
318.82156
320.28548
328.1079
328.38224
330.44813
339.09622
337.68798
340.49222
349.8246
347.23861
350.33836
360.71236
355.93374
359.8439
370.6941
364.13484
368.9453
380.16147
335.58408
337.57746
341.18492
344.19473
346.08227
349.74451
352.7958
354.46133
358.02079
338.79716
339.00164
338.81098
351.34722
351.45838
351.15295
363.74777
363.83116
363.42831
376.26991
376.56172
376.24358
387.35894
387.7431
387.5653
397.58254
397.83463
397.5936
370.79007
373.07882
374.9478
382.07748
384.56658
386.12626
391.30369
394.48044
396.42206
335.52075
334.19913
332.68086
347.08688
345.69963
344.15569
358.36267
356.75821
355.05272
375.33328
373.96447
372.38962
386.78486
385.52337
384.02555
396.85104
395.7239
394.40675
387.17753
366.2056
361.92194
395.61593
375.14503
370.54996
404.47053
384.07439
379.23527
413.86618
393.67325
388.8108
422.58788
402.83567
397.71041
431.3751
412.13282
406.90642
745.50526
596.97664
480.72432
759.68174
602.83352
489.55699
770.00711
607.61588
500.8463
372.41701
377.69169
389.61631
380.31366
386.0044
398.1078
387.93188
394.02564
406.38006
395.77618
401.65818
414.16815
403.29952
408.89597
421.40277
411.05414
416.07099
428.59396
388.18341
388.79621
390.86747
396.75045
397.40143
399.23639
405.53678
405.99093
407.87042
407.84611
408.10015
407.69652
417.52278
417.47339
416.99057
427.06398
426.8001
425.98185
436.29003
436.19027
435.25921
444.41749
444.48552
443.65739
452.11921
452.20615
451.47625
428.00053
432.20114
434.93272
435.74429
440.28722
442.99749
442.89716
447.64051
450.66581
433.7094
431.92442
429.98901
442.00871
439.99262
437.86941
449.92988
447.82718
445.49796
441.52808
422.39132
417.10365
450.71617
432.42458
426.96644
460.90444
442.89071
437.43772
472.6497
454.80346
449.73435
485.12521
467.20891
461.64005
499.28602
480.16562
475.11239
775.69695
626.81413
540.66548
768.81825
633.9085
550.98594
761.61267
642.36338
561.89774
419.79107
423.19379
435.69037
428.40213
430.34823
442.17249
437.2372
437.99416
448.01359
447.02112
446.6134
453.67893
456.85621
455.72705
460.2177
467.86705
465.87142
468.76005
447.93468
447.2547
446.22133
459.92727
459.35307
457.9328
473.05205
472.0007
470.8188
459.75846
459.92552
459.1645
466.34711
466.68999
466.06001
472.44486
472.81066
472.3906
477.98556
478.67351
478.47866
482.33522
483.54686
483.68438
485.6108
487.58541
488.36781
468.85622
473.06878
476.08162
472.29499
476.15564
479.72639
476.72905
479.44215
482.51838
477.41306
475.64181
473.32853
482.8897
481.33505
479.15421
487.92859
486.62155
484.59635
514.57238
495.7639
490.00255
531.21388
512.03013
505.51368
549.26531
530.3308
524.58918
573.6593
555.43927
549.43308
605.6049
589.61872
587.01273
658.72981
645.23471
639.21766
748.45993
689.70257
624.1017
750.37536
707.69947
648.62504
764.25299
741.08855
693.3891
482.78202
476.78758
480.02982
498.45976
492.22203
487.79835
516.08522
509.03186
504.06129
544.68435
529.80751
517.91729
570.59512
560.87529
537.63236
623.97065
562.32101
597.96411
547.37728
543.66368
544.78781
579.57445
570.32533
575.4416
615.81114
568.31347
622.48488
489.29365
490.91467
492.47711
494.82939
494.64367
495.83251
502.56855
500.31001
499.9184
514.41895
509.4087
506.26367
530.18732
522.26479
516.40929
540.49243
534.4114
535.0814
528.43157
527.08061
520.11207
532.26793
536.39688
536.99896
554.26548
549.60758
545.93556
505.63556
505.86531
505.02001
512.58827
511.12576
510.21323
524.11162
518.88251
515.9688
