MFEM mesh v1.0

#
# MFEM Geometry Types (see mesh/geom.hpp):
#
# POINT       = 0
# SEGMENT     = 1
# TRIANGLE    = 2
# SQUARE      = 3
# TETRAHEDRON = 4
# CUBE        = 5
#

dimension
2

elements
81
1 3 0 29 81 35
1 3 1 31 82 33
1 3 2 32 83 36
1 3 3 34 84 41
1 3 4 37 85 39
1 3 5 38 86 42
1 3 7 40 87 49
1 3 8 43 88 47
1 3 9 45 89 50
1 3 10 46 90 52
1 3 12 48 91 58
1 3 13 51 92 56
1 3 14 53 93 59
1 3 15 55 94 61
1 3 16 57 95 66
1 3 17 60 96 64
1 3 18 62 97 67
1 3 19 63 98 69
1 3 20 65 99 74
1 3 21 68 100 72
1 3 22 70 101 75
1 3 23 71 102 77
1 3 80 28 1 29
1 3 30 80 29 0
1 3 29 1 33 81
1 3 81 33 4 34
1 3 35 81 34 3
1 3 31 2 36 82
1 3 82 36 5 37
1 3 33 82 37 4
1 3 36 83 38 5
1 3 34 4 39 84
1 3 84 39 8 40
1 3 41 84 40 7
1 3 37 5 42 85
1 3 85 42 9 43
1 3 39 85 43 8
1 3 38 6 44 86
1 3 86 44 10 45
1 3 42 86 45 9
1 3 40 8 47 87
1 3 87 47 13 48
1 3 49 87 48 12
1 3 43 9 50 88
1 3 88 50 14 51
1 3 47 88 51 13
1 3 45 10 52 89
1 3 89 52 15 53
1 3 50 89 53 14
1 3 46 11 54 90
1 3 52 90 55 15
1 3 48 13 56 91
1 3 91 56 17 57
1 3 58 91 57 16
1 3 51 14 59 92
1 3 92 59 18 60
1 3 56 92 60 17
1 3 53 15 61 93
1 3 93 61 19 62
1 3 59 93 62 18
1 3 61 94 63 19
1 3 57 17 64 95
1 3 95 64 21 65
1 3 66 95 65 20
1 3 60 18 67 96
1 3 96 67 22 68
1 3 64 96 68 21
1 3 62 19 69 97
1 3 97 69 23 70
1 3 67 97 70 22
1 3 69 98 71 23
1 3 65 21 72 99
1 3 99 72 25 73
1 3 74 99 73 24
1 3 68 22 75 100
1 3 100 75 26 76
1 3 72 100 76 25
1 3 70 23 77 101
1 3 101 77 27 78
1 3 75 101 78 26
1 3 77 102 79 27

boundary
42
3 1 25 73
3 1 26 76
3 1 27 78
4 1 0 30
4 1 3 35
4 1 7 41
4 1 12 49
4 1 16 58
4 1 20 66
4 1 24 74
3 1 73 24
3 1 76 25
3 1 78 26
3 1 79 27
4 1 35 0
4 1 41 3
4 1 49 7
4 1 58 12
4 1 66 16
4 1 74 20
8 1 30 80
8 1 1 31
8 1 2 32
8 1 32 83
8 1 6 44
8 1 10 46
8 1 11 54
8 1 55 94
8 1 63 98
8 1 71 102
8 1 80 28
8 1 28 1
8 1 31 2
8 1 38 6
8 1 83 38
8 1 44 10
8 1 46 11
8 1 54 90
8 1 90 55
8 1 94 63
8 1 98 71
8 1 102 79

vertices
103

nodes
FiniteElementSpace
FiniteElementCollection: H1_2D_P4
VDim: 2
Ordering: 0

-1083.3302
83.958272
175.01864
-1161.3561
86.44264
182.97356
191.33835
-1082.531
84.04847
175.05191
184.91237
200.62087
-893.10409
76.928411
154.81851
168.23754
-579.10889
68.091377
128.50858
150.96266
-273.48944
57.52996
109.48682
149.99873
-71.297212
74.035593
127.29937
149.76196
80.812753
-62.58367
-999.78841
126.99328
179.64607
86.057888
-74.213392
-1132.3502
180.77737
133.98304
187.11762
86.034063
-62.25424
-1132.3305
180.71477
126.9993
189.65167
179.63895
190.27282
80.823763
-36.892953
-999.06377
165.93946
110.67581
177.49417
160.52815
200.05165
177.85428
72.910724
-11.270824
-746.45352
141.7569
93.344007
158.20747
136.54124
174.99455
62.914348
0.040461927
-412.36517
116.35516
81.447022
150.00004
125.04582
175.00056
52.100139
22.977334
-187.94481
113.596
74.52236
150.00941
133.70369
174.97517
-51.619901
-71.356866
131.91915
185.0602
-71.409709
132.10931
185.02846
-51.555106
119.8183
171.16145
184.0977
-22.985551
101.72039
148.54541
175.10326
-3.5266366
86.486276
127.29822
175.00097
4.9502895
76.94685
126.55385
175.00027
-746.32116
-314.40602
-113.1549
-63.799136
-68.007372
-69.30047
-784.91207
-345.79748
-127.43801
-1120.8906
-1125.5772
-1153.2874
91.436645
104.84095
119.15145
128.99512
130.87332
132.09466
93.800484
108.6488
123.94129
84.537703
85.249486
85.683658
175.75899
177.22234
178.77526
180.82681
182.80716
184.3786
181.48952
182.84698
184.26263
176.3403
178.38425
180.10311
-804.09868
-357.12879
-133.45644
-71.755668
-72.255902
-69.677173
-784.64968
-346.10975
-126.88462
-1189.6947
-1156.3452
-1170.8294
94.459831
109.68778
125.39199
134.64862
134.30441
133.22389
94.113055
108.67457
123.89673
86.538621
86.415395
86.447832
183.70225
185.01829
186.36333
187.02326
186.46566
185.67213
181.44512
182.81189
184.2257
182.97008
182.36966
181.52226
-746.43675
-314.51358
-113.17512
-60.428354
-57.366648
-52.327876
-672.72627
-270.51858
-93.941815
-1097.0055
-1055.0216
-1040.5539
91.467638
104.95538
119.00406
126.07767
124.38951
122.39553
87.71973
100.22211
112.96701
83.31456
82.460053
81.634812
175.77198
177.21373
178.76414
178.38242
175.7894
172.853
166.70234
168.35163
170.14423
173.73449
170.98647
167.85029
185.83143
187.57399
189.33021
189.31601
187.35522
185.24695
178.62125
180.76454
182.90379
183.78727
181.46939
178.92698
-571.4986
-220.78798
-74.016332
-34.924258
-30.256929
-25.051155
-459.10965
-167.52687
-51.738412
-878.50949
-830.30028
-784.34067
82.768999
93.587884
104.38473
109.02922
106.40928
103.31207
78.013473
87.186165
96.389145
76.147566
75.12326
73.815804
155.57318
157.33348
159.35781
158.58317
154.78485
150.72545
142.50632
144.57151
147.07402
152.73697
148.64693
144.10685
169.65592
172.38476
175.56929
177.03868
175.88165
175.25671
160.13837
164.7413
171.09979
166.49431
163.21873
159.92855
-346.56172
-121.50372
-34.253854
-10.110454
-6.3674758
-4.6709333
-251.01054
-84.99543
-21.810232
-547.33442
-497.383
-439.60336
72.857525
81.017239
89.061866
92.145147
89.796023
87.547076
67.636336
75.65432
82.859517
67.189619
65.633134
63.898539
129.4385
131.85852
134.80496
134.5871
131.11492
128.37387
117.25426
120.36775
124.48532
125.98185
121.89174
117.9904
154.68253
162.50527
170.6893
174.99829
175.00162
174.99991
154.31584
162.50136
170.68241
150.47622
150.06425
150.00687
-178.13603
-57.064672
-11.992422
1.0833524
2.3385077
3.5690558
-119.5497
-37.687353
-3.9869375
-260.13178
-225.50617
-198.86047
62.316081
70.513867
77.908531
80.760785
79.208271
77.794011
56.617113
65.420056
73.356038
56.649988
54.967746
53.067551
110.02892
113.99224
120.97899
125.1283
125.4833
126.33586
116.48813
119.4211
123.56871
105.36272
102.46419
99.377751
154.31651
162.5005
170.68298
174.99991
175.0004
175.0003
154.32189
162.5028
170.68344
150.00207
150.00093
150.00287
73.40657
53.320901
3.0235306
83.157111
82.29546
81.496461
75.818491
53.553124
-2.4180818
-60.532593
-57.344433
-52.325457
-672.36042
-270.485
-93.960351
-1098.2081
-1056.2231
-1041.9061
77.106769
53.078644
-6.5473833
86.629113
86.324687
86.45997
77.227215
53.084628
-7.4745853
-71.473848
-72.435949
-69.386318
-1189.6565
-1156.4575
-1171.0181
169.27166
153.32053
135.41342
174.99995
159.18957
141.01313
182.94009
182.3218
181.56835
177.29762
161.67867
143.37118
134.58362
134.26674
133.02445
187.00892
186.45046
185.69536
77.057873
52.927593
-6.4702866
84.46325
85.205818
85.534169
75.781918
53.425731
-2.479983
-64.198411
-67.506161
-69.655669
-1119.6397
-1124.6965
-1152.9546
174.97072
159.18715
140.91635
176.23758
178.36613
180.07992
169.38093
153.60216
135.5673
128.93963
130.70504
131.92817
190.59749
189.22922
187.84825
191.2786
190.85852
190.15977
188.83866
187.3278
185.81952
185.94518
187.66681
189.02945
183.97617
182.23095
180.52007
180.79094
182.75153
184.34397
73.515173
53.330064
2.9733948
77.827123
79.076362
80.042325
70.591155
53.043927
9.6591815
-39.24761
-44.247738
-48.757663
-928.60616
-960.61313
-1002.3507
160.0165
144.54934
127.30349
156.83692
161.04661
164.48191
148.77402
132.89074
117.71759
112.86564
115.80074
118.57004
176.36186
174.26234
172.20969
169.96793
173.09502
175.99597
166.83317
164.24668
161.76946
162.50693
166.27097
169.50776
197.34854
193.35825
191.20357
200.45987
200.22186
200.08664
195.89697
189.48351
185.48744
178.78463
180.77846
182.93923
67.161614
51.320247
14.655711
68.995783
70.633694
72.04966
62.665928
48.416545
18.828579
-13.286073
-16.832244
-20.717016
-608.04642
-664.28924
-720.77445
135.40696
120.33742
107.30106
130.55452
134.88102
139.28298
121.06179
107.77753
97.794405
94.770158
97.252004
99.875287
156.43283
153.21465
150.11154
151.68297
153.73536
156.54309
147.63044
142.46035
138.42227
138.53698
142.37907
146.35618
174.99391
175.00656
175.03537
57.653372
44.806638
20.375479
58.329848
60.215452
61.885438
52.201592
39.740529
19.349468
-0.041143437
-1.3564723
-2.576117
-297.21445
-335.87368
-385.1058
107.98734
97.905086
90.338557
105.49158
109.90145
113.09075
100.78578
91.860642
85.118553
82.365376
83.941215
85.665065
145.68982
137.66074
130.49248
150.00179
149.99896
149.99531
145.68818
137.50175
129.35034
125.11465
125.43256
126.4097
175
174.99995
175.00011
47.071763
35.205128
18.432863
56.515503
48.848251
51.332271
64.517497
49.547133
33.525783
14.883912
8.9916782
6.2888638
-42.450864
-0.064259987
17.353767
-97.266761
-150.20058
-182.16444
103.64638
88.223378
80.947006
120.15097
98.202626
115.06528
85.184323
89.751882
101.12961
74.943344
75.128355
76.338056
93.102237
62.14421
47.509371
145.71233
137.58549
130.00962
149.96046
150.02064
150.0075
145.93895
137.31894
134.60249
126.18426
126.05636
126.40078
136.71225
135.80591
136.5443
174.99721
175.00076
175.00045
154.34189
162.48411
170.70371
-757.02662
-314.13926
-117.44856
-767.80482
-328.79359
-123.6295
-785.58368
-334.54953
-125.42945
92.114033
105.83656
120.45062
92.879213
107.08054
122.17542
93.405815
108.23687
123.6205
177.04716
178.45964
179.96852
179.11059
180.50145
181.97344
180.81408
182.16165
183.57576
-803.89933
-346.49725
-132.71612
-796.12609
-349.52327
-133.88829
-794.81209
-342.62767
-128.49446
94.768633
110.04365
125.937
94.519949
109.55165
125.26582
94.563921
109.10329
124.62502
183.67764
184.95876
186.27769
183.06814
184.35397
185.6999
182.22357
183.53205
184.89979
-736.57253
-302.33464
-109.45504
-711.852
-293.60648
-104.46335
-686.70989
-275.9321
-97.787607
90.603002
104.07994
118.12663
89.470024
103.03675
116.61924
88.486541
101.45162
114.82191
174.45709
175.92315
177.4998
171.71399
173.22858
174.86342
168.59062
170.16264
171.87662
184.7354
186.53519
188.34522
182.4789
184.39866
186.32241
180.00803
182.06587
184.12317
-554.22832
-210.61413
-68.616814
-513.80083
-194.2478
-62.461123
-476.48429
-176.23553
-55.932023
81.895076
92.196562
102.78291
80.479115
90.430615
100.51727
78.954733
88.440818
97.903567
153.41029
155.27348
157.37844
149.30046
151.20546
153.48155
144.81212
146.83813
149.29842
167.96283
170.84798
174.44247
164.78341
168.0833
172.66633
161.68048
165.73988
171.47996
-327.77855
-115.0555
-31.748874
-297.03426
-101.74192
-27.531623
-264.22562
-91.216085
-23.558072
71.991412
80.098887
87.922111
70.429546
78.356194
85.787882
68.657648
76.570486
83.784036
126.88693
129.61823
132.75382
122.88108
125.67731
129.05252
119.14524
122.10688
125.90127
154.45115
162.49885
170.68438
154.3228
162.50171
170.68144
154.31844
162.49984
170.68327
-165.70028
-53.234611
-10.593586
-143.92607
-48.036383
-8.2424569
-127.46218
-41.141217
-5.5252428
61.417873
69.650903
77.08407
59.799384
68.00031
75.505126
57.847917
66.351003
73.942265
108.69655
113.67288
120.94676
105.2664
113.54406
121.54844
108.21584
117.54102
123.14414
154.3179
162.50008
170.68337
154.31746
162.5008
170.6832
154.32092
162.50109
170.68378
2.5600581
53.284712
73.775781
0.33487323
53.335125
74.402661
-1.8932871
52.751618
74.940298
-686.53198
-275.90509
-97.825148
-711.70346
-293.7148
-104.28598
-736.63561
-302.18432
-109.5316
-2.6060632
53.39997
75.933149
-4.2950559
52.9703
76.31968
-5.9262778
52.692066
76.771796
-6.4752393
52.973813
77.302058
-7.1702013
52.660313
77.201526
-6.7658479
52.55451
77.558301
-795.17514
-342.47017
-128.6478
-796.34951
-349.52674
-133.74025
-803.97505
-346.53214
-133.19306
137.73337
155.79222
170.95089
139.71937
157.98901
172.87377
141.17935
159.02968
174.43103
142.4462
160.98339
176.09589
143.20907
161.90787
176.98441
143.85616
162.40596
177.43333
94.434315
109.11844
124.38008
94.456462
109.76168
125.41165
94.806629
110.06347
125.84616
182.26892
183.56889
184.92534
183.02623
184.32454
185.68061
183.64867
184.93439
186.25975
-6.7520402
52.635427
77.522695
-7.0234919
52.599766
77.303493
-6.347341
52.883303
77.483931
-5.9640139
52.87664
76.696765
-4.3465367
53.017601
76.275599
-2.4846745
53.301554
75.824719
-785.22116
-334.99991
-125.0786
-767.68538
-328.73194
-123.8989
-756.9022
-314.23667
-117.41115
143.99186
162.3231
177.40191
143.1448
161.82326
177.04413
142.43388
161.0132
176.05592
141.02237
158.98197
174.33174
139.77827
157.9471
172.91232
137.80201
155.99727
170.80001
93.337457
108.30174
123.61745
92.880502
107.30836
122.16376
92.038601
105.90786
120.39433
187.75052
189.13826
190.52642
187.21485
188.64414
190.07964
186.43433
187.8919
189.36208
185.13932
186.66313
188.20176
183.57938
185.17645
186.79603
181.65625
183.32503
185.02846
180.78722
182.1256
183.53981
179.07692
180.45448
181.91676
176.96559
178.39812
179.92475
-1.8002533
52.717587
74.917376
0.44178804
53.163135
74.39882
2.5654732
53.261359
73.926953
4.1053365
52.947032
72.706669
6.6610939
53.062009
72.020124
8.701146
53.132581
71.195356
-658.06318
-260.27452
-89.740288
-625.25227
-244.45793
-83.865901
-591.11759
-228.38649
-76.758927
134.75868
152.72502
168.16111
132.76843
150.16069
165.46267
130.05066
147.03729
162.2915
126.15957
142.83637
158.56533
123.43544
139.58896
155.32867
120.19106
135.93904
151.07648
86.624959
98.86974
111.40433
85.360403
97.094909
109.04708
83.798475
94.980231
106.30953
179.28084
181.03397
182.82253
176.73027
178.56712
180.44974
173.85853
175.82488
177.83895
170.55985
172.65226
174.82203
167.37179
169.56474
171.85209
163.72234
166.1269
168.61948
165.20474
166.77308
168.50774
161.71387
163.36478
165.21791
157.54557
159.31719
161.34805
190.289
192.65356
197.01657
188.43087
191.30944
196.45642
186.50086
190.0652
196.04479
177.17189
179.40611
181.64503
174.34887
176.73922
179.20561
171.32635
173.92028
176.78369
10.490725
52.460912
69.760092
12.624915
52.155878
69.001371
14.083267
51.605646
67.85112
15.499769
50.480022
66.306203
16.937267
49.872107
65.013354
18.204197
49.003491
63.537919
-436.5951
-159.00978
-49.07099
-399.82956
-143.68463
-42.866795
-362.34455
-129.74728
-37.30769
115.68267
131.12957
146.70307
112.66283
126.98733
142.39424
109.10693
122.97452
137.89225
105.49579
118.19544
132.79755
102.46879
114.01008
127.94801
99.465894
110.01599
123.29638
76.998206
85.867796
94.781739
75.443644
83.919537
92.445821
73.789062
82.038857
90.24959
159.8526
162.39105
165.04798
156.15098
158.86246
161.68475
152.22786
155.19367
158.26057
147.97804
151.21406
154.60494
144.07782
147.51362
151.33861
140.33929
144.07662
148.68919
139.97321
142.20067
144.81835
135.68076
138.01729
140.7831
131.45116
133.90245
136.84206
158.71528
163.93382
170.86229
156.49968
162.9403
170.69853
155.09596
162.55613
170.69289
19.116826
47.760979
61.793175
20.000551
46.634889
60.326474
20.515845
45.47522
58.631022
20.461633
43.897633
56.640069
20.220474
42.405329
54.971366
19.621871
40.750112
53.034901
-236.6546
-79.650051
-19.959012
-209.37669
-70.737084
-16.492164
-187.98161
-62.028118
-13.688699
96.365273
105.76082
118.49209
93.866831
102.22761
114.00845
91.500964
99.315354
109.92114
89.254169
96.580064
105.86081
87.474772
94.190557
102.65232
85.810544
92.536589
99.951623
66.660334
74.7671
82.002785
64.98598
73.109467
80.388068
63.135837
71.377708
78.717468
136.57145
141.0339
146.82594
133.47412
138.99869
145.95167
131.27134
137.91503
145.70959
129.94935
137.54325
145.69091
129.43922
137.50207
145.68429
129.35009
137.50321
145.68341
114.69063
118.45327
123.32277
111.47052
115.80656
121.69048
108.71401
114.19903
121.02582
154.31686
162.50011
170.68323
154.31785
162.50003
170.68336
154.31762
162.50017
170.68324
19.062709
38.859462
51.321614
18.453959
37.452506
49.659381
18.322643
36.144214
47.943979
18.459741
34.28179
46.03331
19.664395
34.420328
44.567495
25.392149
38.120519
50.052148
-109.3314
-34.072028
-2.3885226
-89.542361
-26.518558
1.1316625
-57.446559
-12.914705
7.7385271
84.306508
90.947326
99.074004
82.973264
89.859288
96.51121
81.466984
89.16997
97.47245
80.654509
87.610914
98.054067
79.201806
90.992288
98.524601
82.562265
91.815225
109.51713
56.177115
64.548264
72.40567
53.095543
62.750986
71.300511
63.316059
61.584353
66.582248
129.35643
137.5114
145.68245
129.55091
137.52491
145.69252
129.89246
137.57024
145.69901
129.96568
137.62723
145.69191
129.86943
137.6101
145.73696
129.74727
137.46174
145.66491
115.53405
119.13628
123.35255
104.93078
115.23132
122.38682
119.62081
120.8791
123.99089
154.32223
162.50163
170.68316
154.33073
162.50295
170.68427
154.31242
162.49717
170.68299
85.368742
195.77073
188.93376
250.64075
249.95539
249.97839
249.98812
414.49563
304.33603
311.07163
307.44176
300.13363
565.99282
357.75636
365.49851
358.13399
664.1576
408.90022
410.78876
400.68658
642.16157
458.20216
450.82095
449.99525
635.5481
573.12872
543.53214
499.79789
168.89319
185.07178
6.4836414
194.81379
189.79395
222.77947
250.16581
168.49398
218.93191
249.90603
249.98529
277.08008
315.38953
332.18639
281.13143
305.09231
279.41248
310.23432
303.43714
331.0904
374.8221
492.6805
339.05981
357.73396
333.86578
363.66765
325.01471
351.29749
383.71545
425.21079
627.92274
389.35331
407.55702
379.69559
407.00618
399.99487
433.62678
475.87536
667.37902
431.19957
454.57041
424.9924
449.88208
449.99926
487.79702
599.29472
621.35681
468.56709
573.15516
474.99745
506.55996
499.97912
153.43857
217.67613
222.21557
219.08907
282.83336
277.88465
280.9373
346.8484
331.94158
338.21302
328.01595
400.429
382.86634
386.92418
375.05725
450.04932
431.19677
426.47395
424.99966
507.62936
482.76723
474.88571
474.99876
113.12991
144.2909
173.72764
190.68834
201.27931
212.00951
180.62095
194.8506
210.77972
98.566768
127.54362
155.49933
195.71361
195.63552
195.33173
199.55423
208.50201
217.37725
222.78419
222.68205
222.40448
200.51515
209.27323
217.98939
188.76095
189.0061
189.50897
194.78564
204.21048
213.89534
218.72211
218.74045
218.93956
194.12075
203.74174
213.52949
249.81216
250.23657
249.80191
255.69083
266.16364
276.94975
318.89389
305.77988
288.74623
265.35258
293.13306
320.77303
249.96702
250.03813
249.94181
254.73014
263.81671
273.05553
277.19689
277.37281
277.61576
254.72644
263.65417
272.41319
249.97875
249.9868
249.98539
255.44634
265.73835
275.70713
281.31119
281.28
281.08726
255.42449
265.67458
275.84647
386.38437
356.48694
325.82112
321.12057
331.63111
341.41434
448.798
397.76461
359.66955
429.32699
454.12808
482.33341
304.34139
304.39188
304.62917
309.73289
318.34882
327.28201
331.01993
331.1859
331.51932
308.9747
317.73275
326.48507
311.25001
310.99157
310.50485
315.15555
324.37909
333.52976
339.35094
339.15708
338.62751
316.16131
325.42564
334.56902
306.8109
305.54606
304.16929
307.81532
315.94492
323.88665
332.90253
330.98865
329.03218
312.1176
320.80765
329.3878
500.15215
428.65215
390.97575
379.46425
387.63963
395.77097
534.22187
450.87153
417.0963
579.49289
598.79685
620.01335
357.56366
357.55138
357.67267
362.14607
370.47285
378.50441
383.63196
383.40088
383.06154
362.35957
371.00392
379.34369
365.68564
365.15343
364.26182
367.75179
375.53651
383.12415
389.63989
389.00329
387.78858
369.67941
377.73382
385.36274
356.92339
354.5155
352.23015
355.2912
362.95927
370.82412
378.34314
376.2876
375.24029
362.01572
369.14885
376.10326
549.19828
470.18572
440.06688
429.74501
437.68223
445.80166
550.14903
490.47439
461.41854
665.3664
669.57387
668.64345
408.62268
408.36475
407.95021
411.72478
419.39484
427.03118
433.1306
432.40493
431.61952
413.23451
421.3603
429.41684
410.78764
409.69539
408.06114
410.27564
416.44758
422.89877
431.12693
429.4577
427.4521
414.22931
420.81205
427.39274
400.2619
400.00408
400.00501
404.31643
412.50106
420.68332
424.9998
425.00003
425.0003
404.66631
412.5467
420.68809
547.71857
513.92924
483.66211
480.3664
490.59924
501.59829
557.96151
540.65353
516.8366
636.08325
627.45234
620.76464
457.51052
456.34863
455.13736
458.73128
467.35169
476.92848
486.57692
484.56009
483.55105
462.62994
471.40473
481.40665
450.51827
449.99003
450.04594
454.22879
462.11504
470.22573
469.53628
473.16447
474.67184
455.69934
463.09922
470.65802
449.99986
449.99946
450.00042
454.31716
462.49931
470.68355
474.99771
474.9988
475.00012
454.316
462.49907
470.67881
168.7937
167.00455
160.97189
191.02444
182.22023
173.45289
195.69156
194.1704
189.62343
179.29317
168.72391
158.85723
50.939073
102.65711
139.98836
70.860376
45.634393
17.353101
222.78982
221.93508
219.28172
245.24281
236.34233
227.50357
249.96096
250.03673
249.93814
244.702
234.35641
223.56332
237.36885
208.52211
181.39836
191.11431
193.56614
194.36156
219.89851
221.63186
222.26768
244.58378
234.33045
224.19052
250.01768
249.98522
250.06061
245.16673
236.19028
227.07899
244.54379
234.30274
224.3381
277.1804
278.12599
280.60123
299.55286
290.76827
281.86441
304.25926
305.84686
310.33094
309.7717
299.29647
288.43587
402.37528
373.32145
346.00191
280.1561
278.34996
277.67453
305.9592
296.24564
286.39719
308.83936
306.54431
305.63366
300.39364
291.43518
282.61804
249.99072
250.00122
249.99983
255.15376
264.88338
274.42043
279.74419
280.3109
280.75732
302.73206
293.66896
284.39186
308.03033
309.06476
309.87924
305.28498
295.80948
286.15451
331.1746
333.0068
339.04856
353.19674
344.48771
335.70589
357.78783
359.77136
365.96199
370.21325
361.35345
351.99461
556.73304
530.3022
507.28982
336.15612
333.17665
332.63084
361.11666
352.78179
343.76928
362.0758
358.50804
358.07979
353.46053
344.99656
336.55121
334.75441
336.30811
337.64215
354.13962
346.32109
338.26427
359.25816
361.22115
362.9134
359.53003
351.20749
342.72147
300.3592
301.2896
302.66472
304.42561
312.5598
320.70797
325.07023
325.64881
327.0378
347.31692
339.7602
332.10803
383.91331
385.98105
392.12376
404.52602
396.41569
388.13065
409.35379
411.56553
417.29348
420.87262
412.9397
404.7065
658.75496
650.16678
635.729
385.64405
382.48733
382.81089
407.0262
400.2753
393.17121
407.51147
406.08895
406.99237
403.33762
395.18814
387.13118
381.07635
383.59958
385.87267
396.85093
389.92861
383.2372
401.37172
403.36054
405.79125
403.6876
397.25077
390.58451
395.67621
387.4996
379.33514
434.23536
436.34475
441.59902
453.89063
445.79709
437.80846
459.13656
461.54606
467.28367
471.00183
462.3312
454.29619
647.88517
655.64588
664.31492
428.63869
429.2854
430.45882
447.01298
441.26097
434.23907
451.54295
452.73229
453.87757
450.43099
442.89731
435.13184
425.01048
425.11222
425.80447
445.68466
437.49813
429.31281
450.00331
449.99332
449.98603
445.72199
437.76831
430.28786
445.68321
437.49976
429.31672
488.74925
491.87724
499.19238
547.8753
514.36708
494.69945
579.31449
588.62385
597.14964
565.86448
533.36376
515.00503
621.37863
622.66584
603.49362
617.59416
624.75818
626.32678
477.08882
480.1843
482.29347
512.23267
486.95099
481.48583
554.54596
504.75454
562.72553
545.36549
508.20191
490.327
560.58856
507.92617
569.32726
474.99359
474.9632
474.94569
495.6588
487.49715
479.31128
500.21411
499.83395
504.16673
498.63126
488.34472
479.46713
534.94552
519.62948
512.37688
495.68164
487.50013
479.31698
500.01645
499.98607
500.01682
123.64639
152.47395
179.68386
145.53393
168.76256
191.26638
168.86534
186.26564
204.06132
200.4423
200.36741
199.98235
209.30246
209.18353
208.77831
218.07912
217.98173
217.63371
193.9394
194.14536
194.54306
203.60265
203.71159
204.00579
213.39842
213.46309
213.70356
261.19849
258.85785
256.81638
284.52649
277.96612
269.73214
308.35642
296.39075
281.97001
254.70851
254.76672
254.68956
263.56093
263.61887
263.70363
272.47712
272.58368
272.77355
255.45302
255.47771
255.4689
265.79496
265.84719
265.79599
275.9856
275.96104
275.79744
397.68523
363.6077
331.77617
418.64166
378.48029
343.35678
439.0398
391.04396
354.03012
309.04339
309.13413
309.34249
317.71941
317.91367
318.10484
326.39373
326.54665
326.84422
316.32966
316.03755
315.46497
325.63427
325.37348
324.77703
334.77855
334.5404
333.95682
311.44088
310.06934
308.59006
320.02882
318.4665
316.81249
328.48719
326.69931
324.85222
507.5669
432.77858
395.25623
519.04624
440.3459
404.77446
529.09574
447.32124
413.13025
362.15132
362.09228
362.08961
370.77021
370.53051
370.35212
379.23161
378.96255
378.69629
370.12277
369.47774
368.41229
378.17979
377.62045
376.34951
385.74585
385.23195
383.99494
360.77416
358.32201
356.11898
367.8442
365.392
363.53185
374.73675
372.47595
371.12753
549.88095
473.55682
443.92927
550.78321
479.92502
450.9152
549.98807
486.93711
457.7518
412.91321
412.62657
412.09625
421.03087
420.55428
419.83996
428.99641
428.31805
427.55826
414.52842
413.22378
411.39375
420.97939
419.70831
417.62167
427.44959
426.06805
423.93619
404.41497
404.31579
404.31747
412.50455
412.50082
412.49893
420.68419
420.68299
420.68311
547.7667
518.19734
488.76171
548.7193
527.37263
498.65424
553.90419
535.93336
509.89235
461.8681
460.6091
459.40914
470.66766
469.25255
467.96737
480.51999
479.02392
477.63279
454.96687
454.25352
454.20711
462.94965
460.98602
461.71884
466.37048
467.24901
469.85741
454.31593
454.31685
454.31645
462.49948
462.49919
462.50021
470.67987
470.68288
470.68237
165.92599
171.63671
173.46764
175.13937
180.49212
182.25196
184.50868
189.38684
190.99506
60.719154
109.21885
145.66081
81.023627
121.88208
156.32359
102.07215
136.86203
167.80946
194.80019
198.87431
200.47455
204.38316
207.96723
209.36021
214.06385
217.07819
218.16693
224.57513
226.73807
227.44603
234.53699
235.85897
236.387
244.60003
245.10443
245.28102
191.76623
203.58916
217.62829
215.18867
222.33237
229.82707
239.00166
241.00191
242.83598
199.10299
198.14186
196.00065
207.93048
207.30081
205.59865
217.19233
216.70297
214.94804
227.19347
226.35171
224.95249
236.11044
235.67192
234.89463
245.1723
245.09162
244.78514
227.57149
227.45512
227.19734
236.42027
236.41216
236.18153
245.22657
245.27187
245.20789
224.03897
224.07642
224.24086
234.22928
234.19798
234.24954
244.52768
244.50896
244.53095
255.25434
254.9762
254.6689
265.31791
264.21727
263.55262
275.30349
273.33554
272.49086
285.81268
282.94681
281.8913
295.49699
292.03657
290.75418
305.14337
301.10068
299.55958
331.09417
313.6994
295.66634
354.00842
331.74049
308.32202
376.18851
347.82628
319.91797
254.93916
254.93833
255.18703
263.95357
264.31363
265.11759
272.77619
273.58347
275.1079
282.71964
283.30148
285.05939
292.10423
292.66498
294.35437
300.96742
301.89233
303.91267
281.85635
282.10179
282.40652
290.65917
290.89025
291.22999
299.59404
299.67505
299.95625
255.41308
255.32781
255.21672
265.62764
265.36741
265.0566
275.56006
275.18271
274.69814
285.92802
285.4108
284.75773
295.56152
294.92363
294.11506
304.97243
304.23637
303.27082
286.55484
286.53094
286.32425
296.38828
296.27675
296.0063
306.12275
305.92664
305.53273
315.46219
310.61295
308.96993
324.81686
319.54807
317.74979
334.07723
328.38667
326.51732
343.79826
337.69019
335.86372
352.61461
346.50019
344.51232
361.34508
355.21998
353.13338
458.9605
403.45798
365.10962
476.53772
413.91487
375.91099
492.62986
423.67763
385.6294
310.38623
311.23755
313.69096
319.218
320.02275
322.73384
328.06697
328.68087
331.66888
337.12815
337.59478
340.91
345.55463
345.88045
349.42915
353.73089
354.24879
357.8029
335.62175
335.83808
336.25495
344.22806
344.50224
344.82252
352.91679
353.06292
353.22095
314.75107
313.83584
312.74504
323.88891
322.7987
321.53156
332.96142
331.68947
330.22482
342.15315
340.80237
339.19002
350.55222
349.06518
347.32165
358.78783
357.13735
355.22961
344.00605
343.6854
343.1138
353.06257
352.58678
351.73176
361.39973
360.99655
360.12023
306.99635
305.55908
304.63312
315.04246
313.5542
312.71315
322.92449
321.47751
320.79512
337.25103
335.22551
333.16794
345.23357
343.0549
340.83967
352.96556
350.62893
348.32733
370.53678
364.38363
362.45339
379.03737
372.9418
371.01688
387.60284
381.49092
379.43722
396.59271
390.49153
388.422
404.88715
398.91571
396.72962
413.07495
407.19749
405.0426
537.17193
454.27514
421.67569
543.09614
460.81127
429.16108
546.89673
467.09167
436.59521
362.42535
362.73218
366.27675
370.57061
370.55691
373.96266
378.60046
378.43052
381.61465
387.04555
386.56955
389.53687
394.88433
394.33269
396.73342
402.79106
402.07779
403.79267
388.03573
387.75716
387.39148
396.2474
395.92137
395.59293
404.34529
404.07925
403.71074
366.95346
365.18893
363.1674
374.59602
372.59901
370.38402
382.08995
379.88006
377.44501
389.5299
387.21023
384.62041
396.14013
393.74399
391.15661
402.50284
400.02842
397.74477
393.61244
392.80709
391.48014
400.58413
399.72182
398.2054
407.22148
406.31464
404.71401
381.9553
380.17303
379.42456
388.92075
387.78336
387.5116
396.22533
395.72033
395.6908
421.52058
415.92681
413.67152
429.43605
424.00128
421.83941
437.37783
432.06163
429.98711
445.84044
440.60005
438.48046
454.09526
448.64004
446.46296
462.60187
456.96926
454.74866
548.94841
494.5412
464.90773
547.69306
502.37363
471.92116
547.31696
510.10746
479.48104
411.16642
410.06515
411.07047
418.91244
417.63967
417.97064
426.49004
425.24898
424.94332
434.61077
433.21752
432.49035
442.16025
440.97884
439.62488
449.82124
448.69496
447.56941
437.29638
436.47484
435.70965
445.26492
444.32225
443.41136
453.29143
452.17784
451.04811
409.04633
406.77105
405.14151
415.30879
413.5848
412.70279
422.01061
420.98855
420.70015
429.7484
429.34792
429.32066
437.57712
437.49745
437.50144
445.67529
445.68323
445.6795
434.3984
432.91523
431.02591
440.95654
439.42102
438.20283
446.83531
446.28595
445.78251
429.31707
429.31675
429.31697
437.50013
437.49979
437.50014
445.68318
445.68309
445.68307
472.16995
466.19189
463.55118
482.04138
475.40723
472.38838
492.75098
485.65322
482.59927
506.72263
499.17181
495.33299
524.50885
516.64136
514.93218
559.1993
552.44938
550.70911
561.47826
546.49253
524.28299
570.01606
560.15759
541.67911
592.14657
589.44192
573.64987
458.16161
456.86009
455.55422
466.56249
465.78262
463.64748
476.16742
475.21903
474.59321
488.97958
486.9658
481.65221
505.9276
503.79704
497.19125
536.96043
511.30505
532.13702
493.45166
490.60623
490.183
511.79335
507.1923
507.89484
540.48221
515.90397
539.32018
454.27669
454.31102
454.31583
462.34795
462.48465
462.49515
470.52087
470.6532
470.67807
479.26574
479.28149
479.30429
487.91045
487.51605
487.49562
497.17241
495.66391
495.66988
482.92168
481.3414
479.48325
489.58663
490.55558
488.71123
508.03357
504.11377
500.58387
479.31348
479.31598
479.31651
487.49811
487.50053
487.49927
495.68349
495.68244
495.68155
