MFEM mesh v1.0

#
# MFEM Geometry Types (see mesh/geom.hpp):
#
# POINT       = 0
# SEGMENT     = 1
# TRIANGLE    = 2
# SQUARE      = 3
# TETRAHEDRON = 4
# CUBE        = 5
#

dimension
2

elements
81
1 3 0 29 81 35
1 3 1 31 82 33
1 3 2 32 83 36
1 3 3 34 84 41
1 3 4 37 85 39
1 3 5 38 86 42
1 3 7 40 87 49
1 3 8 43 88 47
1 3 9 45 89 50
1 3 10 46 90 52
1 3 12 48 91 58
1 3 13 51 92 56
1 3 14 53 93 59
1 3 15 55 94 61
1 3 16 57 95 66
1 3 17 60 96 64
1 3 18 62 97 67
1 3 19 63 98 69
1 3 20 65 99 74
1 3 21 68 100 72
1 3 22 70 101 75
1 3 23 71 102 77
1 3 80 28 1 29
1 3 30 80 29 0
1 3 29 1 33 81
1 3 81 33 4 34
1 3 35 81 34 3
1 3 31 2 36 82
1 3 82 36 5 37
1 3 33 82 37 4
1 3 36 83 38 5
1 3 34 4 39 84
1 3 84 39 8 40
1 3 41 84 40 7
1 3 37 5 42 85
1 3 85 42 9 43
1 3 39 85 43 8
1 3 38 6 44 86
1 3 86 44 10 45
1 3 42 86 45 9
1 3 40 8 47 87
1 3 87 47 13 48
1 3 49 87 48 12
1 3 43 9 50 88
1 3 88 50 14 51
1 3 47 88 51 13
1 3 45 10 52 89
1 3 89 52 15 53
1 3 50 89 53 14
1 3 46 11 54 90
1 3 52 90 55 15
1 3 48 13 56 91
1 3 91 56 17 57
1 3 58 91 57 16
1 3 51 14 59 92
1 3 92 59 18 60
1 3 56 92 60 17
1 3 53 15 61 93
1 3 93 61 19 62
1 3 59 93 62 18
1 3 61 94 63 19
1 3 57 17 64 95
1 3 95 64 21 65
1 3 66 95 65 20
1 3 60 18 67 96
1 3 96 67 22 68
1 3 64 96 68 21
1 3 62 19 69 97
1 3 97 69 23 70
1 3 67 97 70 22
1 3 69 98 71 23
1 3 65 21 72 99
1 3 99 72 25 73
1 3 74 99 73 24
1 3 68 22 75 100
1 3 100 75 26 76
1 3 72 100 76 25
1 3 70 23 77 101
1 3 101 77 27 78
1 3 75 101 78 26
1 3 77 102 79 27

boundary
42
3 1 25 73
3 1 26 76
3 1 27 78
4 1 0 30
4 1 3 35
4 1 7 41
4 1 12 49
4 1 16 58
4 1 20 66
4 1 24 74
3 1 73 24
3 1 76 25
3 1 78 26
3 1 79 27
4 1 35 0
4 1 41 3
4 1 49 7
4 1 58 12
4 1 66 16
4 1 74 20
8 1 30 80
8 1 1 31
8 1 2 32
8 1 32 83
8 1 6 44
8 1 10 46
8 1 11 54
8 1 55 94
8 1 63 98
8 1 71 102
8 1 80 28
8 1 28 1
8 1 31 2
8 1 38 6
8 1 83 38
8 1 44 10
8 1 46 11
8 1 54 90
8 1 90 55
8 1 94 63
8 1 98 71
8 1 102 79

vertices
103

nodes
FiniteElementSpace
FiniteElementCollection: H1_2D_P4
VDim: 2
Ordering: 0

-963.30909
83.226379
160.47427
-1034.8151
85.225011
167.71905
175.72854
-962.82151
83.230914
160.5132
170.04283
199.98091
-787.09574
77.113377
141.84686
155.72732
-504.72357
68.333153
118.06318
149.99938
-241.98082
57.657536
103.99862
150.00017
-62.275449
70.087663
123.2784
149.99529
80.52979
-46.617971
-885.85062
118.38807
164.9347
84.904018
-57.035781
-1008.2195
165.75953
124.39194
171.59169
84.989052
-46.340392
-1008.2762
165.71447
118.27773
174.31898
164.91675
177.34944
80.611672
-24.185094
-885.45812
152.11484
104.60148
163.52423
147.67764
200.00361
175.01836
73.182924
-2.8558541
-653.4367
129.88757
90.197904
150.6533
127.80791
175.0009
63.028792
5.9850669
-359.5951
107.4446
79.955555
150.003
125.02902
175.00084
52.421264
22.200107
-167.02713
111.53487
74.988137
150.03281
130.20084
174.99967
-36.844023
-54.771452
122.73787
169.81348
-54.654905
122.65188
169.82759
-36.789582
112.05791
157.27969
175.44265
-12.560088
97.030501
137.05514
174.9967
3.7373133
84.724572
125.06953
175.00026
8.9254007
76.11476
125.50463
175.00317
-652.20375
-264.3434
-90.197836
-47.480684
-51.140267
-52.679461
-687.59293
-291.56065
-102.24009
-998.19835
-1002.4341
-1027.8115
89.291271
100.41207
111.91244
119.8985
121.33747
122.65213
91.451846
103.55626
115.90201
83.635008
84.055503
84.544957
161.17962
162.58345
164.08741
166.026
167.82328
169.19694
166.43203
167.70928
169.04794
161.6447
163.59672
165.08099
-705.26814
-301.43165
-107.41235
-54.628695
-55.037387
-52.971186
-687.3982
-291.83719
-101.87026
-1061.2269
-1030.6741
-1044.0569
91.98892
104.3034
117.20235
124.84687
124.11891
123.55497
91.553228
103.66411
115.84492
85.543972
85.256198
85.321958
168.39394
169.6211
170.88044
171.59243
171.19182
170.4009
166.40511
167.70578
169.0578
167.72945
167.259
166.34014
-652.31192
-264.45207
-90.293905
-44.786419
-41.885838
-37.393453
-585.35286
-226.77636
-74.056551
-976.41354
-937.52135
-924.07498
89.3266
100.56535
111.79612
117.61584
116.01872
114.15526
86.226651
96.407374
106.46249
82.605365
81.754975
81.168223
161.2027
162.58447
164.07295
163.78497
161.47763
158.84126
152.87072
154.49533
156.27051
159.20813
156.77751
153.91242
170.94833
172.68891
175.14677
176.93356
176.22116
175.66423
164.66275
167.35821
171.96243
169.03417
167.0099
164.79246
-494.77136
-184.31051
-56.881246
-22.465691
-18.23779
-14.033644
-395.88714
-138.63942
-37.915109
-773.58573
-729.3603
-687.60372
81.988996
90.567333
99.525812
103.14728
100.89344
98.38043
77.613302
85.217871
92.876689
76.411038
75.355496
74.117619
142.64377
144.43952
146.49267
145.92699
142.50501
138.93826
130.76829
132.95727
135.54924
139.89061
136.00144
131.9078
157.79742
163.28105
170.71525
175.00953
174.99149
174.99078
154.49578
162.49647
170.68588
154.50302
152.53692
151.14292
-298.15325
-99.391026
-22.827535
-1.9860927
1.2045086
2.8326194
-215.75349
-68.151239
-12.81986
-476.79832
-433.12336
-382.96186
72.696037
80.083517
86.731184
89.066155
87.233751
85.572825
67.349163
74.790925
81.437729
67.414556
65.779315
63.987896
119.11695
121.72462
125.32139
126.86962
125.684
125.15899
109.04346
114.04871
120.92668
115.73801
112.16743
108.56815
154.31665
162.50083
170.68267
175.00022
174.99975
174.99997
154.31693
162.50033
170.68296
149.99327
149.99665
150.00151
-151.60023
-45.383922
-5.0822452
6.6972653
7.1656308
7.9285159
-101.3024
-29.441469
0.64304621
-229.39721
-199.08688
-176.06495
62.021204
69.569366
76.502865
79.314801
78.02717
76.90457
56.745977
64.966418
72.553466
56.80968
55.221257
53.419479
105.56118
112.60512
120.68568
125.02283
125.08192
125.38182
113.84787
116.59371
121.79462
100.45408
100.88922
98.91168
154.31624
162.5005
170.6828
174.99943
175.00063
174.99944
154.31796
162.50313
170.68129
149.9993
150.00272
149.99972
74.230585
56.803241
12.086312
82.572418
81.708218
81.139602
76.42587
57.30109
7.6502171
-44.973089
-42.051221
-37.434228
-585.09652
-226.70458
-74.076328
-977.22549
-938.31918
-924.97894
77.523
57.017959
4.4140068
85.556782
85.13563
85.20444
77.62745
57.092498
3.6776538
-54.245577
-55.22649
-52.913624
-1061.1686
-1030.7109
-1044.1494
154.85439
139.9234
125.10989
160.2087
145.28033
129.92523
167.72001
167.24455
166.38482
162.36355
147.52442
131.70355
124.76894
124.15356
123.62306
171.60635
171.1963
170.42324
77.461682
56.936798
4.3817161
83.527848
84.139995
84.465433
76.351116
57.205573
7.5815637
-47.873624
-50.906705
-53.037504
-997.34098
-1001.8508
-1027.6423
160.15795
145.2427
129.94349
161.60633
163.59323
165.09154
154.90282
140.19751
125.22304
119.67914
121.40419
122.59576
174.98173
173.6215
172.28603
175.72713
175.40672
174.77925
173.52619
172.05291
170.59042
170.98437
172.52058
173.77756
169.13037
167.42984
165.76785
165.99061
167.83025
169.22548
74.268762
56.793282
12.050324
78.015747
78.985256
79.845657
71.68044
55.997587
17.451129
-26.237905
-30.523675
-34.576646
-819.86559
-849.63848
-888.43358
146.31352
132.0139
118.21723
143.61539
147.34775
150.69843
135.85365
121.91547
109.94398
106.37588
108.86706
110.99884
162.40204
160.33741
158.31492
157.03774
159.61681
162.18973
154.04454
151.39621
148.92526
149.44876
152.77521
155.72847
195.70641
187.50435
180.25276
199.98205
199.98991
200.00032
195.67829
187.50245
179.39306
175.02734
175.08279
175.2718
68.029139
53.878634
21.368601
69.221104
70.782264
72.233978
63.35143
50.60492
24.318199
-4.3467623
-7.3536144
-10.444827
-530.03734
-579.94471
-630.28693
123.55349
111.23109
101.48287
119.78828
123.66008
127.57302
110.9533
101.11016
93.754914
91.36758
93.455353
95.684387
147.24616
142.24289
138.66874
150.00896
150.04687
150.32418
145.692
137.70596
130.79265
128.99586
131.80649
135.18359
175.00047
175.00132
175.00186
58.252901
46.720302
24.984707
58.525333
60.381184
62.138309
52.883309
41.678379
23.317905
5.9521494
5.1749889
4.4659559
-261.50001
-294.28078
-336.2628
101.00844
93.853619
87.854522
100.1312
102.9233
104.821
97.159425
89.956422
83.388468
80.727615
82.202994
83.817245
145.68082
137.50393
129.32229
150.00135
150.0011
149.99986
145.68505
137.50023
129.33388
124.99192
125.01309
125.00858
174.99998
175.00016
174.99996
47.830139
36.895323
21.396416
54.951686
49.238251
51.773251
61.741473
47.568883
32.086897
15.740432
11.217887
9.4324218
-37.154124
1.4573172
17.286782
-85.885055
-133.82584
-162.44114
101.01766
87.62303
80.294997
117.02027
98.578238
110.99748
87.439356
88.522608
98.275809
74.749328
74.734404
75.731046
87.684724
62.349462
50.506311
145.67417
137.53756
129.44195
149.98651
150.02387
149.99151
145.702
137.49379
131.58039
125.45278
125.59102
125.29926
131.14723
130.68936
131.63592
174.99813
175.00178
174.99836
154.3195
162.49958
170.68456
-661.98392
-264.03401
-93.96196
-671.79567
-276.66681
-99.357641
-688.16443
-281.66019
-100.74638
89.822838
101.17451
113.09006
90.583837
102.30155
114.59394
91.130394
103.19422
115.62484
162.33902
163.71807
165.19001
164.29792
165.63042
167.03153
165.7607
167.0539
168.41998
-705.06764
-291.98491
-106.82462
-697.85653
-294.58685
-107.98615
-696.70968
-288.6725
-103.26028
92.247274
104.71731
117.63645
92.016097
104.368
117.19857
91.88806
104.09146
116.5761
168.40268
169.61975
170.87741
167.93278
169.1721
170.46138
167.02279
168.30119
169.6431
-643.30443
-253.87585
-87.051769
-620.75608
-246.50843
-83.023456
-597.99703
-231.42996
-77.104815
88.676041
99.720858
110.95621
87.773396
98.774448
109.89325
86.969676
97.387603
108.19426
159.92829
161.37544
162.92121
157.49821
158.97565
160.57127
154.64906
156.19703
157.88179
169.96815
171.80001
174.52807
167.99946
170.05307
173.39953
165.86684
168.2834
172.40934
-479.46554
-175.50515
-52.284724
-443.7494
-161.52223
-47.035591
-411.03657
-146.19613
-41.239521
81.119291
89.520128
98.30085
79.980898
88.024609
96.224856
78.599874
86.261704
93.977019
140.64073
142.56141
144.70379
136.79234
138.82526
141.17223
132.78213
134.95056
137.48222
156.87149
162.93881
170.69564
155.51865
162.58628
170.69741
154.71874
162.49832
170.69206
-281.91324
-93.862117
-20.64092
-255.26778
-82.561021
-17.150471
-227.20338
-73.445888
-14.158011
71.828651
79.129398
85.731019
70.063603
77.388156
83.937545
68.288974
75.697179
82.314771
116.94794
119.98762
124.03584
113.43941
117.0644
122.23669
110.28642
114.86398
121.22106
154.31707
162.50002
170.68324
154.31784
162.49983
170.68347
154.31742
162.50003
170.68321
-140.85483
-42.273114
-3.9602635
-122.19659
-37.915791
-2.3292026
-108.043
-32.26153
-0.41660701
61.166785
68.78926
75.748917
59.636317
67.256109
74.396156
57.874106
65.794511
73.059781
105.34449
112.58008
120.78299
104.32351
112.86671
120.90323
107.22785
115.32492
121.51906
154.31792
162.49972
170.68358
154.31672
162.50066
170.68291
154.32027
162.49986
170.68409
11.74591
56.76505
74.633918
10.055096
56.878019
75.201302
8.1455572
56.586057
75.608938
-597.88362
-231.38506
-77.162916
-620.64722
-246.5883
-82.889896
-643.35639
-253.74543
-87.104212
7.5560813
57.267064
76.4564
6.1660416
57.007902
76.764085
4.8896396
56.757276
77.095008
4.5085978
56.92929
77.776237
3.8553357
56.825406
77.569278
4.1832248
56.76343
77.774803
-696.99743
-288.56158
-103.40194
-698.02853
-294.59644
-107.84464
-705.1255
-292.02988
-107.29987
126.89603
142.17508
156.32395
128.75393
144.02939
158.09925
130.11861
145.07799
159.64884
130.95237
146.9252
161.08778
131.77167
147.72689
161.88852
132.27237
148.13701
162.40535
91.846771
103.95158
116.41319
91.941939
104.48545
117.25158
92.326097
104.77408
117.48455
167.06833
168.34176
169.67197
167.91903
169.16171
170.46009
168.39953
169.62701
170.88926
4.23809
56.794049
77.845407
3.9236697
56.836848
77.548843
4.5061664
56.981109
77.743683
4.8916995
56.858269
77.108023
6.2115185
56.914264
76.855336
7.6650532
57.108367
76.481081
-687.8725
-282.03579
-100.35527
-671.71224
-276.63937
-99.557273
-661.88665
-264.11189
-93.851241
132.33267
148.09572
162.37979
131.59089
147.72445
161.93918
130.9507
146.94081
161.05791
130.0518
145.01572
159.53251
128.8258
143.99259
158.12008
127.08168
142.20031
156.22472
91.046456
103.2125
115.58855
90.631245
102.31343
114.59651
89.753974
101.24957
113.08214
172.29295
173.63351
174.98636
171.90682
173.27468
174.65453
171.14868
172.57676
174.00649
169.99523
171.47113
172.96805
168.61954
170.14325
171.68739
166.83274
168.45439
170.1016
165.77598
167.07169
168.44333
164.29136
165.62719
167.0325
162.3
163.67485
165.14957
8.1976581
56.611592
75.549535
10.021097
56.836404
75.118159
11.723892
56.783585
74.67015
13.050648
56.360116
73.621554
15.114227
56.265456
73.066065
16.702572
56.152421
72.215357
-572.14678
-218.0143
-70.355072
-542.6734
-204.53222
-65.313077
-512.2242
-190.83287
-59.062761
124.52909
139.31862
153.77925
122.59323
136.97989
151.21916
120.31107
134.16666
148.36707
117.10378
130.54647
144.93484
114.62795
127.77164
141.82772
111.95046
124.53942
137.90114
85.276525
95.283891
105.33853
84.207892
93.624034
103.26425
82.916575
91.765661
101.00997
164.65974
166.36187
168.0953
162.3964
164.18838
166.01765
159.82591
161.75152
163.72181
156.77914
158.86161
161.01169
153.87434
156.0563
158.33545
150.66092
153.04218
155.5393
151.41677
152.98235
154.72293
148.1034
149.82707
151.71222
144.40094
146.22232
148.27999
180.02824
187.49267
195.70207
179.68169
187.49013
195.69099
179.46071
187.49888
195.68088
163.41113
166.45926
171.57544
161.05206
164.92794
171.04158
158.84596
163.74052
170.77174
18.096281
55.386681
70.971174
19.795643
54.93687
70.021043
20.9206
54.19173
68.739226
21.992802
53.058385
67.128518
23.028894
52.243086
65.666947
23.871955
51.189779
64.174522
-376.19309
-131.31571
-35.557803
-344.24551
-118.22987
-30.164479
-311.79722
-106.37787
-25.37295
108.27306
120.26617
133.89787
105.77847
116.69761
129.97331
102.97902
113.31878
125.73735
99.965304
109.45328
121.16016
97.459478
105.98769
116.82671
95.042568
102.72681
112.83011
76.712324
84.16843
91.615642
75.20981
82.660939
89.710965
73.633291
81.017921
87.784314
147.20593
149.75565
152.59328
143.89134
146.67054
150.09009
140.46762
143.6848
148.0682
136.91399
140.95703
146.61303
133.91348
139.06891
145.9129
131.64534
137.98866
145.70722
128.46292
130.84013
133.5768
124.63047
127.09117
130.00494
120.86295
123.4914
126.78112
154.37861
162.50102
170.6806
154.32042
162.50162
170.68167
154.31721
162.50054
170.6827
24.487786
49.928427
62.527327
24.977126
48.773634
60.953315
25.195354
47.450248
59.158611
24.909
45.776829
57.330234
24.441063
44.305148
55.617885
23.707293
42.608397
53.752509
-203.13322
-63.745946
-11.423169
-179.64801
-56.355637
-8.6387197
-160.43419
-49.279412
-6.1889336
92.641847
99.582883
108.8256
90.563755
97.165707
105.28718
88.785366
94.905483
102.34057
87.001198
92.902075
99.674897
85.447662
91.506592
97.871757
84.093034
90.402099
96.704506
66.466628
73.895944
80.544506
64.710524
72.113957
78.836401
62.900257
70.403015
77.252699
130.1751
137.56349
145.69308
129.52939
137.50055
145.68612
129.34698
137.50189
145.68132
129.32255
137.49979
145.68395
129.31818
137.50197
145.68246
129.32157
137.50116
145.6838
107.52052
113.39712
120.79236
105.68979
112.71441
120.68218
104.77523
112.50529
120.73872
154.31707
162.49999
170.68322
154.31693
162.50015
170.68309
154.31708
162.5001
170.68318
22.87956
40.773035
51.973171
21.990609
39.224639
50.345221
21.490545
37.847359
48.680096
21.20643
35.866711
46.757646
21.437492
35.55307
45.174583
25.661791
37.762624
48.912812
-92.583798
-26.437739
1.5151719
-75.936925
-20.084678
3.9409447
-48.864417
-9.3836481
9.0308393
82.78434
89.365575
96.327539
81.710588
88.792442
95.999585
80.601081
88.243198
96.393512
79.826583
87.278067
96.865613
78.705394
89.566992
98.037419
81.273255
90.513788
106.60653
56.255537
64.264948
71.927236
53.416582
62.638366
70.922548
61.137535
61.718011
67.439769
129.31614
137.50489
145.68222
129.36125
137.50528
145.68577
129.42872
137.51726
145.68638
129.51605
137.53366
145.69391
129.55357
137.57244
145.69167
129.66228
137.53239
145.67559
111.9048
116.11953
121.55011
104.79055
114.37023
121.56965
116.88038
118.66802
122.61625
154.32164
162.49968
170.68431
154.32186
162.50201
170.68292
154.31536
162.49994
170.68243
95.061338
195.94051
191.28725
250.37812
249.99262
250.00687
249.99189
404.73915
304.07634
308.79249
304.27751
299.99509
544.73261
357.27286
361.6076
352.54266
629.41499
408.11401
406.39749
399.99631
610.74995
456.46274
450.1624
449.99636
615.57791
563.24089
534.88426
499.87291
169.21287
187.1361
21.686525
195.55329
192.61045
222.91616
250.20253
173.10645
220.03673
249.92708
250.00662
277.07522
313.23744
327.28996
279.92576
304.36754
277.71951
307.41552
300.51507
330.77999
371.01564
477.67167
335.99498
356.89506
329.42232
358.69091
325.00168
350.00409
383.07291
422.52754
599.29827
385.02219
406.32446
375.36855
401.62754
399.99977
432.53212
471.12685
630.93449
427.6132
452.85817
424.99719
449.9196
449.99907
484.19106
586.21496
596.02411
471.02307
561.68877
474.97421
503.68298
499.98587
156.60491
218.56438
222.63725
220.51701
281.93335
277.32818
279.45783
343.53958
331.05996
334.30538
325.1438
397.19827
381.94696
381.09922
374.99888
446.48795
429.801
425.01062
424.99956
500.73715
479.66605
475.03504
474.99502
123.49789
152.95556
177.42822
192.60617
202.81999
213.06561
185.73105
199.5344
212.90636
107.08702
134.342
160.51587
195.96782
195.9015
195.69547
200.19122
208.88009
217.78444
222.87622
222.80844
222.70615
200.61405
209.48341
218.26669
191.22178
191.62041
192.25574
197.29153
206.38188
215.64417
219.91185
220.04256
220.3214
196.14208
205.45646
215.00958
249.87122
250.266
249.78191
255.50971
265.71181
276.19704
313.91383
301.1407
286.6122
264.26833
290.58021
316.55949
249.94884
250.01188
249.97577
254.86307
263.71405
272.47311
277.05047
277.24495
277.31083
254.67071
263.55965
272.43555
250.00538
250.01406
250.00956
255.17095
264.94516
274.54327
280.03838
279.9117
279.64424
255.13354
265.07175
274.96238
376.16961
347.595
322.24831
318.7497
328.70229
338.2318
433.03791
385.86929
355.28082
418.93621
441.95943
468.43876
304.05413
304.08594
304.27023
309.09488
317.71103
326.4093
330.74372
330.79325
330.85902
308.71212
317.47883
326.18582
308.84221
308.41056
307.77075
312.10604
320.96787
329.7965
336.10979
335.6431
334.85518
313.62749
322.66035
331.59347
303.58603
302.22107
300.9699
304.7779
312.83298
320.88677
328.4031
326.59138
325.41682
308.70984
316.9927
325.17088
479.11451
415.50796
386.0585
375.68387
384.01763
392.40739
509.66811
438.74343
411.51153
557.07039
574.05611
592.77597
357.05999
356.95857
356.94486
361.24078
369.43168
377.54501
382.90516
382.53605
382.16824
361.88569
370.36184
378.66651
361.56275
360.6862
359.45848
362.68303
370.17179
377.42419
384.93039
383.80661
382.15886
365.74731
373.57184
381.06508
351.55394
350.34941
350.01556
354.31643
362.49221
370.67813
375.09961
374.99797
375.00124
356.40396
363.76779
371.30043
523.99864
459.14872
434.1799
426.80252
434.44962
442.34782
527.01437
479.91734
455.15546
630.04229
633.38501
632.12161
407.77814
407.40949
406.76528
410.37277
418.06915
425.70431
432.0055
431.14742
430.25965
412.4125
420.43422
428.35528
406.03726
404.45122
402.5287
405.39302
412.91213
420.7885
427.22522
425.86879
425.18257
409.95517
416.77647
423.64776
400.00054
399.99993
400.00022
404.31663
412.4997
420.68328
425.00039
424.99972
425.00033
404.31105
412.49747
420.68514
528.22139
502.2419
477.2856
475.47089
485.02674
495.18467
540.99084
527.3139
508.23322
605.9293
599.49652
594.73681
455.76698
454.55694
453.38381
456.94789
465.28873
474.30078
483.10352
481.42225
480.44154
460.67462
469.00855
478.35858
450.0267
449.8541
450.03745
454.31046
462.4002
470.52514
471.84644
474.29592
474.78221
454.61098
462.32775
470.52586
450.00024
449.99945
450.00051
454.3176
462.49913
470.68418
475.00372
474.99647
475.00333
454.31791
462.49889
470.68115
169.12539
167.64845
162.3475
191.25999
182.49608
173.77126
195.95527
194.62851
190.62851
181.5739
171.50851
161.91438
66.794071
114.34565
144.53927
81.143034
57.813662
31.334569
222.87307
222.21377
219.87332
245.31499
236.33861
227.51113
249.97623
250.01801
249.94659
244.81715
234.74247
224.22022
237.613
210.50511
184.9693
192.92147
194.69053
195.24218
220.9255
222.09972
222.70712
244.90661
234.89819
225.01566
250.0239
249.96462
250.05856
245.10028
236.32728
227.56845
244.83822
235.07206
225.46604
277.13271
277.85387
280.02109
299.38138
290.55284
281.71181
304.06205
305.37951
309.33388
307.72443
297.59404
287.27473
393.55917
366.19244
340.51083
279.12873
277.8736
277.2669
303.88452
294.55252
284.92935
307.065
305.37067
304.76649
299.71419
290.99339
282.10945
249.99448
249.9999
250.00375
254.86273
263.99483
272.98947
278.08937
278.72088
279.23555
299.80097
291.18129
282.40815
304.91715
306.04959
306.98671
302.737
293.68768
284.37949
330.84804
332.35135
337.67828
352.68779
344.13428
335.43341
357.34488
358.99836
364.36439
366.38809
357.63352
348.57363
536.72773
512.51178
491.52499
333.76634
331.55201
331.51036
357.25675
349.15199
340.57197
359.04761
356.79389
356.90728
352.57187
344.06902
335.61823
330.37797
332.08793
333.61674
348.66149
341.22384
333.58811
353.6623
355.82562
357.7815
354.64278
346.64679
338.61377
300.00522
300.00067
300.20209
304.3124
312.49786
320.684
324.99836
325.00051
325.02364
345.69184
337.53015
329.40986
383.29066
385.24668
390.51918
403.73753
395.60503
387.38819
408.52682
410.62794
415.60417
418.12921
409.96886
401.50374
624.84799
618.08986
605.90998
382.46702
380.95499
381.66535
402.63987
395.85267
388.80629
404.45659
404.62548
405.77759
402.20579
394.31184
386.22162
375.87031
377.58383
379.89163
395.68613
387.52761
379.5055
400.00652
400.13281
400.88649
397.98212
391.32622
384.6806
395.68332
387.50083
379.31849
433.1464
435.18504
439.82992
452.35856
444.59904
436.6936
457.35079
459.57933
464.38349
466.61897
458.48783
450.63424
614.74798
620.95852
628.19833
426.62497
427.95162
429.09962
445.66526
438.49971
430.96354
450.49456
451.31665
452.18945
448.69766
441.21179
433.69329
425.00197
424.99828
425.00453
445.68557
437.49825
429.31931
450.00232
449.99698
449.99601
445.68585
437.47666
429.33846
445.68335
437.49989
429.31699
485.10688
487.79571
493.93647
539.096
507.98822
490.49847
569.05459
577.79096
584.99321
554.77198
524.65017
507.71407
603.67555
606.65314
589.52344
598.00743
601.57923
601.05063
476.97178
477.96599
479.52591
508.72101
486.84948
480.45094
546.34731
501.54976
553.28214
536.42585
502.83111
486.87439
552.80485
504.74603
559.25443
475.00684
474.97115
474.9877
495.72466
487.47461
479.33584
500.10694
499.91284
502.10936
496.98162
487.73832
479.25963
528.50247
514.96153
508.60151
495.68933
487.497
479.3197
500.0131
499.99001
500.01224
133.21027
160.59153
183.2309
153.3446
175.56658
194.32615
174.71432
191.56843
206.49978
200.68451
200.60279
200.35003
209.41862
209.44001
209.18783
218.15298
218.1659
217.96459
196.05915
196.4113
196.95868
205.41231
205.6729
206.10723
214.92817
215.08273
215.41343
260.50775
258.20843
256.46846
282.07827
275.61606
268.61929
304.0311
292.46964
280.23239
254.72214
254.67419
254.70015
263.55363
263.50591
263.56904
272.36181
272.47995
272.52385
255.1639
255.19176
255.1892
265.15518
265.1446
265.03305
275.04944
274.94133
274.68779
386.57404
354.19719
328.08281
405.62735
367.85574
339.41212
424.13309
379.6293
349.70019
308.73078
308.80767
308.82186
317.46989
317.52809
317.52459
326.13958
326.14686
326.2873
313.68242
313.22505
312.50051
322.72221
322.24728
321.46298
331.64948
331.166
330.34581
307.97155
306.51716
305.22632
316.15006
314.5341
313.2342
324.21185
322.45056
321.20898
485.74871
419.66839
390.41764
495.95276
427.62732
399.44743
505.00203
435.02172
407.42046
361.60789
361.44701
361.35949
370.1978
369.86288
369.57279
378.57121
378.17349
377.83452
365.90028
364.90565
363.51614
373.68101
372.72087
371.13795
381.08195
380.08655
378.46523
355.50803
354.52138
354.32409
363.10363
362.54273
362.50831
370.8991
370.68171
370.68802
524.88536
462.60066
437.98972
526.18555
469.25739
444.72062
526.42574
476.41093
451.4825
412.08004
411.54099
410.84486
420.00672
419.2877
418.52235
427.85868
427.04233
426.21991
409.83253
408.04019
406.17038
416.58431
414.9765
413.39273
423.36547
422.0161
421.01125
404.31727
404.31664
404.31712
412.50053
412.4998
412.50025
420.68326
420.68324
420.68305
528.85148
506.28503
482.00394
530.90398
514.82004
491.30999
536.72256
522.8428
501.81708
459.9543
458.71305
457.55485
468.30981
467.00756
465.82561
477.54801
476.16373
474.94314
454.19271
454.23093
454.29511
462.45955
461.81728
462.34087
467.84909
469.11084
470.42952
454.31574
454.3172
454.31633
462.50024
462.49927
462.50033
470.68032
470.6836
470.68227
167.24963
172.2643
173.7639
176.42954
181.03453
182.5467
185.65344
189.86489
191.29272
75.705613
120.48443
150.14475
94.148756
132.32071
160.42033
113.26529
146.08694
171.63429
195.67739
199.35647
200.67301
205.14235
208.37984
209.46411
214.74609
217.37604
218.22598
225.06635
226.99737
227.5402
234.87173
236.06289
236.38388
244.7564
245.15382
245.27874
196.08606
207.59581
219.44513
217.71962
224.73476
231.02446
239.65736
241.75472
243.29406
199.88659
199.25995
197.66603
208.5508
208.29271
206.93455
217.75667
217.33041
216.06359
227.4525
226.80633
225.82047
236.27207
235.986
235.34378
245.31032
245.15125
244.94735
227.65735
227.55016
227.46051
236.51229
236.49596
236.35787
245.22274
245.32703
245.26904
224.93129
225.05733
225.31127
234.83066
234.86144
234.97801
244.86725
244.82894
244.83009
255.13576
254.89004
254.69125
264.99788
264.03887
263.51643
274.82091
273.07827
272.43836
285.17933
282.62578
281.8709
294.78841
291.59948
290.63537
304.28788
300.62012
299.34787
325.28569
308.44239
293.2652
346.34811
324.79547
305.36123
366.70206
339.58173
316.49447
254.78183
254.84628
255.05571
263.75308
264.0371
264.63872
272.49448
273.16373
274.22264
282.23441
282.66125
283.93781
291.44468
291.71394
293.00712
300.19207
300.72406
302.31208
281.71231
281.91921
282.04886
290.53994
290.64608
290.8486
299.36773
299.44807
299.6045
255.13875
255.04375
254.9272
264.81244
264.51716
264.17997
274.34459
273.86874
273.29975
284.11106
283.51703
282.80331
293.36704
292.60438
291.68209
302.34881
301.48147
300.40018
285.02132
284.90063
284.59868
294.61315
294.37064
293.9631
303.95083
303.60385
303.06567
314.30366
310.14177
308.72838
323.56561
318.98406
317.42301
332.76644
327.74182
326.18029
342.39155
337.01976
335.53657
351.12371
345.77542
344.16904
359.77985
354.43028
352.72386
442.25139
391.27735
360.67323
458.00956
401.23626
371.25195
472.40035
410.70613
380.76109
309.48036
309.95742
311.76211
318.22655
318.54786
320.53852
326.96609
327.06739
329.27592
335.91642
335.98149
338.35558
344.23845
344.21855
346.65007
352.49229
352.49968
354.86606
335.33147
335.4084
335.49799
343.95167
343.97187
344.0525
352.52691
352.498
352.4759
311.6266
310.58389
309.38867
320.39157
319.15679
317.77131
329.12198
327.67386
326.06943
337.92228
336.36963
334.59045
345.87161
344.19019
342.29277
353.75998
351.87341
349.7874
340.61134
340.00201
339.15218
349.19928
348.4261
347.30901
357.31387
356.57654
355.39069
304.48347
304.31494
304.32127
312.59716
312.49718
312.50191
320.72547
320.68264
320.68227
332.52475
330.7049
329.62799
340.13123
338.44967
337.64031
347.61228
346.21397
345.72148
368.94502
363.62956
361.9784
377.51446
372.20605
370.4814
386.07184
380.7409
378.86441
394.96999
389.7436
387.79516
403.26616
398.08773
395.99019
411.38857
406.29257
404.21227
512.36192
442.38806
415.84807
517.92441
449.35096
423.14565
521.73156
455.91616
430.59045
361.28655
361.01986
363.13552
369.38871
368.89405
370.8027
377.43837
376.82857
378.46276
385.91731
385.0602
386.31083
393.78014
392.91066
393.5003
401.65571
400.61953
400.68639
387.23396
386.86721
386.50824
395.38366
395.03917
394.69351
403.49427
403.16951
402.67296
361.72765
359.69047
357.48083
369.09397
366.8738
364.67761
376.24766
373.9061
371.95619
383.46036
381.27923
379.85757
390.17566
388.45684
387.64362
397.07924
395.99523
395.6981
388.84836
387.5627
385.79284
395.76941
394.40989
392.4636
402.45772
401.01254
399.00795
379.35243
379.31705
379.31531
387.50211
387.50071
387.49918
395.68375
395.68318
395.68311
419.8519
414.95308
412.8669
427.77755
423.01551
421.03002
435.66692
431.00229
428.99281
443.96444
439.36853
437.32626
451.86186
447.24674
445.25986
459.95827
455.29669
453.19583
526.51759
483.81138
458.74049
526.48883
491.16601
465.72213
527.39069
498.43153
473.09973
409.83584
408.64474
408.18057
417.47606
416.27075
415.41636
425.15284
423.8956
422.78718
433.11257
431.89272
430.67398
440.51754
439.51498
438.28155
448.16859
447.14043
446.40078
436.17029
435.25369
434.29794
443.98571
442.88504
441.7706
451.67732
450.47633
449.3196
404.82844
404.35734
404.32306
412.62864
412.4989
412.50229
420.69754
420.68455
420.68077
429.31299
429.31896
429.3146
437.49945
437.49803
437.50152
445.67247
445.68491
445.67986
430.92295
429.87749
429.38654
438.25862
437.6266
437.52025
445.68496
445.63621
445.67739
429.31679
429.31696
429.31669
437.49989
437.4999
437.50006
445.6829
445.68324
445.68296
468.93813
463.91756
461.56522
478.06156
472.5364
469.90703
487.98158
482.0853
479.38998
500.80316
494.52889
491.11518
517.01728
510.15525
508.54219
549.07564
543.0674
541.62208
544.96545
532.84575
515.24222
554.35417
546.30771
531.56442
576.43086
575.01607
561.48152
456.43931
455.50895
454.95912
464.6565
464.01626
463.00367
473.90659
472.99162
473.26464
485.49193
484.27329
480.99106
501.13302
499.09484
495.69832
528.97843
507.45321
525.1699
489.32386
486.8978
486.60818
505.93102
501.95348
502.48919
532.83403
511.50029
531.25941
454.31088
454.31463
454.31686
462.4631
462.49695
462.49743
470.64549
470.67025
470.68319
479.22485
479.31194
479.29626
487.57419
487.47311
487.51688
496.12591
495.7155
495.62023
481.70239
480.23626
479.20409
488.72739
488.60989
487.83933
504.91167
501.32947
498.44776
479.31243
479.31849
479.314
487.5025
487.49763
487.50281
495.67346
495.68847
495.67504
