FiniteElementSpace
FiniteElementCollection: L2_2D_P3
VDim: 1
Ordering: 0

1
1
1
1
1
1
1
1
1
1
1
1
1
1
1
1
1
1
1
1
1
1
1
1
1
1
1
1
1
1
1
1
1
1
1
1
1
1
1
1
1
1
1
1
1
1
1
1
1
1
1
1
1
1
1
1
1
1
1
1
1
1
1
1
1
1
1
1
1
1
1
1
1
1
1
1
1
1
1
1
1
1
1
1
1
1
1
1
1
1
1
1
1
1
1
1
0.95881985
1.0117055
0.99423434
1.0030725
1.084788
0.97589886
1.0118712
0.99367377
0.73199745
1.0761802
0.96247679
1.0199963
0.69769637
1.0859304
0.95767428
1.0225556
1
1
1
1
1
1
1
1
1
1
1
1
1
1
1
1
1
1
1
1
1
1
1
1
1
1
1
1
1
1
1
1
1
1
1
1
1
1
1
1
1
1
1
1
1
1
1
1
1
1
1
1
1
1
1
1
1
1
1
1
1
1
1
1
1
1
1
1
1
1
1
1
1
1
1
1
1
1
1
1
1
1
1
1
1
1
1
1
1
1
1
1
1
1
1
1
0.5610847
1.1247625
0.93854719
1.0327485
0.5610847
1.1247625
0.93854719
1.0327485
0.5610847
1.1247625
0.93854719
1.0327485
0.5610847
1.1247625
0.93854719
1.0327485
1
1
1
1
1
1
1
1
1
1
1
1
1
1
1
1
1
1
1
1
1
1
1
1
1
1
1
1
1
1
1
1
1
1
1
1
1
1
1
1
1
1
1
1
1
1
1
1
1
1
1
1
1
1
1
1
1
1
1
1
1
1
1
1
1
1
1
1
1
1
1
1
1
1
1
1
1
1
1
1
1
1
1
1
1
1
1
1
1
1
1
1
1
1
1
1
1.0327485
0.93854719
1.1247625
0.5610847
1.0327485
0.93854719
1.1247625
0.5610847
1.0327485
0.93854719
1.1247625
0.5610847
1.0327485
0.93854719
1.1247625
0.5610847
1
1
1
1
1
1
1
1
1
1
1
1
1
1
1
1
1
1
1
1
1
1
1
1
1
1
1
1
1
1
1
1
1
1
1
1
1
1
1
1
1
1
1
1
1
1
1
1
1
1
1
1
1
1
1
1
1
1
1
1
1
1
1
1
1
1
1
1
1
1
1
1
1
1
1
1
1
1
1
1
1
1
1
1
1
1
1
1
1
1
1
1
1
1
1
1
1
1
1
1
1
1
1
1
1
1
1
1
1
1
1
1
1
1
1
1
1
1
1
1
1
1
1
1
1
1
1
1
1
1
1
1
1
1
1
1
1
1
1
1
1
1
1
1
1
1
1
1
1
1
1
1
1
1
1
1
1
1
1
1
1
1
1
1
1
1
1
1
1
1
1
1
1
1
1
1
1.0327485
0.93854719
1.1247625
0.5610847
1.0327485
0.93854719
1.1247625
0.5610847
1.0327485
0.93854719
1.1247625
0.5610847
1.0327485
0.93854719
1.1247625
0.5610847
1.0327485
0.93854719
1.1247625
0.5610847
1.0327485
0.93854719
1.1247625
0.5610847
1.0327485
0.93854719
1.1247625
0.5610847
1.0327485
0.93854719
1.1247625
0.5610847
1
1
1
1
1
1
1
1
1
1
1
1
1
1
1
1
1
1
1
1
1
1
1
1
1
1
1
1
1
1
1
1
1
1
1
1
1
1
1
1
1
1
1
1
1
1
1
1
1
1
1
1
1
1
1
1
1
1
1
1
1
1
1
1
1
1
1
1
1
1
1
1
1
1
1
1
1
1
1
1
1
1
1
1
1
1
1
1
1
1
1
1
1
1
1
1
1.0061451
0.98790811
1.0317018
0.98137543
0.98790811
1.0237424
0.93837565
1.0424623
1.0317018
0.93837565
1.1523604
0.81792781
0.98137543
1.0424623
0.81792781
0.39539273
0.95881985
1.084788
0.73199745
0.69769637
1.0117055
0.97589886
1.0761802
1.0859304
0.99423434
1.0118712
0.96247679
0.95767428
1.0030725
0.99367377
1.0199963
1.0225556
1
1
1
1
1
1
1
1
1
1
1
1
1
1
1
1
1
1
1
1
1
1
1
1
1
1
1
1
1
1
1
1
1
1
1
1
1
1
1
1
1
1
1
1
1
1
1
1
1
1
1
1
1
1
1
1
1
1
1
1
1
1
1
1
1.0327485
0.93854719
1.1247625
0.5610847
1.0327485
0.93854719
1.1247625
0.5610847
1.0327485
0.93854719
1.1247625
0.5610847
1.0327485
0.93854719
1.1247625
0.5610847
1.0327485
0.93854719
1.1247625
0.5610847
1.0327485
0.93854719
1.1247625
0.5610847
1.0327485
0.93854719
1.1247625
0.5610847
1.0327485
0.93854719
1.1247625
0.5610847
1
1
1
1
1
1
1
1
1
1
1
1
1
1
1
1
1
1
1
1
1
1
1
1
1
1
1
1
1
1
1
1
1
1
1
1
1
1
1
1
1
1
1
1
1
1
1
1
1
1
1
1
1
1
1
1
1
1
1
1
1
1
1
1
1.0020001
0.99624683
1.0076197
0.97319367
0.99568626
1.0080948
0.98356587
1.0578154
1.0159105
0.9701438
1.0606145
0.7867576
1.0369294
0.9307017
1.1406905
0.50504973
1
1
1
1
1
1
1
1
1
1
1
1
1
1
1
1
1
1
1
1
1
1
1
1
1
1
1
1
1
1
1
1
1
1
1
1
1
1
1
1
1
1
1
1
1
1
1
1
0.97319367
1.0076197
0.99624683
1.0020001
1.0578154
0.98356587
1.0080948
0.99568626
0.7867576
1.0606145
0.9701438
1.0159105
0.50504973
1.1406905
0.9307017
1.0369294
1
1
1
1
1
1
1
1
1
1
1
1
1
1
1
1
1
1
1
1
1
1
1
1
1
1
1
1
1
1
1
1
1
1
1
1
1
1
1
1
1
1
1
1
1
1
1
1
1.0327485
0.93854719
1.1247625
0.5610847
1.0327485
0.93854719
1.1247625
0.5610847
1.0327485
0.93854719
1.1247625
0.5610847
1.0327485
0.93854719
1.1247625
0.5610847
1.0327485
0.93854719
1.1247625
0.5610847
1.0327485
0.93854719
1.1247625
0.5610847
1.0327485
0.93854719
1.1247625
0.5610847
1.0327485
0.93854719
1.1247625
0.5610847
1
1
1
1
1
1
1
1
1
1
1
1
1
1
1
1
1
1
1
1
1
1
1
1
1
1
1
1
1
1
1
1
1.0327485
1.0327485
1.0327485
1.0327485
0.93854719
0.93854719
0.93854719
0.93854719
1.1247625
1.1247625
1.1247625
1.1247625
0.5610847
0.5610847
0.5610847
0.5610847
1.0327485
0.93854719
1.1247625
0.5610847
1.0327485
0.93854719
1.1247625
0.5610847
1.0327485
0.93854719
1.1247625
0.5610847
1.0327485
0.93854719
1.1247625
0.5610847
1.0665694
0.96928319
1.1615967
0.57945938
0.96928319
0.88087083
1.0556427
0.52660447
1.1615967
1.0556427
1.2650906
0.63108702
0.57945938
0.52660447
0.63108702
0.31481604
1.0327485
1.0327485
1.0327485
1.0327485
0.93854719
0.93854719
0.93854719
0.93854719
1.1247625
1.1247625
1.1247625
1.1247625
0.5610847
0.5610847
0.5610847
0.5610847
1
1
1
1
1
1
1
1
1
1
1
1
1
1
1
1
1.0327485
1.0327485
1.0327485
1.0327485
0.93854719
0.93854719
0.93854719
0.93854719
1.1247625
1.1247625
1.1247625
1.1247625
0.5610847
0.5610847
0.5610847
0.5610847
0.57945938
1.1615967
0.96928319
1.0665694
0.52660447
1.0556427
0.88087083
0.96928319
0.63108702
1.2650906
1.0556427
1.1615967
0.31481604
0.63108702
0.52660447
0.57945938
1
1
1
1
1
1
1
1
1
1
1
1
1
1
1
1
1.0327485
1.0327485
1.0327485
1.0327485
0.93854719
0.93854719
0.93854719
0.93854719
1.1247625
1.1247625
1.1247625
1.1247625
0.5610847
0.5610847
0.5610847
0.5610847
1.0327485
1.0327485
1.0327485
1.0327485
0.93854719
0.93854719
0.93854719
0.93854719
1.1247625
1.1247625
1.1247625
1.1247625
0.5610847
0.5610847
0.5610847
0.5610847
1.0327485
0.93854719
1.1247625
0.5610847
1.0327485
0.93854719
1.1247625
0.5610847
1.0327485
0.93854719
1.1247625
0.5610847
1.0327485
0.93854719
1.1247625
0.5610847
1.0665694
0.96928319
1.1615967
0.57945938
0.96928319
0.88087083
1.0556427
0.52660447
1.1615967
1.0556427
1.2650906
0.63108702
0.57945938
0.52660447
0.63108702
0.31481604
1.0327485
1.0327485
1.0327485
1.0327485
0.93854719
0.93854719
0.93854719
0.93854719
1.1247625
1.1247625
1.1247625
1.1247625
0.5610847
0.5610847
0.5610847
0.5610847
