FiniteElementSpace
FiniteElementCollection: L2_2D_P4
VDim: 2
Ordering: 0

53.521845
60.481561
70.970578
81.897932
89.707026
53.771885
60.791657
71.260292
82.12161
89.900088
53.944086
61.123139
71.758196
82.649497
90.373375
54.210244
61.42452
72.201295
83.253052
91.032556
54.579327
61.773303
72.542026
83.655872
91.517175
134.04139
133.17582
115.95026
88.297801
70.559274
132.68152
130.31027
111.52428
83.998395
67.084888
130.05335
125.15286
104.20104
77.302578
61.786925
126.39956
118.74127
96.022536
70.324509
56.355326
123.10321
113.5618
90.036524
65.506174
52.631601
24.256982
19.214662
13.665739
9.7409518
7.7466385
23.417233
18.551456
13.197329
9.4093512
7.4825197
22.125689
17.533066
12.478005
8.8995505
7.0779669
20.780307
16.471358
11.728267
8.3688693
6.6581207
19.843631
15.732022
11.206362
8.0010894
6.3687862
2.2764409
1.93384
1.6158014
1.4835376
1.4907318
2.1923987
1.8665278
1.5663459
1.4478729
1.4630739
2.0729172
1.7711938
1.4975673
1.39777
1.4226139
1.9555742
1.6777975
1.4308815
1.3501557
1.3845787
1.8772747
1.6159301
1.3866932
1.3182215
1.3589581
58.911408
66.060863
76.887787
88.171003
96.154738
60.273253
67.362594
78.179508
89.444845
97.345073
62.517343
69.579243
80.413637
91.791249
99.156437
64.91018
72.0864
82.930598
94.086392
100.20639
66.564499
73.912752
84.672766
95.26864
100.02125
87.367319
72.773974
53.501786
38.906073
31.693488
79.490796
65.553052
48.051376
35.054666
28.623181
68.168019
55.731098
40.84648
29.951729
24.529221
57.929938
47.30866
34.777947
25.568468
20.93222
52.062203
42.423136
31.11204
22.854358
18.7169
14.47138
11.482146
8.1832958
5.8557123
4.6755862
13.622287
10.805811
7.7114747
5.5147948
4.3888304
12.347966
9.775903
6.9250875
4.8956746
3.8683828
10.833971
8.469008
5.9134664
4.1735384
3.318803
9.4290395
7.3795332
5.2494859
3.7775202
3.0257996
1.4157576
1.2435802
1.1156003
1.1217564
1.2016022
1.3232201
1.1718609
1.0668392
1.0886378
1.1759918
1.1999863
1.077787
1.0028059
1.0442448
1.1410586
1.0937901
0.994409
0.94356086
1.0017946
1.1072092
1.0220621
0.93730409
0.90292297
0.97296801
1.0843872
80.659965
84.617256
83.831932
75.092696
65.987442
81.271199
82.623615
77.532254
66.195585
56.969958
78.168127
75.094749
65.213089
52.786027
44.771172
69.81857
63.294027
51.687969
40.749564
34.674989
61.852282
54.2403
43.141466
33.936403
29.087918
27.435072
22.139138
16.090146
11.686386
9.4241992
24.40629
19.687437
14.325658
10.421882
8.4015118
20.654824
16.662398
12.128857
8.8285405
7.1222348
17.624419
14.218121
10.358117
7.546085
6.0874994
15.928116
12.847328
9.3614488
6.8222328
5.5023181
2.9269614
2.3663334
1.7509401
1.3186063
1.0953643
2.5875751
2.1020556
1.5544536
1.1623259
0.96547065
2.1666488
1.761502
1.3100454
0.98569182
0.82009568
1.831474
1.4897155
1.10849
0.83803812
0.70243847
1.6425697
1.3372717
0.99609058
0.75332609
0.63268213
0.56465265
0.58205004
0.65767356
0.80272535
0.95088128
0.52274171
0.54458273
0.62747897
0.78000521
0.93279856
0.48015929
0.50865969
0.59817775
0.75567027
0.91156776
0.44480649
0.48017843
0.57710173
0.7392334
0.89710466
0.42410505
0.46279547
0.56399427
0.72949704
0.88903301
18.917061
16.395624
13.484712
11.345762
10.276895
15.306173
13.372629
11.136079
9.5187465
8.7405183
11.269811
9.949264
8.4368999
7.3914365
6.9364782
8.3615886
7.453375
6.4348809
5.7835474
5.5560242
6.9312096
6.2053085
5.4113874
4.941637
4.8156096
10.001118
8.0192892
5.7999565
4.197152
3.3671535
9.458999
7.5731732
5.4658399
3.9456403
3.1598471
8.7874981
7.0186223
5.0468511
3.6316246
2.9033811
8.220158
6.5476889
4.6944279
3.3658137
2.6794682
7.8747249
6.268008
4.4744407
3.1834391
2.5250755
0.95014135
0.77262878
0.57759896
0.44315913
0.37902944
0.88021459
0.71477407
0.53446478
0.41134888
0.35303308
0.7914946
0.64191441
0.47960228
0.36924391
0.3173724
0.71519077
0.57694429
0.42631225
0.32466262
0.27803413
0.65880723
0.5260352
0.3841874
0.29112693
0.24949028
0.34245697
0.39287032
0.50572339
0.67844175
0.84122003
0.33112508
0.38275748
0.49667668
0.66900465
0.83067148
0.31317628
0.36573221
0.48076115
0.65352017
0.81429192
0.29524765
0.34783353
0.4607833
0.63058758
0.79009489
0.28003532
0.33417671
0.44725789
0.61252263
0.76605929
76.482558
61.719902
45.742338
35.177316
30.418227
74.637473
60.249842
44.708496
34.462811
29.882558
71.411494
57.673376
42.897675
33.216588
28.925622
67.62389
54.661117
40.772903
31.732349
27.771217
64.775514
52.39843
39.175406
30.612531
26.895812
136.82661
140.73766
130.84768
105.49303
85.384656
136.70247
140.15706
129.19333
103.21357
83.333279
136.36979
138.81709
126.00809
99.172332
79.737773
135.54505
136.57566
121.66712
94.228702
75.484329
134.62734
134.45095
118.01529
90.384036
72.275005
7.9371868
6.378286
4.6970173
3.5692052
3.0479166
7.7803928
6.2337085
4.5757577
3.4604001
2.9313403
7.5270396
6.0257942
4.4034914
3.2995458
2.773327
7.2340685
5.784046
4.2159388
3.1454991
2.6301223
7.0150085
5.6054598
4.0811975
3.0390717
2.5357214
27.765198
21.990029
15.638493
11.156626
8.8929733
27.298644
21.614135
15.374014
10.969023
8.7312123
26.459291
20.951301
14.894494
10.616869
8.4475049
25.441826
20.148561
14.328124
10.213625
8.1227089
24.669165
19.539317
13.89788
9.9085238
7.878731
1.7064223
1.8028227
2.1212057
2.6890118
3.2513793
1.659961
1.7688788
2.0974803
2.6667683
3.2277154
1.6092634
1.7244271
2.0635775
2.6418675
3.2066928
1.5677317
1.690635
2.036632
2.6199674
3.1880554
1.5386733
1.6683544
2.0211384
2.6076922
3.1768397
2.8037973
2.3529392
1.9243991
1.7224877
1.6917741
2.6927796
2.2715003
1.8599508
1.6615268
1.6380852
2.5424319
2.148487
1.7734688
1.5994292
1.5845791
2.408135
2.0393311
1.6912021
1.5391631
1.537467
2.3211364
1.9700469
1.6404818
1.5001182
1.504859
18.594966
24.871099
34.322893
44.139033
51.134362
19.0208
25.303577
34.791525
44.645829
51.645149
20.093814
26.231544
35.600416
45.455789
52.497365
21.946592
27.931451
37.050383
46.686199
53.630233
23.308617
29.277888
38.350245
47.889481
54.749034
93.760396
101.69717
113.48913
125.55278
132.2366
93.936975
101.87054
113.57593
125.4702
131.54871
94.352397
102.32826
113.92297
125.28765
130.11555
94.974084
103.03363
114.50324
124.81489
127.85413
95.466668
103.63439
115.03974
124.15964
125.56159
95.6993
103.92115
115.3051
123.66517
124.09629
96.303012
104.53599
115.81924
122.35294
120.60526
97.386029
105.49335
116.09778
119.16382
113.84409
98.720413
106.42673
115.21459
113.95063
105.14166
99.834322
107.10774
113.60455
108.95719
98.228717
54.769256
61.973899
72.763612
83.879443
91.741733
55.26982
62.462406
73.287926
84.465637
92.359032
56.148834
63.368191
74.209889
85.426272
93.3611
57.252822
64.471501
75.371049
86.647668
94.597456
58.343647
65.479657
76.300454
87.613483
95.615754
63.252522
51.188875
38.323343
30.016704
26.429152
60.172422
48.746313
36.601846
28.806901
25.479289
55.462534
45.006258
33.965124
26.950718
24.018315
50.610533
41.148835
31.240582
25.024689
22.497472
47.270653
38.493193
29.360649
23.690696
21.440041
45.566729
37.142471
28.402483
23.007499
20.898418
42.238876
34.508336
26.539549
21.68427
19.848027
37.481703
30.756447
23.882062
19.7917
18.338434
32.958809
27.19603
21.342853
17.961136
16.866472
30.022594
24.864793
19.673885
16.760171
15.890387
121.11813
110.66927
86.892824
63.050351
50.732104
116.63756
104.53644
80.591709
58.270655
47.026343
108.52123
94.584379
71.282736
51.474184
41.713776
98.733955
83.919159
62.23343
45.051909
36.631294
91.31668
76.520511
56.373631
40.934647
33.329117
6.8991298
5.5146157
4.0125274
2.9831886
2.4870186
6.6627859
5.3242481
3.8726621
2.8770524
2.3952244
6.3028166
5.0362692
3.6623329
2.7197129
2.2633407
5.9302677
4.7409442
3.4497209
2.5627821
2.133254
5.6741818
4.5377864
3.3029794
2.4554329
2.0458076
5.5420383
4.4316519
3.2272737
2.4018291
2.002882
5.282402
4.2273081
3.0823552
2.2966079
1.9169053
4.9102264
3.9324638
2.8703856
2.142809
1.7930058
4.5421015
3.637814
2.6596221
1.9925143
1.6726494
4.2884645
3.4406994
2.5208396
1.8891993
1.5853153
19.36367
15.35334
10.940935
7.8148547
6.2209654
18.432297
14.618993
10.42183
7.4454753
5.9279887
17.089317
13.557889
9.6685286
6.9117321
5.5076366
15.775212
12.518706
8.9362859
6.394346
5.0956574
14.902657
11.838106
8.4497783
6.0360658
4.8079975
1.5248423
1.6557103
2.0121906
2.602245
3.1726884
1.5006845
1.6360903
1.9964031
2.5897927
3.1626216
1.4645037
1.6074163
1.9757452
2.5740189
3.1490222
1.4304382
1.5796823
1.9552454
2.5589092
3.1365916
1.4075924
1.5613586
1.9416926
2.5487752
3.1282818
1.3956903
1.5521303
1.9353451
2.5439735
3.1240402
1.374042
1.5346124
1.9223054
2.5341349
3.1157593
1.3414313
1.5078521
1.9019988
2.5185944
3.1027836
1.3051008
1.4782981
1.8804696
2.5029678
3.0900956
1.2792539
1.4582167
1.8665925
2.4931988
3.0822186
1.8388053
1.5849936
1.3639439
1.301549
1.3456021
1.7616275
1.5234865
1.3202447
1.2707422
1.3212758
1.6511316
1.4362046
1.2582676
1.2260597
1.2850784
1.5434047
1.3492886
1.1934415
1.1771345
1.2448351
1.4632067
1.2818479
1.1423646
1.1399225
1.2155187
24.034592
29.980189
38.990512
48.499648
55.335249
25.162068
31.282579
40.424432
49.923002
56.72798
26.651982
32.891962
42.322885
52.050358
58.911983
28.769366
34.87075
44.257089
54.194707
61.25494
30.723359
36.780204
45.990014
55.751149
62.84406
31.732746
37.840394
47.08037
56.78648
63.76586
33.813845
39.965224
49.285716
59.017426
65.931638
36.978395
43.265873
52.762381
62.639092
69.614054
40.337662
46.801194
56.529579
66.579308
73.597347
42.81083
49.263367
59.255636
69.438268
76.273109
100.3552
107.33842
112.42215
105.97823
94.433401
101.44293
107.53524
109.3194
99.393167
86.664564
102.46642
106.27012
102.58894
88.336654
74.967663
102.02476
102.33205
93.329465
76.608306
63.880494
100.48683
98.069006
85.95294
68.843231
57.370813
99.005987
95.42521
82.544891
66.135618
56.053572
94.812831
88.703041
74.307396
58.978989
50.410255
86.000137
77.224645
62.408623
49.335281
42.622358
74.472705
64.686287
51.23367
40.830438
35.75798
65.696564
56.22752
44.400695
35.776353
31.660704
67.421787
74.903477
85.583993
95.398984
99.227707
69.371447
76.883274
87.546424
95.182672
96.360776
73.186537
80.30977
89.469995
92.532846
89.306041
77.214532
83.513718
89.032312
86.098231
78.959656
79.727957
84.720566
86.203839
79.240706
70.543991
28.574192
23.707467
18.830273
16.154094
15.409569
25.878806
21.591293
17.317594
15.026507
14.470165
22.244525
18.668928
15.171021
13.402462
13.076636
18.984698
15.912705
12.938437
11.557348
11.454465
16.979655
14.23396
11.510129
10.133407
9.9824078
15.970876
13.15485
10.218095
8.3494037
7.4774181
14.215441
11.673873
8.9300104
7.024683
6.0833074
11.956158
9.7020395
7.2462406
5.564157
4.7628692
10.070098
8.1496062
6.0550401
4.6060764
3.8898686
8.9717943
7.2845496
5.4165386
4.0877341
3.4260887
51.062871
41.190681
29.971846
21.837368
17.709934
46.013131
37.033045
26.828662
19.483922
15.780225
39.002359
31.469349
22.840397
16.548576
13.329166
32.818304
26.481076
19.239596
13.961066
11.240924
29.14892
23.509852
17.064798
12.39209
9.9995147
4.1720196
3.3463114
2.4453295
1.8275546
1.5330734
3.9073461
3.1197876
2.2689349
1.6961079
1.4284066
3.4361938
2.7378277
1.9988547
1.5113857
1.2869616
2.9594947
2.3814612
1.7657639
1.3555839
1.1663585
2.7080196
2.1874696
1.627772
1.2553914
1.0860227
2.1931897
1.79053
1.358932
1.0742078
0.94758935
1.9600457
1.6108886
1.2309888
0.98109482
0.87285527
1.554325
1.3101384
1.036872
0.85272019
0.77391505
1.2045153
1.0233061
0.83349981
0.71500254
0.66965084
1.0497999
0.88292252
0.71753529
0.62619945
0.59876676
6.9417002
5.6833156
4.1541469
3.020417
2.4418379
5.6057805
4.6481086
3.5281111
2.6508818
2.1695631
4.3583839
3.550466
2.6630942
2.0313577
1.7003413
3.5430192
2.8797976
2.1276849
1.5877196
1.3173497
3.1130627
2.5308971
1.8841214
1.4061177
1.1552363
1.2670811
1.4488044
1.8599582
2.4883517
3.0782381
1.244572
1.4311662
1.847395
2.4791446
3.0706302
1.2135819
1.4065025
1.8295151
2.4659294
3.059703
1.1834027
1.382359
1.8119777
2.45297
3.0489823
1.1631274
1.366219
1.8002777
2.4442815
3.0417501
1.1342094
1.3438381
1.7848149
2.4334561
3.0331312
1.1152232
1.3286899
1.7737805
2.4252011
3.0262143
1.0899673
1.3083405
1.758794
2.4139062
3.0166973
1.067414
1.2901724
1.7452699
2.4035014
3.00777
1.0525973
1.2784502
1.736633
2.3967941
3.0019282
0.90132698
0.84487835
0.84020957
0.93021448
1.0514089
0.83457792
0.79166733
0.80228294
0.90327146
1.030049
0.74756189
0.72328523
0.75347332
0.86805174
1.0018067
0.65723766
0.65492837
0.70732341
0.83606111
0.97649851
0.59461078
0.6066059
0.67486876
0.81425822
0.95966912
44.403376
50.639096
60.540659
70.918919
77.537354
47.594168
53.755955
63.384248
73.612536
79.392984
52.252659
58.781965
68.060536
75.730233
78.407027
57.371344
63.610442
71.58604
74.412365
72.178358
61.10472
66.565441
71.686214
70.253021
65.206526
62.854962
67.644942
70.648721
67.048996
61.042013
65.195292
67.864648
66.495778
59.20725
52.056165
64.29544
62.768885
55.827385
45.99572
39.153269
56.575464
51.478601
42.32261
33.447623
28.359902
48.283712
42.330652
33.785005
26.623476
22.77759
61.151922
52.118599
41.231854
33.422135
29.736581
52.511713
44.636069
35.54826
29.215263
26.339219
41.220068
35.197345
28.485287
24.009494
22.139905
32.043179
27.628139
22.823949
19.819181
18.756119
26.955332
23.424752
19.674008
17.482698
16.864465
24.659119
21.534661
18.264186
16.438769
16.017504
20.697635
18.264615
15.806365
14.611377
14.535138
16.076506
14.439543
12.91609
12.443646
12.763528
12.557656
11.519131
10.701922
10.771858
11.387245
10.671651
9.9446439
9.4993179
9.8584892
10.630653
57.402747
49.690761
39.208669
30.909295
26.577564
48.296786
41.146337
32.318214
25.669562
22.214282
35.978584
30.494605
24.188988
19.540155
17.113873
26.145625
22.391556
18.075453
14.883698
13.24002
21.08994
18.206173
14.865843
12.411333
11.174084
8.4544295
6.8547517
5.082603
3.8371958
3.222913
7.5306061
6.0965737
4.518489
3.4086598
2.850433
6.3881555
5.1749583
3.8283385
2.871558
2.3898884
5.4587707
4.4187953
3.2638374
2.4409931
2.0228384
4.9324548
3.9894243
2.9426929
2.1960125
1.8153465
4.6936191
3.7974765
2.7980743
2.0830287
1.7196787
4.271604
3.4529694
2.5410441
1.8879089
1.5541773
3.7586633
3.0336119
2.2262612
1.6481064
1.352376
3.3469329
2.6971662
1.9735416
1.4546239
1.1888831
3.1157717
2.5068324
1.8286567
1.3436286
1.0959476
15.167696
12.23138
8.9086459
6.4891474
5.2342817
13.8357
11.151894
8.1190622
5.9118845
4.7659304
12.239684
9.8538064
7.164564
5.2106383
4.1961799
10.995442
8.8356392
6.4091604
4.650873
3.7394744
10.309658
8.2731292
5.9884444
4.3371305
3.4831953
0.99740144
0.83870903
0.67723486
0.5894129
0.56623497
0.88304032
0.75063782
0.61497602
0.54027659
0.52201371
0.75032835
0.64055414
0.53399071
0.48202666
0.47500939
0.64562309
0.55591524
0.47025189
0.43377639
0.43561152
0.58315909
0.5064916
0.43483502
0.40709531
0.41302862
0.55496308
0.48211862
0.41718268
0.39520214
0.40368464
0.50714677
0.44309838
0.38698916
0.37211551
0.38498426
0.44616034
0.39372147
0.35052294
0.34440287
0.36160481
0.39697596
0.35293631
0.31942097
0.32060944
0.34164315
0.36785523
0.32895793
0.30116888
0.30643859
0.32942449
1.5553826
1.2661886
0.94534674
0.71729033
0.60263668
1.4044441
1.1434943
0.85392992
0.64988745
0.54881301
1.220805
0.99396579
0.7430366
0.56724236
0.48113574
1.0718313
0.8723946
0.65307417
0.50071852
0.4267757
0.98748694
0.80380076
0.60181074
0.46187667
0.39461083
1.0449209
1.2724752
1.7322941
2.3934213
2.9989681
1.0289155
1.2599384
1.7233974
2.3867321
2.9931549
1.0092207
1.24307
1.7100938
2.3760727
2.9837078
0.99554524
1.2306167
1.6989749
2.3658724
2.9738929
0.98806126
1.2238773
1.692654
2.3595078
2.9672967
0.98388421
1.2203184
1.6895468
2.3563613
2.9639723
0.97623015
1.2131386
1.6828421
2.3496409
2.9568715
0.9657052
1.2028487
1.6722282
2.3381101
2.9443121
0.95422077
1.1913604
1.6599211
2.323876
2.9282776
0.9458593
1.1820823
1.6494722
2.3120233
2.9145804
0.41559532
0.45545946
0.55780355
0.72426332
0.88448331
0.3988722
0.44192586
0.54737997
0.71563335
0.8765517
0.37742901
0.42372331
0.53287143
0.7036528
0.86568877
0.35908108
0.40799734
0.51975678
0.69180362
0.85410621
0.34763064
0.39766375
0.51070867
0.68378428
0.84613667
43.928916
37.97728
30.028723
23.731868
20.404365
35.340521
30.09513
23.760766
18.990009
16.449332
24.560332
21.002642
16.902277
13.773855
12.04474
17.224522
14.952602
12.231522
10.08871
8.8945192
14.101773
12.282611
10.076363
8.3346181
7.3641
12.511913
10.928402
9.023322
7.4748382
6.6007646
10.231855
8.9149848
7.2972113
6.0326721
5.3489223
7.1488927
6.0893167
4.9342109
4.1030464
3.6621559
5.5592704
4.7928735
3.8576147
3.1683721
2.8408179
2.0861564
1.9649223
1.7719433
1.6857075
1.529892
9.8515851
9.2558602
8.967237
9.4493642
10.290704
8.4452159
8.0747107
8.0540206
8.7423046
9.695791
6.7870915
6.6699301
6.9545448
7.8812896
8.962249
5.5122065
5.5795547
6.082695
7.1750607
8.3472681
4.8175185
4.9735889
5.5960392
6.7746242
7.9773927
4.504678
4.6884152
5.3380319
6.5580476
7.7927011
3.961418
4.2229361
4.9410627
6.1806282
7.4254916
3.0976497
3.4309501
4.2503887
5.5522254
6.7928681
2.397901
2.6601225
3.3639902
4.6036681
5.8454898
1.8137239
2.0912283
2.6796173
3.6317885
4.6672153
6.214817
5.5735738
4.9051352
4.5446347
4.4784331
5.0536744
4.5630776
4.0710192
3.8619568
3.889774
3.4709037
3.1843933
2.9300534
2.8827133
2.9911727
2.7145296
2.4837142
2.270399
2.2274432
2.3108545
1.4028037
1.3793611
1.4248805
1.5633337
1.7172556
3.0094822
2.4177123
1.7618424
1.2942022
1.055032
2.8223254
2.2651662
1.6471645
1.2051547
0.97878035
2.590886
2.0737552
1.4993389
1.0898207
0.88141042
2.3846287
1.8996024
1.3669422
0.99029458
0.79823038
2.2475604
1.7922515
1.2886547
0.92627833
0.73925464
2.1942701
1.7457321
1.243444
0.88305746
0.70011533
2.0461237
1.6050272
1.1217396
0.78691452
0.62190638
1.7175244
1.3307374
0.92463959
0.65245269
0.51928135
1.3764876
1.0829771
0.76887103
0.55023804
0.4395798
1.2158805
0.959898
0.67891934
0.48194513
0.3831758
7.7009666
6.1053977
4.3369852
3.0935705
2.4645587
7.3512858
5.8144374
4.13156
2.9338083
2.3135793
6.7410444
5.297087
3.687363
2.5370957
1.9583238
5.8082226
4.4186839
2.9540403
2.0060348
1.5610106
4.6447755
3.5253398
2.4504269
1.7365281
1.3698457
0.35367835
0.31742866
0.29271826
0.29999996
0.32388768
0.33008173
0.29743081
0.27647659
0.28646895
0.31187736
0.29721486
0.26916627
0.25319106
0.26646459
0.29333965
0.26043657
0.23717021
0.2275581
0.24580555
0.27481212
0.23401378
0.21403395
0.20761231
0.22815943
0.25877377
0.22230666
0.2035931
0.19745322
0.2170793
0.24692442
0.20167047
0.18506118
0.17937526
0.19651828
0.22312559
0.17376339
0.15986559
0.15528072
0.16961222
0.19144122
0.14609573
0.13475893
0.13189114
0.14530587
0.16457186
0.12680434
0.11721416
0.11519268
0.12761013
0.14522276
0.62241227
0.49571944
0.36227204
0.27554889
0.23675951
0.55271471
0.44110972
0.32435881
0.24851993
0.21441594
0.46337906
0.37271744
0.27657218
0.21317741
0.18447413
0.39259613
0.31560905
0.23338142
0.17926075
0.15503241
0.34145875
0.2737372
0.20206521
0.15527193
0.13444173
0.94135811
1.1776562
1.643747
2.3046246
2.9065204
0.93027379
1.1659735
1.6308184
2.2887402
2.8877732
0.91277774
1.1455467
1.6057877
2.2585015
2.8522344
0.88831056
1.1194912
1.5730843
2.2153297
2.8020684
0.86082025
1.0888188
1.5421765
2.1793817
2.7554526
0.85230675
1.0718728
1.5126518
2.1487098
2.7275444
0.81826879
1.0401072
1.4724085
2.0865108
2.652531
0.70688779
0.9195085
1.3458422
1.9462297
2.4872252
0.5659686
0.72876275
1.0811376
1.632532
2.1583063
0.50438258
0.63902677
0.90274634
1.3046794
1.7298254
0.26793747
0.32215953
0.43728347
0.60539728
0.75891152
0.24214911
0.29199489
0.40164519
0.5679925
0.72329046
0.20694157
0.24751489
0.33775066
0.48004799
0.61928864
0.17790613
0.21206702
0.28468212
0.39419421
0.49914175
0.15745693
0.18879056
0.25581389
0.35562992
0.44833005
39.487395
43.557823
50.460099
59.26553
66.950921
43.658298
48.263575
55.945149
65.379408
73.345717
49.685291
54.818362
63.474561
74.072142
82.775016
55.581569
61.223111
70.575338
81.994185
91.566818
59.396237
65.488133
75.440621
87.182156
96.992094
135.28446
103.71388
30.160648
9.5097722
7.2429614
135.01947
101.31189
30.21877
9.7013074
7.6870366
132.17809
95.018875
29.166267
9.9613979
8.2146644
126.10573
86.290426
27.160064
10.235646
8.6229401
120.09411
79.414779
25.492517
10.437124
8.8516189
2.6109619
2.2485603
1.8394418
1.5356794
1.3735348
2.5908138
2.2005966
1.7616991
1.4370151
1.2644667
2.581604
2.1556776
1.6814712
1.3321555
1.1479239
2.5822148
2.1274348
1.6277233
1.2593212
1.0662059
2.5826885
2.112644
1.5999297
1.2212578
1.0233828
0.34336099
0.27644987
0.20159251
0.14676222
0.11784488
0.32136301
0.2583701
0.18784387
0.13665819
0.10994943
0.29659314
0.2381289
0.17271545
0.12521263
0.10046767
0.27837168
0.22323919
0.16155736
0.11686082
0.093616407
0.26867915
0.21515258
0.15550492
0.11249125
0.090171837
80.640883
89.374565
102.87654
117.72626
129.50898
83.956344
92.653698
107.00076
122.66686
134.30533
89.845141
98.107604
112.79583
129.8109
140.31177
95.692614
104.39817
118.71854
135.52687
143.59871
98.79496
108.64021
123.14835
137.87079
142.86171
66.894095
40.197553
17.809648
11.733039
10.025028
58.589025
35.878376
17.382287
12.076972
10.397276
48.556434
31.203381
17.219962
12.79552
11.204984
41.338714
28.366861
17.759361
14.088375
12.638597
38.078394
27.503912
18.767866
15.56439
14.223949
2.5660221
2.0694435
1.5205294
1.1149695
0.90330959
2.5892393
2.0853508
1.524417
1.1168796
0.9083102
2.6718099
2.1528616
1.5823402
1.1682445
0.95090858
2.8633351
2.3232708
1.7063198
1.2382411
0.98910174
3.0955188
2.476093
1.758073
1.2410021
0.98174225
0.24790633
0.19985221
0.14526268
0.10510332
0.084044549
0.25197621
0.20189917
0.14546274
0.10453807
0.08336409
0.25211326
0.20049568
0.14347277
0.10290936
0.082144476
0.24737377
0.19674552
0.14120296
0.10180214
0.081603896
0.24548241
0.19556696
0.14069472
0.10174266
0.081787525
121.48198
125.77051
121.20312
101.15257
82.419496
121.95338
122.44176
111.28411
87.946727
69.857861
117.42481
111.21892
93.154952
69.254602
54.005697
105.88385
94.473433
74.061788
53.277756
41.53199
94.700738
81.649555
62.089707
44.448159
34.814025
15.266303
11.607549
8.2646219
6.5560519
5.7569155
13.166723
10.043904
7.1853844
5.6677654
4.9521446
10.59118
8.1387433
5.8575722
4.5890261
3.9824954
8.5182023
6.6010634
4.7809574
3.7286862
3.2178354
7.3475989
5.7257765
4.1673712
3.246572
2.7959974
1.4298136
1.154828
0.85230146
0.63486542
0.52051539
1.2656979
1.0281817
0.76141256
0.5674045
0.46723583
1.0634278
0.86961237
0.65277239
0.49385372
0.41049248
0.9059226
0.74780453
0.57038985
0.44091221
0.37319046
0.82220041
0.6851488
0.53055325
0.41703951
0.357808
0.17014791
0.14456916
0.11489299
0.092111987
0.079569817
0.16088797
0.13795467
0.11199487
0.092486952
0.08175154
0.15766478
0.13812791
0.11569162
0.09874249
0.089423924
0.1639707
0.14771791
0.12865777
0.11369844
0.10514254
0.17463611
0.16008499
0.14299852
0.12936035
0.12131971
34.622484
28.663302
21.602694
16.010789
12.942567
29.107714
24.22332
18.430361
13.845369
11.328055
22.996364
19.349695
15.020834
11.594387
9.7079963
18.850598
16.134647
12.898469
10.328496
8.9067385
17.005126
14.783268
12.125109
10.002269
8.8171906
3.3956796
2.7812076
2.1492798
1.7350182
1.5244074
3.1336806
2.6011873
2.0476812
1.6796498
1.4910319
2.9299866
2.4867626
2.0183068
1.6993479
1.5341191
2.9423505
2.5567168
2.1404002
1.8520997
1.7029177
3.0834254
2.7177173
2.3243736
2.0505172
1.905366
0.72215693
0.66158061
0.59265007
0.54120026
0.51362101
0.78558117
0.73181757
0.67018403
0.62389673
0.598989
0.93568997
0.88890202
0.8352496
0.79501851
0.77333125
1.1713567
1.1296248
1.0816781
1.0451713
1.0250303
1.3976483
1.3582449
1.3117689
1.2752492
1.2546564
0.42084662
0.41128831
0.39802083
0.38478475
0.37529984
0.51314342
0.50371527
0.49010982
0.47562851
0.46467872
0.69353734
0.68344775
0.66839623
0.65175511
0.63857641
0.945979
0.93463844
0.91666339
0.89601655
0.87974915
1.1724412
1.1606763
1.1411605
1.1168116
1.0964268
3.8889335
3.2038058
2.4819752
2.0280641
1.8058026
4.3995771
3.6301683
2.7759246
2.2210653
1.9291592
5.1298476
4.2337819
3.194138
2.4975143
2.1220953
5.8206977
4.7945408
3.5873434
2.7652868
2.3168411
6.2537536
5.1435438
3.8370868
2.9399226
2.4460019
110.70514
73.106487
19.494267
6.8837774
4.1993474
120.36308
85.2079
22.285086
7.7161934
4.7606605
128.92457
97.641574
25.980641
8.5904977
5.612212
133.41564
103.52782
28.742635
9.1459036
6.4589583
134.94876
104.21309
29.86829
9.4027973
6.9955152
2.7629062
2.6829145
2.5604602
2.4143623
2.2914595
2.331264
2.240831
2.1106582
1.971066
1.8634925
1.8609165
1.7575875
1.6202344
1.4878131
1.3927069
1.5330829
1.4194661
1.2763303
1.147485
1.0610098
1.3704916
1.2495835
1.1011846
0.97397579
0.89241907
3.3339245
3.1974194
3.0350008
2.891959
2.8053638
3.0683762
2.8758153
2.6582424
2.4819308
2.380243
2.8184874
2.5604031
2.2684344
2.0431714
1.9189352
2.6818913
2.368328
2.0132365
1.7444608
1.5989624
2.6302519
2.2828623
1.8904696
1.5977228
1.440887
0.19182369
0.15414169
0.11184036
0.081606765
0.065776704
0.16651305
0.13521909
0.098632315
0.070790383
0.055787109
0.13947615
0.1124744
0.082030935
0.059171791
0.046588306
0.12082333
0.097181012
0.070156944
0.05015446
0.039452438
0.11011781
0.088949976
0.064398797
0.045723249
0.035637252
0.59930175
0.48121161
0.35327764
0.26277413
0.21412268
0.52812471
0.42655403
0.31141785
0.22784131
0.18496267
0.4461969
0.36017566
0.26396543
0.19319633
0.15575135
0.38747055
0.31218163
0.22784832
0.16672107
0.13478929
0.35711872
0.28774841
0.20951347
0.15234194
0.122755
33.301585
38.804468
46.130182
53.109161
58.362546
34.447315
39.964657
48.422617
56.63262
62.2791
37.478926
42.707037
51.313111
60.860417
67.599455
40.947941
46.514015
54.906232
64.614672
72.178299
43.011284
49.222446
58.019285
67.398644
74.979678
71.895067
81.089774
100.21906
127.28901
137.5238
78.407344
88.071766
107.45216
133.76309
140.86287
87.974511
98.535122
117.80907
141.26819
143.10211
96.960694
109.03181
128.13644
145.93182
141.24692
102.40763
115.6603
134.98793
147.40943
137.26989
105.09998
118.72024
138.16249
147.54869
134.38
110.4611
124.41333
143.49684
146.34939
127.28795
119.00791
132.34827
148.68825
140.5605
113.95359
128.01716
139.98008
149.86564
129.73828
98.368629
133.72582
144.4211
147.84632
119.89736
87.178292
61.333677
67.589025
77.847491
89.854873
99.752668
65.315954
71.820686
82.666638
95.241317
105.2816
71.021943
78.00704
89.579725
103.16629
113.71691
76.126901
83.88349
96.120711
110.50451
121.95514
79.201094
87.660365
100.60329
115.25062
127.03355
6.4554935
5.3059047
3.9550216
3.0235415
2.5088172
6.827358
5.6060342
4.1770211
3.1861299
2.6327376
7.2855152
5.9850824
4.4703498
3.4123449
2.8102212
7.6536429
6.304664
4.7361012
3.6305227
2.9914952
7.8648748
6.5005639
4.9119264
3.7823473
3.1266468
7.9594602
6.5941942
5.0012152
3.8614769
3.2005641
8.1426986
6.7820995
5.1886189
4.0311524
3.3658
8.4033739
7.0704298
5.494814
4.3264404
3.6683576
8.7088222
7.4237955
5.8871856
4.7263693
4.0765912
8.9887599
7.7404002
6.2415904
5.0951278
4.4427704
116.46088
75.724503
24.606419
10.537622
8.9534116
108.47454
68.390358
22.911497
10.751455
9.1418149
95.129488
57.893803
20.702277
11.056312
9.3905673
80.96613
48.388627
18.988562
11.358508
9.6495384
71.495432
42.759195
18.147007
11.590859
9.8736837
1.3009861
1.177027
1.0264061
0.89975875
0.81991296
1.1882443
1.0591884
0.9052785
0.77907013
0.70205481
1.0673347
0.93116424
0.7719344
0.64612762
0.57246239
0.9822515
0.84060863
0.67733464
0.55173916
0.48052707
0.93760041
0.79352277
0.62901896
0.50376517
0.43362027
0.91803047
0.77335716
0.60781621
0.48241274
0.41292507
0.8864918
0.73974549
0.57294057
0.44819401
0.38004709
0.85006437
0.70199995
0.53499122
0.41111563
0.34411487
0.82665455
0.67803771
0.50973866
0.38547177
0.31930053
0.8187962
0.66724841
0.49744278
0.37438002
0.3097029
2.5801659
2.1042295
1.5856289
1.2030419
1.0041528
2.5747365
2.0908522
1.5632413
1.1754067
0.97390594
2.5629807
2.0761367
1.5380544
1.1440423
0.93881937
2.5589701
2.0680957
1.520617
1.1218054
0.91573632
2.5639443
2.0644057
1.5150878
1.1170691
0.90991411
0.10525291
0.084559721
0.061416552
0.044004219
0.034379786
0.098316744
0.078796142
0.056675418
0.040370606
0.03163197
0.089757485
0.071930853
0.051700475
0.036652131
0.028574449
0.083561096
0.066815351
0.047962342
0.034028328
0.026531714
0.080520884
0.064363507
0.046044231
0.032563565
0.025400131
0.078990141
0.063127179
0.045180722
0.031912676
0.024848197
0.076631772
0.061200071
0.043885315
0.031161166
0.024354936
0.074752774
0.059920682
0.043159856
0.030735827
0.024058465
0.074855505
0.060053522
0.043189977
0.030635711
0.023902195
0.075232149
0.060075496
0.042955179
0.030376877
0.023694638
0.26390122
0.2114099
0.15292238
0.11059573
0.088548161
0.25711045
0.20601939
0.14886763
0.10745558
0.085932876
0.24946868
0.19973901
0.14428633
0.10434444
0.083674292
0.2447073
0.19648118
0.14283826
0.10400563
0.083689526
0.24553692
0.19815323
0.14459667
0.10512457
0.084288941
43.971637
50.381672
59.657648
69.073737
76.419566
46.193184
52.625706
62.590364
72.766404
79.951706
50.005959
56.333848
66.465359
77.734072
85.727863
53.575991
60.544662
70.769113
81.99715
90.854469
55.671695
63.21054
74.200661
85.434894
93.79655
56.861374
64.535967
75.809861
87.410635
95.784334
59.529418
67.205948
79.013067
91.204057
99.796002
64.567481
72.04102
83.919832
96.709716
105.90751
70.1816
77.728632
89.534709
102.42884
111.72632
74.210519
81.895181
93.662933
106.65359
115.4255
136.34704
146.1121
145.68946
114.30805
81.501092
141.01336
148.13036
139.39286
102.66217
70.813795
145.05914
146.45781
125.71494
84.9968
56.83197
144.34326
138.08765
108.32631
68.357106
45.447636
140.37008
128.63644
95.348499
58.323783
39.255155
137.09599
122.90816
88.670989
53.626108
36.335815
128.67274
110.34757
75.936244
45.245204
31.047416
112.00615
90.619496
59.316399
35.447989
24.831312
92.650372
71.851717
45.946739
28.05263
19.99442
79.40153
60.569166
38.708926
24.013454
17.288773
100.43173
110.44398
125.25213
138.56159
141.05671
103.95829
114.37118
128.88127
137.98909
135.13611
110.32257
120.10757
131.92015
131.91914
120.90546
116.73727
124.94402
130.18118
119.20247
102.57199
120.1672
126.26035
125.2065
107.58414
89.141312
9.1750263
7.9374589
6.4482862
5.3106545
4.6634007
9.6136052
8.4126506
6.967881
5.8454474
5.1982992
10.505407
9.3735834
8.0177142
6.9396423
6.2914072
12.010607
10.947589
9.6437568
8.5745924
7.9193128
13.638953
12.628518
11.339222
10.202076
9.4768166
13.460749
12.484189
11.2347
10.126566
9.4158488
11.144421
10.246648
9.1371213
8.2083328
7.6267285
8.6599359
7.8766651
6.9346502
6.1561588
5.6675598
6.8605025
6.1724708
5.3443358
4.6697771
4.2620711
5.8602238
5.2351595
4.4878826
3.8898647
3.5311028
35.863855
26.288658
18.328173
15.31297
14.02423
30.347979
22.397875
15.60917
12.866422
11.667078
24.002526
17.922964
12.573617
10.194022
9.1281383
19.162818
14.44164
10.218321
8.1979706
7.2736327
16.469967
12.493263
8.8709655
7.0710384
6.2337903
0.81181064
0.66138191
0.4944172
0.37290987
0.30819725
0.81824613
0.66903835
0.50016065
0.37438192
0.30671289
0.8550613
0.69395611
0.50934198
0.37270491
0.30078792
0.8812621
0.70204118
0.5035722
0.36256368
0.29050378
0.87090719
0.6910635
0.49489634
0.35637166
0.28546811
0.85404896
0.67750375
0.48503235
0.34920594
0.27973056
0.800489
0.63708333
0.45633088
0.32827158
0.26308424
0.68219929
0.55481515
0.40799514
0.29902386
0.24182417
0.55660321
0.45809222
0.34609341
0.26204653
0.21665577
0.49227409
0.40333366
0.30542235
0.23469869
0.19720116
3.0403798
2.4316498
1.7259274
1.2176643
0.96299909
2.5963969
2.1093455
1.5512497
1.1259239
0.89883353
2.1002046
1.695542
1.250577
0.92798708
0.75762781
1.7282672
1.3964437
1.0238266
0.75391788
0.61588144
1.5216969
1.2329721
0.91161034
0.67265397
0.5464301
0.074907035
0.059731635
0.042674619
0.030194209
0.023579705
0.074238611
0.059163275
0.042328921
0.030048834
0.023531115
0.073238327
0.058547543
0.042154941
0.030166275
0.023767424
0.072939285
0.058608769
0.042567552
0.030773743
0.024436387
0.073233659
0.059081774
0.043226231
0.03152372
0.025196397
0.072770684
0.058895566
0.043323072
0.0317893
0.025523514
0.071118569
0.058070372
0.043330338
0.032292822
0.026214646
0.069993319
0.058028042
0.044384534
0.033967097
0.028083381
0.070915617
0.059940329
0.047206193
0.037211253
0.031385146
0.072733784
0.062541587
0.050431297
0.040632168
0.034752116
0.24145163
0.1925857
0.13886659
0.10072311
0.081171597
0.22852378
0.18289387
0.13282976
0.097269251
0.078990431
0.21238578
0.17147699
0.12619003
0.093847854
0.077186225
0.19333196
0.15950877
0.12087866
0.092413491
0.077445288
0.17804168
0.14989842
0.11710125
0.092177874
0.078701897
76.045222
84.114841
95.832299
108.6757
117.35958
79.392192
87.831142
100.42021
112.76769
119.75549
84.947268
93.414657
106.05413
116.33489
118.78837
91.356852
99.46043
109.51321
113.65549
110.07323
95.452394
102.93762
109.72523
107.48357
100.10107
97.526482
103.94252
108.47688
103.25983
94.329366
100.00979
104.13356
103.49958
93.095846
82.119778
99.545339
98.606192
90.614593
75.922165
64.626181
92.299453
86.62567
74.222185
59.272035
49.695695
83.667679
75.971739
62.848907
49.483242
41.51359
73.003641
55.405048
35.491989
22.184629
16.041064
61.446258
46.494472
30.026706
19.036788
13.871999
47.403082
36.009167
23.579109
15.229073
11.245212
36.553721
27.961847
18.566028
12.205195
9.1405848
30.675197
23.572969
15.802232
10.516137
7.9514002
28.032502
21.612399
14.566345
9.7553051
7.4139334
23.568472
18.276514
12.446811
8.4481049
6.4906643
18.395636
14.399692
9.9811547
6.9274802
5.4180941
14.522306
11.509018
8.1626455
5.8270232
4.6583754
12.493364
10.010983
7.2434545
5.2962083
4.3111282
88.527853
75.253141
56.606728
40.540819
31.808186
76.032273
63.400537
47.187159
33.917109
26.691852
59.12598
48.73244
36.213474
26.22061
20.741632
45.347793
37.393602
27.934165
20.411408
16.28424
37.923762
31.344962
23.525421
17.335658
13.944983
5.402286
4.815063
4.1184075
3.5556996
3.2148482
4.6334388
4.1041875
3.4777034
2.9778054
2.6815994
3.7126632
3.2635058
2.7350175
2.31811
2.073782
2.9917354
2.6154666
2.1749391
1.8291221
1.6284428
2.596619
2.2638439
1.8750896
1.5719356
1.3974391
2.420293
2.1084699
1.7443182
1.4609887
1.2981999
2.1218154
1.8481073
1.5290353
1.2808728
1.1389113
1.7866544
1.5602966
1.2967395
1.0926728
0.97673733
1.5595699
1.3720236
1.1538151
0.98540663
0.89030229
1.4625503
1.2969996
1.1048502
0.95634568
0.87244849
6.8159337
5.3272398
3.888114
3.0289862
2.6071213
5.8976978
4.6389878
3.4077832
2.6573165
2.2860088
4.807829
3.8219535
2.841639
2.2285295
1.9221176
3.9887669
3.2120508
2.427153
1.9249324
1.6715119
3.5697038
2.9054308
2.2269759
1.7857903
1.5615431
0.46973088
0.38502525
0.29035826
0.22264677
0.18768736
0.42392507
0.35154017
0.26910332
0.20834631
0.17649
0.37425061
0.31415834
0.24661426
0.19694016
0.17053559
0.34361258
0.29400952
0.23769685
0.19631729
0.17446204
0.33220229
0.28939791
0.24029437
0.20354328
0.18393101
0.32968006
0.28939996
0.24391842
0.20993362
0.19151802
0.33353619
0.29808066
0.25761363
0.22748011
0.21125277
0.35791502
0.3286992
0.29506881
0.26957964
0.25562044
0.41034008
0.38590114
0.3575726
0.33574012
0.32349555
0.46597552
0.44418562
0.41858151
0.39854611
0.38710135
0.78596136
0.65848764
0.51514379
0.40963927
0.35399
0.73017658
0.619427
0.49458527
0.40289543
0.35465448
0.68243405
0.59232427
0.49038336
0.41510448
0.37532715
0.67747193
0.60371807
0.5199101
0.45778736
0.42482533
0.70112211
0.63622044
0.56251413
0.507871
0.47879619
0.073942418
0.064242981
0.052506325
0.042800958
0.03687054
0.07687556
0.068323936
0.057554222
0.048127469
0.042073392
0.085178938
0.077652466
0.067840463
0.058657782
0.052338148
0.10115975
0.093927703
0.084111157
0.074383469
0.067332463
0.11746552
0.11025351
0.10001752
0.089412797
0.081482191
0.12747931
0.1203382
0.1099036
0.098742091
0.090254515
0.15168893
0.14432625
0.13320265
0.12077855
0.11101216
0.20027914
0.1921888
0.17928251
0.16413989
0.15185087
0.2692661
0.26000583
0.24448266
0.22540009
0.20955292
0.3320776
0.3214565
0.30343362
0.28097117
0.26193274
0.18270453
0.16876449
0.15229491
0.13908597
0.13125564
0.20351254
0.19103291
0.17588083
0.16326492
0.15550886
0.24898821
0.23801238
0.2242601
0.21216687
0.20430697
0.31763085
0.3076172
0.29453355
0.28223651
0.27374024
0.38157298
0.3718766
0.35888046
0.34626123
0.33711184
78.60508
70.368211
57.477602
45.151294
37.909283
68.001998
59.719396
48.128927
37.818421
31.827382
53.394385
46.378268
37.30142
29.539525
25.026514
41.620263
36.317563
29.518265
23.730791
20.365949
35.688981
31.349265
25.745279
21.001453
18.246455
33.160469
29.261044
24.224264
19.958542
17.473696
29.376855
26.219004
22.095349
18.600924
16.554309
26.277737
23.912659
20.737969
18.070073
16.493554
25.97796
24.15095
21.587162
19.4565
18.221332
27.296925
25.748485
23.504707
21.674042
20.597476
11.628717
9.3799223
6.8665236
5.0897158
4.1857076
10.245976
8.3922393
6.3081473
4.8177028
4.0481196
8.8924912
7.4910998
5.8973039
4.7318642
4.1120779
8.2876849
7.218778
5.9808951
5.0447403
4.5273586
8.297767
7.3973869
6.3428739
5.5218274
5.0475207
8.442937
7.6104671
6.6237261
5.8499466
5.398147
9.0139872
8.304969
7.4404962
6.7258528
6.2903141
10.586726
9.9995193
9.2601538
8.6061905
8.1697873
13.403464
12.865249
12.142112
11.466148
11.002536
16.352072
15.838973
15.088287
14.295047
13.72238
16.346869
14.337893
11.92789
9.999852
8.9197834
15.61937
13.954707
11.943028
10.326837
9.4179026
15.771299
14.492452
12.925864
11.650147
10.91747
17.627639
16.620123
15.365626
14.318802
13.696906
20.094422
19.215237
18.11603
17.186793
16.622971
1.4315792
1.2759344
1.094432
0.95430002
0.87559808
1.4076255
1.2674007
1.1044247
0.97946407
0.90971788
1.4612304
1.3390313
1.1975301
1.0889073
1.0282081
1.6373449
1.5263963
1.3965311
1.2967693
1.2417473
1.840039
1.7295958
1.60271
1.5080495
1.4567216
1.9659408
1.8580314
1.7359644
1.6441809
1.5933117
2.2992697
2.1934525
2.0698524
1.9735167
1.9194059
2.995255
2.8723317
2.7268489
2.6154606
2.555246
3.9768276
3.8254048
3.6558599
3.5338731
3.4706778
4.8653875
4.7063839
4.531754
4.4068661
4.3419235
3.199601
2.8461827
2.4599742
2.1800262
2.0308829
3.53625
3.1820457
2.7874691
2.5067841
2.3621636
4.3063202
3.9320399
3.5214617
3.2259286
3.0669017
5.5537184
5.1384136
4.6520307
4.2737102
4.0670268
6.8073926
6.2773479
5.6463724
5.1913947
4.9632564
0.50141055
0.48072747
0.45639412
0.43723448
0.42620299
0.58793468
0.56909385
0.54675058
0.52884912
0.51831602
0.76365636
0.74699758
0.72665376
0.70950398
0.69887192
1.015908
0.99995696
0.98006351
0.96280294
0.95169639
1.2452564
1.2286759
1.2078703
1.1898414
1.1783399
1.3836043
1.3668069
1.3454515
1.326511
1.3142441
1.7099329
1.6929276
1.670797
1.6501235
1.6359508
2.3467542
2.3296465
2.3068234
2.284322
2.2678544
3.2638868
3.2462931
3.2225604
3.1987338
3.1809135
4.1310116
4.1126716
4.0877686
4.0625554
4.0436181
1.538282
1.4984164
1.4510807
1.4139544
1.3931197
1.8697382
1.8276876
1.7784272
1.7405318
1.7195194
2.510779
2.4661688
2.4154039
2.3772881
2.3563249
3.4303812
3.3848965
3.333538
3.2949902
3.2736616
4.3033243
4.2564073
4.2032626
4.1633054
4.1411715
0.37012993
0.35891695
0.3392361
0.31448289
0.29370799
0.45864854
0.44569093
0.42275684
0.39318799
0.36801252
0.63102971
0.61439861
0.58467355
0.54619958
0.51297932
0.87054409
0.84987099
0.8113056
0.76013835
0.71632739
1.0847148
1.059779
1.015244
0.95470916
0.90048385
1.2169542
1.1876127
1.1352419
1.0694121
1.0122494
1.5223418
1.4903356
1.4286415
1.3455042
1.2745962
2.1094146
2.0665826
1.988936
1.8837787
1.7894228
2.9760804
2.9104173
2.7926721
2.6472856
2.527111
3.8228246
3.7468205
3.5948391
3.3864403
3.2163226
1.3079651
1.2955552
1.2756168
1.2510251
1.229695
1.628488
1.6132961
1.5887967
1.5599222
1.5362073
2.2587812
2.2393294
2.2054489
2.163394
2.1290422
3.170912
3.1489185
3.1083369
3.0533881
3.0048017
4.0330053
4.0096467
3.9667559
3.9082971
3.8554009
