FiniteElementSpace
FiniteElementCollection: L2_2D_P4
VDim: 1
Ordering: 0

-0.053648439
-0.18282361
-0.16219178
-0.045573133
-0.33399239
0.20484135
0.69280546
0.50927462
0.2124339
-0.11307453
-0.16095603
0.061309209
0.27553023
-0.14977687
0.29623311
-0.86810449
-1.0835313
-0.12809326
-0.47086141
0.32756507
-0.48299155
-1.8676935
-0.13246322
-0.43569948
0.1256478
1.0415736
1.185268
0.48681566
0.54791269
2.4101313
1.0372204
0.96426569
0.4027999
0.6470564
2.5465551
1.0027586
0.68006191
0.32072144
0.76455936
2.3397373
0.87418943
0.46566816
0.32354952
0.86753456
2.0969748
0.9016561
0.32046575
0.35871691
0.9125783
1.6182411
45.771189
39.262451
32.09717
26.319406
22.45417
46.018624
39.339321
31.249537
23.991085
19.533921
46.243783
37.714583
27.512447
20.18104
16.484212
47.115346
36.686977
27.591611
21.269971
17.38829
49.307117
41.939109
32.127645
23.451836
18.689939
0.39637626
0.85580249
0.12452853
0.31821857
-0.15158806
1.0133095
2.6305199
0.3161428
0.95797293
-0.24147904
-0.06472928
-0.24313688
0.065312659
0.10840648
0.062919554
-0.77553626
-1.7286468
-0.10861904
-0.86632254
0.20317102
-0.19370843
-0.47513558
-0.049933437
-0.35341614
0.16222594
-0.088207628
0.13668952
0.074480351
-0.11371085
0.084170795
-0.11895746
0.078879868
-0.11660216
-0.30491917
-0.15911078
-0.4586969
-0.095195226
-0.29831597
-0.4276676
-0.37092009
-0.77430122
-0.32774872
-0.36008829
-0.42621605
-0.77253623
-0.8721936
-0.52515626
-0.3182103
-0.41493814
-1.0528209
24.785715
18.791197
20.855154
20.594639
20.996816
13.019921
19.778741
17.987261
20.324829
20.272402
-7.1979802
11.630598
15.333317
15.299339
16.638885
-19.634724
-6.0218046
7.7046365
10.688768
10.535636
-22.439375
-16.100544
-3.1820822
5.6708293
7.1703756
0.21730939
0.68074479
0.18927783
0.14699513
0.21338606
0.66780763
0.78798706
0.0090803973
0.13545791
-0.0082641744
0.381685
0.019772401
-0.093153334
0.24458122
0.19174278
0.053576432
-0.00023273423
-0.15106883
0.060282606
0.40960829
0.33289168
0.25499046
-0.0021998256
0.048910769
0.29025894
-0.92511399
-1.0198036
-0.41840081
-0.65917514
-2.3003029
-1.0006242
-0.98651554
-0.39546401
-0.81277605
-2.4498967
-1.2412348
-0.89982575
-0.37893705
-1.0530362
-2.5120953
-1.4097606
-0.89313321
-0.36667678
-1.1194737
-2.6083085
-1.4880676
-0.95570893
-0.3235422
-0.92028658
-2.4085398
-25.093145
-19.204898
-12.456564
-7.566373
-4.8330444
-23.482682
-17.862991
-11.422508
-6.337908
-3.3736938
-22.321093
-17.09139
-11.296926
-6.5742283
-3.7484558
-22.285729
-17.199616
-11.288299
-6.5757542
-3.8641734
-22.488059
-17.24797
-10.524372
-5.8797523
-3.3472582
7.4440655
8.4940336
9.3765977
9.6333284
9.5859256
7.7415171
8.8338744
10.033237
10.677903
10.811869
7.2831012
8.4369509
9.8072338
10.800789
11.246682
6.2436332
7.3622683
8.7410883
9.8222959
10.35929
5.7266086
6.6990184
7.8695306
8.8278504
9.3808311
0.63554601
0.31348924
-0.023225207
0.55901212
1.3744468
0.59753227
0.55618784
-0.10270169
0.83224969
2.155337
0.83481481
0.24322738
0.053691364
1.124661
1.9567965
0.71940759
0.25232596
0.0096512859
1.4351382
2.5931388
0.42134925
0.61124246
-0.17597071
1.2582287
3.1477252
-1.1533729
-0.50287341
0.39378671
0.37557689
-1.0680559
-0.83604694
-0.15290945
0.61790765
0.62528326
-0.70693666
-0.15329249
0.4811653
1.0395715
0.90119136
-0.31577042
0.74482759
1.1399515
1.5524965
1.2518249
0.19629414
1.297455
1.6128842
1.9731142
1.5691087
0.57039894
-16.781998
-14.122091
-10.479947
-6.8543207
-4.4999282
-18.267237
-15.725096
-12.144275
-8.7462934
-6.5362746
-20.338283
-17.909998
-14.631079
-11.547318
-9.5113088
-22.270229
-20.093146
-17.196218
-14.114768
-11.938057
-24.155716
-22.119168
-18.872747
-15.283148
-12.798603
6.0446828
7.7362903
9.5692929
10.063201
9.8242345
5.17738
6.7062056
8.8860312
10.38229
10.729098
3.0764183
4.8268796
7.0511188
9.0973765
10.280929
0.75979624
2.6915745
5.1640432
7.3632671
8.7549397
-0.28247637
1.4502114
3.9506461
6.3600705
7.7977395
0.42102264
0.38968457
0.15695077
1.2757153
3.0729725
0.65832856
0.46698
0.17240697
0.78427485
2.2355354
0.58212248
0.84812854
-0.24700137
-0.16294793
1.5152216
0.48734768
0.21653047
-0.17181791
1.0462208
2.7204601
0.54774735
-0.032622501
0.16413528
1.8715773
2.7876323
3.6599736
3.7050363
3.8313995
3.4303813
2.982447
3.7517066
3.8797411
4.0255
3.5975574
2.9429309
3.7124225
3.9147203
4.0938506
3.8856053
3.018826
3.7321237
3.872157
3.8237235
3.9416505
3.2360586
3.7078033
3.8870629
3.5524904
3.7986802
3.3873695
-30.423402
-26.789829
-22.555118
-18.950098
-16.375248
-29.491627
-26.071078
-22.129242
-18.154899
-15.257338
-27.838741
-24.434009
-19.700912
-15.112885
-12.150564
-25.869732
-21.843334
-16.016543
-10.994771
-7.99448
-24.094058
-19.981139
-14.313107
-8.7639606
-5.2745466
-3.4467599
-1.3618392
1.764747
4.9351933
6.9708878
-2.6507075
-0.97663342
1.7664632
4.7267234
6.805994
-0.13075058
1.2700147
3.2136524
5.3186415
7.0203503
3.9014104
5.1460622
6.7337902
8.0713329
8.9814493
7.4284921
8.5343018
9.9519151
11.078393
11.715205
-0.59588689
2.8556279
0.29064912
0.94116109
2.52806
0.80078692
1.4978999
0.45434081
0.95229277
1.2838374
0.5034012
0.66309138
0.43524687
0.85242333
1.1982363
0.46466518
0.43584443
0.434162
1.3194074
1.3571804
0.53370485
0.39071288
0.42071416
1.3731217
1.2871984
3.1272131
3.0053012
2.9314703
2.5769607
3.0257499
3.357729
3.046117
2.8256682
2.4423493
2.432348
3.7620758
3.2517369
2.9455323
2.6626064
2.0863264
3.7743562
3.2567695
3.3354701
3.2848147
2.91164
3.4421017
3.0612588
3.3695061
3.594903
3.5658963
-9.8081425
-8.7155565
-5.8510757
-3.8448876
-1.5104606
-9.4626994
-5.9188615
-4.6767852
-3.4591496
-1.8508113
-2.4070591
1.2999318
2.9776274
0.89722755
0.76946081
6.3310913
10.907497
5.7337504
6.4940542
3.5018287
11.616163
10.400439
7.9070693
10.991835
9.5177157
15.634647
17.936777
21.244923
24.862512
27.606328
15.164788
17.219644
20.369856
23.79552
26.469808
14.673174
16.477147
19.220602
22.271736
24.460824
14.463231
16.4972
18.629003
21.130259
22.678686
14.853936
17.290595
18.576167
20.715813
21.977713
1.0412291
-0.18781695
0.10060311
1.4311174
1.9110404
1.0826621
-0.26705649
0.11331469
1.4636772
1.6875683
0.91362601
-0.25934367
0.16922224
1.2836725
1.4365541
1.0179269
-0.16690612
0.24344963
1.0704416
1.2622198
0.91756949
-0.081579857
0.21266645
0.9609536
1.1666906
-0.32697155
-0.27628791
0.013253095
-0.054813331
-0.33187425
-0.090537835
0.078291004
0.1613653
-0.064483759
-0.3961424
-0.36891718
-0.028431304
0.068102991
-0.2395455
-0.18828189
-0.64115577
-0.74333277
-0.034818115
-0.079859837
-0.068254061
-0.19817907
-1.031741
-0.31306082
-0.13458853
-0.26154348
0.79918639
-0.09031348
0.2080373
0.91857725
1.02876
0.78610196
-0.16274868
0.26520756
0.84001025
0.65375016
0.32412928
-0.17309352
0.31777765
0.66315793
0.2758566
-0.10648818
-0.2171484
0.40303395
0.48389934
0.091812711
0.14967356
-0.27673034
0.36211979
0.46179017
-0.061436625
0.42350456
-0.19424888
0.28286802
0.46868227
-0.22165089
0.45387536
-0.077391626
0.18332696
0.413629
-0.29576691
0.074615089
-0.030056757
0.045942736
0.21527642
0.052974554
-0.33357927
0.043873441
-0.067573061
-0.017345399
0.35707819
-0.089674643
0.03774756
-0.14728313
-0.051135791
0.2187176
0.011907615
0.1212538
-0.0097166143
0.15621671
-0.005949988
0.65627178
2.1091272
0.2473797
0.66675197
-0.0679363
0.041033227
-0.057961575
-0.057670473
-0.12373648
-0.030172068
-0.96454888
-1.9865233
-0.23204787
-0.82156246
0.099188514
-0.56728108
-1.9207877
0.027233749
-0.50708678
0.13341833
4.0875469
5.095476
7.9094553
16.882061
37.330286
3.9698805
5.0130444
7.6068765
16.569874
37.898858
3.4422613
4.5772479
6.9767116
15.011882
36.72022
2.6354846
3.8024379
6.3448685
13.334371
35.551917
2.0858441
3.0122286
5.7543044
12.440263
35.456085
1.859133
2.8239298
5.5421873
12.494119
37.74101
1.2945198
2.6062159
5.0075424
12.666967
37.927505
1.0138218
2.2024685
4.1934303
11.153779
32.798689
0.84181926
1.511441
3.2555773
8.7394305
28.054154
0.50930566
0.7841447
2.1464925
7.0141151
22.175635
0.96015041
0.20938514
0.39332607
0.89317229
1.4683556
0.82788504
0.10553283
0.45527872
0.8428761
1.1165783
0.41714798
0.087889911
0.47752968
0.6595401
0.61209544
-0.055650708
0.12716396
0.37784062
0.28376161
0.391811
-0.19326108
0.15145246
0.20021521
0.0047502711
0.15026407
50.60203
41.644756
30.85733
22.401661
17.746143
48.819521
37.345674
25.457144
18.134918
15.949501
47.726933
33.37668
20.590001
17.680079
18.345356
40.668642
22.267733
18.238783
20.072637
19.757589
27.388363
18.021131
20.762221
20.935729
20.302847
0.27019964
0.010907884
-0.19255905
0.00010927934
-0.0426832
0.3533856
0.013780946
-0.17422727
-0.072255033
-0.23292293
-0.031024627
0.026250214
-0.064305216
-0.33125298
-0.15420496
-0.34825862
0.0090946819
-0.025134775
-0.49314718
-0.19157211
-0.26638711
0.056088195
-0.069912418
-0.51598718
-0.45414918
-0.0039442659
0.10815742
-0.1395092
-0.47486657
-0.66369484
0.1851198
0.060494675
-0.20650567
-0.4484579
-0.83520225
-0.35102187
0.16722733
-0.22142577
-0.67617023
-0.64329259
-0.96173317
0.34774882
-0.31452805
-0.94526878
-0.45433386
-0.90567842
0.2284775
-0.33434376
-1.0220703
-0.68657359
0.54653589
1.092346
0.064037268
0.4825591
-0.17840761
1.0490358
1.4484564
0.10815498
0.72861337
-0.51028039
0.17021834
-0.16053429
-0.38288135
0.15250721
-0.24044155
-0.22877226
-0.55826504
-0.44592124
-0.24894941
0.02371274
0.058320121
0.12704642
0.1294741
0.075016873
0.1897504
0.27115081
0.56523855
1.5021838
6.2671461
18.437952
-0.11017955
-0.061987522
0.52009336
4.5855708
9.6789812
-0.42085042
-0.81811804
-0.58660447
1.6928099
-2.51582
-0.7648499
-1.503658
-1.6822365
-0.78865345
-11.067554
-1.2607814
-1.9060394
-2.486931
-1.9176514
-12.592977
-1.4616046
-2.0572962
-2.6673641
-2.4380918
-12.528386
-1.8942967
-2.6893651
-3.1295221
-3.8553091
-15.380642
-2.6444796
-3.3315685
-3.8053751
-6.0450622
-18.873868
-3.3230378
-3.8634567
-4.2243541
-7.3309011
-20.279933
-3.6118753
-4.0908471
-4.4102479
-7.5053297
-19.684353
-0.83746524
-0.66456349
-0.28306018
-0.4361623
-1.1973511
-0.95433472
-0.85916203
-0.27921873
-0.47692996
-1.8230492
-1.2282205
-0.99219747
-0.32152257
-0.56691554
-2.3138036
-1.176464
-1.0215022
-0.37335437
-0.64837419
-2.5831805
-0.99135428
-1.0113039
-0.40950242
-0.63499707
-2.4081656
21.796436
21.917747
22.478871
22.757609
22.905517
20.463173
21.261568
21.802001
22.271716
22.476581
16.871697
17.810396
18.881651
19.739497
20.211965
11.334626
12.225689
13.489248
14.676577
15.51783
7.1864408
8.2233326
9.3864184
10.598242
11.523934
6.1658848
6.6058204
7.8637054
8.9477344
9.7394865
3.9586779
5.181406
5.9553969
6.7599615
7.4313105
-0.44244898
2.1449795
4.5079767
5.7110879
6.2217913
-3.090825
-0.55580132
2.7408393
5.1715199
6.2550011
-3.7162633
-0.8581832
2.3115675
5.0124464
6.5566919
-22.813703
-16.144692
-7.8726927
2.1909924
6.5040812
-23.990987
-14.619436
-7.7249475
-2.0329982
2.2236449
-26.249797
-18.813945
-10.245935
-4.6730252
-1.8542599
-26.736158
-21.289633
-14.484754
-8.2946963
-4.6007369
-25.998801
-20.26169
-14.226627
-9.1339522
-5.557475
-0.86736318
0.14029848
-0.32813446
-1.0469258
-0.89678693
-0.94325925
0.18553498
-0.36358371
-1.1299363
-1.0685857
-0.95103746
0.21576259
-0.22659678
-1.3155141
-1.3285267
-1.1649679
0.2394684
-0.010824643
-1.4996644
-1.6245537
-1.0558944
0.22680447
0.088613283
-1.4692725
-1.8954267
-1.0556526
0.2148289
0.15402463
-1.4060602
-1.972097
-1.271566
0.28209315
0.2735023
-1.3541389
-1.9691632
-1.1805032
0.34332734
0.43367635
-1.2471812
-1.9535218
-1.0404199
0.20612594
0.78735915
-1.1173321
-1.9008326
-0.9410217
0.028107782
1.0355655
-0.96702489
-1.8798375
0.39045947
0.3469753
0.060353097
0.26285783
0.45109485
0.60115491
0.42781071
-0.023174395
0.31516885
0.49905771
0.59842575
0.21840342
-0.084918027
0.35334614
0.50650587
0.36949702
0.20894378
-0.023003867
0.47729612
1.0264648
0.62928795
0.13357874
0.088028273
0.46973911
0.95207148
-3.6793805
-4.2106264
-4.5692637
-7.6268834
-19.24569
-3.7502048
-4.6625426
-4.7253941
-7.5084697
-18.205586
-3.7892825
-5.0637139
-4.48879
-7.0872975
-17.652128
-3.9778224
-5.4730288
-4.4531812
-6.9383191
-18.364922
-3.7372865
-5.6572999
-4.8481382
-6.3724472
-17.79375
-3.6672554
-5.6543545
-5.116681
-6.2903474
-16.575453
-3.7525941
-5.8354616
-5.3920826
-6.6719247
-15.830078
-3.522166
-6.1031111
-5.7055942
-6.7900307
-14.927486
-3.1147843
-6.2983374
-6.5826027
-6.8579487
-14.088604
-2.5504749
-5.9605077
-7.6005384
-7.3090216
-13.319936
-1.6205189
-1.008636
-0.27715834
-0.79433163
-2.1959626
-1.8384349
-1.041237
-0.19923419
-0.63252862
-1.8538455
-1.8834987
-0.92661208
-0.044221236
-0.41689175
-1.5404026
-1.63719
-0.77193501
0.16926216
-0.11131823
-1.4151132
-1.3285739
-0.62290777
0.30950489
0.19519285
-1.2554201
-3.5411706
-0.62434256
2.8451341
5.3344655
6.7486273
-2.0231846
0.19414423
3.1284389
5.6844096
7.1224411
-2.4270794
0.017919712
2.863649
5.1926604
6.6150187
-2.6840777
-0.57499539
2.1926738
4.4123487
5.6431215
-2.0806154
-0.28409078
2.0048471
4.1032057
5.2301627
-1.7408189
-0.013585304
1.9836927
3.8916277
5.020826
-0.94499434
1.0738723
3.2009489
4.4361802
5.0864754
-1.6457632
0.83149395
3.9368229
5.8371169
6.5810161
-2.6138683
-0.56589662
2.466831
5.3500198
6.9990762
-2.9919114
-1.1389546
1.3712947
4.0331647
5.9281356
-21.431181
-15.642238
-9.609988
-4.9985573
-2.6435775
-19.794558
-14.91659
-9.5940184
-5.0333627
-2.1562272
-18.07657
-14.130268
-9.6017444
-5.5543973
-2.9220096
-16.754109
-13.398693
-9.505576
-5.8355947
-3.6118462
-16.536246
-13.530913
-9.7560607
-6.2958192
-4.0399551
9.5422176
9.4694
9.2452163
8.7748402
8.3307285
10.799246
10.679343
10.371329
9.8988452
9.4372419
11.396336
11.554435
11.459676
11.088973
10.702574
10.578484
10.928041
11.167525
11.074645
10.848475
9.6151063
9.9788279
10.312052
10.403657
10.255736
5.5229671
6.5585365
7.6364733
8.3972857
8.8294262
5.4781401
6.323043
7.3570673
8.0106925
8.2605859
6.8754345
7.1307367
7.483497
7.942358
8.1630437
7.6440115
8.4080647
8.6706919
8.5976678
8.5818418
6.8281165
8.3903073
9.5442406
9.5321674
9.2527085
-0.81305552
-0.051395175
1.0853608
-0.75402083
-1.9131889
-0.68011967
0.2761198
1.1975393
-0.52618873
-1.5202223
-0.41309454
0.92288795
1.4645636
-0.44994213
-0.5776022
0.23974167
1.0453927
1.7588439
-0.099297983
0.1245417
0.56169386
0.98528933
1.8385424
0.41143739
0.51360654
0.581744
1.1565844
1.8799252
0.59658317
0.93138049
1.0476003
1.5016981
2.05591
0.86305671
1.4772919
1.7182523
1.8543978
2.1744324
1.3724505
2.0481433
1.9749424
2.3256571
2.1886534
1.8725647
2.9088898
2.2623709
2.5936485
2.1381101
2.1861995
3.4811583
0.80204465
0.41049466
-0.024309009
1.0425899
2.6268438
0.81244568
0.48160966
0.057523455
1.1492157
3.0470842
0.44559814
0.66172812
-0.034915299
1.3356004
4.1473393
0.73876055
0.23867509
0.14999003
1.3355097
3.2751038
0.62554525
0.41102601
0.11480146
1.0772845
2.7185693
-2.1996396
-5.6993952
-8.0801907
-7.7753085
-13.22319
-1.801074
-5.5375017
-8.8170367
-8.9448459
-14.323612
-1.4066326
-5.3556335
-9.7098845
-11.416991
-16.617508
-0.67079638
-4.9503537
-10.532683
-14.245474
-19.275713
-0.21968358
-4.3699486
-10.710591
-16.132667
-21.204751
-0.0060259865
-4.0677353
-10.58511
-16.91855
-22.412414
0.47311794
-3.6747071
-10.446551
-18.143693
-24.654948
1.0951367
-3.1177874
-9.9086166
-18.926193
-26.917339
1.8958343
-2.3341812
-9.0282221
-18.382174
-27.802705
2.369175
-1.5120808
-8.1690759
-17.642356
-27.680604
1.5060161
1.8555648
2.2344817
1.7840023
0.84266608
2.0226849
2.2451904
2.7085096
2.3119563
1.4333299
2.6437468
2.7737741
3.2260621
2.9577301
2.1903179
3.113217
3.2749237
3.564111
3.2459203
2.7552641
3.4588559
3.5647731
3.7428873
3.3645052
2.9778868
-3.3691373
-1.2037318
1.4387409
3.6736948
5.2088355
-5.449265
-3.2993911
-0.15418477
2.6881647
4.3689251
-8.4993993
-6.4695016
-3.3582921
-0.12137696
2.0397946
-10.854882
-8.6780051
-5.528248
-2.4271438
-0.30747778
-11.559383
-9.1865815
-5.9335309
-2.9963535
-1.179672
-11.892308
-9.5741569
-6.2308843
-3.0513463
-1.1157601
-13.26066
-10.833109
-7.3468317
-3.918816
-1.7192026
-14.558206
-12.239731
-8.9015179
-5.4717601
-3.0502865
-15.191235
-12.903979
-9.7712991
-6.7188046
-4.4828632
-15.455938
-12.933889
-9.5286721
-6.5027855
-4.5519549
-25.349329
-23.136623
-19.541127
-15.736989
-13.14549
-27.398359
-24.805828
-20.86478
-17.024207
-14.509201
-29.633363
-26.512698
-22.208052
-18.29961
-15.788508
-30.787296
-27.36586
-22.895719
-18.932502
-16.414717
-30.726273
-27.220969
-22.85285
-19.090136
-16.670008
-0.20396226
1.4190412
3.5895119
5.8306851
7.306377
-0.68072016
1.1856344
3.3648479
5.1590642
6.3273484
-1.8538932
0.36427778
3.1536148
5.1452014
6.1164591
-3.2515334
-0.82383728
2.5854967
5.413818
6.7314315
-3.5107523
-1.368682
1.8788243
5.1644079
7.0532443
2.40773
2.5814637
2.0868738
2.3243219
3.6190158
2.6563225
2.7839924
2.1125731
2.4919073
3.7235499
3.2536891
3.1319487
2.181225
2.775364
3.598511
3.5468991
2.9491776
2.2000159
3.1121764
3.4309086
3.3521771
2.8044363
2.2236764
3.2345193
3.3808723
3.2430189
2.9614692
2.3409069
3.1496466
3.4299325
2.8341076
2.9380914
2.5024277
3.1096633
3.1854311
1.610961
2.4035027
2.7399749
3.194938
2.8228336
0.74169488
2.2679575
3.1490367
3.2624557
3.0889938
1.3822912
2.4683249
3.1974091
3.3875348
3.5247118
0.62451929
0.61708381
0.16296099
1.0304963
1.742577
0.4177602
0.44700387
-0.15968004
1.1941153
2.1168085
0.63743799
-0.6351934
0.083394321
2.5733077
1.5168139
1.0831387
0.29448939
1.0339968
2.273033
-0.78044646
0.73610274
2.4311231
0.93539319
0.78765934
1.0010395
2.5405857
-1.0877879
-7.6360916
-17.100104
-27.356942
2.720875
-0.47224949
-6.7292088
-15.840199
-26.419449
2.7821069
0.21853151
-5.6442463
-14.643356
-25.116726
3.0014588
0.89054043
-4.6184494
-13.82563
-23.563131
3.2843087
1.6840682
-3.6906531
-13.469684
-22.676329
3.4819714
2.0764092
-3.2546696
-12.691895
-21.647245
3.7807191
2.5701193
-2.1795188
-11.501646
-20.231519
3.8929667
3.2273778
-0.46026345
-9.2229015
-19.039058
3.7287268
3.5040605
0.6681526
-5.1647794
-13.801633
3.1987991
3.4806819
1.1051169
-4.7960003
-9.478489
3.5958165
3.87777
3.4703595
3.7141803
3.6127152
3.4418119
3.675674
3.330275
3.4332426
3.8054296
3.2566156
3.3821949
3.1828562
3.1013731
3.4098057
3.1203063
3.1737757
3.0870555
2.9729335
3.1428697
3.1037729
3.0605479
3.0071979
2.7172742
3.1792053
-15.06194
-12.6492
-9.249975
-6.2724668
-4.3940827
-13.842854
-11.335887
-8.1579999
-5.3123099
-3.5095943
-10.751238
-8.2842977
-5.2062668
-2.5732152
-0.93727485
-6.6143827
-4.1173466
-0.93401622
1.7150076
3.2394676
-3.7679628
-0.93062073
2.4704972
5.2203166
6.759387
-2.4287324
0.55189936
4.163443
7.0649581
8.7404129
-0.7123418
2.6255099
6.840754
10.196965
12.089102
1.6515686
4.6435971
8.7944358
12.569913
14.821689
2.6620089
5.4869913
9.2706795
12.860557
15.213227
1.817128
5.1239928
9.1305051
12.451715
14.779799
-23.301519
-19.827312
-13.71165
-7.8003855
-4.2160564
-22.421051
-18.201788
-11.976812
-6.220345
-2.510454
-20.267762
-16.041532
-9.9404984
-3.8929032
-0.050490483
-16.766297
-13.304709
-7.936948
-2.344921
1.1662725
-12.029864
-9.0225439
-5.742534
-2.3792498
0.36601591
9.5286891
10.594752
11.803558
12.822325
13.425103
12.985022
14.500347
15.910794
16.689309
17.114037
15.864228
17.943077
20.559845
22.202812
22.708455
16.376365
18.606725
22.000222
25.220711
26.786293
15.944778
18.178565
21.521972
25.260177
27.808347
1.6546641
2.5602464
3.091052
3.5128148
3.5742953
1.8307297
2.3795512
3.0755018
3.7190439
3.5471045
1.9085756
2.1852925
3.0678617
3.9665365
3.7554697
1.6982636
2.268288
3.2419713
3.9695863
4.1049111
1.6526829
2.4545918
3.314291
3.8095329
3.9019829
1.5922694
2.4329245
3.3184171
3.399461
3.0253032
1.7076516
2.0748344
3.0501194
3.4640439
3.7187925
1.6275091
1.3726767
1.6629253
2.3216886
2.6698236
1.0940772
1.2420394
1.1476593
1.0376259
0.21318478
0.86283549
1.3596039
1.8512244
1.5851993
1.1184315
0.31812541
0.65276089
0.29098607
0.60501284
1.2916457
0.38681719
1.0755206
0.4970457
0.53299896
1.8805841
0.32365687
0.51789894
0.57034954
0.70200862
1.5669997
0.38256018
0.21735753
0.063425372
0.28534776
0.68048655
0.4775738
0.66625263
0.46347018
0.35658897
0.63818064
3.2567027
3.3131718
1.4987389
-4.2715676
-9.3795299
3.0364976
3.0451479
1.9160003
-0.80095738
-9.0228869
2.6266182
2.2952128
1.9566931
1.6969289
0.33505345
2.9396671
2.3512366
2.00865
1.9923879
2.2624945
3.3457527
3.8876175
2.2900945
2.4233172
9.1035252
1.7731715
2.9624195
3.9797703
-0.033676021
13.304924
3.5547239
1.9522689
2.4501302
7.0045018
6.833463
2.174918
1.5964759
1.9493249
-0.24200303
13.682709
2.264095
1.0643268
-5.4209964
1.1420851
5.7091421
2.0445176
0.076040241
-2.3340965
0.83731459
-0.92747593
2.2811155
2.0585847
2.9084529
2.5417113
2.3249742
4.0561473
4.1063813
4.0776171
4.6790649
3.3463077
2.2460913
3.9050331
5.7398434
3.1104608
2.4583699
0.55396097
-0.27142407
-2.752294
0.65500495
1.6737379
0.56401545
-1.2104537
-3.511464
-0.28796281
1.4175558
0.20534776
3.9259399
9.0394398
12.369019
14.398908
-1.063797
1.80028
7.2420987
12.025869
14.07211
1.6699948
2.4762327
5.0676348
10.067838
13.789954
4.1127264
6.0698
7.2218202
8.1776387
12.93557
10.273117
10.236533
10.842098
8.4648569
11.990627
16.753267
15.974307
14.238223
10.517398
11.032897
0.96030027
5.5771811
11.66687
9.6262649
12.608204
8.2657455
23.41013
28.304122
16.980302
21.867596
6.3206716
7.2969717
12.575429
16.992263
18.151749
0.88081515
-2.8539878
-3.1099034
4.9062298
7.2370252
13.78908
11.875806
14.207451
18.174886
18.929459
9.2836538
9.1211128
9.6519826
11.097681
7.3743801
17.135783
10.387788
10.805237
10.963994
11.836187
14.216335
13.504561
11.833566
7.3616018
5.2191326
4.9299395
2.3059831
0.93672901
2.9197018
2.5255365
14.535756
17.870784
17.632825
19.633335
21.931581
13.863043
18.135917
19.655279
20.917384
21.303824
20.617247
19.847222
18.305876
19.841043
21.105614
18.695832
21.024902
21.634999
20.646075
20.584278
6.3274055
9.2348658
11.931601
17.422684
19.253738
