FiniteElementSpace
FiniteElementCollection: L2_2D_P4
VDim: 2
Ordering: 0

6.5950686
6.4884969
6.2406686
5.9490749
5.7514322
6.8283758
6.7838881
6.5488276
6.2048115
5.9641952
6.7382509
6.7922773
6.6564224
6.3418704
6.0693995
6.6013648
6.7934833
6.7867728
6.509295
6.203739
6.2536919
6.6589838
6.8922791
6.7278497
6.4494911
6.6133565
7.2853231
8.5793588
10.280468
11.710586
6.3955176
7.0095542
8.243909
9.9081948
11.325855
6.068924
6.5745793
7.6460278
9.1857926
10.536401
5.4370764
5.9051591
6.8782212
8.2236753
9.4221409
4.9818287
5.3886035
6.356595
7.7038421
8.8483779
24.102967
25.904772
28.718785
31.726434
33.916067
23.345936
25.12789
27.945757
31.014855
33.268479
22.292819
24.096738
26.922721
29.988148
32.261491
20.865376
22.748775
25.705897
28.89282
31.217588
19.667
21.575423
24.596354
27.876404
30.282036
47.369729
49.616748
52.722687
55.45235
57.046807
46.945526
49.143049
52.232708
55.084143
56.822958
46.464719
48.778627
51.989801
54.959995
56.826353
45.837088
48.306424
51.788769
55.03152
57.080934
45.256574
47.784234
51.407039
54.867557
57.098331
3.3064927
3.4697885
3.5894644
3.6008713
3.5694362
2.7835145
3.0306493
3.4128371
3.7875976
3.9735598
1.7203619
2.0607658
2.6941424
3.6524462
4.3809939
0.52060146
0.9523522
1.6012449
2.7419728
3.8782039
-0.21633037
0.27020746
0.85998042
1.7589566
2.8194423
1.8520842
1.6962471
2.0729414
3.4711393
4.933823
2.7615738
2.1756026
1.4641302
1.4510958
2.2224401
5.9595566
5.5351877
4.4610568
2.9535503
1.929371
9.7316834
9.7154273
9.3382149
8.4509214
7.5467051
12.423512
12.75845
12.534506
11.591138
10.622453
16.039291
17.497204
19.606828
22.131109
24.184628
15.015567
17.145681
19.970556
22.55292
24.40213
10.553227
13.955412
18.624744
22.68979
25.079966
6.0067044
9.2628018
14.764811
20.391443
24.0499
5.3065308
7.2621156
11.957997
17.704537
21.934789
39.385487
42.267247
46.596003
51.040218
54.140376
38.52633
41.350828
45.62129
50.046142
53.164242
37.83836
40.44249
44.50873
48.832928
51.916632
38.56409
40.760762
44.300559
48.243576
51.146687
39.899844
41.856954
44.956731
48.475379
51.112384
4.6896323
2.5612955
0.19922601
-0.97490204
-1.2305333
6.7155676
4.5870485
1.6313518
-0.43833096
-1.1630933
9.4480378
7.6370896
4.4983876
1.4057089
-0.15242247
11.442508
10.26883
7.5410967
4.0340165
1.8080899
12.273912
11.652924
9.300815
5.8912842
3.4926408
1.4815902
3.8771918
7.5327302
11.350792
13.975425
0.31206041
2.409585
5.9013081
9.7144314
12.36737
-0.48131094
1.3236473
4.3421225
7.7984246
10.369686
-0.56231795
1.0321762
3.6217348
6.6414356
8.9646194
-0.22736961
1.1889549
3.5748964
6.3745707
8.5111854
26.752591
27.800148
29.301712
31.10869
32.717059
26.391307
28.137507
30.262494
32.224205
33.68036
24.891555
27.082553
30.068249
32.749952
34.481482
23.857303
26.013574
29.173761
32.285511
34.34573
23.451108
25.679043
28.765039
31.895177
34.102595
46.247177
49.052285
53.091775
55.134818
54.038558
46.199628
48.786197
52.432574
53.77625
51.927279
45.937348
48.261247
51.530324
51.842913
48.877814
46.262439
48.297525
50.90493
49.916625
45.849326
46.818313
48.731999
50.586434
48.402668
43.609654
6.4838378
9.740198
13.610354
14.852156
13.707657
5.1552142
7.9832547
12.193311
14.87835
14.926375
4.5232155
6.5091647
10.029676
13.709106
15.418143
5.3315557
6.5786999
9.0611909
12.208185
14.481178
6.6654605
7.4611321
9.3326629
11.72477
13.593306
6.02582
7.2116176
8.9640742
10.913044
12.367783
7.4224395
8.568506
10.33902
12.33844
13.773164
9.8775668
10.857607
12.406499
14.374823
15.891039
13.142684
13.961165
15.046612
16.499709
17.891407
15.54812
16.57221
17.682199
18.644192
19.489522
23.477467
25.975515
29.643752
33.214246
35.747177
24.357734
26.730128
30.413538
34.078946
36.552685
26.292073
28.408167
31.868446
35.648885
38.105925
28.48128
30.67022
33.947334
37.223896
39.102459
30.036507
32.178504
35.313035
37.602257
38.008382
45.266622
42.663531
36.21048
28.509539
23.532296
41.843489
38.03671
31.050868
24.049593
19.904498
34.614565
30.019034
23.586661
18.213829
15.245633
25.888924
21.952273
17.214293
13.532508
11.477615
20.369291
17.342813
13.791311
10.983944
9.3833348
20.278482
22.603596
26.227844
29.952173
32.468788
18.014831
20.219503
23.726619
27.352844
29.774792
15.295368
17.321621
20.581533
24.022195
26.401348
13.534559
15.43472
18.550251
21.895265
24.243356
12.807314
14.655921
17.774694
21.151984
23.493274
10.786041
12.130657
14.395105
17.044764
19.130919
9.097102
10.339459
12.474026
14.984262
16.944797
7.5371279
8.5439578
10.344091
12.55752
14.325307
6.8250472
7.5989732
9.0856214
11.024962
12.635995
6.6733669
7.3500044
8.6862682
10.457404
11.955403
44.02304
45.874395
48.342266
50.576574
51.877119
41.70379
43.77801
46.750276
49.533182
51.312728
39.041202
41.307941
44.498077
47.53268
49.572869
36.434197
38.776316
42.277665
45.769374
48.060405
35.293798
37.569518
40.931626
44.324369
46.710772
33.585362
35.430451
38.116344
40.940215
42.9958
30.832802
32.67395
35.542039
38.539319
40.638984
27.476385
29.381054
32.354964
35.524967
37.841335
25.28426
27.046246
29.847153
32.94584
35.242564
24.523085
26.286562
29.018744
31.940001
34.124568
57.205289
57.602586
57.756721
55.94509
51.376567
58.510079
58.863518
58.842026
56.927525
52.432125
58.482559
58.994733
59.077884
57.354662
53.240175
58.04707
58.82262
59.251987
57.848157
54.086605
57.782018
58.745253
59.459465
58.335094
54.746993
52.455542
53.615497
55.11977
56.317079
56.943479
52.169127
53.72504
55.721216
57.342305
58.185362
50.59078
52.448737
54.867533
56.899722
58.026485
49.148415
51.169221
53.859208
56.166227
57.483363
47.932717
50.181657
53.152732
55.685469
57.146435
1.6210007
2.5243717
3.7253226
4.7972691
5.4483903
1.2052462
1.9819495
2.9854458
3.8607429
4.4024735
1.2165095
1.8822418
2.66536
3.2460918
3.540922
1.0358626
1.7823714
2.6051777
3.1318199
3.3310166
0.40020775
1.364259
2.4066626
3.0441779
3.287679
5.6591212
5.5368806
5.5624357
5.900016
6.3305091
5.851782
5.674483
5.5899315
5.8012802
6.1508017
5.927999
5.6718865
5.4695523
5.5932082
5.8717742
6.0263688
5.6659248
5.22514
5.0950392
5.2662004
6.2778228
5.9015182
5.2996032
4.8710089
4.8636493
6.4573034
6.0565354
5.3699086
4.8410583
4.7384517
6.3179809
6.1074197
5.5456232
4.9334226
4.6601531
4.8729616
5.0009311
4.9621844
4.7099166
4.5536376
3.4894542
3.4278273
3.3285738
3.2761024
3.3519507
3.4789937
3.2754286
2.8581232
2.395341
2.1796802
5.7499136
6.2711162
6.7524509
6.8166838
6.6160266
4.6671548
5.16379
5.8016644
6.2451187
6.3505751
3.6808386
3.9492279
4.2775599
4.5837004
4.7833813
3.4142442
3.5626933
3.6312985
3.5892659
3.5237577
3.3832674
3.528756
3.6207592
3.6231713
3.5552611
12.526161
14.326058
17.362163
20.683621
23.046362
12.128334
13.863112
16.786352
20.011712
22.31457
11.307486
12.991255
15.849113
19.014245
21.267183
10.133755
11.739918
14.506625
17.593861
19.822484
9.5024402
10.981044
13.57993
16.517393
18.645609
9.2473572
10.690904
13.178097
16.028471
18.097889
8.2644991
9.7115258
12.225894
15.073016
17.139132
7.3583573
8.6290609
10.879647
13.517168
15.473067
6.9648174
8.232127
10.337207
12.66715
14.389789
6.640821
8.0028353
10.295538
12.919148
14.709365
4.7954115
5.105875
6.0088211
7.3954892
8.5881702
4.6057312
4.7121678
5.3721872
6.5518425
7.624173
4.5233835
4.5489592
4.951116
5.8683792
6.8018203
3.4482326
3.7093634
4.336669
5.3943876
6.389946
2.1463238
2.3153672
3.1207083
4.6351902
5.9539973
35.052346
37.284612
40.585798
43.897225
46.19844
34.438576
36.719321
40.089185
43.467125
45.78655
33.459039
35.802649
39.283076
42.800894
45.237674
32.429945
34.814456
38.37827
42.011955
44.548698
31.541883
34.005697
37.660707
41.365239
43.944744
30.865548
33.397963
37.168206
40.98021
43.623992
29.709775
32.219202
36.036131
39.970611
42.721409
28.192395
30.6681
34.435275
38.378064
41.188717
26.560315
29.073055
32.867373
36.802348
39.608833
25.551608
27.990748
31.764788
35.718176
38.52194
19.081914
20.935826
23.896098
27.158911
29.58442
18.125701
19.965928
22.884136
26.077081
28.450843
16.452859
18.36302
21.353884
24.581943
26.946943
15.234507
16.925929
19.742415
22.920602
25.297686
15.502134
16.90347
19.27755
22.13478
24.352871
57.742229
58.817848
59.669379
58.663982
55.107978
57.586217
58.799616
59.87576
59.152009
55.791711
57.665116
59.09405
60.502056
60.12972
56.999603
58.011785
59.691912
61.481859
61.462049
58.445329
58.114372
59.99041
62.056212
62.3133
59.364901
58.134541
60.129803
62.352637
62.742282
59.826372
58.081094
60.31061
62.880162
63.537169
60.658256
57.650537
60.233397
63.278777
64.281086
61.437507
56.877325
59.799001
63.333795
64.53772
61.599941
56.109098
59.25346
63.127063
64.307912
61.156396
44.967328
47.551141
51.251123
54.798092
57.094335
44.124496
46.826704
50.709136
54.471743
56.948137
42.641545
45.477093
49.613957
53.681325
56.398723
41.070038
43.94671
48.231221
52.561889
55.513592
39.978399
42.856916
47.164937
51.579073
54.653721
-0.14957513
0.95718593
2.1939766
2.9366356
3.2102839
-1.3226187
-0.19800247
1.3159268
2.3077562
2.659846
-2.3508801
-1.5943613
-0.24565803
0.97881347
1.5307274
-1.7615747
-1.7571585
-1.2995609
-0.38869484
0.24987825
-0.38327676
-0.94810844
-1.2799562
-0.99276755
-0.51357304
0.62403027
-0.2646882
-0.99103648
-1.0902535
-0.78033557
3.046447
1.787579
0.14249961
-0.89557399
-1.0570954
6.2224842
5.2599928
3.1338017
0.87869223
-0.29770417
8.0489242
7.908047
6.5421421
4.1162533
2.1911791
8.3700634
8.7907938
8.3522358
6.5324479
4.6412659
3.5321405
3.3632399
2.9437687
2.4020908
2.0059872
4.0267699
4.0582086
3.8828808
3.4578278
3.0289122
4.7130817
5.3743469
6.052115
6.2166632
6.0937245
4.5403243
5.9360819
7.8655912
9.2465231
9.6681913
3.5586406
5.2148808
8.1637686
10.959282
12.153692
2.7992846
4.5240353
7.6265845
10.75199
12.567141
1.7844868
3.2354179
5.9332968
9.0167076
11.382787
0.52396225
1.5554232
3.5558052
5.8881452
7.3961113
-0.57845636
0.091431196
1.3662395
2.7066344
3.3004889
-1.1597239
-0.7868339
-0.0050582788
0.88604224
1.6479811
-0.54457388
-0.1077916
0.49027945
1.2496661
2.2053229
-0.98486394
-0.70266714
-0.13605114
0.53285657
1.2755482
-0.6976535
-1.0185036
-0.88294884
-0.43593203
0.10444208
1.2505001
-0.068610264
-0.96937592
-1.0848975
-0.82651827
3.5322172
1.5429163
-0.34376734
-1.10842
-1.1868793
5.7449798
7.6099411
10.641613
13.516255
15.231184
2.8759956
4.8787977
8.5279358
11.863987
13.891124
1.4931768
1.212047
2.5742433
5.9790883
8.9460608
6.8370345
4.9530556
2.7793901
2.9025934
4.620609
10.042477
8.4208138
5.7570902
4.6797271
4.8687593
11.39299
9.8464554
7.2374137
5.7955233
5.8703024
15.302264
14.050778
12.202227
10.918897
10.559951
19.509012
19.746988
19.28742
18.539266
18.313418
18.825443
20.811279
22.817844
23.812171
24.211411
16.609697
19.202898
22.385375
24.691478
25.795421
13.166394
13.837444
14.018499
13.294521
12.143056
12.584541
14.385781
15.957377
16.299056
15.77814
8.4445779
11.25387
15.037541
17.879244
19.124709
4.004011
6.6826062
10.877087
15.013206
17.637396
2.4136204
4.6875681
8.4132621
12.433143
15.196867
25.287102
27.594576
31.241972
35.138392
37.932888
25.406704
27.443644
30.745831
34.406904
37.105714
26.198884
28.233699
31.115669
34.204846
36.561675
25.791446
28.814652
32.440803
35.467532
37.490214
24.152203
28.160467
33.089652
36.813971
38.890878
22.938494
27.294975
32.984268
37.421593
39.770958
21.555433
25.82238
32.181523
37.848523
41.017467
24.420759
27.361653
32.557021
38.271961
42.082915
30.359194
32.295718
35.822177
40.17047
43.536427
33.227967
35.134538
38.264312
41.842675
44.595976
6.0920196
7.2842818
10.946521
16.465616
20.74664
10.559578
10.809944
12.260719
15.901952
19.524469
18.35517
18.614558
19.472003
21.109811
23.079699
24.444288
25.03164
26.287392
27.992005
29.492604
26.254757
27.139129
28.645129
30.607643
32.299562
55.62676
58.872173
62.918891
64.038926
60.754019
54.674087
57.953485
62.269106
63.192733
59.583267
53.491562
56.601774
60.650935
60.795823
56.662039
52.700268
55.465702
58.350521
56.958214
52.360715
52.575388
54.949143
56.386505
53.565165
48.735618
52.668283
54.728389
55.276469
51.673509
46.79072
53.266594
54.370156
52.996235
47.946371
42.951298
54.538228
53.713617
49.232413
42.355286
37.379754
54.712223
51.697918
44.602764
36.842278
32.388325
53.495349
49.311269
41.200835
33.48731
29.480208
40.829249
42.745086
45.61603
48.87982
51.337818
42.404884
44.658125
47.462183
50.278619
52.293912
43.882429
47.020605
50.58199
53.234643
54.37463
45.265625
48.639339
52.843097
55.553565
55.635729
46.024634
49.092679
53.355535
55.677397
54.938543
8.4069836
9.0661643
8.9820266
7.4703072
5.7351914
7.9986518
9.2824322
9.9017827
8.9670585
7.6094263
6.3242691
8.463032
10.418281
10.791428
10.136647
3.7789625
6.5652305
9.848318
11.670005
11.807918
1.6722825
4.7968067
8.8198457
11.506575
12.269164
0.33299214
3.6650095
8.0270244
11.15985
12.355024
-1.8995413
1.3606388
6.2476857
10.313916
12.181817
-4.5888966
-1.825607
2.9250026
7.8814637
10.767208
-5.6151636
-3.6867354
0.017658345
4.6469673
8.0500172
-5.0584827
-3.8419396
-0.98999664
2.8401449
5.8888848
-1.2531229
-1.0837687
-0.51804882
0.33671473
0.86707537
-1.3676618
-1.4373385
-1.0965984
-0.54546066
-0.23235363
-0.66799889
-1.2081152
-1.373258
-1.1814023
-0.95976898
0.98695095
-0.12888581
-0.94300896
-1.0757802
-0.96494046
2.4258001
0.92797007
-0.2811303
-0.67710383
-0.61707211
3.2865787
1.5863029
0.13599847
-0.37727261
-0.31272482
5.1014076
3.0813103
1.1782431
0.46471485
0.50358976
7.6275702
5.2849336
2.9989828
2.0239552
1.9440717
10.052433
7.6447616
5.1044068
3.8327901
3.6797812
11.690211
9.4207475
6.6816176
5.2384733
5.0627169
12.613455
12.268397
10.129093
6.8646259
4.4566945
12.772531
13.091169
11.762087
8.8467121
6.3796406
11.895163
13.429931
13.688811
11.482393
8.9960492
9.6769797
12.403341
14.531408
13.646979
11.444153
7.6016776
10.788942
14.125879
14.635513
12.977376
15.325163
17.991248
21.556618
24.520138
26.098393
13.690274
16.228318
19.858684
23.281589
25.403113
11.727124
14.372299
18.03533
21.474168
23.754919
10.219974
12.830129
16.73485
20.41051
22.728668
9.658402
12.027185
15.8276
19.737401
22.255384
9.5276348
11.834973
15.477198
19.340954
21.98603
9.496768
11.667239
15.109964
18.800682
21.42237
10.113824
12.004255
15.140168
18.606697
21.078284
11.405141
13.057662
15.808823
19.023548
21.428697
12.539671
14.143159
16.684833
19.619993
21.928444
0.092017878
1.4674038
3.6883563
6.3370581
8.4034007
0.86527293
2.1820209
4.2317622
6.5999341
8.4641515
2.2640556
3.5182184
5.4625447
7.6136659
9.2335549
3.9963602
5.171214
7.0088619
9.0760341
10.599935
5.3655705
6.505183
8.2572521
10.254099
11.748696
33.662972
35.632131
38.821544
42.319909
44.919994
34.480321
36.203213
39.121996
42.453194
44.939067
35.356958
37.053964
39.653091
42.548146
44.768631
35.372537
37.356685
40.216728
43.085148
45.138189
35.208922
37.321082
40.390737
43.523379
45.665306
35.132053
37.314498
40.447205
43.619671
45.867783
35.209647
37.408149
40.64874
43.863009
46.157952
35.759701
37.93628
41.246942
44.651694
46.793125
36.437483
38.808856
42.163148
45.569174
47.341935
36.815163
39.443117
42.923365
45.868634
46.821233
23.264633
25.645183
28.791363
31.842744
33.99636
22.767136
25.330004
28.824063
32.012682
34.126731
22.367191
24.959457
28.748075
32.32687
34.612615
22.655857
25.094666
28.788147
32.597711
35.162306
23.20604
25.663804
29.217567
32.876699
35.530881
52.389006
47.811412
39.4615
31.897633
28.074745
49.908335
44.770602
36.29513
29.168715
25.707379
46.401767
40.645407
32.258479
25.818204
22.799185
42.987336
36.8424
28.733738
22.914885
20.255705
40.528956
34.290264
26.512811
21.115612
18.678818
39.167452
32.935563
25.39613
20.24469
17.925821
36.348758
30.260234
23.23185
18.544155
16.465455
31.698009
26.164177
20.066748
16.095425
14.382677
26.591812
21.909425
16.897015
13.71402
12.399276
23.055054
19.050434
14.813334
12.177714
11.134915
47.058916
48.953013
50.349237
47.485837
42.345982
47.438187
49.263645
49.575877
45.308121
39.639087
47.788127
48.915776
47.146252
40.953377
34.885652
47.667131
47.149257
42.818533
35.283381
29.390609
46.461052
44.569947
38.661567
30.829211
25.469231
-4.2752212
-3.4495252
-1.0690449
2.2694479
4.9541135
-2.0836808
-1.8562415
-0.70837451
1.5745791
3.8123466
0.52097326
0.72939392
1.0684288
2.0793739
3.5363219
2.4092513
3.0404213
3.8039027
4.3611744
4.9035859
3.3348033
4.2014645
5.3205675
6.1268263
6.5312865
3.9313239
4.7806494
5.8945509
6.8536956
7.2649655
5.106327
5.9469532
7.04383
8.0793038
8.7944857
5.4457672
6.6453514
8.0307619
9.3120856
10.22151
7.2834912
7.6201066
8.2331454
8.9785518
9.50754
1.599756
2.7481124
4.5060961
6.038567
7.2845406
12.606256
10.362315
7.5680246
6.0102186
5.7237816
14.109135
11.949232
9.0870128
7.343077
7.0803465
15.442883
14.100246
11.468074
9.6666823
9.5174887
15.340853
15.792416
14.326886
12.417868
12.550416
14.639863
16.390056
16.115917
14.349325
14.612774
14.064763
16.360801
16.739327
15.164956
15.664448
14.303047
16.002462
17.614329
17.105389
17.566599
15.995333
17.166129
18.601147
19.098831
19.742915
16.115387
18.077658
20.548362
20.945784
22.052167
14.455506
16.416065
19.176785
22.509322
20.333398
7.389707
8.0441652
9.5569656
11.590416
13.110898
9.0507318
9.7223182
10.88782
12.288289
13.700534
10.647884
11.56811
12.913142
14.268557
15.397765
9.8810654
10.689715
12.06144
13.912267
15.225073
7.7227382
8.6619476
10.40023
12.012574
13.661605
13.141473
14.749675
17.2746
20.086611
22.253097
14.515548
16.039138
18.494028
21.236422
23.271032
16.678233
18.218156
20.568003
23.205564
25.215333
18.71146
20.44737
22.987015
25.493995
27.388237
20.062398
21.678519
24.58756
27.414724
29.119423
21.222369
22.346121
24.947784
28.174938
30.082837
24.324342
25.054096
26.816935
29.70812
31.937075
27.802628
28.86289
30.157393
31.643223
32.905632
28.131339
29.190625
30.298138
30.28327
29.257067
26.959181
28.054861
28.694201
27.678441
26.104308
16.676984
17.708466
19.030543
20.166769
20.853367
18.471286
19.707454
21.485109
23.076706
23.937376
20.429507
21.677453
23.622412
25.773455
27.199841
22.797364
23.371677
24.699161
26.300985
27.536321
19.981532
21.967278
23.5851
25.120131
26.338881
37.01254
39.737389
43.286741
45.73172
45.984224
37.88054
40.527179
43.754326
44.639085
43.226419
39.23292
41.184284
42.465554
40.279543
36.743409
39.67704
39.71217
37.160545
32.214086
28.05025
37.632387
36.007615
31.519634
25.897941
22.12416
35.614424
33.268818
28.334026
22.912695
19.50627
30.531566
27.27841
22.236074
17.667552
15.069243
21.757459
18.595146
14.674049
11.695274
10.123433
13.598717
11.550397
9.2787455
7.5917428
6.6528373
9.0864294
7.8347523
6.4481613
5.3613098
4.722127
30.929301
32.912113
35.721315
36.959168
36.378604
32.928981
34.517412
35.530588
34.230482
31.956856
33.293788
33.017234
30.698569
26.691713
23.448304
28.468364
26.611322
22.43739
17.705335
14.829055
24.628083
20.846637
15.452226
11.571486
9.8413619
21.325258
17.656689
13.798087
11.42885
10.519699
18.076445
15.055669
11.923415
10.054903
9.3907301
13.910268
11.743782
9.5372886
8.2978601
7.9384791
10.547684
9.0594031
7.5738865
6.8244727
6.7056123
8.66984
7.5333754
6.4407467
5.9641549
5.9734208
7.8412553
6.8523576
5.9195291
5.5627066
5.6354226
6.3850794
5.667863
5.0223397
4.8496185
5.0129757
4.6059864
4.1754345
3.8617875
3.9203218
4.1828139
3.190189
2.9260953
2.7883621
2.9835131
3.3276981
2.4132378
2.2498013
2.1630577
2.3019095
2.592349
17.967456
15.349458
12.27936
9.8456545
8.4586416
13.918913
11.966834
9.6808243
7.8695576
6.8398576
9.4130768
8.1968609
6.73688
5.5585722
4.8934418
6.2206702
5.4692663
4.5500441
3.7980452
3.3720554
4.4237464
3.9108649
3.2947969
2.8026905
2.529939
8.0885473
7.6023919
6.7542151
5.769856
5.0841251
9.1542497
8.5601514
7.547512
6.3509471
5.4404843
10.459546
9.906795
8.9071826
7.6725807
6.6569828
10.706109
10.368994
9.6781705
8.7042844
7.8376677
10.130288
9.870387
9.3597536
8.6415322
7.9684468
3.6444124
3.3126597
2.8367764
2.3828822
1.8444257
3.5054518
3.3194696
2.7566166
2.0913235
1.64116
2.9594195
3.2138491
3.1675859
2.5136593
1.943682
1.7779332
2.1228661
2.9553251
3.2539021
2.7628339
1.0025679
0.95512556
1.8795938
3.0673441
3.281158
-8.2231425
-4.7923854
0.82761448
6.2799006
9.9108021
-8.0785345
-4.9791475
0.00058198826
5.5985425
9.623675
-6.9355367
-4.2699035
-0.054214196
4.7063862
8.4235169
-4.6787454
-2.3662453
1.2918062
5.3676284
8.4956892
-3.1069825
-0.83226152
2.67335
6.5003278
9.3755669
27.947487
30.411011
32.559912
33.834841
34.17401
29.728454
32.297007
35.506749
37.563126
38.323634
31.91156
34.994064
38.905052
41.980637
43.427077
31.801378
36.004632
41.251951
45.452736
47.731743
31.005386
35.522256
41.88356
47.155949
50.038975
6.574042
5.8619393
4.8117946
4.1920116
3.8027018
6.7220989
5.8120374
4.4891254
3.6190459
3.2954807
8.1330719
6.6892161
5.1114976
4.1432926
3.6706326
10.1963
8.6860845
6.624868
5.4554087
5.0853934
11.284978
10.206742
8.0517317
6.4713742
6.0696219
2.0347957
1.3382334
-0.0038616679
-2.7650909
-6.7090634
1.9795565
1.7520825
1.1571303
0.24218521
-1.5223956
2.101412
2.0067223
1.7466298
1.5281973
2.4143271
3.0785567
2.2326785
1.5442735
1.5039539
1.5391377
3.253091
1.5966819
-0.070007289
-1.1221527
-1.5328885
1.477189
6.2672379
11.230793
14.356978
16.657991
-6.63879
-1.0396065
7.5254622
14.469616
17.873675
-15.85238
-12.416884
-4.4966984
6.0913969
13.311597
-14.087044
-13.541103
-11.680313
-6.3752805
0.50325794
-11.387398
-10.231741
-8.6803432
-7.1190165
-4.595525
35.607548
39.134059
44.259639
49.403565
53.211787
36.614895
40.225891
45.738548
51.329729
55.162242
37.956181
41.61131
47.319656
53.512534
57.89895
38.819306
42.710741
48.490237
54.791119
59.477325
38.704005
43.160421
49.265832
55.581718
60.140777
9.592252
9.9526015
11.017722
11.791551
11.857691
10.172596
9.9428809
10.530178
11.455057
11.969172
12.507198
11.561226
10.844277
11.132603
11.765554
15.512562
14.642511
12.932266
11.979021
12.066145
17.434538
17.018972
15.114814
13.290153
12.885033
12.888651
14.401245
16.475327
18.404414
19.508065
13.659986
15.197054
17.541241
19.720228
20.973663
15.311247
16.607845
18.868408
21.405569
23.049714
17.282194
18.574052
20.50471
22.857608
24.690429
18.794993
20.106451
22.019627
24.149012
25.796103
26.111799
27.215315
27.810406
28.090487
28.935206
26.344341
28.56464
31.335686
33.034247
33.95918
28.792781
29.918281
32.90616
36.430674
38.590902
32.400662
33.030145
34.525022
37.497475
40.334911
34.25479
35.517931
36.765983
38.585391
40.847822
42.201367
48.261273
56.06572
57.941246
54.714453
47.259151
52.371739
59.260072
56.7053
49.797129
53.237759
57.238654
62.882029
54.400963
42.2856
57.595385
60.812706
64.355616
51.33039
35.752476
60.040497
62.826088
64.075578
48.56637
31.925689
34.222994
32.875938
31.296723
30.860088
29.430634
37.548406
37.085203
35.112728
33.661675
33.117292
40.073577
41.159124
40.747367
38.520393
37.850734
39.54537
41.765071
44.011056
43.459631
41.966991
37.300427
40.443797
43.971744
45.491763
44.642066
29.539638
30.69598
32.499615
34.607638
36.193895
32.152402
33.19047
34.79682
36.71837
38.177064
36.236587
37.173691
38.547645
40.197712
41.446025
40.254739
41.155243
42.478437
44.012165
45.130776
42.630922
43.538085
44.94856
46.567185
47.757181
45.349088
47.057081
49.608598
51.786277
53.177527
47.388461
48.944407
51.447255
53.946573
55.527982
50.329099
51.895863
54.255499
56.761029
58.504861
53.207054
54.781635
57.184205
59.46747
60.631973
55.306157
56.788317
58.89733
60.67893
60.93895
59.70712
55.09614
41.953796
24.72679
15.177553
56.053384
49.693825
36.393972
21.336338
13.466963
48.521231
41.033053
28.978531
17.271685
11.359271
39.841812
32.779439
22.929918
14.103605
9.6243294
34.047045
27.869266
19.648139
12.377861
8.6627849
-1.1078755
-2.4626243
-5.2161827
-9.899655
-14.647614
0.89888134
-0.48170479
-2.9920189
-7.3052399
-11.785594
2.3610324
1.0382309
-1.3025485
-5.082082
-9.3627217
2.1748724
0.90172622
-1.5026048
-4.7486053
-8.2424326
1.6046249
0.49901941
-1.914387
-5.3132214
-8.1841417
5.1911458
4.2775793
2.6178332
0.83856088
-0.46808506
6.4328166
5.641485
4.3125826
2.7336795
1.5233091
6.4840983
5.902907
5.0687513
3.954252
2.9629914
5.0852519
4.7195819
4.1878946
3.4360691
2.6394223
3.9766334
3.6770032
3.2320842
2.7077923
2.0342089
-0.44130431
-0.42719529
-0.44008365
1.2351407
1.5132735
3.4312871
6.0308604
7.2968482
7.5626012
8.1466774
7.7259219
10.549979
14.385934
16.69605
17.482513
10.684273
13.457264
17.581921
21.645025
23.792832
11.672916
15.092777
19.112839
23.041388
25.834264
-15.484686
-13.848059
-9.928723
-4.3846465
-1.1721582
-12.272307
-8.8120711
-5.0077675
-1.2157183
1.8212725
-9.8169024
-6.2867836
-1.0539848
3.5181269
6.3377217
-8.5030299
-4.8931294
0.25857267
5.5544693
9.069054
-8.2690998
-4.4549756
0.80894617
5.9905192
9.7096171
1.548458
0.18870174
-1.6454414
-1.4319914
-0.43821232
11.274511
10.523496
8.3463804
5.2855208
4.461657
21.120422
20.098121
19.501039
15.209533
11.255481
27.782328
27.141668
27.421341
24.207358
18.703231
31.751573
31.582285
31.813841
29.258652
23.595596
0.32863583
2.2962686
3.8743268
2.7190478
1.7564117
8.7187369
9.0353147
11.035693
12.331484
11.857525
17.864002
18.627952
19.074927
20.216912
21.040454
24.386713
25.57696
26.632244
26.927742
27.204499
27.233232
28.969286
30.939327
31.706137
31.566297
9.0582398
9.4574584
9.7931831
9.9078957
9.8891868
8.415865
8.7194977
8.9798527
9.0048892
8.9537464
8.2067688
8.3324414
8.3717593
8.2140401
7.8461781
8.5489972
8.4863081
8.2516756
7.7793748
7.2282533
9.1575476
8.920871
8.500494
7.6902984
6.8805453
4.7635719
4.3103334
4.0132026
3.9149987
3.7705072
4.9777969
4.1654125
3.4951337
3.4453484
3.5160201
6.0803465
4.8435708
3.3223047
2.7044975
2.8356632
7.3359243
6.1561193
4.1165458
2.3539972
1.8032471
7.5595797
6.6672684
4.8016796
2.5326814
1.2881076
7.3846823
6.5783963
4.8260952
2.5441891
1.0196873
6.8689279
6.0554494
4.5463815
2.5785719
0.94267358
6.2735343
5.5575489
4.2080684
2.5336303
1.2488554
5.5785319
5.2175562
4.0630865
2.6362674
1.5980638
4.407652
4.5303206
3.9138426
2.9819284
2.1930211
9.7896881
9.5421293
9.0067001
8.3157121
7.7285997
8.9500987
8.8428528
8.4675024
7.8523878
7.246975
7.7542792
7.7029614
7.4208866
6.9794673
6.5677343
6.9814896
6.7584979
6.263428
5.8572219
5.6429604
6.6815697
6.1416485
5.3120596
4.7965296
4.4991713
1.4001292
0.35081092
-1.9307066
-5.3319116
-8.2457252
1.2816038
0.32282319
-1.8577898
-5.0993244
-8.0385417
1.6763067
0.89970166
-1.0447347
-4.0597989
-6.7468658
2.3791749
1.7163553
0.29959214
-2.2618845
-4.6273784
3.0392856
2.2719366
1.0223685
-0.78329507
-3.065076
3.3160164
2.7053832
1.2458213
-0.28647124
-1.9549443
2.9383929
3.4745371
2.5873093
0.7434609
-0.38450281
-1.479936
1.0874687
3.2917147
2.7308053
1.5625989
-8.0396821
-5.9411499
-1.0722526
2.814083
3.350184
-10.228253
-10.898884
-7.6054426
-1.583969
2.0052686
0.54203855
0.27369118
1.1944998
2.7701199
3.2892445
0.079826364
-1.165277
-1.2635129
0.64582038
2.2684764
0.49396722
-1.4593294
-4.0118529
-4.4437001
-2.7098441
1.1646327
0.091851393
-2.9387449
-6.9245049
-8.3336986
1.5212846
0.786948
-0.87354751
-4.8625546
-8.8763049
11.763171
15.555434
20.126796
23.836533
26.447711
11.605833
15.413565
20.953321
25.742397
28.486045
10.451649
14.397549
20.249226
26.169145
30.075124
10.167744
13.677547
19.247372
25.242548
29.570398
10.905595
13.946605
18.986874
24.625545
28.818254
11.293658
14.298587
18.993653
24.400372
28.564443
12.626621
15.39125
19.698794
24.465744
28.180198
15.269754
17.920715
21.908076
26.124206
29.267247
17.207646
20.093149
24.349995
28.721744
31.81672
17.890475
20.944479
25.41853
30.011003
33.343319
-2.123652
-0.002294546
3.2824395
6.9645859
9.762514
-0.26978088
1.8792713
5.1511466
8.6574881
11.26792
1.8750998
4.1526661
7.643122
11.268873
13.894266
3.6976319
5.6466943
8.9344594
12.874898
15.735664
3.7143509
6.7111353
9.9543802
13.311157
16.352119
34.184713
33.929706
34.152813
31.530528
25.859255
38.602953
38.177252
38.421825
35.887654
30.042507
43.985978
44.009041
44.373054
41.812402
35.724456
48.739941
49.624008
50.55784
47.688086
41.0073
51.351762
52.882437
54.588416
51.57578
44.233405
52.478162
54.378299
56.665629
53.595315
45.801315
54.153707
56.886299
60.356308
57.576822
49.003129
54.665541
58.89334
64.280439
62.375492
53.263743
54.28815
59.293597
66.251096
65.107568
55.987685
54.634594
59.46485
66.587113
65.304667
56.355069
30.76834
35.127147
41.796353
47.789958
51.072879
30.233687
34.437793
41.074133
47.912603
52.222419
30.958873
34.494816
40.409095
47.228179
52.20886
33.434401
36.554523
41.458279
47.209459
51.867835
35.059488
38.416781
43.294027
48.448522
52.488425
9.7077876
9.3839141
8.8278007
7.9174607
6.940734
10.673384
10.467961
9.7565993
8.5305102
7.3585619
10.684731
11.164537
11.155355
10.190831
8.9352087
9.4320934
10.462474
11.375174
11.42039
10.783231
8.4834692
9.6857243
10.979611
11.607502
11.564443
8.0021064
9.2787318
10.658703
11.39558
11.619378
6.9166704
8.161253
9.8755409
10.984985
11.469246
6.5301948
7.3010447
8.6061782
9.9031721
10.608301
7.2222935
7.8142138
8.339508
9.0977903
9.7154652
7.8017076
8.778015
9.1161585
9.1196895
9.4021526
3.6709644
3.6016329
3.1166253
2.5361639
2.3321543
3.1365556
2.8133334
2.4109345
2.0211731
1.9694848
3.5766577
3.4962697
3.0559047
2.5889891
2.2108984
4.9590779
5.1849649
4.7352313
3.9276671
3.4554794
5.9347492
6.0903723
6.3764135
5.6755285
4.3680705
6.4025569
6.4996311
7.1693295
6.9278172
5.4275796
7.138064
7.2488586
8.0360829
8.7838779
8.5599051
8.5471276
8.1245552
8.6664356
10.121765
10.991838
10.289407
9.5182191
9.2973014
10.17359
11.225413
11.319984
10.680916
10.217186
10.728398
11.659569
11.53811
10.809028
8.8180837
7.0168192
6.4757497
11.625675
11.54871
10.194503
8.2585794
7.331271
10.936932
11.546633
11.499357
10.177026
8.9997244
10.000719
10.737632
11.647686
11.504388
10.759028
9.6045589
10.142888
11.244678
11.814496
11.635663
-8.9165342
-11.842333
-10.82734
-4.7663205
-0.9813599
-3.373428
-7.9381788
-13.090601
-12.45474
-8.8372435
2.704929
0.51831615
-6.2024877
-14.845564
-16.632346
1.817847
0.98882344
2.3597088
-5.3855073
-13.230068
-1.1917379
-0.79739186
-0.35089247
-6.7491431
-10.157946
0.59951805
-0.95668987
-5.147376
-8.5054039
-9.1895044
10.158563
4.9950683
1.0414207
-1.9216691
-3.7863605
12.567277
13.590225
12.765615
10.352964
9.0498681
16.278225
16.756813
19.2734
20.291624
20.207694
20.023248
19.190761
20.01591
22.857409
24.320728
4.5276983
2.9325243
0.63248891
-0.10770769
0.44506743
8.3526628
7.7066796
6.2790899
4.9761352
7.8840889
11.465621
12.171524
12.577038
11.818645
11.7142
11.855374
13.460729
15.422291
16.603806
16.695525
12.308818
13.816224
16.041337
18.036619
19.333362
18.027513
21.005392
25.692585
30.438089
33.837436
19.460575
22.355105
26.715701
31.428251
34.802031
16.523676
21.71503
27.532095
32.569443
36.156477
4.8926529
13.798351
24.957649
32.516885
36.739028
-2.3748413
4.868386
18.727771
30.771552
36.084629
-2.4285476
2.5245091
14.481719
28.40397
35.382445
-0.40348429
2.3910131
10.221882
22.990929
32.261018
7.2610368
8.8857498
12.768571
20.275081
28.397637
18.085544
19.078542
22.380709
27.273753
31.568657
26.406043
27.266776
29.636646
33.876892
37.96885
-9.2790968
-8.3799009
-7.2681306
-5.9443664
-3.9164225
-3.1851856
-3.1088959
-3.1857796
-2.5950657
-1.3363394
7.9688516
7.0137554
6.2720175
5.8501891
6.5688758
19.878046
18.961395
18.117854
17.774459
17.90887
24.653628
25.246052
25.23458
25.627512
26.075816
55.233072
59.865975
66.610609
64.818594
56.036637
56.988205
61.333719
67.098003
62.975449
54.169247
60.023197
64.134093
67.852628
58.752162
48.687267
62.020867
66.223971
67.173569
53.146406
41.058013
62.600727
66.383079
64.800288
48.502683
35.474161
62.884436
66.074493
62.885251
45.920461
32.634436
62.977848
64.611809
58.150503
40.408057
27.460892
61.678925
60.184177
49.545822
32.262067
20.982868
58.136856
53.365965
40.393933
25.042118
16.003903
54.023846
47.618698
34.350326
20.927435
13.179256
38.260861
43.213417
49.625308
55.961427
60.500072
36.209422
42.567052
50.077263
56.785216
61.060334
33.145241
41.332349
50.704426
57.729156
61.137231
34.633665
42.242325
52.257795
58.503609
59.540194
39.789433
45.86767
54.484688
58.435635
56.695211
7.8531557
9.197933
9.8370358
9.5587113
9.4940039
7.7869809
9.5292035
10.999474
10.881107
10.376073
7.9664842
9.8618082
12.224229
13.251808
12.933823
9.4940645
10.780145
13.100137
15.228429
15.713985
11.981184
12.620694
14.103501
16.204419
17.289012
13.642001
14.009397
14.949723
16.707623
18.009049
17.30973
17.514951
17.671586
18.258953
19.331778
22.897905
23.26825
23.330872
22.756593
22.506241
27.312312
28.09936
28.929637
29.013785
28.089218
28.851098
30.336905
31.753774
32.669022
32.643082
11.651564
11.157894
10.743626
11.352495
12.248625
12.046938
11.984774
11.83987
12.315861
13.099354
12.185928
12.780401
13.256173
13.93099
14.74299
12.404674
13.276416
14.422822
15.642696
16.665206
12.974624
13.724734
15.140349
16.796514
18.111746
13.430788
14.057453
15.524371
17.34733
18.825152
14.831336
14.906837
16.328859
18.458131
20.211719
17.978911
17.139415
17.985809
20.321577
22.412185
22.29887
20.587642
20.535369
22.811055
25.088489
25.879855
23.710354
22.892314
24.906188
27.300181
18.336075
18.179243
16.368072
14.209022
13.512692
19.869975
20.335709
19.232363
16.673611
15.289848
22.643222
23.299792
23.40565
21.171611
18.861366
27.425025
26.969583
27.192113
26.199436
23.610123
31.990698
30.648571
29.758947
29.38456
27.398457
20.202282
21.227099
20.811682
22.660471
25.207394
21.406852
22.726088
23.84405
24.332376
25.289169
23.816619
24.875429
26.535285
27.923153
28.563869
25.635383
27.360145
29.097104
30.660897
31.851677
26.663085
28.63157
30.967748
32.510137
33.520079
27.322573
29.11943
31.78396
33.67229
34.558499
28.88131
30.458656
33.080884
35.540852
36.810235
31.450517
32.93542
35.222245
37.759087
39.515955
34.14425
35.667475
37.850562
40.122426
41.802857
36.056003
37.584195
39.799821
42.049348
43.555083
19.588653
20.904252
22.846425
24.93146
26.48055
21.054628
22.494322
24.513255
26.603748
28.105161
23.327949
24.812158
26.990511
29.186088
30.679235
26.048142
27.392831
29.507029
31.820081
33.3877
28.284204
29.496897
31.397027
33.618108
35.258662
29.585047
30.702708
33.237292
37.039724
40.567683
34.525349
35.864366
38.597949
42.46952
45.841074
39.575215
41.436841
44.380647
48.131283
51.434503
41.764537
44.447968
48.218314
52.325806
55.559848
42.412693
45.568453
49.987313
54.452879
57.910206
42.744167
45.81982
50.678877
55.385015
58.877458
44.330936
46.696451
51.442648
56.727522
60.491657
47.901899
49.453329
53.033569
58.217335
61.895581
51.151238
53.001869
55.866496
59.854881
62.478582
53.010975
55.171589
58.13642
61.031219
61.892956
35.053724
36.5192
38.09451
39.732027
41.411479
37.254939
38.348503
40.319912
42.233943
43.524103
40.321046
41.486375
43.263694
45.435222
47.123516
42.745811
44.474042
46.436098
48.38641
50.088546
44.358701
46.210308
48.588099
50.627997
52.121566
51.505993
44.471041
31.448048
19.093618
11.922712
45.892989
38.178758
26.272213
15.95104
10.045237
37.576401
29.892884
20.064881
12.386646
7.8523347
30.397466
23.354322
15.513481
9.7777411
6.3307461
26.342642
19.891236
13.214583
8.4302454
5.5884003
24.481933
18.364465
12.226871
7.860823
5.2593398
21.30149
15.847673
10.616571
6.9226694
4.7065478
17.51986
13.045598
8.8625614
5.8935225
4.0899742
14.616523
11.008158
7.5924076
5.1368729
3.6474883
13.040516
9.9080025
6.8920162
4.7122541
3.4052572
61.096106
63.669133
63.478355
46.857211
30.062799
62.867432
65.025445
61.558296
43.206302
26.707642
63.712061
64.824868
56.860169
37.089213
22.211753
62.863443
61.490225
50.145492
30.733447
18.364826
61.091097
57.512981
44.784988
26.651521
16.172343
28.915988
31.051721
33.010386
34.044286
34.445893
27.938712
30.884372
34.294224
36.252094
37.188304
25.775411
28.569126
32.941197
36.828071
39.09505
23.720577
25.873804
29.731436
34.447259
38.032329
22.752917
24.666501
27.628788
31.652964
35.479965
22.662858
24.366712
27.037751
30.353658
33.722823
21.58052
23.124326
25.489285
28.161123
31.00705
20.943569
22.332161
24.08508
26.271825
28.13851
20.900537
21.240183
21.25189
21.829854
22.74527
18.173501
17.19802
15.967286
15.457535
16.2087
27.92398
25.57851
24.305444
26.082276
28.527841
31.894105
29.365334
27.391396
28.641947
31.123781
37.245714
34.9626
32.563256
32.890176
35.343935
41.752919
40.441705
38.336107
37.487861
39.475918
43.975038
43.457824
42.016133
40.624015
41.830776
44.861753
44.654463
43.768884
42.266896
42.856646
46.239046
46.336979
46.22537
45.182882
44.489803
43.046932
45.224024
47.685592
47.978792
46.588766
35.843314
39.150423
43.26739
46.176694
46.29241
28.457213
31.520964
35.552598
41.313353
42.708042
35.506227
39.031593
43.291525
45.454511
45.596405
32.521821
35.726912
40.706458
44.182641
46.313533
29.349528
31.688142
35.27888
39.439763
42.462916
23.378201
24.880102
27.651031
31.520331
34.602345
16.834542
18.079973
21.135951
24.657487
27.038724
37.012639
38.563954
40.789148
43.047122
44.612006
38.946305
40.496217
42.764954
45.004795
46.607375
42.095735
43.474696
45.675444
47.933401
49.458093
45.695142
46.8193
48.697866
50.931347
52.457389
48.335874
49.412524
50.978877
52.925622
54.581417
49.494851
50.68717
52.246236
53.936958
55.48452
51.767691
53.059379
54.84812
56.415343
57.518049
54.548714
55.956182
57.963703
59.729186
60.551877
54.912116
56.845451
59.279449
60.835278
61.052267
51.694376
53.822702
56.700387
58.36906
58.166836
43.674472
44.523187
45.988721
47.662221
48.872111
45.311215
46.55717
48.09025
49.830144
51.125147
46.38524
47.965081
50.228291
52.322466
53.819559
45.112401
46.644232
49.499909
52.107012
53.963112
41.982139
43.883603
46.333492
48.841498
50.743142
53.95625
56.224517
59.162105
61.382334
61.031047
56.270901
58.241891
60.719856
60.928389
58.366406
59.31196
60.644507
61.122719
57.164969
51.823517
60.946851
60.580232
57.649594
50.263311
43.408186
60.558334
58.43817
52.930745
44.328781
37.386714
59.431114
56.643104
50.158978
41.177654
34.477829
56.048445
51.831881
44.073132
35.338526
29.460277
48.514817
43.402804
35.694729
28.384532
23.798798
40.764424
35.942713
29.425581
23.647504
20.067603
36.642867
32.304374
26.64258
21.670833
18.600832
56.313894
57.939802
59.689312
60.631292
60.164497
58.144958
59.405311
60.475171
59.574729
57.553546
60.762019
60.650885
58.937601
54.773103
50.775067
60.646652
58.811103
54.239577
47.924072
43.160958
57.637442
55.76167
50.686062
43.630315
38.850115
12.325441
9.4036735
6.5704127
4.5164982
3.290365
11.070235
8.5134811
5.999759
4.1693668
3.0850179
9.4785352
7.3858481
5.2835499
3.7447784
2.8414604
8.1571135
6.4635758
4.7241034
3.4403413
2.6872012
7.4369689
5.9746098
4.4534287
3.3203149
2.6495916
7.1359827
5.7752781
4.3495861
3.285513
2.6557485
6.6662681
5.4955366
4.2474713
3.2976137
2.7307305
6.3080855
5.3562601
4.3196504
3.5085821
3.0109713
6.4546541
5.6500976
4.742036
4.0118198
3.5594899
6.9282707
6.1997222
5.3438755
4.6116643
4.1447901
31.360813
25.687486
18.20831
11.624089
8.2560708
26.812625
22.039701
15.821519
10.392615
7.6065456
21.747221
18.066691
13.30664
9.1769035
7.0446919
18.46311
15.60015
11.910621
8.7171157
7.049014
17.227623
14.772175
11.614357
8.8861748
7.4508453
