FiniteElementSpace
FiniteElementCollection: L2_2D_P4
VDim: 1
Ordering: 0

0.48129376
0.41610068
0.34717558
0.28507721
0.24255857
1.1935348
0.99527791
0.75639112
0.5730431
0.47407347
1.5291849
1.2772183
0.98097518
0.75025657
0.62259125
2.153022
1.7936765
1.3692521
1.0425489
0.86381344
2.5238575
2.1057053
1.6122606
1.2303702
1.020866
0.091655212
0.078176824
0.062676299
0.051360917
0.045756308
0.15204842
0.1263794
0.097392819
0.076702687
0.066477864
0.20191363
0.16806513
0.12973833
0.10208316
0.088177489
0.27771847
0.23063974
0.17708391
0.13814748
0.11834357
0.33171774
0.27560504
0.21151439
0.16463231
0.14060271
0.047647911
0.055140526
0.071696837
0.097010136
0.12098373
0.057708734
0.065428849
0.083313207
0.11134652
0.13817017
0.071114207
0.079511137
0.099598093
0.13150948
0.16211964
0.08619365
0.094593353
0.11589657
0.15072443
0.18461423
0.096848652
0.10503099
0.12697941
0.16395937
0.20055108
0.4965991
0.63344221
0.90595168
1.295133
1.6502603
0.55825944
0.70862823
1.0053254
1.4331528
1.8353558
0.64448374
0.82332811
1.1909279
1.7450106
2.2774331
0.75295391
0.97097106
1.4162408
2.063971
2.6583399
0.8331261
1.07056
1.5397588
2.1965033
2.7853536
7.491968
6.3159734
4.8888434
3.7546247
3.1210376
9.0500292
7.6242568
5.8937806
4.5193998
3.7527637
11.955792
10.06284
7.7659943
5.9442682
4.9292069
15.81512
13.287925
10.234379
7.8159538
6.4680805
19.193015
16.092272
12.356642
9.4071365
7.7690031
0.99289267
0.81877003
0.61900844
0.47100441
0.39342518
1.1851179
0.97572348
0.73579538
0.5581015
0.46478321
1.5342516
1.2593894
0.94538193
0.71336101
0.59151972
1.9813781
1.6220921
1.2125222
0.91034968
0.75168795
2.3560777
1.9255223
1.4356169
1.074765
0.88528617
0.19429266
0.19421331
0.21094409
0.25053203
0.29311544
0.21746027
0.21423743
0.22765242
0.26513581
0.30695738
0.25805371
0.24893025
0.25615083
0.28935692
0.32908459
0.30863523
0.2912827
0.28985579
0.31837512
0.35671273
0.34999882
0.32674271
0.31818508
0.34106691
0.37747765
1.0035072
1.248083
1.7347147
2.4273267
3.0574829
1.021694
1.2664634
1.7524808
2.4435478
3.0741641
1.0501088
1.2914579
1.7739516
2.4642927
3.0958718
1.0817706
1.3188578
1.7964462
2.4825063
3.1112129
1.1079687
1.3396233
1.8122973
2.4944756
3.1198091
6.3008465
5.0912658
3.7336051
2.7487161
2.2374122
7.3554441
5.9299064
4.3355962
3.1831189
2.586567
9.1684445
7.3711832
5.3681155
3.9256822
3.1811052
11.31939
9.0809534
6.5908022
4.8025993
3.8815348
12.997511
10.412143
7.5402156
5.4820518
4.4236379
0.77242226
0.68322111
0.60441991
0.58640801
0.61173609
0.90249411
0.80532197
0.7184047
0.68918339
0.70230155
1.1076205
1.0001562
0.91945895
0.91386098
0.94544338
1.3247201
1.195599
1.1114398
1.1429163
1.2277033
1.4903399
1.3402565
1.2377203
1.2673983
1.3658016
1.4256631
1.5957344
1.9918977
2.5878495
3.1476713
1.5363989
1.6677941
2.0042442
2.5759466
3.1415369
1.8134036
1.8705483
2.1321692
2.6349723
3.1440227
2.4350088
2.4427956
2.5599635
2.8356965
3.1657008
3.2875544
3.0785069
2.8716945
2.9364046
3.1746198
26.917588
21.4252
15.363186
11.051803
8.850474
29.925915
23.789597
17.036098
12.236923
9.788404
34.665597
27.507124
19.657759
14.085801
11.244748
39.706504
31.468255
22.448453
16.051459
12.790162
43.252562
34.264563
24.419447
17.44232
13.885312
2.8701472
2.582069
2.4027454
2.4969683
2.7251535
3.1158182
2.7775604
2.5453203
2.6098874
2.8291613
3.4811627
3.0708459
2.7628157
2.7756799
2.9676683
3.8646483
3.3765516
2.983203
2.9364642
3.1000735
4.1354639
3.5904523
3.1354571
3.047656
3.1920741
7.4149919
6.0224528
4.5550563
3.6269982
3.2500175
7.4990858
6.0828126
4.5988956
3.6551555
3.2558678
7.5992697
6.1593519
4.6390135
3.6672476
3.2571246
7.6724316
6.2139839
4.6739735
3.6846743
3.261335
7.7126543
6.2449815
4.6938859
3.6948415
3.263895
63.91921
50.684189
36.012224
25.627955
20.34853
66.97406
53.112464
37.735407
26.85325
21.323331
71.060753
56.379653
40.066065
28.510677
22.640467
74.583958
59.204872
42.085213
29.95163
23.788948
76.639225
60.845161
43.255077
30.797908
24.476651
5.7625407
4.8722685
4.0378116
3.6811883
3.6893043
6.0234059
5.0779369
4.1824629
3.7810611
3.7638503
6.3923437
5.3668129
4.3841706
3.9178935
3.8639546
6.7443117
5.6420134
4.5655228
4.0317778
3.9475458
6.9696536
5.8139071
4.6893684
4.119004
4.002454
7.817049
6.3191543
4.7321798
3.7044728
3.2568754
7.8103797
6.312907
4.7252307
3.6952294
3.2468152
7.7822992
6.286938
4.7008196
3.6746994
3.2299204
7.7230996
6.2353698
4.6639876
3.646667
3.2024724
7.6651242
6.1954865
4.6284792
3.6056758
3.1641124
82.490821
65.723723
47.010349
33.858214
27.286064
82.195041
65.489204
46.861319
33.788034
27.270655
81.272972
64.777907
46.410231
33.552229
27.177448
79.599699
63.457535
45.53988
33.019964
26.820245
78.002988
62.171594
44.648224
32.419377
26.360862
11.482741
9.0758595
6.6227716
5.0225562
4.2811429
12.300167
9.686294
6.9214325
5.1212282
4.2959236
12.827272
10.187242
7.3059652
5.3021962
4.3126125
12.959688
10.278503
7.3601994
5.315975
4.285264
12.942028
10.250379
7.3034409
5.2572076
4.2438394
3.5830578
3.1038241
2.5000992
2.1226717
2.0063447
2.7316117
2.4523473
2.1468352
1.9469781
1.8874086
2.1064559
1.8484491
1.6335935
1.5779638
1.6166094
1.8178491
1.5970332
1.3981241
1.3486981
1.4038204
1.6974084
1.4950842
1.3319432
1.2943902
1.3430435
0.21958901
0.18745981
0.14910668
0.11795992
0.10004988
0.4311893
0.35596639
0.26814292
0.20223246
0.16727695
0.56503121
0.46782059
0.35424883
0.26823
0.22221574
0.78434614
0.64837808
0.48949028
0.36967499
0.30580788
0.92720806
0.76795418
0.58185627
0.44080276
0.36516095
1.0272128
0.85084173
0.64438685
0.48776696
0.40377101
1.2518498
1.0356314
0.78258468
0.59110628
0.48873284
1.6404487
1.3585831
1.0266785
0.77447712
0.63945375
2.1485019
1.7805707
1.3459273
1.0142958
0.83626963
2.5824513
2.1385313
1.6143803
1.2150722
1.0010855
2.7998035
2.336646
1.7871541
1.3628032
1.1307486
3.3798185
2.8324131
2.1756147
1.6617692
1.3785237
4.3245913
3.6454104
2.8226916
2.1694705
1.8046753
5.6516233
4.764907
3.6904272
2.8381806
2.3626709
6.8153697
5.7423446
4.4434924
3.4145645
2.8408574
0.043486057
0.040410491
0.038844757
0.040977741
0.044837546
0.06230584
0.056115202
0.051370702
0.05168883
0.054986147
0.082388407
0.073626481
0.066262588
0.065221003
0.068294184
0.11000766
0.097100051
0.085334223
0.081570254
0.083640965
0.13040564
0.11445354
0.099375903
0.09344739
0.094605341
0.14303675
0.12505585
0.10772722
0.10031207
0.10085378
0.17040749
0.14795639
0.12567423
0.11489131
0.11397615
0.21805569
0.18775763
0.15691635
0.14050345
0.13720237
0.27938563
0.23874406
0.19642982
0.17207996
0.16497756
0.33059524
0.28110532
0.22881292
0.19710247
0.18609468
0.36669082
0.30441927
0.23330466
0.18122386
0.15443439
0.44360445
0.36782235
0.28117836
0.21747171
0.18450231
0.57989115
0.47980193
0.36524951
0.28081559
0.23691437
0.75766865
0.62552384
0.47427182
0.36268997
0.30449123
0.90665247
0.74791776
0.56601355
0.43145204
0.36104287
0.13582286
0.17121793
0.24204908
0.34421522
0.43871995
0.15483819
0.19467706
0.27449134
0.38913699
0.49437693
0.18111237
0.22651385
0.31723525
0.44810157
0.56966351
0.20582032
0.25699133
0.36124878
0.5156421
0.66205548
0.22368582
0.27998175
0.39623218
0.56938435
0.73279975
0.23384267
0.2933047
0.41641637
0.59824142
0.7672452
0.25665049
0.32116186
0.45150744
0.63790743
0.80730079
0.2834172
0.34920867
0.48067363
0.66863866
0.84103063
0.3016594
0.36750282
0.50103821
0.69406183
0.87146427
0.3131267
0.37977424
0.51572657
0.71168816
0.89071555
0.10289465
0.1108639
0.13304212
0.17122845
0.20950081
0.1155505
0.12319949
0.14651574
0.18806453
0.23004042
0.13796732
0.14486024
0.16879031
0.21237925
0.2560193
0.16417869
0.16862758
0.18992015
0.23165636
0.27449415
0.18359591
0.18534994
0.20377629
0.24366568
0.28591563
1.8636371
2.3736859
3.3680973
4.8789218
6.4747567
2.08961
2.7059636
4.0335159
6.1051088
8.0783739
2.6102635
3.4145203
5.0204662
7.2763989
9.306967
3.0195625
3.8595045
5.4889072
7.7967898
9.9212755
3.1411185
3.9732642
5.6351095
8.0256025
10.198156
3.16966
4.0338178
5.7432245
8.1381698
10.300314
3.2659195
4.1427292
5.8536002
8.2675324
10.469501
3.3465037
4.2302642
5.9667111
8.4198431
10.647646
3.3983997
4.2943294
6.0488825
8.5212468
10.768072
3.4292086
4.3283176
6.0877481
8.5704213
10.827066
0.86962595
1.1084864
1.5718239
2.2190405
2.8085245
0.90902028
1.1453761
1.6116455
2.2782812
2.8913562
0.94490509
1.1875638
1.6684095
2.3504496
2.9701888
0.97748004
1.2230047
1.7067173
2.3918592
3.0170636
0.99677841
1.2407998
1.7241947
2.4139797
3.0451845
2.83575
2.3460647
1.7692506
1.3309656
1.0963833
3.4080094
2.8165812
2.1205448
1.592155
1.3096282
4.472802
3.6899246
2.7686826
2.0703595
1.6979894
5.8622906
4.8238403
3.6047001
2.684421
2.1957942
7.0348482
5.7784988
4.3076694
3.2002156
2.6133315
7.7132582
6.3314541
4.7144218
3.4976429
2.8535245
9.2347114
7.5665645
5.6186624
4.1579085
3.3868944
11.996033
9.8042507
7.2510034
5.3436061
4.3408432
15.491518
12.630575
9.3021147
6.8228754
5.5248845
18.384136
14.960964
10.982107
8.0268641
6.485328
0.35986395
0.30516156
0.24705926
0.2111385
0.19783574
0.42431532
0.35798411
0.28660228
0.24106994
0.22298404
0.53861787
0.45159299
0.35680876
0.29419738
0.26731701
0.68277089
0.56923432
0.44485045
0.36088638
0.322816
0.80289476
0.66682519
0.51694758
0.41481668
0.36786083
0.87199383
0.72316037
0.55861143
0.44536192
0.39256247
1.0221394
0.84505929
0.6492943
0.51365564
0.44901749
1.2857066
1.0578982
0.80588472
0.63074783
0.54647596
1.6102199
1.3207453
0.99933055
0.77389131
0.66421834
1.8712286
1.5342047
1.1606626
0.89711613
0.76639033
2.5715768
2.0998228
1.5636344
1.1690794
0.96199078
3.0498222
2.4863541
1.846496
1.3760123
1.1292557
3.9034087
3.173524
2.3470228
1.7409174
1.4234399
4.9602266
4.020609
2.9615306
2.1887348
1.7851549
5.8159567
4.7045084
3.4555242
2.5477045
2.0754281
0.32046188
0.38741047
0.52340308
0.71881113
0.89756077
0.3340719
0.40061286
0.5366053
0.73365934
0.91495598
0.35553513
0.42170692
0.55910524
0.7593552
0.94348819
0.38262309
0.44818056
0.58601429
0.78863935
0.97557325
0.40342573
0.46972308
0.60875196
0.81299268
1.0025153
0.41472946
0.47967909
0.62050628
0.82833302
1.0193491
0.44373274
0.50772278
0.64783654
0.85857521
1.053818
0.49090183
0.55702164
0.70118783
0.9168283
1.1185928
0.55148323
0.61509801
0.76640681
0.99819452
1.2102577
0.61438579
0.67757202
0.82088427
1.0567145
1.2878917
0.37230772
0.345724
0.33487699
0.35624621
0.39031981
0.42353803
0.38807447
0.36814299
0.38555604
0.41939222
0.51269748
0.46367924
0.42849495
0.43569061
0.46646976
0.61993766
0.55513997
0.50568037
0.50447679
0.52995476
0.71254428
0.63115256
0.56534264
0.56011977
0.5896986
3.4402215
4.3391616
6.1032516
8.5919394
10.850858
3.4585071
4.3611647
6.1299339
8.6230963
10.887501
3.4805238
4.3837596
6.1543665
8.6516129
10.91969
3.4948102
4.3964179
6.1655669
8.6619333
10.929947
3.5011631
4.3996967
6.1664797
8.6602744
10.924876
3.5051896
4.4036854
6.1656065
8.6541913
10.917211
3.5081117
4.401027
6.1568097
8.6387249
10.896443
3.5094836
4.3913138
6.1335098
8.6012911
10.845422
3.5094479
4.3821681
6.0993342
8.5346967
10.758867
3.5002923
4.3521993
6.0561986
8.4769128
10.67829
1.1245741
1.3534224
1.8195486
2.4969277
3.122663
1.1584491
1.380862
1.8393707
2.5095384
3.1289904
1.2211302
1.4290208
1.8722204
2.5282253
3.1365843
1.3103988
1.4981521
1.9089707
2.5400703
3.139325
1.3874694
1.5536144
1.950306
2.5674925
3.1454391
20.029857
16.2867
11.936279
8.7100607
7.0299685
23.651462
19.198654
14.031145
10.203152
8.2154521
29.892335
24.215628
17.638665
12.772831
10.254166
37.282155
30.176976
21.92218
15.822922
12.675197
43.012223
34.835316
25.278207
18.209709
14.567597
46.148133
37.403616
27.130843
19.524801
15.611411
52.713896
42.796553
31.040016
22.299325
17.809084
63.361379
51.625482
37.475125
26.87736
21.439641
75.093117
61.624117
44.79097
32.060916
25.563016
83.473387
69.062708
50.291372
35.933376
28.654537
2.0167831
1.6531623
1.2517396
0.96997872
0.83029481
2.3298187
1.9074083
1.4439028
1.1227269
0.96640367
2.8612825
2.3359475
1.7619299
1.3687025
1.1818271
3.4863048
2.8378896
2.1299745
1.645279
1.415403
3.9697252
3.2257535
2.4143207
1.8589016
1.5949551
4.2558477
3.4660458
2.6117399
2.0389076
1.7772134
4.8090841
3.9085007
2.9344025
2.2795286
1.9780486
5.7139369
4.6293237
3.4554765
2.6633911
2.2959137
6.7372853
5.4433452
4.0430851
3.0979866
2.6591948
7.501906
6.0518636
4.4831931
3.4241466
2.9311655
13.923681
11.148809
8.0704087
5.8685533
4.7390389
15.871967
12.689929
9.165966
6.6493057
5.3600161
19.088344
15.234317
10.971275
7.9321939
6.3776523
22.72956
18.116333
13.016442
9.3851653
7.5293704
25.451666
20.269014
14.543825
10.470339
8.389714
0.63702688
0.71280398
0.87474534
1.1062691
1.3276954
0.72022658
0.78332966
0.94935271
1.2096495
1.4448583
0.97174542
1.0414577
1.2016458
1.4674237
1.7329194
1.2886069
1.4456248
1.7371418
2.0829662
2.3630824
1.4435371
1.6491229
2.1087063
2.745256
3.2209269
1.9631835
2.3151444
3.0642492
4.2363295
5.4450074
2.1231085
2.5224949
3.4383909
4.9002793
6.3040411
2.4593068
2.9415609
3.9838816
5.5222875
6.9388205
2.7441132
3.2252753
4.2532915
5.7911004
7.2347235
2.8576383
3.3191099
4.3434034
5.9043481
7.3588309
1.6784234
1.5495657
1.5055693
1.634042
1.828452
1.8629585
1.7090898
1.6422669
1.7657921
1.9722102
2.1546033
1.9629581
1.8750457
2.0232087
2.2764962
2.4902036
2.259697
2.1469085
2.2969199
2.5576345
2.7400549
2.4752174
2.3256362
2.4444035
2.6828283
3.4962747
4.3292876
6.0109708
8.4312489
10.636517
3.4952563
4.3336799
5.9892303
8.3468943
10.511913
3.4651831
4.2472943
5.8336799
8.1129519
10.198126
3.3977917
3.9989199
5.3521029
7.4777534
9.5041369
3.3573322
3.8637011
4.9932299
6.7735479
8.5674625
3.2731374
3.5043587
4.1890823
5.2960366
6.2553798
3.2327046
3.369067
3.8300049
4.5915016
5.3182857
3.1653757
3.1203682
3.3475881
3.9549625
4.6226039
3.1352639
3.0332577
3.1903919
3.7184792
4.3056374
3.1340302
3.0367902
3.1669192
3.6315147
4.1777743
5.4943405
4.4828219
3.6253764
3.2545913
3.2200113
6.3478995
5.1192701
3.9375314
3.3554966
3.2290069
6.9733915
5.694329
4.3669511
3.5569725
3.2509609
7.2569644
5.9018033
4.4975549
3.6171779
3.2537931
7.3735084
5.9780368
4.5121923
3.606152
3.2477937
87.764409
73.013972
53.26262
38.017023
30.319783
95.9389
80.905507
59.374647
42.292539
33.731005
106.93473
92.47649
68.925469
49.024773
39.073893
116.31465
103.5192
78.911955
56.221593
44.716586
121.64361
110.48082
85.782206
61.324715
48.671604
124.00813
113.79575
89.25307
63.970613
50.711485
127.88016
119.66169
95.827348
69.167262
54.718072
132.02319
126.82922
104.76407
76.666921
60.539383
134.83811
132.4815
112.73718
83.885445
66.236117
136.24173
135.59058
117.55873
88.545312
69.990299
7.9117691
6.3780922
4.7194006
3.5985538
3.0746286
8.7459211
7.0409606
5.1957951
3.9426106
3.3500878
10.037424
8.0606511
5.9188849
4.457296
3.7598768
11.405182
9.1378473
6.6795925
4.9979842
4.1904594
12.373933
9.9018987
7.219695
5.3817457
4.4953953
12.876558
10.298855
7.5003641
5.5804952
4.6526677
13.863671
11.079138
8.0530262
5.9733093
4.9650826
15.308211
12.219023
8.8594879
6.5465524
5.42134
16.719828
13.33146
9.6464159
7.1073993
5.8698195
17.63925
14.05926
10.166632
7.4819196
6.171731
45.081816
35.709083
25.437298
18.161761
14.453109
48.672615
38.551684
27.438855
19.575191
15.568954
53.88057
42.695415
30.367045
21.644881
17.202971
58.955404
46.738991
33.228231
23.666418
18.799327
62.288509
49.389903
35.098853
24.982257
19.837395
2.8980422
3.3679436
4.4063369
5.9596967
7.4026363
2.99968
3.4600486
4.4804136
6.0305734
7.4887784
3.1259276
3.5683285
4.5785192
6.1321421
7.5939045
3.2475667
3.6741836
4.668473
6.2121761
7.6722639
3.3312899
3.7434174
4.7216871
6.257026
7.715258
3.3714599
3.7750918
4.7467544
6.2793256
7.7357892
3.449142
3.8389002
4.7956817
6.3174188
7.7689672
3.5613134
3.9278603
4.858858
6.3627219
7.8054571
3.6675574
4.009593
4.9133615
6.3973194
7.8294795
3.7358339
4.060302
4.9456788
6.4152528
7.8375498
4.274986
3.7009996
3.215386
3.105961
3.2379452
4.5525954
3.920291
3.3704018
3.2151849
3.3245379
4.9578014
4.2390317
3.5947757
3.3739919
3.4507174
5.3569809
4.5538022
3.8168299
3.5296119
3.5717102
5.6260984
4.7646422
3.9649628
3.6331596
3.6511063
3.1297896
3.0132881
3.1205587
3.5841465
4.133912
3.1198915
2.9816762
3.074552
3.5222819
4.0483515
3.1175599
2.9686949
3.0343347
3.4472807
3.9515844
3.1145301
2.9526843
3.0018322
3.3974307
3.8857213
3.1128721
2.9436293
2.98413
3.3705866
3.8514788
3.1133167
2.9436015
2.9781903
3.3575033
3.8353548
3.1119435
2.9371544
2.966078
3.3390623
3.8105272
3.1096365
2.9294983
2.9510889
3.3166235
3.7824594
3.1047924
2.9221637
2.9392141
3.2988199
3.760011
3.1012484
2.9168425
2.9305171
3.2873866
3.7469929
7.7318688
6.2602347
4.7010664
3.6952935
3.2635164
7.7615924
6.2815018
4.7143075
3.7023464
3.265392
7.7938385
6.3055913
4.7284446
3.7080615
3.2657093
7.8136877
6.3193442
4.7348199
3.7081993
3.2623865
7.8184509
6.3212368
4.7332454
3.705233
3.2591381
136.863
136.98762
119.80756
90.795222
71.828347
138.00624
139.43997
123.85106
94.966334
75.273864
139.40289
142.26685
128.75766
100.36216
79.861513
140.37889
144.23758
132.52279
104.84968
83.791966
140.90302
145.2735
134.61245
107.44669
86.083552
141.26319
145.8201
135.60967
108.68096
87.184057
141.70705
146.53101
137.11058
110.71366
89.06147
142.04155
147.07995
138.5804
112.84711
91.023702
142.28447
147.3184
139.3177
113.97954
92.062047
142.45304
147.41808
139.50255
114.2886
92.388524
18.09228
14.418144
10.425058
7.6704954
6.3241968
18.958695
15.10556
10.916639
8.0270631
6.615122
20.130364
16.039994
11.594077
8.5250604
7.0259437
21.152535
16.857231
12.196359
8.9850087
7.4149107
21.772068
17.359057
12.559
9.2585504
7.6605672
22.056951
17.598207
12.754199
9.4068306
7.7781301
22.564893
17.998986
13.060126
9.6740834
8.0256806
23.252959
18.602442
13.558123
10.108089
8.4549895
23.801606
19.196382
14.233157
10.825643
9.1677803
24.016012
19.447877
14.640939
11.515469
10.048845
77.633934
61.648809
43.831768
31.204368
24.796687
79.350567
63.055443
44.850046
31.930548
25.371475
81.140385
64.52611
45.945422
32.781001
26.108762
82.086291
65.306345
46.557677
33.321881
26.648279
82.404522
65.59263
46.796669
33.529426
26.853166
3.7709535
4.0884195
4.9611089
6.4196125
7.8373459
3.8339261
4.132215
4.9839385
6.4256922
7.8331251
3.9170717
4.1868534
5.006365
6.4214546
7.8094912
3.9889906
4.2355611
5.0157272
6.3896989
7.7541847
4.024009
4.2421251
5.0010767
6.3563737
7.6974753
4.0410891
4.2377139
4.9717897
6.3243922
7.6686798
4.0780311
4.2745812
4.978712
6.2688694
7.5740761
4.1001214
4.2362171
4.8688377
6.0842998
7.3166014
4.0796576
4.039465
4.4490201
5.5242355
6.7104453
4.0632704
3.9352996
4.1384752
4.8939037
5.8663266
7.0769079
5.9107691
4.7700769
4.1676167
4.0277612
7.3040849
6.0761452
4.8506122
4.2061741
4.0632002
7.7076616
6.3819092
5.0567133
4.3274062
4.1206229
8.4037542
7.0159695
5.5343389
4.5732334
4.1879609
9.2777328
7.6703078
5.8630057
4.6922299
4.2183562
3.0977109
2.9115838
2.9253035
3.28282
3.7421652
3.0880123
2.9033396
2.9174675
3.2729948
3.7302933
3.0725398
2.8886054
2.9015328
3.2557679
3.712591
3.0444519
2.8609931
2.8777756
3.2358474
3.6936286
3.0112974
2.8370272
2.8602521
3.2169066
3.6716268
3.0038914
2.8282665
2.8446234
3.19682
3.6514478
2.9438961
2.7627083
2.7809162
3.1434594
3.6069514
2.7502658
2.5992338
2.6641464
3.0653651
3.5478645
2.5235207
2.4396848
2.5691461
3.0057206
3.5017437
2.4271838
2.3679369
2.516753
2.9645055
3.466537
7.6344663
6.1548556
4.5842649
3.5819531
3.1548959
7.5334922
6.0681517
4.5285994
3.5347374
3.0994528
7.2658882
5.8331332
4.3044707
3.3131943
2.8924902
6.6530031
5.2388391
3.7978925
2.9487306
2.6251388
5.8052642
4.5902712
3.4466376
2.7743945
2.5072253
142.38563
147.35787
139.47657
114.31326
92.452949
141.99171
147.04032
139.15007
113.95958
92.130272
141.5981
146.66147
138.31805
112.79344
91.095539
141.41521
146.26704
136.9719
110.75517
89.23819
141.22616
145.79447
135.65425
108.85316
87.482799
141.06506
145.42284
134.77513
107.68473
86.433552
140.78377
144.60303
132.81698
105.13984
84.17225
139.91629
142.69001
129.04787
100.62835
80.228768
138.60314
139.87141
124.09124
95.198493
75.630244
137.50503
137.41946
120.01667
91.006557
72.174106
90.545029
99.693693
113.36594
127.43594
136.81075
90.950146
100.09484
113.70485
127.64711
136.78076
91.173868
100.2418
113.74562
127.59399
136.36953
91.460733
100.40484
113.72821
127.43095
135.69247
91.864372
100.73167
113.90793
127.4472
135.18859
24.509678
20.094424
15.584295
13.000054
12.269704
24.528863
20.190903
15.87967
13.609125
13.086843
24.510365
20.324801
16.22039
14.086184
13.608881
24.230579
20.162276
16.175009
14.134161
13.732598
23.830156
19.85585
15.986214
14.052767
13.704563
3.9995387
3.6040176
3.3777115
3.4872392
3.6600269
3.9695309
3.4893087
3.0598048
2.8516802
2.8117321
3.9044838
3.2576762
2.6155124
2.274271
2.1917613
3.8514443
3.1600867
2.4638019
2.0599865
1.9106136
3.8201344
3.1430225
2.4324625
1.9771501
1.7941411
1.9859223
2.0287201
2.2878701
2.8098617
3.3467137
1.8887197
1.956341
2.2351134
2.7684954
3.311478
1.6590126
1.7946454
2.1389211
2.7084067
3.2653472
1.4603806
1.627565
2.0201784
2.6296599
3.2063984
1.3958001
1.5587147
1.9547514
2.5758509
3.1621959
