FiniteElementSpace
FiniteElementCollection: L2_2D_P4
VDim: 1
Ordering: 0

85.525853
81.25016
75.658583
71.06701
68.348194
108.49123
102.21458
94.334115
87.825912
84.070448
138.655
129.33379
117.76346
108.22817
102.74953
173.08083
159.51373
142.72663
128.97104
121.10026
200.23838
183.12371
161.90597
144.55321
134.66112
58.469707
57.571167
56.524788
55.740167
55.319746
70.32117
69.088175
67.656393
66.585056
66.013653
82.819234
81.036737
78.969841
77.426293
76.604862
92.791474
90.284997
87.386846
85.230214
84.085717
99.086689
95.961548
92.354274
89.675771
88.257636
53.995686
53.876874
53.722178
53.577554
53.477257
64.228583
64.071921
63.870389
63.685295
63.55903
74.063136
73.845571
73.570057
73.323139
73.158707
80.582858
80.29121
79.927453
79.608985
79.401612
83.955131
83.603367
83.168353
82.792554
82.550966
52.495606
52.187451
51.587105
50.740184
49.969028
62.371872
62.009049
61.308266
60.316216
59.396623
71.693116
71.247594
70.368405
69.090111
67.888071
77.611798
77.070152
76.009048
74.504905
73.135541
80.519077
79.923341
78.784439
77.215347
75.811646
476.66851
433.81162
371.4956
311.01348
274.51982
537.95577
489.66875
424.19752
358.58496
316.16769
625.30653
580.44151
509.21379
435.64334
388.05843
690.32431
666.82146
598.42833
518.52187
467.63879
706.50292
708.04135
659.57269
581.64468
524.62981
145.95161
135.13899
122.8489
113.91018
109.25756
158.23451
144.98885
129.96573
119.07992
113.43639
180.4018
162.60733
142.49899
128.0018
120.53414
208.88418
185.02658
158.21783
139.01193
129.15796
232.90849
203.85088
171.28334
148.06631
136.16483
95.899208
94.911502
93.744883
92.812039
92.263019
97.418378
96.254878
94.889081
93.808671
93.180774
99.685218
98.210617
96.494047
95.155395
94.390485
102.12455
100.26257
98.1109
96.451326
95.515443
103.95625
101.77519
99.267087
97.348232
96.274759
88.84988
88.09619
86.726847
84.897519
83.280215
89.429965
88.644109
87.236938
85.377499
83.739459
90.040974
89.205567
87.739356
85.829738
84.160622
90.415211
89.518883
87.982201
86.021287
84.325385
90.546344
89.601961
88.012258
86.010882
84.293366
476.63094
404.58692
311.40916
241.89477
207.26785
530.16626
454.06144
350.0623
267.58658
226.27169
612.2434
531.15378
414.81401
312.72746
259.38709
698.46267
611.01644
486.51818
367.21713
300.10873
760.56571
667.38236
538.17832
409.32106
332.78934
119.52184
114.25647
108.3217
103.90431
101.5075
123.20945
117.14953
110.33688
105.2926
102.5751
129.33437
121.94454
113.63595
107.47929
104.16962
136.38779
127.47103
117.45091
109.99716
105.95857
141.76308
131.6779
120.36716
111.96394
107.40624
88.838842
87.404621
85.289975
82.930262
81.056412
87.898061
86.328159
84.051571
81.60106
79.69889
85.812902
84.0032
81.541396
79.01852
77.087514
82.380703
80.288789
77.463871
74.657377
72.625272
78.714525
76.103922
72.632334
69.467143
67.345022
967.30963
958.83399
854.09036
698.99888
585.86735
987.71196
979.11143
895.55268
753.73865
630.66355
1016.1994
1001.4133
948.53211
830.77531
695.95647
1043.6571
1022.6282
992.21767
897.85763
762.00321
1061.6444
1039.8574
1016.073
934.38623
808.26239
182.96852
163.77298
142.48309
126.71101
118.22221
191.36649
170.31063
147.06766
129.89915
120.66929
204.22731
180.30041
154.05869
134.78231
124.43362
217.50459
190.61695
161.27475
139.83384
128.33776
226.68565
197.74399
166.25961
143.31233
131.0345
54.639762
49.436657
43.489776
38.929303
36.348523
54.345782
48.941377
42.801079
38.133186
35.505676
54.266622
48.603419
42.183427
37.334202
34.625667
54.499239
48.58602
41.898332
36.864513
34.069034
54.780641
48.7005
41.835216
36.685068
33.836156
1156.6149
1139.9572
1114.6722
1072.8113
1023.8169
1169.4554
1153.6585
1128.2705
1088.7356
1044.9173
1186.3474
1172.2352
1147.5662
1110.4254
1071.0126
1202.4848
1189.9739
1166.7889
1131.65
1094.1422
1213.4842
1201.5777
1179.6917
1146.1555
1109.2262
278.89321
237.94512
194.15314
162.60717
145.8539
286.36728
243.6963
198.02373
165.24476
147.78354
296.2886
251.20602
202.95416
168.50671
150.10436
304.5552
257.34486
206.81961
170.91404
151.68008
309.23769
260.64046
208.71945
171.98582
152.23403
57.20474
50.285067
42.52239
36.754491
33.605439
57.567365
50.544005
42.669522
36.822231
33.634646
57.995196
50.845251
42.836126
36.900453
33.673094
58.25359
51.016471
42.929084
36.936438
33.677031
58.30954
51.05581
42.929335
36.900032
33.630857
1236.4035
1227.8614
1212.2119
1184.4417
1147.8586
1235.999
1227.4212
1210.7399
1181.7533
1144.6626
1231.7287
1222.2243
1203.9904
1173.6157
1136.2172
1221.6629
1210.6149
1190.6445
1158.8427
1121.3641
1211.0882
1199.0048
1177.6488
1144.7555
1107.3983
293.04588
242.19223
185.51468
145.50891
124.52355
282.91143
235.70877
179.95494
139.65268
118.76758
276.61067
229.42926
173.88297
133.83685
113.16722
270.26346
223.1432
168.44467
129.08338
108.82415
265.05298
218.48356
164.68299
125.92253
106.05747
50.747851
45.237887
38.888589
34.05788
31.400163
48.841593
43.771511
38.030172
33.562119
31.044958
46.998624
42.177754
36.785554
32.688727
30.391116
45.701902
41.121854
35.946266
32.005031
29.805454
44.93661
40.508931
35.515088
31.684991
29.526028
67.143101
64.955559
62.287724
60.172314
58.988298
82.357248
79.29898
75.593297
72.661852
71.038322
100.26592
95.819951
90.449634
86.205284
83.855421
117.55293
111.20756
103.57418
97.566483
94.249859
130.16807
122.18396
112.58777
105.05447
100.91107
137.08703
128.11834
117.36755
108.93857
104.29468
151.99079
140.83459
127.44502
116.95135
111.18665
178.16013
162.79963
144.458
130.12783
122.27424
211.97277
190.72937
165.56427
146.05359
135.3989
240.97734
214.57563
183.35177
159.25803
146.13523
215.73605
196.48684
172.72007
153.22506
142.0802
251.1465
226.57609
196.4626
172.16246
158.23995
316.28874
282.87666
240.32615
206.03345
186.81326
391.99855
352.64426
298.27417
250.81501
223.95185
447.22838
405.50686
345.48009
289.02088
255.82496
55.13721
54.828454
54.474352
54.208185
54.062378
65.765182
65.346681
64.868669
64.511426
64.317109
76.248446
75.649098
74.96708
74.460468
74.186986
83.59029
82.758628
81.816339
81.121721
80.750107
87.644398
86.617591
85.458695
84.609374
84.157745
89.496423
88.35659
87.072752
86.134173
85.636188
92.891175
91.497392
89.932727
88.794764
88.194355
97.538161
95.67688
93.598972
92.100308
91.316141
102.15749
99.689717
96.950484
94.991163
93.974352
105.48458
102.50229
99.203942
96.858063
95.648045
102.26274
98.769294
94.741655
91.756001
90.17718
108.65627
104.32416
99.34203
95.663412
93.725517
118.83848
112.95773
106.21578
101.258
98.655119
130.75998
122.82514
113.75642
107.11577
103.64245
140.42806
130.68583
119.58836
111.49867
107.28286
53.423715
53.310949
53.115859
52.863581
52.642673
63.492256
63.352909
63.114865
62.811074
62.54781
73.07307
72.896953
72.602406
72.232278
71.912465
79.29502
79.078423
78.720694
78.272946
77.8849
82.427659
82.178807
81.770933
81.264508
80.82941
83.748932
83.481694
83.045978
82.510316
82.055656
85.960595
85.656355
85.172323
84.596055
84.118428
88.489125
88.132839
87.585504
86.954499
86.439465
90.42493
90.008495
89.385857
88.687701
88.12872
91.507012
91.04103
90.357236
89.608003
89.018565
85.413281
85.026855
84.551131
84.142793
83.881722
87.926419
87.463597
86.897697
86.417124
86.113541
90.967766
90.369035
89.645035
89.042822
88.6722
93.524633
92.756
91.838173
91.091301
90.642779
95.114575
94.206157
93.129844
92.265257
91.753347
49.503112
48.395262
46.219339
42.97526
39.688211
58.823137
57.446038
54.560471
50.166288
46.007863
67.143158
65.358736
61.801981
56.772568
52.211525
72.303911
70.364628
66.585314
61.23231
56.318143
74.96375
72.98213
69.058872
63.45619
58.356044
76.104148
74.055294
70.020739
64.350902
59.213433
77.911085
75.801775
71.688897
65.894288
60.615457
79.917533
77.749901
73.514218
67.550329
62.136205
81.327771
79.10377
74.774988
68.698881
63.185515
82.020279
79.769455
75.396551
69.260279
63.695453
81.729353
81.118881
79.968604
78.391149
76.969446
83.765264
83.135028
81.945799
80.301425
78.814175
86.034313
85.3613
84.102047
82.382736
80.845551
87.656498
86.943158
85.631045
83.860016
82.281275
88.490587
87.752345
86.406263
84.597116
82.988633
257.88091
228.51679
193.74541
166.88298
152.2796
296.10776
260.02815
217.00229
184.00142
165.99094
363.61035
317.58081
259.81993
215.06493
190.90323
440.36795
387.57037
315.52573
255.44104
222.93671
495.95994
440.47221
360.91055
289.55475
249.93477
525.65667
468.58724
385.97701
309.27241
265.57226
584.87671
524.08521
437.56176
352.26497
300.60338
678.17186
611.2811
518.31986
423.44882
362.08181
758.17865
700.96452
603.68223
500.39174
433.54779
787.25572
758.68159
665.99666
555.47176
486.49896
107.27719
103.99335
100.36937
97.800604
96.48013
111.03949
107.07895
102.72992
99.66849
98.104796
117.37297
112.17272
106.50466
102.55613
100.55856
125.01695
118.21294
110.84985
105.77427
103.23128
131.19992
123.03988
114.25579
108.24667
105.25492
134.68865
125.75259
116.15323
109.60872
106.3655
142.32994
131.64125
120.22375
112.50269
108.70112
155.66089
141.82961
127.16406
117.3676
112.60322
172.0292
154.20691
135.46966
123.10774
117.17972
185.3126
164.15907
142.05484
127.59929
120.74028
246.78777
214.73409
178.79137
153.21893
140.15654
277.75167
238.9289
195.42414
164.57959
148.85854
333.0679
282.52544
225.06969
184.712
164.14165
399.51789
337.14722
262.56083
209.73423
183.06681
449.91595
380.6771
293.61532
230.21369
198.50855
92.000383
91.506448
90.789991
90.015352
89.41079
92.883277
92.330174
91.543234
90.709922
90.068472
94.032426
93.375643
92.464153
91.528863
90.826222
95.082311
94.298267
93.23623
92.179071
91.403186
95.780247
94.891716
93.706987
92.551827
91.716249
96.137781
95.192823
93.937362
92.722991
91.853414
96.843228
95.772686
94.369981
93.034157
92.08961
97.929721
96.63842
94.974974
93.429383
92.355514
99.102415
97.553729
95.574031
93.759476
92.523271
99.952985
98.19638
95.982935
93.966124
92.584225
104.95566
102.59395
99.881782
97.814016
96.664831
107.05715
104.30388
101.15505
98.766029
97.445076
110.54571
107.11452
103.21116
100.27278
98.660952
114.61966
110.36719
105.54791
101.94316
99.984488
117.78297
112.88193
107.34364
103.20805
100.9623
82.308488
80.047026
75.650428
69.48637
63.902656
82.755425
80.469389
76.037449
69.834497
64.21687
83.162311
80.850349
76.380045
70.134362
64.48462
83.314465
80.979264
76.480537
70.212522
64.548878
83.27402
80.927523
76.418463
70.143769
64.479123
83.209792
80.857501
76.343498
70.068018
64.404923
82.993104
80.626631
76.103226
69.83553
64.186009
82.413042
80.035822
75.516921
69.273491
63.65612
81.47631
79.084134
74.573401
68.37746
62.812219
80.586367
78.177823
73.660768
67.507459
62.010678
90.573013
89.602938
87.984069
85.961493
84.233178
90.552391
89.520161
87.834002
85.770287
84.024506
90.318333
89.18118
87.382081
85.238816
83.456382
89.784738
88.518597
86.579377
84.349542
82.532273
89.207083
87.816924
85.767572
83.487193
81.651085
799.30826
783.43714
696.45412
585.01833
514.40837
820.58893
819.67593
752.76687
647.29442
568.72231
855.57451
851.46358
819.77179
741.8812
652.36001
888.30053
875.58518
869.2771
823.26923
740.49017
906.63194
898.35454
892.43801
858.98431
802.81348
917.38733
909.30172
902.50411
875.22797
830.79791
937.44423
931.43457
921.49236
900.87461
875.09683
967.32616
961.81849
950.3622
933.97169
918.71172
996.35507
990.43546
979.12016
963.46068
949.39521
1014.7555
1009.144
998.06768
983.0906
970.35486
192.85136
169.75983
145.72382
130.08455
122.69775
209.25787
181.86276
153.57133
135.38318
126.84697
237.6498
202.64814
166.82816
144.22117
133.77185
272.21936
227.60981
182.38592
154.42376
141.7557
299.9269
247.4419
194.46118
162.22559
147.8412
315.45879
258.51222
201.05196
166.39661
151.02998
348.6777
282.38709
215.06753
175.27364
157.89882
403.38643
322.62165
238.20322
189.53066
168.99615
463.36082
368.74294
264.82145
205.15635
181.23644
506.1395
403.13614
285.11591
216.53602
190.1872
790.84262
696.68702
565.30334
431.96628
350.99921
848.25697
754.75682
619.21734
478.08998
389.41357
904.61938
837.16007
701.13695
547.99987
451.29668
939.17408
908.59898
781.20763
620.15968
517.07829
957.29408
944.28482
830.87359
671.88664
562.67998
100.4296
98.539762
96.162689
94.03949
92.603344
101.36141
99.240797
96.564699
94.161597
92.558842
102.69463
100.14271
96.973057
94.148784
92.24606
104.14495
100.97513
97.015805
93.562853
91.312285
105.3497
101.73414
97.074475
92.795493
89.981081
105.37192
101.33984
96.008984
90.737072
86.723897
106.75738
102.23794
96.161434
90.032095
85.439618
108.88854
103.59547
96.558935
89.681984
84.683475
111.36526
105.37652
97.559846
90.062327
84.664922
113.32436
106.86459
98.49001
90.533577
84.878893
144.54868
133.77791
121.66381
112.59893
107.63012
150.63508
138.53602
124.96379
114.83245
109.28339
160.36959
146.15839
130.23955
118.35292
111.85578
171.03846
154.48326
135.99826
122.22538
114.76108
178.82718
160.54981
140.22253
125.13053
116.9999
79.987235
77.598756
73.131686
67.006511
61.523074
78.619808
76.220743
71.784443
65.750936
60.343478
75.99415
73.566804
69.111374
63.154615
57.897582
71.519185
69.142531
64.886049
59.183493
54.115288
66.229993
63.907689
59.956651
54.839643
50.233526
49.393268
47.15399
43.537101
39.230499
35.785778
44.110669
41.923207
38.609166
34.886526
31.903258
39.659551
37.513185
34.388327
30.913994
28.117272
37.070507
34.879725
31.719433
28.312224
25.662355
35.731903
33.516106
30.372184
27.048331
24.4715
64.305677
60.539108
56.2454
52.728455
50.511467
60.681169
56.385351
51.433639
47.550209
45.239384
57.406723
52.788099
47.430224
43.23348
40.807069
55.583953
50.657319
45.041561
40.722323
38.242531
54.875026
49.751484
43.908221
39.453206
36.922963
1024.0463
1018.8729
1008.7317
993.73456
979.56366
1042.9014
1038.0255
1027.537
1012.8772
999.90816
1068.1633
1063.7521
1054.0147
1039.4537
1025.8271
1092.7813
1088.6673
1079.0934
1063.9552
1049.876
1109.8622
1105.6156
1095.2946
1080.0063
1066.9154
1118.3216
1113.3939
1102.805
1088.2483
1076.0246
1133.3888
1128.0508
1117.7955
1104.2199
1092.31
1154.5683
1149.6627
1140.2571
1127.6435
1116.293
1175.4828
1171.2122
1162.5226
1150.4092
1139.6318
1189.4635
1185.1705
1176.9044
1165.2287
1154.6082
528.28099
421.43513
296.16159
222.56725
194.91033
571.89039
458.40327
319.04757
234.80119
204.4852
636.12656
514.45076
355.19779
253.65259
219.08146
700.41672
571.35725
393.51547
273.43188
234.18378
744.32306
610.12661
420.30081
287.30057
244.68449
766.53651
629.78371
434.01544
294.44312
250.08362
809.59785
667.94435
460.71875
308.46216
260.6648
870.19639
722.54693
498.62528
328.7075
276.0572
925.73192
774.64831
533.77484
348.00107
290.98704
959.26014
807.97874
555.36759
360.35583
300.75653
1071.3298
1048.3036
1026.3208
951.1754
831.57204
1088.0722
1065.2835
1044.2843
979.77668
876.29424
1111.8173
1090.6724
1068.7277
1015.4595
935.1096
1134.6602
1115.8953
1091.897
1045.658
984.36432
1149.4994
1132.1108
1107.3366
1064.3001
1011.5623
114.39914
107.66494
98.975121
90.808009
85.045768
116.54693
109.29748
100.04307
91.445583
85.421469
119.87469
111.85109
101.72282
92.472111
86.091335
123.31742
114.49816
103.48488
93.592705
86.868173
125.68371
116.32463
104.71179
94.383355
87.430581
126.89423
117.26014
105.33884
94.787229
87.720963
129.2444
119.06999
106.55166
95.574153
88.289629
132.58862
121.63956
108.26731
96.681975
89.090063
135.73999
124.03768
109.84237
97.68113
89.797626
137.7246
125.52669
110.79661
98.26574
90.192122
231.38566
201.39098
168.80559
145.08617
132.41175
240.56398
208.50154
173.77111
148.54174
135.09343
253.82741
218.71243
180.89184
153.47745
138.91509
266.57196
228.5073
187.67948
158.16487
142.50959
274.86865
234.84504
192.03681
161.15898
144.76447
35.147751
32.943674
29.84139
26.540959
23.975929
34.284781
32.046351
28.920043
25.652559
23.153055
33.37331
31.090514
27.94414
24.709641
22.258785
32.784242
30.45922
27.28804
24.064775
21.645103
32.528782
30.167783
26.968341
23.746387
21.341995
32.431318
30.053562
26.840209
23.615049
21.213649
32.291537
29.882089
26.641721
23.407589
21.011442
32.188949
29.729484
26.444339
23.194513
20.801315
32.16026
29.656216
26.328757
23.058142
20.662101
32.168051
29.634984
26.27822
22.993528
20.595424
54.951711
48.79044
41.837866
36.627985
33.750254
55.330996
49.013683
41.894212
36.567126
33.632651
55.948873
49.413317
42.060152
36.573215
33.562011
56.586929
49.850679
42.282675
36.64669
33.562744
57.003902
50.143604
42.441252
36.714816
33.58792
1195.5702
1191.9548
1183.4336
1171.5398
1161.578
1206.2918
1202.7185
1195.1495
1184.4407
1174.6783
1220.2507
1216.9903
1210.5691
1201.1434
1191.8226
1234.235
1231.4141
1225.7275
1216.8617
1207.8568
1244.6741
1242.038
1236.4939
1227.5354
1218.4804
1248.6077
1246.2883
1240.9302
1232.1115
1223.3752
1256.169
1253.6526
1248.1852
1239.6047
1231.3784
1259.0241
1257.1666
1252.6974
1245.5016
1238.6157
1256.2451
1255.1107
1251.7384
1245.9189
1240.2623
1254.5557
1253.3304
1249.9839
1244.38
1239.0045
974.83905
824.01883
565.51291
366.3932
305.53062
1002.2951
853.40863
583.46107
377.55412
314.43844
1035.6906
890.27969
605.08437
392.39007
326.27611
1063.9142
919.31202
621.98074
405.4665
336.21123
1081.0853
934.07346
631.04437
413.12849
341.7217
1088.7074
940.10994
634.96885
416.64678
344.6648
1101.7725
947.78977
640.99662
422.14389
348.17602
1113.6421
952.34649
646.52791
427.56515
351.7926
1116.1835
950.87104
647.61627
428.8208
352.361
1115.2268
948.45857
645.31469
426.06161
347.35619
1218.5371
1206.8421
1185.7094
1153.06
1116.2696
1226.9145
1216.507
1196.7243
1165.288
1128.8053
1234.8963
1225.786
1208.0814
1178.7119
1142.6037
1237.5345
1228.985
1213.0719
1185.3124
1149.2091
1237.0819
1228.5898
1213.3652
1186.0655
1149.6353
138.66709
126.22894
111.23529
98.521863
90.359348
140.36726
127.4598
111.96991
98.927387
90.600302
142.35182
128.84419
112.71094
99.23879
90.708589
143.6551
129.61421
112.92881
99.10851
90.420777
144.0794
129.70959
112.6855
98.683733
89.925357
144.01238
129.57483
112.4609
98.366894
89.595799
143.68052
128.94279
111.60449
97.430045
88.613366
142.01264
127.04414
109.40843
95.103324
86.32258
138.02143
122.92812
105.33617
91.147855
82.481876
132.7053
117.6351
100.26682
86.661795
78.330598
311.18478
262.00025
209.51432
172.24342
152.38147
314.512
263.87723
210.31285
172.40281
152.01928
316.43725
264.65434
209.97737
171.25944
150.63066
315.70767
262.19906
207.02794
167.56637
146.70223
312.16295
258.3403
201.94434
162.49499
141.15144
32.175189
29.626554
26.257814
22.968853
20.56976
32.190012
29.620161
26.230178
22.928077
20.524797
32.211884
29.614339
26.195375
22.878512
20.472547
32.201379
29.584113
26.151979
22.832291
20.427015
32.157485
29.544985
26.114913
22.791737
20.384084
32.140167
29.523606
26.082927
22.754915
20.349467
32.019416
29.397044
25.964737
22.659506
20.273097
31.642639
29.082333
25.740296
22.510287
20.163624
31.169302
28.739713
25.527904
22.376154
20.064413
30.888724
28.527227
25.380117
22.2726
19.984824
58.305107
51.017591
42.876416
36.86538
33.613613
58.148715
50.871026
42.765574
36.762787
33.498418
57.511299
50.320507
42.274248
36.312746
33.092079
56.070486
49.014533
41.230221
35.570612
32.539505
54.248326
47.632345
40.419336
35.111147
32.207591
1254.2141
1253.2911
1250.3
1244.7641
1239.1552
1256.58
1255.44
1251.8099
1245.4265
1239.1994
1257.4706
1255.5319
1250.704
1242.9523
1235.6431
1252.2794
1249.6479
1243.8645
1234.8541
1226.3134
1243.9911
1241.3524
1235.3392
1225.6897
1216.2902
1239.2136
1236.3105
1230.0975
1220.2965
1210.6725
1229.4435
1226.252
1219.8846
1210.011
1200.1064
1216.205
1212.8446
1206.2492
1196.1529
1185.937
1203.7336
1200.1137
1193.0122
1182.2482
1171.5775
1194.752
1190.7466
1182.8953
1171.2607
1160.0908
1240.7764
1241.6791
1242.3608
1241.8933
1240.4814
1231.3618
1232.2754
1232.6686
1231.9126
1230.4575
1220.3204
1221.0292
1220.8721
1219.4305
1217.5071
1209.5137
1210.3089
1210.0236
1207.9822
1205.4605
1200.0696
1201.3672
1201.5055
1199.3448
1196.467
1112.4547
946.56517
641.99784
421.5674
339.90202
1111.9018
944.9074
639.14858
417.16832
330.75569
1106.7444
944.58235
634.98095
411.72989
325.60541
1093.0746
938.1807
628.01254
404.86152
320.88793
1079.3181
928.40986
621.28489
398.89932
315.53259
115.6948
100.79699
83.756658
70.902254
63.706822
109.96584
95.1418
78.502543
66.225768
59.521295
104.40227
89.854187
73.603327
61.701507
55.246397
100.24252
85.950465
70.011974
58.402588
52.204945
97.570689
83.537261
67.905228
56.570583
50.554707
30.178257
27.982189
25.014642
22.030903
19.805088
29.875515
27.753296
24.856311
21.920579
19.720963
29.315311
27.345607
24.602103
21.760577
19.603654
28.784059
26.914998
24.303605
21.566128
19.463204
28.520124
26.681664
24.117811
21.430005
19.359375
