FiniteElementSpace
FiniteElementCollection: L2_2D_P4
VDim: 2
Ordering: 0

0.42626006
0.34854325
0.26100197
0.19461051
0.15867672
0.67879866
0.54743542
0.39832934
0.28960519
0.23306696
0.86482903
0.69539066
0.50572939
0.36849955
0.29715703
1.1376858
0.90904764
0.65737788
0.47786248
0.38518559
1.291948
1.033844
0.74755719
0.54308766
0.43771743
0.047979797
0.040123506
0.031817773
0.02664352
0.024676382
0.066284034
0.054824748
0.042623234
0.03482692
0.031628769
0.085337789
0.07055711
0.054703283
0.044408424
0.040043636
0.11009205
0.090783003
0.069947826
0.05619905
0.050173114
0.12576018
0.10378857
0.079952473
0.064059675
0.056967702
0.039671472
0.048430267
0.06650271
0.093004824
0.11763844
0.045879853
0.055604323
0.075836687
0.10566613
0.13346794
0.054624794
0.065808409
0.089166255
0.12358589
0.15556427
0.063226541
0.075557418
0.10146126
0.13980119
0.1755985
0.068791095
0.081800197
0.10938623
0.15066174
0.18958401
0.49542233
0.63246453
0.90520723
1.2945667
1.6497909
0.55667327
0.70731709
1.0043342
1.432404
1.8347378
0.64227988
0.82150808
1.1895538
1.7439738
2.276578
0.7499587
0.96850236
1.4143821
2.0625722
2.657188
0.829502
1.0675759
1.5375154
2.1948176
2.783967
2.7344875
2.2204308
1.6339167
1.2022908
0.97545886
3.1125078
2.529125
1.8653197
1.3769037
1.11927
3.7984895
3.0886433
2.27859
1.6828133
1.3690905
4.6709964
3.8008103
2.8051299
2.0712268
1.6842857
5.4065056
4.3993738
3.2463374
2.3962263
1.9478645
0.28730288
0.23658857
0.18017695
0.14065698
0.12154556
0.32917849
0.27077345
0.20587255
0.16024952
0.1379231
0.40363529
0.33134706
0.25075691
0.19379664
0.16566874
0.4954498
0.40631652
0.30648785
0.23529892
0.199727
0.57046079
0.46742396
0.35201885
0.26950212
0.22794706
0.10892729
0.12415199
0.15853824
0.21137861
0.26105924
0.11590422
0.13099293
0.16548732
0.21875913
0.26902426
0.1274688
0.14209601
0.17659511
0.23017818
0.2807784
0.14154194
0.15488651
0.1886322
0.24333696
0.29560109
0.15304221
0.16624633
0.19936595
0.25319323
0.30602821
0.99354284
1.2399335
1.7286468
2.4228089
3.0537879
1.0100206
1.2569279
1.745393
2.4382786
3.069859
1.0354585
1.2795152
1.7651003
2.4577312
3.0905213
1.0634982
1.3039941
1.7854637
2.4743883
3.1046048
1.0868025
1.3224292
1.7996169
2.4851195
3.1122027
1.3421622
1.0930532
0.81517252
0.61711618
0.51726737
1.5437557
1.2550962
0.93353162
0.70482303
0.5899215
1.8855093
1.5292423
1.1331088
0.8518187
0.71062786
2.2884266
1.8516801
1.367153
1.0237084
0.85133741
2.6050936
2.1044731
1.5499494
1.1574461
0.96059578
0.28882381
0.29268426
0.31894003
0.37779695
0.4434332
0.3462734
0.3567587
0.39114258
0.45047807
0.50995133
0.42863817
0.45372808
0.52198618
0.62478926
0.71296684
0.50280005
0.53552035
0.63275256
0.79580931
0.94910072
0.55898859
0.59335209
0.69714966
0.87615855
1.0521617
1.3782817
1.5575159
1.9639998
2.5674717
3.1312155
1.4827099
1.6245425
1.9727277
2.5529621
3.1229947
1.7492922
1.818989
2.0946889
2.6077013
3.1220574
2.3590011
2.3817643
2.5156989
2.803563
3.1398593
3.202542
3.0103187
2.8223193
2.9006218
3.145878
5.2572722
4.2118998
3.062126
2.2547029
1.8523129
5.8278792
4.6618248
3.3815294
2.4840117
2.0370324
6.7291232
5.3731272
3.8861617
2.844383
2.3246028
7.6943074
6.1363852
4.4271891
3.2279492
2.6280401
8.3843474
6.6811007
4.8123982
3.500196
2.8428776
1.0655043
1.1448714
1.3730384
1.7590768
2.1375603
1.1280458
1.1961395
1.4139607
1.8003404
2.1851375
1.2113664
1.2671687
1.4746602
1.8555034
2.2364928
1.2972291
1.3384813
1.5298322
1.8998056
2.2772092
1.3570358
1.3864243
1.5654587
1.9291398
2.3050219
7.2622107
5.9006738
4.4676621
3.564208
3.199873
7.3325769
5.9502044
4.5038542
3.5869641
3.2014617
7.4116972
6.0101813
4.5323267
3.5908587
3.196262
7.4629757
6.0476387
4.55523
3.5998014
3.1937876
7.4879869
6.066677
4.5667294
3.6040466
3.1916873
12.575828
9.9781678
7.1360621
5.1439049
4.143917
13.22701
10.492624
7.4992269
5.4025452
4.3513803
14.081478
11.166821
7.976313
5.743397
4.626175
14.820743
11.751781
8.3981779
6.0546394
4.8808282
15.282949
12.120528
8.6647474
6.2556051
5.054301
1.7484572
1.6985517
1.7881192
2.0863205
2.428616
1.8223659
1.756969
1.8290564
2.1133265
2.446035
1.9385464
1.8468544
1.8908776
2.152192
2.4695144
2.0734766
1.952172
1.9537346
2.1833495
2.4883009
2.1771015
2.0288639
2.0108938
2.2235307
2.5060668
7.5041233
6.0716594
4.5565868
3.579738
3.1580224
7.4843314
6.055147
4.5424615
3.5654635
3.1440086
7.4385642
6.0153147
4.5083264
3.5380987
3.1217398
7.363807
5.9515193
4.462915
3.5040511
3.0895715
7.2966385
5.9044152
4.4223581
3.4595425
3.0484657
16.756314
13.436895
9.8810026
7.5203166
6.4419292
16.721693
13.423449
9.8964792
7.567626
6.5197882
16.557855
13.31771
9.874771
7.6452759
6.6826575
16.24596
13.104621
9.7869876
7.6648897
6.7634094
15.938348
12.879705
9.6551988
7.5941522
6.7173753
6.339293
5.0139234
3.7492318
2.9900717
2.6772677
7.1806882
5.6428461
4.0604014
3.0972073
2.6985764
7.7774696
6.1985454
4.4830105
3.3045203
2.7357569
8.0182646
6.3756719
4.5981686
3.3613738
2.7422839
8.097605
6.4243358
4.595935
3.3411854
2.7312395
3.1893941
2.7930451
2.2802183
1.9669257
1.8831674
2.3396332
2.1428845
1.9278507
1.7918295
1.7646816
1.7193029
1.5427735
1.4172549
1.4246586
1.4953235
1.4384344
1.2974058
1.1860265
1.1983845
1.2848941
1.3250521
1.2009909
1.1237283
1.1468077
1.2262667
0.14235584
0.11600644
0.086234966
0.064432606
0.053124029
0.20803105
0.16760651
0.12255757
0.090276388
0.073746363
0.26532274
0.21430921
0.15729034
0.11618607
0.095006161
0.34393031
0.27776267
0.20375103
0.15030943
0.12273407
0.39059685
0.31563271
0.23190842
0.17147361
0.14022461
0.41645004
0.33662178
0.24760337
0.18330404
0.14998511
0.48602989
0.39215667
0.28751033
0.21222343
0.17339022
0.59644706
0.4831536
0.35524369
0.26217151
0.21390386
0.71781289
0.58340713
0.43132393
0.31982838
0.26145917
0.81778678
0.66463094
0.49190536
0.36550168
0.29925227
1.3756863
1.103006
0.79785455
0.5789986
0.46648386
1.572101
1.2709425
0.92762218
0.67584863
0.54448997
1.8813626
1.5228143
1.1183744
0.82223766
0.66633249
2.262726
1.8299803
1.3418069
0.98657834
0.80091985
2.5786838
2.0889417
1.5321508
1.1252834
0.91284398
0.023950283
0.023798055
0.025785912
0.030760417
0.036225562
0.030349233
0.029514177
0.031055544
0.036193684
0.042120777
0.038201741
0.036765107
0.038038029
0.043652224
0.050369287
0.047530648
0.045138373
0.045712433
0.051407325
0.058637398
0.053771457
0.050740943
0.050833567
0.056542415
0.064047317
0.057358855
0.05392268
0.053648892
0.059278595
0.066911206
0.065135822
0.060726201
0.059524985
0.064801743
0.072592728
0.077968671
0.071890415
0.069267409
0.074295595
0.082598526
0.093428365
0.085292945
0.080757782
0.085018184
0.093348278
0.10588599
0.09605032
0.089713262
0.092678207
0.1003201
0.13465643
0.11115437
0.085594552
0.068475559
0.060770687
0.15566723
0.12833343
0.098544199
0.078421888
0.06921144
0.19190695
0.15780302
0.12051912
0.095106344
0.0832573
0.23464997
0.19293842
0.14695212
0.11524436
0.10022469
0.2686492
0.22107018
0.16827986
0.13152979
0.11393349
0.1327177
0.16862512
0.24006238
0.34269765
0.43746042
0.15049276
0.19107732
0.27176335
0.38707419
0.49267548
0.17505396
0.22149887
0.31343916
0.44523449
0.56730071
0.19749692
0.25011596
0.35605994
0.51173454
0.65884156
0.21356209
0.27162623
0.38993515
0.56464985
0.72891015
0.222701
0.28411676
0.40949999
0.59304592
0.76297818
0.24320608
0.31008932
0.44318613
0.63166499
0.80217815
0.26591679
0.33482151
0.46988783
0.66056567
0.83441532
0.27902003
0.34892635
0.48714891
0.68369146
0.86297928
0.28624416
0.35774227
0.49928095
0.69942976
0.88069821
0.071797065
0.085139146
0.11358314
0.15653613
0.19739063
0.077702999
0.091931792
0.12290787
0.17027103
0.2153909
0.088119959
0.10375912
0.13784719
0.18912249
0.23690717
0.098900057
0.11492889
0.14962589
0.20146513
0.24973246
0.10549485
0.12119858
0.15573926
0.20774471
0.25649287
1.8631926
2.3733156
3.3678123
4.8786996
6.4745663
2.0890249
2.7054774
4.0331425
6.1048169
8.0781231
2.6094533
3.4138473
5.0199492
7.2759952
9.3066211
3.0184716
3.8585996
5.4882138
7.79625
9.9208137
3.1398045
3.9721754
5.6342763
8.0249546
10.197602
3.1682402
4.0326422
5.7423258
8.1374718
10.299717
3.2642337
4.1413347
5.8525362
8.2667077
10.468798
3.3443541
4.2284892
5.9653602
8.4187987
10.646757
3.3956752
4.2920835
6.0471776
8.5199322
10.766955
3.4260178
4.3256907
6.0857577
8.5688893
10.825766
0.86566938
1.1052307
1.569379
2.2172055
2.8070157
0.90428543
1.1414842
1.6087265
2.2760919
2.8895568
0.93880622
1.1825579
1.664662
2.3476441
2.9678862
0.96967025
1.2166048
1.7019379
2.3882902
3.0141389
0.98756532
1.2332596
1.7185748
2.4097914
3.0417574
0.8740598
0.710029
0.52519464
0.39026493
0.31967945
1.003899
0.81617403
0.60352791
0.4477676
0.36629724
1.2288
1.0002166
0.74065811
0.54965911
0.44930732
1.5113126
1.2295007
0.90994251
0.67510055
0.55170564
1.7472833
1.4206298
1.0503382
0.77840866
0.63564405
1.8833582
1.5313435
1.1319228
0.83826715
0.68399071
2.1814437
1.7728577
1.3094728
0.96882836
0.78980115
2.7112837
2.2005331
1.6225538
1.198778
0.97645747
3.372614
2.7331159
2.0110132
1.482862
1.2063664
3.9149511
3.1690214
2.3276344
1.7131092
1.3918463
0.11289078
0.10197025
0.09452416
0.096765059
0.10396118
0.12780413
0.1144607
0.10423494
0.10463064
0.1111497
0.15288616
0.13549565
0.12082242
0.11815213
0.12329226
0.18346205
0.1609438
0.14094311
0.13483786
0.13826644
0.2087869
0.18180716
0.15681589
0.14763247
0.15011543
0.22383112
0.19454445
0.16669056
0.15499506
0.15612314
0.25468916
0.22038646
0.18745938
0.17241176
0.17164095
0.30986202
0.26579545
0.22257422
0.20140607
0.19839199
0.38152967
0.32610726
0.26962725
0.23866486
0.23124549
0.44024361
0.37790069
0.31436639
0.27765692
0.26593196
0.61396674
0.50263829
0.3780468
0.28906348
0.24426596
0.70889327
0.57954926
0.43455127
0.33072543
0.27835495
0.87634628
0.71579986
0.53552879
0.40575599
0.33971183
1.0821379
0.88311821
0.66029657
0.50024256
0.41859554
1.2475617
1.0168147
0.75923064
0.57532852
0.48230259
0.29122414
0.36346151
0.5055419
0.70550915
0.88669603
0.29953742
0.37235912
0.51557003
0.71801871
0.90219397
0.3116474
0.38587661
0.53250944
0.73963774
0.92743138
0.32718956
0.40302718
0.55260928
0.76395404
0.95551363
0.33867039
0.41706061
0.56988156
0.78433307
0.97926073
0.34484794
0.42289415
0.57863995
0.79749466
0.99434034
0.36262542
0.4419066
0.5994007
0.82295529
1.0249602
0.39055001
0.47574012
0.64152347
0.87305706
1.0831889
0.4281155
0.51535164
0.69337832
0.94475603
1.167108
0.47285021
0.563279
0.73735766
0.99570484
1.2386904
0.15863628
0.17175
0.20623441
0.26122098
0.31311569
0.17320984
0.18461209
0.21806498
0.27494661
0.32965266
0.19906245
0.20939577
0.24157023
0.29835215
0.35526316
0.2302952
0.23987565
0.27458424
0.33514137
0.39308403
0.26248222
0.26745229
0.29922205
0.36547472
0.43256944
3.4367951
4.3363429
6.1011186
8.5902998
10.849468
3.4545291
4.3578971
6.1274666
8.6212044
10.885899
3.4755956
4.3797203
6.1513259
8.6492883
10.917726
3.4887352
4.3914474
6.1618348
8.6590874
10.927547
3.4941749
4.3939855
6.1621988
8.6570152
10.92213
3.4977275
4.3975911
6.1610429
8.6507205
10.91429
3.4995821
4.3940692
6.1516091
8.6347778
10.893125
3.4991467
4.3828974
6.127237
8.5965442
10.84144
3.4969901
4.3720439
6.0918096
8.5290187
10.754113
3.486195
4.3407573
6.0477099
8.470518
10.672943
1.1018503
1.3349744
1.8059554
2.4869065
3.11452
1.1322773
1.3596386
1.8237568
2.4980438
3.1196585
1.1890797
1.4030738
1.8531771
2.5142394
3.1252491
1.2713825
1.4666199
1.8858874
2.523161
3.1256442
1.3430064
1.5177251
1.9240822
2.5483198
3.1299479
4.2257121
3.4182495
2.5082261
1.8441624
1.4972065
4.8996236
3.9576689
2.8979076
2.1259151
1.7231094
6.0645283
4.8860201
3.5645009
2.6056074
2.10682
7.4598607
5.994217
4.3566467
3.1733118
2.5597568
8.5668378
6.8719662
4.9828781
3.6210443
2.9162737
9.1889391
7.3655014
5.335778
3.8747932
3.1197899
10.511143
8.4125221
6.0801408
4.4049865
3.5406886
12.694858
10.142354
7.308872
5.2784941
4.2330575
15.153607
12.085608
8.6867782
6.2572537
5.0086701
17.003725
13.544233
9.7193229
6.9899871
5.5889206
0.4726675
0.40644303
0.34026088
0.30348607
0.29219945
0.53915244
0.4638628
0.39081922
0.35431697
0.34689902
0.64858905
0.55631972
0.46796836
0.42753298
0.42465271
0.77565524
0.6626513
0.55350883
0.50225442
0.49778286
0.87414879
0.74510121
0.62025766
0.56085414
0.55438764
0.95081079
0.81939372
0.69959539
0.65686299
0.67007694
1.064348
0.91371688
0.77475981
0.72141488
0.73135891
1.2472576
1.0639107
0.89112057
0.81785524
0.82165432
1.4490452
1.228726
1.0189839
0.92683775
0.92775105
1.5981604
1.3509023
1.1150812
1.0099971
1.0082411
2.7878044
2.2527176
1.6618145
1.246257
1.0400078
3.1615423
2.550066
1.875442
1.4013191
1.1658743
3.7752296
3.0374394
2.2246217
1.6536956
1.3696768
4.4627805
3.5831993
2.6148811
1.9344237
1.5952212
4.9771125
3.9906707
2.9051221
2.1423453
1.7620281
0.48554733
0.59055783
0.78548839
1.0411332
1.2751978
0.54729096
0.64394326
0.8477665
1.1356478
1.3852851
0.76301212
0.87354925
1.0796149
1.3787661
1.6616733
1.0387444
1.2450106
1.5917264
1.9775814
2.2785299
1.1624253
1.423674
1.9455512
2.6272009
3.126312
1.6653074
2.0763811
2.8915959
4.111501
5.3450174
1.7900242
2.2557964
3.2458394
4.7612798
6.1928161
2.0692916
2.6298076
3.759362
5.3606088
6.8096619
2.29082
2.8635719
3.9934503
5.6044378
7.0858428
2.3578197
2.9207217
4.0576552
5.699385
7.1955199
0.68801069
0.75582974
0.93163218
1.2190043
1.4959137
0.74855818
0.81702868
0.99828801
1.3008318
1.6000607
0.83799648
0.91069866
1.1171872
1.4773143
1.8402888
0.94530506
1.0270967
1.2614339
1.660742
2.0501745
1.0253733
1.1088482
1.345841
1.741704
2.1229601
3.4813245
4.317161
6.0019823
8.4244837
10.630863
3.4784426
4.3200574
5.9791503
8.3393215
10.505592
3.4453
4.231212
5.8218099
8.1040575
10.190715
3.3744254
3.9800514
5.3382114
7.4673716
9.4955034
3.3313558
3.8427495
4.9778313
6.762059
8.5579188
3.2458204
3.4823392
4.1729131
5.2839831
6.2453732
3.2025516
3.3447888
3.8122062
4.5782553
5.3073011
3.1307189
3.0925052
3.3272051
3.9398243
4.6100677
3.095668
3.0014653
3.1671792
3.7012747
4.2914115
3.0908236
3.0021306
3.1416498
3.6128144
4.1623279
5.4045712
4.4108615
3.5733162
3.2168954
3.1897494
6.2481486
5.0393977
3.8798395
3.313786
3.1955555
6.8576961
5.6018414
4.300302
3.5088932
3.2124596
7.1237283
5.7954575
4.4210863
3.5621287
3.2097689
7.2274257
5.8615461
4.4285393
3.5460091
3.1997399
18.016361
14.342541
10.283735
7.389171
5.9039524
20.112137
15.995355
11.448553
8.2088063
6.5486976
23.396547
18.591659
13.282686
9.5029028
7.5684832
26.877334
21.339027
15.227195
10.88151
8.6588587
29.375982
23.307409
16.620074
11.867906
9.437929
30.71741
24.360836
17.361971
12.38986
9.8483195
33.35828
26.430288
18.817072
13.410241
10.648248
37.254353
29.480448
20.959231
14.909687
11.821064
41.113775
32.503021
23.081492
16.400147
12.990657
43.661511
34.506263
24.493835
17.400233
13.780909
1.6796141
1.4180035
1.1682262
1.0552314
1.0499723
1.8455471
1.5542237
1.2726889
1.1367936
1.1186556
2.1016317
1.7597142
1.4224438
1.247322
1.2101374
2.3703613
1.9729744
1.5760446
1.360844
1.3046534
2.5604102
2.123765
1.6849666
1.4413969
1.3712384
2.6612187
2.2038766
1.7425673
1.483131
1.4050575
2.8546562
2.3575668
1.8534991
1.5652519
1.4736587
3.1367155
2.5827265
2.0180009
1.6888217
1.5774924
3.4231079
2.8119044
2.1857728
1.8155168
1.6848827
3.618206
2.9690949
2.302124
1.9042087
1.7614169
8.7494645
6.9681344
5.0144675
3.6430204
2.9559457
9.4577557
7.5241996
5.4053442
3.9184524
3.173511
10.492323
8.3347536
5.9744207
4.3201451
3.4912374
11.525465
9.1469508
6.5466382
4.7259827
3.8138232
12.225854
9.7014672
6.9390771
5.00313
4.0332819
2.3737233
2.9502511
4.1069706
5.7451182
7.2317392
2.4254126
3.002999
4.1532625
5.7963568
7.3023854
2.4744199
3.0504189
4.208464
5.8677006
7.38374
2.5147736
3.092337
4.2535171
5.916248
7.4374055
2.5416719
3.117031
4.2755629
5.9392633
7.4632655
2.553074
3.12616
4.2848145
5.9504408
7.4750489
2.573993
3.1454326
4.3024791
5.9665632
7.4909609
2.603018
3.1691575
4.3199437
5.9798361
7.5023319
2.6276779
3.1868938
4.3296383
5.9830695
7.5017777
2.6423031
3.1954811
4.3324091
5.9803118
7.4936594
1.3875819
1.4114378
1.5855736
1.9456882
2.3182238
1.4499668
1.4622237
1.6229996
1.9727951
2.3404844
1.5438844
1.5369717
1.6764437
2.0117574
2.3726316
1.6411705
1.6143425
1.7314557
2.0499745
2.4014687
1.7104431
1.6680534
1.7693368
2.0762865
2.4203003
3.0847408
2.9771718
3.0942503
3.5646938
4.1178529
3.0710682
2.9425754
3.0461133
3.5012859
4.0310358
3.0630025
2.9250605
3.0026589
3.4239374
3.9323559
3.0540192
2.9043402
2.9667924
3.3716497
3.864509
3.0482003
2.8919975
2.9467464
3.3431088
3.8288855
3.0465758
2.8903374
2.939645
3.3291864
3.81208
3.0410754
2.8806322
2.9252153
3.3090756
3.7858996
3.0327687
2.8682472
2.9068713
3.2842239
3.7558777
3.0221119
2.8563408
2.8917583
3.2640914
3.7315423
3.0147842
2.8480443
2.8809501
3.2511337
3.7172847
7.4994911
6.0758689
4.569653
3.6015082
3.1889564
7.5139659
6.0851536
4.5744728
3.6026329
3.1861622
7.5239974
6.0918059
4.5763685
3.5997436
3.1797141
7.5220798
6.0884999
4.5708116
3.5915333
3.1698467
7.5124887
6.0791732
4.5614286
3.5831314
3.1623491
44.903504
35.49261
25.195513
17.898807
14.174351
47.214521
37.326873
26.49944
18.827653
14.909113
50.354739
39.815398
28.247515
20.057322
15.877132
53.087669
41.988828
29.772298
21.125221
16.715998
54.68951
43.265896
30.680754
21.776855
17.236774
55.392619
43.826749
31.088285
22.081582
17.487972
56.564568
44.7684
31.77078
22.586944
17.905686
57.859474
45.819298
32.528072
23.136776
18.356852
58.61995
46.430657
32.967397
23.459616
18.625195
58.847206
46.613656
33.110104
23.576869
18.729215
3.7158784
3.0460449
2.3598614
1.9510022
1.8025252
3.902472
3.1965129
2.4716942
2.0396594
1.8824076
4.1507968
3.4036656
2.635725
2.1754005
2.0077966
4.3796842
3.5944117
2.7944338
2.3225411
2.1512306
4.5421323
3.7345708
2.9031275
2.4192311
2.2590787
4.6090899
3.8042944
2.9811816
2.4860539
2.3127165
4.7622092
3.9295423
3.0941207
2.6167296
2.451978
5.0709379
4.2333136
3.3794463
2.8991206
2.7609559
5.3920475
4.6411461
3.918782
3.5194788
3.3970263
5.5240684
4.826602
4.2784146
4.1749669
4.2511463
15.511286
12.306649
8.7975425
6.3464299
5.126297
15.891764
12.628267
9.05332
6.5490855
5.2951488
16.303035
12.983716
9.3671723
6.8539782
5.6021309
16.549351
13.200057
9.5714391
7.0901639
5.8896111
16.647136
13.289642
9.6564242
7.18377
6.0027634
2.6510368
3.2028582
4.3333054
5.9745253
7.4855338
2.6636551
3.20728
4.3287137
5.9615081
7.4663886
2.6791743
3.2090944
4.3143652
5.9316356
7.4227006
2.6937488
3.2127577
4.2920613
5.8775992
7.3498784
2.6957486
3.1931927
4.2588944
5.8311875
7.2828739
2.69729
3.1765303
4.2209654
5.7931146
7.2492888
2.7073317
3.1922583
4.2130662
5.7272125
7.1465483
2.6995493
3.130454
4.0868431
5.5312796
6.8802174
2.6614745
2.9199743
3.6574781
4.9645581
6.2688498
2.6397384
2.8116848
3.3440457
4.3321869
5.42313
2.2277866
2.081111
2.0600398
2.249812
2.5137678
2.3587442
2.1701673
2.0862161
2.2498051
2.5187839
2.6555181
2.3910389
2.2319456
2.3282296
2.5424673
3.2836772
2.9717788
2.6724993
2.5483414
2.5897784
4.1337126
3.6078608
2.9889835
2.6593103
2.6141083
3.0094335
2.8413583
2.8747233
3.2458364
3.7118641
2.9962523
2.8303712
2.8649418
3.2346126
3.6988609
2.9760183
2.8118843
2.8463477
3.2154781
3.6796173
2.9437323
2.7809709
2.8202571
3.1938861
3.6593058
2.9081282
2.7550849
2.8013775
3.1739691
3.6365112
2.8996242
2.7454636
2.7851406
3.1534452
3.6159779
2.8377381
2.6784178
2.7203828
3.0993351
3.5708791
2.6420374
2.5133069
2.6024511
3.0204086
3.5111214
2.4140533
2.3527876
2.5067657
2.9602708
3.4646003
2.31734
2.2807505
2.4541687
2.918904
3.4292657
7.2617561
5.8604715
4.3758329
3.4342116
3.0379928
7.1536668
5.7681928
4.3162619
3.3842528
2.9803925
6.878305
5.5271215
4.0879038
3.159737
2.7710896
6.2607607
4.9291741
3.5787745
2.7934959
2.5023485
5.411516
4.2794269
3.2267123
2.6186194
2.3840265
58.861503
46.638598
33.152543
23.644878
18.822465
58.672879
46.49146
33.048637
23.575771
18.776054
57.913654
45.893743
32.642771
23.307449
18.57932
56.605188
44.846596
31.911355
22.811273
18.209634
55.429478
43.903614
31.240753
22.34356
17.85265
54.705086
43.331017
30.838815
22.06105
17.632263
53.109159
42.076741
29.969434
21.454323
17.155072
50.412124
39.940283
28.478659
20.417745
16.347892
47.293796
37.464619
26.737862
19.198747
15.396147
44.986335
35.637716
25.445512
18.283415
14.675434
148.22457
137.12826
108.16625
77.891698
61.519723
146.56304
134.57691
105.20506
75.541175
59.722834
143.78083
130.27361
100.26647
71.636546
56.71296
139.76746
124.75448
94.452389
67.166266
53.253771
136.10091
120.10354
89.946455
63.839835
50.689932
6.0230606
5.4767338
5.2236934
5.6604459
6.4725584
6.1256378
5.6394721
5.5671386
6.3038188
7.3165781
6.3372666
5.9609822
6.0450006
6.8799801
7.9172355
6.4443807
6.1050001
6.2171606
7.0825323
8.1632847
6.4059359
6.0799633
6.224911
7.1395182
8.2445872
2.5763426
2.480669
2.5834663
2.9256471
3.2169268
2.5521283
2.3705139
2.2687952
2.2923882
2.3704383
2.5051102
2.1529529
1.8343219
1.7218546
1.7558618
2.4820423
2.0788216
1.6989249
1.5188914
1.4835395
2.4775637
2.0828012
1.6823043
1.4463491
1.375136
1.8760962
1.9415465
2.2252939
2.7642653
3.3094465
1.7793066
1.8694836
2.1727585
2.7230627
3.2743478
1.5508853
1.7087949
2.077277
2.6634848
3.2286309
1.3543443
1.543369
1.9597096
2.5855795
3.17036
1.2916499
1.4760036
1.8953323
2.5325202
3.1267608
-15.854375
-15.748125
-15.631862
-15.54764
-15.50341
-12.632651
-12.518413
-12.394754
-12.305866
-12.258938
-9.2408587
-9.1137891
-8.9776146
-8.8800697
-8.8290795
-6.9047649
-6.7648435
-6.6155802
-6.5077337
-6.45083
-5.71981
-5.570207
-5.411288
-5.2955798
-5.2339849
-15.369431
-15.359229
-15.347369
-15.338126
-15.332821
-12.118247
-12.107547
-12.095135
-12.085514
-12.080031
-8.6751551
-8.6634438
-8.6498854
-8.6394388
-8.6335492
-6.2778104
-6.2646473
-6.2494511
-6.2378159
-6.2313166
-5.0450968
-5.0306942
-5.0140853
-5.0014156
-4.994382
-15.304347
-15.29789
-15.285958
-15.269737
-15.255196
-12.051787
-12.045642
-12.03439
-12.019222
-12.005699
-8.604987
-8.5991923
-8.5887377
-8.5747863
-8.5623937
-6.2016142
-6.1960217
-6.1860898
-6.1730262
-6.1615523
-4.9634021
-4.9578856
-4.9482399
-4.9358301
-4.9251861
-15.033442
-14.958882
-14.812703
-14.60434
-14.411852
-11.796924
-11.72714
-11.589317
-11.393972
-11.217615
-8.3667067
-8.3061993
-8.1933418
-8.0463772
-7.9235116
-5.9874872
-5.9429852
-5.8654609
-5.7682255
-5.6855479
-4.77071
-4.7368216
-4.6767497
-4.5959754
-4.5225413
-2.9093942
-2.5700599
-2.2376444
-2.0030961
-1.8789069
-2.8861305
-2.4888502
-2.1039273
-1.8332934
-1.6902952
-3.018362
-2.5153292
-2.0384015
-1.7052344
-1.5289899
-3.341176
-2.6995302
-2.106204
-1.6959331
-1.4791039
-3.6692476
-2.9103612
-2.2211566
-1.7481722
-1.4984814
-1.4963834
-1.4668905
-1.4331885
-1.4079953
-1.3944174
-1.2528481
-1.219174
-1.1806766
-1.1519264
-1.1364758
-0.99255494
-0.95171641
-0.90509331
-0.87029504
-0.85158971
-0.82134556
-0.77164732
-0.71506616
-0.67298247
-0.65042262
-0.7443087
-0.6874912
-0.62284807
-0.57483591
-0.54916269
-1.3452135
-1.3392
-1.3300816
-1.3199396
-1.3121076
-1.0811372
-1.0745437
-1.0647965
-1.0541088
-1.0457301
-0.78537582
-0.77764507
-0.76616269
-0.75363344
-0.74392497
-0.57042556
-0.56123313
-0.54752077
-0.53228508
-0.5203772
-0.45804749
-0.44731236
-0.43167467
-0.41468219
-0.40108944
-1.0936269
-1.0717052
-1.0411227
-1.009809
-0.98586905
-0.78509957
-0.76296752
-0.73331411
-0.70446713
-0.68407243
-0.39710709
-0.37223992
-0.34180971
-0.31613895
-0.30022709
-0.048083567
-0.018418381
0.015241574
0.039810415
0.052677549
0.18734316
0.22142832
0.25872958
0.28460875
0.29655327
-0.7230078
-0.60192218
-0.46462647
-0.36270385
-0.30792826
-0.76581057
-0.63067085
-0.47768647
-0.36428634
-0.3033418
-0.84434198
-0.6870214
-0.50931297
-0.37800232
-0.30764721
-0.93806997
-0.75700496
-0.55273372
-0.40212573
-0.32165347
-1.008623
-0.81069433
-0.5875186
-0.42310131
-0.33532308
-0.10567283
-0.081054111
-0.043824715
-0.00014604626
0.037030017
-0.069548387
-0.038207334
0.0090996962
0.061444901
0.10293439
-0.031540875
0.0098402413
0.077107955
0.15594565
0.21821836
-0.0077663384
0.039794407
0.12100821
0.22512845
0.31502954
0.0062947708
0.056907198
0.14234612
0.25221959
0.34947046
2.3179752
2.4163882
2.5156876
2.5739947
2.5897044
2.9714656
3.0914151
3.2148798
3.2816658
3.296843
4.2446935
4.4026982
4.5495767
4.6192483
4.6327875
6.0562944
6.2626615
6.4766625
6.5987601
6.6272815
7.7391448
8.0450562
8.3813559
8.5644763
8.6042534
-1.4737079
-1.1753548
-0.83974613
-0.59490797
-0.46660015
-1.5370106
-1.2251573
-0.87467024
-0.61951808
-0.48619263
-1.6124674
-1.2855297
-0.91802521
-0.6504369
-0.5105927
-1.6660443
-1.3283218
-0.94814005
-0.67080684
-0.52567732
-1.6891165
-1.3457997
-0.9590577
-0.67679272
-0.5290719
-0.016120622
0.024512704
0.079683512
0.13576776
0.17731189
-0.014379172
0.027107257
0.081379406
0.1322186
0.16712279
0.0011243813
0.042829464
0.094462928
0.13988292
0.17010978
0.031745867
0.07433504
0.12556617
0.16833498
0.19480491
0.063954007
0.1078747
0.15948426
0.20040262
0.22422506
2.1715955
2.262144
2.3470891
2.3856754
2.3912997
1.73437
1.8044651
1.873631
1.9079223
1.9135495
1.2531478
1.3035344
1.3525315
1.3770126
1.3807134
0.91599729
0.9504543
0.98327531
0.99762243
0.9980349
0.74732286
0.77174387
0.7945671
0.8041726
0.80361504
-1.5073136
-1.1914361
-0.83820303
-0.57775713
-0.43512584
-1.4083727
-1.1096644
-0.775208
-0.52693373
-0.38929905
-1.2328572
-0.96446062
-0.66286841
-0.43711514
-0.30979577
-1.0207226
-0.7913731
-0.52997231
-0.32953219
-0.21392209
-0.85737105
-0.65973062
-0.43057501
-0.24771151
-0.13733114
0.58701891
0.6484718
0.71428235
0.75743527
0.77620201
0.77499066
0.84252383
0.91381293
0.95834862
0.97627214
1.139975
1.2180624
1.2994638
1.3496471
1.3684364
1.6493745
1.7421642
1.8381477
1.8940945
1.9126948
2.1065468
2.2163755
2.3244137
2.3821979
2.399679
0.36032452
0.33672788
0.30792115
0.28422303
0.27023255
0.36539336
0.33167838
0.29235205
0.26181832
0.24424179
0.4023244
0.35178135
0.29402453
0.24962181
0.22472105
0.476285
0.40412571
0.32080366
0.25919027
0.22685416
0.54807583
0.4551737
0.35442093
0.28273957
0.24315417
0.17170089
0.19814376
0.2564478
0.34679158
0.43406556
0.34392546
0.33410798
0.35126218
0.40911618
0.47486288
0.59607024
0.53127277
0.4805751
0.47452851
0.49226381
0.83446832
0.7136205
0.59190955
0.52224583
0.49910576
0.98757843
0.83020816
0.66555114
0.56309987
0.52229716
7.7999485
8.1069613
8.4470049
8.6369643
8.6835856
6.1439386
6.3476435
6.5609763
6.6862928
6.7193101
4.3759234
4.5253584
4.6642119
4.7305422
4.7441618
3.1527541
3.2579652
3.3657822
3.4226893
3.4338736
2.5384919
2.6180596
2.6968359
2.7412584
2.7505509
1.5902726
1.2713782
0.88558156
0.6094473
0.47413949
1.2504334
1.0312592
0.7691095
0.55844322
0.44182332
0.90365454
0.7351816
0.55126339
0.41811726
0.34536912
0.67322014
0.54689891
0.4019181
0.29724333
0.24446342
0.5562785
0.45328479
0.33805993
0.24873227
0.19979323
-15.483925
-15.452082
-15.416078
-15.389658
-15.375709
-12.238581
-12.205038
-12.167208
-12.139499
-12.124833
-8.8066199
-8.7700813
-8.7288001
-8.6984677
-8.6824225
-6.4256898
-6.3846966
-6.3382729
-6.3041032
-6.2860263
-5.2066261
-5.1619978
-5.1113059
-5.0739188
-5.0541241
-4.6933425
-4.6461751
-4.5924528
-4.5527567
-4.531752
-3.8409869
-3.7893651
-3.7303098
-3.6863872
-3.663035
-2.9080329
-2.8470122
-2.777623
-2.7262135
-2.6988916
-2.2631588
-2.1892764
-2.1054482
-2.0436307
-2.010941
-1.9486389
-1.8644178
-1.7685737
-1.6977869
-1.6603919
-5.2310482
-5.0734235
-4.9073145
-4.7863168
-4.7217897
-4.4430568
-4.2622173
-4.0760402
-3.9427732
-3.8721233
-3.634322
-3.4141189
-3.1895659
-3.0295024
-2.9451488
-3.1410001
-2.8727257
-2.6029961
-2.4103169
-2.308226
-2.9533868
-2.6419825
-2.3343286
-2.1159306
-1.9999721
-15.330222
-15.325674
-15.319266
-15.312529
-15.307351
-12.077352
-12.072726
-12.066306
-12.059689
-12.054682
-8.6306737
-8.625814
-8.6192243
-8.6126403
-8.6077837
-6.2281452
-6.2228955
-6.2159395
-6.2092156
-6.2043892
-4.9909518
-4.9853485
-4.9780223
-4.9710845
-4.9662033
-4.4648514
-4.4589044
-4.4512136
-4.4440372
-4.4390481
-3.5887142
-3.5822269
-3.5739453
-3.5663967
-3.5612854
-2.6118063
-2.6043653
-2.5950715
-2.5869607
-2.5817498
-1.9076438
-1.8990542
-1.8885522
-1.8796891
-1.8741645
-1.543277
-1.533705
-1.5221102
-1.5124724
-1.5065295
-4.5223757
-4.5069917
-4.4892724
-4.4757937
-4.4683442
-3.6525699
-3.6354474
-3.6157383
-3.6007926
-3.5925726
-2.6865737
-2.6665233
-2.6434111
-2.6259011
-2.6163175
-1.9961635
-1.9723117
-1.9448984
-1.9242102
-1.9129518
-1.6434745
-1.6163153
-1.5852281
-1.561889
-1.5492437
-15.246352
-15.225746
-15.185316
-15.128053
-15.075768
-11.997492
-11.978432
-11.941124
-11.888198
-11.839623
-8.5548578
-8.5374069
-8.5031956
-8.4548818
-8.4110727
-6.1546182
-6.1388028
-6.1086329
-6.0680182
-6.0330267
-4.9188548
-4.9047471
-4.8789341
-4.8458823
-4.8184033
-4.3931131
-4.3801413
-4.3570711
-4.3280363
-4.3037081
-3.5199149
-3.5092385
-3.489992
-3.4645436
-3.4420812
-2.5446796
-2.535149
-2.5174638
-2.4938602
-2.4733999
-1.8366814
-1.8272068
-1.8100831
-1.7879661
-1.7691326
-1.4669183
-1.4574605
-1.4405984
-1.418685
-1.3996213
-4.4362686
-4.4306983
-4.421131
-4.4090939
-4.398989
-3.5584611
-3.5529946
-3.5440267
-3.5333828
-3.5248243
-2.5789125
-2.5737506
-2.5656945
-2.5564415
-2.5490136
-1.8711379
-1.8658722
-1.8577907
-1.8485286
-1.8410516
-1.5032293
-1.4975454
-1.4888225
-1.4790348
-1.4713667
-14.292319
-14.011907
-13.447788
-12.671505
-12.037017
-11.11254
-10.870954
-10.435364
-9.8956148
-9.4486598
-7.8526234
-7.6968742
-7.4121274
-7.0239348
-6.6744373
-5.6364483
-5.5217165
-5.2975851
-4.9930271
-4.7323764
-4.4778318
-4.3734878
-4.1850479
-3.9463571
-3.7380887
-3.9737904
-3.8862125
-3.7276091
-3.5093616
-3.3126002
-3.1516213
-3.0806204
-2.9454266
-2.7636173
-2.6070469
-2.2165837
-2.1618054
-2.0616962
-1.9300252
-1.8153594
-1.5192713
-1.4796098
-1.4075107
-1.3125915
-1.230982
-1.1420194
-1.1100768
-1.0522497
-0.97812457
-0.91549981
-4.2534578
-4.2221582
-4.1638658
-4.0842135
-4.0145206
-3.3829483
-3.3535159
-3.3015478
-3.236431
-3.1826755
-2.396487
-2.3718102
-2.3313959
-2.2822831
-2.2409421
-1.6657371
-1.6438909
-1.6094917
-1.5694067
-1.5373643
-1.2707998
-1.248936
-1.2165746
-1.1821282
-1.1563872
-1.8245633
-1.7340581
-1.6309114
-1.5545941
-1.5142443
-1.6277701
-1.5241688
-1.4064163
-1.3193739
-1.2733184
-1.4518492
-1.3244589
-1.1800084
-1.0736348
-1.0175483
-1.3841697
-1.227822
-1.050696
-0.92047258
-0.85195675
-1.389312
-1.2099004
-1.006933
-0.85783961
-0.77941856
-1.4136244
-1.2201073
-1.0013669
-0.840873
-0.75654916
-1.4742984
-1.2525536
-1.0021673
-0.81877449
-0.72261661
-1.6209199
-1.3516696
-1.048148
-0.82624768
-0.71007418
-1.8293158
-1.5052096
-1.14026
-0.8737679
-0.73440217
-2.0042759
-1.6382316
-1.2262098
-0.9255937
-0.76859154
-1.3882509
-1.3779057
-1.3653764
-1.3549674
-1.3485971
-1.1294386
-1.1177653
-1.1037023
-1.0920643
-1.0849537
-0.84300495
-0.82892138
-0.81205747
-0.79827434
-0.78993899
-0.64001363
-0.62307067
-0.60273403
-0.58606271
-0.57600837
-0.53731195
-0.51815339
-0.49520115
-0.47624881
-0.46462431
-0.49626731
-0.47537817
-0.45048313
-0.43018534
-0.41783939
-0.42692351
-0.4031668
-0.37467841
-0.35135052
-0.33725033
-0.35425205
-0.32594744
-0.29187659
-0.26357042
-0.24613802
-0.30716925
-0.27325933
-0.23266537
-0.19909904
-0.17825903
-0.28672192
-0.24790224
-0.20110885
-0.16253956
-0.13904187
-0.71944258
-0.65809025
-0.58829698
-0.53645049
-0.50870642
-0.68022967
-0.61050784
-0.53132373
-0.47256903
-0.44111104
-0.65873149
-0.57470624
-0.47943517
-0.40893661
-0.37130541
-0.6726172
-0.57190327
-0.45764877
-0.37299192
-0.32776487
-0.69885964
-0.5855618
-0.45700655
-0.36151547
-0.31023514
-1.3076976
-1.2981526
-1.2808851
-1.2580632
-1.2381943
-1.0409347
-1.0305312
-1.0117648
-0.98735953
-0.96646656
-0.73834943
-0.72630376
-0.70465458
-0.67650483
-0.65222544
-0.51359815
-0.49909487
-0.47291337
-0.43848804
-0.40864725
-0.39304751
-0.37573488
-0.34482973
-0.30468691
-0.26978342
-0.34008421
-0.32164679
-0.28769629
-0.2433395
-0.2052647
-0.24622108
-0.22464385
-0.18529742
-0.13285201
-0.087089112
-0.13226713
-0.1037099
-0.052089255
0.015749213
0.075298708
-0.034008178
0.0017350644
0.069320539
0.16031314
0.23906236
0.032062163
0.074879538
0.15178288
0.25884717
0.35698676
-0.41099066
-0.39925261
-0.38169881
-0.36273568
-0.34829558
-0.32934789
-0.31618042
-0.29623816
-0.27378908
-0.25616365
-0.23607944
-0.21966192
-0.19506582
-0.16746958
-0.14523852
-0.16574404
-0.14535354
-0.11373772
-0.078003128
-0.050009456
-0.12479618
-0.10240576
-0.0668581
-0.023901483
0.011577875
-0.97226016
-0.94300029
-0.89247816
-0.82872363
-0.77417268
-0.6732405
-0.65065861
-0.61247699
-0.56523424
-0.52596572
-0.2923397
-0.27707976
-0.2539765
-0.22846845
-0.20875365
0.058340129
0.067710445
0.077632769
0.083413755
0.085178026
0.30088264
0.30603505
0.30694071
0.30006244
0.28996204
0.4291605
0.432726
0.42960517
0.41615655
0.40016713
0.69959788
0.70042479
0.68951579
0.66227333
0.63303892
1.1676971
1.1627885
1.1376073
1.0889819
1.0393652
1.7631934
1.754013
1.7148469
1.6408149
1.5671997
2.2740997
2.2630998
2.2168371
2.12351
2.0263439
0.31108538
0.34795946
0.3877981
0.4140735
0.42538055
0.56861208
0.61284279
0.65909089
0.68678569
0.69682944
1.0059261
1.0631101
1.1215831
1.155611
1.1662247
1.560905
1.6356227
1.71132
1.7522746
1.7627855
2.0374475
2.1314418
2.2213198
2.2650338
2.2744534
-2.1147404
-1.7238977
-1.2841644
-0.96356118
-0.79627255
-2.3262095
-1.8875394
-1.3943481
-1.0351341
-0.84791921
-2.6702422
-2.1565743
-1.5791828
-1.1590206
-0.94041773
-3.045366
-2.4523867
-1.7858976
-1.301052
-1.0490479
-3.3138762
-2.6651344
-1.9362023
-1.4058734
-1.1301109
-3.4718591
-2.7911263
-2.0265779
-1.470488
-1.1812466
-3.747036
-3.010555
-2.1833291
-1.5813198
-1.2679124
-4.1453263
-3.3299631
-2.4121416
-1.7434445
-1.3959629
-4.5259495
-3.6383414
-2.6345523
-1.9013244
-1.5217039
-4.7671291
-3.835759
-2.7789169
-2.0046172
-1.6041164
-0.2833181
-0.2413602
-0.19026005
-0.14748351
-0.12122756
-0.2758262
-0.22895754
-0.17107566
-0.1210242
-0.089051658
-0.27577896
-0.22184784
-0.15499888
-0.096007704
-0.05685815
-0.28512013
-0.22379474
-0.14822571
-0.081948351
-0.037922088
-0.29539524
-0.22866318
-0.14656506
-0.074806324
-0.027395346
-0.30719626
-0.23714094
-0.15133265
-0.07688954
-0.028070617
-0.32388741
-0.24937825
-0.15906507
-0.082007303
-0.032244923
-0.35035367
-0.26908834
-0.17158966
-0.090112707
-0.038957616
-0.37727168
-0.2895199
-0.18575016
-0.10195472
-0.051894164
-0.39515278
-0.30361026
-0.19684656
-0.11303611
-0.064676083
-1.0555317
-0.84738612
-0.61280277
-0.44018901
-0.34818961
-1.1314772
-0.90628677
-0.65275347
-0.46667413
-0.36789954
-1.2434724
-0.99393167
-0.71314193
-0.50753394
-0.39887614
-1.3534249
-1.0804554
-0.77325404
-0.54854883
-0.43019586
-1.4257285
-1.1372689
-0.81260799
-0.57539192
-0.45080757
0.059193615
0.11018912
0.20115334
0.31651747
0.4187558
0.12696467
0.18202118
0.28850512
0.43365633
0.55918621
0.25339092
0.32882132
0.46417368
0.64845034
0.8161364
0.36790264
0.48767723
0.70111667
0.96406817
1.182685
0.40933863
0.54816723
0.82753644
1.2145551
1.5331806
0.4137914
0.55297759
0.83268377
1.2198511
1.5384803
0.39537687
0.51605615
0.73019112
0.99317944
1.2114654
0.31793422
0.39502765
0.53153275
0.71559479
0.88238349
0.23670805
0.29409143
0.40202466
0.54651655
0.67041452
0.20717633
0.26088713
0.35337483
0.46758887
0.56753472
0.0069502035
0.058757733
0.14550884
0.25628354
0.35396417
0.0057731437
0.057583782
0.14340414
0.25065765
0.34204226
0.0044465438
0.054528711
0.13117773
0.21634307
0.28158489
-0.0025286058
0.041856
0.10319268
0.16495636
0.21082662
-0.0097824174
0.030771469
0.085112295
0.14024701
0.18272994
2.588913
2.5700272
2.5069472
2.4021068
2.298804
3.2954823
3.2747272
3.1988313
3.0643812
2.9354335
4.6303585
4.6070467
4.5218695
4.3565263
4.183329
6.6235317
6.5798816
6.4348386
6.1958564
5.9702512
8.5998691
8.5424618
8.3315994
7.9642025
7.6355666
8.6035445
8.546038
8.3349737
7.967292
7.6384033
6.643225
6.5988248
6.4524708
6.2118385
5.9848508
4.6755254
4.6504401
4.5622102
4.393071
4.2167127
3.3710168
3.34729
3.266308
3.1255557
2.9913689
2.6896361
2.6668034
2.596977
2.4838023
2.3735815
7.7431849
8.0490843
8.3853326
8.5683618
8.6080497
6.0791632
6.2850118
6.4982341
6.6194887
6.6473694
4.2975092
4.4541823
4.5991235
4.6667582
4.6787817
3.0600227
3.177636
3.2977574
3.3610915
3.3737228
2.4361998
2.5314302
2.6262082
2.6798789
2.6922004
-4.9081699
-3.9521132
-2.8655871
-2.0680756
-1.6554225
-5.1141935
-4.1212893
-2.9907077
-2.1584204
-1.7272482
-5.3641253
-4.3251344
-3.1389632
-2.2646347
-1.8131297
-5.5359159
-4.471116
-3.2464858
-2.3403872
-1.8757279
-5.599225
-4.5318098
-3.2951484
-2.3742973
-1.9036309
-5.6468012
-4.5752416
-3.3303934
-2.4005689
-1.9256112
-5.6361168
-4.5703938
-3.3322187
-2.4024344
-1.9251224
-5.5292845
-4.4739079
-3.2658246
-2.3575435
-1.8825962
-5.3029555
-4.2672392
-3.1152546
-2.2540821
-1.7908171
-5.0718296
-4.0628027
-2.9672283
-2.1524887
-1.7038122
-0.41050205
-0.31627218
-0.20723208
-0.12275486
-0.074520566
-0.42795713
-0.33082366
-0.21905393
-0.13272984
-0.083262755
-0.44919961
-0.3474132
-0.23015722
-0.13960789
-0.088001716
-0.46153254
-0.3557251
-0.23369235
-0.13951038
-0.085937915
-0.46363334
-0.35593892
-0.23161737
-0.135284
-0.080006264
-0.47057971
-0.36087534
-0.23405556
-0.1353806
-0.078506751
-0.46442005
-0.35375702
-0.22529102
-0.12450564
-0.065827219
-0.44590922
-0.33508745
-0.20509278
-0.10095828
-0.03862166
-0.41466225
-0.30497957
-0.17407212
-0.065803783
0.0013459132
-0.38476281
-0.27615423
-0.14459868
-0.033246775
0.037821795
-1.7116038
-1.3635518
-0.97150534
-0.68531621
-0.53549106
-1.7119168
-1.3617526
-0.96802023
-0.68075946
-0.52976756
-1.6796709
-1.3331336
-0.94485328
-0.6613762
-0.51079285
-1.6057028
-1.2720206
-0.89923991
-0.6258214
-0.47808025
-1.5326838
-1.2121417
-0.85428129
-0.5910269
-0.44696233
0.19993757
0.24610076
0.3250273
0.43096486
0.52656832
0.1856402
0.22497983
0.29441773
0.38350192
0.45878823
0.18607149
0.21842833
0.27128945
0.33549595
0.38972387
0.20807789
0.23337475
0.27279095
0.31909216
0.35693761
0.23590711
0.25769307
0.29043606
0.32645574
0.35439865
0.25343489
0.27447733
0.30396826
0.33454198
0.3580221
0.30309803
0.32078849
0.3437119
0.36534592
0.3805487
0.40674073
0.42061911
0.43528277
0.44454651
0.44825435
0.5588703
0.56950985
0.57621892
0.57286516
0.564863
0.69971542
0.70751642
0.70797798
0.69593571
0.67970322
0.080999332
0.1262516
0.17841517
0.21875123
0.24220638
0.13107739
0.17768445
0.23081349
0.27096496
0.29308588
0.23240185
0.28237715
0.33794981
0.37773564
0.39803913
0.37775744
0.43242997
0.49192194
0.532251
0.55120796
0.51050386
0.56900622
0.63184561
0.67390184
0.69273765
2.3888165
2.3734372
2.3196442
2.2169394
2.1119471
1.9112607
1.8964456
1.847625
1.7615974
1.6779844
1.3784484
1.3656068
1.3268775
1.261484
1.1979134
0.99565475
0.98551208
0.9559778
0.90568518
0.85724209
0.80104452
0.79104307
0.76482697
0.72283728
0.68308712
0.71755871
0.70773599
0.68305558
0.64455145
0.60816388
0.58037817
0.57120974
0.54975061
0.51667082
0.48597606
0.43243763
0.42269779
0.40329621
0.37622493
0.35207441
0.33151156
0.32036884
0.30144898
0.27802944
0.25834791
0.28285123
0.27047425
0.25162661
0.22959679
0.21166976
0.67521689
0.69567714
0.71430183
0.72164537
0.7203681
0.56276753
0.57516869
0.58547452
0.58714148
0.58358778
0.4494471
0.45025398
0.44829729
0.44262217
0.43641869
0.38499538
0.37427791
0.36005601
0.34640296
0.33669043
0.36478987
0.34567092
0.3224252
0.30223124
0.28924635
-4.9691218
-3.9730025
-2.9036811
-2.1107034
-1.6690647
-4.6646365
-3.7200482
-2.7182763
-1.9780386
-1.5565943
-4.1229253
-3.281316
-2.395339
-1.7444193
-1.3620219
-3.4877033
-2.7631103
-2.0058258
-1.4584181
-1.1298711
-3.0011917
-2.3661029
-1.7066239
-1.2361446
-0.951916
-2.7769333
-2.186931
-1.5745344
-1.1380703
-0.87340319
-2.2415936
-1.7668827
-1.2704746
-0.91018775
-0.68713857
-1.4431781
-1.1371164
-0.81156085
-0.56698629
-0.41048097
-0.64512295
-0.49710306
-0.33659814
-0.21131978
-0.12736178
-0.082749128
-0.048830341
-0.0068016177
0.035703787
0.07021861
-0.37519515
-0.26649256
-0.13292176
-0.018017376
0.05590716
-0.33069313
-0.22493883
-0.092601176
0.025853555
0.10526288
-0.25364515
-0.15162425
-0.018645138
0.10726212
0.19660971
-0.16139093
-0.064140902
0.071947871
0.21217132
0.31635979
-0.085191203
0.010408987
0.14632362
0.29596576
0.41619897
-0.057031695
0.043272307
0.18956437
0.34502418
0.46813175
0.036488548
0.13063629
0.28131902
0.45894846
0.60163365
0.21173782
0.31122714
0.47402162
0.67891537
0.85789609
0.3841119
0.51262156
0.73637077
1.0076632
1.2314029
0.46919536
0.60578868
0.8833492
1.270145
1.5895893
-0.78755831
-0.60175896
-0.38610246
-0.21337357
-0.10719121
-0.61156619
-0.45135645
-0.26142049
-0.10629007
-0.010160067
-0.35097629
-0.23078546
-0.075767917
0.066449957
0.1622622
-0.086695405
-0.013102674
0.097756702
0.22392811
0.32580525
0.098134943
0.13893864
0.21373224
0.31635664
0.41021805
0.78256694
0.78965853
0.78778454
0.77138083
0.75103547
0.98207191
0.98742305
0.97996596
0.95300355
0.92235509
1.3734137
1.3741672
1.3551585
1.3110023
1.263886
1.916863
1.91412
1.8834989
1.8178336
1.7503053
2.4033019
2.3991655
2.3627157
2.2802442
2.1917605
2.7060655
2.6948719
2.64299
2.5503567
2.4569187
3.3979225
3.3851212
3.3220134
3.202753
3.0861865
4.7211033
4.7063575
4.6359179
4.4895553
4.3327309
6.7096415
6.6760061
6.5487559
6.3320183
6.1250115
8.6833869
8.636467
8.4459784
8.1052415
7.7976757
2.3760227
2.4898021
2.6068286
2.6790902
2.703047
3.0211635
3.1540801
3.292942
3.3724114
3.3954487
4.2914875
4.4586563
4.6174043
4.6982152
4.7194561
6.1076514
6.3190207
6.5409053
6.672481
6.7088289
7.7964571
8.1043478
8.4453619
8.6360771
8.6831289
0.26354151
0.25064599
0.2308553
0.20880856
0.19167314
0.23587237
0.22024394
0.19849518
0.17671785
0.16082165
0.21344475
0.19371657
0.16871182
0.14570821
0.12993459
0.21269986
0.18769615
0.15618131
0.129075
0.11222623
0.22461179
0.19243018
0.15473154
0.12550792
0.10845325
0.22894959
0.19543161
0.15787011
0.12832599
0.11030723
0.25930586
0.22184721
0.17666696
0.13880463
0.11578694
0.33446311
0.27679501
0.2067144
0.15148482
0.12088094
0.40132674
0.31658352
0.22272412
0.15609
0.12178153
0.41930817
0.32763197
0.22901052
0.15971952
0.12393909
0.58939795
0.49198817
0.38261991
0.29689868
0.24933609
0.6973876
0.5753893
0.43495423
0.33310323
0.28141495
0.91790921
0.75209765
0.57097179
0.43955272
0.36747083
1.257205
1.0391359
0.77812555
0.56814305
0.45177233
1.5926483
1.2737982
0.88802548
0.61188267
0.47654983
0.16652309
0.14458169
0.13390407
0.14078857
0.15257866
0.72818945
0.59224988
0.46044961
0.37981391
0.33867046
1.5267526
1.2318492
0.93158146
0.72715467
0.60949695
2.3184235
1.8543445
1.3816428
1.055953
0.86396123
2.8457785
2.2683434
1.6776194
1.2679776
1.0263143
3.0705706
2.4461811
1.803255
1.3542393
1.089933
3.5463197
2.829852
2.0855864
1.5573386
1.2482305
4.1610906
3.3277591
2.4573662
1.8284356
1.4659388
4.6940196
3.759595
2.7749084
2.0569418
1.6544935
5.0024695
4.0148709
2.961151
2.1898442
1.7673452
49.476927
20.145603
7.0203881
4.0052912
3.376946
59.861288
22.091635
8.1008529
4.5001076
3.9895309
73.402613
24.382928
9.3649072
5.186451
4.7772584
82.041692
26.206008
10.208485
5.9464345
5.4083096
84.386865
27.065013
10.544089
6.4887564
5.742148
0.48873365
0.62129965
0.89441543
1.2780096
1.5957628
0.51679064
0.61985016
0.8150951
1.0656977
1.278593
0.50821237
0.55214207
0.6522749
0.81118414
0.96590047
0.49596454
0.50485327
0.55914524
0.66583893
0.77098515
0.51227283
0.50716878
0.53448268
0.60258726
0.67942007
8.683232
8.6361503
8.4454377
8.1044709
7.7967377
6.7184118
6.682372
6.552238
6.3331268
6.1246657
4.7424432
4.7220385
4.6448875
4.4930476
4.3328817
3.431334
3.4096349
3.3359493
3.2079949
3.0860839
2.7474681
2.7251432
2.6599401
2.5562822
2.4560183
0.41679069
0.32521345
0.22676134
0.15767695
0.12206659
0.39122611
0.30649902
0.21292327
0.1468987
0.11321736
0.31215373
0.25437956
0.18477764
0.1308106
0.10156532
0.22209461
0.1844397
0.1400261
0.10422589
0.083437239
0.17911452
0.14537699
0.10885383
0.082043419
0.06697745
