FiniteElementSpace
FiniteElementCollection: L2_2D_P4
VDim: 1
Ordering: 0

129.02717
166.02674
181.05426
264.93384
331.31249
155.89417
305.14536
447.9038
584.41395
654.12085
161.31676
442.65377
764.22068
974.29148
1072.9707
194.29828
554.56782
1032.3807
1323.182
1430.0247
240.78528
621.37038
1171.0125
1517.3659
1588.5409
260.19818
374.92026
537.31816
376.84135
228.41245
777.86341
835.04748
883.33068
810.23149
745.22849
1240.5361
1225.3925
1156.0301
1176.9355
1159.6549
1507.8691
1512.962
1471.1692
1382.8172
1326.9855
1684.446
1594.5884
1472.5794
1444.9977
1423.0419
181.9952
176.70251
153.30839
115.77747
100.89299
317.00277
245.1823
197.30433
152.41
134.94968
420.3994
302.56993
244.23863
185.21904
165.22655
484.14275
346.64185
280.37826
211.30683
187.55629
496.70072
368.75572
294.8986
225.53088
197.6205
65.236265
62.741048
60.053163
58.139263
57.158675
79.863411
76.4138
72.612767
69.94172
68.584146
93.496182
89.056443
84.278932
80.962103
79.2887
103.98103
98.576111
92.72123
88.666481
86.638814
109.26831
103.44948
97.087421
92.638268
90.403827
276.30789
897.56921
1761.3388
2277.7466
2344.9357
275.46607
915.0137
1817.1546
2364.7504
2434.1224
266.60743
932.18023
1886.6216
2476.5991
2561.7489
254.79369
942.01851
1941.8348
2572.2994
2679.4372
244.14064
944.41311
1972.5795
2630.7633
2752.1126
2326.4221
2189.4416
1975.4108
1792.5542
1701.0177
2446.8361
2294.7249
2054.2819
1845.5577
1742.7087
2635.6059
2462.3424
2180.9657
1928.9977
1805.2504
2840.6499
2648.0186
2324.1669
2022.6935
1873.7141
2990.7876
2786.4704
2433.288
2094.6434
1925.9993
555.70504
443.85102
346.39011
269.8413
234.45868
565.44118
452.77281
352.78261
274.89113
238.37831
576.45896
465.81358
361.35018
282.07506
243.9072
589.29331
478.61187
370.07031
288.92993
249.28677
599.24236
487.5655
376.32659
293.71332
253.02255
126.61841
119.20478
111.05401
105.27447
102.31887
128.26772
120.66575
112.28383
106.33063
103.28976
130.35786
122.49967
113.8279
107.65387
104.4919
132.23558
124.10932
115.14055
108.75443
105.48226
133.46643
125.14882
115.96427
109.42256
106.07115
210.10169
914.27161
2009.134
2827.68
3097.3069
217.95778
904.47109
1997.3813
2845.5191
3099.5093
203.29078
889.84291
1991.5315
2852.0112
3141.8504
195.98509
874.52536
1981.5715
2858.9921
3171.9885
207.0967
849.38998
1969.83
2877.1535
3145.6272
3996.4811
3804.1709
3318.1344
2719.0232
2374.6116
4172.3611
4004.4562
3509.5175
2866.9763
2483.6498
4430.288
4305.4392
3809.3052
3111.1216
2665.3961
4686.7502
4614.8218
4130.7332
3389.2016
2876.7365
4862.8074
4830.9493
4362.617
3598.8162
3039.4393
672.68573
551.06488
420.72324
326.63203
278.97945
688.77744
564.2752
430.05699
333.38644
284.31988
714.44244
585.27528
444.88041
344.07697
292.76538
742.90919
608.4064
461.21538
355.79799
302.02383
764.19604
625.51691
473.32342
364.45019
308.86831
140.90557
131.25476
120.58675
112.97512
109.06891
142.32227
132.39394
121.41809
113.58673
109.56781
144.52378
134.15773
122.69726
114.51908
110.32181
146.90083
136.05323
124.06117
115.50444
111.11317
148.63336
137.43119
125.04809
116.21313
111.67938
97.821824
97.03579
96.165795
95.543297
95.222484
97.993546
97.184075
96.2881
95.647058
95.316677
98.233551
97.38797
96.451818
95.781797
95.43635
98.466774
97.582364
96.603189
95.90225
95.540739
98.625082
97.712522
96.702178
95.978832
95.605671
203.17719
785.05642
1823.185
2814.2825
3171.9087
185.69461
789.76607
1806.9211
2794.8147
3226.2067
194.62844
770.25017
1775.1263
2776.9033
3190.3203
200.08169
755.60863
1751.0478
2756.1001
3141.2693
201.14022
761.05047
1737.3724
2736.4742
3164.9744
5682.3706
5835.1694
5731.0156
5101.0322
4274.2795
5817.0796
6016.7356
5959.0526
5355.8155
4529.8172
5918.3864
6198.2672
6283.2776
5763.0266
4905.0125
5995.2114
6312.0186
6543.1547
6147.1019
5286.7311
6079.3281
6364.7746
6653.483
6357.3631
5558.2496
920.97875
747.79046
560.86206
426.18593
357.92397
951.67573
771.53346
577.87398
438.14449
367.41237
998.43528
807.75123
603.65338
456.26277
381.73653
1045.9806
844.77471
629.9585
474.78522
396.35097
1078.5499
870.31213
648.11774
487.62648
406.4807
160.78937
147.05483
131.88783
121.08026
115.54001
163.10129
148.87939
133.17909
121.99534
116.26352
166.58778
151.63083
135.12451
123.37111
117.34917
170.14961
154.43923
137.10634
124.76929
118.4507
172.60948
156.37574
138.47051
125.73034
119.20685
99.627565
98.51835
97.291081
96.412823
95.959674
99.80835
98.66188
97.393692
96.486427
96.018402
100.07522
98.873013
97.543578
96.592821
96.102474
100.34146
99.082727
97.691268
96.696544
96.183657
100.52113
99.223898
97.790318
96.765673
96.237316
186.69287
167.45913
146.26924
131.21444
123.51673
188.82049
169.12854
147.43819
132.03323
124.15929
191.65931
171.35512
148.99895
133.12742
125.0177
194.12122
173.2871
150.35256
134.07455
125.75936
195.5933
174.43947
151.15536
134.63316
126.19544
101.54281
100.024
98.347096
97.149408
96.531969
101.69355
100.14148
98.428228
97.204756
96.573815
101.89031
100.29334
98.530746
97.272159
96.62306
102.05679
100.42006
98.612462
97.320295
96.653139
102.15307
100.4929
98.6582
97.344312
96.664057
199.64202
177.61123
153.37246
136.18043
127.40356
199.45248
177.46503
153.27129
136.10991
127.34851
198.71178
176.88799
152.87096
135.83097
127.1295
197.43032
175.88058
152.16336
135.33446
126.73959
196.27064
174.9671
151.51955
134.88151
126.38373
102.39689
100.66436
98.741168
97.348931
96.615206
102.37926
100.64759
98.723899
97.328916
96.591782
102.31986
100.59689
98.680648
97.287602
96.548829
102.22107
100.51544
98.616066
97.231695
96.494722
102.13218
100.44301
98.560031
97.184593
96.449977
262.62038
254.81161
271.68747
291.13251
319.93509
603.96397
636.21262
685.62162
721.1226
743.4131
993.47146
1063.3182
1151.4776
1204.6948
1237.0043
1310.4419
1380.5814
1467.9796
1511.3554
1530.2946
1478.2291
1552.5001
1644.8778
1680.1397
1666.3146
1557.9362
1637.161
1723.1889
1757.2819
1756.9695
1696.1235
1781.3547
1869.4448
1890.6279
1865.6033
1869.7283
1973.2703
2064.8767
2073.181
2031.8349
2024.1815
2150.0414
2249.8295
2253.2609
2199.4079
2124.7535
2263.3857
2377.2792
2380.5271
2311.1588
261.48284
647.17686
1240.3932
1628.0138
1681.5747
284.01776
713.49902
1366.7132
1786.4851
1835.2333
290.6504
794.41011
1523.4742
1981.1557
2026.6276
284.88606
851.68481
1653.3336
2142.2638
2191.0018
280.07935
880.32696
1728.8027
2235.2942
2288.6297
263.63517
414.11744
535.78584
445.06437
187.49419
742.50431
829.77925
796.30019
761.65374
635.76582
1139.9077
1139.1079
1048.3293
1005.9796
891.89198
1312.7914
1298.9106
1235.8206
1165.2554
1062.2046
1389.8377
1366.8166
1245.8611
1195.935
1139.8417
1437.0542
1386.949
1301.2156
1235.1399
1086.3794
1482.1999
1441.8492
1349.3037
1265.1336
1161.5398
1548.4577
1500.1522
1400.573
1311.4334
1199.3517
1606.618
1545.83
1444.5373
1343.901
1228.6011
1638.9529
1579.2091
1469.3429
1364.1143
1259.8218
1720.3506
1663.2635
1564.7636
1493.586
1451.8188
1842.4067
1767.5405
1651.0594
1559.7242
1508.3907
2002.5711
1906.6279
1759.9562
1642.0828
1579.4509
2155.184
2041.5182
1863.998
1715.5793
1640.4901
2269.5131
2138.6043
1936.7915
1766.8603
1681.8946
96.284973
86.317465
77.073315
70.24786
66.661794
125.05503
111.59917
96.97047
87.011899
82.020574
152.80631
135.05334
116.02673
102.78821
96.253399
173.08355
152.70928
130.6963
115.15656
107.3325
183.14774
161.19296
137.63733
121.18055
112.82329
187.99459
165.38323
140.83236
123.70689
115.15938
195.9027
172.47095
146.80058
128.60826
119.41092
204.56376
180.06688
153.24266
134.18449
124.45652
211.45611
186.00477
158.05699
138.22031
128.11217
215.87857
189.7216
160.99698
140.58408
130.16083
497.09249
379.86565
301.34944
231.13231
203.2657
519.83508
393.83725
312.96604
240.80887
211.49146
530.84319
413.74702
325.70633
252.29691
220.40342
545.4925
428.82314
336.89382
261.38436
227.88992
555.88629
438.40299
343.8019
267.23222
232.51355
56.748985
56.066872
55.322933
54.795607
54.526006
68.004224
67.061582
66.029159
65.30372
64.935652
78.57889
77.419093
76.150783
75.257131
74.803013
85.778472
84.385455
82.870924
81.809596
81.271803
89.457352
87.923941
86.26237
85.102793
84.517214
91.072193
89.46272
87.719311
86.505213
85.893061
93.803869
92.079935
90.196346
88.875526
88.208894
96.894038
95.034301
92.997271
91.559463
90.828427
99.226982
97.242024
95.06688
93.531304
92.749651
100.5012
98.444654
96.182179
94.581288
93.766651
111.50184
105.54212
99.004739
94.395113
92.060032
115.50296
109.14049
102.20679
97.333701
94.858475
120.29175
113.46525
105.97783
100.70478
98.032085
123.78805
116.68433
108.84922
103.28161
100.43954
125.71675
118.42224
110.39257
104.68141
101.75504
2168.7409
2321.8626
2441.6522
2445.3259
2376.8104
2261.0701
2430.8123
2569.1524
2578.6852
2500.8684
2387.2671
2585.7542
2758.2284
2781.587
2696.1708
2502.695
2733.4255
2948.7918
2993.0331
2906.3333
2575.5196
2828.2938
3079.3736
3141.3157
3056.9474
2610.9828
2875.473
3145.3197
3217.7069
3137.9828
2677.4403
2963.4082
3274.3579
3369.6399
3296.9209
2762.4893
3083.1154
3459.8493
3592.6554
3539.0272
2838.1151
3191.0504
3641.441
3815.6635
3784.6408
2889.383
3258.185
3763.2655
3968.2413
3949.1357
243.59484
942.67959
1982.7986
2661.1543
2785.8412
233.18666
943.17149
2002.1827
2703.7663
2856.6851
227.22586
935.56354
2021.4617
2769.1303
2938.1471
228.52039
918.63543
2026.1692
2821.8081
2998.4182
221.63304
906.73395
2020.964
2837.7609
3033.9971
1662.0347
1591.1264
1482.4032
1375.7023
1254.7503
1696.3059
1620.545
1505.95
1391.5493
1279.6362
1750.585
1662.7778
1538.3858
1416.1726
1302.5747
1809.7486
1706.4859
1570.9115
1439.5461
1323.6336
1852.6294
1739.0571
1593.3406
1455.7816
1339.7085
1877.1427
1755.9231
1605.3278
1464.6462
1345.0369
1926.8393
1791.7594
1629.3824
1481.5365
1360.6451
2009.2203
1849.6548
1666.9112
1508.1627
1382.6083
2105.5938
1915.8949
1708.297
1537.1942
1405.8205
2180.9236
1967.1131
1739.1363
1558.6759
1422.9225
3069.5359
2860.8326
2493.1673
2134.1266
1953.9426
3230.6365
3013.9032
2618.1512
2218.0739
2014.1122
3475.8629
3255.3676
2822.2514
2358.0824
2114.0352
3731.0735
3516.5238
3052.599
2521.6954
2231.4045
3909.1082
3705.4277
3225.181
2648.923
2323.5833
217.76509
191.38485
162.34856
141.68718
131.13796
221.41534
194.47565
164.81126
143.69168
132.88935
226.5889
198.76342
168.11518
146.29882
135.13455
231.54027
202.87697
171.24867
148.7125
137.17429
234.95658
205.66781
173.35725
150.32498
138.51795
236.73296
207.10412
174.4192
151.12938
139.19462
240.29434
210.00681
176.56362
152.72484
140.50832
245.76872
214.42511
179.81153
155.12888
142.47173
251.68113
219.17497
183.26314
157.65285
144.51888
256.02073
222.65
185.77632
159.47538
145.98517
603.69393
492.34394
379.48095
296.21561
254.97505
614.5554
501.81429
386.11393
301.18517
258.89289
631.54152
516.62494
396.46091
308.89458
264.96047
650.62577
532.75259
407.79921
317.22519
271.54234
665.0362
544.65503
416.21673
323.35205
276.38804
101.05317
98.97241
96.676314
95.045366
94.213329
101.98951
99.855635
97.502763
95.827953
94.970127
103.13813
100.91564
98.466285
96.725069
95.833804
104.07992
101.77579
99.23157
97.419824
96.492009
104.63486
102.27629
99.670687
97.812491
96.859368
104.90134
102.51174
99.873525
97.992972
97.028097
105.39947
102.94849
100.24102
98.311202
97.321549
106.07814
103.53534
100.72464
98.719397
97.690399
106.72628
104.08393
101.16291
99.078431
98.008313
107.16462
104.44933
101.44731
99.304869
98.204946
134.08298
125.66891
116.37497
109.75122
106.35614
135.27893
126.66709
117.15264
110.36939
106.89077
137.05278
128.12768
118.26553
111.23265
107.62509
138.894
129.62906
119.38798
112.0824
108.33414
140.20844
130.69325
120.17428
112.66884
108.81724
96.61262
95.93353
95.183076
94.647822
94.373017
96.895457
96.198929
95.428629
94.878355
94.595402
97.24723
96.522946
95.721989
95.149608
94.854985
97.546982
96.793299
95.959376
95.363171
95.056194
97.730469
96.955925
96.098568
95.485182
95.169165
2897.8356
3290.2093
3827.077
4039.2265
4043.2959
2930.1268
3351.529
3941.5284
4184.5681
4207.0923
2955.8491
3407.0052
4111.8014
4405.6089
4444.2946
2986.3199
3438.5022
4252.1766
4608.1722
4688.4643
3025.2888
3459.7643
4306.832
4724.2237
4869.1885
3043.5249
3481.1131
4346.6429
4761.2339
4906.8645
3048.6723
3524.9409
4430.8652
4841.3151
5012.8669
3066.8587
3574.3225
4538.3902
4983.4377
5209.6916
3077.528
3596.2781
4635.6996
5134.8067
5407.2539
3072.7718
3594.7191
4693.8939
5226.4949
5518.5932
194.42779
838.7075
1952.5324
2855.5898
3164.8709
187.51664
843.07735
1921.7798
2837.2967
3216.0635
197.71308
822.93438
1881.8674
2835.8043
3207.178
198.62769
805.62522
1854.8583
2832.2485
3202.4396
193.22909
807.81885
1832.5973
2811.586
3247.7315
2222.7875
1995.1936
1755.7533
1570.2216
1431.7217
2312.0447
2054.9898
1790.4025
1594.0428
1450.4152
2462.2095
2154.8092
1846.3592
1631.9859
1480.0272
2638.3505
2271.8007
1909.6311
1673.8503
1512.9624
2775.1015
2362.8979
1957.6802
1704.8907
1537.7467
2850.3907
2413.0655
1983.7901
1721.5574
1551.0645
3007.5406
2518.891
2038.1502
1755.4866
1578.6504
3263.1404
2692.5424
2126.214
1808.7121
1622.4621
3546.7823
2888.551
2225.3327
1866
1670.2531
3755.9853
3035.4885
2299.7983
1907.4172
1705.1446
4989.9165
4942.5071
4479.6253
3714.0088
3126.2593
5108.8968
5150.1898
4728.8117
3942.7326
3313.3042
5278.1951
5397.4854
5072.2087
4307.5287
3604.9675
5460.532
5613.9431
5399.5138
4693.4783
3921.1212
5609.7729
5766.7303
5618.3895
4958.7057
4154.3788
258.3374
224.50128
187.11521
160.44598
146.76484
263.11033
228.30934
189.85198
162.42031
148.34869
270.6426
234.30669
194.15177
165.50883
150.81617
278.8869
240.85881
198.83602
168.86163
153.48649
284.97222
245.68861
202.27831
171.31565
155.43527
288.22648
248.26709
204.11338
172.62299
156.47344
294.86348
253.523
207.85152
175.28431
158.58493
305.19993
261.70598
213.66541
179.41504
161.85717
316.26009
270.45134
219.86846
183.81465
165.33589
324.21898
276.73892
224.31971
186.96694
167.82315
775.62847
634.64679
479.81587
369.07639
312.5332
799.20145
653.32774
493.12829
378.51594
320.01582
836.40276
682.407
513.93242
393.19729
331.69077
876.54324
713.48851
536.25095
408.89905
344.18817
905.6505
735.94999
552.37211
420.22189
353.1851
107.39309
104.63871
101.59303
99.419065
98.302916
107.84367
105.00935
101.8751
99.63767
98.488766
108.52112
105.56101
102.28763
99.950827
98.750821
109.22894
106.13223
102.70788
100.26338
99.008105
109.73385
106.53738
103.00285
100.47973
99.18407
110.00275
106.75265
103.15903
100.59385
99.276615
110.54379
107.18472
103.47103
100.82061
99.459803
111.36933
107.84162
103.94228
101.16008
99.731955
112.23287
108.5261
104.43026
101.50908
100.01012
112.84304
109.00891
104.77343
101.75339
100.20393
149.55698
138.16564
125.57387
116.59022
111.98036
151.4337
139.65531
126.63763
117.35179
112.58741
154.33915
141.95809
128.27711
118.52049
113.51565
157.42526
144.3991
130.00898
119.74996
114.48882
159.63045
146.14011
131.2407
120.62179
115.17733
98.708632
97.780661
96.753132
96.017302
95.637554
98.873204
97.9144
96.852834
96.09273
95.700468
99.116546
98.110594
96.997066
96.199867
95.78845
99.364116
98.30869
97.140652
96.304602
95.873169
99.536003
98.445518
97.238838
96.375217
95.929579
3106.2469
3582.4576
4719.1245
5290.2486
5563.8856
3092.7051
3609.0772
4748.9259
5328.7283
5690.7262
3101.476
3637.8767
4799.0579
5386.5573
5757.5945
3102.1842
3648.426
4859.8043
5450.4178
5816.2825
3079.5539
3644.8596
4900.4762
5511.7329
5927.4039
3868.7263
3114.6762
2339.8932
1929.5601
1723.5111
4093.6794
3277.0702
2422.6925
1974.1152
1760.6242
4444.8301
3532.3799
2553.7617
2042.829
1817.1725
4808.4016
3801.3753
2694.2863
2114.2665
1875.0008
5058.0646
3990.1556
2795.036
2164.3392
1914.7939
5188.2895
4087.0033
2847.1005
2190.3525
1934.9826
5431.9968
4277.2721
2951.1052
2241.2752
1974.9446
5786.1847
4555.8141
3105.2466
2317.3567
2032.499
6139.4931
4833.4285
3260.9432
2393.9155
2088.6878
6374.6609
5017.0733
3366.7222
2445.514
2126.3672
6229.2071
6429.5952
6724.3492
6471.5558
5677.8355
6252.2714
6518.9036
6874.698
6665.043
5926.8722
6313.3421
6649.457
7078.898
6950.5368
6277.3848
6371.7485
6765.3583
7263.0445
7222.9453
6617.9839
6369.0775
6826.4834
7373.1957
7392.4529
6842.2012
328.41276
280.0505
226.66222
188.62306
169.13013
336.81132
286.67389
231.342
191.92942
171.73758
349.48896
296.66958
238.39891
196.91677
175.67051
362.44317
306.88215
245.61285
202.01609
179.69023
371.43063
313.97379
250.61978
205.54841
182.46973
376.06764
317.62919
253.19588
207.3645
183.89784
385.06976
324.73068
258.20886
210.90196
186.68362
398.06306
334.97664
265.43829
216.00212
190.6961
410.71385
344.93903
272.44502
220.93134
194.5705
419.03056
351.47041
277.03251
224.15943
197.11182
1095.2697
883.4827
657.45345
494.2588
411.69546
1127.7521
909.11646
675.5689
507.13614
421.84198
1174.8323
946.47451
701.81497
525.76733
436.4616
1220.6063
982.97453
727.40569
543.9655
450.70612
1250.7243
1006.8679
744.30803
555.94242
460.07582
113.16531
109.2641
104.9549
101.88263
100.30656
113.80738
109.77188
105.31528
102.13889
100.50986
114.76951
110.53142
105.85277
102.51958
100.81075
115.74439
111.29973
106.3948
102.90193
101.11192
116.41285
111.8258
106.76477
103.16171
101.31574
116.75809
112.09719
106.95558
103.29602
101.42148
117.42644
112.62284
107.32573
103.55711
101.62734
118.38626
113.37793
107.85707
103.93077
101.92085
119.31618
114.10875
108.36955
104.28927
102.20127
119.92312
114.58429
108.70176
104.52097
102.38211
173.87562
157.37291
139.17354
126.22583
119.59661
176.34251
159.31472
140.53962
127.18639
120.35204
179.89357
162.10741
142.50269
128.56636
121.43712
183.32065
164.80353
144.40113
129.90342
122.48901
185.56978
166.57627
145.65022
130.78104
123.17719
100.61496
99.297741
97.842235
96.802062
96.265775
100.79738
99.441285
97.943
96.872465
96.320664
101.0568
99.64481
98.085207
96.97113
96.396907
101.30375
99.837584
98.218772
97.062891
96.467222
101.4626
99.961339
98.303827
97.12021
96.510243
423.1139
354.68844
279.30625
225.76851
198.37827
430.8912
360.8296
283.64466
228.82925
200.78454
441.51527
369.17969
289.50228
232.9306
203.99931
450.74176
376.42985
294.57867
236.48489
206.78768
456.14222
380.68509
297.58644
238.60836
208.45522
458.66368
382.67417
298.98825
239.5937
209.22692
462.97836
386.07039
301.36613
241.25848
210.53581
467.76488
389.81469
303.99033
243.10057
211.9838
470.5259
391.99797
305.52652
244.17838
212.82646
471.32106
392.62777
305.9587
244.46709
213.04424
120.22343
114.81979
108.86684
104.63668
102.47277
120.79147
115.26536
109.17883
104.85489
102.64353
121.54962
115.8594
109.59346
105.14313
102.86755
122.20351
116.37083
109.94949
105.38972
103.05824
122.58732
116.67088
110.15821
105.53381
103.16912
122.76775
116.81189
110.25614
105.60136
103.22119
123.07961
117.05514
110.42457
105.71746
103.31078
123.41987
117.32044
110.60784
105.84268
103.40623
123.60868
117.46731
110.70867
105.91038
103.45644
123.65386
117.50175
110.73107
105.92355
103.46427
196.27522
174.97318
151.52833
134.89404
126.39965
197.43301
175.8846
152.16997
135.34455
126.7527
198.71311
176.89041
152.87535
135.83789
127.13857
199.4543
177.46739
153.27435
136.114
127.35362
199.64404
177.61307
153.37422
136.18243
127.40592
102.19862
100.52743
98.68016
97.356326
96.66995
102.27708
100.58675
98.717635
97.376603
96.679726
102.35984
100.64801
98.753955
97.392773
96.683388
102.40211
100.677
98.766463
97.390627
96.671399
102.40723
100.67783
98.761004
97.378162
96.653311
123.65122
117.49843
110.72629
105.91658
103.45522
123.60288
117.45988
110.6979
105.89477
103.43635
123.40949
117.30706
110.5886
105.8151
103.37097
123.06465
117.03595
110.39719
105.67852
103.26125
122.74971
116.78894
110.2235
105.55502
103.16238
122.56763
116.64595
110.12292
105.48377
103.10561
122.1807
116.34206
109.90903
105.33257
102.98571
121.52271
115.82522
109.545
105.07423
102.77975
120.75975
115.225
109.12151
104.77348
102.54012
120.1879
114.77468
108.80315
104.54716
102.36
195.5881
174.43255
151.14551
134.61933
126.178
194.11544
173.27926
150.34117
134.05847
125.73911
191.65337
171.34674
148.98614
133.10877
124.99389
188.81275
169.11828
147.42306
132.01131
124.13126
186.68282
167.44656
146.25169
131.18967
123.48529
