FiniteElementSpace
FiniteElementCollection: L2_2D_P4
VDim: 1
Ordering: 0

100.89742
99.453365
97.830246
96.62542
95.968358
100.74754
99.332346
97.739605
96.554417
95.905727
100.51366
99.142814
97.596023
96.44013
95.804185
100.26458
98.939891
97.440722
96.313115
95.687738
100.08677
98.792578
97.325741
96.219054
95.60098
92.811903
92.253136
91.280243
90.020571
88.92328
92.679443
92.111599
91.128356
89.860862
88.757616
92.435543
91.853999
90.854552
89.572679
88.460401
92.111159
91.510351
90.489113
89.193846
88.076366
91.825214
91.208627
90.171154
88.863219
87.739642
44.673597
40.958518
36.841884
33.881688
32.339057
44.361608
40.637411
36.513028
33.547985
32.004967
43.979102
40.250133
36.122797
33.161009
31.623216
43.649119
39.9268
35.80908
32.856499
31.325628
43.435849
39.724434
35.619316
32.679118
31.157322
26.466741
25.894068
25.108362
24.303997
23.69726
26.358139
25.804724
25.040262
24.253349
23.65719
26.231359
25.700272
24.961299
24.193272
23.607472
26.130071
25.61681
24.898773
24.146566
23.569025
26.071963
25.569349
24.862968
24.119148
23.546245
98.92217
97.7984
96.493768
95.457443
94.837181
98.681209
97.56591
96.262498
95.224637
94.605359
98.335393
97.221309
95.881064
94.769295
94.087646
98.006023
96.898849
95.522834
94.305291
93.500566
97.77254
96.671379
95.284218
94.024601
93.162559
87.964834
87.132516
85.874534
84.426471
83.258233
86.642301
85.737459
84.386681
82.896382
81.723958
83.960671
82.918853
81.493482
80.005951
78.840741
79.880017
78.672506
77.008069
75.318104
74.087579
75.736368
74.09853
71.881808
69.895194
68.601682
41.787649
38.288932
34.422718
31.680759
30.274591
41.316044
37.895426
34.137252
31.453876
30.061174
40.342717
37.077308
33.456837
30.86863
29.546654
38.696886
35.614865
32.30002
30.04583
28.928117
36.84419
34.201543
31.468097
29.56802
28.580746
25.747684
25.294709
24.65027
23.957143
23.4129
25.659823
25.22698
24.604873
23.92675
23.389541
25.540237
25.13694
24.544302
23.88472
23.356244
25.432434
25.052085
24.483212
23.840093
23.320153
25.349368
24.985627
24.435413
23.805663
23.292539
96.242884
95.095373
93.498436
91.836308
90.562192
96.021128
94.890113
93.305016
91.634523
90.342346
95.692333
94.579052
93.004663
91.332206
90.034974
95.322306
94.228558
92.673067
91.009019
89.709928
95.032711
93.954073
92.41368
90.755419
89.455457
48.209839
44.649009
40.675452
37.779373
36.255321
47.240302
43.613442
39.593843
36.692473
35.172412
46.126636
42.447696
38.374109
35.448968
33.926976
45.27797
41.564072
37.45688
34.511294
32.984626
44.798324
41.067225
36.944672
33.997249
32.474565
28.183753
27.547033
26.838333
26.317368
26.026204
27.844006
27.278268
26.626566
26.136162
25.869487
27.432448
26.933781
26.36596
25.93371
25.692011
27.102594
26.65261
26.138505
25.749943
25.533884
26.905299
26.482699
25.998198
25.629386
25.424587
24.728188
24.496202
24.087052
23.553279
23.087484
24.659009
24.431538
24.031255
23.507542
23.048337
24.576517
24.355404
23.961798
23.444197
22.989543
24.489215
24.275437
23.890196
23.378591
22.927277
24.422235
24.21197
23.832184
23.325565
22.877142
91.890887
90.922034
89.509817
87.950634
86.706229
90.913152
89.968566
88.587427
87.059789
85.838438
89.06098
88.164135
86.84285
85.36782
84.182954
86.535226
85.702215
84.465819
83.06598
81.925916
84.314634
83.522767
82.340028
81.001322
79.911904
42.362113
38.671414
34.607126
31.718527
30.237464
41.846173
38.186893
34.158762
31.295668
29.829565
40.926355
37.328665
33.36951
30.56278
29.130111
39.719343
36.206796
32.353723
29.6229
28.225469
38.661768
35.238578
31.463836
28.78223
27.422905
25.699373
25.367314
24.988835
24.701365
24.540033
25.406041
25.083981
24.71831
24.441288
24.285707
24.869444
24.564023
24.217351
23.953766
23.805089
24.152736
23.862343
23.532468
23.283153
23.14377
23.505137
23.224607
22.911082
22.679144
22.551289
23.696271
23.504665
23.151369
22.67207
22.243754
23.464376
23.275485
22.927291
22.455805
22.034492
23.02017
22.838391
22.500403
22.040187
21.628932
22.406121
22.233531
21.911757
21.469837
21.071132
21.858669
21.690129
21.377329
20.952324
20.570729
89.078996
87.643355
84.851409
80.958227
77.444761
88.90774
87.448564
84.628143
80.680984
77.099323
88.699436
87.217069
84.342547
80.317627
76.674477
88.49615
86.990506
84.077829
80.007617
76.323531
88.34501
86.830599
83.903228
79.810399
76.105508
93.315766
92.795154
91.889824
90.719
89.695355
93.229346
92.7044
91.787354
90.5908
89.539922
93.111798
92.57424
91.633544
90.40984
89.340685
92.977404
92.428861
91.472764
90.232202
89.147611
92.870519
92.31614
91.35091
90.097488
89.00185
35.439465
34.281902
32.858093
31.586707
30.726786
34.383386
33.22488
31.811463
30.592362
29.803624
33.18828
32.037322
30.657041
29.503191
28.775757
32.314019
31.175205
29.827384
28.721611
28.041097
31.863817
30.727326
29.39197
28.314248
27.661144
48.019476
44.493951
40.547954
37.653532
36.116049
47.084292
43.490434
39.495744
36.594011
35.059431
46.032991
42.383322
38.330294
35.401536
33.863313
45.265781
41.576887
37.4854
34.532565
32.987671
44.856477
41.14727
37.036688
34.078952
32.536313
23.761231
22.940478
21.499211
19.625431
17.987734
23.644237
22.8515
21.43676
19.575353
17.942453
23.520133
22.746668
21.359748
19.521765
17.900846
23.431728
22.674727
21.304592
19.480246
17.868246
23.380279
22.634631
21.276619
19.45942
17.850847
27.629635
26.832779
25.808363
24.841186
24.144567
27.313076
26.587054
25.619569
24.683071
24.011132
26.945572
26.286305
25.402429
24.524032
23.877149
26.675893
26.064849
25.234184
24.399126
23.777733
26.531993
25.947917
25.14637
24.330677
23.72032
115.1962
110.83335
106.00821
102.55468
100.77031
114.5945
110.35689
105.66737
102.30779
100.5704
113.71164
109.65614
105.16402
101.93987
100.26841
112.83028
108.95175
104.65261
101.56255
99.956499
112.23585
108.47141
104.29457
101.28916
99.726204
95.666928
95.140942
94.449402
93.780364
93.296701
95.607482
95.084949
94.393849
93.719407
93.228302
95.510522
94.992452
94.2994
93.613746
93.109736
95.397477
94.882528
94.185305
93.484515
92.963436
95.311703
94.795779
94.091579
93.376859
92.840204
95.26509
94.750489
94.040382
93.313648
92.767532
95.164223
94.647815
93.928479
93.179851
92.610482
94.998818
94.470769
93.72325
92.932112
92.319977
94.796455
94.25741
93.467209
92.60337
91.930044
94.615108
94.061092
93.250846
92.337524
91.597122
99.995996
98.717302
97.264302
96.165404
95.552152
99.816158
98.568783
97.146542
96.062221
95.451207
99.541572
98.336671
96.957005
95.895452
95.28803
99.25603
98.090191
96.743139
95.693418
95.08692
99.043985
97.908027
96.586587
95.537106
94.916215
88.26606
86.748671
83.812335
79.708292
75.996074
88.096418
86.570516
83.622492
79.506483
75.783796
87.795562
86.263705
83.30762
79.182942
75.454203
87.40919
85.873165
82.915053
78.794313
75.070943
87.071114
85.536283
82.583923
78.471595
74.75771
86.871939
85.337528
82.388129
78.282257
74.574489
86.417922
84.881916
81.93821
77.852122
74.165115
85.537155
84.008883
81.090489
77.043841
73.396649
84.334512
82.810991
79.920885
75.933551
72.342731
83.272515
81.746905
78.865009
74.926998
71.404838
91.652505
91.027724
89.980944
88.667004
87.540966
91.26117
90.61142
89.539297
88.214874
87.087567
90.508244
89.815335
88.699276
87.345345
86.207418
89.460454
88.710103
87.533033
86.148983
85.005065
88.522616
87.703806
86.477427
85.08506
83.943127
31.667237
30.533773
29.205515
28.138628
27.495105
31.334954
30.208597
28.895023
27.847286
27.222221
30.956214
29.836523
28.539182
27.517234
26.915082
30.662958
29.55366
28.273329
27.271281
26.686198
30.499106
29.396669
28.125846
27.136443
26.562507
30.421824
29.321517
28.057859
27.077394
26.509003
30.279023
29.19059
27.941452
26.97253
26.412194
30.088781
29.016919
27.786825
26.836382
26.289848
29.890586
28.837949
27.636826
26.712581
26.180979
29.734648
28.70983
27.535487
26.624342
26.098308
43.326141
39.622291
35.528758
32.597961
31.079507
43.108288
39.425589
35.35527
32.439958
30.930964
42.75643
39.115207
35.091024
32.214867
30.729991
42.329304
38.750078
34.804411
31.983212
30.522221
41.981382
38.47071
34.579496
31.787235
30.350126
23.357835
22.614379
21.262399
19.450957
17.844802
23.322479
22.585268
21.239119
19.433407
17.831559
23.277592
22.549236
21.213105
19.414196
17.815968
23.242636
22.520027
21.191209
19.398589
17.803938
23.222031
22.503109
21.178417
19.38922
17.796722
23.211794
22.495161
21.173041
19.385183
17.793212
23.194731
22.480868
21.162046
19.376981
17.78661
23.16878
22.458634
21.144444
19.363583
17.775967
23.136668
22.431911
21.124901
19.349966
17.765628
23.112614
22.41338
21.112449
19.341703
17.759437
26.046185
25.547412
24.845422
24.105406
23.53489
25.995334
25.505061
24.813721
24.082121
23.515997
25.925324
25.447807
24.770799
24.049085
23.487877
25.854629
25.387407
24.721285
24.008412
23.452919
25.791098
25.330407
24.675328
23.973928
23.425614
111.9373
108.22952
104.11149
101.14344
99.59758
111.37227
107.77252
103.76629
100.86657
99.347564
110.56947
107.12299
103.27674
100.47486
98.991976
109.79532
106.49313
102.79924
100.09426
98.650651
109.28374
106.07348
102.47537
99.829724
98.409717
108.9973
105.82223
102.25037
99.602156
98.162795
108.51701
105.42599
101.94132
99.346577
97.927993
107.84251
104.86805
101.50576
98.987137
97.597467
107.19446
104.32719
101.07543
98.620769
97.250512
106.76026
103.96016
100.77636
98.359898
97.001564
94.531578
93.95125
93.095417
92.159814
91.408388
94.300605
93.715152
92.809314
91.770849
90.943286
93.749727
93.105743
92.117595
90.949729
89.97056
93.084476
92.248315
90.939253
89.474731
88.316506
92.699965
91.741556
90.08742
88.047938
86.453658
91.861521
90.662246
88.529486
85.632546
82.907954
91.475291
90.153094
87.674697
84.20266
81.042099
90.794625
89.278982
86.478762
82.710107
79.371007
90.210504
88.634658
85.751172
81.853736
78.364312
89.943723
88.361554
85.427698
81.428385
77.864197
97.509319
96.362917
94.869321
93.441663
92.419587
97.281176
96.138414
94.631189
93.159909
92.079852
96.958581
95.815639
94.265211
92.683322
91.477985
96.614203
95.461433
93.862679
92.199476
90.92846
96.367768
95.214016
93.606589
91.935297
90.662209
82.587592
81.088393
78.262442
74.356442
70.848204
81.053503
79.558731
76.775491
72.963081
69.528165
78.170669
76.669721
73.885457
70.149894
66.853975
73.417981
71.984069
69.40501
65.911928
62.784626
67.932459
66.563057
64.283091
61.345241
58.65073
50.975661
49.690567
47.733917
45.571448
43.987723
45.489246
44.268693
42.61126
41.004267
39.853567
40.729635
39.576787
38.125635
36.762345
35.781227
37.832542
36.674918
35.224899
33.940915
33.100721
36.283642
35.131948
33.726934
32.539
31.774016
61.067688
58.320501
55.33012
53.021637
51.644732
56.922721
53.745171
50.202527
47.597521
46.157765
52.831328
49.488823
45.708138
42.901677
41.397261
50.127313
46.649557
42.796566
39.994967
38.499149
48.781461
45.23306
41.289719
38.448071
36.949454
29.666263
28.647524
27.473539
26.56498
26.044478
29.457657
28.4507
27.303593
26.429889
25.933893
28.984241
28.057702
27.020286
26.234214
25.783304
28.451379
27.665358
26.767948
26.065978
25.652112
28.155422
27.438225
26.605367
25.946151
25.554923
27.43538
26.884003
26.230455
25.693435
25.361667
27.141128
26.658507
26.069372
25.574916
25.265605
26.613779
26.271633
25.822172
25.411122
25.138151
26.150144
25.888395
25.548053
25.223406
24.994263
25.951192
25.701205
25.38724
25.096275
24.890362
33.305023
31.794537
29.92199
28.505205
27.762969
31.453569
30.382591
29.091592
28.029028
27.41727
29.810585
28.9239
27.939482
27.211493
26.804181
28.841786
28.112065
27.267201
26.635533
26.299365
28.374461
27.724666
26.989787
26.417857
26.095551
23.101558
22.404932
21.106598
19.337577
17.756238
23.081079
22.388919
21.095286
19.329559
17.749968
23.051415
22.365105
21.077944
19.317063
17.740173
23.019005
22.338875
21.058772
19.303213
17.729266
22.994299
22.318965
21.044228
19.29268
17.720947
22.95401
22.287704
21.022644
19.27785
17.709619
22.928352
22.2668
21.007095
19.266358
17.700413
22.891701
22.236254
20.98367
19.248538
17.685861
22.85396
22.204259
20.958314
19.228569
17.669201
22.825301
22.179979
20.938895
19.213005
17.656027
25.18252
24.857948
24.348687
23.746363
23.246665
25.099174
24.79099
24.300153
23.711052
23.218107
24.989459
24.703496
24.235631
23.662468
23.177834
24.865976
24.608245
24.168419
23.612873
23.136594
24.774048
24.535143
24.116274
23.574833
23.105196
106.5387
103.77107
100.62023
98.223515
96.87358
106.11019
103.40388
100.31858
97.967429
96.641224
105.47894
102.86161
99.874352
97.592011
96.299041
104.82314
102.28993
99.395549
97.177791
95.916144
104.34211
101.86512
99.032753
96.857816
95.617416
104.08336
101.63445
98.832074
96.678705
95.449755
103.54328
101.14565
98.401248
96.290896
95.084385
102.62551
100.30574
97.650826
95.60607
94.433592
101.50159
99.265636
96.703273
94.724558
93.586456
100.57899
98.394758
95.890093
93.957746
92.847606
89.838585
88.229311
85.249515
81.228467
77.654139
89.607065
87.980799
84.979982
80.910635
77.271259
89.296573
87.656717
84.613015
80.474593
76.778593
88.967504
87.31463
84.244804
80.070579
76.339124
88.712239
87.058055
83.982498
79.792909
76.044785
88.572245
86.919319
83.839856
79.642767
75.889382
88.267636
86.61449
83.533038
79.332178
75.573509
87.71586
86.070684
82.99878
78.804241
75.048457
86.993851
85.362925
82.311149
78.138285
74.39854
86.364303
84.748763
81.718785
77.569183
73.849391
94.869575
93.798225
92.26411
90.61
89.313741
94.51417
93.458136
91.941144
90.299346
89.008028
93.878342
92.846742
91.356968
89.73383
88.45163
93.046495
92.040255
90.581654
88.986103
87.721457
92.321196
91.33882
89.908654
88.334904
87.084001
35.589918
34.465553
33.117839
31.963388
31.213467
34.50809
33.383509
32.046984
30.945396
30.266956
33.264491
32.148663
30.846671
29.811369
29.194763
32.324488
31.222329
29.954546
28.968605
28.399591
31.816368
30.717727
29.463784
28.506975
27.965963
31.584844
30.489925
29.243945
28.298621
27.767552
31.172818
30.086556
28.857061
27.93229
27.420467
30.641908
29.565096
28.355137
27.458702
26.971159
30.140271
29.077384
27.888543
27.015165
26.546513
29.791155
28.737978
27.561983
26.704186
26.248489
44.572922
40.837956
36.711912
33.763879
32.242069
44.165762
40.425912
36.296866
33.347494
31.827258
43.603617
39.86601
35.742296
32.802833
31.29159
43.028791
39.307224
35.204675
32.283207
30.783513
42.599849
38.897893
34.817151
31.914818
30.42809
25.889058
25.645174
25.331209
25.042011
24.840842
25.748665
25.532464
25.244318
24.966344
24.768842
25.581018
25.383848
25.122968
24.867555
24.681195
25.43397
25.253265
25.009015
24.766901
24.589112
25.330754
25.161585
24.92961
24.694599
24.520109
25.277178
25.11028
24.884527
24.655532
24.483589
25.170392
25.010002
24.790432
24.567573
24.400293
24.988641
24.837831
24.629226
24.414029
24.251006
24.765136
24.620934
24.42117
24.214116
24.056016
24.576332
24.436508
24.241979
24.039926
23.885543
26.807831
26.396976
25.928717
25.571473
25.370379
26.625426
26.234412
25.788084
25.448869
25.258701
26.357134
25.989445
25.569878
25.250727
25.071705
26.061016
25.712707
25.316001
25.014168
24.844261
25.829435
25.493128
25.109604
24.817396
24.652888
22.80917
22.166367
20.927997
19.204203
17.648522
22.773099
22.135645
20.903552
19.184677
17.631935
22.716787
22.084365
20.859829
19.14845
17.600806
22.656164
22.026983
20.807799
19.102904
17.560476
22.607417
21.980856
20.765545
19.065133
17.526479
22.578389
21.953495
20.740725
19.043133
17.506629
22.512838
21.891045
20.683535
18.992277
17.460925
22.390356
21.773655
20.575001
18.89484
17.372871
22.223701
21.613367
20.425984
18.760538
17.251004
22.07466
21.470481
20.293167
18.639998
17.141555
24.38655
24.177148
23.798572
23.293982
22.847291
24.305764
24.100222
23.725757
23.224451
22.78026
24.158927
23.957821
23.590052
23.095246
22.655402
23.966355
23.769261
23.407471
22.91982
22.485706
23.797937
23.604564
23.247371
22.763992
22.333863
100.03476
97.877654
95.408121
93.504535
92.41071
98.786587
96.700137
94.316376
92.477915
91.417726
96.492798
94.524683
92.275603
90.540124
89.538391
93.425241
91.596422
89.510678
87.904554
86.977532
90.716934
89.015997
87.086802
85.598841
84.731105
89.11841
87.499466
85.660249
84.237131
83.404527
85.467965
83.995833
82.319623
81.020315
80.258509
78.344839
77.105768
75.687411
74.584929
73.940107
67.810066
66.799793
65.639717
64.737179
64.208456
56.588423
55.847544
54.995079
54.317734
53.910209
85.988862
84.380579
81.366134
77.234539
73.526577
85.132609
83.544371
80.560593
76.467745
72.7918
83.497705
81.951673
79.033029
75.013895
71.400796
81.261885
79.760577
76.926868
73.018556
69.491847
79.275873
77.819162
75.041081
71.214471
67.77794
78.051551
76.640852
73.937731
70.156673
66.744079
75.190305
73.812357
71.205984
67.586718
64.29355
69.593276
68.328993
65.878703
62.471314
59.402947
60.752644
59.767221
57.768416
54.781457
51.972051
51.085722
50.289633
48.765627
46.53461
44.297819
83.001617
82.233397
81.07243
79.748429
78.674999
79.88993
79.183613
78.102184
76.840535
75.799093
73.62934
73.035169
72.126473
71.050233
70.137218
63.953609
63.467872
62.734196
61.885082
61.176261
53.712586
53.326247
52.727073
52.01944
51.429862
29.601926
28.55276
27.386678
26.539825
26.090463
29.202383
28.169472
27.022445
26.190066
25.750328
28.517768
27.50789
26.387575
25.580568
25.159126
27.628016
26.647548
25.570341
24.801397
24.401326
26.849205
25.909304
24.871849
24.123659
23.732753
26.412126
25.482695
24.449076
23.70658
23.323786
25.313506
24.405182
23.411978
22.717519
22.36744
23.05218
22.252413
21.404681
20.825598
20.535053
19.801434
19.184593
18.521044
18.05511
17.815831
16.694712
16.173744
15.603665
15.201872
14.997033
38.033325
34.633598
30.902484
28.292237
26.975279
36.533094
33.251748
29.678542
27.157981
25.866696
33.54317
30.484847
27.116656
24.739397
23.548886
28.807951
26.00668
23.051563
21.112143
20.186688
23.678968
21.448284
19.241152
17.761601
17.010369
24.464993
24.328242
24.137123
23.936855
23.783292
24.213216
24.080699
23.895248
23.700251
23.549859
23.735759
23.60889
23.431545
23.24551
23.101943
23.079083
22.960901
22.79523
22.619861
22.483727
22.49215
22.384047
22.230894
22.065197
21.934029
22.140818
22.037883
21.891847
21.733262
21.606803
21.305666
21.21182
21.078974
20.935273
20.82065
19.640659
19.559028
19.44404
19.321273
19.224695
17.070192
17.001783
16.905348
16.802382
16.721728
14.368414
14.310935
14.229874
14.143109
14.074839
23.108008
22.837972
22.538889
22.318645
22.197119
22.178286
21.934958
21.666059
21.467263
21.356897
20.383349
20.179747
19.951874
19.780919
19.685184
17.693985
17.523562
17.331783
17.187881
17.107525
14.894883
14.750238
14.58834
14.467297
14.399769
21.985212
21.383533
20.212634
18.567783
17.075363
21.779652
21.184957
20.02618
18.398541
16.921276
21.380575
20.800618
19.667101
18.070832
16.621645
20.829165
20.26449
19.163951
17.613859
16.201957
20.338731
19.790086
18.7106
17.194329
15.820757
20.030796
19.500072
18.450394
16.952309
15.588966
19.315148
18.79569
17.784582
16.353547
15.040295
17.931393
17.453323
16.501878
15.157717
13.939222
15.70641
15.337197
14.565174
13.390982
12.280346
13.21699
12.919822
12.337428
11.470397
10.592494
21.533625
21.368582
21.058281
20.635131
20.2582
20.75404
20.602743
20.312489
19.906219
19.538259
19.169008
19.043032
18.80094
18.45471
18.131345
16.675576
16.572072
16.377972
16.108375
15.860526
14.035595
13.94731
13.780674
13.550272
13.342283
