FiniteElementSpace
FiniteElementCollection: L2_2D_P4
VDim: 2
Ordering: 0

12.436535
16.884596
23.656798
30.775553
35.879502
11.450726
15.956478
22.680903
29.670681
34.702487
9.4737147
14.078896
21.003161
28.147565
33.194793
7.5933797
12.031743
18.823649
26.032216
31.243937
6.5710742
10.918583
17.48726
24.416961
29.489812
66.242675
71.18383
77.916321
83.944236
87.650202
65.675731
70.696577
77.715886
84.135689
88.090211
65.067749
70.358828
77.737594
84.598615
88.927942
63.776875
69.491212
77.565003
85.059147
89.785026
62.682118
68.460887
76.97278
85.083002
90.158956
99.546711
100.79523
101.06908
93.871382
82.441192
100.08903
101.17732
100.51362
91.906334
79.819217
101.29264
102.0277
99.510281
88.475054
75.491934
102.64467
102.79398
97.926169
84.283459
70.577035
103.47767
102.99517
96.277026
80.931558
66.930864
22.112415
17.649444
12.790616
9.4381593
7.803986
21.153533
16.887924
12.248184
9.0535171
7.5005173
19.707832
15.745265
11.435884
8.4759476
7.0432494
18.220706
14.570418
10.605677
7.8883533
6.5781159
17.195628
13.759337
10.031559
7.4815867
6.2563052
20.625483
23.051076
26.389626
29.569488
31.698878
23.175974
26.116063
30.370624
34.306311
36.784065
25.503931
28.166642
32.638543
37.486658
40.859508
27.843055
29.912696
33.259586
37.46775
40.845145
29.452932
31.831756
34.4894
37.509323
40.255853
53.40808
60.00208
70.222279
80.332948
87.036554
52.867247
58.139072
67.520203
78.190114
85.716954
57.271166
60.153432
65.981262
74.140086
81.06573
60.954393
64.119487
69.144483
74.981382
79.601129
59.618034
62.964056
68.277772
74.230509
78.460057
99.968546
91.906401
74.188255
54.932027
43.643081
96.850597
87.189991
68.584128
50.112012
39.806119
89.958299
78.578588
59.774542
43.089126
34.265406
78.791842
67.352814
50.252932
36.18004
28.932086
69.503605
59.128056
44.050639
31.986687
25.735342
11.200147
9.0079111
6.6565981
5.086873
4.3623747
10.235955
8.2563083
6.1360546
4.7250213
4.0787591
8.9550123
7.2580699
5.4389552
4.2335737
3.6897023
7.7637437
6.3175339
4.7697646
3.7551932
3.3089186
6.9728815
5.6888731
4.3218116
3.4364933
3.0563835
24.244353
29.754086
37.882387
45.454724
49.866544
23.552866
28.867576
37.175126
45.363735
50.384741
23.799381
28.601273
36.560906
45.226127
50.996601
25.152964
29.748315
37.028952
45.362327
51.550633
26.229545
30.994829
38.273391
46.120311
52.103373
58.058202
59.472813
61.94287
65.047533
66.775746
60.720146
61.793919
63.679321
65.323636
65.373668
65.449126
65.826047
66.175041
64.341896
60.872941
69.447936
69.008172
66.259614
59.784005
53.407484
71.260436
69.517132
63.878556
54.689737
47.283934
35.810824
28.958164
20.993088
15.19179
12.173092
30.74069
24.864015
18.099289
13.150401
10.571035
24.177108
19.621637
14.379573
10.52139
8.4951
18.927071
15.401605
11.338432
8.3386891
6.7610046
16.03149
13.061773
9.6334559
7.1017136
5.7717817
3.4835332
2.9245049
2.3588174
2.0422154
1.9513091
3.0866459
2.6014669
2.1198755
1.8664513
1.8095421
2.5836983
2.2005808
1.828579
1.6520282
1.6348346
2.1454419
1.8542188
1.5824213
1.4752294
1.4924526
1.884915
1.6460982
1.4334711
1.3689181
1.4078055
39.855739
44.752962
52.404451
60.192535
64.62436
42.979569
48.195449
55.782544
61.959341
64.268742
48.060249
52.845236
58.43381
60.190515
58.514015
52.009053
55.146908
55.90874
52.047842
47.434839
52.343949
53.106218
50.185248
43.794598
38.604332
48.162638
39.992232
29.969281
22.456764
18.556259
40.766458
33.596622
25.166138
18.928036
15.65211
31.439393
25.991982
19.563811
14.776185
12.24202
24.512474
20.292065
15.310857
11.575722
9.5864801
20.853647
17.264196
13.001416
9.8021066
8.1072335
6.0611198
4.9643823
3.6990909
2.7632604
2.2719335
5.140138
4.2141214
3.1460263
2.3559479
1.9412952
4.0312569
3.3114038
2.4802171
1.8643691
1.5411761
3.1518243
2.5903586
1.94182
1.4620576
1.2116051
2.6502718
2.174033
1.6276064
1.2268712
1.019108
0.90523697
0.8521534
0.84698704
0.93243309
1.0491452
0.80683914
0.77137694
0.78586957
0.88455808
1.0072906
0.68325774
0.66854349
0.70660579
0.82222202
0.9527268
0.58096103
0.58195487
0.63577409
0.76158563
0.89775132
0.51803724
0.52941337
0.59340669
0.72209644
0.85620341
87.633792
90.180556
93.573666
96.561123
98.098221
88.115443
90.619744
93.890649
96.814873
98.26792
88.783479
91.302841
94.488614
97.249546
98.482001
89.075293
91.760827
95.053078
97.715404
98.682581
89.220848
92.096226
95.558813
98.251066
99.004583
68.217483
72.329282
77.969493
83.046718
86.176122
68.821067
72.955078
78.542909
83.556994
86.653353
68.60139
72.994279
78.90502
84.123648
87.292847
67.513071
72.095518
78.376603
84.026018
87.472284
66.738804
71.478427
77.961197
83.856742
87.502706
85.961451
72.143205
52.555152
37.454208
29.981715
84.538127
70.555255
51.183216
36.439278
29.155084
81.988087
67.853122
48.963879
34.835045
27.845544
78.905474
64.737295
46.511397
33.102411
26.448517
76.50737
62.39555
44.709887
31.837717
25.429271
98.818211
100.43177
102.99959
100.38375
92.161682
98.971255
100.55254
102.83029
99.739968
91.022097
99.108913
100.61002
102.42962
98.305898
88.769825
99.178305
100.57992
101.87376
96.440918
85.965403
99.40029
100.7073
101.3463
94.809695
83.715279
8.4947903
7.2076762
6.0145989
5.5327994
5.5787095
8.2470795
7.0177695
5.8857691
5.4393821
5.4992256
7.8914431
6.7272399
5.6734799
5.2861495
5.3754709
7.5361354
6.4415856
5.4614841
5.1263082
5.2429578
7.277798
6.2378031
5.3155667
5.0179919
5.1522777
26.682705
21.269213
15.395574
11.329773
9.3216801
25.934907
20.664655
14.941774
10.981667
9.0396123
24.755406
19.733433
14.275846
10.498904
8.6469891
23.505276
18.744838
13.570151
9.9957055
8.2482491
22.598886
18.031007
13.059955
9.629593
7.9575016
-14.205168
-10.994718
-5.9054405
-0.33674841
3.7667514
-12.254298
-9.6313783
-5.4400038
-0.70132032
2.9306963
-5.9442257
-3.9297552
-0.87533809
2.4480727
5.0034133
1.6735042
3.8347941
6.9179336
9.9122079
11.96505
5.4814426
7.8596321
11.38568
14.935547
17.323874
38.520813
43.618607
51.015349
58.45419
63.626234
37.329192
42.53436
50.225247
57.859246
63.054225
35.800096
40.936273
48.69196
56.719177
62.282411
33.965364
39.294899
47.129807
55.138219
60.830757
32.17833
37.662875
45.927482
54.165028
59.78915
31.356298
36.60426
44.871093
53.529469
59.470358
30.164143
35.33341
43.24873
51.755739
57.894627
27.851322
33.158505
41.194192
49.519088
55.49838
26.883764
31.107236
38.579437
47.113135
53.251349
30.003788
32.627428
37.93635
45.265771
51.322469
5.9306823
10.322703
16.991613
23.883665
28.78851
4.8896
8.9399387
15.428034
22.486498
27.550547
6.4014717
9.3403558
14.352708
20.419895
25.234339
13.002935
15.037018
18.2045
21.905376
25.034642
18.493165
20.686778
23.769106
26.771382
28.873807
89.399109
92.342922
95.884709
98.563668
99.21233
89.947328
93.086684
96.85037
99.566317
99.925255
90.988698
94.494129
98.686422
101.57143
101.47494
92.043354
95.971716
100.73781
103.92337
103.30749
92.562006
96.845002
102.12065
105.6116
104.58509
92.714454
97.239258
102.79661
106.44309
105.19919
92.760607
97.751646
103.90211
107.88332
106.22791
92.589479
98.13251
105.15938
109.54456
107.11196
91.7408
98.107202
106.05752
110.41124
106.96365
90.532241
97.526392
106.20274
110.17342
105.80642
62.424953
68.134557
76.510862
84.781417
90.171761
61.066932
67.191354
75.917477
84.397693
90.025346
58.647843
64.953543
74.371011
83.654001
89.711691
56.427515
62.693831
72.088587
81.801775
88.52026
54.539048
61.037352
70.661899
80.326005
87.103494
75.190401
61.145891
43.758444
31.161717
24.880804
72.456741
58.599236
41.860503
29.824865
23.799239
68.079569
54.65659
38.97061
27.790733
22.160569
63.269975
50.516741
35.992211
25.684847
20.471648
59.812953
47.627274
33.933049
24.228079
19.308501
58.006823
46.145926
32.881072
23.483651
18.715412
54.43484
43.2586
30.830113
22.026485
17.555609
49.19217
39.061566
27.845683
19.907616
15.874731
44.0332
34.955248
24.929474
17.837591
14.232719
40.591106
32.218497
22.982511
16.445936
13.122241
103.8408
102.94808
95.211177
79.058138
64.989259
104.34675
102.50171
92.69136
75.133145
61.089285
104.32054
100.67746
87.812326
68.812469
55.260108
103.18248
97.368618
81.694954
62.063773
49.458844
101.38812
94.01533
76.828644
57.336425
45.583325
7.1395265
6.1264051
5.236417
4.96219
5.1072453
6.8702728
5.911932
5.0805601
4.848015
5.0144843
6.4640584
5.5901576
4.8499117
4.6794185
4.8761104
6.0508495
5.2617062
4.6139689
4.5078074
4.7360504
5.7652178
5.0349873
4.451129
4.389222
4.639315
5.6180321
4.9188878
4.3683403
4.3286684
4.5894289
5.3313141
4.6908517
4.2041825
4.2087441
4.4912076
4.9098335
4.3546835
3.9615435
4.0317766
4.3469994
4.4919115
4.0230913
3.7249386
3.8612451
4.2088036
4.2177089
3.8079986
3.5731869
3.7521543
4.1201016
16.671538
13.343752
9.7356366
7.2713263
6.0902762
15.645017
12.531302
9.1603288
6.8635913
5.7674528
14.155154
11.352734
8.3234826
6.2677274
5.2939256
12.697071
10.195415
7.4962392
5.6760122
4.8238069
11.70844
9.4081536
6.9358169
5.280509
4.5134097
7.0925269
9.4809909
13.018961
16.721011
19.326772
9.0362419
11.815316
15.405393
18.995467
21.718674
9.5865979
13.280404
17.900857
21.840634
24.288123
8.0016467
12.594932
18.82339
24.028842
26.737984
6.3137458
11.065495
18.009877
24.305657
27.89148
5.3395623
10.068737
17.184368
24.058711
28.22368
3.4612104
8.1328142
15.355381
22.764203
27.622036
1.6041559
5.8797085
12.760249
20.173425
25.400835
0.9039728
4.7169109
10.976848
18.053085
23.270626
0.89297029
4.499927
10.332268
17.028597
22.126514
32.728644
34.843248
38.900937
44.831105
50.272428
37.976735
40.092901
43.183052
47.067519
50.616297
42.528633
45.697886
49.868817
53.491621
55.95673
42.662164
46.172098
51.288084
56.268609
59.404722
41.994686
45.334538
50.169661
55.284925
58.300555
41.547673
44.823472
49.720015
54.468198
57.90036
42.042174
44.431338
48.534857
52.63253
55.824853
45.198176
46.060817
48.191944
51.260026
53.716885
48.990521
49.725895
50.698913
52.604067
54.478926
51.126898
52.897143
53.939169
54.915492
56.238663
30.056343
32.891742
35.632706
38.004897
40.214417
29.909454
33.842791
37.908789
40.190382
41.318625
28.053333
33.121414
39.428542
43.497326
44.852571
25.996595
31.365205
38.912027
45.20362
48.176444
24.847198
30.305868
38.247391
45.48561
49.551278
90.236092
96.941237
105.7725
109.60382
104.72505
89.309892
96.556223
105.62828
108.21977
102.12708
84.885605
92.992631
102.92777
103.73717
95.802547
82.136766
87.706126
95.218749
93.878005
84.763375
80.69896
84.344226
87.707558
84.526464
75.402972
78.379415
81.75812
84.001548
79.45068
70.396748
75.689569
78.505169
78.963337
72.190712
63.559285
72.441476
74.893357
73.940845
65.466792
56.074386
69.50068
71.257975
68.193632
57.949585
48.515668
67.737028
68.032819
62.92623
51.817027
42.775115
59.395799
62.442747
67.48953
72.750567
76.295001
57.551675
60.737475
65.578365
70.600485
73.927584
55.016514
57.785021
62.248059
67.185158
70.698311
55.419724
57.376478
60.86391
65.00519
68.000429
57.041426
58.610662
61.249689
64.708091
67.017616
38.862597
30.83367
21.983889
15.726191
12.549274
35.420692
28.071679
20.011369
14.33018
11.453779
30.464669
24.169562
17.296982
12.454176
9.9964051
25.760479
20.548252
14.814723
10.735253
8.6500775
22.93088
18.346468
13.25554
9.6185661
7.7619092
21.480874
17.202157
12.442837
9.041989
7.3060517
18.963886
15.21603
11.035743
8.0414916
6.5124305
15.903441
12.776925
9.2965564
6.8101201
5.5418328
13.209546
10.589127
7.7106642
5.6759984
4.6446923
11.609507
9.2978741
6.7654067
4.9863443
4.0913446
64.958797
55.129598
41.134314
29.940143
24.088992
58.496098
48.554322
36.073453
26.374711
21.214593
51.078771
41.807795
30.510474
22.165824
17.823088
43.844424
35.494285
25.70422
18.521251
14.80847
38.592709
31.181612
22.600519
16.297305
13.016882
4.0843918
3.7032636
3.4986314
3.6979383
4.075762
3.8335873
3.5051162
3.3565945
3.5940579
3.9905068
3.4877833
3.2296148
3.1573947
3.4477765
3.87036
3.1487096
2.959101
2.9621112
3.3049885
3.7534912
2.9243984
2.7809761
2.8342695
3.2118843
3.6774141
2.8115589
2.6915195
2.7701931
3.1653
3.6393816
2.6123621
2.5334664
2.6568061
3.0826271
3.5716905
2.3707046
2.3405904
2.5170335
2.9796313
3.4867619
2.1519164
2.1662119
2.3905755
2.8861297
3.4094064
2.0112559
2.054335
2.3097478
2.8265062
3.360073
6.5677771
5.368699
4.0949382
3.2757678
2.9293161
5.8626387
4.8089668
3.6963724
2.9923581
2.7049216
5.0027304
4.1306745
3.2159482
2.6506234
2.4334077
4.2084546
3.5052063
2.7756227
2.3396401
2.1872313
3.714702
3.111305
2.4944489
2.1397231
2.0288739
0.97513362
4.5507028
10.237903
16.613994
21.529252
1.4486836
4.9022854
10.402128
16.470441
21.040313
2.6345471
5.9948007
11.313262
17.197776
21.523124
4.1088977
7.4869828
12.749477
18.522699
22.838293
5.3605602
8.7007599
13.960191
19.686646
23.914562
6.1651498
9.4722704
14.688665
20.413929
24.635723
7.8691886
11.18358
16.375439
22.072257
26.291873
10.610969
14.079253
19.375494
25.10015
29.303504
13.308042
17.178399
22.810495
28.741183
33.097802
14.879512
19.214753
25.336405
31.427859
35.896749
51.760866
54.271884
55.594584
56.25222
57.370234
52.596516
56.011412
58.720752
59.840382
60.43246
53.723463
58.305147
63.1368
65.607052
65.623418
54.693705
60.350324
67.04116
70.949449
70.324566
55.395234
61.646119
69.432451
74.181161
73.010393
55.791211
62.220898
70.55603
75.552713
73.985899
57.072583
63.649547
72.665219
77.335195
74.625207
60.474765
66.481915
74.170145
76.220107
71.528647
64.184096
68.900625
72.483092
69.745636
63.478555
65.992131
68.707849
68.164611
62.464039
56.042757
26.859182
31.581982
38.975568
46.868832
52.628014
28.525325
33.145068
40.504254
48.452309
54.180039
31.568904
36.202667
43.510887
51.5108
57.422964
35.385274
40.052162
47.512251
55.633847
61.28297
38.375583
43.181385
50.665458
58.690294
63.807151
66.924496
66.040256
59.810629
48.526356
39.740505
64.584286
61.567061
53.182603
41.860549
34.102653
58.418776
52.682404
42.870633
32.840669
26.777127
49.904495
42.95539
33.64162
25.596469
20.968419
43.570466
36.797296
28.485931
21.67264
17.764646
40.431405
33.946667
26.208328
19.926483
16.320252
34.667376
28.915809
22.253977
16.913565
13.849922
27.474531
22.85008
17.542557
13.321099
10.914453
21.644782
17.983663
13.785841
10.466153
8.5840728
18.357931
15.256439
11.68825
8.8733796
7.2836902
71.72817
69.039193
61.923056
51.733833
44.115603
71.550196
66.91964
57.029864
45.537039
38.064243
67.537215
60.366795
48.218438
36.723673
30.254225
59.221641
50.712126
38.708912
28.927803
23.842406
51.962812
43.529387
32.7144
24.471066
20.226046
10.85874
8.7078238
6.3368842
4.6701476
3.8345792
9.4572504
7.6157328
5.5727472
4.1226805
3.3925349
7.6183724
6.1667936
4.5534406
3.4054547
2.8263309
6.0773147
4.9417435
3.6779583
2.7811559
2.3321619
5.1955711
4.2389088
3.1730073
2.4166708
2.0401261
4.7938845
3.9162534
2.9408941
2.2504634
1.9071838
4.0993387
3.3570655
2.5332988
1.954246
1.6697712
3.2662501
2.6852046
2.0422418
1.5943484
1.3784535
2.6042317
2.1493702
1.6485542
1.3045905
1.1431206
2.2302984
1.8466241
1.4259132
1.1403816
1.0093696
14.732342
12.011797
8.868488
6.5460143
5.3241325
12.50664
10.200201
7.5414791
5.5790071
4.5471086
9.862606
8.0539305
5.9679567
4.4270499
3.6172786
7.7611443
6.3483223
4.7192176
3.5136822
2.8792705
6.5878672
5.3938186
4.0172294
2.998424
2.4625332
1.9422087
1.9993823
2.2700829
2.7972922
3.3359097
1.8153543
1.8974402
2.1959574
2.7426404
3.290741
1.6578814
1.7687128
2.0997278
2.6698448
3.2297211
1.5299948
1.6642936
2.0207185
2.6084798
3.1770721
1.4544313
1.6032648
1.9749194
2.5726966
3.1459261
1.4175788
1.5736614
1.9529944
2.5556958
3.1311471
1.3510147
1.5192118
1.9119245
2.5236575
3.1031772
1.2663701
1.4490042
1.8572123
2.4792776
3.0634055
1.1935104
1.3876889
1.8079423
2.4372299
3.024153
1.1498336
1.3496425
1.7760626
2.4091746
2.9968714
1.7658682
1.5501279
1.3632421
1.3176332
1.3665777
1.5539178
1.3800796
1.2394408
1.2268063
1.2926942
1.2925176
1.1685719
1.0841859
1.1122693
1.1991237
1.0807819
0.99617817
0.95604855
1.0160143
1.1191984
0.96017318
0.8972661
0.88166277
0.95973612
1.0719825
15.616607
20.150387
26.650985
33.007541
37.415355
17.035302
21.894052
28.965685
35.914403
40.610679
19.520892
24.733121
32.429032
40.203877
45.475456
22.578223
28.292516
36.595395
44.696909
49.712227
24.692237
30.728396
39.481165
47.271044
51.201724
25.507622
31.568594
40.45053
47.808094
50.681829
30.255617
35.934789
42.704596
46.351485
46.448179
29.491676
34.812752
38.665947
38.055581
35.77158
27.756883
28.831242
28.866836
26.03077
22.74028
25.446503
25.354661
20.63687
15.613837
13.725101
66.149663
67.478655
64.925952
58.134461
52.005757
64.475793
63.067764
57.18997
49.288043
43.99611
56.813718
52.310602
44.508601
37.432846
33.732794
44.828438
39.562336
32.857354
28.134539
26.098411
36.070395
31.546329
26.500085
23.340339
22.091488
32.00701
28.048361
23.783151
21.224966
20.295128
24.997857
22.140166
19.224402
17.644129
17.252801
16.913471
15.353699
13.926429
13.42108
13.579659
10.904458
10.142812
9.561637
9.7147706
10.285125
7.7509027
7.3483533
7.0679148
7.2793141
7.8516235
51.154052
50.547133
46.0345
39.1959
34.306565
45.750212
43.045089
37.136031
30.6905
26.743972
34.156765
30.504496
25.002241
20.334896
17.916868
21.176013
18.313174
14.953147
12.57773
11.405228
12.855254
11.463947
9.8857825
8.6699043
8.0271468
16.849131
14.016309
10.74486
8.1597808
6.70042
14.226466
11.844686
9.0889003
6.9107648
5.6804383
11.133472
9.2729953
7.1111528
5.4081842
4.4515579
8.7162373
7.2519947
5.5552989
4.2249085
3.4796822
7.3697503
6.131376
4.6934567
3.5629999
2.9291658
6.7836013
5.6359637
4.2977069
3.2507496
2.6688607
5.7177465
4.721475
3.5726585
2.6902089
2.2069594
4.303318
3.5315615
2.6620598
2.0065988
1.6497204
3.1139476
2.5674108
1.9468645
1.4725966
1.2118032
2.5022784
2.0609475
1.5543223
1.1695684
0.96093402
19.21623
15.896368
11.953243
9.0172256
7.4655552
16.424234
13.546335
10.177654
7.6575221
6.3095876
13.02557
10.677083
7.9129029
5.8506894
4.7689513
9.9311001
7.9665827
5.7592312
4.2192017
3.4456192
7.6098279
6.0922604
4.4994077
3.3671221
2.7638268
2.0592216
1.7084497
1.3246095
1.0656566
0.94845323
1.7619282
1.4666532
1.1455595
0.93257441
0.83953382
1.4015796
1.1724848
0.92611904
0.76786342
0.70348934
1.1040555
0.92897017
0.74456581
0.63202237
0.59122321
0.93017807
0.78607744
0.63635751
0.54924143
0.52218728
0.85152139
0.72102342
0.58574272
0.50829178
0.48609037
0.7141155
0.60716043
0.49689838
0.43526252
0.41956727
0.54468283
0.46630529
0.38679222
0.34439523
0.3356324
0.40450392
0.34898864
0.29453104
0.26864865
0.26661532
0.32401126
0.28103458
0.23992149
0.22247667
0.22386747
2.4137409
1.9798155
1.4835113
1.1203053
0.93210387
1.9962726
1.6395383
1.2326761
0.9347935
0.78023839
1.4940143
1.2300995
0.92855059
0.70769513
0.59340717
1.0977608
0.90410368
0.6830276
0.52198153
0.43941194
0.87006653
0.71669122
0.54245588
0.41590833
0.35122952
1.1291629
1.3319915
1.7604422
2.3942831
2.9825306
1.0898683
1.297223
1.7301685
2.3651797
2.952657
1.0379619
1.2486451
1.683984
2.3187803
2.903469
0.98573649
1.1998541
1.63418
2.2625369
2.842256
0.94243827
1.1562125
1.5934973
2.2191042
2.789305
0.92669411
1.1333244
1.5594752
2.1849796
2.7584755
0.87998205
1.0911466
1.511355
2.1167146
2.6783124
0.75284407
0.95759757
1.3749962
1.9689015
2.5066031
0.59891536
0.75610889
1.1021085
1.6488876
2.1723302
0.53003814
0.66033923
0.91907504
1.3173508
1.7406524
0.4841277
0.49965847
0.57028149
0.70518933
0.84105298
0.41989906
0.43822597
0.51151837
0.65062336
0.79139352
0.33758286
0.3552591
0.41900099
0.54136998
0.669946
0.27048792
0.28861412
0.34259878
0.4380364
0.53542644
0.22888606
0.24796901
0.30071505
0.38970217
0.476568
6.1759024
7.4743031
9.8294069
12.391816
14.303242
7.3642868
8.2779135
10.366608
13.116296
15.254025
11.08471
11.520125
12.717758
14.965695
17.149577
16.916269
17.10034
17.489441
18.540964
20.01882
21.796281
21.930883
22.136345
22.503962
23.270128
31.251976
34.167511
38.100951
41.497786
43.581654
33.049186
36.370587
40.869799
44.762778
47.136062
35.745764
39.723957
45.248003
50.16622
53.136174
38.792453
43.188376
49.714242
55.927096
59.730988
41.057944
45.792737
52.829763
59.652362
64.16237
53.615881
60.844285
66.807307
41.206477
13.959531
57.040223
63.851707
66.445189
40.061116
14.23654
61.494735
67.089446
64.480294
37.284213
14.051126
65.760731
69.243603
60.975035
33.619208
13.408558
68.686985
70.072616
57.85009
30.826267
12.83599
2.3057572
1.8384465
1.3490313
0.97041693
0.78319529
2.3583534
1.8849897
1.3798711
0.99415474
0.80111292
2.4268513
1.9442865
1.4184863
1.0223215
0.82142607
2.475928
1.9852478
1.4450169
1.0418599
0.8350325
2.494752
2.0005804
1.454638
1.0494583
0.84040177
48.763373
51.508
55.580188
58.874772
60.315648
50.081064
53.137939
57.327835
61.607693
64.093718
47.761264
52.535419
58.084979
62.86746
66.383363
42.245418
48.335078
56.017522
61.822223
65.636613
38.358413
44.374058
53.061946
60.084108
63.959752
64.511146
66.71234
74.206428
84.983839
91.42248
71.195783
72.414907
77.816611
88.77009
98.460238
79.715504
80.375491
82.770767
89.710894
98.966318
82.144655
84.717437
89.595985
94.907348
99.827698
80.625065
82.947285
87.817253
94.467083
99.871833
75.732937
58.522685
33.911935
16.737363
9.7392526
73.90079
54.128255
30.208488
15.325721
9.4097216
68.58584
47.132573
25.588489
13.688356
8.9674937
60.167402
39.933315
21.764724
12.272068
8.3994391
53.495866
35.175248
19.342274
11.211543
7.8512793
2.4137413
1.9340467
1.3956925
1.0018978
0.79739604
2.3646411
1.8891107
1.3578574
0.97224854
0.7728117
2.2501635
1.7928508
1.2856909
0.92051819
0.73211543
2.100477
1.6758788
1.2049505
0.86535944
0.68945492
1.9932004
1.5934307
1.1480342
0.82572957
0.65845718
34.272537
38.3044
46.090224
55.620375
61.552447
36.522852
40.50779
47.144534
55.626897
62.209883
40.109362
44.483911
50.854655
57.680439
63.404586
44.244234
48.702325
55.72735
62.572706
67.047057
47.665503
51.878643
58.863353
66.54071
71.277078
75.823983
79.008078
84.264933
90.530346
94.025284
75.491744
79.283499
84.133641
88.800398
90.374829
75.723229
78.944677
83.343853
84.297411
81.67232
77.762134
78.607203
79.550604
75.697532
69.637163
79.731447
77.940884
74.677788
67.708198
60.371632
22.758813
15.277881
9.5244072
6.2831031
4.7953688
19.859368
13.496394
8.595551
5.7295665
4.4106373
16.126042
11.209078
7.3038319
4.9498356
3.8487714
12.997396
9.2290604
6.1328859
4.2223744
3.3153737
11.211458
8.0670768
5.4276346
3.7725992
2.9814997
1.2952267
1.0459945
0.76653806
0.56264741
0.45574007
1.195608
0.96544885
0.70870456
0.52259598
0.42537646
1.0677736
0.86591532
0.63987246
0.47580096
0.39020369
0.95283275
0.77979551
0.58498627
0.44242287
0.36743329
0.88300367
0.72856848
0.55448167
0.42657371
0.35886871
72.086862
76.493172
83.846761
91.214534
95.365305
76.899759
81.477353
88.231119
94.17778
96.251745
83.804001
88.171275
93.058627
94.357393
91.999098
90.300991
92.533037
92.933712
88.037086
81.744346
93.178778
93.038708
89.15287
80.487502
72.668642
58.538631
44.747122
32.869573
25.586512
21.580478
50.171655
37.896676
27.831061
21.622253
18.245946
38.954591
29.672665
21.898203
17.034246
14.395039
30.389637
23.416339
17.440763
13.634192
11.576745
25.964001
20.142113
15.129322
11.900549
10.160969
4.9051107
3.7999342
2.7700013
2.0817211
1.7390118
4.3705866
3.4401337
2.5597956
1.9661146
1.6688239
3.7913764
3.0671361
2.367635
1.8900361
1.6489093
3.4443963
2.8788238
2.3221534
1.9370709
1.7406334
3.3442583
2.8647068
2.3855659
2.0503927
1.8780301
0.76264014
0.68725567
0.5996342
0.53186878
0.49371551
0.81322671
0.74620281
0.6674823
0.60518795
0.56906614
0.94105577
0.88372022
0.81516211
0.75915518
0.72521818
1.1501027
1.1000049
1.0380725
0.98502352
0.95164001
1.3516198
1.3059616
1.2479559
1.1951971
1.1597882
36.098311
36.771102
36.67845
30.847577
21.326409
35.639781
36.234953
37.589853
36.071048
29.075873
37.194369
37.64136
39.765132
42.021161
38.411841
40.389143
41.049979
43.342974
47.304252
45.951888
43.23123
44.182593
46.612934
50.937319
50.198148
22.251263
24.957019
29.029979
32.557796
34.692964
23.691586
25.853346
29.497225
32.656547
34.368862
26.675744
28.457789
31.427023
34.380652
36.069679
29.155102
31.486798
34.458929
37.334686
39.206327
30.394552
33.238894
36.816215
39.952223
41.928631
9.0177571
6.2854863
5.0634302
4.2642866
3.7055757
9.3108344
6.2326298
4.8596202
3.994151
3.4457365
9.1612747
6.3700635
4.6585991
3.7898419
3.177488
8.8870732
6.5343526
4.5673813
3.7010167
3.020788
8.8230419
6.6055972
4.5584598
3.6648734
2.9594065
20.237033
33.84252
55.74213
27.510773
9.1096181
29.278737
37.768141
60.946727
33.480858
9.5170749
39.750417
46.4716
64.027784
39.291012
11.07802
47.267036
54.769112
65.837978
41.478004
12.840183
51.563439
59.100533
66.746388
41.47414
13.699872
0.6138007
0.48982531
0.34860764
0.24597925
0.19137141
0.62297434
0.50042813
0.35910043
0.2536112
0.19624567
0.64208241
0.51410913
0.36886738
0.26153881
0.20338844
0.66894956
0.5343971
0.38133356
0.26891438
0.20901792
0.68709478
0.5493783
0.39197704
0.27552433
0.21340995
2.0454055
1.5502703
1.1744261
0.8442024
0.69313978
2.0812889
1.5970559
1.1962407
0.85625516
0.70113672
2.1455508
1.6772883
1.2446367
0.89158616
0.72447436
2.2249102
1.7595419
1.2965984
0.93146633
0.75458425
2.2811324
1.8139201
1.3320813
0.95767669
0.7743921
18.96117
20.634116
22.62412
23.956788
24.489149
23.192998
25.104199
27.537999
29.371138
30.244629
28.303281
30.796858
34.005672
36.808871
38.398089
29.92166
33.725216
38.179331
41.989971
44.490497
28.075691
33.358322
39.430655
43.85108
46.66133
15.414986
17.896995
22.281789
26.863719
29.812103
16.384626
18.721707
22.841469
27.758619
31.302713
18.399767
20.90118
24.950674
29.829412
33.707327
21.044157
23.483793
27.727154
32.696713
36.619361
23.897953
25.83015
29.837435
34.819241
38.768203
25.697293
27.296264
31.230119
36.246285
40.037695
30.873073
31.312905
33.978137
38.972391
43.135776
41.182086
40.831121
40.896623
43.444065
47.24829
51.755294
52.042819
51.773514
51.71918
53.270965
58.038238
58.742368
59.711309
59.858233
59.963793
24.587287
24.685423
24.779054
24.971477
25.324649
30.528796
30.80951
30.896897
30.884374
30.869326
39.080439
40.060186
40.81119
41.059406
41.185706
45.645923
47.717189
49.964404
51.179721
51.566914
48.064941
50.753949
54.211296
56.728663
57.801959
44.924934
45.973366
48.502976
52.874043
52.195145
48.571385
49.987025
52.767278
56.938851
55.923176
54.855383
56.74374
60.194468
63.993915
61.4206
61.779769
64.226827
68.566625
72.273861
67.524646
66.540964
69.638763
74.718414
78.377567
72.022986
68.723274
72.409783
78.082065
81.572363
74.265956
73.440694
77.469186
84.219607
87.913647
78.73418
81.043585
85.752876
93.200253
96.392646
84.629018
88.050928
94.904472
103.28768
103.50588
88.492503
91.85695
100.24063
110.2386
107.46998
89.378199
42.172043
47.026797
54.504793
61.551734
66.123726
45.281164
49.789989
57.553508
65.756665
70.802994
49.668064
54.503305
62.434533
71.651905
78.104061
54.818193
59.400487
67.664027
76.842736
84.149251
60.597634
63.549117
71.56686
81.31139
87.797397
8.8194756
6.6224463
4.5647291
3.6483953
2.9352857
8.8262581
6.6401166
4.600635
3.6324803
2.9105609
8.8248073
6.6433977
4.6659366
3.6204881
2.8960279
8.7673722
6.6394591
4.7263578
3.610531
2.8878685
8.6967604
6.6333508
4.7546446
3.5987178
2.8793131
8.6508089
6.624586
4.7600032
3.5879392
2.8719731
8.5503562
6.6049334
4.7652051
3.567441
2.8576466
8.3878668
6.5530908
4.7451695
3.5245337
2.8245997
8.2100525
6.4682117
4.6918465
3.464258
2.7760723
8.0777172
6.3887718
4.6379307
3.4159056
2.7381533
70.114721
70.229883
56.07095
29.363732
12.525641
72.730759
69.961487
52.305519
26.546758
11.915291
75.738734
68.039124
46.271877
22.703202
11.083432
76.999344
64.212301
40.031935
19.42477
10.362462
76.517318
60.617064
35.927185
17.572951
9.9404201
0.69444732
0.5547031
0.39605214
0.278911
0.21605357
0.71097968
0.56721958
0.40397668
0.28405111
0.22021736
0.7296614
0.58170399
0.41388705
0.29055401
0.22500279
0.74248492
0.59130653
0.42042351
0.29502964
0.22841763
0.74774905
0.59519989
0.42283218
0.29651208
0.2295992
0.74816065
0.59546533
0.42298772
0.2965469
0.22958082
0.74756356
0.59495196
0.42287528
0.29675152
0.22987069
0.74239116
0.5909126
0.41997409
0.29456086
0.22809013
0.73154299
0.5815281
0.41227229
0.28833692
0.22287754
0.71836249
0.56982624
0.40295977
0.2814115
0.21743711
2.4983755
2.0039676
1.4563327
1.0505989
0.84090817
2.5017224
2.0069773
1.4567195
1.0503956
0.84009957
2.4885045
1.9961588
1.4467789
1.0432031
0.83416152
2.457504
1.971406
1.4278266
1.0293451
0.8222652
2.4306305
1.9496467
1.4099635
1.0141576
0.80821493
25.792376
31.895811
39.520571
44.665818
47.363246
21.121374
27.144248
36.197013
44.153722
48.283004
14.363515
20.394365
29.374713
39.008925
45.086993
9.2190492
14.995834
23.667605
32.703277
39.037876
7.6642843
12.520938
21.092431
29.749744
35.342426
7.7062024
11.564556
19.540882
28.751764
34.744902
8.6083941
11.789452
17.774208
26.111887
32.679888
9.5783237
13.293629
18.303062
24.157234
29.603534
10.728968
14.657013
20.392942
25.657547
29.451249
12.36096
15.832833
21.615206
27.547784
31.276039
60.837025
61.563924
62.590741
63.713095
64.059515
65.091091
66.516283
68.106361
69.837518
70.882701
68.009488
70.873176
74.169295
76.537395
78.69943
67.731784
71.4109
75.659401
78.887136
80.804848
66.09249
69.890214
74.798182
78.093094
79.252687
65.06099
68.804971
73.806807
77.255601
78.131928
62.655919
67.142141
71.884678
75.317345
77.450508
60.031037
64.171337
69.574993
73.434737
75.521396
60.511357
62.976673
67.813034
72.150034
74.868443
62.48249
64.245227
67.709558
71.556233
74.334052
37.585449
42.967258
51.190127
58.850187
63.001527
35.82684
41.560976
48.965254
56.162629
60.542692
32.787868
39.467554
48.01761
54.679212
58.360491
31.794534
37.483288
47.036032
55.291228
59.171199
33.200019
37.534368
46.202246
55.811031
60.853933
94.465463
102.28937
112.90681
109.39063
89.32746
102.13699
110.20585
119.03891
110.85688
88.056991
105.02591
117.27019
127.09718
110.7142
82.923726
104.61171
116.85739
127.30707
105.81257
74.554708
102.97653
113.1324
118.22272
97.143504
67.790011
101.33154
110.1064
110.94085
90.32528
64.525451
102.20877
104.96413
99.698536
77.671046
56.030934
102.62885
103.80302
87.594946
62.40018
44.08649
99.763209
101.77076
79.888448
50.217934
35.165027
96.28815
97.050828
74.597103
43.386155
30.401962
79.378825
82.829665
87.16475
94.349188
99.18983
78.92967
83.065016
88.788321
95.063889
99.729451
77.13888
81.089376
87.457912
94.582613
99.774219
76.112753
79.55852
85.452411
92.56106
97.608394
75.860561
79.177003
84.525317
90.925698
95.369916
8.0007072
6.339007
4.6064924
3.390456
2.7168735
7.8677049
6.2555996
4.5448631
3.3287121
2.6607004
7.6197311
6.0644914
4.3823073
3.1794301
2.5332985
7.19454
5.7105635
4.1030028
2.9630426
2.3623291
6.750771
5.3712028
3.869356
2.8005435
2.239149
6.5135562
5.194077
3.7487319
2.7151249
2.1725082
6.0236219
4.8284793
3.5030831
2.5452064
2.0395857
5.3180889
4.291101
3.1370525
2.2922853
1.8435901
4.7332535
3.8130635
2.7874786
2.0404779
1.6448401
4.392518
3.52665
2.56637
1.8739703
1.5111931
51.035184
32.739475
18.110304
10.639669
7.5486858
44.862859
28.048206
15.773182
9.5580844
6.9261409
35.253236
22.477681
12.978774
8.1700969
6.0652133
28.181816
18.392286
11.062969
7.1286853
5.3706802
24.531451
16.249576
10.031184
6.5626343
4.9804214
0.70837908
0.56150548
0.39689545
0.27721856
0.21426192
0.68648632
0.5440321
0.38474345
0.26903372
0.20812242
0.65086068
0.51649259
0.36614589
0.25665479
0.1988777
0.61367529
0.48778945
0.34659686
0.24346113
0.18892971
0.58636794
0.4664533
0.33186101
0.23345115
0.18136901
0.57092517
0.45442452
0.32358582
0.22786037
0.17714915
0.53941503
0.42992759
0.30687893
0.21672256
0.16886231
0.49402652
0.39477808
0.28313585
0.20113922
0.15745582
0.45142748
0.36248926
0.26202848
0.18780161
0.14800071
0.42349744
0.34186427
0.24915129
0.18013969
0.14286709
1.9345451
1.5475526
1.1159914
0.80340059
0.64102356
1.8183276
1.4560487
1.0512251
0.7577733
0.6052458
1.6466996
1.3220343
0.95722284
0.69182268
0.55368955
1.472225
1.1859123
0.86342563
0.62787625
0.50471252
1.3533148
1.0924258
0.79907387
0.58467678
0.47227692
13.47728
16.853499
22.379139
28.346397
32.298947
15.870244
19.176829
24.391538
30.204824
34.399441
19.820828
23.122058
28.201152
33.756237
37.907182
24.177726
27.529514
32.644918
38.124917
42.131052
27.476834
30.843987
35.947849
41.451926
45.513147
29.238067
32.638081
37.744597
43.243583
47.243414
32.807009
36.262018
41.44528
46.983653
50.966065
38.373
41.897072
47.19798
52.763096
56.904903
44.386958
47.927803
53.362071
58.960005
63.032991
48.86304
52.341493
57.739484
63.55527
67.463576
63.743816
65.595989
68.056513
71.565602
74.336919
65.164988
68.674403
70.405333
72.055111
74.16623
66.525459
72.19393
76.308773
76.386297
75.23305
69.61905
75.159554
81.954288
83.61623
79.305768
73.600319
78.346308
85.30792
88.332731
83.160246
75.948253
80.39672
87.115319
90.296032
84.845205
80.35325
85.560371
91.513338
92.944085
86.932187
86.553305
92.59483
97.584629
93.307471
84.709107
92.605779
97.27279
99.024712
88.12448
75.934367
95.930393
98.088181
95.552312
81.238665
67.442409
49.456592
53.762233
60.553954
68.345428
73.633925
53.079655
57.560552
64.328468
71.832546
77.589242
58.987559
63.408385
70.414767
77.875471
83.443297
65.347077
69.755507
76.825993
84.649319
89.97186
69.707325
74.302131
81.466298
89.01478
93.999367
94.127277
93.428687
70.996522
40.262617
28.102431
89.34441
85.50193
63.319667
34.445129
24.278913
79.096286
71.822253
51.052474
27.19363
19.527355
65.873012
57.301673
39.498544
21.359539
15.610685
56.269602
48.015788
32.869375
18.153829
13.379807
51.59708
43.742366
29.960619
16.712262
12.358997
43.200792
36.375315
25.013679
14.237694
10.610957
33.184748
27.851572
19.305317
11.305685
8.5267752
25.616683
21.469401
15.006999
9.0412098
6.9064651
21.559742
18.053087
12.698382
7.8064579
6.0210713
80.407844
77.076115
71.608101
63.347631
55.690617
81.043564
74.249048
64.603332
54.53461
46.963194
78.123553
66.67346
53.21383
42.71749
36.187354
70.18503
56.220365
42.284912
33.121254
27.952155
62.575531
48.536771
35.796447
27.920215
23.558932
4.2301167
3.3935637
2.4638131
1.794989
1.4466548
3.9019978
3.1329195
2.2767366
1.6580935
1.3352238
3.4150771
2.7496779
2.0082367
1.4710541
1.1897828
2.9527148
2.3871191
1.7554895
1.2971206
1.0569551
2.6618885
2.1604102
1.5988745
1.1901565
0.97590416
2.5219262
2.0514248
1.5246683
1.1408103
0.93917633
2.275299
1.859761
1.3942025
1.054989
0.87678083
1.9734552
1.6293293
1.2430215
0.96090377
0.81249798
1.747295
1.4632673
1.1439083
0.91004949
0.78663244
1.6377651
1.3891938
1.1090555
0.90338725
0.79453953
10.393492
7.5291657
5.0953257
3.5596709
2.8219559
8.9842524
6.5831589
4.5066913
3.180043
2.5380043
7.2867437
5.4319349
3.7836022
2.712861
2.1894827
5.9563622
4.5202757
3.2123485
2.3499207
1.9242143
5.2273384
4.0196592
2.9032279
2.1605428
1.7917722
0.40923347
0.33144072
0.24282526
0.17655567
0.14058492
0.3831439
0.3124582
0.23167494
0.17074691
0.13729145
0.35304123
0.29088026
0.21971629
0.16558296
0.13540573
0.33475155
0.279787
0.21631806
0.16729951
0.13942993
0.32918279
0.27891561
0.22011679
0.17382433
0.14694468
0.32809535
0.28030695
0.22395031
0.17897105
0.15248869
0.33169728
0.28809441
0.23595418
0.1932329
0.1672905
0.35258717
0.31406909
0.26664479
0.22592633
0.19994322
0.39709587
0.36247851
0.31811618
0.27759646
0.25024052
0.4450779
0.41213932
0.36869908
0.32730125
0.29807428
0.85143881
0.70570817
0.54128307
0.42036754
0.35628024
0.7992202
0.66995501
0.52347073
0.41509195
0.35725215
0.74780894
0.6397798
0.51667403
0.42462181
0.37484018
0.73272673
0.64236756
0.53868718
0.46006216
0.41673027
0.74688821
0.66669483
0.57413339
0.50322264
0.46344453
51.238412
54.70594
60.025842
65.90346
70.012098
56.12805
59.655666
64.782928
70.45131
74.745933
63.379043
67.164122
72.365081
77.724489
81.687538
70.697548
74.687125
80.191987
85.429031
88.795989
75.899347
79.928852
85.440734
90.083556
92.471465
78.459749
82.629408
88.098131
92.145359
93.319284
83.80947
87.573828
92.118015
94.343542
93.461302
91.802137
94.093736
95.392088
92.537827
88.082721
92.804631
94.899426
92.643569
85.810032
79.300189
88.891391
91.447475
89.095688
81.462253
74.411399
96.700462
97.296598
92.37268
77.035456
62.842081
96.183577
93.588515
84.215194
67.591824
53.789977
89.652445
82.906108
69.80462
53.847804
42.41548
77.84299
69.022862
55.73836
42.514387
33.866165
68.391366
59.635529
47.692749
36.694918
29.453353
63.726086
55.319459
44.228818
34.216012
27.501383
55.446802
48.100198
38.688819
30.329517
24.713071
46.355622
40.573121
33.237318
26.757914
22.405629
41.254499
36.670074
30.825278
25.660548
22.203209
40.198038
36.233725
31.116351
26.510496
23.390953
93.335356
91.977348
86.255657
76.26339
68.013725
92.122411
88.041903
78.970906
67.461113
59.378611
85.095497
78.222549
67.249242
56.294339
49.5186
75.725479
68.350644
58.178072
49.149209
43.771725
70.809322
63.85058
54.805121
47.011526
42.366279
19.746041
16.545438
11.684885
7.2604185
5.6297501
16.694525
13.999075
9.9728956
6.3414518
4.9767208
13.188511
11.096606
8.0381465
5.3117118
4.2585675
10.639375
9.0140739
6.6812536
4.6227421
3.8061956
9.3636805
7.988285
6.0404261
4.3365568
3.6492144
8.8360844
7.573377
5.7978589
4.2494375
3.6181988
8.0685807
6.9938215
5.4970098
4.197574
3.6562119
7.5040508
6.6262682
5.4248828
4.3955361
3.9547491
7.5684278
6.8171579
5.8201864
4.9847593
4.6187852
7.9962549
7.3156033
6.4276625
5.6908699
5.3619589
24.079806
18.710603
14.171393
11.168819
9.5748009
20.992659
16.451566
12.623025
10.050318
8.6970678
17.769752
14.247986
11.198487
9.1186931
8.016663
16.136778
13.306339
10.761025
8.9659012
8.0090992
15.946947
13.364764
10.964862
9.2789534
8.3988259
1.595432
1.3635052
1.1017871
0.90934296
0.80737696
1.5438009
1.3410303
1.1118707
0.94280213
0.85283053
1.5468635
1.3802961
1.1910693
1.0502812
0.97461768
1.6568854
1.5191517
1.3616331
1.2433121
1.1789573
1.8041501
1.6820227
1.5417052
1.4356907
1.3777318
1.9046419
1.789739
1.6572021
1.5563286
1.5007599
2.1654253
2.0631552
1.9442003
1.8520268
1.8000133
2.7234167
2.6364152
2.5339895
2.4525219
2.4047776
3.5801869
3.5044039
3.4142514
3.3410856
3.2970308
4.4162991
4.3457999
4.2612656
4.1916669
4.1490878
3.3377148
2.8948912
2.4488727
2.1355266
1.9740408
3.4157791
3.0338326
2.6445691
2.3693733
2.2268924
3.7594125
3.4472438
3.1246416
2.8949851
2.7753399
4.4570518
4.1969166
3.924067
3.7280187
3.6250998
5.2166526
4.9817174
4.7327655
4.5528094
4.4578857
0.4760479
0.44394738
0.40047434
0.35798766
0.32766079
0.55205518
0.52072694
0.476847
0.43164967
0.39804707
0.70860593
0.67678955
0.6297148
0.57826257
0.53803014
0.93495377
0.90173309
0.84880521
0.78686651
0.7372224
1.1415051
1.1055398
1.0483678
0.97834145
0.91896697
1.2702
1.2305328
1.1663229
1.0915967
1.0296056
1.5694835
1.5283674
1.4562127
1.3651981
1.290009
2.1491724
2.0987054
2.0122701
1.9004729
1.8024958
3.0101677
2.9379971
2.8127383
2.6616613
2.5383803
3.8540297
3.7720963
3.6132458
3.3996148
3.226634
1.4756054
1.4315582
1.3756505
1.3244869
1.289099
1.7760409
1.7331518
1.6771063
1.6248728
1.5887769
2.3820363
2.3396288
2.2795464
2.2180342
2.1733414
3.2755445
3.2342314
3.1715384
3.1001171
3.0427513
4.1281127
4.0873029
4.0243997
3.9509971
3.8901208
