FiniteElementSpace
FiniteElementCollection: L2_2D_P4
VDim: 1
Ordering: 0

-26.571441
-24.870812
-22.775497
-21.055367
-20.078388
-25.217764
-23.217837
-20.758167
-18.736703
-17.594116
-25.59044
-22.991595
-19.8037
-17.177472
-15.685531
-28.522537
-25.078449
-20.86892
-17.396282
-15.426786
-32.003722
-27.790552
-22.671977
-18.455668
-16.064653
-16.715065
-16.439617
-16.129791
-15.905966
-15.790011
-13.660778
-13.341788
-12.984333
-12.727668
-12.595486
-10.607855
-10.201786
-9.749763
-9.4280754
-9.2635553
-8.7480517
-8.2205318
-7.6367423
-7.2246037
-7.0154543
-7.9832638
-7.3484028
-6.6484113
-6.1570823
-5.9091507
-15.442148
-15.410991
-15.370619
-15.333083
-15.307146
-12.205512
-12.171624
-12.128489
-12.089484
-12.063246
-8.7899353
-8.7504515
-8.7013825
-8.6586503
-8.6309408
-6.4279703
-6.3807891
-6.3232923
-6.2748748
-6.2446356
-5.2244848
-5.1707057
-5.1059672
-5.0527076
-5.0204236
-15.049328
-14.971875
-14.82237
-14.611518
-14.417699
-11.814384
-11.741404
-11.599911
-11.401825
-11.224004
-8.3872704
-8.322969
-8.2057677
-8.0555665
-7.9309768
-6.0121472
-5.96306
-5.8802977
-5.7791709
-5.6944256
-4.7987797
-4.7596435
-4.6935875
-4.6083765
-4.5325884
-81.479517
-71.544843
-56.984324
-43.598819
-35.964696
-91.460554
-82.779965
-67.69137
-52.045465
-42.788525
-101.75395
-97.306463
-84.687876
-67.310971
-55.59472
-105.6858
-106.78014
-100.455
-84.772013
-71.686745
-104.92831
-109.22963
-108.47931
-96.493592
-83.961134
-9.931695
-7.9636741
-5.8457243
-4.4108841
-3.7103656
-11.318042
-8.9382903
-6.3855225
-4.6661889
-3.8320591
-13.993112
-10.855889
-7.5091285
-5.2757893
-4.2023001
-17.567329
-13.440365
-9.0614446
-6.1664553
-4.7886504
-20.633841
-15.655369
-10.394534
-6.9405395
-5.3086855
-1.9602915
-1.8369936
-1.6951361
-1.587563
-1.5285749
-1.7873531
-1.6453796
-1.4826887
-1.3599827
-1.2928906
-1.6453923
-1.4716664
-1.2730758
-1.1238473
-1.0426355
-1.6108393
-1.3997209
-1.1586794
-0.97765167
-0.87918986
-1.637891
-1.3973412
-1.1231948
-0.91791798
-0.80615795
-1.1546753
-1.1210005
-1.0771317
-1.0360682
-1.0070022
-0.85439416
-0.81886499
-0.77408792
-0.7341604
-0.7079478
-0.48014498
-0.4391278
-0.39049885
-0.35152225
-0.32863734
-0.14697824
-0.097960315
-0.042533631
-0.002086005
0.019085267
0.076361966
0.13225902
0.19405648
0.23777543
0.25903611
-56.428507
-41.0688
-25.106263
-15.122941
-10.663095
-66.967698
-48.729369
-29.365251
-17.324379
-12.039027
-84.524202
-62.483066
-37.2301
-21.197893
-14.3991
-102.86727
-78.859619
-47.508914
-26.102758
-17.228041
-114.50619
-90.999726
-56.111536
-30.254945
-19.491001
-2.3828259
-1.9091548
-1.3675414
-0.95755145
-0.73028623
-2.5719134
-2.0470566
-1.4450688
-0.98971003
-0.73916158
-2.8778243
-2.2746833
-1.5760895
-1.0383811
-0.73788753
-3.2084072
-2.5283241
-1.7366449
-1.116218
-0.75807497
-3.4367665
-2.705763
-1.8556518
-1.1899558
-0.80413861
2.1139966
2.2533867
2.3983891
2.4897344
2.5225735
2.7485139
2.9134033
3.0869305
3.1898639
3.2237602
3.9928525
4.20185
4.4054371
4.5159961
4.550677
5.7747535
6.0383398
6.3158932
6.4837639
6.5359224
7.4371803
7.8045924
8.2091633
8.4414244
8.5065558
-137.8853
-140.51154
-119.16696
-74.266862
-43.714436
-134.285
-140.80034
-127.20726
-83.992964
-50.185387
-127.21934
-137.45508
-135.3209
-97.777695
-60.624459
-118.53726
-130.92461
-138.87673
-109.94282
-71.671609
-112.03802
-125.49501
-138.88624
-116.71423
-79.153012
-4.6620214
-3.7207983
-2.6390105
-1.8271069
-1.3951982
-4.7809602
-3.8214877
-2.7156639
-1.8875985
-1.4526393
-4.8813398
-3.9098356
-2.7845756
-1.9398034
-1.5003155
-4.8959793
-3.9201871
-2.7911061
-1.9407007
-1.4997854
-4.8580779
-3.8782385
-2.7551292
-1.9098464
-1.469236
1.7635016
1.9380748
2.1158929
2.2211878
2.2610989
1.3138509
1.4706112
1.6354975
1.7385712
1.7795315
0.81899541
0.95894323
1.106797
1.2023412
1.242526
0.47451621
0.60008754
0.73344492
0.82006028
0.85758008
0.30476535
0.42059749
0.54410552
0.62613271
0.66276814
-73.859348
-87.953014
-109.93656
-125.19991
-107.70943
-67.192451
-80.328865
-101.91292
-122.32854
-107.3434
-57.473588
-68.623474
-89.9553
-115.88795
-101.88931
-48.316307
-56.616845
-78.017871
-105.642
-89.83641
-42.342409
-48.271622
-69.592524
-95.613773
-78.046103
-3.6062817
-2.6734809
-1.723275
-1.0280956
-0.63731882
-3.1630748
-2.2696686
-1.3691286
-0.71404684
-0.34805512
-2.3526328
-1.5321917
-0.71759397
-0.12643741
0.19737514
-1.3158126
-0.58742166
0.12840387
0.64576971
0.91820144
-0.46525067
0.20331932
0.84383393
1.3045454
1.5364067
-0.015899233
0.038410979
0.095179749
0.13313855
0.15079892
0.013465225
0.052236378
0.093136972
0.12023057
0.13229866
0.090918993
0.10435439
0.1174396
0.12398901
0.12531717
0.21082284
0.19305123
0.16995287
0.15182552
0.14188907
0.31712223
0.27132943
0.22310661
0.18930627
0.16926752
3.1393303
2.6812813
5.3787825
7.5964618
5.1922509
12.085344
11.16398
20.382533
27.151412
18.433435
23.436404
23.51657
39.58439
53.615088
38.531831
33.347567
35.74888
55.627912
76.506509
58.663072
39.554131
44.202905
65.158411
89.737448
71.918422
7.9614599
8.2269587
8.515884
8.7070756
8.7179483
6.7913018
6.8317453
6.9163869
6.9580356
6.9219283
5.6662307
5.5412055
5.410359
5.2871577
5.1761952
5.0772457
4.7796541
4.4786858
4.2415618
4.0781146
4.8618063
4.4658935
4.0485859
3.7314756
3.5334578
1.6040114
1.2806268
0.8926305
0.6140563
0.47802725
1.3060954
1.0739258
0.7997667
0.5798469
0.4589349
1.0199641
0.82639703
0.61643962
0.46414317
0.38186856
0.84766171
0.6848552
0.50056217
0.36725911
0.29987913
0.7681982
0.62128104
0.45829885
0.33423663
0.26746007
-19.642531
-18.870212
-17.955401
-17.254376
-16.877709
-17.079883
-16.176136
-15.106124
-14.287987
-13.849969
-15.023483
-13.849022
-12.464156
-11.410842
-10.848704
-14.553037
-13.002373
-11.178741
-9.7962739
-9.0617037
-15.007785
-13.127735
-10.919779
-9.2479999
-8.3608729
-15.492987
-13.415423
-10.976173
-9.130502
-8.1519026
-16.926098
-14.389931
-11.418591
-9.1756336
-7.9894581
-20.276301
-16.871768
-12.891974
-9.8989258
-8.3225291
-25.294822
-20.744868
-15.424345
-11.428307
-9.3298881
-29.836581
-24.301067
-17.830697
-12.969225
-10.417634
-34.356767
-29.666806
-23.975576
-19.303215
-16.659782
-39.892379
-34.201922
-27.284923
-21.579103
-18.349143
-50.919285
-43.377462
-34.15946
-26.519104
-22.183926
-65.120806
-55.753075
-43.756784
-33.605698
-27.850891
-75.987813
-65.958076
-52.110093
-39.881959
-32.935849
-15.740458
-15.658352
-15.567083
-15.498207
-15.459695
-12.539182
-12.446352
-12.343953
-12.267304
-12.224765
-9.193991
-9.0798228
-8.9553276
-8.8632261
-8.8126161
-6.9275663
-6.7841847
-6.629749
-6.5168302
-6.455323
-5.8054996
-5.6370824
-5.4572236
-5.3266428
-5.2558284
-5.3460547
-5.1628917
-4.9680442
-4.8270493
-4.7507557
-4.6183526
-4.4021354
-4.1740751
-4.0102771
-3.9220608
-3.9044377
-3.6289199
-3.3420873
-3.138171
-3.0289228
-3.5276295
-3.1767997
-2.8164831
-2.5627171
-2.4271611
-3.4306205
-3.0165365
-2.5954894
-2.3010997
-2.1441564
-7.7360528
-7.0368798
-6.267728
-5.7296408
-5.4589047
-7.4867253
-6.6427712
-5.7179032
-5.0743123
-4.7521023
-7.6576047
-6.5432789
-5.329433
-4.4919139
-4.0758832
-8.4478418
-6.9727252
-5.375939
-4.2846172
-3.7473525
-9.3498131
-7.5637217
-5.6386736
-4.3311819
-3.6910225
-15.293317
-15.264245
-15.214078
-15.149527
-15.093349
-12.049482
-12.020994
-11.97286
-11.911847
-11.858959
-8.6167224
-8.5879511
-8.5407737
-8.4828071
-8.4338645
-6.2295282
-6.1998908
-6.1539306
-6.1015942
-6.0603826
-5.0046761
-4.9746567
-4.9306861
-4.8841736
-4.8495614
-4.4850683
-4.4549939
-4.4124187
-4.3689382
-4.3369616
-3.6256101
-3.595169
-3.5534195
-3.5113379
-3.4800822
-2.6742864
-2.6403362
-2.5949103
-2.5508545
-2.5196046
-1.9952834
-1.9557016
-1.9044467
-1.8572342
-1.8251936
-1.6485572
-1.6044394
-1.5483526
-1.4976585
-1.4634721
-4.7171041
-4.6594606
-4.5905198
-4.5344997
-4.5011045
-3.8833249
-3.8173257
-3.7394278
-3.6777938
-3.6422703
-2.981244
-2.9005263
-2.806601
-2.7339984
-2.6931558
-2.3682456
-2.2688811
-2.154113
-2.066369
-2.0175932
-2.0761103
-1.9614752
-1.829389
-1.7289747
-1.6736757
-14.297589
-14.016181
-13.450905
-12.67374
-12.038769
-11.118297
-10.875618
-10.438764
-9.8980551
-9.4505757
-7.8593452
-7.7023137
-7.4160873
-7.0267739
-6.676664
-5.6444361
-5.5281707
-5.3022736
-4.996382
-4.7350056
-4.486867
-4.38078
-4.1903371
-3.9501376
-3.7410497
-3.9833675
-3.8939373
-3.7332078
-3.5133605
-3.315731
-3.1624931
-3.0893803
-2.9517662
-2.7681399
-2.6105857
-2.2296793
-2.1723419
-2.0693068
-1.9354456
-1.819597
-1.5350225
-1.4922656
-1.416635
-1.3190795
-1.23605
-1.1598562
-1.1243952
-1.0625599
-0.98544791
-0.92121698
-4.2833846
-4.2464729
-4.1817854
-4.0973947
-4.0251895
-3.4171293
-3.3812542
-3.3219548
-3.2514165
-3.1947918
-2.438014
-2.4054521
-2.3560861
-2.3003717
-2.2555453
-1.7160841
-1.6846131
-1.6393115
-1.5912066
-1.5549386
-1.3281155
-1.2952476
-1.2504373
-1.2068478
-1.1762965
-32.573653
-26.450206
-19.29329
-13.924136
-11.108625
-38.720195
-31.329348
-22.666626
-16.154701
-12.741751
-50.269872
-40.504249
-29.024556
-20.392509
-15.874494
-65.183947
-52.626651
-37.46728
-26.015229
-20.061211
-77.077163
-62.826464
-44.737388
-30.82946
-23.655959
-83.379587
-68.595645
-49.016006
-33.663804
-25.76759
-95.61835
-80.714831
-58.590649
-40.009377
-30.448953
-110.89918
-98.702939
-75.19485
-51.784093
-39.042023
-120.73469
-114.25074
-93.538488
-66.824104
-50.318058
-123.7149
-121.87667
-105.7972
-78.813918
-59.87344
-3.4263338
-2.9756279
-2.5199632
-2.2025673
-2.0334596
-3.4957917
-2.9649745
-2.4342982
-2.0672234
-1.8717521
-3.7732524
-3.1010466
-2.4407344
-1.9890929
-1.7487917
-4.2431038
-3.3958161
-2.5804589
-2.029752
-1.7365883
-4.6679175
-3.6788569
-2.7423984
-2.1155991
-1.781124
-4.9195761
-3.849455
-2.844962
-2.1761809
-1.8190415
-5.4733332
-4.2263885
-3.077501
-2.3212505
-1.9166685
-6.4361913
-4.881243
-3.4924711
-2.5953681
-2.1133996
-7.5878391
-5.6513764
-3.984141
-2.9319959
-2.3636609
-8.4912691
-6.2393493
-4.3554642
-3.1897558
-2.5575776
-22.435429
-16.94635
-11.169532
-7.3923906
-5.6135336
-26.469661
-19.83332
-12.893077
-8.3925293
-6.2859364
-33.835946
-25.083301
-15.986516
-10.158875
-7.4638643
-43.435091
-31.876242
-19.909236
-12.33781
-8.8905602
-51.640237
-37.663494
-23.190121
-14.110878
-10.026462
-1.5019385
-1.4552352
-1.3959465
-1.3423122
-1.3062601
-1.2626105
-1.2096223
-1.1427527
-1.0831272
-1.0437601
-1.0060663
-0.9422716
-0.86227458
-0.79150106
-0.74490641
-0.83494344
-0.75794266
-0.66142632
-0.57573389
-0.51909931
-0.7556481
-0.66753659
-0.55703098
-0.45894415
-0.39379463
-0.72493699
-0.63118138
-0.51259312
-0.40667224
-0.33648352
-0.67808893
-0.57165921
-0.4370669
-0.31544414
-0.23364168
-0.63971544
-0.51096667
-0.34703716
-0.19777278
-0.095863867
-0.62506822
-0.47214995
-0.27335095
-0.087358561
0.040756754
-0.62063188
-0.4480959
-0.22601002
-0.0139185
0.13876087
-1.666518
-1.4098137
-1.116851
-0.89737182
-0.77841122
-1.7443457
-1.4544048
-1.1233767
-0.87456365
-0.73905591
-1.9084876
-1.5637942
-1.1703499
-0.87462164
-0.71298755
-2.12293
-1.7171813
-1.2528375
-0.90281587
-0.71161081
-2.2911685
-1.8417545
-1.3266819
-0.93547563
-0.71921858
-0.99116699
-0.95816938
-0.90339275
-0.83647133
-0.7802191
-0.69459395
-0.66777484
-0.6247765
-0.57395468
-0.53276674
-0.31773555
-0.2974077
-0.26855554
-0.23878751
-0.2167939
0.028328885
0.043720677
0.060459306
0.071277829
0.075730476
0.26737707
0.27927507
0.28780679
0.28655525
0.27945318
0.39387596
0.40455984
0.40948
0.40195812
0.38912403
0.66039042
0.66915308
0.66719764
0.64654442
0.62081305
1.1222358
1.1265743
1.1118078
1.0708291
1.0252687
1.7109002
1.7124104
1.6852628
1.6200337
1.5510777
2.2168389
2.2175844
2.1845096
2.1008262
2.0087569
0.19372989
0.2537244
0.31951001
0.36466772
0.38582896
0.43759585
0.50773836
0.58302761
0.63182529
0.65286765
0.85298838
0.94057759
1.0330704
1.0917742
1.1152267
1.3837997
1.4939023
1.6091308
1.6787122
1.7040928
1.8426177
1.9756719
2.1091402
2.1843838
2.210161
-124.27467
-124.60705
-111.55315
-85.255562
-65.338874
-123.11781
-127.43139
-121.44563
-98.071679
-77.062281
-118.67781
-126.8581
-130.69963
-115.45514
-95.591257
-112.50398
-122.43397
-133.21009
-128.82071
-113.63697
-107.93067
-118.3955
-131.80076
-134.52127
-124.25967
-105.74076
-116.31945
-130.50828
-136.28935
-128.79448
-102.06155
-112.46421
-126.79248
-137.23268
-135.65267
-97.348408
-106.12626
-119.84366
-134.9499
-139.89958
-91.652285
-99.225061
-112.88084
-129.39566
-137.96909
-87.072113
-94.628684
-108.29324
-124.27826
-134.44254
-8.9931455
-6.5598421
-4.556826
-3.3306421
-2.6632508
-10.049398
-7.2195829
-4.9673723
-3.6205528
-2.8819438
-11.831928
-8.2722181
-5.604501
-4.0797036
-3.2293831
-13.954237
-9.4256688
-6.2657135
-4.567868
-3.5970033
-15.630076
-10.271284
-6.7189706
-4.907147
-3.8506281
-16.571886
-10.726326
-6.9518168
-5.0840634
-3.9847608
-18.574891
-11.644836
-7.3927241
-5.423914
-4.2463926
-22.046072
-13.0802
-7.9933425
-5.895978
-4.6060452
-26.396226
-14.662221
-8.5157712
-6.3278111
-4.925198
-30.018892
-15.867761
-8.8149915
-6.5923011
-5.1128701
-119.86676
-97.256537
-60.974823
-32.69666
-20.782238
-128.84117
-109.18975
-71.329998
-38.176173
-23.617719
-137.38805
-124.39977
-87.698534
-48.075864
-28.739645
-140.14126
-135.18478
-104.11413
-60.136322
-35.276619
-139.15779
-139.36866
-114.4054
-69.365649
-40.67157
-0.62591178
-0.43857866
-0.19504741
0.030651953
0.19016693
-0.62468859
-0.4197013
-0.14549853
0.12085445
0.30925501
-0.59986403
-0.35369594
-0.02746596
0.29460326
0.5337211
-0.58963996
-0.27780047
0.1502697
0.56803603
0.86688176
-0.61976759
-0.27431693
0.23597413
0.789511
1.1944004
-0.65129876
-0.29816758
0.22069736
0.78031275
1.1882577
-0.74001896
-0.39114802
0.078187507
0.52519007
0.83870652
-0.91616207
-0.59083154
-0.1766437
0.20766733
0.4780543
-1.0870448
-0.76322953
-0.35728354
0.0021337674
0.23735893
-1.1702177
-0.83933315
-0.43672676
-0.098814318
0.11711014
-3.5577645
-2.802115
-1.9235
-1.2367984
-0.84039767
-3.7918138
-2.9925278
-2.063175
-1.3412442
-0.93180314
-4.1142814
-3.2575798
-2.2670463
-1.5137303
-1.1033986
-4.4075069
-3.5042296
-2.4673014
-1.6900361
-1.2744355
-4.5819443
-3.6530037
-2.5875304
-1.7891167
-1.3625345
2.529175
2.5225661
2.4732605
2.3784833
2.2804945
3.2304669
3.2231134
3.1622373
3.0387446
2.9155756
4.5573409
4.5491429
4.4808791
4.3278508
4.1611364
6.5423214
6.5155476
6.3893645
6.1640886
5.9456864
8.5130486
8.4737298
8.2830644
7.930328
7.6093871
8.5140582
8.4752238
8.2849966
7.932429
7.6114676
6.5482757
6.5237327
6.3995213
6.174933
5.9563514
4.5729622
4.5693905
4.5051243
4.3533238
4.1860388
3.2615184
3.2608188
3.2054633
3.083231
2.9587246
2.5759205
2.5770389
2.5338549
2.4399216
2.3397502
7.4311396
7.8006727
8.2075419
8.4413865
8.5072818
5.7471172
6.020815
6.3092874
6.4846571
6.5404261
3.9374143
4.1678893
4.3945838
4.5209657
4.5632327
2.6742899
2.8711806
3.0789881
3.2053097
3.2503349
2.0349367
2.2127438
2.3987928
2.5180237
2.5640455
-84.690778
-92.410024
-105.97189
-121.5035
-132.2843
-80.481451
-88.255897
-101.07275
-115.89207
-127.51479
-74.565627
-81.74556
-93.516934
-107.92431
-120.00775
-68.239305
-74.767546
-86.032912
-100.21112
-111.94837
-63.667726
-69.975996
-81.066761
-94.804936
-106.04334
-61.403167
-67.618025
-78.475077
-91.897323
-102.9151
-56.873334
-62.826624
-73.212897
-86.007752
-96.597811
-50.170267
-55.700554
-65.276669
-77.176159
-87.353006
-43.66142
-48.67989
-57.383508
-68.490912
-78.278147
-39.40961
-43.98566
-52.075606
-62.610699
-72.004267
-32.098209
-16.541633
-8.9514282
-6.7183852
-5.1997286
-36.597306
-17.970835
-9.169414
-6.9292999
-5.3394964
-44.110284
-20.347776
-9.3849774
-7.1484242
-5.4789904
-52.390612
-22.988822
-9.5059706
-7.2470282
-5.5286981
-58.184804
-24.840119
-9.5542287
-7.2387211
-5.503675
-61.104066
-25.762628
-9.5779568
-7.2138128
-5.4753073
-66.553892
-27.430526
-9.6029952
-7.1029896
-5.3777848
-73.462868
-29.29134
-9.6195911
-6.7980322
-5.156339
-78.159796
-30.082741
-9.5875161
-6.3192237
-4.8547604
-79.418448
-29.842608
-9.5076935
-5.9036396
-4.6077789
-108.68035
-122.62358
-138.25363
-119.59644
-82.85412
-102.03765
-116.77744
-135.77937
-123.96425
-89.656072
-92.646531
-107.96065
-129.63299
-127.36078
-98.208867
-83.515421
-98.535033
-120.92701
-127.59844
-104.4729
-77.172635
-91.650872
-113.83221
-126.26094
-107.06226
-1.2015241
-0.87340947
-0.47891127
-0.14529487
0.068367952
-1.2573884
-0.92813157
-0.53383583
-0.21024076
-0.01327701
-1.3016348
-0.97097749
-0.58344834
-0.27738587
-0.097533319
-1.3030664
-0.97480732
-0.59585368
-0.30402657
-0.13833139
-1.277746
-0.95199693
-0.57951272
-0.29793688
-0.14163058
-1.2563222
-0.9317535
-0.56357425
-0.28828796
-0.13664384
-1.1909844
-0.87224306
-0.51464888
-0.25157588
-0.10906891
-1.0441233
-0.73721218
-0.39821795
-0.15523905
-0.027444416
-0.82403626
-0.53411898
-0.21846233
0.00094991603
0.11128587
-0.62174722
-0.34706073
-0.051110586
0.14979663
0.24668348
-4.8271929
-3.8438981
-2.7256488
-1.8854447
-1.4444417
-4.7274371
-3.7394728
-2.6359261
-1.809811
-1.370068
-4.4891878
-3.501523
-2.4332473
-1.6405309
-1.2080779
-4.1255584
-3.1543427
-2.1376652
-1.3898221
-0.97349145
-3.7985017
-2.849458
-1.8764267
-1.1627831
-0.76205187
2.2733539
2.2823182
2.2555962
2.1724329
2.0776416
1.7924271
1.8027012
1.781771
1.7158624
1.6427452
1.2559273
1.2689901
1.2590429
1.2143958
1.1616409
0.87110529
0.8873072
0.88703867
0.85783924
0.82039167
0.67612233
0.69254398
0.69568824
0.67486465
0.64614878
0.59302925
0.60956059
0.61416174
0.59676201
0.5713714
0.45687935
0.47386601
0.48146398
0.46931974
0.44953205
0.31234175
0.32806331
0.33693947
0.33023249
0.31668736
0.21714293
0.23026134
0.23828054
0.23425358
0.22466532
0.17369566
0.18447359
0.19133114
0.18780133
0.17950104
0.23380512
0.34544988
0.46446617
0.54405265
0.57989255
0.12506496
0.22805708
0.33770279
0.41103551
0.44427955
0.023493646
0.11264905
0.20724967
0.27135457
0.30095624
-0.021074866
0.05247559
0.13040679
0.18327945
0.20769735
-0.02298588
0.038485083
0.10321207
0.14655644
0.16613492
-37.165181
-41.555868
-49.344247
-59.545764
-68.70991
-32.700105
-36.721971
-43.854633
-53.425325
-62.1048
-26.48436
-29.85125
-36.024821
-44.557848
-52.362112
-20.89346
-23.652747
-28.905278
-36.238784
-43.026274
-17.555979
-19.9353
-24.539623
-30.963829
-36.935214
-15.868047
-18.083353
-22.384781
-28.336741
-33.867082
-12.526226
-14.462184
-18.089652
-23.039795
-27.661786
-7.810086
-9.1841556
-11.701064
-15.098141
-18.213034
-3.3891058
-4.0360081
-5.2468066
-6.8747217
-8.2600095
-0.68620465
-0.71164814
-0.83131097
-1.080873
-1.3124857
-79.267222
-29.483183
-9.4422938
-5.6760599
-4.4708963
-77.049115
-28.295027
-9.2201497
-5.199025
-4.1624647
-69.236163
-25.745996
-8.5853481
-4.4774012
-3.5908456
-57.214644
-22.49467
-7.4918937
-3.7292672
-2.8628038
-48.055108
-19.886204
-6.4878911
-3.1771051
-2.2929552
-43.400462
-18.398148
-5.9182433
-2.8718324
-1.9918859
-34.59917
-15.152619
-4.7052376
-2.1961942
-1.3668134
-22.261987
-9.7051332
-2.7625559
-1.0736997
-0.37617031
-9.7972159
-3.8193201
-0.6955495
0.16542246
0.72223778
-0.81386739
0.091309469
0.68357206
1.0517061
1.5068051
-39.297311
-43.978307
-65.132759
-89.493944
-71.22962
-33.05859
-35.496277
-55.53553
-75.435365
-56.954518
-22.787113
-22.880163
-38.527471
-50.713834
-35.43695
-10.787242
-10.178592
-17.986883
-22.612489
-14.630636
-1.5666113
-1.6276501
-2.5293356
-2.5793629
-1.3376375
-0.50120265
-0.23489312
0.050342094
0.24103352
0.33003617
-0.21940843
0.027915697
0.28932446
0.45657451
0.52767293
0.31301368
0.52643789
0.74470349
0.87214933
0.9145933
1.0192912
1.1954434
1.3651671
1.4447026
1.4527258
1.6272212
1.7765604
1.9127093
1.9558677
1.9325638
1.9952282
2.1236772
2.2296759
2.2527916
2.218369
2.8162333
2.9162606
2.9825418
2.9590074
2.8901835
4.33687
4.3952401
4.4109272
4.3291667
4.2032823
6.5349489
6.5327268
6.4448514
6.2588095
6.0652153
8.6542463
8.6111016
8.426866
8.0919509
7.786171
0.022861815
0.64695242
1.2499189
1.6930607
1.9088968
1.0994037
1.6512368
2.1790415
2.565999
2.73731
3.0357018
3.4774856
3.8723371
4.1671041
4.2704414
5.5541217
5.87895
6.1845232
6.4366149
6.4862214
7.6975507
8.0424894
8.3660847
8.6059319
8.6274868
0.15771422
0.16726703
0.17239192
0.16827738
0.16047017
0.13664891
0.14203509
0.14362982
0.13866904
0.13152372
0.12530155
0.1242113
0.11993978
0.11189016
0.10390011
0.13734727
0.12829743
0.11453262
0.10022215
0.090030065
0.15907393
0.140798
0.1185559
0.10046125
0.089192249
0.16905359
0.14826427
0.12484008
0.10546589
0.092727786
0.21040003
0.18334054
0.14969736
0.12013014
0.10142191
0.30250007
0.25160821
0.18903483
0.1392087
0.11142707
0.38665772
0.30499914
0.21455387
0.15038736
0.11738451
0.41634425
0.32528662
0.22733599
0.15853575
0.12302348
0.37805226
0.32332127
0.26235817
0.21130379
0.18173371
0.52470605
0.43728593
0.33670649
0.26316879
0.22623968
0.80496942
0.66153938
0.50683721
0.39386717
0.33147469
1.2059645
0.99778366
0.74898933
0.54727449
0.43536275
1.5839964
1.2657315
0.88262386
0.6077138
0.47341701
0.52784414
0.82104237
1.3095574
1.803545
2.1850104
3.6074559
4.3912187
5.777577
7.5064873
8.9946725
8.7876996
10.196049
12.634569
15.79003
18.743117
13.689266
15.629552
19.135613
23.748594
28.05861
16.482902
18.7829
23.104494
28.90334
34.206205
17.737721
20.252671
24.971376
31.395849
37.253613
20.597044
23.553613
29.019517
36.512655
43.374345
26.112588
29.672421
36.059227
44.776361
52.76661
32.855927
36.985701
44.214088
53.877939
62.680791
37.75386
42.255063
50.07019
60.274375
69.494197
8.8161203
9.8839228
11.895518
14.492551
16.60053
10.084856
11.375573
13.68923
16.720022
19.239406
13.208067
14.781806
17.656415
21.368982
24.432138
17.897075
19.806752
23.198162
27.444588
30.918581
21.587003
23.698547
27.374875
31.94808
35.673458
3.8166936
2.0111055
1.3186742
1.399228
1.7203162
12.459929
5.7413306
2.453583
1.8209793
1.915813
24.237647
11.09521
4.0559138
2.5356156
2.2857691
35.840073
16.011645
5.6565881
3.3238101
2.7788961
44.117375
18.991505
6.6939125
3.8174293
3.1594406
8.7291359
8.6719559
8.4702768
8.1224909
7.8093735
6.9117847
6.8357948
6.6611702
6.4114006
6.1838839
5.1411802
5.0399783
4.8726826
4.6569336
4.4607691
4.0206404
3.8804295
3.6753298
3.4531509
3.2795334
3.4607271
3.2950156
3.0713156
2.8537539
2.6914586
0.42011914
0.32784256
0.22859353
0.15893964
0.12303529
0.40629505
0.318386
0.22126821
0.15269489
0.11768452
0.34442654
0.27981298
0.20261869
0.14318871
0.11110078
0.2711758
0.22310695
0.16712884
0.1230043
0.097888446
0.23908123
0.19262853
0.14197494
0.10498638
0.084626514
