FiniteElementSpace
FiniteElementCollection: L2_2D_P4
VDim: 1
Ordering: 0

18.065861
19.339942
20.812226
21.810226
22.193526
17.617069
19.085079
20.793089
21.993883
22.55299
16.179471
18.021483
20.250388
21.918194
22.737998
13.967653
16.115966
18.872465
21.122516
22.343896
12.407369
14.672619
17.680497
20.198495
21.636816
21.622643
21.581246
21.915099
22.770365
23.69032
22.370614
22.253032
22.387694
23.075665
23.930602
23.424751
23.240821
23.190484
23.662711
24.368583
24.377149
24.163493
23.965321
24.221564
24.793095
24.832893
24.735725
24.525117
24.645807
25.147991
34.288283
36.063581
38.919922
42.109881
44.515837
34.267257
36.049698
38.878035
42.014951
44.383664
34.160496
35.955975
38.794817
41.907411
44.241259
34.249773
35.99947
38.791659
41.88328
44.197818
34.437121
36.186791
38.944095
41.984555
44.267397
60.195401
63.172574
67.230321
70.162246
69.651298
60.015841
62.937445
66.923539
69.295906
68.102795
59.683829
62.550841
66.531141
68.028058
65.684164
59.47242
62.180454
65.939684
66.319125
62.711539
59.424506
62.028445
65.43383
64.824562
60.320983
9.5377937
11.150075
13.227433
15.018679
16.116791
8.7209279
10.419625
12.701543
14.705876
15.89102
7.3072499
8.9879261
11.53934
13.977025
15.390473
6.1425481
7.3950391
9.6810854
12.290527
13.98424
5.8995599
6.6347418
8.3418352
10.670811
12.40942
22.12873
23.327009
24.866506
26.153305
26.867177
20.744721
21.543479
22.944434
24.439971
25.554203
21.273064
21.735409
22.359239
23.008428
23.568883
23.285726
24.133295
24.911918
25.416515
25.715185
24.874064
26.299023
27.637928
28.358479
28.811864
35.326237
37.181613
40.072455
43.250145
45.585554
35.58256
37.217265
40.045486
43.280766
45.704417
35.814078
37.917359
40.656977
43.543554
45.769553
34.894347
37.848072
41.816219
45.04583
47.088288
34.872672
37.587915
42.435538
46.680528
48.889124
60.083522
61.035949
57.763585
49.063477
41.290361
59.850486
59.822475
54.85014
45.201797
37.555302
58.579396
56.832395
49.545649
39.227008
32.233352
55.722617
52.112796
43.292705
33.327379
27.350419
52.984683
48.226342
38.916929
29.58445
24.318365
17.777603
17.043007
14.445112
11.416057
9.8404027
18.782473
18.627373
16.774048
13.870029
11.856236
19.53702
20.459839
20.102785
17.851414
15.539607
19.27741
21.481705
22.709981
21.395929
19.167565
18.19471
21.35177
23.779465
23.421719
21.601266
13.646854
16.152447
20.192416
24.518352
27.408761
13.062692
15.269038
18.985593
23.154511
26.120126
13.541625
15.263622
18.329968
22.018769
24.799449
15.228845
16.624657
19.020642
22.091106
24.561499
16.892579
18.130785
20.229672
22.870587
25.069666
43.297421
45.406228
48.400458
51.484671
53.736614
42.18657
44.750582
48.20355
51.467498
53.72386
40.960923
43.560911
47.43767
51.275073
53.648994
40.934733
43.393216
47.093409
51.042809
53.197443
41.105946
43.82405
47.369988
50.875982
52.383485
36.763513
30.174136
22.415476
16.701483
13.761621
34.688026
28.290451
20.886725
15.492143
12.739317
31.252175
25.301913
18.566764
13.733963
11.291653
27.183106
21.92703
16.05475
11.890685
9.806291
24.157115
19.476571
14.270407
10.599988
8.7762326
7.5662711
12.044739
19.587167
27.152841
31.173193
6.8539062
11.069005
18.084788
25.924277
30.985459
6.4624426
10.441643
17.114958
24.584492
29.982753
8.4628838
11.063149
16.826498
24.351537
29.759153
11.962629
13.855166
17.790041
24.127447
29.963611
30.948774
31.531851
32.549436
34.10663
35.567188
34.164668
34.625465
35.450889
36.754679
37.950761
39.117869
39.38016
39.97444
40.947022
41.587441
44.39655
44.376345
44.389985
44.204107
43.424421
47.858269
47.499703
46.569685
44.182877
41.366827
42.59006
41.034661
36.426383
30.204073
25.807829
39.295371
36.08349
30.18065
24.174168
20.525289
31.555045
27.384769
21.730543
17.1284
14.646763
22.882752
19.401433
15.332319
12.265749
10.58304
17.958605
15.279518
12.173876
9.7928855
8.4577168
8.7898817
7.2857636
5.6210989
4.474877
3.9387243
7.2260747
6.0368692
4.7194722
3.8195699
3.4094181
5.4120308
4.5671175
3.6415873
3.0294918
2.7689554
4.0464503
3.4488299
2.8052459
2.4025355
2.2539471
3.3081021
2.8435738
2.3500231
2.0540576
1.9588157
27.036511
28.788903
31.709764
35.101037
37.708344
25.18565
26.807418
29.53845
32.647759
34.999732
23.943586
25.410395
27.987151
30.992179
33.289642
24.07048
25.485721
28.0307
31.002882
33.232533
24.293094
25.683153
28.188117
31.089335
33.249753
20.433743
21.241475
22.747333
24.65205
26.188837
19.916449
20.421088
21.511726
23.077667
24.427366
20.024414
20.286869
20.998396
22.180263
23.289087
20.723169
20.847176
21.36969
22.408081
23.44915
21.280616
21.302649
21.710789
22.673246
23.684989
51.998767
54.535307
58.159708
61.944805
64.688427
49.039066
51.764228
55.79374
59.831408
62.674075
46.803114
49.535764
53.631648
57.795581
60.707024
45.868844
48.449338
52.413164
56.56542
59.526782
45.817325
48.319141
52.1129
56.097658
58.998259
38.94565
41.130047
44.462404
47.981809
50.611422
36.121505
38.13079
41.399405
45.011664
47.660672
34.37415
36.280313
39.334833
42.771825
45.408348
34.266065
36.0689
38.952803
42.147676
44.572062
34.269433
36.088751
38.972421
42.144602
44.540915
75.280557
70.062743
56.945624
43.393825
36.462513
74.149693
68.809585
55.744928
42.475114
35.757585
71.954782
66.256263
53.215065
40.524841
34.230475
69.9963
63.699127
50.440204
38.291682
32.429995
68.562761
61.806215
48.428979
36.693932
31.137006
66.055322
68.827915
72.497812
75.971428
76.58087
64.098718
67.03688
71.001898
74.742095
75.469327
62.125382
65.102425
69.093444
72.774196
73.396466
60.979381
64.03806
68.064291
71.474757
71.678646
60.435121
63.488601
67.58087
70.706183
70.45706
-0.69188333
1.6219137
4.9251726
8.2145079
10.488223
-0.69125614
1.4633526
4.5340733
7.4980457
9.472082
0.031461015
1.9701323
4.7513016
7.4061178
9.1456214
0.40204903
2.1626015
4.7840712
7.363714
9.0950232
0.45092878
2.0910538
4.5869113
7.1579315
8.887977
22.275751
22.313053
22.197235
21.953057
21.732404
22.763789
23.02154
23.02724
22.718017
22.464939
23.057076
23.506042
23.782731
23.703453
23.524645
22.850246
23.624799
24.307206
24.544083
24.475217
22.28999
23.366036
24.37332
24.766217
24.823916
21.961435
23.073376
24.131249
24.608195
24.772048
20.931144
22.329656
23.793247
24.629997
24.909621
18.891264
20.584946
22.764637
24.342178
24.968403
17.309607
18.721707
20.900772
22.994168
24.187835
16.780748
17.794568
19.386984
21.227766
22.610946
11.6403
13.868308
16.99077
19.730988
21.28221
10.480437
12.466476
15.385857
18.270004
20.097152
10.002534
11.625352
13.944019
16.30845
18.005373
9.9486947
11.502082
13.545012
15.380431
16.629065
9.7510717
11.3595
13.431802
15.194264
16.25935
24.272904
25.645624
28.155519
31.099973
33.282646
24.479314
25.785482
28.215768
31.103075
33.261926
24.842486
26.020908
28.30612
31.085511
33.172512
25.212183
26.309582
28.517883
31.240711
33.286527
25.552516
26.616294
28.770013
31.442221
33.471422
25.754441
26.735605
28.79407
31.450817
33.475551
26.29828
27.163731
29.114177
31.664244
33.637138
26.872414
27.770535
29.712427
32.253881
34.178058
26.992286
27.94518
29.812435
32.319048
34.328691
27.111939
27.983743
29.783
32.170079
34.149223
24.87395
24.981779
24.945469
25.025757
25.402628
24.986755
25.122853
25.331639
25.637172
26.009262
25.13106
25.316346
25.544163
25.987219
26.522805
24.671208
25.365296
25.835167
26.115163
26.597376
23.312414
24.529287
25.728507
26.389604
26.790068
45.77954
48.285217
52.077241
56.005053
58.81352
45.637599
48.120598
51.898774
55.831954
58.638481
45.480387
47.929015
51.638353
55.508645
58.291498
45.418355
47.838437
51.518936
55.352038
58.083591
45.478428
47.868087
51.491135
55.285629
58.008199
45.530379
47.920745
51.530318
55.28856
57.986227
45.711839
48.085897
51.675593
55.398841
58.042323
46.044247
48.420084
52.010108
55.737043
58.362077
46.477416
48.848685
52.422943
56.14307
58.733168
46.706316
49.103692
52.710071
56.418443
58.937337
34.438636
36.224465
39.01176
42.051967
44.3254
34.588445
36.352118
39.162649
42.234963
44.510136
35.10536
36.823393
39.540679
42.569851
44.84296
35.287694
37.122181
39.961143
43.010728
45.270679
35.167276
37.049882
40.002127
43.193401
45.493788
67.645478
60.706294
47.352676
35.859188
30.456756
65.821793
58.457148
45.162128
34.183929
29.104084
62.948415
54.994095
41.921596
31.740974
27.120132
59.522783
51.147817
38.574228
29.282127
25.110724
56.841423
48.312764
36.244637
27.602589
23.735141
55.392529
46.826271
35.056322
26.751456
23.037501
52.405014
43.866567
32.740086
25.083824
21.665818
47.667117
39.434226
29.398618
22.674441
19.681968
42.654666
35.011839
26.167622
20.337445
17.760608
39.185296
32.076554
24.042989
18.787363
16.488197
59.418638
61.984021
65.156656
63.977948
59.013318
59.47403
61.907894
64.43973
62.053932
56.259792
59.79437
62.001239
63.052141
58.556934
51.741389
60.090555
61.930048
61.012052
54.272309
46.7557
60.143081
61.463882
59.020487
50.90141
43.150495
0.3235461
1.9014724
4.3179696
6.8866195
8.6595689
0.1863614
1.5445305
3.7559557
6.1282994
7.8291069
1.5707384
2.001915
3.2640047
5.0495203
6.4972439
4.799581
4.320908
4.1624923
4.7798261
5.6080786
7.5458788
7.0305811
6.0840984
5.5451175
5.6701805
8.8321753
8.635578
7.545491
6.3165014
5.9465915
10.377797
10.882153
10.324097
8.6796244
7.478793
10.844604
12.393649
13.384625
12.695396
11.360523
9.813657
12.217821
14.705536
15.652268
15.231436
8.4868797
11.461448
14.764204
16.639931
17.032482
16.631137
17.531805
18.852698
20.367021
21.505694
16.419826
17.358796
18.595106
19.723826
20.417908
16.001515
17.215059
18.876553
20.231781
20.971564
14.816892
16.484075
18.9668
21.404558
22.732537
13.384982
15.321585
18.551901
22.134615
24.145216
12.416553
14.411508
17.864867
21.574676
24.122428
10.996195
12.766954
15.893695
19.509122
22.287305
9.3745622
10.668659
13.144819
16.206842
18.304632
8.6110386
9.2155164
10.934206
13.202249
14.767961
8.8525252
8.8508639
9.9124152
11.771737
13.298521
6.0095529
6.460679
7.8360147
9.919158
11.631679
7.0367368
6.6873391
7.2447276
8.7892312
10.233833
10.537985
9.0809494
7.8657702
8.0502882
8.8423121
14.679856
13.054514
10.439106
8.8132851
8.5538906
16.936811
15.916314
13.152465
10.385858
9.185658
27.245731
28.380101
30.479698
32.79015
34.435035
26.159774
27.74394
30.473851
33.00118
34.713148
23.944497
24.966996
27.540401
31.527346
34.555238
25.803258
26.045146
27.161687
30.0174
33.241739
28.878741
28.721139
29.238809
31.169448
33.515908
30.612571
30.549336
30.815684
32.177982
34.125246
33.300656
33.78118
34.44139
35.65458
37.104517
34.403088
36.175529
38.126853
39.776542
41.191331
31.755763
34.519482
38.131955
41.055501
42.811052
29.644461
32.513362
36.60183
40.329504
42.533412
25.219959
27.053964
28.958832
30.025174
30.52266
23.737369
26.289715
29.506648
31.862281
32.899949
19.536771
22.514577
26.823129
30.850417
33.324223
15.818103
18.733388
23.096274
27.357264
30.269773
14.252073
16.78966
20.99999
25.335211
28.189664
46.784842
49.175798
52.799763
56.533301
58.986094
47.010742
49.502767
53.183363
56.944235
59.138531
46.960035
49.481731
53.242302
57.005119
58.627805
48.111654
50.361615
53.629814
56.439478
56.759085
49.87745
51.924015
54.707636
55.885835
54.631333
51.078492
53.085715
55.529353
55.644811
53.419704
52.80979
55.050236
56.788334
54.783831
50.779917
54.351429
56.44243
56.960657
52.295174
46.417324
55.276231
56.978385
56.35832
50.077389
43.155396
55.15941
56.851088
55.780891
48.738108
41.376107
35.354564
37.856387
42.473347
47.308464
50.068598
38.100756
40.129553
43.687733
48.230473
51.401403
42.056655
43.865996
46.946758
50.43056
52.99435
43.734047
45.61516
48.575338
51.816349
54.103589
43.552464
45.514223
48.473002
51.675541
53.960479
37.42931
30.607926
22.975184
18.009989
15.855097
33.976724
27.783857
20.951926
16.547099
14.663081
29.164527
23.908851
18.1881
14.548608
13.035199
24.778243
20.384592
15.667755
12.724451
11.553505
22.043696
18.195272
14.117463
11.614825
10.656418
20.751546
17.182606
13.409354
11.105588
10.240994
18.558598
15.452844
12.18056
10.211206
9.5072881
15.96889
13.37354
10.663693
9.0861018
8.576002
14.022757
11.764445
9.450086
8.1633115
7.8018756
12.979358
10.889174
8.7773181
7.6415318
7.3586843
51.446004
46.147627
36.668939
27.754763
22.875792
48.128739
41.965726
32.633165
24.672947
20.434444
43.194994
36.615282
27.960607
21.155247
17.566263
39.601392
32.945883
24.802548
18.646349
15.428649
37.696725
31.055
23.166459
17.313755
14.286178
7.5011013
10.831009
14.679053
17.03674
17.725656
5.1312811
8.9190857
13.765626
17.141036
18.449026
1.3246287
5.3748476
11.258467
16.248347
18.695206
-2.1813123
1.7291243
7.8787722
14.067481
17.753735
-4.2426887
-0.48817265
5.4850266
11.875754
16.170215
-5.2664353
-1.5869175
4.3651999
10.73699
15.132354
-6.8959884
-3.6012861
2.1373116
8.5965785
13.147263
-8.4014932
-5.6292684
-0.66399884
5.4389047
10.11202
-9.0993925
-6.6973231
-2.3582892
2.9801971
7.2627691
-8.6764805
-6.778476
-2.9378854
2.0119873
5.8819209
9.3422791
9.0523657
9.7978648
11.442403
12.737423
10.953517
9.9761896
10.006881
11.163041
12.270884
14.244221
12.384828
11.326204
11.900565
12.874841
17.794201
15.562089
13.781864
13.824894
14.646282
20.237081
17.971876
15.977384
15.629409
16.329562
21.728525
19.342166
17.161992
16.673614
17.310232
24.526214
22.148802
19.470683
18.669881
19.288464
28.126807
26.250081
23.163136
21.914458
22.451696
30.84001
30.150261
27.508778
25.834882
26.108648
32.012323
32.496615
30.754552
28.843703
28.948243
17.309621
20.919458
24.110657
24.429094
23.023286
15.474128
19.802695
24.503288
26.247822
25.538644
12.562901
17.37088
23.750334
27.871536
28.551829
9.6855117
14.611214
21.899009
28.00657
30.420302
8.0813757
12.891033
20.448326
27.428658
30.927552
28.805126
31.562721
35.582452
39.554407
42.117028
27.616502
30.397606
34.294138
38.146409
40.827957
26.270223
29.207375
33.336373
37.150464
39.643319
25.893574
28.603768
32.742597
36.894211
39.635758
26.316121
28.891316
32.813369
36.78213
39.633576
26.670388
29.146481
33.047396
37.02425
39.717897
27.837795
30.038692
33.689124
37.614772
40.285166
30.271729
32.134418
35.303589
38.961061
41.624877
33.209929
34.877085
37.676574
40.88768
43.050903
35.352193
36.940549
39.44776
42.160826
43.504541
17.861346
19.020306
21.010779
23.503613
25.52936
19.835586
20.96967
22.774709
25.012825
26.831764
22.914704
23.997557
25.748334
27.785236
29.384508
26.45649
27.282766
28.860121
30.88157
32.393076
29.343536
29.934758
31.118213
33.007719
34.573746
54.940265
56.672082
55.356892
47.949206
40.46063
54.879789
56.399907
54.259401
46.020627
38.354175
54.646296
55.583706
51.903613
42.468381
34.726279
53.698162
53.340583
47.755151
37.615262
30.271818
52.202472
50.588593
43.71262
33.605856
26.90018
51.138498
48.763007
41.348541
31.43788
25.131403
48.188266
44.441537
36.27289
27.081841
21.665471
41.665208
36.59159
28.545112
21.071709
16.973176
32.794404
27.894897
21.423479
15.964573
12.978512
26.566891
22.488811
17.388465
13.09733
10.700865
41.116671
43.998004
47.689229
50.795377
51.716558
41.555686
44.516549
48.33887
50.142422
49.4098
42.937668
45.307672
47.905812
47.039961
43.849911
44.136046
45.268621
44.190605
39.823443
35.330402
43.621062
43.061055
39.383355
33.421433
28.846163
12.497992
10.483588
8.4641157
7.3977287
7.1510481
11.569086
9.7115184
7.8764249
6.944
6.7655444
10.265321
8.6468455
7.0818649
6.3400174
6.2566787
8.9387743
7.5834955
6.3093034
5.7689496
5.7841877
8.023346
6.8578603
5.7920652
5.3944811
5.4783652
7.5669402
6.4978964
5.5366221
5.2099083
5.3278169
6.715231
5.82838
5.0615199
4.8652749
5.0457895
5.5821975
4.937131
4.428159
4.404365
4.6671048
4.5920853
4.1506694
3.8618896
3.987809
4.3226269
4.0022259
3.6770786
3.515412
3.7294307
4.1067043
22.574262
18.200929
13.354515
9.9482182
8.2607745
19.467099
15.721534
11.601133
8.7177222
7.2955719
15.268251
12.406376
9.2696795
7.0822674
6.0128599
11.710967
9.6082073
7.2884658
5.6754411
4.8989459
9.6891246
8.0019522
6.1367668
4.8486202
4.2387059
-8.2395335
-6.7195332
-3.3040145
1.6716614
5.5792535
-6.7673634
-5.3571887
-2.818505
1.0774071
4.7641387
-3.3112903
-2.0840538
-0.038774517
2.2962254
4.7021026
1.2821986
1.9068542
3.6737784
6.0048449
7.5975783
4.7141848
5.2549565
6.4158059
8.7882199
10.979458
5.9430925
7.1477933
8.1615409
9.9842673
11.979115
8.7513939
10.522099
12.497908
13.989529
15.344317
10.173595
12.621934
15.792054
18.565506
20.300533
15.21357
16.373489
18.219089
20.606174
22.389329
9.2219131
12.81877
15.844351
18.230903
20.768032
32.496071
33.57063
32.298413
30.421279
30.508283
33.043571
35.390959
35.194988
33.674522
33.757909
32.767894
36.981563
39.31709
39.016069
38.911884
32.601568
37.890416
43.0395
44.922973
44.540136
32.988597
38.714491
45.453029
48.732581
48.354998
33.058468
38.957942
46.291937
50.584865
50.459652
33.783936
40.139621
48.629843
54.034609
53.069852
35.939497
41.082701
49.92415
54.475505
51.472122
38.625463
41.176073
44.922325
46.884011
45.301444
39.793399
42.159142
43.654415
40.287108
30.297416
13.156682
15.402304
19.224325
24.763911
30.052631
16.270805
18.458756
22.021937
26.63395
30.987012
21.136965
23.026734
26.512546
30.689148
33.930465
23.410918
25.616863
29.574863
34.312746
37.383985
21.927244
24.253162
28.737392
33.828329
37.820838
36.321012
37.991691
40.424646
42.50306
42.996843
38.668689
40.121162
41.793392
41.87599
40.510198
41.829048
42.11069
41.022172
37.356133
33.606881
42.56433
40.159628
35.056368
29.003907
24.862435
39.623626
35.552463
29.063176
23.043494
19.535078
36.922021
32.514626
26.135964
20.501789
17.304452
31.351774
26.742278
20.781034
16.042858
13.52855
22.739488
18.723865
14.182884
10.972409
9.3361346
15.186241
12.524301
9.6516738
7.5835223
6.4788599
10.2951
8.6833795
6.7772033
5.3602482
4.587717
49.562243
48.680576
46.772311
42.879048
39.068528
51.324795
49.390941
44.720647
38.459621
33.737952
48.562594
44.793415
37.885041
30.1815
25.08105
42.827202
37.009277
28.146101
20.576216
16.763473
26.72686
24.406053
18.458428
14.245053
11.631909
23.719157
20.08881
15.603656
11.81255
9.6846378
18.868281
16.039788
12.564748
9.6063086
7.9308923
13.533352
11.612737
9.1992711
7.1058716
5.9134104
9.802288
8.4537248
6.7417355
5.2514027
4.4030515
7.8412009
6.7733597
5.4214521
4.250796
3.586838
7.0031667
6.0624131
4.8597588
3.8150877
3.2253342
5.5893667
4.8508194
3.9045991
3.0787193
2.6113173
3.9644904
3.4474823
2.7846402
2.2086972
1.8843515
2.7362087
2.3784381
1.9253495
1.5369562
1.3216414
1.9786786
1.7281181
1.4119659
1.1432525
0.99538217
15.903
13.550092
10.821075
8.7160753
7.540238
12.44419
10.629042
8.5393675
6.9245789
6.0112963
8.618041
7.415105
6.0027719
4.8922545
4.2584741
5.9961972
5.1641836
4.1728201
3.3873169
2.9412916
4.2309867
3.6533071
2.9714463
2.4328933
2.1233404
3.7342641
3.4611854
3.3554155
3.6077416
4.0042479
3.2590915
3.0758484
3.0688197
3.3884547
3.8170312
2.682469
2.6039322
2.7113379
3.1094459
3.5743441
2.2166091
2.2191136
2.4122755
2.8654604
3.356134
1.9440431
1.9873145
2.2303528
2.7147936
3.2131316
1.8269848
1.8806668
2.1327181
2.632019
3.1413918
1.6054461
1.6946784
1.975675
2.4798418
2.9900675
1.2710044
1.3901018
1.7095761
2.2319873
2.7331638
0.95894581
1.0570434
1.3353287
1.8329019
2.3314349
0.80072338
0.8871604
1.0949477
1.4555385
1.8598197
2.9792066
2.571495
2.1457189
1.90142
1.8318992
2.4167524
2.0971804
1.7744978
1.6116234
1.5889645
1.7496393
1.5299596
1.3151236
1.2250577
1.238776
1.2337882
1.0928801
0.95981121
0.91139541
0.93025387
0.93557582
0.84135736
0.75939614
0.74369636
0.77294773
