FiniteElementSpace
FiniteElementCollection: L2_2D_P4
VDim: 1
Ordering: 0

-15.659152
-15.589714
-15.512983
-15.457887
-15.429627
-12.405147
-12.336034
-12.259371
-12.204193
-12.176099
-8.9639401
-8.8928753
-8.8142652
-8.7580699
-8.7291454
-6.5635318
-6.493085
-6.4137743
-6.356326
-6.3267497
-5.323008
-5.2543407
-5.1763558
-5.1191465
-5.0893247
-15.346634
-15.340484
-15.333297
-15.327559
-15.324136
-12.092688
-12.086544
-12.079382
-12.073696
-12.070332
-8.6443589
-8.6381447
-8.6309274
-8.6252411
-8.6219029
-6.2397363
-6.2334163
-6.2260956
-6.2203608
-6.217021
-5.0008599
-4.9944362
-4.9870083
-4.9812113
-4.9778526
-15.301678
-15.295697
-15.284315
-15.268506
-15.254186
-12.048824
-12.043211
-12.032571
-12.017861
-12.004584
-8.6014592
-8.5963016
-8.5865794
-8.5731755
-8.561075
-6.197328
-6.1925156
-6.1834783
-6.1710816
-6.1599627
-4.9584813
-4.9538645
-4.9452492
-4.9336061
-4.9233697
-15.033136
-14.958632
-14.812516
-14.6042
-14.411738
-11.796589
-11.726866
-11.589113
-11.393819
-11.21749
-8.3663149
-8.3058789
-8.1931031
-8.0461992
-7.923366
-5.9870195
-5.9426032
-5.8651768
-5.768014
-5.685375
-4.770179
-4.7363884
-4.6764281
-4.5957365
-4.522346
-1.7759914
-1.692115
-1.5981337
-1.529398
-1.4931485
-1.537941
-1.4479479
-1.3471857
-1.274132
-1.2360682
-1.2901206
-1.1905226
-1.0785899
-0.9972059
-0.95481298
-1.1332182
-1.0229142
-0.89863986
-0.80791376
-0.76045427
-1.0677062
-0.94880318
-0.81470521
-0.71665183
-0.66526758
-1.3824797
-1.3741639
-1.3646309
-1.3573453
-1.3532487
-1.1201939
-1.1113154
-1.1010862
-1.0932537
-1.0888623
-0.82753137
-0.81785887
-0.80661934
-0.7978998
-0.79294829
-0.61718571
-0.60640945
-0.59390409
-0.58419153
-0.57864915
-0.50922889
-0.49746194
-0.48378892
-0.47314801
-0.46708315
-1.3333665
-1.3295915
-1.3230178
-1.3147533
-1.3079123
-1.0675688
-1.0635522
-1.0567294
-1.0481952
-1.0409512
-0.76887833
-0.76430599
-0.75639832
-0.74649292
-0.73816352
-0.55046903
-0.54512621
-0.53576155
-0.52370868
-0.51346976
-0.43540546
-0.42906014
-0.41837423
-0.4050009
-0.39330283
-1.0924681
-1.0707701
-1.0404409
-1.0093135
-0.98547176
-0.78378823
-0.76191037
-0.73254431
-0.70390801
-0.68362402
-0.3955436
-0.37098138
-0.34089495
-0.31547542
-0.29969522
-0.046232436
-0.016930325
0.016321339
0.040592603
0.053304108
0.18941245
0.22309022
0.25993396
0.28548041
0.29725126
-0.2175365
-0.19598318
-0.17040322
-0.14960202
-0.13702824
-0.20171672
-0.1782006
-0.15030874
-0.12757704
-0.11372985
-0.18813651
-0.16142986
-0.1298531
-0.10423064
-0.088664843
-0.18329314
-0.15303566
-0.11737582
-0.08858184
-0.071181256
-0.18367168
-0.1508711
-0.1122906
-0.081202896
-0.062439824
-0.060114656
-0.044576331
-0.017498467
0.018839392
0.052205656
-0.019368896
0.0019250748
0.038013913
0.082259545
0.11955167
0.025839809
0.055657462
0.11003777
0.17959393
0.23706768
0.057223008
0.091610412
0.15817159
0.25176238
0.33622825
0.076652456
0.11295623
0.18249476
0.28095176
0.37231325
2.3219104
2.4195266
2.5179381
2.5756048
2.5909826
2.9757406
3.0948217
3.2173195
3.2834092
3.2982259
4.2494896
4.4065143
4.5523035
4.6211924
4.6343273
6.061623
6.2668935
6.4796787
6.6009056
6.6289785
7.7448328
8.0495682
8.3845664
8.566757
8.6060562
-0.23035628
-0.18142595
-0.12541743
-0.082659972
-0.05865645
-0.23785365
-0.18673081
-0.12851412
-0.084611613
-0.060391739
-0.2475598
-0.19377141
-0.13284039
-0.087255999
-0.062276023
-0.25442435
-0.19846959
-0.13507841
-0.087540931
-0.061357266
-0.2568069
-0.19966366
-0.1347109
-0.085827365
-0.058865399
0.087687516
0.10687694
0.13832703
0.17748645
0.21035048
0.093618251
0.11274171
0.14228116
0.17547982
0.20134324
0.11423505
0.13240147
0.15803015
0.18493691
0.20569552
0.14823071
0.16647118
0.19084145
0.21452344
0.23124852
0.18150458
0.20082619
0.22530919
0.24695493
0.26093843
2.1797447
2.2685783
2.3516364
2.3888839
2.3938241
1.7427335
1.8110622
1.8782875
1.9112039
1.9161296
1.2617479
1.3103116
1.3573084
1.3803743
1.3833535
0.92472505
0.95732554
0.98811011
1.0010176
1.0006969
0.7560579
0.77861298
0.79939143
0.80755387
0.80626271
-0.22498418
-0.167309
-0.099297581
-0.044777414
-0.012368344
-0.20584333
-0.15010996
-0.083441631
-0.028082693
0.0061881047
-0.17085181
-0.11814763
-0.053772984
0.0018524662
0.038301568
-0.12783648
-0.078993076
-0.016075034
0.041838452
0.081148398
-0.092055964
-0.047163896
0.013287489
0.073991198
0.11856299
0.69387423
0.7328937
0.7740224
0.79967798
0.80952477
0.87519103
0.92174153
0.96989205
0.99798795
1.0075281
1.2285419
1.2881657
1.3491437
1.3847659
1.39612
1.7243747
1.8015244
1.880227
1.9238459
1.9361455
2.1712649
2.2675696
2.3606822
2.40782
2.4198609
0.36840025
0.3430749
0.31237707
0.28734755
0.2726811
0.37291942
0.33759135
0.29649919
0.26472153
0.24651349
0.4089087
0.35694732
0.2976399
0.25214693
0.22669373
0.48177685
0.40842497
0.32380396
0.26128134
0.22848585
0.55273605
0.45881949
0.35696293
0.28450875
0.24453252
0.13756044
0.17050002
0.23646178
0.33262273
0.42301755
0.16611542
0.19136396
0.24785204
0.33440622
0.41540494
0.20934962
0.22186687
0.25710053
0.31297269
0.36341812
0.24684475
0.24315848
0.25144132
0.27560707
0.30241988
0.26899319
0.25466629
0.24836641
0.26049758
0.2811569
7.797815
8.1052385
8.4458051
8.636147
8.6829738
6.1292691
6.3359577
6.552656
6.680375
6.7146401
4.3428507
4.4990954
4.6455884
4.7173497
4.7337533
3.1019423
3.217692
3.3372527
3.4024978
3.4179383
2.4763781
2.5688526
2.6619151
2.7164918
2.7309726
1.5902911
1.2714039
0.88560828
0.60947203
0.47416219
1.2494172
1.0304757
0.76857068
0.55807074
0.4415328
0.90115572
0.73322095
0.54989045
0.41715854
0.34462005
0.66930145
0.54381329
0.39974857
0.29572347
0.2432741
0.55144457
0.44948432
0.33538984
0.24685817
0.19832274
-15.417292
-15.397277
-15.375014
-15.358876
-15.350433
-12.163539
-12.143523
-12.121186
-12.104977
-12.096529
-8.7164742
-8.6960594
-8.6733223
-8.6568691
-8.6482653
-6.3136082
-6.2926925
-6.2693981
-6.2525552
-6.2437706
-5.076029
-5.0548178
-5.0311232
-5.0139594
-5.0049977
-4.5506814
-4.5290428
-4.5048059
-4.4872436
-4.4780797
-3.6736538
-3.6520883
-3.6276441
-3.6096885
-3.6002519
-2.6952253
-2.6729901
-2.6480145
-2.6296923
-2.6199904
-1.9924301
-1.9682991
-1.9413861
-1.9218682
-1.91163
-1.630381
-1.6047746
-1.5760063
-1.5551034
-1.5441849
-4.7963273
-4.7283047
-4.6509906
-4.5939048
-4.5638307
-3.9225574
-3.8518387
-3.7733931
-3.7165476
-3.6868308
-2.9631299
-2.8864098
-2.8012273
-2.7403142
-2.7089685
-2.275715
-2.1966939
-2.1070793
-2.0415671
-2.0075061
-1.9217647
-1.840983
-1.7495014
-1.6819794
-1.6463424
-15.322401
-15.319242
-15.314439
-15.308908
-15.304378
-12.06862
-12.065553
-12.060931
-12.055664
-12.051381
-8.6202014
-8.617221
-8.612796
-8.6078352
-8.6038473
-6.2153031
-6.2123743
-6.2080871
-6.2033601
-6.1996004
-4.9761134
-4.9732052
-4.9689741
-4.9643481
-4.9606998
-4.4486316
-4.4456373
-4.4413357
-4.4366896
-4.4330496
-3.5698715
-3.5668333
-3.5625037
-3.5579
-3.5543568
-2.5883144
-2.5852024
-2.5808628
-2.5764371
-2.5731844
-1.8784056
-1.8752429
-1.8709424
-1.8666823
-1.8635986
-1.5093981
-1.506154
-1.5017749
-1.4974804
-1.4943659
-4.4740099
-4.467371
-4.4597066
-4.4537472
-4.4503123
-3.5960131
-3.5891621
-3.5812555
-3.5751255
-3.5716067
-2.6155681
-2.6084783
-2.600236
-2.5938202
-2.5901468
-1.9069141
-1.8994999
-1.8908819
-1.8841698
-1.8803405
-1.5391398
-1.5313322
-1.5223334
-1.5153782
-1.5114219
-15.245448
-15.225004
-15.184761
-15.127637
-15.075426
-11.996495
-11.977614
-11.940514
-11.887742
-11.839248
-8.5536811
-8.5364438
-8.5024772
-8.4543456
-8.4106332
-6.1532024
-6.1376456
-6.1077714
-6.0673763
-6.0325012
-4.917239
-4.9034278
-4.8779533
-4.8451524
-4.8178062
-4.3913533
-4.3787074
-4.3560098
-4.3272521
-4.3030711
-3.5178982
-3.5075974
-3.4887794
-3.4636489
-3.4413549
-2.5422182
-2.5331496
-2.5159902
-2.4927749
-2.4725197
-1.8336841
-1.8247762
-1.8082955
-1.7866518
-1.7680677
-1.4634955
-1.4546875
-1.438562
-1.4171896
-1.3984104
-4.43089
-4.4263064
-4.4178698
-4.4066752
-4.3970188
-3.5522552
-3.547933
-3.5402747
-3.5306048
-3.5225639
-2.5712526
-2.5675153
-2.5610854
-2.5530383
-2.5462493
-1.8617029
-1.8582071
-1.8521409
-1.8443683
-1.8376784
-1.4923788
-1.4887414
-1.4823449
-1.4742729
-1.4675096
-14.292215
-14.011823
-13.447726
-12.671461
-12.036982
-11.112427
-10.870862
-10.435297
-9.8955665
-9.4486219
-7.8524915
-7.6967672
-7.4120492
-7.0238787
-6.6743932
-5.6362918
-5.5215898
-5.2974928
-4.9929609
-4.7323245
-4.4776553
-4.373345
-4.184944
-3.9462827
-3.7380303
-3.9736132
-3.8860696
-3.7275055
-3.5092875
-3.3125421
-3.1514195
-3.0804577
-2.9453087
-2.7635331
-2.6069809
-2.2163398
-2.161609
-2.061554
-1.9299238
-1.81528
-1.5189775
-1.4793734
-1.40734
-1.3124699
-1.230887
-1.1416867
-1.1098094
-1.052057
-0.97798765
-0.9153929
-4.252892
-4.2216985
-4.1635273
-4.0839649
-4.0143197
-3.3823039
-3.3529929
-3.301163
-3.2361483
-3.1824468
-2.3957076
-2.3711783
-2.3309315
-2.2819421
-2.2406664
-1.6647956
-1.6431284
-1.608932
-1.5689963
-1.5370326
-1.2697303
-1.2480706
-1.2159402
-1.1816633
-1.1560116
-1.477269
-1.450823
-1.4208805
-1.3989812
-1.3875194
-1.2193789
-1.1918923
-1.1607402
-1.1377656
-1.1256153
-0.93618195
-0.90585273
-0.87173707
-0.84673407
-0.83351934
-0.73938926
-0.7053175
-0.66691733
-0.63879651
-0.62397439
-0.64234139
-0.60539329
-0.5636185
-0.53292064
-0.51670886
-0.60569123
-0.56664093
-0.52251757
-0.49011212
-0.47300174
-0.54286297
-0.5003259
-0.4522443
-0.41689543
-0.39821253
-0.48311573
-0.43439794
-0.37933337
-0.33880171
-0.3173275
-0.45390771
-0.39781147
-0.33441685
-0.28773876
-0.26295829
-0.44767092
-0.38593208
-0.31618892
-0.26486167
-0.23761852
-1.3513105
-1.3478816
-1.3432299
-1.3386479
-1.3353601
-1.0867644
-1.0831361
-1.0782168
-1.0733244
-1.0697742
-0.79052401
-0.78641488
-0.78086457
-0.77540505
-0.77145165
-0.57587086
-0.57121623
-0.56478167
-0.55830968
-0.55361309
-0.46402224
-0.45898316
-0.45197438
-0.4446946
-0.43919216
-0.41702496
-0.41142789
-0.40378884
-0.39611187
-0.39037954
-0.33689039
-0.33059355
-0.32178918
-0.31283775
-0.30625936
-0.24648865
-0.23923527
-0.22885166
-0.21780517
-0.20938423
-0.17935435
-0.17061702
-0.15827253
-0.14522537
-0.13507165
-0.14391356
-0.13336994
-0.11825442
-0.10264737
-0.091087833
-0.46546887
-0.45284353
-0.43815339
-0.42668846
-0.42012212
-0.38991166
-0.37616036
-0.36015145
-0.3476191
-0.34037876
-0.30765758
-0.29184078
-0.27338051
-0.2589193
-0.25057799
-0.25165786
-0.23332205
-0.21168564
-0.19444084
-0.18436503
-0.22511856
-0.20496555
-0.18101971
-0.16155772
-0.14986223
-1.303958
-1.2951266
-1.2786683
-1.2564421
-1.2368871
-1.0366801
-1.027092
-1.0092489
-0.98552181
-0.96498555
-0.73322927
-0.72217142
-0.7016384
-0.67430622
-0.65045575
-0.50747168
-0.49415968
-0.46932067
-0.43587535
-0.40654715
-0.38615135
-0.3701872
-0.34079857
-0.30175992
-0.26743274
-0.33259254
-0.31562337
-0.28332451
-0.24017123
-0.20272524
-0.23784565
-0.21791774
-0.18042376
-0.12932549
-0.084265134
-0.12246387
-0.095850708
-0.04640827
0.019850856
0.078578783
-0.022622695
0.010847072
0.075891121
0.16504616
0.24284172
0.04460964
0.084910207
0.15900374
0.2640399
0.36112867
-0.38647035
-0.37949352
-0.36730821
-0.35226686
-0.33987932
-0.30171098
-0.29394193
-0.28007442
-0.26205291
-0.24674044
-0.2033618
-0.19338705
-0.17602296
-0.15368119
-0.13418764
-0.1273555
-0.11457733
-0.091488497
-0.061933512
-0.037152259
-0.08220789
-0.068300567
-0.042241333
-0.0061499725
0.025765085
-0.97191267
-0.94272187
-0.89227815
-0.82858181
-0.77406202
-0.6728481
-0.65034444
-0.61225154
-0.5650745
-0.52584113
-0.29187392
-0.27670714
-0.25370942
-0.22827945
-0.20860635
0.058889198
0.068149228
0.077946761
0.083635593
0.085350744
0.30149429
0.30652336
0.30728964
0.30030861
0.29015352
0.42981555
0.43324794
0.42997716
0.41641841
0.40037059
0.70032243
0.70100153
0.68992625
0.66256195
0.63326307
1.1685304
1.163451
1.1380781
1.0893126
1.0396219
1.7641439
1.7547681
1.7153829
1.641191
1.5674915
2.2751354
2.2639221
2.2174203
2.1239188
2.0266607
0.31333384
0.34976255
0.38910098
0.41501224
0.42612904
0.57110893
0.61484303
0.66053433
0.68782476
0.69765765
1.0088197
1.0654247
1.1232498
1.1568087
1.1671784
1.5642307
1.6382786
1.7132286
1.7536436
1.7638747
2.0410857
2.1343444
2.2234032
2.2665271
2.2756411
-0.45296247
-0.3874578
-0.31348333
-0.25908957
-0.23025847
-0.46035016
-0.38825097
-0.30697892
-0.24732424
-0.21574157
-0.48459565
-0.4018094
-0.30860965
-0.24034171
-0.20427626
-0.52173354
-0.42711568
-0.32070044
-0.24285212
-0.20178842
-0.55300966
-0.44959292
-0.33342052
-0.24856646
-0.20387551
-0.57698416
-0.46787746
-0.34546351
-0.25624792
-0.20936314
-0.61355541
-0.49512832
-0.36245646
-0.26597942
-0.21541455
-0.67067334
-0.53845708
-0.39054309
-0.28324225
-0.22718119
-0.72925718
-0.58343241
-0.42045678
-0.30243829
-0.24091272
-0.76846243
-0.61367747
-0.44080653
-0.31571706
-0.25055801
-0.13088266
-0.11914246
-0.10187834
-0.08360702
-0.070080125
-0.1068384
-0.093613339
-0.073354918
-0.050512598
-0.032656781
-0.080824304
-0.065928753
-0.042661066
-0.015126916
0.0077283473
-0.062361296
-0.045886691
-0.02032067
0.0099339441
0.035334766
-0.052878826
-0.035158476
-0.0076457707
0.024844963
0.05197838
-0.051943273
-0.033489055
-0.0051272412
0.028013625
0.055513655
-0.048462759
-0.02976491
-0.0015560192
0.030869708
0.057604404
-0.045563682
-0.02625489
0.0023057804
0.034267481
0.059903547
-0.044359481
-0.024541744
0.0036896064
0.033301955
0.055478489
-0.044449975
-0.024658073
0.0024153705
0.029125979
0.048114497
-0.18884121
-0.15418212
-0.11353436
-0.08097646
-0.061462263
-0.19319949
-0.15609553
-0.11284443
-0.078575831
-0.058313514
-0.20241055
-0.16160658
-0.1143977
-0.077492408
-0.056009171
-0.21359068
-0.16906614
-0.11782215
-0.078173087
-0.05541203
-0.22154325
-0.17457055
-0.12067262
-0.079266927
-0.055791271
0.072681586
0.12096984
0.20891143
0.32209384
0.42320171
0.1417109
0.19379472
0.2969652
0.43972909
0.5640237
0.27008464
0.3421306
0.47371804
0.65528799
0.82157581
0.38664647
0.50259915
0.71179276
0.97169766
1.1887437
0.42951289
0.56420792
0.838991
1.2227251
1.5396601
0.43521385
0.57000979
0.84484683
1.2285285
1.5453643
0.41821286
0.53419113
0.74312076
1.0023895
1.2187646
0.34278543
0.41473573
0.54555684
0.72556605
0.890276
0.2634667
0.31528836
0.41708156
0.55720082
0.67885834
0.23514418
0.28302274
0.36907445
0.4787088
0.57631074
0.081262998
0.11795711
0.18791344
0.28663425
0.37810057
0.085581454
0.12109308
0.18881744
0.28310111
0.36780929
0.092138002
0.12420257
0.18088458
0.25177378
0.30968211
0.092592475
0.11734545
0.15696018
0.20321883
0.2411338
0.090065371
0.1099716
0.14147576
0.18031632
0.21444164
2.5900332
2.5709154
2.507576
2.4025468
2.2991447
3.2966929
3.2756862
3.1995092
3.0648549
2.9357999
4.6317038
4.6081107
4.5226199
4.3570496
4.1837334
6.6250104
6.5810495
6.435661
6.1964293
5.9706937
8.6014371
8.5436995
8.3324704
7.9648089
7.6360349
8.6052394
8.5473758
8.3359146
7.9679464
7.6389082
6.6450086
6.6002313
6.4534587
6.212525
5.9853801
4.6774309
4.6519404
4.5632615
4.3937997
4.2172738
3.3730263
3.3488692
3.2674121
3.1263196
2.9919564
2.6917021
2.6684255
2.5981099
2.4845857
2.3741841
7.7492768
8.053917
8.3887717
8.5708048
8.6099804
6.0856099
6.2901218
6.5018665
6.622066
6.6494046
4.3044619
4.4596866
4.6030287
4.6695235
4.6809621
3.0674428
3.1835007
3.3019076
3.3640226
3.3760299
2.4438975
2.5375061
2.6304996
2.6829042
2.6945788
-0.79618103
-0.6356576
-0.45648004
-0.32695473
-0.25953718
-0.83239426
-0.66365192
-0.47538328
-0.33936551
-0.26860396
-0.87871688
-0.69955365
-0.49962631
-0.35529111
-0.2803638
-0.91394465
-0.72685679
-0.51790478
-0.36709739
-0.28898859
-0.9297037
-0.73904303
-0.52588149
-0.3719709
-0.29233349
-0.94497309
-0.75156845
-0.5351244
-0.37875087
-0.29788891
-0.94890021
-0.75470389
-0.53697263
-0.37922772
-0.29745301
-0.93924467
-0.74635336
-0.52987816
-0.37272488
-0.2909766
-0.90893958
-0.72076554
-0.50970815
-0.35633206
-0.27621752
-0.8747669
-0.69248732
-0.48837478
-0.33983958
-0.26171358
-0.047631448
-0.027599508
-0.00094901127
0.024505931
0.042380952
-0.049326272
-0.029712563
-0.0039989728
0.020688279
0.038451179
-0.050751526
-0.030618283
-0.004088383
0.021451977
0.039631143
-0.049101094
-0.027918403
9.6337268e-06
0.02674735
0.045670194
-0.046120605
-0.024261825
0.0046687417
0.032695667
0.052906335
-0.047370824
-0.024679599
0.0055324765
0.035093716
0.056494192
-0.042280587
-0.018549073
0.013544769
0.045439755
0.068726649
-0.031341394
-0.0059745938
0.029386113
0.065882746
0.09338576
-0.015436487
0.011984247
0.051703238
0.094717822
0.12819144
-0.0016096618
0.028040256
0.071960671
0.12056443
0.15925808
-0.26274564
-0.20427595
-0.1377591
-0.087579814
-0.059883184
-0.26163988
-0.202409
-0.13494932
-0.083869492
-0.055379436
-0.25478825
-0.19535809
-0.12716837
-0.074880624
-0.045277973
-0.24042537
-0.1821087
-0.1145271
-0.061404357
-0.030390176
-0.22647134
-0.16919727
-0.10245544
-0.049403415
-0.017553316
0.22923257
0.26929007
0.3414795
0.44262583
0.53577856
0.21594142
0.24893898
0.31138767
0.39550899
0.46826049
0.21751758
0.24325845
0.28884269
0.34789383
0.39949322
0.24022095
0.25873241
0.29069496
0.33172198
0.36688013
0.2682496
0.28319826
0.30843085
0.3391351
0.36436942
0.28676051
0.30077746
0.32254419
0.34764911
0.36834297
0.33622038
0.34690916
0.36213661
0.37832557
0.39075711
0.43900585
0.44603326
0.45318022
0.45713675
0.45814716
0.5895895
0.59369118
0.59323515
0.58482608
0.5742547
0.72900149
0.73056822
0.72419196
0.70732147
0.68863509
0.20082322
0.22105824
0.24562959
0.26635939
0.27980239
0.25046409
0.27214452
0.29777674
0.31837429
0.3304999
0.34945138
0.37493707
0.4034931
0.4240696
0.43455705
0.49008206
0.52114147
0.55462177
0.57649806
0.58604536
0.61791588
0.65378738
0.69173586
0.71615372
0.72599901
2.3910369
2.3751814
2.3208631
2.2177823
2.1125953
1.9135245
1.8982229
1.8488659
1.7624551
1.6786436
1.3807564
1.3674167
1.3281388
1.2623539
1.1985812
0.9979723
0.98732656
0.95723947
0.90655369
0.85790803
0.80334219
0.79284025
0.7660752
0.72369592
0.6837453
0.72001481
0.70965903
0.6843928
0.64547177
0.60886932
0.5827851
0.57309298
0.55105899
0.5175708
0.48666582
0.43474042
0.42449784
0.40454523
0.37708321
0.35273185
0.33366689
0.32205238
0.30261589
0.27883032
0.25896081
0.28487783
0.27205617
0.2527217
0.23034732
0.21224359
0.68435327
0.70286677
0.71935811
0.72519629
0.72315355
0.57178538
0.58225888
0.59045511
0.59063507
0.58632581
0.45815789
0.45709761
0.45309892
0.4459856
0.43905185
0.39323448
0.38074618
0.36458849
0.34957318
0.33916957
0.3726014
0.35179907
0.32671491
0.30522823
0.29158781
-0.86448657
-0.68442118
-0.48288081
-0.3362053
-0.25889029
-0.8167649
-0.64570395
-0.45373853
-0.31332263
-0.23887665
-0.72857655
-0.57453054
-0.40048996
-0.27179869
-0.20260138
-0.61415424
-0.48149915
-0.33121003
-0.21904576
-0.15757888
-0.52385981
-0.40781636
-0.27551421
-0.17552095
-0.12005313
-0.48948074
-0.38014281
-0.25432662
-0.15782681
-0.1036205
-0.39737455
-0.30523079
-0.19671015
-0.11023302
-0.059448611
-0.25098882
-0.18733103
-0.10912571
-0.041764433
0.0017365018
-0.09446742
-0.06112977
-0.016740082
0.027340139
0.060146701
0.012255811
0.02528884
0.047615118
0.076579275
0.1020649
0.0031369706
0.03396173
0.0810717
0.13411808
0.17616998
0.022966005
0.056041025
0.10769596
0.16840476
0.21805859
0.057230482
0.095646422
0.157958
0.2331962
0.29641443
0.10203097
0.1456403
0.22188099
0.31906988
0.40106401
0.14308231
0.19222226
0.27617732
0.38844014
0.4894191
0.15753387
0.21444838
0.31209123
0.4324786
0.53752464
0.21056651
0.26978369
0.38117563
0.53033109
0.6583128
0.32459737
0.40134782
0.53865132
0.72513393
0.89461316
0.43483266
0.55286766
0.76497351
1.0279851
1.2474775
0.47660468
0.61154853
0.88728185
1.2728111
1.5915793
-0.076862474
-0.032145706
0.027354311
0.086901189
0.13220357
-0.032499555
0.012246752
0.074388949
0.13737176
0.18438014
0.028594038
0.073075178
0.14378392
0.22517635
0.28887832
0.085437288
0.12519331
0.19789363
0.2961064
0.38312904
0.12642662
0.16152735
0.22990829
0.32782044
0.41913256
0.81214145
0.81296887
0.804217
0.78295425
0.76013939
1.0097614
1.0092384
0.99533521
0.96381997
0.93085808
1.3978825
1.3934329
1.3687131
1.320525
1.2713612
1.9375365
1.9303946
1.8949356
1.8258501
1.7565851
2.4210332
2.4131181
2.3725117
2.2871005
2.1971239
2.723399
2.708551
2.6526486
2.5571693
2.4622832
3.4119647
3.3961924
3.3298288
3.2082692
3.0905326
4.7301902
4.7135166
4.6409586
4.4930986
4.335513
6.713571
6.6790985
6.550915
6.3335114
6.1261655
8.6836409
8.6366484
8.4460781
8.1052821
7.7976871
2.4378632
2.5387574
2.641567
2.7037067
2.7225043
3.0716726
3.1940519
3.3212719
3.3924432
3.4112591
4.3241492
4.4845272
4.6357848
4.7112269
4.729724
6.1218162
6.3302246
6.5489127
6.678175
6.7133228
7.7980267
8.1055289
8.446197
8.6366414
8.6835439
0.26570946
0.25234083
0.23203067
0.20961493
0.19228984
0.23787555
0.22180779
0.19957794
0.17746016
0.16138943
0.21516996
0.19506201
0.16964249
0.14634608
0.13042254
0.21411092
0.18879691
0.15694299
0.12959683
0.112625
0.22579193
0.19334973
0.15536617
0.12594129
0.10878366
0.23024844
0.19644619
0.15857271
0.12880716
0.1106747
0.26034817
0.2226586
0.17722632
0.13918677
0.1160788
0.33510289
0.27729315
0.20705814
0.1517199
0.12106057
0.40154816
0.31675727
0.22284547
0.1561735
0.12184521
0.4192452
0.32758165
0.2289744
0.15969382
0.12391895
0.59418915
0.49575421
0.38526326
0.29875187
0.25078843
0.70125993
0.5784378
0.43709577
0.33460205
0.28258652
0.92036096
0.75402144
0.57231737
0.44049135
0.36820313
1.2581779
1.0398866
0.77863992
0.56849733
0.45204729
1.5925884
1.273741
0.88797527
0.61184016
0.47651177
0.052325209
0.057326569
0.070743001
0.09300829
0.11480242
0.15620921
0.13963339
0.12866453
0.13282442
0.14483875
0.30857155
0.26056737
0.21376629
0.19148216
0.18917401
0.45068197
0.3733615
0.29322095
0.24485598
0.22673956
0.53996999
0.44402084
0.34236973
0.27636865
0.24722713
0.572794
0.46879131
0.35769332
0.28408696
0.25055452
0.65786195
0.53478669
0.40180967
0.31263208
0.27156977
0.76647273
0.62091304
0.46289449
0.35587457
0.30563131
0.85455861
0.69177948
0.51523254
0.39523354
0.33843368
0.90466113
0.73248982
0.54586581
0.41944523
0.36014411
1.845657
1.4838661
1.078797
0.78733534
0.63593661
2.1186191
1.7049841
1.2424866
0.9074843
0.73135566
2.4845466
1.9983363
1.4543738
1.0601218
0.85297134
2.7953834
2.2464492
1.6301415
1.18402
0.95174848
2.9595736
2.3788789
1.72597
1.2530163
1.0077752
0.47946045
0.61405763
0.88936813
1.2745013
1.5929908
0.46410192
0.57798261
0.78529482
1.0445293
1.26179
0.39334214
0.46043966
0.5865492
0.76422966
0.92855423
0.32014457
0.36445444
0.45850955
0.59395334
0.71384345
0.29632094
0.33496737
0.41130789
0.51472208
0.60965118
8.6828159
8.6358446
8.4452561
8.104375
7.7966835
6.7143323
6.6791615
6.5499976
6.3315772
6.1234667
4.7332284
4.714775
4.6397688
4.4894451
4.3300513
3.4171745
3.3984668
3.3280603
3.2024217
3.0816902
2.7300206
2.7113711
2.6502126
2.5494175
2.4506104
0.41683721
0.32525028
0.22678747
0.15769541
0.12208105
0.39098823
0.30631192
0.21279216
0.14680818
0.11314818
0.31149644
0.25386744
0.18442388
0.13056841
0.10138016
0.22103349
0.18361319
0.13945583
0.10383601
0.083139373
0.17779598
0.14434637
0.10813951
0.081553909
0.066603501
