FiniteElementSpace
FiniteElementCollection: L2_2D_P4
VDim: 1
Ordering: 0

-0.04827088
-0.16011459
-0.15708147
-0.046443624
-0.30274666
0.1797567
0.66666623
0.480136
0.20943789
-0.090861869
-0.13153173
0.062979594
0.26294915
-0.14458684
0.24605379
-0.78282372
-0.99326527
-0.126728
-0.44607957
0.29690631
-0.4377884
-1.7590082
-0.12891627
-0.41202495
0.14009436
0.93763423
1.0055269
0.48453184
0.60152372
2.3212166
0.99495242
0.86094157
0.41090593
0.71372316
2.5013837
1.0099303
0.68772627
0.34300872
0.83255848
2.3698374
0.86166164
0.54065929
0.36496075
0.91496127
2.1531263
0.86920026
0.38591534
0.39756186
0.94252442
1.7013113
44.448949
38.103832
31.078391
25.518763
21.844396
44.618827
38.058505
30.242072
23.284602
19.033979
45.324533
37.141863
27.347747
20.374909
16.946039
46.514973
36.594526
28.210418
22.509112
18.979715
48.056589
41.516792
32.827404
24.897292
20.753459
0.35977026
0.80676145
0.11635132
0.30884913
-0.12604114
0.9187739
2.4569755
0.2975927
0.91042566
-0.22374409
-0.057955938
-0.23794851
0.063718923
0.088666564
0.014603108
-0.70147951
-1.615769
-0.098516579
-0.83159511
0.15490914
-0.18276492
-0.45171409
-0.045703003
-0.33591091
0.13723965
-0.22219005
0.089055664
0.099871539
-0.10458282
0.12689364
-0.24685536
0.074656413
-0.083591848
-0.34758417
-0.12162117
-0.47809693
-0.030396581
-0.27175214
-0.53221254
-0.33516186
-0.63881832
-0.23760549
-0.37041881
-0.55427774
-0.71403371
-0.65229357
-0.42946439
-0.36099412
-0.52935893
-0.99430283
26.681735
19.593313
20.824814
20.501451
20.098639
17.737285
19.853969
19.430504
20.389008
19.639953
1.0350112
16.720664
16.721436
16.799276
17.750032
-13.35917
1.5445905
12.238273
13.046816
12.981993
-17.163148
-10.738168
2.7793348
9.4286016
9.6988997
0.19834505
0.62446957
0.17809141
0.14782276
0.21000734
0.60488466
0.73170502
0.0029104062
0.13934278
0.022581016
0.33126466
0.021319186
-0.090077643
0.22484177
0.21067642
0.040715418
0.0029835037
-0.14346046
0.029623016
0.36241739
0.30486437
0.23455353
0.00054331611
0.030104168
0.22439781
-0.90872448
-0.94202403
-0.44145782
-0.69269498
-2.2644585
-0.90378784
-0.91247698
-0.40042949
-0.78825477
-2.4542908
-1.0816601
-0.80139777
-0.31442358
-0.9638372
-2.5857898
-1.2470008
-0.69949988
-0.22182764
-1.0712731
-2.7266933
-1.3016272
-0.69216833
-0.13140273
-0.91572422
-2.535752
-20.464721
-15.599048
-10.098534
-6.2060693
-3.9141894
-19.335224
-14.655247
-9.4004404
-5.2623419
-2.9149562
-18.460439
-14.047321
-9.2064241
-5.350826
-3.1185867
-18.726564
-14.331316
-9.0864893
-5.0644197
-2.8711146
-19.42632
-14.563164
-8.5498565
-4.5855169
-2.4803264
5.9877615
6.7874658
7.4105888
7.6067045
7.576046
5.8482672
6.7512097
7.723955
8.2098844
8.2882768
5.5027177
6.3272993
7.3175835
8.038624
8.3386143
4.7033837
5.5136402
6.4042506
7.0439469
7.354024
4.0523045
4.8224042
5.6703287
6.198838
6.4375855
0.58172436
0.29259656
-0.034066659
0.47315758
1.2192405
0.55014545
0.51580339
-0.10692292
0.72945157
1.9589084
0.7711949
0.22488224
0.038821019
1.0061514
1.7735084
0.66198168
0.23978848
-0.010774421
1.2986949
2.3831437
0.3822725
0.58229012
-0.19438843
1.1433899
2.978451
-0.58628215
0.026067579
0.59691006
0.37703526
-0.88385715
-0.32587328
0.37945761
0.82789183
0.62172657
-0.53566337
0.28011476
0.90698578
1.2474443
0.93818951
-0.2203774
1.1250775
1.4389099
1.7066333
1.283022
0.23595444
1.6927714
1.8565587
2.0557906
1.5543533
0.53452003
-14.607479
-12.107687
-8.9590745
-5.9229457
-4.0201172
-15.53233
-13.274424
-10.16712
-7.1371507
-5.1980581
-17.230137
-15.053722
-12.066647
-9.2997304
-7.4466816
-18.777729
-16.682313
-13.912058
-11.324139
-9.5319288
-19.986236
-18.045473
-15.190947
-12.203793
-10.202716
4.5952688
5.5157001
6.0101173
5.8656405
5.6802138
4.2602047
5.3566225
6.519556
6.8704313
6.7273663
2.7581593
4.088861
5.8081845
7.0557973
7.5443296
0.82164822
2.360761
4.439735
6.1933471
7.126129
-0.067979647
1.38217
3.5162537
5.4629252
6.5523298
0.38403167
0.36184859
0.11409726
1.1518618
2.8920659
0.61477632
0.4256237
0.13934564
0.68632384
2.03764
0.54268784
0.79422515
-0.25238708
-0.25917691
1.2621648
0.43940974
0.20828704
-0.19904318
0.86581204
2.4709287
0.49419669
-0.031859645
0.10144888
1.6126815
2.5396411
3.4581431
3.6212744
3.6725099
3.2907993
2.9418215
3.5537585
3.7263091
3.799986
3.369634
2.862458
3.4955727
3.6883399
3.8411549
3.5563666
2.8051172
3.4560518
3.5602216
3.5849476
3.6301505
2.9323637
3.3839644
3.5265862
3.3101111
3.5354813
3.0651504
-26.07135
-22.810282
-18.794454
-15.401695
-12.930987
-25.88521
-22.765041
-19.219408
-15.53582
-12.715171
-25.092054
-22.128124
-17.710562
-13.147995
-10.151854
-23.838412
-20.022205
-14.140123
-8.9842739
-5.8505754
-22.311332
-18.209892
-12.456173
-6.7982061
-3.1664934
0.082792483
1.8701104
4.282811
6.4041853
7.5363777
0.71931245
2.4502995
4.7453
6.7689956
8.0230956
2.8073518
4.4329395
6.5096029
8.1713212
9.1875801
6.6406821
7.9975546
9.8207991
11.197713
11.812298
9.8787929
11.099261
12.632233
13.888072
14.529739
-0.66415966
2.7571774
0.1773034
0.7462184
2.205747
0.72066482
1.3686188
0.35524166
0.75409438
0.94957567
0.44264461
0.5478861
0.37113271
0.76018764
0.97569424
0.41004334
0.36227349
0.38756817
1.1617008
1.0664932
0.47604389
0.33519764
0.37201152
1.2178594
0.9967316
2.5640552
2.5231273
2.4427975
2.1374203
2.5426288
2.7195265
2.5042028
2.3200508
1.9809699
1.9847521
3.0478733
2.6165488
2.3750346
2.1413214
1.6513286
3.0684783
2.5996731
2.6801636
2.6683899
2.3456218
2.8219767
2.4403063
2.6968267
2.9489481
2.9328676
-8.7269279
-7.8715851
-5.3787433
-3.7009893
-1.6520681
-8.8387335
-5.5498096
-4.3628385
-3.4306343
-2.1512906
-2.60804
0.9299327
2.6025228
0.7015519
0.52977801
5.4883792
9.4350243
4.7973409
4.8973833
2.2297897
9.8340646
8.5332201
6.4312177
9.323452
9.0771147
13.18876
15.018981
17.732752
20.519686
22.701367
12.802168
14.395562
16.898085
19.566711
21.54286
12.374975
13.878019
15.938754
18.281215
19.828302
11.968656
14.12653
15.6226
17.437581
18.54609
11.783403
14.772394
15.701588
17.103164
18.091118
1.0420232
-0.25004986
-0.13651412
1.0955939
1.5094097
1.0580834
-0.29886418
-0.095356024
1.172903
1.3560074
0.83021246
-0.24616045
-0.0064676593
1.0788022
1.2422777
0.87913291
-0.15246331
0.11289526
0.93562539
1.1404246
0.79770471
-0.1076025
0.10195886
0.85999877
1.0137406
-0.30073872
-0.25202977
0.0087630853
-0.035297549
-0.26282049
-0.074706828
0.071184977
0.15268369
-0.03270032
-0.34216805
-0.32004268
-0.02796513
0.063635133
-0.21737546
-0.18185669
-0.58157
-0.68429762
-0.027204984
-0.086192321
-0.079600005
-0.1704573
-0.96820891
-0.29088113
-0.14072504
-0.25911431
0.71466358
-0.14948716
0.098669771
0.83138678
0.84699192
0.70906478
-0.22956604
0.14136352
0.74009269
0.5036707
0.253394
-0.20158249
0.16172922
0.52446135
0.18397745
-0.13603484
-0.22497401
0.2473006
0.34177377
0.0026107672
0.12754096
-0.27713931
0.22200689
0.34674691
-0.13836725
0.39533158
-0.19744399
0.14950016
0.37120481
-0.28093584
0.41976775
-0.10921489
0.073632757
0.34489344
-0.33123894
0.026033046
-0.079462488
-0.011345348
0.19408083
0.058003845
-0.36708284
0.012169315
-0.064893148
0.017182534
0.38760208
-0.10818259
0.040219302
-0.11417817
0.015348057
0.27761387
0.0093017028
0.11874375
-0.005238291
0.14367759
0.0054006942
0.58762295
1.9830629
0.2334972
0.64050165
-0.036476544
0.040921802
-0.053622884
-0.058480294
-0.10371738
0.0026486055
-0.8743646
-1.8441735
-0.22128229
-0.7796314
0.09442095
-0.52291937
-1.8172421
0.028785886
-0.48757554
0.12787691
3.8688582
4.8796997
7.8710738
16.840466
36.490681
3.7236437
4.7991962
7.5981164
16.571715
37.041505
3.2271435
4.3572861
6.8425791
15.038676
36.306393
2.5154192
3.5026624
6.1234727
13.515362
35.365099
2.0828764
2.6419422
5.5790772
12.868398
35.160033
1.8996898
2.4367245
5.3919441
13.100602
37.661525
1.3432176
2.152996
5.0710878
13.541306
37.764581
0.98623748
1.7596813
4.6364247
12.205976
32.573667
0.73741586
1.3130434
3.8201867
9.8683912
28.980934
0.49940429
0.7439933
2.7614543
8.2756123
24.704123
0.94060456
0.25061305
0.41287643
0.9323851
1.5610651
0.81438237
0.096480399
0.43093468
0.88544353
1.2055686
0.37637437
0.027729236
0.43136016
0.69364412
0.70402651
-0.12771731
0.061151013
0.36741155
0.30912207
0.47350079
-0.2994305
0.096153788
0.22340532
0.02043188
0.21837572
49.609925
41.373139
31.313003
23.922722
19.71025
47.661526
36.989666
26.495412
19.382413
16.409265
45.702878
33.965989
22.026332
17.513466
17.451761
41.331889
24.628429
18.156381
19.422645
19.371579
30.765833
18.454346
20.760123
20.906098
19.333135
0.25780824
0.030273038
-0.15136735
0.075055786
0.043140412
0.36638276
0.046319074
-0.12727095
0.012457408
-0.12876236
0.016689573
0.063655423
-0.024410588
-0.2615378
-0.049172762
-0.3078791
0.054921198
0.0019220472
-0.46121354
-0.075763889
-0.24395493
0.10170487
-0.040390622
-0.50515987
-0.33122936
0.014923449
0.15315238
-0.10386895
-0.46731361
-0.55734046
0.22253458
0.092391543
-0.15487149
-0.42562373
-0.77080138
-0.27361385
0.18884926
-0.13473212
-0.60028398
-0.6057501
-0.86445221
0.39871282
-0.18169594
-0.80917948
-0.37969699
-0.80608181
0.28733589
-0.16334791
-0.84311836
-0.57554814
0.50295733
1.0153592
0.068717566
0.45364024
-0.19674108
0.94907331
1.3442957
0.10650377
0.69237586
-0.46565329
0.14012451
-0.16096011
-0.36515574
0.1469535
-0.18479704
-0.20557548
-0.53992226
-0.41805627
-0.24362166
-0.0045735555
0.053896157
0.10222067
0.1290298
0.072994107
0.15034487
0.37836138
0.56702337
2.2151863
7.6803654
21.607405
0.050427589
0.085356612
1.1307988
6.0904671
14.119885
-0.2693072
-0.5628642
-0.21433393
3.3324054
2.5640368
-0.66956288
-1.1578761
-1.0067543
0.99064593
-6.2135702
-1.1440999
-1.5307697
-1.5269985
-0.13098538
-8.4050985
-1.3035106
-1.6842384
-1.7703385
-0.66945082
-8.5872885
-1.710036
-2.3906413
-2.3076189
-1.7439921
-11.343733
-2.4075348
-3.1346879
-2.9062347
-3.3008774
-14.311875
-3.0504554
-3.6043102
-3.2315039
-4.2570252
-15.396967
-3.3452349
-3.802623
-3.5454748
-4.519432
-14.724681
-0.58337759
-0.55721022
-0.33661304
-0.52790437
-1.1420309
-0.69966422
-0.74485493
-0.31419386
-0.5578471
-1.7257444
-1.1248569
-0.88854169
-0.31899394
-0.63872521
-2.2058335
-1.2166648
-0.94859601
-0.37003042
-0.71302233
-2.4868483
-1.0225734
-0.94387317
-0.42571009
-0.68038552
-2.3583383
20.604845
20.196378
19.792562
19.315876
18.857719
20.001757
19.899032
19.760889
19.443697
19.01756
17.357708
17.817227
18.119753
18.214926
18.135075
13.614039
13.999933
14.731134
15.359379
15.662297
9.9677622
10.740134
11.605779
12.486712
13.020668
8.0062807
8.7287471
9.869226
10.706075
11.265304
5.96647
6.3082641
6.919398
7.7433338
8.3029976
1.13416
3.2437399
4.8294005
5.6456749
6.068594
-2.0062022
0.10189364
2.8753183
4.755149
5.5308251
-2.5989136
-0.59914608
1.986079
4.3150828
5.5267113
-17.208058
-12.323401
-2.7255628
6.6993132
8.8785467
-18.788086
-10.926643
-4.8039611
1.2620151
5.0971599
-21.146329
-14.445198
-7.3145714
-2.8030422
-0.2646783
-21.613079
-16.937959
-10.982858
-5.8875094
-3.0930118
-21.099305
-16.395339
-11.49887
-7.1010602
-4.0282543
-0.7280545
0.17883078
-0.14426165
-0.82881793
-0.77614951
-0.76378117
0.1705229
-0.16387497
-0.84459926
-0.92682488
-0.84111211
0.16255864
-0.010978861
-0.98421361
-1.1217947
-1.12993
0.21990505
0.21196413
-1.1524278
-1.3307528
-1.0533547
0.24602594
0.32703264
-1.1325907
-1.5652446
-1.0495275
0.24402182
0.40919033
-1.07563
-1.636767
-1.2657639
0.35262789
0.53997063
-1.0019893
-1.5722489
-1.1879525
0.46663123
0.71727836
-0.85508409
-1.4559991
-1.0382573
0.31303675
1.0947026
-0.66492958
-1.3739117
-0.94222735
0.056367525
1.3557714
-0.4497913
-1.3738739
0.35360104
0.31620374
0.065487764
0.24091291
0.37133034
0.54639148
0.3906327
-0.011850194
0.27498558
0.36609289
0.54334048
0.19643825
-0.07363374
0.28323369
0.32992127
0.33006647
0.197388
-0.023762592
0.38951405
0.83110021
0.57269838
0.12936513
0.073344464
0.3897251
0.8063193
-3.412928
-3.9570077
-3.7007083
-4.5911275
-14.433355
-3.5145451
-4.2363644
-3.6055143
-4.3974778
-13.860187
-3.5784371
-4.3686336
-3.3346737
-4.2766942
-13.443077
-3.7260368
-4.7977793
-3.4682983
-4.485905
-14.153068
-3.5765435
-5.0750572
-3.7948616
-4.2929229
-14.273409
-3.5717445
-5.0527576
-3.8805082
-4.4110497
-13.913028
-3.6893659
-5.2184057
-4.0178673
-5.0365034
-14.069978
-3.549425
-5.5723627
-4.2757329
-5.2372564
-13.553909
-3.2735609
-5.8936509
-4.9106659
-5.0779372
-12.531795
-2.7654422
-5.7109465
-5.6739885
-5.1797335
-11.72677
-1.3901711
-0.72512681
-0.059122843
-0.79067978
-2.3340927
-1.5460462
-0.70640775
0.054387011
-0.62762585
-1.9984653
-1.475787
-0.53749781
0.21180827
-0.38962573
-1.6280554
-1.0908471
-0.33433685
0.39188104
-0.062262525
-1.3826859
-0.73299485
-0.13512451
0.51450149
0.2286224
-1.115159
-2.6877061
-0.32472767
2.1470133
4.1680311
5.4335073
-1.8864844
-0.012858159
2.374003
4.2631825
5.3402341
-2.1141276
-0.2476973
2.0564156
3.9416947
5.015962
-1.9784758
-0.4771364
1.5219091
3.2781455
4.2625848
-1.4411124
-0.11598533
1.4571957
2.9072752
3.7075681
-1.4228079
-0.025931564
1.4451354
2.8267787
3.5932833
-1.4068201
0.070073724
1.638938
2.7665424
3.3124644
-1.818009
-0.076978185
1.9555046
3.2021349
3.6084669
-2.1693665
-0.48321468
1.7624308
3.5004022
4.2917243
-2.664754
-1.0031841
1.2263147
3.2032621
4.3460328
-18.972112
-13.792413
-8.274331
-4.2306174
-2.223507
-18.156932
-13.508633
-8.6105349
-4.7323216
-2.3831756
-16.82167
-12.934333
-8.5994553
-5.0054264
-2.8084153
-15.258063
-11.963781
-8.3115908
-4.9812267
-3.0028478
-14.680668
-11.741017
-8.4047771
-5.459226
-3.5619004
7.5225298
7.3945799
7.1335971
6.6846479
6.2811659
8.2681978
8.1293069
7.7815746
7.3081419
6.9023269
8.4252456
8.5023954
8.337866
7.9089804
7.4928072
7.4722836
7.643176
7.7102847
7.5357702
7.2574741
6.5554976
6.7111647
6.7807761
6.6966644
6.5247208
3.9165
4.5546118
5.282979
5.7849736
5.9961869
3.5561668
4.2007386
4.9089468
5.2466786
5.3246201
3.6967623
3.9785724
4.5479155
4.8975162
4.8727737
4.5370683
4.6887714
4.7611141
4.9496925
4.9688178
4.8337406
5.3900368
5.4646245
5.38278
5.356979
-0.83013201
-0.079137299
1.4002221
-0.18513115
-1.4044865
-0.7092264
0.15973758
1.5038053
0.13255159
-0.98304534
-0.4718772
0.79534396
1.7482673
0.25687572
0.02879635
0.12735649
0.99977731
1.9791226
0.54025095
0.80334269
0.44123905
0.95335458
1.9897119
0.94697072
1.1774999
0.44598449
1.1007681
2.0035055
1.0590774
1.5351915
0.95285981
1.371917
2.1270221
1.2192202
1.9297815
1.6677085
1.5411861
2.1783377
1.6326427
2.1836649
1.7988795
1.8755485
2.1569432
2.0205657
2.7430167
2.0245301
2.1737659
2.0665237
2.2352504
3.2439813
0.75474199
0.37791801
-0.04202411
0.9409397
2.4814557
0.76187496
0.44419038
0.037813165
1.0538433
2.9077326
0.4037665
0.62605155
-0.060975377
1.2485445
4.0470098
0.69079981
0.21766309
0.11469348
1.2119696
3.1346619
0.59044641
0.38070602
0.078700092
0.93557933
2.5269309
-2.3961698
-5.5072561
-6.0644777
-5.4118393
-11.488687
-1.9488781
-5.3735404
-6.8526181
-6.1265903
-11.914106
-1.5086199
-5.1982443
-7.9580595
-7.9650041
-13.361234
-0.75834885
-4.7602208
-8.8110089
-10.402887
-15.433484
-0.25793
-4.1813889
-9.0716405
-12.151064
-16.988563
-0.031540157
-3.8625982
-9.0730298
-12.871883
-17.767495
0.42283444
-3.4162215
-9.1186147
-14.260811
-19.443482
0.99436786
-2.8794443
-8.8691939
-15.705243
-21.574266
1.7428243
-2.1916801
-8.2373127
-15.997139
-22.964702
2.2192904
-1.4438695
-7.5510411
-15.822734
-23.506657
1.9104429
2.0953582
2.2791324
1.7372201
0.75132936
2.3850412
2.4974757
2.699213
2.202901
1.281112
2.8794479
2.9911441
3.17196
2.8261749
2.0222169
3.1045378
3.3605039
3.4874494
3.1538927
2.6415896
3.2817627
3.5353375
3.6272269
3.259897
2.9142804
-3.1273052
-1.3923973
0.86426649
2.8277761
4.0274866
-4.2765121
-2.4930207
0.023287474
2.3179098
3.659418
-6.516334
-4.6960754
-2.0303854
0.51984245
2.0489924
-8.6104765
-6.8218082
-4.1986909
-1.6154314
0.032783094
-9.2351073
-7.3919057
-4.8429136
-2.4131519
-0.82944699
-9.3358613
-7.3540779
-4.6210822
-2.1683195
-0.66242291
-9.8255624
-7.6979778
-4.7574694
-2.0898592
-0.50107984
-10.461005
-8.3116241
-5.3111109
-2.404638
-0.53090201
-11.149331
-9.001947
-5.9639222
-2.9965094
-0.97999506
-11.405956
-9.0259371
-5.8449684
-2.9554415
-1.0547018
-20.715976
-18.769234
-15.767409
-12.582498
-10.383532
-22.16574
-19.950318
-16.62397
-13.255451
-10.957981
-23.982023
-21.252096
-17.434648
-13.914963
-11.617183
-25.198531
-22.269359
-18.300614
-14.622941
-12.277679
-25.809097
-22.807981
-18.704584
-15.008113
-12.612378
0.050196029
1.3108607
3.1556863
5.0411201
6.2059546
0.21324964
1.494373
3.0068149
4.3833975
5.3818592
0.33353754
1.8528035
3.5710397
4.6877001
5.2572495
0.021110166
1.8543118
4.134953
5.712784
6.2900963
-0.087782449
1.7377696
4.1957713
6.2526819
7.1892099
2.1677748
2.1911426
1.9710969
2.3328496
3.4189458
2.320611
2.4643065
1.9149918
2.3762246
3.5995813
2.8567588
2.8653272
1.8965837
2.4710207
3.4778209
3.1766481
2.5746931
1.839045
2.7428079
3.1657367
2.9951207
2.3591274
1.8190853
2.8649008
3.0437455
2.8968956
2.5182914
1.9118201
2.7716784
3.107749
2.5777802
2.5468408
1.9973457
2.6758855
2.8836651
1.5601353
2.0821465
2.1426475
2.7018054
2.4328227
0.7982036
1.9095442
2.5062076
2.7830206
2.5220419
1.3048784
2.1375771
2.5918668
2.8325593
2.9343978
0.56867851
0.59028906
0.091093686
0.77442542
1.5505735
0.36750371
0.40877844
-0.21241861
0.98857804
1.9869466
0.58260428
-0.67191728
0.027082848
2.3532472
1.4446444
1.0107043
0.20362414
0.918572
2.0925175
-0.79962696
0.70465899
2.3290639
0.82330295
0.6665879
0.82914314
2.4176155
-1.0580282
-7.0948707
-15.544563
-23.773414
2.6068908
-0.47492719
-6.3113288
-14.599264
-23.586188
2.6436479
0.19894587
-5.3639015
-13.527147
-22.762666
2.8159448
0.78163654
-4.4204402
-12.644935
-21.498743
3.0551318
1.4429651
-3.5373965
-12.292787
-20.668565
3.1778966
1.8024767
-3.1468938
-11.728226
-19.921351
3.4064813
2.2499484
-2.2283721
-10.921378
-18.770387
3.5329611
2.8114067
-0.67305978
-8.8154696
-17.556558
3.3545053
3.0507888
0.42471165
-4.6743888
-12.389704
2.8090501
3.0262162
0.80380659
-4.1081906
-8.0401695
3.2347565
3.5113155
3.2107281
3.4700864
3.2800531
3.0356715
3.2915918
3.0292427
3.1926037
3.4635362
2.8274784
2.9702798
2.8024824
2.7926396
3.0685919
2.6542078
2.7342725
2.6349816
2.5858975
2.7434495
2.5798907
2.5952075
2.523595
2.2972096
2.7210901
-11.572507
-8.989804
-5.5978648
-2.7015014
-0.86416654
-11.335306
-8.7677264
-5.2682766
-2.1262042
-0.19820975
-8.7204115
-6.1438682
-2.8530294
0.038945493
1.9054509
-4.3744131
-1.6814726
1.6921469
4.3736778
5.9025774
-1.6159597
1.1808254
4.5950671
7.530304
9.1787197
-0.4934836
2.3769256
5.7225398
8.6464384
10.501278
0.68114195
3.7006969
7.3825025
10.436989
12.35693
2.6365714
5.0645883
8.3657737
11.467869
13.446493
2.9213552
5.3193531
8.4150011
11.213492
13.121978
1.2005995
4.3582406
8.1071898
10.75468
12.538156
-21.679294
-18.152095
-12.004176
-5.9616637
-2.3217499
-20.808506
-16.453791
-10.138125
-4.481617
-0.9845844
-18.435657
-14.045192
-7.9423231
-2.1773742
1.2168199
-14.790766
-11.372952
-6.1964146
-1.2078796
1.7027293
-10.391594
-7.8112876
-5.006844
-2.2033542
-0.049911655
11.332342
12.71949
14.247758
15.30423
15.941731
13.301037
14.962812
16.997006
18.312554
18.874876
14.43249
16.316438
19.014
21.357279
22.422499
14.082691
15.989952
18.843711
21.920677
23.885535
13.459378
15.353451
18.08388
20.988644
23.285809
1.3988381
2.2940537
2.5379935
2.8603691
3.0255801
1.5151491
2.1826894
2.6009126
2.9811599
2.970201
1.7370937
2.0120941
2.5980421
3.259746
3.0603703
1.5253562
1.993176
2.7418484
3.3671217
3.3467453
1.3473633
2.120331
2.8486197
3.2387368
3.2447609
1.2862239
2.1408573
2.8854096
2.8426044
2.4342361
1.4555584
1.8015753
2.6253127
2.9353795
3.1707556
1.460652
1.1878925
1.3902938
1.9795257
2.2844649
1.0238344
1.1458388
1.0135296
0.87316418
0.064683468
0.77835656
1.2534673
1.7205688
1.4422171
1.0048469
0.27982391
0.59165126
0.24229404
0.51049013
1.0466236
0.34539362
0.98011389
0.4295229
0.42866335
1.6163747
0.28128986
0.43391068
0.49740493
0.61614914
1.3790193
0.35193282
0.17849959
0.031659584
0.2402285
0.60571255
0.44042653
0.61807848
0.41674373
0.30699874
0.56854433
2.8373501
2.872386
1.1327598
-3.667436
-8.0017756
2.532098
2.5711388
1.5225838
-0.83176028
-8.1399534
2.0931006
1.7973456
1.5579104
1.1602087
-0.24306019
2.3862406
1.8600453
1.5681494
1.6105423
1.8319031
2.7362639
3.2408204
1.8585752
1.9206397
7.8743365
1.2658379
2.4288145
3.4223318
-0.63597877
11.761403
2.9510146
1.5543929
1.9600979
6.2619812
5.9965129
1.7736912
1.2888422
1.383214
-0.9167975
12.793952
2.0429793
0.82981526
-5.8285223
0.83877922
5.4360265
1.9078107
0.031342981
-2.2957878
0.7943676
-0.97559466
1.7559044
1.4825821
2.2337336
1.9657311
1.8223705
3.466326
3.4323463
3.4736653
4.0217221
2.7232134
1.8503041
3.2968996
4.9822102
2.5844921
1.8820389
0.35295793
-0.2869582
-2.4930283
0.49382538
1.3842116
0.52996789
-1.0913428
-3.1518152
-0.2788662
1.3223973
-0.2457276
2.8798804
7.6848729
10.763332
12.162207
-1.5030145
0.85270358
5.5037413
10.0739
11.989809
1.3276222
1.875842
3.7205052
7.4856041
11.573564
3.1846382
4.3195486
6.3179138
5.9179466
9.6290435
8.9365944
7.4775113
9.3433864
6.8299902
8.2175701
13.937112
13.229691
12.754898
8.4707493
6.655067
-2.1948156
3.5205857
9.6345598
7.4776577
9.0377615
6.0049042
21.173554
21.95145
13.70546
18.330399
6.1035911
5.3540233
7.8163093
14.022785
15.005627
0.27136284
-3.0732191
-3.3452827
3.225875
5.5141699
12.458898
10.694122
11.699409
15.371484
15.659834
8.6245818
8.5823006
8.1782809
8.4393827
4.1882967
15.304869
8.7159364
10.25615
9.427431
8.8931943
14.143329
13.145207
11.746535
6.6072024
4.1820667
5.3111331
2.5158979
0.72582617
2.9968052
2.6345797
10.409566
15.078378
15.178154
16.387652
18.048858
10.627507
15.64138
16.854025
17.401013
17.560393
17.774661
17.318486
15.947171
16.843484
17.530331
14.638494
16.74954
17.294515
16.501354
16.221639
4.9520982
7.2768218
9.1648916
13.283411
14.193372
