FiniteElementSpace
FiniteElementCollection: L2_2D_P4
VDim: 1
Ordering: 0

-0.06198856
-0.20527527
-0.16646196
-0.044985546
-0.358215
0.23660422
0.71875392
0.54002635
0.21514658
-0.13547216
-0.19659945
0.060527572
0.28571232
-0.15143041
0.35566234
-0.96361956
-1.1834519
-0.1342542
-0.4915225
0.35852715
-0.53172192
-1.9874903
-0.14093241
-0.45384101
0.10110537
1.2071438
1.3741515
0.47061425
0.51081415
2.4842026
1.08358
1.0970945
0.40474124
0.58939961
2.5867701
0.95465813
0.6857516
0.31821151
0.67832819
2.2806866
0.82930886
0.37746604
0.29091422
0.79164681
2.0005829
0.88438176
0.24693884
0.31833384
0.8530485
1.5234869
46.965094
40.248843
32.76829
26.597132
22.472102
47.419049
40.409383
31.8907
24.337748
19.798542
47.48274
38.53197
27.946492
20.416619
16.603487
47.529886
36.805714
27.240577
20.250924
15.765078
49.399707
41.379539
30.631589
20.817956
15.220862
0.43706762
0.90661722
0.13502193
0.32895319
-0.18556124
1.1222332
2.8152682
0.34068097
1.0065654
-0.25713357
-0.070832685
-0.24460754
0.065692157
0.13158216
0.12776688
-0.85929745
-1.8460206
-0.12064223
-0.90257587
0.26116786
-0.20461761
-0.49990281
-0.052748038
-0.37541497
0.18369192
0.13043029
0.15757048
0.04295767
-0.088937556
0.073053936
0.10088539
0.041389898
-0.1385007
-0.1981031
-0.1752666
-0.39252248
-0.21127115
-0.29138032
-0.25806521
-0.40512154
-0.93039508
-0.45521419
-0.30671193
-0.26686414
-0.846148
-1.1321289
-0.64152837
-0.25000855
-0.30247485
-1.1198484
21.15017
17.898326
19.415928
19.447288
20.013269
6.2404375
18.238866
15.674426
17.965998
18.832289
-15.41843
4.6988069
11.930475
11.612602
12.978403
-25.585575
-12.316368
2.4522891
7.4935989
7.5587951
-28.525918
-20.502396
-7.8047861
2.2490402
5.3207325
0.24550195
0.73727322
0.19813913
0.14831277
0.22465444
0.7392911
0.8495197
0.013409686
0.13378908
-0.026820602
0.44054014
0.020732046
-0.098632566
0.27205288
0.19335253
0.071426628
-0.0038259108
-0.15798263
0.10052152
0.46884357
0.36623665
0.2769739
-0.0042296667
0.076813891
0.36425328
-1.0149949
-1.0915422
-0.39233383
-0.67604676
-2.2991056
-1.1852581
-1.0630914
-0.39574019
-0.87485097
-2.4341105
-1.4767785
-1.0223547
-0.46597994
-1.1212849
-2.4575316
-1.6215738
-1.1113831
-0.54563439
-1.124995
-2.5317226
-1.7004554
-1.2374219
-0.5617319
-0.90140591
-2.3116672
-30.706662
-23.690042
-15.49152
-9.5564361
-6.2743412
-28.865085
-22.491088
-14.830783
-8.5419723
-4.801181
-27.8883
-21.879242
-15.01709
-9.3378586
-5.8254881
-27.134005
-21.103479
-14.188895
-8.7429738
-5.5592209
-25.414211
-19.8709
-12.866853
-7.3954852
-4.1943157
8.4117445
9.7149781
10.861428
11.392469
11.529199
8.6880241
10.081397
11.655258
12.580332
12.883911
8.2248504
9.7414883
11.621974
13.066939
13.761067
7.428703
8.922897
10.813596
12.403276
13.294736
7.1465261
8.5203591
10.220547
11.600406
12.429906
0.69973978
0.33317422
-0.0066227443
0.6577097
1.4940854
0.65204896
0.60037336
-0.096160612
0.95422258
2.3326838
0.9067289
0.26425657
0.070676615
1.2646408
2.1265721
0.78710064
0.26368572
0.03516554
1.5929107
2.7870343
0.4694106
0.64011405
-0.15306885
1.3922833
3.3085084
-1.770806
-1.1062932
0.14960541
0.34006553
-1.2374395
-1.4069583
-0.79085603
0.33909121
0.57983541
-0.84884289
-0.70163852
-0.041358635
0.75754518
0.80151599
-0.37464338
0.17344485
0.74717691
1.3550316
1.1821094
0.20248042
0.68584825
1.2517392
1.8568565
1.5701711
0.65532067
-20.232927
-17.270175
-12.929789
-8.6792046
-5.8724768
-21.877233
-19.069214
-15.129206
-11.34355
-8.8289205
-24.326369
-21.69519
-18.177639
-14.756415
-12.357976
-27.214301
-24.83969
-21.29834
-17.445457
-14.780369
-29.908656
-27.523272
-23.480949
-19.145857
-16.295632
7.3250314
9.2275817
12.044562
14.192607
14.924592
5.7994795
7.7798705
10.578933
13.121528
14.534593
2.782165
5.1784913
8.2014383
10.755928
12.44407
0.17996264
2.5829724
5.790006
8.5812982
10.245289
-0.88996673
1.2385832
4.2178629
7.1398094
9.005282
0.46398047
0.42031991
0.20840903
1.4295377
3.2955783
0.70666886
0.51471291
0.21123303
0.91435131
2.4816468
0.6268495
0.90807278
-0.23565286
-0.024305237
1.8213629
0.54290492
0.22503327
-0.13031393
1.2780416
3.0019395
0.61359422
-0.036053003
0.25005709
2.1847379
3.0544105
3.6825088
3.7219812
3.9547394
3.542916
2.9509165
3.7845239
3.9701246
4.2207325
3.8279502
3.0109619
3.8459693
4.1184083
4.3175655
4.2108381
3.2742574
3.9571424
4.1914452
4.0554055
4.228925
3.5655169
3.9937467
4.25537
3.8111806
4.041063
3.7197495
-33.674847
-30.094138
-25.608593
-21.531039
-18.809473
-32.615047
-28.8855
-24.412119
-20.196289
-17.292772
-30.3378
-26.458252
-21.527458
-17.088412
-14.21171
-27.630108
-23.523054
-17.950313
-13.157905
-10.265324
-25.776023
-21.703117
-16.225507
-10.893148
-7.5549647
-6.9518868
-5.2736654
-1.8852551
2.5451832
5.7059459
-5.4890856
-4.1561121
-1.8637331
1.5313088
4.5928372
-2.4620254
-1.2174629
0.31308803
2.0191461
3.9121038
1.6111315
2.7138078
4.145981
5.2476382
5.9646821
5.0515675
6.1336603
7.3458574
8.2786539
8.8323931
-0.53516546
2.9790464
0.38972273
1.2124488
3.019027
0.89333387
1.6336119
0.56586236
1.2160313
1.7234878
0.57445639
0.79289297
0.53840991
0.9748867
1.4499325
0.5271952
0.53661486
0.49930575
1.4856445
1.7389755
0.60065588
0.47096948
0.47889447
1.5581543
1.6997946
3.8485582
3.6052713
3.5249535
3.1253672
3.6155576
4.1654666
3.7369661
3.4550703
3.0242986
2.9943701
4.6408329
4.0628372
3.6809719
3.3307801
2.6403046
4.6511931
4.0982533
4.1808597
4.0798907
3.630732
4.2166103
3.8629529
4.229544
4.4247197
4.3629557
-11.121325
-9.7457379
-6.4870397
-3.9828846
-1.1176404
-10.199775
-6.314883
-5.0014937
-3.5276029
-1.6257887
-2.1559915
1.7340891
3.3988933
1.1997579
1.3519971
7.2706415
12.51035
6.7695058
8.0511331
4.8371066
13.662342
12.560977
9.760193
13.866305
11.549133
18.353753
21.191007
25.327125
29.34092
31.781
17.93578
20.579188
24.564466
28.820331
31.853289
17.517623
19.817098
23.374716
27.272605
30.228674
17.41938
19.595344
22.638125
25.920095
28.149397
18.201987
20.335336
22.386871
25.408542
27.176053
1.0109068
-0.097855803
0.37023251
1.7976489
2.3984587
1.0884431
-0.21178979
0.35288824
1.7653017
2.0934584
0.98965157
-0.24761502
0.39073225
1.4767866
1.6529446
1.1562021
-0.17998982
0.43385211
1.1780608
1.3381257
1.0458225
-0.07530426
0.38392533
1.0441939
1.2625107
-0.35831648
-0.30308675
0.018193365
-0.085097307
-0.41651616
-0.11140251
0.085319152
0.17040142
-0.10724812
-0.46620428
-0.42726654
-0.030529284
0.074385764
-0.2697223
-0.20725899
-0.71006553
-0.80787901
-0.040964569
-0.075689546
-0.055042531
-0.23766575
-1.094621
-0.33580075
-0.1278003
-0.24947613
0.89195281
-0.056370305
0.37496371
0.99849804
1.1693297
0.87613666
-0.11691243
0.42932865
0.95625097
0.82433278
0.41441839
-0.13846467
0.48015239
0.83976361
0.48948626
-0.079508972
-0.18388638
0.54647987
0.64980494
0.31944184
0.14718064
-0.2506184
0.49586157
0.58486336
0.11489776
0.42704083
-0.17221636
0.41317709
0.57416241
-0.080284237
0.4701228
-0.043553477
0.29228216
0.49121785
-0.19855497
0.12403983
0.014860935
0.11298928
0.24544703
0.069731254
-0.27991819
0.076594232
-0.049071161
-0.050392632
0.30775818
-0.05666702
0.035928725
-0.1530418
-0.12891558
0.11182156
0.015566066
0.12155882
-0.015926011
0.17367726
-0.024345246
0.73330056
2.2412819
0.26458351
0.69327395
-0.10885862
0.038551721
-0.063055918
-0.056938878
-0.14552569
-0.069839629
-1.0670778
-2.137354
-0.24642175
-0.86595768
0.10618921
-0.61786905
-2.0283212
0.022314268
-0.52564416
0.13506911
4.2530118
5.3101906
7.9354037
16.963533
38.134725
4.1741523
5.1676106
7.6313655
16.702426
38.816076
3.6288858
4.7008061
7.0713273
15.190433
37.514321
2.8021635
4.0280313
6.5029069
13.220829
35.715667
2.1579299
3.3411087
5.9566336
11.99063
35.130456
1.8796668
3.1644079
5.7357025
11.885472
37.062568
1.348928
2.9577923
5.059527
11.763228
36.994824
1.1394804
2.4725814
3.9385961
10.070639
31.830369
0.96241261
1.5328464
2.7559962
7.535499
26.415757
0.52930872
0.6699452
1.6899229
5.5794193
18.883883
0.94268617
0.17759613
0.37332121
0.82624147
1.3660013
0.79688729
0.16055545
0.4844065
0.75759248
1.0505531
0.40320769
0.21200382
0.5105202
0.55084012
0.60498652
0.010056941
0.21980618
0.35649958
0.19767512
0.39176627
-0.029081267
0.19258046
0.15660911
-0.013544719
0.13556854
50.316145
40.667992
28.498879
18.764663
14.086137
48.580784
35.61855
21.923741
15.100443
14.145802
48.010385
30.571478
18.271002
17.516049
18.446429
38.888221
19.956775
18.410139
19.888139
19.105098
22.412913
17.69727
19.837354
19.759425
19.921685
0.2796871
-0.0047192971
-0.20440118
-0.095592818
-0.18669047
0.33326735
-0.014803618
-0.19832097
-0.18336848
-0.41686663
-0.075191731
-0.020155111
-0.1006321
-0.41881933
-0.33834647
-0.40062126
-0.045141819
-0.065387963
-0.53066852
-0.32554377
-0.31800902
0.0056881041
-0.11733018
-0.52571637
-0.55613055
-0.056981091
0.054542524
-0.19075121
-0.47953504
-0.74461778
0.10907227
0.02094752
-0.27111055
-0.47816787
-0.88711032
-0.43168573
0.13899856
-0.32663953
-0.77025457
-0.71484511
-1.0237495
0.28633592
-0.47114302
-1.0905173
-0.60145685
-0.9817059
0.16569847
-0.52441598
-1.2063894
-0.87572293
0.59574643
1.1758138
0.062653233
0.50775086
-0.16857797
1.1619818
1.5589755
0.11699487
0.75881208
-0.57794526
0.20676939
-0.16198012
-0.39809184
0.15396668
-0.31286036
-0.25880686
-0.57336245
-0.47735229
-0.25270988
0.072239679
0.064273148
0.15525717
0.12526532
0.080488602
0.25136143
0.18822838
0.4501399
1.1630749
4.6428878
13.641707
-0.3139657
-0.23547752
0.26193244
2.9079275
3.4078562
-0.68753356
-1.0541428
-0.84960527
-0.072207774
-7.9681017
-1.043328
-1.7826219
-2.270981
-2.8341971
-16.272752
-1.5542848
-2.2103574
-3.2798699
-4.3173595
-17.837205
-1.7656277
-2.3914135
-3.5012335
-4.9405734
-17.547929
-2.2400757
-2.9557932
-3.8248729
-6.5711484
-20.62974
-2.987076
-3.4719392
-4.3988812
-9.2402408
-24.818958
-3.6000138
-4.0645223
-5.109837
-10.786196
-26.338973
-3.8082126
-4.3683764
-5.2603002
-10.690996
-25.45845
-1.1259952
-0.7905388
-0.22901055
-0.36182386
-1.2452386
-1.183602
-0.96026114
-0.26344343
-0.42236169
-1.8335756
-1.2523921
-1.0391726
-0.3346786
-0.50966719
-2.2800999
-1.1309175
-1.0614411
-0.37258344
-0.60895727
-2.5609883
-1.021244
-1.0763515
-0.38802726
-0.63182087
-2.3870408
20.584459
21.086252
22.134271
22.949743
23.539709
18.145869
19.762555
21.217835
22.423818
22.985858
13.502003
14.783574
16.827377
18.415973
19.384587
8.1401639
9.3149886
10.827959
12.101185
13.152016
5.3915419
6.385489
7.6227808
8.6055524
9.3666762
4.8951584
5.3093619
6.7974157
7.9967049
8.5255083
2.2247657
4.2822448
5.5266369
6.5155826
7.194611
-1.6597721
1.2975205
4.2548435
5.8166789
6.4691896
-4.4973157
-1.3991682
2.5081942
5.5077766
6.9017556
-5.3241996
-1.7249113
2.2238189
5.4708795
7.366554
-29.214424
-20.51065
-11.271101
-1.2792332
4.173476
-29.878377
-19.140631
-10.352614
-4.1656295
0.11221652
-32.271877
-23.889804
-13.811974
-6.7327805
-3.2112009
-32.7805
-26.279429
-18.311171
-10.995559
-6.4382961
-31.898588
-24.884125
-17.51668
-11.59051
-7.4876652
-1.0037017
0.11211038
-0.52632227
-1.2724384
-1.0895488
-1.1357747
0.21708335
-0.58360755
-1.4243294
-1.2721829
-1.0671434
0.27736865
-0.48342714
-1.6557539
-1.5624213
-1.1796321
0.26091457
-0.29463043
-1.839303
-1.9192558
-1.0262649
0.18891521
-0.22284349
-1.7901381
-2.2329449
-1.0239399
0.15189447
-0.18203179
-1.7285531
-2.3164839
-1.2380234
0.14578161
-0.079795379
-1.7204804
-2.4089997
-1.1644934
0.15091682
0.059984417
-1.6917232
-2.5535569
-1.0722287
0.10452805
0.3809574
-1.6703229
-2.501852
-0.97694989
0.048456536
0.60943841
-1.6064285
-2.4177034
0.43428899
0.38114584
0.054322162
0.29661977
0.5512903
0.66399055
0.4694927
-0.035324848
0.37439961
0.66643543
0.66060487
0.24342913
-0.095528595
0.44229345
0.70435509
0.41718512
0.21935124
-0.017619999
0.5741463
1.194242
0.69762538
0.1344314
0.10949187
0.55706244
1.0533109
-3.8578889
-4.4538682
-5.2655129
-10.701743
-24.882126
-3.9138357
-5.023424
-5.6566317
-10.709622
-23.772082
-3.9379622
-5.689538
-5.7605104
-9.9758183
-23.184261
-4.1532986
-6.1234077
-5.7067595
-9.0487163
-22.699265
-3.8569123
-6.1576763
-6.0672805
-8.2359101
-20.394809
-3.7182704
-6.1366461
-6.4690912
-8.2301849
-18.768909
-3.7397995
-6.3469
-6.9045157
-8.5602005
-17.836946
-3.4481624
-6.529977
-7.3856718
-8.77727
-16.863213
-2.9415275
-6.5850487
-8.5417672
-9.3191289
-16.119595
-2.3458764
-6.136989
-9.6558023
-10.301698
-15.831188
-1.8707898
-1.313545
-0.544057
-0.78989741
-2.0852411
-2.119495
-1.4125251
-0.50002311
-0.62804639
-1.7962303
-2.2421706
-1.3588444
-0.35077655
-0.43347201
-1.5797251
-2.1817537
-1.2398665
-0.10201305
-0.17960236
-1.5199431
-1.9722218
-1.1529346
0.06686152
0.12386916
-1.3982347
-4.7411907
-1.4223515
2.8052577
5.8612566
7.5591335
-3.135959
-0.44049247
3.0916257
6.1599493
7.9152381
-4.160664
-1.1096656
2.5519175
5.5465261
7.3586534
-4.1042901
-1.5254663
1.9394102
4.9054832
6.6230973
-2.7181646
-0.51292214
2.3226338
4.918706
6.4374459
-1.9558711
0.4523194
3.0497058
5.1477514
6.500683
-1.2620262
1.4745787
4.6776546
6.837791
7.9300151
-2.2344341
0.60476191
4.5019235
7.8128737
9.5712664
-3.2134439
-0.77892081
2.7243789
6.2432046
8.5546468
-3.73405
-1.308715
1.86877
4.8140267
6.8607308
-23.765155
-17.803732
-11.636403
-6.4043803
-3.2539067
-21.811816
-16.803334
-11.127165
-6.0993797
-2.8052581
-20.067118
-16.045648
-11.203219
-6.6805342
-3.7054958
-19.016369
-15.579612
-11.269094
-7.0738437
-4.4309859
-19.321442
-16.262522
-11.979347
-7.8341763
-5.0657933
11.546018
11.558056
11.43787
11.052743
10.657855
12.956342
12.983558
12.859789
12.54776
12.169496
14.018908
14.344731
14.433278
14.22323
13.952958
13.679989
14.325757
14.868378
14.916881
14.746959
12.84344
13.566083
14.394665
14.830596
14.763791
7.2124622
8.5183175
10.055449
11.331199
12.069474
8.4326736
9.2747526
10.339199
11.251838
11.764249
10.248861
11.206183
11.959168
12.216503
12.323751
9.6217882
11.533801
13.344579
13.897179
13.849824
7.9630325
10.135666
12.890918
14.474642
14.800203
-0.83009069
0.035892126
0.66700062
-1.4564311
-2.4545904
-0.68184814
0.43886698
0.77542008
-1.3266482
-2.0992208
-0.38772138
1.0571419
1.0534435
-1.2797239
-1.2480847
0.32255458
1.13787
1.4417756
-0.86468508
-0.65250416
0.6813466
1.1140238
1.6136309
-0.27309454
-0.27193029
0.73839823
1.3151356
1.6927472
-0.031364375
0.1601473
1.1631045
1.6922323
1.9183348
0.35962498
0.83282227
1.7651736
2.1733076
2.0826095
1.0287242
1.8168245
2.1502235
2.8019483
2.1705847
1.6557168
3.0155504
2.524632
3.0410099
2.2140797
2.0624004
3.5801383
0.85702796
0.44551613
-0.0030033442
1.1647355
2.7779138
0.86986578
0.52515373
0.079493576
1.2650104
3.2065892
0.49313565
0.70450032
-0.0077098125
1.4434003
4.2742754
0.79258579
0.26293933
0.19050404
1.4904865
3.4553489
0.66703278
0.44252227
0.15989081
1.25353
2.9526786
-2.0317743
-5.8366643
-10.115542
-11.059112
-16.277532
-1.6847719
-5.6466363
-10.746354
-12.742414
-17.987804
-1.3501312
-5.4884731
-11.407417
-15.607327
-20.94197
-0.6738453
-5.1334926
-12.089647
-18.581323
-24.32691
-0.24347899
-4.584668
-12.078215
-20.388386
-26.851211
-0.007888606
-4.3140187
-11.834883
-20.97661
-28.292406
0.53987159
-3.9610328
-11.532754
-21.637514
-30.436487
1.2434533
-3.3593034
-10.734875
-21.389373
-32.066016
2.0378246
-2.4722504
-9.6905959
-19.998025
-31.694858
2.4497204
-1.5703176
-8.7374528
-18.956719
-30.525683
0.87475075
1.4802579
2.1494662
1.8252419
0.96879396
1.4304821
1.8433286
2.6517828
2.3996014
1.5866001
2.2329995
2.4344122
3.1798436
3.0182949
2.312129
2.9724053
3.1139439
3.5591591
3.2528492
2.7763858
3.4756107
3.5351175
3.8105346
3.4138975
2.9498764
-4.5375101
-2.0071072
1.4363813
4.4820931
6.3536801
-7.5689833
-5.0846138
-1.2370629
2.552441
4.789006
-11.1203
-8.6355707
-4.8454739
-0.98287809
1.5427114
-13.467816
-10.888745
-7.1505258
-3.4955915
-1.0558917
-14.881482
-12.1873
-8.2665864
-4.4478387
-2.0306264
-16.185739
-13.375784
-9.3514477
-5.248961
-2.5822547
-18.041031
-15.308621
-11.327389
-7.1601136
-4.2610757
-19.298582
-16.83946
-13.313869
-9.5948988
-6.7597957
-19.336799
-16.994015
-13.80077
-10.829551
-8.658007
-18.381836
-16.060698
-12.896742
-10.105604
-8.324004
-31.387937
-28.644905
-24.394629
-20.370704
-17.654603
-33.536036
-30.602184
-26.380703
-22.250727
-19.44343
-35.544079
-32.051467
-27.390417
-23.26963
-20.617839
-35.598251
-31.66183
-26.999321
-23.073798
-20.560805
-34.394737
-30.740161
-26.323836
-22.224993
-19.582083
-1.3229901
0.93172141
3.8592862
6.582285
8.3647264
-2.8281022
-0.16274529
3.144212
5.800013
7.4101558
-5.2360288
-2.2491698
1.811641
5.0815331
6.8228397
-7.3835116
-4.5328534
0.00047184031
4.2674518
6.5609685
-7.4334721
-5.3251833
-1.4043033
3.1956681
6.09167
2.693152
2.9811291
2.2403974
2.2670273
3.6190293
3.0443431
3.1128357
2.3869438
2.6186616
3.6709854
3.6734321
3.4324517
2.5470187
3.1224204
3.6640552
3.9115467
3.3973519
2.6623662
3.5144348
3.6993498
3.6988637
3.3445281
2.7620935
3.6395664
3.7329949
3.5941113
3.4933681
2.914403
3.5900824
3.7819974
3.0743011
3.3982357
3.1631931
3.6351016
3.5522903
1.5906101
2.7842119
3.491656
3.7828673
3.329198
0.66862335
2.6729627
3.917397
3.8654293
3.7918131
1.5505814
2.8176314
3.9163912
4.1071508
4.2264847
0.68835339
0.64756237
0.25583942
1.3350428
1.9543824
0.47313167
0.49673778
-0.089044903
1.4417807
2.2589172
0.70328534
-0.58850451
0.16455466
2.8158265
1.5576845
1.1701685
0.40268176
1.1664215
2.4526593
-0.77814258
0.77557069
2.5610669
1.0462416
0.94130567
1.2869505
2.5990203
-1.1154856
-8.1607639
-18.331075
-29.838453
2.8140034
-0.48568223
-7.1303236
-16.927856
-28.767002
2.9665922
0.2575992
-5.8759141
-15.716697
-27.350242
3.2501571
1.0616832
-4.7909177
-14.934132
-25.490363
3.5698397
1.9506083
-3.8235122
-14.436515
-24.418991
3.8100278
2.3851459
-3.3321388
-13.577408
-23.179566
4.1359474
2.9613791
-2.0999166
-12.196173
-21.637838
4.2751748
3.665146
-0.18596252
-9.5698086
-20.525533
4.1797617
3.9930277
1.0032697
-5.5729267
-15.418921
3.6946399
4.0118813
1.4826139
-5.4157068
-11.107176
3.9461287
4.2533165
3.7524758
3.9470854
3.9516099
3.8733967
4.0870382
3.6707571
3.6856764
4.1405168
3.7496753
3.8494136
3.6324285
3.4577084
3.780014
3.6810409
3.6948305
3.6287477
3.4376036
3.6140413
3.75874
3.6285796
3.5907119
3.2361906
3.727795
-17.495462
-15.258369
-12.223147
-9.4590709
-7.7388942
-15.896321
-13.395591
-10.422692
-7.8944379
-6.2924518
-12.833711
-10.327337
-7.1029161
-4.547799
-3.1355144
-8.9426837
-6.5063786
-3.264107
-0.52316428
0.98949729
-6.1268473
-3.4359722
-0.15315845
2.6673433
4.3360783
-4.7309827
-1.9488373
1.5098609
4.4166156
6.1540795
-2.6458521
0.74805973
4.9331617
8.1874824
10.023605
0.050805137
3.5352098
8.366151
12.496362
14.876959
1.789884
5.1461531
9.8374092
14.307575
17.180143
2.0750046
5.5642723
10.098473
14.335478
17.22366
-24.859533
-21.440715
-15.601772
-9.8856817
-6.4114657
-23.884051
-19.984638
-13.977793
-8.1782402
-4.451976
-22.242368
-18.247693
-12.088292
-5.8898184
-1.8333307
-19.086949
-15.491017
-9.9012181
-3.9334882
0.005725025
-13.913825
-10.461817
-6.7155528
-2.847532
0.46316823
6.944057
8.1675855
9.3625672
10.147044
10.497231
10.869389
12.273832
13.627416
14.317855
14.499044
15.984715
17.826593
19.852461
21.049765
21.337635
18.605335
21.125174
24.274376
26.719655
27.743356
18.677146
21.489037
25.418117
28.976496
30.883264
2.0249875
2.8028807
3.7518405
4.3587593
4.2118577
2.1747583
2.5430479
3.6695646
4.6267225
4.2661454
2.0531381
2.4077422
3.6796984
4.7860037
4.6739947
1.9553234
2.611456
3.8355665
4.7206154
5.0382722
2.0609394
2.8156845
3.8425153
4.5444144
4.6887464
1.9174936
2.7498399
3.8245065
4.0889348
3.7589805
1.9943834
2.3926066
3.55483
4.1062506
4.3884482
1.8233323
1.5994567
1.994396
2.7337606
3.1333042
1.1741263
1.3571773
1.307643
1.236203
0.40186515
0.95712616
1.4777506
1.997907
1.7486083
1.248729
0.36773873
0.73199809
0.35928942
0.73949645
1.58686
0.43701666
1.184988
0.57977071
0.66315093
2.1786792
0.37305519
0.61476176
0.65305006
0.80529932
1.7892385
0.41805952
0.26410719
0.10384742
0.33971784
0.76570718
0.51995054
0.72138475
0.51923026
0.41547712
0.71679275
3.7914632
3.8357985
1.9460491
-4.7857917
-10.903003
3.6721559
3.6374455
2.383778
-0.72553867
-9.9821694
3.3085922
2.9554868
2.4266415
2.2387201
0.96334739
3.6505314
3.0137027
2.5855881
2.4857
2.8213482
4.0951473
4.7324468
2.8800674
3.1711192
10.548409
2.3982833
3.676859
4.6623165
0.87484479
14.839885
4.3422065
2.4655605
3.068081
7.9564221
7.8608048
2.7129168
1.9725676
2.6665724
0.57506847
14.406853
2.5366283
1.3578613
-4.8284148
1.4954467
6.1254814
2.2016768
0.11974882
-2.3349899
0.86166098
-0.65214398
2.9453804
2.8142211
3.777364
3.2916413
2.9695192
4.774814
4.9359045
4.8265057
5.4917053
4.1535774
2.7308293
4.6430296
6.6566511
3.7668186
3.1772303
0.80243088
-0.24311187
-3.0359473
0.86392871
2.0162337
0.60150283
-1.3473603
-3.9250262
-0.2961524
1.5278998
1.0157687
5.1489081
10.333052
14.183983
16.9141
-0.61810169
3.0629469
9.3259793
14.136342
16.529235
2.3343058
3.3086548
7.031481
13.104295
16.336127
5.8571443
8.1405085
8.3202761
11.49075
16.426007
12.764125
13.0938
12.303041
11.006092
16.190038
19.502668
19.142426
16.303698
13.136542
15.680775
5.4249292
8.4398363
14.623449
12.592167
16.503285
12.008054
25.873678
34.419206
20.968942
26.208956
7.1269702
9.2835545
17.393721
20.714889
22.135345
1.1963743
-2.808864
-2.8467706
6.914548
9.3986456
15.719006
14.484112
17.68993
21.485282
21.691568
10.206679
10.417975
11.705384
14.126646
10.891607
17.05162
9.907172
11.886776
12.921784
14.870446
14.519566
13.414332
12.174849
8.4530117
6.5776342
5.1386062
2.8024685
1.2952162
2.6579224
2.3345071
19.002449
21.210048
21.097679
24.011946
26.886284
17.831084
21.382271
23.367893
25.500806
26.108548
24.33338
23.179549
21.375077
23.788611
25.651309
23.405907
26.116032
26.799964
25.567473
25.942888
8.2550521
12.109795
15.892684
22.887995
25.943014
