FiniteElementSpace
FiniteElementCollection: L2_2D_P4
VDim: 1
Ordering: 0

-5.8317966
-1.2088638
-5.7934466
-3.5415533
6.6014564
-3.7298788
0.339839
-5.7616329
-3.6067103
7.3707292
-4.6382466
-0.43344063
-4.2167791
-4.6815479
8.1276086
-6.036196
-3.1287325
-2.6328961
-4.3124874
5.1016047
-5.2253884
-4.2511787
-2.5157906
-3.6063973
3.9030906
36.876455
50.689433
58.869652
52.056979
44.898526
36.695589
48.036307
48.70857
46.106891
42.458673
34.862077
36.358949
39.162356
42.496033
29.712836
26.257883
25.348826
37.800678
41.339703
15.420922
17.219154
22.328708
35.340182
35.258617
12.176766
-45.295774
-91.874385
-148.95258
-184.06148
-161.60072
-28.238941
-79.44615
-141.7
-192.7323
-172.31447
-10.891876
-66.916339
-138.45629
-206.08664
-176.9117
1.7036815
-52.391173
-142.26103
-210.23924
-162.96792
12.387705
-47.054319
-150.39034
-200.10277
-142.67637
0.25853016
1.7402642
-0.11473569
1.3809163
-0.15204406
6.2063473
5.6881139
0.86242621
2.5664419
-1.355626
-0.055765155
0.9308555
2.4589433
1.3273205
-2.0761121
-1.7192359
-2.7894702
3.9802169
-0.601099
-2.3870518
3.7373478
-0.8914126
3.9601466
0.32252808
-2.1648118
-0.47567736
0.40226404
0.8004269
-0.47398247
-4.0600126
-1.1632536
-0.10759073
-4.1060849
-7.738914
-6.4452445
-4.8671896
-4.4531724
-14.244685
-18.797309
-9.4586966
-12.318921
-12.443385
-22.947586
-28.603845
-17.635305
-17.58971
-17.767415
-27.986336
-34.625617
-22.006622
4.5244803
7.5360626
10.360377
10.351209
5.3331803
9.7154019
39.64929
47.395973
53.435452
28.083597
-17.288916
69.399243
100.88458
110.11854
68.245461
-29.73796
64.932876
143.16125
160.19411
106.86888
-21.11028
50.32814
155.04002
188.90471
130.68107
4.5952664
2.8277048
5.7028718
5.1107978
-7.3691349
6.9450269
2.7922628
6.505138
5.9544334
-7.7269783
6.7829105
1.4610664
7.9947771
7.2345413
-9.7287931
5.9579851
1.9185636
10.088281
6.7346055
-10.909686
6.3036234
2.8377327
10.112472
7.3925909
-11.994348
-41.296158
-50.859258
-62.218619
-55.866766
-41.257767
-44.669845
-51.793157
-64.232157
-57.424957
-42.862746
-48.809688
-50.803584
-64.586012
-63.133224
-45.721722
-48.174644
-49.445347
-65.398109
-70.037862
-53.087331
-45.080562
-49.253964
-66.889652
-72.266025
-59.192711
52.127415
95.500418
152.25943
181.18194
155.60943
64.278109
104.06439
157.57205
173.80461
142.51562
80.188191
115.5289
162.27885
162.7227
123.81689
98.8727
127.04841
162.59087
149.1213
105.9808
114.81072
136.51126
160.25756
138.02181
94.407301
5.9564844
4.7754604
3.4914452
2.5364376
2.0211737
6.1481773
4.9488498
3.6222117
2.6320877
2.1052656
6.3629511
5.1486018
3.7682817
2.7329551
2.1939599
6.4957836
5.2664601
3.8464787
2.7837029
2.2396051
6.5227584
5.285831
3.8570248
2.79299
2.25
8.1508057
4.2134306
13.112444
14.919268
-15.304479
9.0825957
4.9736146
13.11111
15.17217
-15.828132
10.493996
4.8442009
13.817574
16.90304
-21.24518
10.004537
5.880432
14.866409
17.758534
-23.430753
9.6888044
6.6161915
14.949161
18.168828
-19.930033
-61.048822
-59.689729
-56.694748
-42.678845
-24.666512
-61.699496
-62.296059
-55.383044
-34.496018
-9.4328984
-59.897607
-64.216337
-54.136607
-21.184783
12.786964
-59.216239
-63.319581
-47.944211
-2.9660455
38.175253
-59.208015
-58.624152
-37.562656
13.263097
59.75762
188.12114
166.5622
117.71048
68.461252
43.130164
201.432
164.20001
107.39834
59.910435
38.197646
217.40091
156.46398
92.082424
49.750633
32.60676
229.48372
143.86694
77.814738
42.050037
28.584543
226.45368
132.85268
68.881315
37.913221
26.411666
6.0391721
4.87836
3.5583247
2.5896315
2.0873298
5.9282293
4.7866456
3.4904548
2.5411063
2.0494791
5.7667106
4.6506248
3.3868722
2.4650155
1.9890116
5.6000316
4.51001
3.2805499
2.3873184
1.9265185
5.4792503
4.4083144
3.2049998
2.333455
1.8837559
12.482941
15.884703
19.802832
23.677915
-8.9355727
14.278165
16.843094
21.990903
25.616127
-11.326018
15.457723
19.93383
26.401672
29.323244
-11.647953
15.468881
24.008801
32.283094
33.415219
-0.12911289
15.929809
27.085143
36.21949
36.405659
10.267769
-20.987729
-3.0462984
40.68226
109.07253
170.41267
-13.18632
7.4102385
57.595297
127.89647
183.16233
5.7124712
31.198777
84.26291
150.11771
196.69557
30.199611
55.365307
105.94014
165.57308
203.94021
45.855656
70.071301
117.98627
172.80009
204.92874
139.06595
62.017825
37.0036
22.371319
18.16531
114.194
54.829745
33.100127
20.867558
16.767569
85.166283
46.586688
28.105574
18.878802
14.862963
62.019223
40.460351
23.831472
17.243311
13.162863
50.059143
36.859753
21.484686
16.211995
12.20393
4.4697306
3.6068715
2.6425373
1.9474315
1.5887633
4.272767
3.4577877
2.5465736
1.8882772
1.5475292
3.9961463
3.2537624
2.4202669
1.816126
1.5030763
3.7502676
3.0779575
2.3234287
1.7759477
1.4912112
3.6157789
2.9906801
2.2889218
1.7758566
1.5068188
21.980968
43.846694
65.415787
68.999768
77.42135
22.80751
45.881924
71.162977
76.580403
86.891146
22.690823
48.175081
77.449809
85.927427
98.1798
23.384172
47.686426
79.049154
92.689196
105.28014
22.974379
46.041086
77.97787
94.577272
105.84399
124.32501
144.22403
169.40756
179.94774
175.35451
137.51308
155.81247
175.88815
179.52762
171.84619
155.91919
171.43728
185.06598
180.64994
170.3325
172.15919
184.83068
194.01707
184.69203
172.08301
179.17977
191.97556
199.54638
187.52464
176.83923
33.985978
20.814193
17.150671
11.962169
10.805509
27.448534
19.11011
17.289441
12.10293
11.285833
37.091291
17.005998
19.605462
12.246385
12.67062
28.757217
17.527374
21.076136
13.563843
14.392456
26.946615
17.337602
23.000709
14.761417
16.142672
4.0459205
3.5559421
3.0071224
2.6010825
2.3843946
4.426374
3.937392
3.380943
2.970396
2.7546439
5.238747
4.7229585
4.1437792
3.7199883
3.4963556
6.3947692
5.8468399
5.2263813
4.7615293
4.5113682
7.460079
6.8576897
6.1636098
5.6543866
5.3947752
10.274005
6.4234587
24.80322
35.15267
49.203196
8.3793962
6.7332016
21.785928
33.742589
52.374792
8.503792
7.462684
18.116357
32.160754
56.378432
10.582101
6.8903399
15.029509
29.179226
51.943157
10.351049
6.1004453
12.770733
26.24288
46.17466
-6.3030633
-2.772355
-10.223387
-7.4744744
12.425383
-6.008129
-1.7160887
-10.332498
-6.7529982
11.378199
-6.8746701
-1.389303
-8.1702267
-7.3068552
10.218554
-6.7217048
-2.821065
-6.5540328
-5.9914729
7.5625588
-4.9234117
-3.2475672
-5.49211
-5.2332094
7.1357445
9.1633223
5.6554113
11.346072
23.8277
42.441065
7.3002067
4.3218726
10.15315
19.435019
34.191252
6.2494691
3.7625258
8.0311509
15.233658
27.800615
7.114094
4.5287092
4.2746767
12.003855
25.61378
6.8113819
4.9145416
1.8899296
8.9672094
24.525859
6.0229761
4.8655065
0.9598189
7.5114058
22.360921
4.6108579
3.8823392
0.84839409
5.0067925
14.600982
2.4272689
2.5218525
1.7988633
2.3561708
6.0001505
1.2935054
1.8385545
0.97348581
0.81396972
2.8795303
0.21067294
0.67900803
0.40340135
-0.34404191
-0.052038381
-4.6081785
0.17554583
-3.9207639
-0.68285601
2.6524106
2.142299
3.2838677
-3.8409431
0.29883819
2.4618392
-0.59873541
-1.1733013
-2.427226
-1.4488109
2.4901144
-4.7073045
-4.9367529
-0.7466561
-2.2694448
0.46715878
-2.3092348
-3.9049688
0.3763237
-1.4917085
0.54024693
30.309874
-12.313479
-47.342093
-57.779014
-46.870922
27.374497
-7.3565024
-39.550217
-50.987754
-34.526855
17.521626
-2.646273
-30.090885
-40.341713
-17.268149
6.9571848
-5.1502107
-23.006823
-28.720588
-4.9504423
5.0124804
-2.8677835
-17.817352
-22.973689
1.9455716
7.8326393
1.1541405
-15.501131
-21.211625
5.7534655
7.6401294
3.406375
-11.998646
-17.047703
11.522401
1.9785306
1.210368
-7.1636729
-10.541561
13.84658
3.39791
-1.4334628
-3.3635568
-3.668777
7.7215929
5.2436375
-0.89521012
-1.4796679
0.60436559
0.2928801
14.051984
21.8669
32.260877
29.701567
9.9482338
11.047379
16.632711
25.004231
23.237835
7.3104601
8.2802323
8.1073591
11.992174
15.802587
10.86773
3.6710614
2.7794186
3.3451124
7.7504589
9.092731
-0.098216847
0.71646138
1.3597507
2.2862224
1.0480882
18.200058
-50.059338
-154.48448
-188.88207
-130.73616
31.134545
-63.263865
-143.53222
-161.07577
-107.46196
18.295031
-69.496934
-101.93742
-111.52232
-69.200717
-11.668855
-38.687294
-47.373705
-54.123131
-28.622814
-4.5743793
-5.8581972
-9.8906725
-10.514935
-5.6033253
-0.6119903
-0.76390757
0.8803314
-0.65417658
-4.0454754
-1.1981019
-2.419871
0.27564414
-1.4091147
-8.2351153
-3.0451747
-2.8896395
-0.85073954
-2.7629321
-9.4901955
-5.2297953
-3.6688888
-0.58431616
-5.2892055
-16.016745
-6.8993647
-4.2014457
-1.0472596
-8.5279828
-23.017515
-7.6543253
-4.1469159
-2.1341357
-10.279664
-25.224737
-7.3749117
-3.8943878
-5.0689854
-12.495873
-25.163808
-6.3494676
-3.5335751
-8.8867071
-14.655933
-25.723562
-6.6817973
-4.8188027
-10.546517
-17.44928
-33.147809
-8.2706194
-6.4208549
-11.656641
-21.190228
-41.315685
3.996421
3.1672642
2.5107595
3.8169672
-3.7891724
7.2549402
3.6787441
2.6837634
5.0488767
-6.0193611
4.5111554
0.56242962
4.1067869
4.7528931
-7.9326939
3.9183074
-0.11145921
5.6981252
3.6422533
-7.7330165
5.9933562
1.1103917
6.024159
3.5465221
-7.1485506
4.0162368
-0.69326556
-0.78328094
2.0310665
-2.3686247
-0.82012106
0.78776674
2.2223425
4.9492636
-8.6292856
-11.794649
1.1232684
8.3368917
9.3365857
-12.389333
-15.36812
0.17825692
13.955073
15.725421
-10.500005
-12.446638
1.6602274
17.022107
20.544889
-5.3747036
-9.6615826
4.4228094
18.740498
22.426213
-1.5545695
-6.8360675
4.4457133
22.443808
28.768762
5.1601944
-11.940027
-0.15732485
28.599661
40.985744
17.117055
-19.454076
4.4606399
38.272574
52.068666
32.680529
-23.144371
10.946567
45.653053
58.214674
44.510313
-19.023419
-19.16589
-30.799059
-38.178129
-21.167505
-23.871286
-24.220655
-34.477618
-40.598312
-20.627043
-32.071308
-35.856065
-40.733679
-41.570907
-23.741704
-37.652725
-46.568075
-51.944874
-47.526768
-29.051703
-40.029607
-50.141802
-59.813323
-54.350025
-36.584691
3.391615
1.350739
0.45194701
0.22608284
0.18663887
16.166079
6.8558683
2.0967878
1.1693894
0.94695509
32.624304
14.739907
4.2922913
2.567732
2.0006301
52.72775
20.916976
6.6261555
3.7209373
3.1318832
68.604961
24.18163
8.1812615
4.3595492
3.9081917
76.472389
25.729404
8.8321377
4.6585586
4.2576651
90.155071
28.423159
9.9267577
5.2779923
4.917275
107.00193
31.173894
11.224557
6.1465822
5.7928539
115.72613
32.977392
11.984488
7.0404696
6.4436027
115.47699
33.661364
12.128419
7.6524665
6.7226419
-15.284084
46.911132
151.8028
200.67335
142.73035
-4.5207215
52.028343
143.47969
211.06824
163.59894
9.1606357
65.878664
139.22118
206.64374
177.35266
29.003398
80.08788
143.36183
193.88438
172.50133
45.29694
90.702821
149.20934
185.31949
162.02351
-9.4406986
-6.9531698
-13.064187
-23.613743
-44.580348
-9.6665655
-7.7674186
-15.301742
-26.810394
-50.136194
-8.0928121
-7.8271901
-18.461019
-31.302095
-55.166361
-8.1451324
-6.8245718
-21.991658
-34.715893
-53.502606
-10.105674
-6.3896903
-24.729984
-36.808258
-51.780026
-12.078651
-6.3947336
-26.640062
-38.414471
-50.800651
-13.556749
-8.6002672
-28.573895
-39.716655
-52.480205
-12.645785
-12.818143
-30.896924
-41.260025
-60.722236
-12.638311
-15.031507
-34.338502
-43.225258
-63.941528
-13.073913
-16.556834
-36.606182
-42.717071
-62.824895
5.4819193
3.838956
9.8234866
8.7251804
-13.221881
8.1268885
3.3617714
10.806034
8.9332161
-14.970463
9.0204232
2.3233538
11.695686
10.956214
-17.760083
7.7922089
3.0086764
13.292984
12.417651
-17.799075
8.1030228
3.5345199
13.602011
14.064777
-16.530869
-28.667417
13.342975
49.164075
61.0213
50.672333
-34.501287
15.902133
55.994446
69.180572
63.277398
-30.700955
10.072957
61.585346
87.131586
81.715589
-34.933215
-1.0694329
65.335336
108.89974
102.00289
-49.215819
-9.2260993
70.105115
124.77185
117.5269
-55.525143
-13.68477
74.342558
133.67814
125.38379
-57.156676
-16.511324
79.347254
149.96225
141.14089
-55.571545
-13.711662
83.333793
170.00808
165.4713
-43.072954
-9.5740036
86.328152
190.6739
192.37209
-24.914752
-4.689964
87.671701
204.15692
209.50842
-45.225951
-48.5424
-67.76808
-74.047114
-59.418679
-48.74489
-50.116787
-67.698295
-75.801386
-62.682716
-53.417666
-55.983551
-65.147772
-67.364252
-63.301531
-56.660923
-58.554798
-61.277085
-54.359648
-49.242311
-58.886508
-58.457396
-58.081942
-46.724769
-32.937823
113.24521
33.761167
12.114474
7.9422309
6.8014856
106.69589
33.550096
12.039757
8.4637921
6.9271356
94.005501
32.143099
11.8771
9.0429513
7.0595418
80.102192
29.793532
11.818562
9.3776371
7.1513212
70.938969
27.955261
11.849874
9.4526615
7.1661033
66.408854
26.946177
11.826939
9.4276216
7.1440289
58.137984
25.011069
11.774239
9.3402702
7.1014975
47.793909
22.43773
11.650248
9.1128065
6.9865935
39.593531
20.299533
11.46894
8.8244994
6.8373651
35.134418
19.083741
11.293954
8.6099997
6.7270297
122.001
140.95458
158.17474
131.894
88.649685
136.35651
150.79357
153.04567
119.33659
78.007475
155.6735
161.94076
143.74732
100.71423
64.126585
173.15502
167.24425
132.26153
83.582557
52.601867
182.56214
167.20905
122.90628
73.267025
46.081173
1.8203248
1.4531796
1.0474706
0.75615808
0.60301814
1.8914513
1.5118427
1.0903056
0.78700913
0.62840998
1.9627716
1.5708132
1.1338907
0.81929675
0.65616739
1.9975043
1.6007506
1.1573548
0.83814187
0.67388382
2.0058202
1.6091878
1.1647677
0.8448321
0.68108801
6.5063254
5.2711359
3.8447732
2.7838398
2.2417426
6.4779972
5.2451287
3.8241083
2.7701624
2.2299615
6.3743251
5.152646
3.7553066
2.7250217
2.1935015
6.2227297
5.0243274
3.6632385
2.6646363
2.1470426
6.108205
4.9341172
3.6000967
2.6212935
2.1135815
-13.626424
-18.041031
-37.038796
-41.512233
-62.092966
-14.278201
-19.846805
-37.381774
-40.104848
-62.713704
-13.842071
-20.6308
-37.144906
-38.969483
-63.617473
-14.687562
-19.505897
-35.751172
-38.426865
-60.860109
-15.936016
-18.399354
-35.17946
-37.933682
-59.570025
-15.418139
-18.244801
-35.606375
-38.263963
-60.510117
-14.331644
-17.59767
-37.07866
-38.94387
-55.287319
-13.129276
-16.744855
-37.261349
-35.527643
-43.319249
-10.138176
-15.671481
-32.359502
-27.792233
-34.575613
-7.7336433
-13.966661
-27.27684
-22.654235
-29.383681
10.647421
7.2130094
15.176808
18.745272
-19.860075
10.909162
9.7162087
15.604646
19.113465
-18.629661
10.672335
11.522053
16.278926
20.095895
-13.579377
12.266734
12.83615
17.821833
22.648724
-13.11826
12.539489
14.934022
19.03674
23.63017
-11.332832
-12.390929
2.6852559
89.381769
209.67991
219.2436
7.8002723
22.548002
100.87738
218.23651
238.78073
38.002099
67.291969
134.42325
226.88057
259.78438
71.51942
128.93217
188.51152
230.01576
269.84008
91.165201
166.61918
230.2816
231.33027
264.18618
100.46079
179.67711
249.91295
230.96902
258.40588
119.54773
200.26864
282.89592
237.15897
236.52591
151.48665
224.76474
305.86486
252.41115
193.09428
183.39584
246.49844
303.2036
253.00059
159.7198
199.60806
257.00452
293.20012
237.90631
149.44128
-58.171572
-53.632133
-29.315508
22.184259
72.377538
-51.852016
-42.634583
-12.708303
40.441793
94.334898
-38.931874
-27.551117
6.9753594
64.827782
122.48185
-28.814044
-13.839091
22.375539
85.089401
146.50439
-23.623596
-5.7183313
33.701983
99.447497
162.6674
33.135569
18.513807
11.18586
8.4966178
6.6620966
29.834069
17.604957
11.031184
8.3184844
6.5566437
26.169322
16.556014
10.805123
8.0739417
6.3959778
23.500431
15.719398
10.55873
7.8297119
6.2197649
22.011512
15.202462
10.371756
7.6573943
6.0902129
21.323233
14.929761
10.251928
7.551852
6.0090039
20.099433
14.423657
10.007128
7.3483987
5.8579178
18.47313
13.65829
9.5898313
7.0193091
5.6079263
17.00279
12.815698
9.0900922
6.641419
5.3195147
16.017407
12.201427
8.7001434
6.3577315
5.1049404
226.40186
126.33915
64.883805
36.001118
25.484382
232.50319
115.06019
57.800151
32.760996
23.92388
218.86471
95.958641
49.654308
28.547763
21.983686
182.73598
76.279119
43.315109
25.017311
20.221392
152.31409
66.107866
39.084127
23.238449
18.867253
5.4013378
4.3432532
3.1562088
2.2973031
1.853975
5.2610443
4.229323
3.0729881
2.2373869
1.8062761
5.0305908
4.0444869
2.9413222
2.145526
1.7352206
4.7703907
3.839685
2.7995636
2.0498341
1.6633742
4.5798138
3.6925247
2.6999414
1.9845192
1.6160151
-7.1931007
-12.550233
-25.298085
-20.313969
-26.441566
-3.9151404
-9.8663687
-22.678779
-16.13692
-19.587637
3.3991923
-6.8114368
-18.143085
-8.6158005
-3.2920635
10.00434
-3.1457562
-10.223233
6.3957681
19.413908
13.976967
1.4072946
-1.7071501
19.731739
34.607145
17.281228
4.2774033
4.2527526
26.146065
41.409024
24.164901
12.38352
15.78828
38.451764
55.193386
36.011706
27.399769
32.871865
56.718555
74.72866
49.07102
44.065648
51.149895
75.979913
94.45598
57.52521
56.453163
64.419054
89.493203
108.70512
16.696249
28.95343
38.359453
38.36237
12.266265
17.40978
32.403651
43.475372
41.792177
21.16117
18.548437
36.683221
50.459606
48.323185
40.095254
20.448998
40.586708
57.45423
58.090635
58.521179
21.228538
42.994215
62.63073
65.174761
71.749792
205.58052
259.87898
286.12086
227.78619
144.30184
214.43785
260.62265
269.43291
205.24348
132.35763
220.32562
252.13671
240.09585
171.47165
115.33186
218.62477
235.23722
208.82811
140.5514
101.16369
213.8641
220.85264
187.93716
122.80402
92.035229
210.30027
213.36786
177.49446
115.38593
86.20656
202.02375
198.13734
158.9559
102.21266
78.11636
188.66101
176.19904
137.27958
86.673199
74.955103
175.6123
157.80113
122.14416
76.747357
79.086265
168.15796
149.08892
114.40708
76.561039
72.99436
52.313913
76.999153
123.86267
175.82445
204.25262
65.269417
90.118411
134.19626
179.61694
201.53741
84.258019
108.37331
147.63972
181.66426
194.10126
103.70657
126.17477
159.06507
181.18372
184.69007
117.10943
138.16351
165.97334
180.21713
178.42052
15.498453
11.866374
8.4855204
6.2011565
4.9839652
14.488129
11.212685
8.0647465
5.906818
4.75868
13.067728
10.255452
7.430191
5.4777869
4.4375553
11.799413
9.3833472
6.8510259
5.0916546
4.1497108
11.070788
8.8851015
6.5187066
4.8689732
3.9865569
10.750327
8.6410963
6.3573623
4.770192
3.9244576
10.169379
8.2513948
6.1307089
4.6457928
3.8467645
9.5958978
7.9121108
5.9501631
4.5757646
3.8288729
9.3470656
7.8323268
5.9608424
4.6782202
3.9791838
9.3936333
7.9189546
6.1451456
4.9006569
4.2074548
48.456127
34.233002
20.914849
15.437436
11.958465
39.130386
31.475981
19.049505
14.644958
11.191909
28.105808
28.415777
16.916328
13.777126
10.415825
15.424042
27.304397
14.957166
13.683008
9.9190489
12.218362
26.140325
14.638675
13.580421
9.8746132
3.5652957
2.9608314
2.2773526
1.7780214
1.5180413
3.5072067
2.9339451
2.2886562
1.819677
1.5754281
3.5168516
2.9876199
2.3928645
1.9571402
1.7278209
3.6878325
3.1881851
2.6185977
2.1998372
1.9809297
3.9150345
3.4111627
2.8503005
2.4450656
2.2322211
62.261585
62.763738
71.756787
96.231679
115.65612
72.168485
75.263756
86.333833
109.65537
129.29017
86.01496
91.823144
108.11885
129.78612
148.54925
95.067006
104.03279
126.78058
149.94133
164.79567
97.076427
109.25061
135.06326
161.78993
175.67545
96.730408
110.71843
136.33937
161.3588
173.89346
94.189647
107.72476
139.29969
168.69663
184.37774
84.711363
103.49162
134.68794
159.69866
168.22101
51.683411
65.149128
82.437255
94.323717
105.5163
28.424219
31.836162
37.776367
45.716852
49.929787
21.783075
45.422371
77.083265
93.623191
103.09802
19.308707
42.873594
72.251511
88.529695
101.60291
17.334931
35.357486
58.956479
74.903082
90.544176
15.161431
23.097841
36.90719
45.857602
51.326764
13.500595
17.938274
22.200558
26.479174
29.122241
164.58573
146.45605
110.95185
79.633039
66.607764
159.07909
143.16763
107.14928
86.268576
50.725428
158.45754
140.87189
113.72568
90.931763
73.214746
160.01968
148.48977
122.49198
109.42045
88.687617
162.22342
155.2839
131.04847
123.59331
69.772473
166.21607
155.17617
117.6069
115.37162
57.771682
180.82356
170.55085
175.97047
163.24997
122.61032
156.49747
161.0242
129.93715
141.19757
94.860219
124.16621
138.17865
170.82336
96.67638
21.692123
67.485435
44.373049
66.187651
64.719659
17.818084
179.30205
192.27159
198.74885
183.53077
175.18972
189.14216
195.89828
201.92333
196.02671
184.56568
165.01176
177.09436
192.43317
178.58285
167.38797
107.45617
123.11051
161.16383
140.58456
122.56794
39.120568
14.220137
8.1285257
41.284795
64.794228
9.6386229
8.0737152
6.3258493
5.0314239
4.3389615
10.10631
8.4401995
6.6957763
5.3822109
4.719918
11.023183
9.359629
7.56071
6.2388672
5.5462576
12.677081
10.869444
8.9566397
7.4786451
6.7184997
14.497515
12.213682
10.165157
8.5524121
7.8218599
15.360875
12.892831
10.933219
9.2833694
8.4566292
17.397912
14.779216
12.577606
10.665256
9.7709198
20.564365
17.730152
15.198307
13.247057
12.368521
24.047161
21.272391
18.994466
17.125484
16.135691
27.560804
25.355828
22.722979
20.552813
19.476154
11.24096
15.870609
24.857444
15.667372
16.840605
82.288645
19.504972
27.310906
16.794497
19.376661
50.492056
21.007023
29.296788
20.2841
22.140776
24.226331
29.330918
28.804971
24.023624
25.191642
22.010868
26.349025
25.408598
28.567177
27.703771
8.0569925
7.4059096
6.6904415
6.1885595
5.9341015
9.3629145
8.7037184
7.9953681
7.4914744
7.2269594
11.960328
11.295162
10.551645
9.9971851
9.7030166
15.714962
14.958027
14.110693
13.499413
13.179235
18.993926
18.21567
17.362114
16.755189
16.440431
