FiniteElementSpace
FiniteElementCollection: L2_2D_P4
VDim: 1
Ordering: 0

-0.10897779
-0.27753605
-0.1840279
-0.049194558
-0.4641752
0.35865314
0.80946158
0.65809532
0.18676485
-0.31069527
-0.3351906
0.069483902
0.33311779
-0.19116415
0.49239696
-1.3350924
-1.5337657
-0.18166768
-0.55724989
0.5551007
-0.80587658
-2.3797514
-0.20930554
-0.47241303
0.14293438
1.7448054
1.4173059
0.45768203
0.6872368
2.2409358
1.4731568
1.227477
0.35618131
0.64259624
2.4473506
1.1319502
0.84718652
0.33312098
0.5528788
2.099253
0.64527402
0.51354178
0.4100657
0.44688903
1.5507929
0.51678176
0.36828278
0.4377788
0.42584627
0.97180613
53.464072
45.794865
37.115573
29.603303
24.43885
53.204141
45.133263
35.058857
26.052386
20.728225
53.15131
42.9131
30.779366
22.034791
17.244061
51.708258
39.678298
28.684466
18.915696
11.826279
51.51471
42.020155
27.961752
12.965249
5.3375613
0.56128602
1.0575281
0.19095493
0.35656048
-0.35095732
1.5373454
3.4453297
0.47591494
1.1527414
-0.28962044
-0.091620046
-0.2173409
0.079598796
0.2282132
0.41847311
-1.1775592
-2.226001
-0.1683511
-1.0134951
0.42064116
-0.20731852
-0.60296505
-0.050062383
-0.47834695
0.11662907
0.6417053
-0.0017403291
-0.015939606
0.22566543
0.10946053
0.55216582
-0.35705413
-0.024170412
0.48388229
-0.30856393
-0.43083635
-0.69516595
0.018748969
0.47393007
-0.69412519
-1.4718792
-0.87705921
-0.074452493
0.17035701
-1.0061031
-1.6185922
-0.94899975
-0.17763924
-0.084844058
-1.0878995
5.0871651
5.0678711
5.7709665
6.3902866
6.4791954
-12.834615
7.0608112
3.1668719
4.9170979
6.671873
-35.749508
-7.9181402
4.4066651
2.8026628
3.7207138
-43.817211
-26.022088
-4.5271607
3.368423
2.8323903
-47.165234
-36.158106
-18.599308
-3.5325068
1.442107
0.40062532
0.91336974
0.21897969
0.18563596
0.2597885
1.0083408
1.0917092
0.0028836876
0.19879283
0.028990678
0.68069426
0.034623067
-0.13244395
0.44271114
0.32343743
0.16543339
-0.0063077267
-0.18917305
0.34107692
0.79818965
0.50974863
0.37412627
-0.027147696
0.30131028
0.78233319
-1.7524377
-1.2921348
-0.52846763
-0.94437128
-2.1445892
-2.1590759
-1.5176402
-0.67521442
-1.0443552
-2.1733321
-2.557863
-1.8259418
-0.89664453
-1.0344822
-2.2515909
-2.5766822
-2.1235699
-1.1240064
-0.93372787
-2.5265815
-2.5651979
-2.3013861
-1.3174276
-0.77611953
-2.4187589
-47.100585
-39.320366
-30.018455
-23.022415
-18.97571
-46.198601
-39.069828
-30.27334
-22.754624
-18.178884
-43.111725
-36.212155
-28.136203
-21.146289
-16.637117
-39.063117
-32.37813
-24.278037
-17.226873
-12.779192
-36.607871
-30.195482
-21.710098
-14.519678
-9.9999573
1.467274
3.9816618
6.8188686
8.6723488
9.5846791
0.5084211
2.7440263
5.842609
8.4399121
9.7940476
1.9500522
4.0629459
6.8037668
9.3549499
11.039066
5.9794628
8.0741662
10.743847
12.959919
14.376877
8.8882069
10.988296
13.805429
16.265159
17.692421
0.97453887
0.395167
0.053660582
1.0797616
1.6450084
0.87468394
0.76650621
-0.087628091
1.4909252
2.8117867
1.1969319
0.34975552
0.10874685
1.8448288
2.544284
1.064338
0.32032781
0.10404249
2.2130892
3.1958847
0.66242458
0.77989277
-0.088441232
2.0305135
3.849714
-3.7378166
-2.8918883
-1.2027745
-0.55860115
-0.96617307
-3.5898472
-2.7502268
-1.088844
-0.38747206
-0.69695497
-3.4057617
-2.2647574
-0.57246209
0.10463271
-0.28566995
-3.1541124
-1.5973134
0.31876148
0.84755746
0.19293301
-2.8394646
-1.1797771
0.90374414
1.3867746
0.53580584
-38.892227
-34.621899
-28.434504
-22.402495
-18.355684
-41.612913
-37.405722
-31.487135
-25.657736
-21.582042
-44.487908
-40.531683
-35.396763
-30.409598
-26.833063
-45.789303
-42.074935
-37.351311
-32.961674
-30.025105
-45.883644
-42.14535
-37.148173
-32.586331
-29.693348
5.3463409
9.9224802
16.483526
21.597921
24.123775
2.0762107
6.0263157
12.09608
18.250039
22.081562
-2.5052513
1.630534
7.1583141
12.705373
16.78874
-8.4002067
-3.6839558
2.9436926
8.662231
12.26924
-12.254855
-7.8523626
-0.51525318
6.4007392
10.215538
0.65048548
0.53739435
0.42636991
2.166014
4.1256654
0.90700172
0.68119658
0.39870126
1.6251245
3.3107763
0.83427851
1.0876204
-0.10138651
0.80986373
2.777068
0.79534656
0.24180155
0.13781989
2.4303201
3.8513528
0.89819165
-0.023479114
0.66879426
3.5882458
3.9941998
1.7278526
2.6821652
3.682811
3.5692559
2.5834145
2.5153864
3.3337309
4.1305675
4.1735023
3.101335
3.6196003
4.2052756
4.4104279
4.6840469
3.9209869
4.3083035
4.7452575
4.4548444
4.7774025
4.4040919
4.6610326
5.0541384
4.5002471
4.7252763
4.6458998
-41.526905
-36.996822
-31.295487
-26.589843
-23.735076
-39.435189
-34.59962
-29.325035
-24.970808
-22.0812
-35.691024
-31.337351
-26.566893
-22.446323
-19.597183
-32.697607
-28.949948
-24.125051
-19.534484
-16.525549
-31.283973
-27.79338
-22.726799
-17.516521
-14.277163
-9.8742404
-7.7012264
-4.8315742
-1.9115201
0.23664749
-8.2125015
-6.0528456
-3.0500281
-0.18861334
1.7710436
-4.8859081
-2.9657488
-0.11079463
2.7908708
4.7784237
-0.79166657
1.1043502
3.7261656
6.4118269
8.3336193
2.1246395
4.1936146
6.8840465
9.476372
11.268851
-0.26650568
3.5050761
0.65821092
2.2732553
5.0577702
1.2788115
2.1629341
0.93624641
2.3081958
3.4938651
0.87596629
1.2873358
1.1521482
1.9694475
2.8423527
0.79113505
0.9917053
0.93779618
2.1199843
3.1512006
0.87175458
0.8826397
0.73986379
2.1014777
3.1901279
7.2522857
6.5501085
6.2274851
5.7066807
6.1556693
7.8837316
7.2034646
6.5679156
5.8626308
5.7185524
8.7794873
8.1532363
7.5381106
6.7829387
5.7572029
8.7669825
8.3851078
8.5869097
8.2651921
7.5024792
7.9243294
7.9735542
8.673321
8.7403104
8.5860172
-14.594853
-12.568008
-8.2508155
-4.0959989
-0.45920622
-11.473873
-6.8122167
-5.5513935
-3.4418449
0.026056174
1.3721124
5.4065751
5.8632345
3.3449287
4.0912064
13.607071
20.364417
11.86149
13.995144
15.455636
23.677521
21.374606
17.99002
27.543703
24.440564
23.125891
25.944321
29.312371
32.2912
34.24689
26.201122
30.166531
34.330079
37.286234
39.224742
28.601575
33.612954
40.020369
44.501311
46.752592
29.539183
34.217015
42.292694
49.431303
52.960711
30.749512
34.62398
42.282492
50.487213
55.211904
0.96673418
0.23835764
1.6659674
3.0147776
4.1795357
1.108244
0.078606538
1.4967637
2.7118826
3.5956771
1.1516929
-0.10118566
1.5034497
2.1341189
2.7156718
1.4020008
-0.16913284
1.5898827
1.7156685
2.0212608
1.3574417
-0.046576565
1.4845648
1.5685412
1.8790982
-0.49922697
-0.40764846
0.044349288
-0.31562878
-0.86170358
-0.21297735
0.10124531
0.20617639
-0.35255347
-0.81811039
-0.66807932
-0.043937981
0.10458477
-0.43994216
-0.34039151
-0.98171118
-1.0468738
-0.043266773
-0.12051735
-0.072176846
-0.41755933
-1.3027342
-0.40548534
-0.12503325
-0.24076742
1.2079535
-0.014725871
1.3981056
1.5142418
1.862682
1.2186491
-0.12728391
1.2491025
1.4815478
1.6204206
0.84129908
-0.084081708
1.0052149
1.3741854
1.5189598
0.25193048
-0.0029705296
0.9116946
1.1641522
1.4875054
0.32326667
-0.075163562
0.8371
1.0695689
1.1008042
0.5602852
-0.064307521
0.73680426
1.0455846
0.73373851
0.58919561
-0.048706863
0.57590468
0.86028359
0.34447084
0.30198565
-0.057092884
0.35890848
0.41997646
0.13883731
-0.05838364
0.01894464
0.17922172
-0.034497934
-0.040513543
0.067778601
-0.029296769
0.096459122
-0.21706696
-0.50364357
-0.0001698234
0.13931228
-0.048578778
0.26899019
0.021812695
1.0608367
2.6776002
0.32267839
0.78771932
-0.20141315
0.025805407
-0.094614992
-0.078244985
-0.22366551
-0.23774158
-1.439035
-2.6603448
-0.33026591
-1.0180495
0.10846574
-0.81249679
-2.3976032
-0.011588012
-0.58388442
0.10515697
4.1261559
5.7660045
8.434542
18.938795
43.24678
4.1193405
5.3753585
8.0825142
18.308124
43.090987
3.5936796
4.8214737
7.2437139
16.248382
41.44588
3.157531
4.4492764
6.4497653
13.389566
38.314601
2.7709468
4.0690589
5.881599
11.36373
35.617918
2.5739397
4.0145951
5.703026
10.913802
36.566651
2.190231
3.5016644
5.0060133
10.402943
35.17075
1.7469182
2.1924704
3.6575371
8.528357
27.081526
1.0837637
0.86068795
2.3304449
5.5098044
18.238615
0.34555602
0.08705705
1.3330898
3.1512105
7.4922193
0.59175635
0.30541497
0.4398149
0.40494809
0.86384384
0.494009
0.37757109
0.37578525
0.2024696
0.87296567
0.21928709
0.59207905
0.21492402
-0.13537032
0.83939851
0.067568339
0.56055945
0.13203436
-0.22075816
0.68718402
0.32740243
0.26145018
0.060377865
0.019935828
0.31173007
50.987649
39.3786
20.90039
7.2842152
3.5183925
48.164984
27.927769
7.7971556
2.5184613
4.0694797
43.519501
15.878593
4.74789
7.6333046
7.2735068
27.289544
5.0605347
7.9779865
7.9539383
7.0628973
6.8262559
5.244441
7.0735824
7.5593457
8.1931956
0.27497489
-0.062334528
0.07572375
-0.25763102
-0.93398533
0.21893865
-0.075025245
0.027784075
-0.41303013
-1.3630564
-0.27365658
-0.06891224
-0.16076892
-0.67561433
-1.1030998
-0.74463908
-0.0046507391
-0.46638728
-0.82073828
-0.49435268
-0.73836694
0.041947021
-0.66736638
-0.8051623
-0.50424878
-0.49282145
0.020079896
-0.74634603
-0.74687338
-0.77450412
-0.25650591
-0.092762657
-0.79357679
-0.75466701
-1.1849323
-0.61690393
-0.014092358
-0.82690327
-1.1259148
-1.4979019
-1.2235935
0.17243743
-1.0564491
-1.5913356
-1.8101781
-1.2392274
0.11332737
-1.2213542
-1.8207258
-2.192875
0.82493272
1.4458679
0.10767682
0.53825623
-0.30530334
1.5809866
1.9491092
0.18301596
0.83713005
-0.91489004
0.3376487
-0.17065356
-0.47249287
0.19713862
-0.46846232
-0.37405663
-0.63930906
-0.58474275
-0.24126891
0.32181947
0.13101677
0.21638969
0.13090815
0.09654518
0.40752243
-0.048653785
-0.010250823
1.031488
2.0630346
1.4499955
-0.80486237
-0.64615555
-0.038215575
-0.34154304
-10.292311
-1.4772911
-1.7106515
-1.6539044
-4.2142691
-22.036997
-2.0870975
-2.6468342
-3.2475361
-7.6314268
-31.066719
-2.5888661
-3.0021299
-4.1299416
-9.2613477
-33.273469
-2.7746989
-3.0487228
-4.486784
-10.188136
-33.017856
-3.0928267
-3.6049532
-5.3178627
-12.523693
-36.13587
-3.2882802
-4.1999016
-6.2624073
-14.996274
-39.214251
-3.5407436
-4.7407554
-7.2103508
-16.222121
-39.093774
-3.5499872
-5.0358635
-7.6295085
-16.487123
-38.060341
-1.3358058
-1.0021788
-0.22688164
-0.20573636
-1.1860165
-1.0621146
-0.99698749
-0.28769095
-0.30657038
-1.648
-1.1674798
-0.94309248
-0.30448107
-0.46658985
-1.9598026
-1.4685252
-1.0144276
-0.32822704
-0.73774216
-2.2609028
-1.638949
-1.1744953
-0.43552724
-0.87539116
-2.2039574
7.0030085
7.549502
8.4774261
9.5638705
10.24404
5.3129647
6.3072917
7.3634256
8.4797766
9.1199028
4.7250276
5.1718454
6.1327612
7.1528975
7.8674815
3.0716635
3.8093226
4.6254737
5.5346515
6.1820709
1.4094426
2.0519199
2.9787796
3.8451291
4.5403602
0.80720906
1.0960704
1.7606437
2.9277431
3.7465396
-3.9679825
0.15754864
1.8591536
2.4394837
3.1697746
-8.836204
-4.3030203
0.84538572
3.5393792
4.3994753
-13.040867
-8.8877275
-3.4137984
1.2996003
3.7611731
-15.94606
-11.080981
-5.9190283
-1.5088166
1.4721126
-49.090489
-37.517673
-24.338022
-9.878619
-1.2340788
-49.121662
-35.500567
-23.336267
-14.082028
-7.4448211
-49.769026
-39.220775
-26.089121
-16.275819
-11.109429
-48.499259
-40.783142
-31.011135
-21.638385
-15.645107
-47.353075
-39.419714
-31.095231
-23.958628
-18.744999
-1.2788615
0.14542527
-1.2855352
-1.9417219
-2.3018866
-1.4883273
0.39408345
-1.5360752
-2.1663869
-2.237734
-1.3084241
0.35285996
-1.6928046
-2.5250716
-2.4292723
-1.2119596
0.027298794
-1.6847524
-2.8796971
-3.1451926
-0.99984584
-0.22285926
-1.7356567
-2.9743454
-3.8637424
-1.0377921
-0.18936386
-1.7650455
-3.0415589
-4.0328595
-1.3491337
-0.11148022
-1.75262
-3.3378922
-4.1633285
-1.4790163
0.012150295
-1.8126015
-3.7486426
-4.4454722
-1.5239252
0.40373399
-1.6857776
-4.2940567
-4.432299
-1.3760651
0.65575675
-1.5020573
-4.5891615
-4.4287486
0.61746098
0.52401208
0.012995892
0.57339174
1.0580716
0.91417396
0.62896306
-0.0827537
0.72626446
1.2166193
0.92246365
0.31721613
-0.11564314
0.80964278
1.0701498
0.62955058
0.24882087
0.012021701
0.96325846
1.4068838
0.98841346
0.1344152
0.18917902
0.93663275
1.1018086
-3.56187
-5.29291
-7.8832389
-16.837265
-38.368932
-3.9425134
-6.0877256
-8.5014047
-17.631331
-38.424475
-4.3866122
-6.7968248
-9.3186206
-18.246909
-36.897553
-4.4515054
-7.3056902
-10.450718
-18.262165
-34.356862
-3.8138634
-7.0833356
-11.109502
-17.321308
-31.203187
-3.7242819
-6.836373
-11.330015
-17.165635
-29.275779
-3.720774
-6.8856113
-12.210574
-18.162825
-27.753035
-3.2788125
-7.028975
-13.358525
-20.299923
-28.136036
-2.7489194
-7.1732836
-14.120752
-22.790446
-31.633631
-2.2263235
-6.5521314
-14.063486
-24.183056
-34.328871
-2.7694774
-2.3910651
-1.4320646
-0.75433223
-2.173382
-3.0053258
-2.5337207
-1.506451
-0.74503528
-2.0781888
-3.2656698
-2.6595282
-1.3991672
-0.72411942
-1.9523013
-3.746563
-2.8324518
-1.272203
-0.68864851
-1.5269641
-3.8812615
-2.9128216
-1.2378645
-0.62172529
-1.1003439
-17.010017
-12.571082
-6.6672278
-2.3601803
0.11991638
-16.1255
-12.688376
-7.8895146
-3.4083386
-0.69577414
-14.483063
-10.541316
-5.7388515
-1.7535858
0.73450341
-10.738274
-7.0176319
-1.9905103
2.3145032
4.8358171
-7.7952539
-4.152226
0.62195383
4.9804616
7.6747998
-6.7882007
-3.0265099
1.6735427
5.876859
8.6505037
-4.3969632
-0.77017647
3.9796541
8.0789728
10.589313
-6.2242618
-1.8943746
3.8761547
8.8675776
11.87877
-11.469644
-7.1523754
-0.72111062
5.581502
9.6209269
-15.285383
-11.459464
-5.5073299
1.060438
5.659075
-34.568656
-27.58086
-19.77864
-12.992661
-8.7326742
-31.842462
-25.566248
-17.816
-10.854112
-6.4147536
-31.790098
-26.726779
-19.708439
-13.047822
-8.535318
-34.758055
-30.259069
-23.837168
-17.703486
-13.605168
-37.461614
-33.169249
-26.919596
-21.058479
-17.240085
10.029778
10.929647
12.303021
13.656776
14.487667
10.343608
11.304447
12.619032
13.943612
14.824599
11.833895
13.179036
14.689145
15.87738
16.63856
15.109494
16.504778
18.375888
19.892765
20.660536
18.323764
19.488136
21.23257
23.002881
24.107682
10.036255
12.338838
15.099998
17.555103
19.125134
11.783396
14.102834
17.201325
19.85879
21.489005
13.292602
15.768912
19.03897
22.032324
23.900937
11.579752
15.057745
19.212342
22.604859
24.73108
7.9434718
12.375941
17.940117
22.050729
24.38904
-1.077006
0.64153011
-1.4107111
-4.5606807
-4.6920347
-0.81741314
0.88916011
-1.2884903
-4.4501381
-4.6946236
-0.60815765
1.3556097
-0.95062446
-4.2682521
-4.1708047
0.22515407
1.654535
-0.37463293
-3.8472234
-3.8229883
0.78317016
1.9394314
-0.036040794
-3.2799677
-3.4247108
0.94922161
2.2251193
0.11192381
-2.9501154
-2.933109
1.4497289
2.7151031
0.57222332
-2.2470444
-1.7896989
2.1853113
3.238163
1.2569925
-1.0457127
-0.20755655
2.9163293
3.7469167
2.0252998
0.23139972
0.85674998
3.4395612
3.9978217
2.6434
1.2144223
1.417064
1.0827277
0.60128977
0.067746068
1.821216
3.4062167
1.1197466
0.68631859
0.17758582
1.8237849
3.7336572
0.68509871
0.88232316
0.10270663
1.9380588
4.8138554
0.99664471
0.39445332
0.33134249
2.2364234
4.4149592
0.85250732
0.57035718
0.34107188
2.0968275
3.960761
-1.8737477
-6.1830797
-14.108229
-24.962554
-35.508034
-1.4559489
-6.0931273
-14.535812
-26.224329
-37.872731
-1.3275294
-6.1851939
-14.701006
-27.209647
-40.237696
-0.94144542
-6.0478862
-14.696194
-27.670683
-41.173136
-0.53503474
-5.4804253
-14.184166
-27.593261
-41.081383
-0.13620309
-5.1380859
-13.825675
-27.2361
-41.026984
0.68327534
-4.5597373
-13.360235
-26.36709
-40.305923
1.4009902
-3.657113
-12.286062
-24.982676
-39.160277
1.7621171
-2.7504198
-10.954283
-23.517797
-38.183021
2.0010714
-1.9255682
-9.7570422
-22.513124
-37.562044
-2.603667
-1.0626699
1.1059821
1.6812954
0.8093018
-1.8319185
-0.5946749
1.4413517
2.0677586
1.4174356
-0.35707318
0.52664812
1.9875564
2.3173083
1.9642589
0.91014081
1.7283042
2.7374673
2.6478166
2.1699459
1.4782358
2.4080588
3.3612211
3.1826989
2.4111457
-16.313225
-12.434284
-6.9843754
-1.1792568
3.102217
-19.485056
-15.411027
-9.5457212
-3.8008358
0.090579398
-24.946919
-21.10822
-15.186192
-8.9851237
-4.6778741
-28.535424
-25.445154
-20.521955
-14.965046
-10.701627
-28.319122
-25.710289
-21.846135
-17.641066
-14.227829
-27.95612
-25.417118
-21.695764
-17.783862
-14.858693
-27.343404
-24.706699
-21.200277
-17.75648
-15.279938
-26.492127
-23.785806
-20.073484
-16.696889
-14.528038
-25.068223
-22.490965
-18.837745
-15.325974
-13.044717
-23.366487
-20.887406
-17.475555
-14.077288
-11.785647
-45.847861
-41.884333
-36.822983
-32.252931
-29.335315
-45.172117
-41.147096
-36.214105
-31.731897
-28.769355
-44.228519
-40.215025
-35.230498
-30.805438
-27.917222
-43.457128
-39.334407
-34.069117
-29.382203
-26.449284
-42.306962
-38.041024
-32.559765
-27.664689
-24.699782
-13.228608
-9.6412938
-2.9297466
4.5988083
9.1971724
-13.93124
-11.076073
-5.9596897
0.75318775
5.9170319
-13.433528
-11.217278
-7.5606184
-2.8479737
1.4052477
-11.925967
-9.8416674
-6.7852717
-3.5328982
-0.81288386
-10.669835
-8.6110831
-5.673256
-2.5400539
-0.29900426
3.6652093
4.0554356
2.997106
1.7896048
1.7879078
4.0811412
4.4207156
3.5455328
2.7404296
2.6601535
4.6001741
5.178449
4.2187107
3.7706247
3.6995378
4.8263653
5.5800531
5.0184273
4.6180742
4.321867
4.7797578
5.5806538
5.5203586
5.2375188
4.7126373
4.7898679
5.5777013
5.7052159
5.5160669
4.9992152
3.5490389
5.2691124
6.1564244
5.8939272
5.3292165
1.1230355
4.4669304
6.7722479
6.3963259
5.9151635
0.88641892
4.1507052
7.0863432
7.0365351
6.8024467
2.6817127
3.9537911
6.9128706
7.7780656
7.3537561
0.92358957
0.81870269
0.67039013
2.7418999
2.9236752
0.70423003
0.74202602
0.2684857
2.5858373
2.8089405
1.0001779
-0.36604007
0.57816596
3.7656234
1.513519
1.51898
0.8709885
1.6750682
3.1831166
-0.64136714
0.95166423
3.1141317
1.4273058
1.8320561
2.909938
2.287406
-1.4768173
-9.1029892
-21.759957
-37.170538
2.9217386
-0.57284703
-8.0793454
-20.24904
-35.494724
3.7573357
0.89175275
-6.6957091
-18.75313
-32.556191
4.3875933
2.3246994
-5.0678617
-17.326805
-29.771917
4.5585592
3.4573793
-3.6172385
-16.644581
-28.645459
4.7243653
3.8609007
-2.877964
-15.891013
-27.499659
5.0296198
4.2822791
-1.129573
-14.313233
-27.107705
5.4234965
4.9710288
1.1618433
-10.568299
-26.146748
6.1021348
5.6325674
2.3660775
-5.4158576
-19.056818
6.2331907
6.1198787
3.0282184
-5.4859646
-14.740479
4.8846281
5.2485296
4.6358597
4.6672211
4.9805224
5.2536043
5.4083441
5.0154366
4.6306413
5.1793829
5.7890593
5.6176199
5.5457084
4.9935248
5.0586625
6.3887743
5.9790642
5.9296517
5.5306718
5.4929645
6.970548
6.3379437
6.1409407
5.6590187
6.0666572
-22.434885
-20.044607
-16.659031
-13.322216
-11.027707
-20.686364
-18.106083
-14.672111
-11.462427
-9.3045871
-18.118748
-15.235979
-11.306333
-7.9378421
-5.8874626
-15.090334
-12.22345
-7.984235
-4.121985
-1.8493128
-12.832171
-9.9735579
-5.8042814
-1.6354376
0.95536504
-11.545814
-8.690362
-4.6372118
-0.54698519
2.2097478
-8.6179807
-5.500481
-1.5152203
2.2790069
4.9228349
-5.3097235
-1.432575
3.5642754
7.6662961
10.083625
-2.6057607
1.5278233
7.6608303
13.033133
15.919239
-0.096659782
3.4910615
9.6468597
16.018557
19.672566
-30.750828
-27.637672
-21.90822
-16.345078
-13.087539
-30.169421
-26.302848
-20.14039
-14.133156
-10.359126
-28.815918
-24.788297
-18.262063
-11.731431
-7.4083161
-24.918829
-20.702468
-14.926806
-8.8855147
-4.6173498
-19.315992
-14.289946
-9.1853174
-5.1196933
-1.6130765
3.501
5.725415
8.5300511
11.177596
12.962669
6.2642633
8.7053664
11.831135
14.61648
16.459634
11.312158
13.672522
16.96591
19.960428
21.930539
17.168147
19.490351
22.69647
25.719774
27.693854
21.221802
23.785273
26.949688
29.940269
31.871201
3.2418155
3.7825706
6.6372018
8.2257983
7.5711311
3.2584432
3.4771954
6.4438409
8.5415916
8.1741658
2.8514628
3.5469038
6.4112084
8.5346362
9.0144059
3.2364553
4.0755465
6.2559894
8.32134
9.2788914
3.6332525
4.3030637
6.0452097
7.9678049
8.3932153
3.1400686
4.118805
5.9932612
7.2821347
7.238824
3.1339623
3.8397738
5.7319241
7.005659
7.5278324
2.6461745
2.6971847
3.4837656
4.5702806
5.2434609
1.4975825
1.8676276
2.0188886
2.1192627
1.3113993
1.3200153
1.9178368
2.5660891
2.4104524
1.7791969
0.60872067
1.1169395
0.66662137
1.4295313
2.9261325
0.67685092
1.6513876
0.96635097
1.3177227
3.3038442
0.58962739
1.0492891
1.0418077
1.2582983
2.6418594
0.57703921
0.47326531
0.31674113
0.57345672
1.0864906
0.69315061
0.93848984
0.75648454
0.67830387
1.0358595
6.530167
6.3494873
3.6413291
-4.5250922
-14.428928
6.7117381
6.7371638
4.5798751
0.56917477
-10.552127
6.7035289
6.4075963
5.2953445
4.4032578
3.6969157
7.4064669
6.6537202
5.9046429
5.8808351
6.2815005
8.1469893
9.1511553
6.2640139
8.113598
18.530265
5.9246403
7.4813777
8.2476579
6.2743684
21.609505
8.4231544
5.2273954
5.8539293
12.831064
12.379297
5.5684711
3.9982504
5.9510613
4.3544406
18.352844
3.8130794
2.7767673
-2.2505984
3.0399642
7.5277099
2.7603046
0.32768008
-2.453616
0.9738884
-0.12508874
6.2861916
6.8183936
8.2902343
7.3302118
6.5654948
8.0907993
8.8596709
8.3973918
9.5093773
8.2541978
4.9779978
7.9853971
10.826794
7.015365
6.5230956
1.9665546
-0.018213933
-3.98373
1.9443926
3.4821369
0.72508396
-1.8946922
-5.5830272
-0.30007907
1.9721664
1.5788631
4.971828
10.630978
17.30044
21.446844
2.328985
7.1003134
13.207168
19.143869
23.93411
4.9606246
8.7860784
15.912535
21.904358
25.913353
12.898577
13.856962
18.024608
25.216999
27.777457
21.148956
21.747804
20.774389
26.872245
30.401005
29.575951
30.282246
26.282912
27.644175
32.734032
21.927976
22.810388
28.045693
32.359598
34.915817
25.236608
33.357549
50.520254
40.898722
43.739764
10.52008
15.144126
32.67992
35.96492
37.93652
1.2781143
-2.9332941
-1.2945909
14.520926
20.453612
21.434698
20.696255
31.734946
36.700892
32.175381
13.137923
12.539541
16.628323
25.72136
23.056156
22.903251
13.740547
12.186968
17.244486
24.122762
15.204671
14.261278
13.018796
10.807784
10.432055
4.1069728
2.682117
1.9198021
2.8873119
2.0915376
33.7417
35.702577
40.389081
48.573957
55.306653
34.390577
36.490438
43.04308
50.330559
55.313484
41.740149
39.080821
39.353112
48.094969
54.217951
41.798361
46.156974
48.538665
49.651735
54.129318
22.845522
30.865714
38.739514
49.720638
57.181204
