FiniteElementSpace
FiniteElementCollection: L2_2D_P4
VDim: 2
Ordering: 0

32.15111
35.177348
39.138476
40.518858
39.654724
31.119166
33.382711
36.759979
39.567272
40.708679
25.80478
28.564135
33.6338
39.840065
44.251122
20.685003
23.598046
29.343357
36.999075
42.472837
16.935241
20.34569
26.920488
34.36534
38.861848
13.790098
11.78343
9.6377098
7.8594717
6.7773673
22.109298
18.425773
14.310159
11.313598
9.6878431
33.976039
28.8935
22.361636
17.289819
14.608695
45.694346
40.552292
32.540319
25.312933
21.248392
52.440496
48.356909
40.264263
31.85545
26.775256
2.737569
2.3420838
1.8650511
1.4936776
1.2941725
3.7760974
3.2079513
2.5270307
2.0012502
1.7190159
5.4931706
4.6544657
3.6496848
2.8696928
2.4470736
7.7142475
6.5117791
5.076453
3.9638667
3.3598556
9.5869821
8.0650795
6.2587058
4.8662407
4.1117856
0.89305237
0.96204451
1.155385
1.4845632
1.8073579
1.0801215
1.1397772
1.331268
1.679854
2.039533
1.3859869
1.4343407
1.6511805
2.0922416
2.5642727
1.7713369
1.8081897
2.0446817
2.5364754
3.0477909
2.0785333
2.0929118
2.3055952
2.7711769
3.2583474
7.982259
11.120455
15.873235
20.977227
24.608238
6.8585101
9.903879
14.547121
19.364881
22.735459
5.4606194
8.308113
12.576067
17.061028
20.330802
4.0294319
6.6304523
10.66067
15.036556
18.196415
2.9374445
5.4716916
9.4622067
13.741292
16.767736
48.738362
53.597084
60.336102
64.835883
65.320089
46.323207
50.999261
57.895962
64.305997
67.05819
43.001684
47.351913
54.232502
61.474271
65.859251
39.864186
44.122644
50.769858
57.820944
62.870691
37.899276
42.118968
48.596131
55.514938
60.56375
30.710683
25.582245
19.532339
14.885948
12.36391
36.790717
30.6265
23.339446
17.754971
14.72065
47.236581
39.597845
30.145854
22.849498
18.918014
58.461939
50.151712
38.602043
29.186849
24.133781
65.770351
57.846546
45.338304
34.353838
28.371315
4.6557141
4.2200909
3.9328684
4.0563918
4.3870182
5.3428496
4.7769063
4.3429462
4.359372
4.6354956
6.5515926
5.7498295
5.0522689
4.8804208
5.0602305
8.0402406
6.9437897
5.9170817
5.5084406
5.5654064
9.2468758
7.9069813
6.6112113
6.0104783
5.9670795
28.954575
32.896351
38.987283
45.422537
49.981898
27.923411
31.805579
37.791311
44.120484
48.682333
26.55386
30.392799
36.294442
42.529545
47.009711
25.479062
29.261691
34.991765
41.056045
45.442259
24.797581
28.460912
34.076041
40.110754
44.493307
80.576421
84.16706
83.781618
75.193296
65.567103
79.241374
83.874566
86.636785
81.133836
72.568247
77.049811
82.436951
88.50277
87.715507
81.82921
74.945879
80.704608
88.446381
91.643944
89.136251
73.873773
79.678548
87.663498
92.969627
92.781584
20.644418
16.97664
13.085714
10.613122
9.5894712
23.436379
19.171746
14.610113
11.679239
10.438916
28.127174
22.868644
17.220514
13.507087
11.843619
33.738176
27.403737
20.461043
15.709456
13.450846
38.344019
31.015505
22.885145
17.312471
14.648675
21.749622
25.417211
31.053681
37.048555
41.374148
21.661993
25.307146
30.913854
36.889613
41.218382
21.519997
25.169726
30.785941
36.733485
41.006477
21.486033
25.102537
30.617096
36.442112
40.652339
21.352375
24.935679
30.427627
36.257178
40.480068
70.435498
75.927232
84.243395
92.833286
98.608689
70.095832
75.509957
83.717344
92.290907
98.272624
69.504449
74.908803
83.129017
91.73911
97.841637
69.130296
74.560155
82.819204
91.465747
97.601538
69.049796
74.498564
82.7848
91.459578
97.609117
68.64288
55.641856
40.10314
29.002165
23.459329
73.325777
59.756717
43.154492
31.149998
25.149275
79.837451
65.748158
47.688167
34.338008
27.677678
85.755572
71.503195
52.238414
37.558963
30.222163
89.353305
75.237272
55.320672
39.754954
31.955589
22.419059
26.03219
31.589447
37.54379
41.885088
22.426638
26.086697
31.708714
37.679333
42.004852
22.688723
26.390907
32.044589
38.008544
42.320609
23.434974
27.083678
32.607993
38.379971
42.540026
24.031883
27.558724
32.867771
38.395702
42.379873
70.736932
76.165812
84.436869
93.024823
98.962638
70.90004
76.424784
84.692675
93.069831
98.834782
71.015538
76.327933
84.324795
92.527536
98.203835
70.530192
75.779671
83.675713
91.721498
97.226905
69.303989
74.696426
82.708308
90.447717
95.612973
102.59101
91.747711
71.385428
51.871664
41.379061
103.5208
93.348105
73.387863
53.557079
42.686417
103.90688
94.88921
75.771965
55.655406
44.290972
103.43948
95.436032
77.283018
57.198674
45.484182
102.6756
95.174555
77.819789
57.935272
46.068285
33.350188
36.467654
41.151965
45.945882
49.260044
34.392527
37.183472
41.40053
45.708008
48.676787
33.275869
35.420878
38.728942
42.200279
44.653757
30.971756
32.351682
34.593754
37.128003
39.051891
29.968155
30.908851
32.548005
34.536698
36.159646
62.181387
64.217364
66.942814
70.195897
73.0157
64.683307
67.103838
70.339167
73.624036
75.562854
59.072093
61.275475
64.279746
67.465775
69.968878
51.247045
53.027598
56.367123
59.618908
61.751798
48.940706
51.030017
54.034626
57.658698
60.45241
85.262509
84.357963
77.986469
63.775494
51.82802
84.826646
85.191678
80.378135
67.030939
54.912497
81.240513
82.54227
79.868114
68.599432
56.998522
77.359302
79.215541
77.464922
67.215957
56.179512
76.19349
78.024255
75.983286
65.590065
54.783282
38.528646
35.059773
25.884478
18.14507
15.084316
40.61459
39.755852
35.892317
29.18973
24.238953
46.182554
47.98584
46.373054
41.277779
36.605027
44.798196
48.791122
52.338156
51.29485
47.889075
41.046054
45.906099
51.934706
54.54947
53.741583
39.576728
44.639275
51.140677
55.21411
55.733506
37.013222
41.613297
48.259907
54.333234
57.139733
33.051291
37.21074
43.755923
50.54698
54.774209
29.517631
33.544501
39.638019
46.019345
50.644797
27.457548
31.280617
37.115903
43.29751
47.852276
15.205457
19.523352
26.569867
33.02443
37.068559
14.348379
18.394411
24.091786
29.98731
34.602012
11.972612
15.35392
20.834321
26.879882
31.003519
9.4504458
12.980855
18.376044
23.763247
27.504378
8.4555331
11.830887
16.720657
21.771044
25.510616
6.2740666
5.3996223
4.3310528
3.4621424
2.9656466
8.9505302
7.664558
6.0894138
4.821767
4.1026414
13.407191
11.366677
8.9476343
7.0453754
5.9768885
19.452934
16.37516
12.757016
9.9597169
8.411065
24.504981
20.602078
15.997057
12.436937
10.47115
27.385728
23.011618
17.867115
13.875298
11.661778
34.004631
28.523071
22.007862
17.035968
14.31807
45.104355
38.473581
29.755811
22.859105
19.16089
55.866853
49.586281
39.519111
30.449401
25.409175
61.909192
57.024889
47.107875
36.797561
30.677063
54.983646
51.964708
44.408358
35.567637
29.930836
57.644325
56.915811
51.762192
43.417824
37.084948
56.684567
59.411274
59.513011
54.312127
48.390654
53.142002
57.582453
62.151737
61.915434
58.459314
50.122475
54.972381
61.317221
64.361838
63.47456
1.2077161
1.0681334
0.93010837
0.8697838
0.87501188
1.596337
1.3960024
1.1905699
1.0848134
1.0697046
2.2617904
1.9556062
1.6300294
1.4407387
1.3882784
3.0942992
2.652801
2.1752718
1.8833837
1.7876281
3.7797607
3.226651
2.6238424
2.2457791
2.1103439
4.1758217
3.5573487
2.8811701
2.4511419
2.2888662
5.0588581
4.2901238
3.4414049
2.8810011
2.646979
6.6354614
5.5888884
4.4158029
3.6111657
3.2486526
8.6250254
7.2212956
5.6336657
4.5199897
3.9948336
10.29149
8.5837173
6.6461439
5.2720659
4.6084818
10.669603
8.9647697
6.9448316
5.3894643
4.5466811
13.086754
10.984198
8.488357
6.5629067
5.518702
17.484986
14.63142
11.263147
8.66828
7.2578301
23.168868
19.324024
14.807145
11.341371
9.4576486
27.971766
23.303423
17.806307
13.594023
11.305648
2.00646
2.4924387
3.4592139
4.9497525
6.5353662
2.2750711
2.8599512
4.1517064
6.1974167
8.157622
2.8705937
3.6304086
5.1859297
7.405298
9.4172835
3.3726221
4.1516313
5.7120106
7.9699802
10.069207
3.5695835
4.3272298
5.9048347
8.234567
10.376392
3.6411404
4.4230508
6.0395482
8.3674892
10.495745
3.8315339
4.6090721
6.2079231
8.5411778
10.702396
4.0776221
4.8319376
6.4225603
8.7708446
10.945734
4.3347781
5.0632783
6.6296505
8.9670614
11.145901
4.5333558
5.233653
6.7700717
9.0930962
11.269381
2.2449177
2.2368246
2.4163246
2.8521104
3.3291825
2.5707141
2.506942
2.6287252
3.0392308
3.516362
3.1169834
2.9632205
2.9905983
3.3368321
3.778834
3.7920054
3.5187482
3.4107731
3.6592256
4.0538514
4.3444601
3.9673991
3.743364
3.9120938
4.268721
26.448415
30.139247
35.857908
42.063482
46.534584
24.492887
28.118025
33.744384
39.714237
44.008115
22.063834
25.532982
30.861448
36.598069
40.794849
19.816179
23.090406
28.241769
33.807842
37.789369
18.341196
21.56959
26.605584
31.975229
35.830007
17.636249
20.816316
25.78933
31.109555
34.950436
16.32735
19.446592
24.260474
29.389792
33.136544
14.472972
17.450549
22.064394
27.091332
30.820563
12.641935
15.525651
20.076815
25.101568
28.783936
11.41868
14.279691
18.869241
23.900837
27.567444
64.3211
60.384708
51.01375
40.35736
33.69029
67.270987
65.697129
58.456712
47.868369
40.322908
67.704874
69.747735
67.423782
59.123296
51.303981
65.537011
69.737591
72.468229
68.693939
62.35388
63.127982
68.060494
73.58757
73.375028
69.017524
61.880819
67.066423
73.568128
75.057916
71.958074
59.723948
65.152599
72.564682
76.947172
76.495637
57.149894
62.386517
69.996942
76.961645
79.76316
54.83002
59.661101
67.195915
75.23402
79.881069
53.155777
57.992906
65.606432
73.546496
78.67237
36.975928
41.080999
47.499103
54.445463
59.392662
35.128668
39.221903
45.577216
52.319954
57.189701
32.80115
36.80076
42.989118
49.683885
54.595101
30.717459
34.676327
40.870842
47.536826
52.314386
29.509482
33.462543
39.605573
46.131311
50.760264
11.248209
9.3652047
7.2259575
5.6998233
4.9550267
13.372992
11.101476
8.5083323
6.64314
5.7201096
17.147479
14.179111
10.778826
8.3103817
7.068621
21.848742
18.003577
13.595497
10.37309
8.7319147
25.690365
21.133287
15.899094
12.054162
10.082949
27.86779
22.908493
17.200794
13.004588
10.847146
32.539716
26.735244
20.017067
15.06039
12.501738
40.493523
33.271786
24.848927
18.591326
15.341418
49.74664
40.996595
30.593869
22.801926
18.735893
56.681207
46.974506
35.080666
26.089067
21.407265
69.133515
61.706563
49.021997
37.281533
30.762925
74.662264
68.83636
56.530522
43.566261
35.908858
79.792284
77.303429
67.451484
53.878771
44.660007
81.487464
82.413263
76.84839
64.695295
54.647506
81.080553
83.913787
81.780535
71.804455
61.887284
4.6396494
5.3219427
6.8431461
9.1580557
11.329542
4.8660194
5.5127181
6.9949018
9.2833641
11.444912
5.2492685
5.8274977
7.2351893
9.4739364
11.612356
5.7020152
6.1939555
7.5068568
9.6791393
11.78489
6.0598779
6.4802998
7.7154772
9.8323834
11.90853
6.26125
6.6430212
7.8309229
9.9129177
11.97275
6.6879302
6.9808462
8.0712105
10.082574
12.105396
7.4083806
7.5475468
8.4680915
10.356373
12.311762
8.2543772
8.2151637
8.9257037
10.652965
12.524947
8.9020735
8.7100338
9.2632723
10.875768
12.675547
9.9290954
8.4525043
7.0008671
6.2886841
6.1907324
11.405464
9.6296707
7.8451632
6.8943192
6.6713701
13.937914
11.64357
9.2846547
7.9225706
7.4848227
16.961277
14.045334
10.98654
9.1262286
8.4367502
19.336657
15.925802
12.326718
10.080903
9.1803047
10.820045
13.71918
18.314171
23.319425
27.003737
9.7634357
12.697537
17.332566
22.36155
26.013663
8.6040836
11.586528
16.207166
21.119659
24.672974
7.7202485
10.642552
15.144571
20.009625
23.590309
7.0505841
9.9296976
14.452334
19.385323
22.9556
6.6734906
9.5643903
14.148344
19.087279
22.594802
6.0022392
8.9518911
13.536375
18.366857
21.806017
5.250523
8.185568
12.691202
17.468262
20.932953
4.6047535
7.5617739
12.106133
16.903183
20.366726
4.2781092
7.2696737
11.807317
16.589604
20.052711
52.37237
57.274958
64.848615
72.647806
77.933228
51.098146
55.944291
63.288829
70.966846
76.403949
49.348426
54.049891
61.223893
68.793696
74.223297
47.746198
52.37339
59.444238
66.910247
72.255123
46.775655
51.36025
58.364301
65.782624
71.132651
46.325164
50.889169
57.892069
65.339269
70.719059
45.546497
50.088282
57.084651
64.52037
69.847922
44.60184
49.174949
56.193501
63.604794
68.908999
44.002345
48.573412
55.567004
62.937817
68.20906
43.709587
48.281104
55.27293
62.595841
67.8257
24.397415
28.019022
33.639253
39.695711
44.058689
23.601601
27.266123
32.956924
38.986119
43.294242
22.75724
26.446051
32.082906
38.033342
42.33716
22.185661
25.836208
31.422233
37.387856
41.726006
21.864493
25.500143
31.106609
37.107009
41.446329
60.315153
50.229341
37.583807
27.924898
22.882304
67.462506
56.888796
42.800069
31.772983
26.023415
77.462048
67.119773
51.400864
38.184166
31.257293
85.980846
77.154318
61.021055
45.778022
37.442036
90.594667
83.400947
67.836705
51.674518
42.470267
92.819387
86.783096
72.041359
55.944583
46.946926
96.244237
92.122182
78.774829
62.326422
52.455082
99.304298
98.164181
87.940679
71.657423
60.252629
100.97239
102.34061
95.75223
80.622383
67.942608
101.38825
104.10586
100.17484
86.410696
73.102686
73.461956
79.157729
87.147457
93.412807
94.393649
72.588749
78.183834
86.421145
94.116659
96.781913
71.691178
77.205499
85.538323
94.019262
98.337605
70.977339
76.42547
84.774142
93.510599
98.869131
70.575071
76.042653
84.411887
93.119297
98.804892
9.2603384
8.9763885
9.4275951
10.98428
12.760661
10.021735
9.5884099
9.8454695
11.222949
12.901759
11.239542
10.496278
10.407781
11.515515
13.020261
12.582219
11.370388
10.735027
11.472205
12.811485
13.5987
12.07487
10.980447
11.209533
12.236398
14.087484
12.17028
10.503357
9.9707345
10.119697
15.213934
12.963182
10.811573
9.7532779
9.58103
16.988439
14.180112
11.381294
9.8835232
9.5120067
18.943598
15.668846
12.354519
10.469394
9.8664314
20.366962
16.801201
13.140727
10.97129
10.219309
42.577001
34.01707
24.781444
18.443843
15.33506
47.576396
37.940684
27.429385
20.207873
16.656905
54.618687
43.743479
31.555046
23.033144
18.762416
61.536228
49.517671
35.675728
25.914519
21.011527
66.231969
53.544095
38.558499
27.924385
22.616707
4.1312127
7.0848532
11.598193
16.423451
19.927221
3.8781453
6.8735015
11.489038
16.364981
19.850176
3.8349888
6.8749847
11.488082
16.278241
19.714384
3.9341136
6.948341
11.478995
16.232127
19.679224
3.9267867
6.8832136
11.364706
16.115393
19.559224
3.8638548
6.8397969
11.342678
16.070001
19.482104
3.7442622
6.6867577
11.169803
15.931295
19.400902
3.6738274
6.6757878
11.27856
16.152209
19.669111
4.0603456
7.1460995
11.819122
16.694436
20.201057
4.568918
7.6377878
12.248716
17.070313
20.568101
43.641264
48.205649
55.14215
62.420591
67.667166
43.484868
48.015822
54.901219
62.154193
67.368481
43.232942
47.681214
54.464749
61.632834
66.798935
42.858763
47.278299
54.043563
61.219681
66.411081
42.688575
47.104107
53.878041
61.092915
66.318442
42.62725
47.048716
53.849631
61.084802
66.323659
42.665206
47.130133
53.995663
61.27881
66.537499
43.148971
47.662004
54.5737
61.890064
67.173189
43.840836
48.372292
55.29684
62.589176
67.852691
44.134363
48.668571
55.578761
62.83324
68.04013
21.272754
24.872943
30.385528
36.213025
40.422794
21.219378
24.85456
30.388496
36.218838
40.443396
21.500285
25.150793
30.719615
36.614835
40.897134
22.035735
25.706904
31.319273
37.261061
41.576406
22.401748
26.040584
31.597409
37.524931
41.860835
101.38702
104.73229
102.16951
89.224964
75.720733
101.32448
105.61677
105.49067
94.33924
80.72157
101.05111
106.22366
109.1803
100.84365
87.478564
100.81491
106.49979
111.73141
106.07153
93.435484
100.78074
106.67365
112.9897
108.95518
96.967931
100.83076
106.823
113.55536
110.24363
98.616089
101.07512
107.16398
114.38987
112.33772
101.52572
101.51518
107.60303
115.13729
114.62268
104.9722
101.75719
107.81589
115.391
116.06912
107.50258
101.76864
107.76008
115.21151
116.49228
108.54441
69.06908
74.54033
82.854278
91.538861
97.681296
69.285732
74.774157
83.121108
91.82143
97.968269
69.934777
75.443499
83.800506
92.45827
98.518246
70.613074
76.092331
84.339969
92.849161
98.820959
70.752997
76.143613
84.321691
92.841252
98.842185
21.107508
17.367962
13.518328
11.232558
10.427128
22.591388
18.518635
14.319586
11.78606
10.84308
24.830221
20.279537
15.548916
12.632352
11.497101
27.088543
22.053832
16.800808
13.516884
12.193079
28.632652
23.270685
17.664115
14.130731
12.680877
29.420863
23.893561
18.103902
14.441775
12.929533
30.933468
25.086915
18.953781
15.051889
13.417968
33.088598
26.792226
20.168724
15.924738
14.11967
35.141511
28.415048
21.320379
16.749929
14.783005
36.440702
29.442084
22.046797
17.271455
15.204381
91.057921
77.059366
56.868168
40.868718
32.835996
94.12762
80.448243
59.843623
43.027939
34.52752
97.867152
84.928971
64.020746
46.111632
36.931803
100.72489
88.703445
67.876562
49.064823
39.219428
102.01893
90.784285
70.260219
50.953438
40.667729
4.6595892
7.6966535
12.287587
17.113195
20.601492
4.6621143
7.6865901
12.266273
17.088318
20.591324
4.73952
7.7848953
12.405689
17.281507
20.828767
5.301225
8.4287935
13.138927
18.052986
21.592107
6.1758098
9.2904637
13.957773
18.785595
22.240836
6.5819591
9.6374387
14.21912
18.964716
22.349288
7.3969546
10.370289
14.79457
19.342671
22.59
7.9323224
10.716139
14.864885
19.120773
22.14675
11.169161
13.852216
17.877973
22.059036
25.059125
15.640506
18.312815
22.309943
26.48325
29.52526
44.156254
48.656291
55.499909
62.747309
67.999798
44.262763
48.750333
55.588334
62.828855
68.113614
44.571456
49.044534
55.899399
63.143243
68.330114
44.715279
49.03271
55.65909
62.723107
67.858931
44.460041
48.610292
54.925587
61.619295
66.621296
44.197045
48.355506
54.800677
61.721608
66.694232
44.244985
48.493067
55.036541
61.852653
66.577383
41.261663
44.707083
49.936514
55.556963
59.817759
43.309712
46.42101
50.968004
55.53561
58.792164
48.698953
51.973817
56.585098
60.428211
62.1546
24.097639
27.519408
32.677777
38.124804
42.104137
24.272385
27.593332
32.671994
38.099006
42.115951
23.706731
26.763203
31.35578
36.107839
39.505132
26.599833
29.583658
34.018498
38.532071
41.694965
31.105742
34.185683
38.809613
43.578807
46.964128
101.81419
107.66042
114.9889
116.57281
108.95933
101.60449
107.30015
114.56539
116.62975
109.59472
100.95457
106.55792
113.57256
115.99983
109.56634
99.862483
105.15012
111.83285
114.44222
108.59455
98.103593
103.31534
110.22871
112.98558
107.50598
96.483616
102.29402
109.59392
112.07879
106.34972
95.100737
100.07311
106.32808
109.42166
104.70688
88.772336
94.141082
101.63555
105.31181
101.29024
82.219175
88.437173
96.022702
98.251265
94.554634
76.860233
81.532479
86.980164
88.562836
87.396132
69.218885
74.269328
81.77431
89.04189
93.916966
68.952539
73.437821
80.065619
87.219891
92.521791
62.125269
66.80964
73.971874
81.222275
86.253724
60.562769
64.452959
70.273097
75.545141
79.570116
62.672837
64.238365
67.65713
71.738724
75.122448
37.074675
29.945574
22.406342
17.531269
15.413165
38.247314
30.87744
23.068922
18.00297
15.790052
39.689594
32.023207
23.877045
18.586267
16.266962
40.755772
32.881383
24.50372
19.056558
16.655817
41.309254
33.348643
24.860026
19.31325
16.857901
41.55994
33.552605
24.990765
19.400758
16.934783
41.794445
33.727863
25.139044
19.559906
17.105148
42.101406
34.106377
25.573613
19.994721
17.514733
43.317506
35.2377
26.4916
20.69237
18.079115
45.107803
36.565584
27.323534
21.213768
18.465347
101.60603
94.680059
77.905277
58.230053
46.334598
100.31689
93.972445
78.013251
58.62934
46.613592
97.472498
91.621463
77.17707
58.806554
46.884231
91.865575
87.619402
76.227942
59.811198
48.152183
86.358435
84.379828
76.59281
61.89961
50.165662
17.885487
20.544074
24.549422
28.730471
31.764744
20.56337
22.962586
26.557443
30.289833
32.984826
22.956733
24.738786
27.392899
30.171874
32.204209
24.769032
25.861186
27.449226
29.085436
30.305563
26.197575
26.954171
27.939717
28.843455
29.545416
26.87263
27.596392
28.399023
29.02656
29.5139
27.559651
28.289856
29.08848
29.654022
29.990902
28.64661
29.384947
30.151966
30.630992
30.869908
29.82817
30.663975
31.465393
31.863764
32.014449
30.233654
31.182815
32.144205
32.680458
32.854372
19.924462
21.608483
23.711449
25.451358
26.442925
20.409433
22.133271
24.318853
26.106816
27.118819
21.206153
23.001599
25.290865
27.155647
28.194529
21.376733
23.396003
25.970335
28.102955
29.307219
20.819261
23.023699
25.875702
28.27536
29.642424
50.907847
53.848594
57.727909
60.795712
61.909191
50.130921
52.90825
56.634362
60.352843
63.201264
45.898811
48.31421
51.884375
55.382912
57.836252
40.098309
42.193641
45.388799
48.478528
50.413174
37.078334
39.000934
41.897866
45.062972
47.621915
74.330343
77.329436
82.613782
86.162187
86.041072
76.239216
77.730319
80.153254
82.61946
84.205329
71.23259
73.248199
75.748394
78.172412
80.153681
62.988499
65.751611
69.91765
73.772412
76.098582
61.743821
64.118278
67.832369
71.810981
74.725285
46.550585
37.630544
27.987704
21.634868
18.784671
49.197235
39.584695
29.154404
22.33445
19.296518
51.215972
41.286598
30.294411
23.050371
19.806704
50.664408
41.068111
30.314067
23.151494
19.910267
49.369401
40.045832
29.690301
22.810635
19.694139
-74.168055
-81.609349
-91.846173
-98.952443
-100.56524
-79.440124
-87.417844
-97.360463
-103.35329
-104.38398
-82.403756
-88.011366
-94.499886
-98.75184
-100.40697
-79.464274
-82.802322
-86.602691
-89.611692
-91.616504
-74.567775
-76.988794
-79.811322
-82.750532
-85.437866
-63.318331
-56.010168
-47.155037
-39.885617
-35.786521
-66.893708
-58.908551
-48.85463
-40.464701
-35.714594
-75.642717
-66.886583
-54.919261
-44.440842
-38.486114
-85.537935
-77.744477
-64.96269
-52.126761
-44.51896
-90.450193
-84.828777
-73.253993
-59.451991
-50.602519
-21.564507
-20.340199
-18.935292
-17.89656
-17.345903
-19.200243
-17.787704
-16.172154
-14.983861
-14.357101
-17.523052
-15.732577
-13.694102
-12.205534
-11.425786
-17.548686
-15.237498
-12.612931
-10.707432
-9.7158209
-18.419177
-15.652594
-12.516461
-10.248014
-9.07214
-15.590692
-15.409922
-15.146756
-14.850994
-14.612374
-12.412093
-12.224037
-11.956671
-11.664681
-11.437444
-9.0945131
-8.8923762
-8.625707
-8.3641772
-8.1812326
-6.863071
-6.6459528
-6.3827603
-6.1474901
-5.9927274
-5.7692878
-5.5366444
-5.2643841
-5.0260656
-4.8705904
-42.807204
-45.05141
-48.538429
-52.42392
-55.370666
-38.634738
-40.903509
-44.494104
-48.553166
-51.569199
-33.171261
-35.5433
-39.278186
-43.398109
-46.512833
-28.467076
-30.84106
-34.598849
-38.850873
-42.100537
-25.534188
-27.876744
-31.737906
-36.186204
-39.458191
-79.134649
-84.357263
-91.803221
-97.094656
-96.852786
-75.26111
-80.448613
-88.416395
-95.659074
-98.500546
-70.155907
-74.926758
-82.669234
-91.207417
-96.605519
-65.018112
-69.645467
-77.279013
-85.75794
-91.684442
-61.652136
-66.357047
-73.878272
-81.873837
-87.824739
-40.080894
-31.69609
-22.244633
-15.522874
-12.101478
-47.43643
-37.335466
-25.931548
-17.842075
-13.734437
-60.63508
-47.874136
-32.887775
-22.201112
-16.850644
-75.676619
-61.071166
-42.12986
-27.957326
-20.963623
-85.873965
-71.226598
-49.975222
-32.90912
-24.454319
-3.3102626
-2.8185347
-2.3135425
-1.931059
-1.7279739
-3.3057297
-2.742613
-2.1737216
-1.7455274
-1.5222567
-3.4232783
-2.7359261
-2.0593634
-1.5543384
-1.2964849
-3.6563312
-2.8181255
-2.0166444
-1.421255
-1.1224757
-3.8628439
-2.9048382
-2.0088401
-1.3432636
-1.0128562
-45.771296
-49.475971
-55.522713
-62.591211
-67.768549
-43.198218
-46.864259
-53.014413
-59.659852
-64.020465
-39.824028
-43.605712
-49.21725
-54.863808
-59.186299
-37.013456
-40.337767
-45.135342
-50.615405
-55.14942
-35.03132
-37.912988
-42.517962
-48.130219
-52.387826
-105.59196
-109.54916
-104.43262
-83.1758
-63.815899
-102.07384
-108.20321
-109.00443
-92.47249
-73.47611
-95.737675
-103.63521
-111.20014
-103.46939
-87.445389
-89.05066
-97.794823
-108.95435
-109.97812
-99.661804
-84.942203
-93.656189
-105.63465
-111.61433
-106.03257
-5.1400271
-3.0540651
-1.4568617
-0.24303712
0.31071724
-5.2081864
-2.8139363
-1.0767834
0.24698789
0.83806903
-5.1066905
-2.1471752
-0.21424301
1.2668718
1.9109424
-4.6118097
-0.9311298
1.2424642
2.9404804
3.6449098
-3.9458862
0.41674118
2.8304171
4.7097361
5.4495909
-23.982731
-26.066544
-29.458767
-33.36391
-36.430521
-22.267121
-24.189812
-27.346941
-31.108026
-34.162494
-19.586195
-21.300743
-24.291181
-27.913637
-30.659538
-16.849565
-18.541094
-21.423261
-24.527781
-26.677193
-15.217686
-16.954957
-19.496013
-22.014075
-23.877005
-61.90403
-68.269283
-79.538282
-93.037206
-102.94323
-58.085438
-64.303106
-74.972445
-88.00027
-98.476567
-52.547631
-58.318515
-68.199892
-80.751786
-91.458779
-46.976285
-52.210359
-61.496826
-73.635714
-83.958991
-43.088731
-48.01848
-57.026958
-68.755156
-78.561796
-16.624221
-8.0141462
-4.7372871
-2.3025419
-1.5233369
-18.369807
-8.9137857
-5.3969055
-2.8308629
-2.059947
-20.664733
-10.094209
-6.1642567
-3.3847886
-2.6285607
-22.551037
-11.155273
-6.7808692
-3.7228987
-2.9915524
-23.412231
-11.843024
-7.1490053
-3.853911
-3.1393189
-4.5281102
-4.9548101
-5.8144441
-7.0312517
-8.0940765
-1.6870697
-2.0042824
-2.7089397
-3.738164
-4.6360952
2.7994478
2.6505131
2.2101301
1.5053526
0.90242198
7.9555243
8.0605206
8.0245678
7.7523253
7.519538
12.330971
12.606671
12.778209
12.74475
12.727122
-18.907367
-22.117874
-28.442455
-36.826037
-43.960321
-14.15069
-17.333087
-23.292453
-30.834291
-37.403276
-6.8711845
-9.6020465
-14.565726
-20.963083
-27.002949
1.4451438
-0.73032134
-4.830439
-10.425801
-16.10222
8.0373071
5.8417741
2.0377674
-2.6922172
-7.646711
-21.630078
-16.709484
-9.7663413
-3.5400681
-2.8780638
-21.238742
-18.023627
-10.566275
-3.3519206
-2.7070363
-21.504745
-20.494918
-12.20674
-3.0129069
-2.4389145
-23.497284
-24.040467
-14.737905
-2.6277965
-2.2035617
-25.824897
-27.441986
-17.198753
-2.401974
-2.0951785
45.115019
46.318469
47.646575
46.925958
43.846878
46.129557
46.529765
44.977791
38.751052
30.768451
42.316896
41.945606
38.689405
30.933393
22.743713
34.980239
34.60428
32.230551
26.770556
21.086217
29.310957
29.240811
27.863068
24.157233
20.115649
-8.3390537
-11.894841
-18.957219
-29.219606
-31.234305
-27.174183
-32.523044
-38.985915
-45.175458
-49.472038
-22.114217
-30.551579
-33.375974
-37.066314
-39.986751
-19.102641
-13.449725
-9.2996885
-10.923795
-12.615581
-16.289478
-9.2492369
-3.5586108
-1.2083428
-1.9415695
-65.143434
-72.07895
-33.131086
-2.2807202
-2.9747083
-66.913179
-65.724908
-23.086937
-1.9987578
-2.0134875
-44.819652
-33.783618
-7.4272207
-0.85664609
-0.086156603
5.6325743
6.4131155
1.2767768
1.210361
1.2480691
22.170454
19.776419
6.5073686
2.2628613
1.9227588
-100.1544
-97.070951
-88.492543
-75.59627
-67.144308
-103.7512
-100.34641
-91.325693
-79.336266
-71.028516
-100.63394
-100.10137
-95.991868
-87.378368
-79.823219
-92.709632
-94.818715
-95.8409
-93.201424
-88.753781
-86.955942
-89.860792
-93.003871
-94.141041
-92.439098
-84.08353
-86.83179
-90.842161
-93.815589
-93.492128
-78.276509
-81.239864
-86.197829
-90.949982
-93.057776
-70.572782
-73.618552
-78.793356
-84.799696
-89.053
-63.47924
-66.630589
-72.099214
-78.449125
-83.024511
-58.992348
-62.413961
-68.066183
-74.153988
-78.64084
-72.016606
-74.004841
-76.57482
-79.836134
-82.738959
-65.914604
-67.694488
-70.619066
-74.283646
-76.919391
-57.493083
-59.417343
-62.654622
-66.375486
-69.053564
-49.882334
-51.911385
-55.344822
-59.119301
-61.974763
-45.067284
-47.219727
-50.76101
-54.598483
-57.494235
-33.967534
-30.718196
-26.887134
-23.908834
-22.274674
-33.595866
-29.816263
-25.364659
-21.911199
-20.019955
-35.816295
-31.023766
-25.36586
-20.969794
-18.562237
-41.121184
-34.958777
-27.673135
-22.000638
-18.889542
-46.586275
-39.246409
-30.537915
-23.74726
-20.023625
-50.015748
-42.002069
-32.458252
-24.988331
-20.892738
-57.90421
-48.507253
-37.073968
-28.101744
-23.194836
-71.362086
-60.656544
-46.326499
-34.51405
-28.091348
-84.721673
-74.709576
-58.616117
-43.508637
-35.040969
-92.038543
-84.121405
-68.406334
-51.358704
-41.203002
-92.160761
-87.807311
-77.419804
-63.722566
-54.37784
-93.323094
-92.139685
-85.222486
-72.62927
-62.797751
-91.007833
-93.644786
-92.935016
-85.000224
-76.35777
-85.435872
-90.218875
-94.834236
-93.847032
-88.73933
-81.071436
-86.51329
-93.214896
-96.652369
-94.796664
-17.109338
-16.709292
-16.250952
-15.898151
-15.694151
-14.08924
-13.638252
-13.127297
-12.741407
-12.522696
-11.095069
-10.5416
-9.923955
-9.4695803
-9.219826
-9.298387
-8.6039199
-7.8409465
-7.2956916
-7.00675
-8.5794758
-7.7628159
-6.8747356
-6.2520755
-5.9295561
-8.3565616
-7.4675592
-6.5056558
-5.8371679
-5.4938982
-8.1557744
-7.1042674
-5.9753684
-5.1996585
-4.8050752
-8.3902851
-7.0366177
-5.5976828
-4.6240628
-4.1363947
-9.2205894
-7.4703634
-5.6275439
-4.399985
-3.794195
-10.128044
-8.0406144
-5.8565931
-4.4162892
-3.7116624
-19.132726
-16.097779
-12.661096
-10.17862
-8.8935863
-21.067347
-17.418779
-13.293418
-10.324047
-8.7929094
-25.298163
-20.494997
-15.081817
-11.204016
-9.2122538
-31.40675
-25.075785
-17.960866
-12.885635
-10.286041
-36.84422
-29.212595
-20.627761
-14.521674
-11.404448
-14.472443
-14.15769
-13.553844
-12.747341
-12.09631
-11.309881
-11.030493
-10.551326
-9.9786207
-9.5136655
-8.0837984
-7.8835376
-7.5476148
-7.1207981
-6.7502135
-5.9117727
-5.7437264
-5.4584095
-5.1078012
-4.8220866
-4.7896108
-4.6246441
-4.3667436
-4.0759006
-3.8392888
-4.3064597
-4.1540678
-3.9212755
-3.6473679
-3.4203724
-3.5295026
-3.3845981
-3.1649346
-2.9198742
-2.7290031
-2.6724319
-2.5279875
-2.3256105
-2.1175807
-1.9615932
-2.068327
-1.9200463
-1.7243222
-1.5373654
-1.4060538
-1.7640399
-1.6086114
-1.4104358
-1.2319971
-1.1131002
-5.3228209
-5.07767
-4.7919338
-4.5434672
-4.3859885
-4.6069399
-4.3302602
-4.0173924
-3.7588554
-3.6048658
-3.8889389
-3.5582764
-3.1990202
-2.9137867
-2.7506728
-3.4820952
-3.0820665
-2.6592033
-2.3315026
-2.1518412
-3.3438247
-2.8854283
-2.4094822
-2.0465836
-1.8529194
-56.950052
-60.478163
-65.996735
-72.038306
-76.758674
-53.240528
-56.686772
-62.140405
-68.276184
-72.797447
-48.200614
-51.626772
-57.100442
-63.085646
-67.596697
-43.794009
-47.175463
-52.476587
-58.329218
-62.807506
-41.095109
-44.319347
-49.444641
-55.311846
-59.571832
-39.714235
-42.836532
-47.999721
-53.895986
-57.91274
-36.965055
-40.214731
-45.458133
-50.966869
-54.862864
-33.627474
-36.895915
-41.752058
-46.935696
-50.984415
-30.726224
-33.664631
-38.275799
-43.54139
-47.460958
-28.713847
-31.54561
-36.228861
-41.437318
-45.086882
-94.850929
-88.408074
-73.545775
-55.908272
-44.876403
-98.372035
-95.350899
-83.496564
-65.68866
-53.138771
-98.852357
-100.55226
-95.58548
-80.678061
-67.329437
-94.944405
-100.01746
-102.58097
-94.082402
-82.486485
-91.045018
-97.604682
-103.82274
-100.82473
-92.089817
-89.155282
-95.908645
-103.43331
-103.37501
-96.340677
-85.304741
-92.233155
-101.30802
-105.90672
-103.05928
-80.290364
-86.678901
-96.182289
-105.10055
-107.83445
-75.542788
-81.043301
-90.263988
-100.77533
-106.63486
-72.049008
-77.291314
-86.253704
-96.756215
-103.61306
-60.061176
-64.780209
-72.095482
-79.964272
-86.120004
-57.134731
-61.670711
-68.726727
-76.594343
-82.457491
-53.126469
-57.468044
-64.253965
-71.68523
-77.168128
-49.456585
-53.526439
-59.89619
-66.951386
-72.457176
-47.014593
-50.833
-56.961762
-63.957948
-69.377688
-10.704235
-8.4193944
-6.0370063
-4.4730216
-3.7106009
-12.05839
-9.3309019
-6.5039095
-4.6664468
-3.7788109
-14.645205
-11.10282
-7.4664142
-5.1389221
-4.0292759
-18.081689
-13.458634
-8.7732729
-5.8240462
-4.4336178
-21.019279
-15.459622
-9.8785643
-6.409216
-4.7859152
-22.74322
-16.62767
-10.516206
-6.7446097
-4.9886995
-26.564357
-19.218123
-11.917496
-7.4702632
-5.4253814
-33.580368
-23.91386
-14.398628
-8.7140688
-6.1516071
-42.690484
-29.99834
-17.514176
-10.194252
-6.971001
-50.267357
-35.168521
-20.107021
-11.362547
-7.5875205
-90.660593
-76.510772
-54.460182
-35.834598
-26.494707
-98.813892
-86.668273
-64.048104
-42.422945
-31.072702
-106.39354
-99.258281
-78.987307
-54.231923
-39.552024
-108.33894
-107.22454
-93.142163
-68.118411
-50.376624
-107.00879
-109.38264
-101.11371
-78.145621
-59.074343
-1.6348563
-1.4738556
-1.273671
-1.0987521
-0.98426781
-1.4211881
-1.2493824
-1.0418788
-0.86908888
-0.76221104
-1.1806052
-0.98727292
-0.76246744
-0.58777105
-0.48781567
-0.98869508
-0.76860918
-0.5203353
-0.33859629
-0.24224981
-0.86518047
-0.62485486
-0.35810787
-0.1689342
-0.073730883
-0.80130735
-0.54934135
-0.27176527
-0.078279351
0.016804042
-0.66231341
-0.38609674
-0.085947782
0.1159696
0.20969149
-0.39999492
-0.087252623
0.24614822
0.46141722
0.55357165
-0.023253605
0.33004953
0.6998902
0.92661845
1.0148796
0.33274941
0.71575121
1.1141057
1.347708
1.4266347
-3.9792227
-2.9548357
-2.007514
-1.3039599
-0.95674114
-4.2179808
-3.0499975
-1.997023
-1.2149468
-0.83381575
-4.5765077
-3.162564
-1.9430406
-1.0327809
-0.59688692
-4.9005254
-3.1889136
-1.7892686
-0.73967272
-0.24788579
-5.0746396
-3.1178534
-1.5891721
-0.44074502
0.087965715
-27.706473
-30.60305
-35.306256
-40.307925
-43.867973
-25.981805
-28.901862
-33.411214
-38.14636
-41.506037
-23.744804
-26.526888
-30.672086
-34.976037
-38.088674
-21.603642
-24.130653
-27.929323
-32.031984
-35.236848
-20.08288
-22.461288
-26.117358
-30.239186
-33.444225
-19.327028
-21.584929
-25.192795
-29.437619
-32.539685
-17.655607
-19.910121
-23.732569
-27.827217
-30.416852
-15.790677
-18.238978
-21.840638
-25.186368
-27.49572
-14.688516
-16.909149
-19.863076
-22.855016
-25.232841
-13.988257
-15.807629
-18.509548
-21.549797
-23.807066
-70.141848
-75.276431
-84.356737
-94.695773
-101.69332
-66.388252
-71.776722
-80.657342
-90.415252
-97.803444
-61.76866
-67.01209
-75.177362
-84.481242
-91.889558
-57.520866
-62.213989
-69.844469
-78.840559
-85.747289
-54.485716
-58.924826
-66.410268
-75.05498
-81.554416
-52.917171
-57.345387
-64.753788
-73.09164
-79.437413
-50.092451
-54.414002
-61.327036
-69.285757
-75.892709
-46.051097
-49.953056
-56.484371
-64.490258
-70.829218
-41.955509
-45.709324
-52.200145
-59.663057
-65.054155
-39.32568
-43.135874
-49.33322
-55.984985
-60.926368
-33.94482
-36.675269
-41.337605
-46.884936
-50.880684
-31.66584
-34.433261
-39.159487
-44.343193
-48.054723
-28.819939
-31.665688
-36.013848
-40.621875
-44.117259
-26.540092
-29.030504
-32.732462
-36.93225
-40.205849
-24.913263
-27.042805
-30.499714
-34.522529
-37.635203
-54.528787
-38.182559
-21.612708
-12.012385
-7.9236947
-63.506034
-44.824845
-24.99233
-13.39918
-8.6072838
-77.292246
-56.153329
-31.172446
-15.782106
-9.6479057
-90.388393
-68.84637
-39.045943
-18.73418
-10.699895
-98.017301
-77.78769
-45.489068
-21.231204
-11.433159
-101.36275
-82.264207
-49.115106
-22.811898
-12.060015
-106.63091
-90.572715
-56.767801
-26.585973
-13.678675
-110.98753
-100.76503
-68.607738
-33.113281
-16.297553
-111.29942
-107.54356
-80.131245
-40.536088
-19.42947
-109.51633
-109.8669
-87.162596
-45.910344
-21.834363
-83.035589
-91.646539
-103.63565
-111.60113
-108.49545
-79.738283
-87.434236
-99.020343
-110.35013
-111.56908
-74.265759
-80.666628
-92.275381
-106.46874
-111.93347
-68.061365
-74.240504
-86.042735
-100.47247
-108.5762
-63.892669
-70.247743
-81.79749
-95.59039
-105.00676
0.56654104
0.957938
1.3581154
1.5940038
1.6740797
1.1135688
1.5359081
1.9597008
2.1927726
2.2620109
2.2138865
2.6820855
3.1498318
3.3914419
3.4377741
3.9790106
4.4725114
4.9323368
5.1388735
5.1538368
5.8059366
6.3155952
6.743339
6.8468705
6.7722847
5.7342994
6.2597338
6.7038994
6.8197124
6.7518869
3.6371226
4.2032185
4.7423051
5.0094132
5.052131
1.4945613
2.1109133
2.7479935
3.1178352
3.2243247
0.049474591
0.69014368
1.3664905
1.7892937
1.9522235
-0.70652242
-0.052253247
0.65124433
1.1145811
1.3090611
-4.5162129
0.20637649
2.6718707
4.6177359
5.3682051
-7.3660892
-1.9795768
0.48118575
2.4925476
3.2501113
-10.930523
-4.4618826
-1.8197417
0.30793865
1.0725875
-13.916081
-6.4096666
-3.4713482
-1.1873951
-0.40658952
-15.713555
-7.5130767
-4.3544264
-1.9678539
-1.1816241
-13.471659
-15.209603
-17.914488
-20.853858
-22.95131
-12.54961
-14.195492
-16.804162
-19.513309
-21.349981
-11.411498
-12.939788
-15.198636
-17.329753
-18.779197
-10.241277
-11.457131
-13.096305
-14.741135
-16.075883
-9.1462745
-10.079563
-11.397129
-12.98586
-14.416962
-8.4988765
-9.3107139
-10.59676
-12.312577
-13.798744
-7.2160893
-7.9620549
-9.3503914
-11.099416
-12.428564
-5.7362086
-6.499806
-7.8516709
-9.3171703
-10.342604
-4.5583977
-5.2695953
-6.3202466
-7.2996448
-7.9538139
-3.5364014
-4.0660514
-4.7200806
-5.3076335
-5.7212284
-38.146735
-41.897743
-47.756965
-54.013188
-58.920615
-35.862118
-39.262658
-44.363883
-50.181648
-55.160513
-32.059304
-34.784366
-39.253079
-44.97125
-49.829769
-27.799619
-30.198746
-34.527766
-40.051424
-44.501334
-24.949346
-27.299187
-31.520519
-36.673823
-40.785264
-23.60509
-25.915759
-29.98398
-34.9118
-38.887735
-21.118399
-23.261416
-27.022528
-31.573492
-35.24189
-17.577143
-19.442359
-22.663103
-26.591225
-29.824319
-13.642163
-15.20565
-17.834154
-21.158826
-24.066216
-10.447797
-11.79601
-14.118782
-17.147458
-19.807849
-14.590551
-16.158841
-18.375193
-20.698177
-22.547909
-13.108664
-14.384786
-16.292907
-18.427748
-20.156463
-10.846103
-11.86811
-13.460022
-15.266343
-16.733717
-8.2973616
-9.0038213
-10.140339
-11.613036
-12.906155
-5.9599396
-6.40528
-7.3265562
-8.6538888
-9.8151862
-108.09032
-110.34109
-90.357816
-48.693889
-23.134409
-104.51275
-109.89312
-95.612831
-54.033431
-25.780494
-97.857255
-106.31062
-100.57288
-61.166202
-29.696979
-89.876818
-100.09416
-102.15861
-66.93499
-33.384059
-83.91844
-94.944548
-101.42078
-69.790931
-35.54078
-80.849258
-92.187675
-100.49407
-70.869067
-36.509387
-74.66391
-86.43273
-97.766838
-72.294988
-38.078315
-65.830931
-77.59953
-92.096187
-72.504101
-39.099375
-57.321332
-68.084234
-84.75648
-70.344341
-38.467903
-51.268057
-61.005878
-79.120689
-67.604542
-36.992934
-41.11268
-45.931606
-54.796001
-66.22676
-75.75169
-37.292279
-41.921542
-50.410471
-61.138853
-70.038292
-31.697604
-36.004042
-43.625204
-53.288175
-61.501925
-25.83883
-29.624231
-36.286063
-45.190846
-53.01517
-21.383922
-24.688209
-31.015647
-39.583281
-47.009937
-1.0396113
-0.37231714
0.35377281
0.83321988
1.036011
-1.5624684
-0.88681205
-0.14717036
0.35719776
0.58572796
-2.1209158
-1.4380168
-0.68549725
-0.15653711
0.095272382
-2.4820598
-1.7978799
-1.0450625
-0.5057435
-0.24033595
-2.6366135
-1.9571502
-1.213108
-0.6725485
-0.40200115
-2.6947931
-2.0171525
-1.2786341
-0.73942842
-0.46822167
-2.7619788
-2.0911732
-1.3690213
-0.83786997
-0.56667242
-2.773124
-2.1192708
-1.4318941
-0.91935498
-0.65256173
-2.6930733
-2.0632309
-1.4226981
-0.93824939
-0.68366849
-2.5879175
-1.9806141
-1.3800414
-0.92135388
-0.68110358
-23.732071
-12.193443
-7.3318483
-3.8977709
-3.1915845
-24.120313
-12.876495
-7.6886538
-3.9337572
-3.2442417
-23.828858
-13.934402
-8.2339464
-3.8969363
-3.2195086
-22.807919
-15.126492
-8.8711901
-3.7637434
-3.0935096
-21.93037
-16.113765
-9.4231102
-3.6281629
-2.9577993
-2.6831545
-3.0750603
-3.5352001
-3.9529453
-4.3124076
-0.60250805
-0.77709982
-0.98488375
-1.2645811
-1.5559513
2.744372
2.7950398
2.8605261
2.8624647
2.8237595
6.8734849
7.1221863
7.4606784
7.7329259
7.885589
10.655835
11.042239
11.513233
11.91247
12.183872
12.913475
13.334321
13.879596
14.380884
14.722871
17.309176
17.810615
18.588638
19.354343
19.795664
24.314455
25.04937
26.212638
27.371144
28.144913
31.582931
32.679154
34.264683
35.877037
37.066741
36.179601
37.410957
39.204743
41.11804
42.480515
-8.6774877
-9.9163742
-12.076575
-14.915137
-17.437332
-5.1402092
-6.1488523
-7.9413726
-10.43441
-12.768651
0.59332231
-0.04846541
-1.4173498
-3.6074979
-5.6658025
7.4371336
7.1370833
6.2149427
4.2901239
2.3870016
12.764108
12.668993
11.835986
10.184424
8.7408766
15.279913
15.069191
14.417622
13.571402
12.689565
21.942197
22.086813
22.053545
20.963178
18.760392
31.333429
31.441065
31.395964
30.439015
28.630411
44.14295
45.274264
46.342034
46.212035
45.322873
46.884961
44.988437
39.120166
30.025273
23.371901
14.89312
15.171208
15.357454
15.333318
15.279689
20.008309
20.382803
20.891727
21.415809
21.800581
28.548249
29.273652
30.252478
30.968951
31.247823
37.675307
38.828578
40.539752
42.266095
43.511776
43.170948
44.446267
46.15522
47.34152
47.343438
-48.004613
-57.250361
-76.167133
-65.834183
-36.110112
-41.217598
-50.23312
-69.981859
-61.220652
-34.130356
-30.942373
-40.28764
-59.055574
-52.779404
-31.103542
-20.283762
-29.352044
-45.896042
-43.902635
-29.715546
-12.201834
-20.106189
-36.096
-38.638903
-30.293656
-7.4578926
-14.479094
-29.924013
-36.484728
-30.628123
3.1459987
-5.9367643
-23.022841
-32.879772
-33.417791
15.409934
9.5615009
-2.9632203
-27.843749
-41.076483
30.517392
20.35421
-3.9878438
-37.806759
-50.675954
-2.9461934
-6.5105712
-24.74636
-53.193094
-61.224948
11.936779
9.3880349
4.8653428
-0.11787095
-4.0583562
17.143721
15.332029
14.879375
12.064428
6.3723903
26.98027
24.965711
24.092486
21.551968
18.858097
44.621744
42.396044
39.29045
36.507728
33.165305
20.537642
17.887632
13.804363
3.8540357
-3.1346702
-2.5210383
-1.9280218
-1.3512661
-0.90705207
-0.67428074
-2.3738981
-1.8032913
-1.2735172
-0.85976381
-0.64231899
-2.1134967
-1.5833097
-1.1304815
-0.76746817
-0.58214542
-1.8332696
-1.3477055
-0.98142222
-0.67206289
-0.51673453
-1.6800663
-1.209297
-0.89555115
-0.61060726
-0.46922818
-1.6357389
-1.1557414
-0.85140084
-0.57484814
-0.44629116
-1.5260809
-1.0386589
-0.78342713
-0.54073753
-0.42986986
-1.5444907
-1.0352832
-0.82003281
-0.58776164
-0.47019498
-1.8106536
-1.2826642
-0.98392885
-0.68618038
-0.52805064
-1.950237
-1.430835
-1.0316995
-0.70047541
-0.51430221
-28.000477
-29.563068
-18.777666
-2.3069948
-2.1017499
-31.986652
-34.68921
-22.57477
-2.1531111
-2.0998035
-39.297262
-45.583154
-29.80509
-2.1038991
-2.3286846
-51.667861
-58.828946
-35.711307
-2.1022989
-2.8899569
-60.916287
-67.85306
-35.537333
-2.1954013
-3.1380467
37.899939
39.139284
41.127294
43.111835
44.435589
39.597433
40.956323
42.969216
44.718483
45.746703
37.457269
38.885177
40.625955
41.830769
42.261066
30.628053
32.111294
33.822057
34.828063
34.953661
24.735867
26.30501
28.008508
29.035229
29.245662
21.926767
23.383005
24.897538
25.842874
26.21235
18.241729
19.090152
20.207521
20.84017
21.10389
15.964048
16.335987
16.736199
16.832542
16.716471
15.913205
16.209388
16.114171
15.656854
15.26855
16.240937
16.455795
16.393109
15.732577
15.175308
15.167652
15.873416
18.001034
20.1319
21.316869
13.451261
14.232685
15.38012
16.939057
17.919921
12.634484
13.426714
14.302983
15.091109
15.664745
13.936617
14.250355
14.833793
15.370779
15.727281
14.985038
15.300231
15.636146
15.962388
16.194855
41.246143
34.053543
19.748791
3.0365988
-5.8622096
25.684741
14.660422
-2.2400724
-17.932763
-24.632902
17.715704
8.4911701
-5.4850579
-18.084631
-19.969776
17.738201
10.733989
0.94674354
-10.299488
-18.502306
17.643907
11.764879
3.5142645
-8.0085532
-17.659572
-29.518368
-32.196987
-46.656033
-62.327424
-66.335004
-51.033365
-54.398472
-59.794911
-64.09681
-66.665268
-41.011844
-42.480463
-43.136081
-43.524902
-43.891079
-11.97995
-10.348144
-7.4037881
-4.0623872
-0.068544558
-1.2127149
2.0753976
6.7926548
11.526245
16.043878
-1.8496946
-1.4028497
-0.98932794
-0.67609209
-0.4845757
-1.2566378
-1.0399632
-0.74458584
-0.53285654
-0.38659721
-0.001298619
-0.038405588
-0.074458996
-0.09450798
-0.094411443
1.1215797
0.90056108
0.62390199
0.41267321
0.29243895
1.6727263
1.3448262
0.98117182
0.69157393
0.52210292
