FiniteElementSpace
FiniteElementCollection: L2_2D_P4
VDim: 1
Ordering: 0

6.7424199
8.1281999
11.113944
14.906788
17.580331
7.1866926
8.0542132
10.189973
13.661205
16.739292
10.480974
10.795699
11.685039
13.663757
15.975943
16.52204
16.481273
16.514594
17.062265
18.073635
21.664328
21.644528
21.480833
21.401716
21.766564
29.690422
30.947055
32.702842
33.684909
33.789104
31.559044
33.152004
34.986014
36.11936
36.365291
34.581448
36.776864
39.163507
40.691819
41.208922
37.711092
40.489207
43.87462
46.268264
47.324535
39.704657
43.136709
47.201773
50.161519
51.570197
40.365332
48.624721
61.003646
71.340071
66.29332
43.693182
52.23843
64.180164
72.158638
64.806548
47.968255
56.131477
67.868368
71.852691
61.062434
52.353628
59.378139
70.149367
69.692457
55.751914
55.945638
61.911281
70.94901
67.052688
51.515544
3.2436021
2.5908808
1.8979329
1.378031
1.1002974
3.3216285
2.6629395
1.9474126
1.4167277
1.1311072
3.4171837
2.751491
2.0089773
1.4596828
1.1659813
3.4830393
2.81128
2.05228
1.4881962
1.1901044
3.5074138
2.8339305
2.0677084
1.4981111
1.1997347
45.373153
47.826502
51.080641
53.855319
55.376727
46.303189
48.808599
52.37866
55.869236
57.960452
45.248484
48.626955
52.709118
56.551712
59.337175
41.039441
45.737941
51.122376
55.353792
58.294935
37.220542
42.57865
49.12459
53.740281
56.673728
60.230726
61.213847
63.222063
67.676504
75.884527
65.621129
66.648452
68.624481
71.93677
76.664192
70.821627
71.945771
73.287784
75.963119
77.885583
70.569932
72.480467
75.936369
79.310323
82.503975
68.638415
70.009787
72.591074
76.078629
78.557162
77.722698
75.387527
61.454887
39.979515
26.083879
80.054877
74.776153
56.95156
35.25103
22.998024
81.868486
71.350677
49.682663
29.222079
19.336272
79.421166
64.918125
42.021861
24.171531
16.357871
74.490102
59.012231
36.673569
21.05174
14.484567
3.3446311
2.6937692
1.9509142
1.4055096
1.1211574
3.2672259
2.6232551
1.8918931
1.3582969
1.0814408
3.0946055
2.474573
1.7775358
1.2739272
1.0140245
2.859507
2.2855573
1.6444675
1.1822954
0.94295723
2.6851231
2.150578
1.5520895
1.1189527
0.89367427
28.364802
33.521425
42.743791
50.774214
53.64822
29.774192
33.926071
41.883071
50.936606
55.623914
33.171179
36.827081
42.945984
50.889621
57.004582
37.086885
41.077958
46.889214
52.962917
58.240987
40.005729
43.924864
50.203749
56.269099
60.556686
66.204979
69.201819
73.73893
78.803794
82.992941
66.390647
69.538433
74.168092
79.114622
82.754834
66.38394
69.732749
74.718742
79.552123
82.311158
67.609908
70.255106
74.875188
78.594612
78.983461
69.644866
71.255712
74.530778
76.198104
74.166223
37.224806
26.083172
15.343793
9.9455389
7.3808393
32.556144
22.845082
13.693355
9.0409604
6.7569322
26.57374
18.788705
11.584347
7.790953
5.891164
21.401068
15.340778
9.6959239
6.6103977
5.0588287
18.345464
13.293204
8.5295433
5.8685979
4.5254249
1.7573084
1.4171965
1.0348323
0.7564662
0.61107311
1.6395485
1.3204439
0.96346831
0.70516824
0.57085456
1.4775291
1.1930362
0.87423417
0.64333314
0.52331477
1.3217523
1.0745102
0.79651481
0.5939401
0.4879446
1.2215039
0.99918942
0.74894841
0.56605837
0.46993068
64.165043
67.980551
73.837898
80.601602
85.602081
68.677619
72.651196
78.929922
85.490923
89.919414
75.985909
79.734617
85.847899
91.58842
94.02003
83.821458
87.322754
91.491461
93.441389
92.130304
88.851634
91.689351
93.563232
91.314036
87.00337
71.327304
58.939644
45.386494
35.887693
30.791684
65.172858
51.727505
38.705142
30.298288
25.95274
53.858908
41.295976
30.475702
23.755711
20.345538
42.362701
32.474127
24.108349
18.835596
16.15386
35.886611
27.741211
20.756777
16.264781
13.987608
7.4288316
5.7133777
4.001115
2.944675
2.4026779
6.4894029
5.0536908
3.6082404
2.7040373
2.2389889
5.4380875
4.3288445
3.1982255
2.4776669
2.1056532
4.7297527
3.8699726
2.9829012
2.4068621
2.1077454
4.430965
3.7066706
2.952154
2.4549308
2.1953196
0.9296621
0.82211447
0.69813906
0.60372004
0.55155005
0.95930552
0.86421883
0.75374119
0.66817348
0.61982614
1.0605838
0.98050018
0.88609759
0.81105892
0.76709384
1.2476858
1.1791431
1.0962525
1.0277316
0.98616348
1.4367866
1.3750527
1.2987918
1.2325693
1.1900393
31.977406
31.188784
26.971605
17.862796
10.227898
29.690806
29.525284
27.575448
22.322661
16.630719
29.065193
28.910287
28.855372
27.553457
24.926591
30.433324
30.132356
30.713883
31.918936
32.079035
32.382145
31.901531
32.413471
34.601457
36.237435
25.313173
27.375023
29.447224
30.938252
31.602131
24.748064
26.491721
28.299227
29.255252
29.501619
25.52299
26.947099
28.453148
29.112238
29.093918
27.375937
28.762145
30.176872
30.685798
30.557548
28.816149
30.167612
31.779332
32.52504
32.514644
31.249391
13.069141
6.8243286
5.0626825
4.427029
41.221093
15.334878
6.8384683
4.8812928
4.2293036
52.833947
18.88947
6.7729993
4.8774009
4.002913
57.93581
21.962854
6.5498146
5.0704786
3.830935
57.618377
23.426346
6.355234
5.2413018
3.7332864
11.041452
21.667596
39.962859
52.86532
45.999038
17.049553
25.836658
43.483438
62.707011
57.99361
25.758951
35.030767
47.56864
67.261178
67.562063
33.274585
42.565719
54.71384
68.735419
68.524413
38.11279
46.583418
59.554887
70.374604
66.88054
0.81653421
0.65264874
0.46462451
0.32653892
0.25270316
0.84702285
0.68045866
0.48867525
0.34515137
0.2672807
0.89351697
0.71497973
0.51312816
0.36379122
0.28294343
0.94351436
0.75273605
0.53762342
0.37941776
0.29488936
0.97463771
0.77784044
0.55557311
0.39127381
0.30317185
2.6220574
2.0628452
1.5449203
1.1280374
0.91699129
2.7427544
2.164513
1.6046495
1.1670873
0.94649397
2.9188029
2.3145365
1.7086345
1.2410466
0.99789668
3.0961011
2.4583609
1.8059724
1.3130608
1.0520971
3.2037415
2.550683
1.8675892
1.3564692
1.0853263
19.655897
20.918941
22.570049
23.89259
24.477314
23.768154
25.502179
27.528502
29.147983
30.050185
27.878901
30.236245
33.25779
35.728624
37.163272
29.589085
32.521776
36.371741
39.865912
41.989642
29.186656
32.9224
37.345183
41.191685
43.766903
18.807943
20.990238
24.206668
27.332703
29.029267
18.380369
21.392707
25.161426
28.455185
30.628524
17.500634
21.008629
26.290243
30.719679
33.27815
18.798299
21.042546
26.34041
32.677107
36.199045
22.18707
23.268089
26.624024
32.746706
37.770991
24.159818
24.893149
27.592452
32.745668
37.875554
29.889609
29.668482
30.59342
33.874706
37.952435
40.314934
39.832416
39.062282
39.389136
40.930358
49.569207
49.974303
49.927833
49.359854
49.521695
54.214385
55.071717
56.285506
56.836072
56.513005
24.621612
24.653519
24.416529
24.133084
24.029847
30.387811
30.808081
30.879419
30.543176
30.130441
37.821829
38.901369
39.959354
40.355001
40.39329
42.974556
44.772784
47.030824
48.629097
49.303001
44.948393
47.092622
49.934069
52.407477
53.749939
33.694922
33.090967
33.467056
35.926086
38.17199
36.406615
35.942284
36.0864
38.516283
41.400763
41.414672
41.228503
41.210227
43.114174
45.713596
47.637868
47.573903
47.640035
49.094172
50.532737
52.184512
52.381913
52.701424
53.954761
54.556065
54.635418
54.909321
55.512195
56.664161
56.728661
59.632623
60.418415
61.041092
61.993338
61.184059
66.619292
68.31588
70.003309
70.629122
67.732041
73.26048
75.86159
79.515815
80.57766
74.736718
77.703721
81.276985
85.491326
87.24882
80.014023
40.491985
44.572673
48.807721
52.056981
53.949864
40.751288
46.106811
52.258548
56.117902
58.489804
42.2021
46.831373
55.502369
62.446359
65.063553
49.800101
50.575708
56.155536
66.393926
71.607498
57.163018
57.730433
59.205156
66.246747
75.194629
56.5926
23.881305
6.2710018
5.319586
3.6888528
54.162103
24.08314
6.1891175
5.4230751
3.666512
49.972216
23.1015
6.1895145
5.4727903
3.7051998
44.930789
21.203142
6.2346801
5.4517023
3.772412
41.10221
19.659445
6.264334
5.4103145
3.8119447
39.072637
18.84444
6.2784751
5.3783792
3.8237978
35.076743
17.262442
6.3068677
5.30907
3.840242
29.484367
15.098649
6.3243871
5.1757047
3.828298
24.558001
13.249466
6.2940711
5.0073072
3.7743561
21.702418
12.197013
6.2369405
4.879545
3.7220761
57.928893
63.415184
71.194584
65.370442
49.230267
61.962187
66.578536
71.28871
61.53331
44.633074
67.474234
71.042857
70.120627
54.880433
37.921094
72.512195
74.158911
66.866169
47.560487
31.654367
75.937818
75.168313
63.46357
42.503202
27.853868
0.98761737
0.78752482
0.56290057
0.39707402
0.30759316
1.0153392
0.80866808
0.57674305
0.40631417
0.31483418
1.0453845
0.83272725
0.59350195
0.41752465
0.32295244
1.0641566
0.84748615
0.60367517
0.4244633
0.3283389
1.0708021
0.85271701
0.60680553
0.42623079
0.32991683
1.0711147
0.85317755
0.6069634
0.42602156
0.32972859
1.0679954
0.85084204
0.60552439
0.42526999
0.32934064
1.0554233
0.84105771
0.59855563
0.42037868
0.32545926
1.0341359
0.82332987
0.58485396
0.40977772
0.31670668
1.0123796
0.80435323
0.56983934
0.39840424
0.30765587
3.5104604
2.8388192
2.070533
1.4991443
1.2011288
3.5108535
2.8399788
2.069033
1.4964939
1.1992327
3.4865132
2.8168167
2.0477128
1.4798034
1.1857984
3.4293088
2.7662002
2.0086803
1.4514669
1.1617301
3.3757026
2.7211602
1.9740677
1.4246663
1.1379128
27.871402
32.616492
37.792426
41.531894
44.04941
23.392994
28.984182
36.413398
42.098706
44.986935
16.580683
22.269375
30.771765
38.816097
43.333318
10.959941
16.58301
24.673228
32.832439
38.350332
7.9871841
13.671112
21.762811
29.205225
34.358894
6.5969769
11.919152
20.509899
28.45926
33.286809
5.6241472
9.8888529
17.709021
26.380528
31.775503
5.7026415
9.1603552
15.144285
22.919116
29.044242
6.8995717
10.224265
15.255094
21.088361
26.308536
8.2546227
11.416155
16.444968
21.695257
25.741635
56.057087
57.164097
58.320897
59.586824
60.136608
58.826364
60.395609
62.292377
64.0433
65.229888
60.606815
62.898416
65.973365
68.322318
69.634234
59.920893
62.82856
66.005685
68.143543
69.532799
58.29266
61.19104
64.795233
66.727768
67.570086
57.282962
60.133436
63.970162
66.321074
66.971482
55.514704
58.566765
62.200925
65.016925
66.600441
52.853353
56.272447
60.248455
63.428439
65.292902
51.903852
54.468404
58.699258
62.563645
64.780267
53.101173
54.416943
57.940156
62.196844
64.885301
35.77298
40.806574
47.790965
52.90162
55.732208
34.198752
38.694914
45.052706
50.687426
53.874574
32.053075
37.4634
43.53199
48.323849
51.224158
29.315827
35.698576
43.611168
48.685444
50.923992
28.182413
34.066159
43.360345
50.15093
52.403853
80.693379
84.772963
88.177753
89.877628
82.790935
82.11918
90.117201
96.373997
95.760685
86.733681
79.005925
88.393753
103.55337
104.80998
90.822322
84.93742
86.384038
101.24115
108.23975
90.59193
80.880344
84.973313
96.568316
101.50783
85.61433
80.085508
84.279876
94.88255
96.54011
83.010058
82.205614
87.652473
91.856209
87.69565
76.363906
85.723314
90.292745
94.652775
79.405655
62.795088
87.652332
90.545789
96.563982
76.864149
53.242341
87.117761
90.213184
95.121342
75.717193
49.020216
68.156269
70.384566
71.75786
75.173852
78.685377
67.723481
71.452623
75.497435
78.449092
80.912673
66.61076
69.926679
75.654202
81.279972
84.614352
65.998323
69.010806
74.004503
80.214341
84.980731
66.012583
69.05862
73.563328
78.923593
83.624478
20.397953
11.715864
6.1975918
4.8152732
3.6928186
18.178128
10.910516
6.1160294
4.6855723
3.6190638
15.584377
9.900343
5.8982425
4.4320409
3.4425917
13.432563
8.8992092
5.5108593
4.0830744
3.1851082
12.001677
8.1372795
5.1564262
3.8111439
2.9889497
11.290509
7.7464877
4.9714444
3.6748165
2.8890276
9.9732127
6.9988225
4.5994884
3.4093014
2.6961404
8.3660986
6.0495882
4.0890274
3.0398006
2.4257343
7.2338563
5.3465257
3.6748952
2.7231668
2.181973
6.655361
4.9809605
3.4441343
2.5368737
2.0319838
72.831388
55.751891
34.005333
19.528214
13.537563
67.194887
48.980552
28.886498
16.802039
11.839833
55.347067
39.447477
22.789428
13.624776
9.8620737
45.281759
31.781563
18.535239
11.485072
8.4329774
39.969689
27.83593
16.34376
10.427537
7.7021705
0.9969329
0.79131987
0.56006323
0.39143481
0.30230941
0.96108804
0.76225612
0.53940391
0.37721665
0.29158331
0.90135381
0.71550317
0.50736876
0.35571361
0.27552863
0.8393891
0.66781958
0.47501794
0.33396305
0.25915899
0.79627482
0.63438531
0.45210456
0.31843182
0.2473992
0.77308443
0.61640839
0.43981551
0.31012428
0.24112076
0.72819886
0.58135812
0.41566692
0.29376636
0.22878829
0.66566955
0.53242817
0.38184374
0.27085917
0.2115975
0.60659821
0.48685096
0.35111487
0.25064297
0.19677551
0.56742342
0.45712947
0.33177004
0.23849937
0.18821541
2.5957857
2.0804045
1.503137
1.085038
0.86726997
2.4244534
1.9471128
1.4102993
1.0200503
0.81626794
2.1822382
1.7598227
1.2808206
0.92965345
0.74552087
1.961585
1.5846163
1.1570805
0.84314491
0.67826528
1.8235974
1.4718289
1.0750498
0.78520859
0.63345716
9.3158231
12.35481
17.210679
22.406225
26.175066
11.418384
14.416358
19.097634
24.253746
27.855201
15.066134
17.9757
22.497171
27.558393
31.273012
19.389585
22.269444
26.679002
31.450216
35.084391
22.528001
25.454555
29.952804
34.731666
38.182303
24.190817
27.124665
31.64696
36.49743
40.014031
27.709824
30.667983
35.12824
39.977295
43.564318
33.347558
36.310901
40.75988
45.561241
49.050865
39.386775
42.469034
46.981097
51.76626
55.291757
43.691128
46.89302
51.46997
56.204687
59.896415
54.366178
54.988262
57.782897
62.011248
65.005557
57.047936
57.611183
58.502853
61.599404
64.904647
59.59955
62.440278
62.758438
63.003908
64.92351
61.150061
66.186915
68.941301
67.890364
67.06117
63.03228
68.202643
73.049458
72.786806
70.006895
64.496127
69.482857
74.96974
75.423272
71.800526
68.216602
72.558891
78.590088
80.663223
76.020232
74.804707
78.970087
84.374777
86.707038
81.629098
81.55084
86.715012
91.158811
89.246033
82.769265
85.762934
91.141669
94.885674
88.619121
79.74616
41.80472
45.580832
51.859474
58.113753
62.171727
45.472931
49.225571
55.299467
61.924199
66.121684
50.959408
54.900355
60.919321
67.685321
72.564408
57.052408
60.913601
67.07332
73.746356
78.799168
61.79854
65.430955
71.480508
78.337506
83.143166
86.202466
89.822885
93.142517
73.995947
46.960674
85.092074
87.826466
87.878232
68.53561
42.82589
83.407527
83.085262
77.214272
57.744576
35.585292
78.20983
74.545982
64.248976
45.971537
28.29695
72.074156
66.464955
54.866622
38.422656
23.909776
68.491535
62.045623
50.250374
34.976459
21.965045
60.396036
53.139576
41.907463
29.105855
18.58631
47.994481
41.141782
31.892066
22.295292
14.573054
37.042865
31.477542
24.357348
17.169206
11.480019
31.049924
26.357993
20.379696
14.429592
9.8060984
70.974974
72.027784
74.012524
73.902455
71.043746
73.698908
73.04935
71.970485
68.379823
63.601743
76.965955
72.607799
65.660147
57.734307
51.447166
76.782857
67.957649
56.220832
46.272715
40.080563
73.771845
62.335589
48.996853
39.133526
33.6338
6.3951443
4.8151712
3.3364967
2.4489863
1.9600246
5.8979766
4.4839731
3.1276084
2.2886147
1.8301763
5.1725045
3.9781308
2.8024788
2.0531254
1.6477129
4.4638334
3.4697886
2.4710516
1.8196231
1.4694108
4.0063234
3.1376388
2.2534786
1.6682538
1.3542901
3.7843236
2.9745999
2.1465641
1.5953137
1.2995145
3.3848813
2.6809518
1.9533305
1.4637526
1.2016271
2.8784159
2.3088137
1.712145
1.304737
1.0869201
2.4793226
2.0184591
1.5308661
1.1942836
1.0144029
2.2701528
1.8718192
1.4470971
1.1516974
0.9938351
16.951425
12.338828
7.9773862
5.5157559
4.269373
14.494508
10.653589
6.9851173
4.8757271
3.8056388
11.546152
8.6108437
5.7583812
4.0756712
3.2199814
9.249408
6.9993153
4.7809103
3.4404138
2.755519
7.9884364
6.1081561
4.2401815
3.0952734
2.5083809
0.5477566
0.44221077
0.32216926
0.2326361
0.18419382
0.51252221
0.41539334
0.30499931
0.22243051
0.17746374
0.47122944
0.38451328
0.28592352
0.21188642
0.17122498
0.44181262
0.36463552
0.2762618
0.20909762
0.17166773
0.42792042
0.35728524
0.27561826
0.21260984
0.17688922
0.42249821
0.35526415
0.27707754
0.216142
0.18121523
0.41765234
0.35643414
0.28447623
0.22724108
0.19360812
0.42635152
0.37288151
0.30856237
0.2554031
0.22280134
0.45941172
0.4123073
0.35378211
0.302778
0.26981693
0.50022582
0.45631894
0.40040558
0.34974557
0.31555229
1.1739525
0.96378709
0.72695212
0.55365128
0.46243934
1.0901346
0.90309848
0.69165684
0.53615597
0.45382557
0.99373947
0.83737503
0.6597795
0.5280588
0.45759346
0.93710487
0.80708354
0.65852409
0.54705999
0.48653141
0.9258175
0.81114056
0.67953736
0.57998215
0.52515325
45.909
49.257646
53.857843
58.508889
62.095493
50.38804
53.883001
58.703403
63.395087
66.713567
57.331653
60.930152
66.002958
70.938827
74.274789
64.714487
68.423885
73.678093
78.685671
82.092123
69.996042
73.701144
79.167721
84.209326
87.301431
72.912276
76.328121
81.818111
87.092136
90.133712
78.96664
82.509663
87.379706
91.805329
94.105222
86.318597
90.486499
95.181357
97.349189
96.740524
89.088585
93.774415
97.860798
97.479966
93.824722
85.789766
90.663885
94.399602
93.883002
90.309558
88.077406
92.889845
95.594041
87.075868
77.043313
91.808005
94.693784
94.235873
82.256144
70.046085
94.347254
92.847734
85.961872
70.987374
57.657369
90.436362
84.782393
73.164191
57.813716
46.06065
84.031856
76.430669
63.738334
49.651764
39.69854
80.186048
71.959152
59.20139
46.107819
36.992497
71.728127
63.25975
51.471527
40.322872
32.687419
60.239082
52.809201
43.217691
34.526884
28.61772
52.41295
46.381692
38.681713
31.767662
27.094776
49.835384
44.61547
37.87583
31.767611
27.631193
91.380514
93.213669
93.343126
89.102394
83.638633
94.709318
94.663271
91.078933
83.036377
75.726468
95.604453
91.78854
83.092748
71.995458
64.099943
91.023445
84.654583
73.712948
62.627741
55.660135
87.389513
80.409679
69.01882
58.819214
52.708571
28.416678
24.086879
18.613559
13.227996
9.069303
23.92027
20.26038
15.672515
11.217694
7.8295794
18.728691
15.880684
12.331519
8.9550012
6.4400267
14.891848
12.674503
9.9260459
7.3568453
5.4811701
12.918212
11.039893
8.7262463
6.5891619
5.0499287
12.078953
10.35578
8.2379356
6.2922574
4.8986078
10.783106
9.3208445
7.5247975
5.8889182
4.7327732
9.6144561
8.4331992
6.9859718
5.6909
4.7973824
9.2421458
8.2486848
7.0463085
5.9969629
5.2918175
9.4510361
8.559493
7.4872917
6.5626003
5.9504129
33.17031
25.694554
19.304391
15.163122
13.066985
28.548654
22.327632
16.94377
13.409401
11.623799
23.64203
18.823154
14.573077
11.740327
10.294186
20.751816
16.928171
13.444065
11.051974
9.8166336
19.924095
16.508704
13.30167
11.096757
9.9705552
2.1817114
1.8126115
1.417348
1.1411198
0.99343887
2.0484198
1.7298492
1.3867266
1.1450753
1.0155007
1.9519032
1.6945617
1.4146721
1.215156
1.1075913
1.9830505
1.7737375
1.5436871
1.3776282
1.2874577
2.0864267
1.9032163
1.7004066
1.5528199
1.4724187
2.1670963
1.9958209
1.8053265
1.6657025
1.5892347
2.3935864
2.2431267
2.074089
1.9480216
1.8777321
2.9108243
2.7851179
2.6419245
2.5324559
2.4696133
3.7366771
3.6292039
3.5052874
3.408659
3.3519666
4.5567022
4.4581742
4.343547
4.2528586
4.1989168
4.3359666
3.6700205
2.9729209
2.5106258
2.268861
4.2637021
3.6953014
3.0955075
2.6935012
2.4827604
4.4324866
3.9758982
3.4896753
3.1591268
2.9850513
5.0020312
4.6277605
4.2250389
3.9470738
3.7998947
5.6974913
5.3632102
5.0008741
4.7484787
4.614508
0.52776438
0.48542322
0.43027963
0.37910891
0.34411815
0.5974832
0.55722469
0.50315071
0.45034045
0.41263252
0.74610513
0.7069531
0.6514999
0.59378104
0.55016103
0.96589715
0.92665818
0.86683312
0.79972045
0.74727504
1.1686394
1.1274283
1.0642275
0.98966085
0.92782008
1.2955704
1.2510083
1.1811745
1.1022092
1.0379106
1.5918176
1.5463968
1.469299
1.3745591
1.2973411
2.167912
2.1138421
2.023264
1.9083403
1.8086583
3.0262023
2.9509604
2.8221603
2.6684052
2.5436632
3.8686971
3.7839664
3.6218798
3.4057875
3.2314608
1.5551973
1.496146
1.4231765
1.359422
1.3173798
1.8459693
1.7899249
1.718911
1.6556179
1.6136703
2.4404048
2.3870708
2.3145335
2.2438003
2.1942206
3.3250457
3.2745448
3.2013487
3.1221221
3.0606059
4.1730439
4.123949
4.0515591
3.9710878
3.9064431
