FiniteElementSpace
FiniteElementCollection: L2_2D_P4
VDim: 1
Ordering: 0

-0.50928891
-0.042597649
0.34651146
-1.0287165
-2.1322741
-0.52794219
-0.18513942
0.2329889
-1.0879455
-2.1928541
-0.39113648
-0.097331924
0.28544642
-0.92082604
-2.380871
-0.31556929
0.012767131
0.28435009
-0.79937557
-2.384467
-0.4534779
0.24108724
0.34014993
-0.69825717
-2.0941951
0.51644275
2.1729309
3.5487656
1.8174001
-3.2553601
0.33938601
2.0198085
3.763251
1.4782974
-4.4760304
0.36651931
1.8701051
3.8989605
1.192637
-5.7148803
0.44639872
1.937252
3.7831221
0.93076753
-6.6011802
0.41784299
2.094541
3.6012127
0.79188604
-6.518117
-73.694652
-70.551354
-66.042278
-61.475648
-58.147152
-74.498613
-71.319749
-66.800136
-62.040551
-58.541751
-76.100704
-72.885429
-68.170619
-63.217457
-59.610113
-77.551849
-74.226661
-69.337895
-64.270895
-60.556312
-78.215836
-74.980424
-70.223535
-65.017273
-61.098817
-0.63443844
0.013154007
0.45991583
-0.78866238
-1.6301427
-0.39551354
-0.027935084
0.34182634
-0.74322711
-2.0059056
-0.35543156
-0.1283097
0.27851185
-0.67044137
-2.213073
-0.54018979
-0.15715189
0.34221913
-0.92460143
-2.0345325
-0.60505213
-0.053784812
0.33890075
-0.92600854
-1.8403978
0.79451178
2.1108064
2.9192709
0.87178805
-6.6651294
0.98708884
2.1122108
3.1439056
0.63471154
-6.9334577
0.85302445
2.2651804
3.5331012
0.51185031
-6.5481178
0.60157966
2.4895566
3.732675
0.51538235
-6.4869564
0.50657625
2.5526103
3.6926621
0.77583748
-6.2852077
-76.340012
-72.002081
-66.068247
-60.262495
-56.124116
-74.329067
-69.921492
-63.730945
-57.737663
-53.489591
-72.305553
-68.321645
-62.303591
-56.226807
-51.928765
-71.218447
-67.633289
-62.026951
-55.964847
-51.621624
-71.503681
-68.050093
-62.71008
-56.890019
-52.592292
-0.45991506
0.091258582
0.29266264
-1.0438319
-1.9919935
-0.26927258
0.10994169
0.18137214
-1.1386972
-2.24088
-0.32678594
-0.079486098
0.19524859
-1.162936
-2.0780034
-0.47587982
-0.045668892
0.17698268
-1.3360533
-1.7401276
-0.39544965
0.034379128
0.15296449
-1.4132488
-1.9452124
0.57939324
2.4857861
3.8376707
1.9454723
-2.7259544
0.63696259
2.541459
3.7481213
2.2283598
-2.417601
0.72360529
2.5959958
3.8292773
2.4797264
-2.2692871
0.64266504
2.5405401
4.1500382
2.6421444
-2.1482564
0.53706162
2.3857806
4.4282045
2.9509037
-1.3458209
-68.514157
-65.292898
-60.702815
-55.91406
-52.440436
-67.979611
-64.713841
-60.139243
-55.538395
-52.220857
-66.519439
-63.215043
-58.756117
-54.318024
-51.155915
-64.475672
-60.867225
-56.124659
-51.609034
-48.537487
-62.814549
-59.082702
-54.137579
-49.526891
-46.380156
-31.037796
-27.321168
-21.768101
-16.035679
-11.963278
-31.728014
-28.161393
-22.823141
-17.278336
-13.324663
-32.101796
-28.764437
-23.761155
-18.562181
-14.840036
-31.343697
-28.377185
-23.879946
-19.138688
-15.694549
-29.899654
-27.258032
-23.278134
-19.044929
-15.933948
-0.25659811
0.048112328
0.051737256
-1.7286256
-2.0128609
-0.29365841
0.17729618
-0.063521571
-1.4786089
-1.6174762
-0.13736775
0.027491303
0.010532055
-1.4590689
-2.3265186
-0.13925696
-0.021390507
0.030823256
-1.3445822
-1.8661568
-0.36315457
0.20720484
-0.20651569
-1.5357138
-1.4181057
-0.17290624
2.2686205
4.3806452
5.1001007
3.3904527
0.30639308
2.0400743
4.283041
5.4668159
4.0316133
0.96606835
2.2815028
4.3991848
5.575189
4.3955371
0.99103302
2.714237
4.9483325
5.4185786
4.5676365
0.50545311
2.7910985
5.4624161
5.4249119
4.5696752
-49.187628
-45.234154
-40.335137
-35.39446
-31.818552
-47.785791
-44.024881
-39.494878
-35.065073
-31.862415
-46.878624
-43.414445
-39.091455
-35.028939
-32.18324
-46.580575
-43.295192
-39.001403
-35.009422
-32.329571
-46.372755
-43.090549
-38.867861
-34.874881
-32.192543
-9.8241704
-6.1233582
-1.1262512
3.0369718
5.4720124
-10.278546
-6.4281161
-0.89788853
4.2516398
7.3823986
-11.992936
-8.0279837
-2.0520749
3.9746652
7.9290522
-14.191813
-10.385599
-4.4309672
1.8848638
6.351014
-15.365308
-11.853144
-6.1595158
0.11077003
4.6513087
-0.178156
0.072987511
-0.22885815
-1.0841358
-0.16726999
0.0084695294
0.09059488
-0.25065816
-1.2734685
-0.32648758
0.028588103
0.37418878
-0.75674038
-1.7889862
-0.027025861
0.098866652
-0.26360127
-0.55865233
-0.16256106
1.0466518
0.15574757
-0.60161582
-0.12309514
0.97882134
1.4816574
-0.74373673
2.5223553
5.6351353
5.986288
5.2257464
-1.0775203
2.1424011
5.4020525
5.9128814
5.0657841
-1.3406596
1.4474612
4.8170947
6.0314538
5.1422783
-1.9426243
0.64997137
4.1991039
6.1845032
5.4867745
-2.7361766
-0.069842674
3.7402338
6.1186876
5.7839614
-44.004022
-40.909163
-37.220072
-33.745097
-31.198313
-43.663371
-40.740432
-37.195771
-33.59375
-30.867405
-42.761835
-39.596989
-35.320047
-31.591299
-29.174174
-41.420782
-37.197277
-32.383526
-29.069276
-27.116614
-40.347498
-35.737674
-31.45773
-28.363317
-26.272765
-15.82223
-13.038769
-8.8391969
-4.4529938
-1.2444648
-15.251487
-12.541576
-8.3890536
-4.0355554
-0.91324548
-14.040973
-11.404978
-7.3629855
-3.059932
0.035080791
-12.669526
-9.9910272
-5.9795539
-1.7394193
1.3367071
-11.639568
-8.8723928
-4.7916988
-0.56213838
2.486806
-1.1465663
2.142528
-0.60470566
-0.53933269
1.2846988
0.19516779
0.93042097
-0.29862975
0.0040638015
-0.42084391
0.3082548
0.28021751
0.23976481
0.4638169
-0.9672602
0.21048229
0.15292953
0.21681344
0.51786788
-0.74859463
0.21298604
0.020877965
0.071897663
0.46721004
-0.55402334
-6.2751541
-3.4620642
0.62282174
3.4790642
4.2650836
-6.8377488
-4.1886056
-0.12889301
3.1415767
4.6353197
-6.8009075
-4.8355501
-1.3738145
1.9750272
3.9985033
-5.9492138
-4.6086755
-1.9023933
0.78046245
2.4250462
-5.6462615
-4.1550012
-1.1696835
1.7086825
3.8122258
-38.952234
-37.735972
-35.411674
-33.159495
-30.760371
-35.035679
-32.32726
-32.464753
-31.840158
-30.184982
-28.189885
-26.837115
-25.680552
-26.955186
-27.107622
-26.617344
-25.5912
-21.185445
-20.492808
-20.073588
-22.40767
-20.871237
-19.49433
-16.068938
-14.663954
-9.1612793
-5.1554413
0.74596559
6.821566
11.181472
-9.0801884
-5.0389673
1.1917722
7.7747532
12.367107
-9.0236628
-4.4027721
2.4693711
9.4325346
14.391922
-8.6817386
-3.5346764
3.7698385
11.252611
16.646631
-7.5602782
-3.5706284
4.0827366
13.19012
19.026696
0.31994288
-4.6094973
-3.8081068
-0.15991103
-0.91864124
0.14653227
-4.4043737
-3.645915
-0.24111231
-0.8511245
0.28168249
-4.1650795
-3.5012692
-0.34894467
-0.94081719
0.14122976
-3.8357476
-3.4618743
-0.32982294
-1.015141
0.062420531
-3.6980997
-3.3192442
-0.17991234
-0.92076746
-0.40470526
0.037257719
0.16277964
-1.4225551
-2.0848393
-0.45556153
-0.078805245
0.18039437
-1.3455673
-1.8639584
-0.33064494
-0.066464298
0.19824745
-1.1653281
-2.1341727
-0.27032986
0.081498264
0.17344037
-1.1614329
-2.3175714
-0.44597954
0.16939242
0.32970222
-1.0448802
-2.1460809
0.078198858
-3.7050739
-3.2322598
-0.095125491
-0.94515743
0.021942408
-3.6326138
-3.1642727
-0.12718431
-0.87827712
-0.030345302
-3.498591
-3.0828848
-0.2421694
-0.75218404
-0.21071167
-3.2927607
-3.1252555
-0.25298543
-0.71949346
-0.32549182
-3.1354749
-3.1247677
-0.12330627
-0.73607816
-0.40437985
-3.1679378
-3.0520039
-0.081069169
-0.74134195
-0.26264278
-3.2537086
-2.9739668
-0.0031933669
-0.89700538
-0.14764025
-3.2279277
-2.9583916
0.039683368
-1.0193841
-0.32176552
-3.1562058
-2.9767577
-0.069679226
-1.0732137
-0.53334167
-3.0205326
-2.9501634
-0.17432653
-1.0938577
-0.6014065
-0.014814062
0.41582703
-0.89523942
-2.0034292
-0.51443176
-0.22022806
0.32450031
-0.88097735
-2.1570432
-0.34818096
-0.10827278
0.27914878
-0.64222271
-2.3409282
-0.4057806
-0.06777541
0.33760985
-0.69830877
-2.1744127
-0.57454574
0.0058799225
0.40195745
-0.7370132
-1.7929852
-9.0190113
-20.475418
-38.871519
-59.687246
-72.166134
-10.698805
-22.598953
-41.066603
-61.322652
-73.174138
-12.002763
-23.819833
-42.442008
-62.573186
-74.63893
-12.895452
-24.065339
-42.643546
-63.289948
-76.077776
-12.646583
-23.602593
-42.141934
-63.101631
-76.583877
-12.674234
-24.158715
-42.715825
-63.238347
-76.120651
-13.154995
-25.964009
-44.288897
-63.952651
-76.334125
-13.4625
-26.806909
-44.770994
-64.02194
-76.707652
-14.287407
-26.902425
-44.895429
-64.49235
-76.773836
-14.212682
-25.993323
-44.172916
-64.406441
-76.375968
0.4183678
2.1336466
3.537969
0.68733987
-6.3840079
0.381256
2.1971653
3.3693838
0.42075082
-6.2242558
0.34147273
2.1480383
3.0995141
0.38457547
-6.050052
0.49025521
2.099529
2.9162506
0.65893843
-6.5157868
0.66950185
2.10994
2.8656722
0.92750856
-6.5523818
-77.672528
-74.512878
-69.572915
-64.230914
-60.332692
-77.700787
-74.352078
-69.167495
-63.700691
-59.854144
-78.270202
-74.728171
-69.360821
-63.99782
-60.228534
-77.934125
-73.994855
-68.349113
-62.837709
-58.920737
-77.1497
-72.869892
-67.070287
-61.388434
-57.321602
-0.55366198
-3.0425936
-2.8686325
-0.29952875
-1.077034
-0.3829097
-3.1563359
-2.8021108
-0.59719664
-1.025652
-0.27652003
-3.1923935
-2.7599401
-0.74783003
-1.0976535
-0.46229975
-3.1343104
-2.880411
-0.6417746
-1.1628732
-0.6006943
-3.027573
-3.069855
-0.48626329
-1.1376146
-0.52282388
-3.0088236
-3.1680856
-0.42858038
-1.1079022
-0.26283792
-3.1916232
-3.1795556
-0.41704084
-0.90109494
0.03491247
-3.4442957
-3.1230792
-0.46279728
-0.70582049
-0.0073841242
-3.5619786
-3.1946893
-0.43253864
-0.89516839
0.04300851
-3.6475322
-3.2241124
-0.39561648
-1.1112807
-0.48765607
0.1606754
0.32223071
-0.66594615
-2.0630702
-0.29015271
0.093364846
0.29816371
-0.77506128
-2.4517652
-0.39290328
-0.12698628
0.2685511
-0.95089093
-2.2932312
-0.53818657
-0.1336557
0.25103607
-1.1086811
-2.1887783
-0.49118318
-0.058988181
0.3188333
-1.0253822
-2.0987137
-14.202632
-25.875096
-43.978054
-64.078077
-75.702471
-14.377761
-26.310289
-43.85993
-62.84064
-73.807247
-13.60918
-25.906151
-42.941967
-60.883179
-71.561868
-13.224061
-25.211474
-42.270007
-60.011141
-70.414457
-12.714339
-23.682989
-40.763163
-59.180273
-70.39332
-12.585359
-23.005985
-40.067183
-58.927892
-70.757652
-12.486319
-22.964553
-40.285616
-59.146447
-70.232959
-11.6228
-22.837037
-40.294915
-58.257216
-68.381855
-10.524989
-22.300531
-39.394736
-56.783981
-67.143273
-8.8916856
-20.476931
-37.420075
-55.62898
-66.970884
0.43864918
2.4902075
3.6958975
0.85026516
-6.3344153
0.44419442
2.2930898
3.8368884
0.78474715
-6.5261325
0.58834378
2.2166995
3.9919826
0.94110403
-5.8635616
0.55656623
2.3380031
3.9506728
1.2740226
-4.6258149
0.49367825
2.4743517
3.8589434
1.7057229
-3.2377517
-54.036134
-50.027194
-44.267986
-38.642825
-34.761855
-51.352508
-47.278467
-41.390636
-35.593458
-31.596788
-49.746124
-45.578693
-39.547761
-33.551766
-29.384473
-49.41892
-45.211127
-39.119171
-33.051385
-28.834925
-50.381273
-46.136445
-39.977665
-33.874569
-29.66817
-50.972896
-46.679842
-40.488966
-34.399545
-30.193241
-50.119037
-45.917711
-39.842144
-33.827807
-29.666614
-49.453974
-45.521047
-39.737431
-33.931917
-29.905834
-49.986915
-46.285573
-40.788282
-35.204921
-31.295267
-50.712151
-47.113309
-41.767416
-36.307541
-32.468321
-71.924094
-68.371995
-63.158316
-57.490213
-53.199576
-71.137997
-67.512784
-62.145222
-56.482106
-52.297769
-69.346917
-65.879424
-60.785362
-55.411111
-51.480521
-68.426449
-65.156607
-60.470613
-55.525218
-51.876078
-68.481263
-65.363022
-60.819179
-56.061378
-52.550377
0.053350568
-3.6409451
-3.2677028
-0.55395829
-1.1488241
0.09651814
-3.7586303
-3.3703829
-0.693651
-1.3622909
0.21173033
-4.0920758
-3.3811805
-0.76430894
-1.4897634
0.0031464668
-4.3444966
-3.4341932
-0.89066114
-1.4397817
0.099349959
-4.5319823
-3.561835
-1.0059877
-1.3203257
0.074098821
-4.5893714
-3.6457462
-1.1914069
-1.2692642
-0.26770524
-4.6059367
-3.864058
-1.2763491
-1.3305578
-0.26103972
-4.8094205
-4.4017734
-1.0892765
-1.5309647
-0.32182433
-5.1533992
-4.9165654
-0.82806287
-1.7230243
-0.41752963
-5.4376736
-5.2704142
-0.74752436
-1.5628408
-0.39285247
0.080487314
0.13909068
-1.2923808
-1.6834804
-0.27842265
0.094034735
0.093001072
-1.3116308
-1.7188365
-0.24919031
0.0044360868
0.070680804
-1.4742568
-2.2067326
-0.34745086
0.016935293
0.087005166
-1.5137647
-2.0866656
-0.21005128
-0.039099547
0.14161078
-1.7538713
-2.4451603
-8.215073
-19.625389
-36.677331
-55.360824
-67.032571
-7.9520824
-19.062677
-36.376186
-55.226536
-66.637198
-7.3973738
-17.95607
-35.711312
-54.596156
-65.226232
-6.3707527
-16.478322
-34.715083
-53.405055
-63.235451
-4.5603634
-14.281051
-32.935151
-51.875136
-61.336876
-3.7130375
-13.365431
-31.905009
-51.019082
-60.520638
-3.0370785
-12.680372
-31.136869
-49.657927
-57.856601
-2.1130542
-11.827405
-29.883188
-46.615229
-53.237013
-1.2970002
-10.856713
-27.564333
-43.13876
-50.116676
-0.27831302
-9.2150061
-24.75262
-40.703371
-49.0404
0.61945238
2.1709346
4.5192072
3.1985606
-0.75824953
0.52875164
2.1613046
4.5393493
3.5111386
-0.1991076
0.36336068
2.5343193
4.5070159
3.8815068
0.67010601
0.035978179
2.7158601
4.4474329
4.4070783
1.8313909
-0.20790713
2.5269299
4.4046802
4.8717307
2.868592
-50.670457
-47.175529
-41.957541
-36.647099
-32.935122
-50.503573
-47.151498
-42.177229
-37.116172
-33.555243
-49.551097
-46.410984
-41.78268
-37.099143
-33.800571
-47.030254
-44.143293
-39.964891
-35.777658
-32.845023
-44.825866
-41.950573
-37.904026
-33.96266
-31.259408
-43.609039
-40.574656
-36.39537
-32.477647
-29.86438
-39.166789
-35.946658
-31.747364
-28.047645
-25.667314
-32.949301
-29.499186
-24.817137
-20.591051
-17.958213
-30.177942
-26.508635
-21.197979
-16.061482
-12.750808
-30.258678
-26.551442
-21.015788
-15.453756
-11.705114
-61.710662
-58.157285
-53.379252
-48.571072
-45.206736
-58.271084
-54.44577
-49.602729
-44.590725
-40.940549
-53.91086
-49.418309
-43.842598
-38.557581
-34.825207
-51.218967
-46.838388
-41.232717
-35.831386
-32.075897
-50.025275
-46.184258
-41.09434
-35.836513
-32.107104
-9.8686213
-5.7824442
0.24925524
6.3917071
10.734538
-11.280672
-7.2448636
-1.1816208
5.0903366
9.534659
-12.910442
-9.0813986
-3.2577216
2.8787887
7.2991718
-13.890264
-10.295429
-4.8048193
1.0218637
5.2474979
-14.288365
-10.939205
-5.7179887
-0.084676985
4.0475559
-28.563628
-26.08054
-22.425696
-18.559872
-15.682457
-24.50193
-22.314001
-19.116558
-15.821153
-13.4444
-16.742029
-14.60578
-11.715723
-8.8887202
-6.9099369
-11.207363
-8.4644308
-4.9296457
-1.7505842
0.40945999
-9.8662388
-6.4007693
-1.9434084
1.6793776
3.921994
-0.036896658
-5.550727
-5.4692053
-0.91166761
-1.2697226
-0.12169021
-5.6663414
-5.8464137
-1.4458029
-0.89789434
-0.73618375
-5.8139169
-6.5687013
-2.1052902
-0.53889973
-0.65354941
-5.9690627
-7.3290867
-2.6824645
-0.50415716
-0.48269761
-6.0548541
-7.8779073
-2.8899334
-0.64244984
-0.55430452
-6.1121502
-8.221835
-2.9967696
-0.8094732
-0.39606937
-6.2959882
-8.7923775
-3.4179577
-0.9121026
-0.40015824
-6.6376844
-9.4777872
-3.9847993
-0.89699934
-0.64996263
-6.8208071
-10.123126
-4.6389649
-1.2537957
-0.74008139
-6.799398
-10.484014
-5.0509967
-1.888823
-0.13711256
0.10376671
-0.13107453
-1.6530129
-2.0387435
-0.071832028
0.10578744
-0.059231144
-1.6868865
-1.7710138
-0.23356658
0.25360721
-0.29121219
-1.6872432
-0.82445787
0.0016416399
-0.014859687
-0.21279495
-1.1316299
-0.60304083
-0.077760567
0.13283129
-0.29492432
-1.1995462
-0.45957168
0.51198144
-8.1782055
-23.591691
-39.882521
-48.498944
1.3346265
-7.159144
-22.420371
-38.567145
-46.887523
2.1162095
-6.0130953
-20.633343
-36.249172
-45.101573
3.0679896
-4.6265011
-18.725433
-34.209848
-44.019547
3.6392553
-3.4028196
-16.897
-32.594722
-43.540613
3.721326
-2.7479946
-16.022046
-31.756553
-43.148169
3.838418
-1.9260255
-14.666993
-30.458072
-42.318372
4.267323
-1.0218641
-12.890297
-28.661623
-41.255098
4.8886837
0.033390992
-11.347717
-27.242377
-40.579897
5.0387184
0.93203311
-9.9694047
-26.34463
-40.737139
0.22432513
2.7220182
5.5939192
5.6646604
4.4681151
-0.024806954
2.431777
5.7146901
6.2533051
4.755165
0.039096029
2.2841566
5.6649584
6.6845398
5.3572194
-0.023043503
2.4247777
5.576269
6.4279832
5.6137713
-0.4231162
2.5676533
5.6547742
6.0707319
5.4123333
-29.998219
-26.39876
-21.031907
-15.550905
-11.750567
-30.161189
-26.751378
-21.523584
-16.069236
-12.243497
-30.683964
-27.651253
-22.897247
-17.735461
-13.969801
-30.97203
-28.254671
-24.066638
-19.48728
-16.044994
-30.86638
-28.260282
-24.343975
-20.143611
-17.034822
-30.704273
-28.168483
-24.398611
-20.390148
-17.406817
-30.376756
-27.838992
-24.138881
-20.352189
-17.625561
-29.95212
-27.486943
-23.831018
-20.097199
-17.473131
-29.931999
-27.515134
-23.877973
-20.093687
-17.420425
-29.932463
-27.457725
-23.822958
-20.051035
-17.366015
-46.12577
-42.816397
-38.64066
-34.685902
-32.008958
-45.443163
-42.122555
-38.074146
-34.279023
-31.680275
-44.669993
-41.38492
-37.333575
-33.669116
-31.216
-44.331155
-41.250881
-37.265966
-33.586941
-31.147195
-44.241683
-41.188964
-37.222127
-33.596863
-31.164089
-15.798987
-12.458073
-7.0094274
-0.8837203
3.6293458
-16.171852
-13.15439
-8.232508
-2.595108
1.6955864
-16.108394
-13.335233
-8.9447181
-4.0110571
-0.24079698
-16.039156
-13.290572
-9.0893042
-4.5168597
-1.1051203
-15.970818
-13.174125
-8.9741315
-4.5369207
-1.259436
-0.67938163
-6.8541361
-10.61698
-5.192459
-2.1898937
-0.69930181
-6.8055749
-10.881668
-5.5283455
-2.3910997
-0.64648702
-6.6763849
-11.296091
-6.1191125
-2.6626085
-0.44642227
-6.7496519
-11.664243
-6.8474297
-3.3130304
-0.26779314
-6.9005273
-11.751568
-7.4171709
-4.1059305
-0.14101448
-6.7527964
-11.782078
-7.8485234
-4.608332
-1.0102354
-6.8861613
-11.766941
-8.3976754
-5.3714143
-2.2809173
-6.8917431
-11.462792
-9.0544898
-6.0922273
-1.9709861
-5.7614934
-10.726706
-9.9159058
-6.8061707
-0.33676068
-5.0312378
-10.147821
-10.145031
-7.313067
0.21144204
0.31580725
0.040824335
0.25578353
0.95078379
0.074047078
0.21496511
-0.24778532
-0.18170905
0.29557879
0.28879925
-0.89288474
-0.16976143
0.25729818
-1.264895
0.65015575
-0.15085125
0.89712153
-0.056286635
-2.577589
-0.31334908
1.8673258
0.56950821
-0.60659
0.27752509
5.0041278
1.4121463
-9.1700839
-25.675697
-40.6692
4.8018617
1.8793154
-7.9475622
-24.456011
-40.181433
4.4222277
2.0870586
-6.7261096
-22.960039
-39.290241
4.5031443
2.1965826
-5.9778467
-21.226605
-37.428675
5.009753
2.6390024
-5.4547521
-19.889769
-35.815665
5.3073444
2.8819049
-5.2241566
-19.111464
-34.381473
5.6174086
3.0477692
-4.6681268
-17.814437
-33.196772
5.8201331
3.5260075
-3.767656
-16.360683
-31.035191
5.337207
3.4914182
-3.0747466
-15.699724
-31.179812
4.2688447
3.5832995
-3.0821831
-19.174991
-35.663142
-3.0863052
-0.46111524
3.409491
6.073395
5.9090457
-3.7289298
-0.91758837
2.8482689
5.8466868
6.2006624
-4.465396
-1.5348471
2.1350229
4.8668092
5.7976099
-5.3965151
-2.3667414
1.4225685
3.7617615
4.7547961
-6.0681453
-3.0646834
0.91827691
3.5756177
4.4427194
-29.871465
-27.327519
-23.60534
-19.861179
-17.213275
-29.477665
-26.760412
-22.915437
-19.168125
-16.591208
-27.904266
-25.408368
-21.692809
-17.939767
-15.362014
-26.073319
-23.934557
-20.452609
-16.687446
-14.029931
-25.201417
-22.920646
-19.484647
-15.743261
-13.036613
-24.929819
-22.664417
-19.125768
-15.304061
-12.540616
-24.808648
-22.552692
-18.894285
-14.837035
-11.88994
-25.554472
-22.957343
-18.942934
-14.607702
-11.423338
-27.561933
-24.395424
-19.428574
-14.386002
-10.984124
-29.415958
-25.941337
-20.254461
-14.475201
-10.797614
-39.675157
-35.429286
-31.242595
-28.234606
-26.125456
-39.182569
-34.641906
-30.897505
-28.047137
-25.905453
-38.03677
-34.88371
-32.097195
-29.153148
-26.750816
-38.972447
-37.546999
-34.978178
-31.832792
-29.107899
-39.415544
-38.010427
-36.055271
-33.383825
-30.821962
-11.097599
-8.2578944
-4.0891286
0.15332366
3.1857388
-10.354346
-7.2916964
-2.7976038
1.6656988
4.7414156
-9.7344208
-6.3283114
-1.2291418
3.8322111
7.2170061
-9.231857
-5.7294075
-0.27099579
5.4886731
9.4388825
-9.0096829
-5.4254916
0.19445879
6.3080112
10.637795
0.25449196
-4.7595736
-9.9183955
-9.8879857
-7.5468686
-0.69120819
-4.0253603
-8.8360353
-9.5335877
-7.9063314
-1.2928507
-3.2446969
-7.0506424
-8.5453638
-7.5139517
-0.80581779
-2.1832762
-5.2910569
-6.7902077
-6.299379
-0.31059961
-1.4928652
-4.0548405
-5.203335
-5.6628405
-0.43508673
-1.3786511
-3.6307814
-4.9213577
-5.1164725
0.0052223546
-0.40490714
-2.4023076
-4.1134769
-4.2475169
-0.17419319
-0.20845539
-0.77016769
-1.012925
-0.80468606
-0.60450749
-0.81431787
-0.62807603
-0.011551127
1.2353505
0.6043777
0.52787798
0.61786706
1.3153151
1.3720038
0.042659633
0.18567572
0.012896788
0.33466124
-0.49888705
0.13679157
0.57166573
0.20931975
0.6021215
-0.38118375
0.16488584
0.13065117
0.28600317
0.68572298
-0.16770781
-0.18084714
-0.12016768
0.15199928
0.063141648
-0.28674779
-0.057425151
0.18911121
0.39469437
0.71105067
0.51069693
3.9768491
3.8585593
-3.1325465
-19.851315
-36.334829
5.1515423
4.1933726
-2.1240255
-14.740515
-31.874119
5.2385553
4.8222129
-0.56044616
-10.836316
-22.389655
3.2549217
4.3598931
2.1662544
-7.3667936
-19.524771
4.4911911
4.4938878
1.9748228
-3.4251029
-16.551515
6.2129594
6.2786694
2.0200946
-1.5690292
-7.5928851
5.0942827
8.2345664
6.0223391
0.69786206
0.56672785
0.51274196
1.0832291
7.6434545
5.28241
3.540242
-0.56655696
5.1310457
2.0000353
-1.0491612
2.6998658
0.59022956
4.9360702
0.74614845
-4.3453869
0.28475278
-5.2646933
-5.183542
-1.113869
2.8848858
4.2003773
-3.7016397
-1.6215168
-1.0160513
0.47090911
3.1592075
-0.88393542
-1.9521481
-0.20425031
0.79666132
0.30076376
1.7609133
4.2556619
-1.0234856
-4.1747288
-1.0887432
1.6445646
4.3761212
-1.1642817
-4.4626502
-0.33308615
-29.346341
-26.021713
-20.586011
-15.003007
-11.176365
-28.948847
-25.953619
-20.78098
-15.076918
-11.1632
-26.724053
-25.277972
-21.299031
-15.77032
-11.245658
-20.568702
-20.587469
-19.176752
-15.335297
-11.374368
-15.545618
-15.957439
-15.783472
-13.146234
-9.4957214
-10.192288
-13.083197
-13.689077
-9.9025643
-7.8914115
1.0779679
-1.0254606
-6.0412118
-10.11544
-9.8296556
10.358234
9.3010475
10.314539
11.304829
10.011625
13.040233
15.988691
12.871127
11.297333
16.317961
6.6526185
5.9219559
-1.6090262
-1.5897781
5.9883862
-11.968465
-9.0872079
-5.7039581
-6.4658828
-9.2308252
3.4876166
4.1228926
4.3217706
3.6498697
1.7149648
-0.03344652
-3.1585714
1.0385931
8.096312
10.155519
0.21898727
4.0276628
7.2174967
11.95054
12.347048
5.9098999
2.4767548
6.3331501
6.7251223
7.2241898
-6.9984424
-2.8675012
5.2696758
14.059195
19.727265
-7.6783737
-2.8758516
5.7446619
15.464903
23.089622
8.1859414
7.4671032
11.202505
19.669886
24.675219
20.113889
22.296845
22.400942
23.809316
26.164493
12.80415
23.813633
28.826083
32.188005
27.07744
