FiniteElementSpace
FiniteElementCollection: L2_2D_P4
VDim: 1
Ordering: 0

-0.98669038
-0.55427548
-0.35151757
-0.44079743
-0.98214805
0.49833344
1.3487593
0.72218121
-0.42323549
-0.69400953
-1.293491
0.0014728137
0.31249342
-0.74600915
0.13323886
-3.8240487
-2.94665
-0.54954553
-0.89083001
0.84132381
-3.1877304
-3.684211
-0.72442902
-0.5635511
0.7190281
5.3830686
4.5839373
2.8324372
1.7994759
0.88973412
3.9256608
4.4589952
2.2562905
0.7837122
0.84047936
2.6141048
3.9015971
1.2938961
-0.22375293
0.890313
2.1036019
2.4650186
0.3198862
0.027926423
1.2685231
1.732789
1.0491309
-0.042544268
0.77639103
1.3998402
71.58741
60.111897
46.038704
32.910915
24.327261
72.157389
60.053764
44.216629
30.189279
21.557754
72.303786
57.336212
39.16736
23.440515
12.872637
68.375075
50.970729
30.183317
9.9088816
-0.71815569
66.758134
50.249583
20.990393
0.20278655
-3.3010932
1.2469179
1.8539195
0.25964717
0.66401988
-0.48616819
5.0412525
5.7024816
1.0046217
1.1984358
-0.4766874
-0.19858928
0.18503089
0.2824638
-0.022930331
0.18810864
-3.3447995
-3.522259
0.21895735
-1.2827194
0.68348888
0.256424
-1.1308972
0.44637079
-0.63729882
0.33551044
0.9419266
-0.0018001282
-0.14231686
-0.56466681
-0.76673509
0.70326317
-0.49889151
-0.14742082
-0.33308984
-0.93332191
-0.51672498
-0.77181694
-0.12384591
-0.43252199
-0.79671286
-2.1516775
-0.95255823
-0.11759858
-0.7444184
-0.83925884
-2.8491353
-1.328192
-0.20279713
-0.65816381
-0.76425781
-3.7766717
-0.071873733
-1.3774756
-0.74152569
-1.2741556
-26.730463
2.2260436
-1.8899724
-0.12079184
1.4829562
-52.592662
-8.9461496
1.36635
-1.9857865
0.58767976
-63.407401
-30.301742
-2.385791
-0.46713624
-2.8770203
-68.504685
-47.175846
-15.401451
-0.99779591
-1.7316473
1.5240745
1.7074207
0.34657228
0.90742463
0.66554287
2.7341902
1.9039682
0.30154946
0.95203879
0.63367102
1.9187548
0.13466019
0.075110245
1.1812727
0.4291264
1.0588882
-0.24397535
0.26887424
1.1225196
0.49988733
1.3752421
0.76459597
0.30149748
1.2851806
1.0496711
-5.3845469
-5.0162826
-2.6142629
-1.1872461
-1.4159251
-6.394939
-5.1644681
-3.2596537
-2.0045318
-0.82773101
-7.4302155
-6.2902147
-4.3525616
-2.454673
-0.094961525
-7.84512
-7.9870718
-5.1739394
-2.5736038
-1.1808148
-8.7348604
-8.8860741
-5.4302776
-2.9687416
-2.5993964
-71.288809
-59.375237
-45.449152
-34.002209
-26.007833
-70.851397
-59.993042
-45.875321
-33.706883
-26.28057
-69.010707
-59.196475
-46.6108
-34.838449
-27.01415
-66.600993
-57.829755
-46.278574
-35.506096
-28.222016
-65.615309
-57.422859
-46.125901
-35.452989
-28.421102
13.05474
15.628928
18.749186
22.139016
24.744263
11.037207
15.962362
20.919776
24.725558
27.41782
9.0137566
14.296158
21.72449
27.953688
31.618832
9.1219183
14.103368
21.510923
29.111544
34.236766
9.3418708
14.847898
22.089082
29.591984
35.138841
2.03918
0.68390765
0.81982919
2.6801338
0.43701335
2.1443142
1.0118484
0.93371401
3.2828458
1.5520266
2.3511854
0.73418934
1.050751
4.0517685
1.4320216
2.101459
0.67701328
1.3299006
4.797205
1.7314627
1.472957
1.2257853
1.4522323
5.1156137
2.910274
-15.740923
-14.69073
-11.34743
-6.7554736
-6.0748126
-17.293419
-15.787885
-13.246087
-8.6439344
-6.2978038
-20.35727
-17.66012
-15.109863
-10.993114
-7.0110396
-22.487188
-20.412067
-16.78667
-12.275169
-8.6526653
-22.506828
-22.297451
-18.709003
-13.178774
-9.6044612
-54.938937
-47.430164
-37.421022
-27.865724
-21.576174
-53.857972
-46.74016
-37.192932
-27.54166
-20.679725
-51.686133
-44.348053
-34.9753
-26.071462
-19.631186
-49.14249
-41.635956
-31.897234
-22.674322
-16.416239
-46.437162
-39.212342
-29.740493
-20.174689
-13.604453
17.531472
23.654086
32.055932
40.740971
47.089645
17.701246
24.66251
34.187914
43.247687
49.613354
19.105029
25.848327
36.240976
46.574077
53.514239
22.483959
28.816254
38.690094
49.488674
57.164662
25.111083
31.812503
41.368383
51.714152
59.612657
1.7963501
0.83235591
3.6984412
8.779979
3.8977357
2.1769162
1.2168153
3.6255197
8.7381064
3.7625818
2.2950433
1.9290685
3.0745903
8.8390883
4.5345977
2.1987328
1.3013008
3.4255436
10.883959
5.707342
2.3797749
1.2350816
4.2075531
12.295158
6.1631496
-21.916848
-23.742694
-23.444193
-17.430594
-9.0436838
-19.849509
-21.624855
-21.281895
-15.378184
-8.5579539
-13.629391
-16.492217
-16.650023
-10.864551
-6.5172315
-4.1062346
-8.623275
-10.331923
-6.2965155
-3.7229054
2.8489253
-2.2371979
-5.4899697
-3.3467495
-0.65675196
-31.337688
-23.891212
-14.238261
-4.3240709
2.7917475
-27.37865
-18.991499
-9.9058622
-0.92984793
5.9098046
-21.627477
-12.867252
-2.5836355
6.1379262
12.179299
-16.840798
-8.108099
2.9037942
12.830389
19.274993
-14.163189
-5.795927
4.9086676
15.841922
23.218171
43.258497
50.440202
61.152393
72.638295
80.807335
46.741038
54.153969
65.037902
76.42878
84.697097
52.337525
59.695151
70.934398
82.462147
90.659368
58.673746
65.729876
76.87391
88.737775
96.783342
63.017716
70.148373
81.081981
92.7561
100.42998
2.7884724
5.9390561
5.1424544
10.313519
14.27274
3.6940113
5.2700883
5.0810424
10.204483
11.732931
2.9994352
4.5741433
5.3980505
9.6780475
11.149384
2.9668296
4.22919
5.1817395
9.3562937
11.946787
3.0524579
4.220878
4.8773197
8.531281
11.368527
34.114859
37.084948
35.093787
32.031511
26.919757
36.678678
40.643318
40.947522
38.253109
34.577754
39.811133
44.818117
48.817946
48.831051
48.355908
41.032456
47.095725
54.695523
59.481631
60.894428
40.360414
45.949444
55.339356
62.930417
64.827905
33.714122
34.821772
26.905752
32.553741
42.861289
34.035799
37.942961
41.738738
40.608792
46.047834
46.733775
49.940181
51.09522
51.217321
54.562629
49.342687
58.995405
60.770442
60.780191
60.988352
67.392157
70.01054
64.552851
62.004825
59.397641
84.497225
86.80749
85.367629
77.779803
70.186631
83.04433
82.527539
77.225039
67.42134
59.619737
75.643037
71.795759
63.275115
53.065033
46.351847
63.705713
58.525275
49.837726
41.42924
36.361258
54.663936
49.944965
42.463544
35.572554
31.395375
2.5467838
-0.034824782
8.0860236
13.216024
12.233962
2.5715045
-0.09485685
7.8998755
11.882912
9.8599279
2.6047273
-0.10019099
7.1181603
9.7770641
8.8066522
2.0424927
0.030744145
5.8661441
8.1408343
9.2757402
1.7428481
0.084897639
5.331748
7.5604533
9.0383576
-1.3625863
-0.77759557
-0.32273157
-1.2585072
-0.91049154
-1.1164516
0.37552114
-0.24270974
-1.1505072
-0.65557981
-1.90339
-0.1927628
-0.087004127
-1.2026335
-0.84164635
-2.6192235
-1.8810205
-0.39564898
-0.77769846
-0.83860381
-1.6807832
-2.203432
-0.71698419
-0.67798235
-0.73979517
1.8191654
0.058600949
5.2354159
7.4385174
8.4488856
1.9006644
0.18990411
4.9788262
6.7086202
7.2006944
1.6037355
0.44792839
4.422205
5.5244453
5.6706478
0.89730397
0.39953589
3.5322674
4.792612
4.9151937
0.77067171
0.077122857
2.9971883
4.3475078
4.1654309
0.92928374
-0.10121011
2.8337944
4.0587415
3.3128624
0.8953382
-0.17400223
2.3390995
3.1419173
2.1461727
0.34385926
0.16198456
1.2675362
1.4859617
1.6405674
-0.38097717
0.579487
0.15825569
0.26327651
1.654389
-0.38715932
0.54910201
-0.26370803
-0.12291278
1.1919432
-0.79026348
0.38497014
-0.47488264
0.40390316
0.037201854
3.3339659
3.97985
0.28350144
0.79586835
-0.2517415
-0.083330967
-0.53893705
-0.38796874
-0.11704863
0.017689006
-4.3604151
-4.7237118
-0.71514569
-1.1033322
0.42693635
-2.5852352
-3.5480737
-0.16370201
-0.71416559
0.20972535
-0.66912716
4.3635597
13.442859
28.716588
57.124637
0.25275431
4.4684084
12.647646
28.315809
58.106113
1.108537
3.5129388
10.063571
24.72041
56.575098
0.6379244
2.6999197
7.5127335
18.996848
51.949622
-0.3099238
2.1177286
6.3523868
15.172304
46.366389
-0.99111305
2.1882724
6.1931591
14.0915
45.802754
-1.0605959
2.1498559
4.7998208
11.69361
42.187015
0.41910649
1.182933
2.4371022
7.8759108
29.536863
1.3982239
0.44332574
1.0719768
3.8096913
16.634964
0.92059692
0.3054623
0.17301073
0.51559363
3.6535862
1.4849508
0.14015004
-0.030564593
1.2118163
1.0637996
1.1699051
-0.89274804
0.064092952
1.6809148
0.39091661
0.6419963
-0.66148643
0.12650835
1.0163888
0.079623466
0.34498279
0.36574809
-0.029578997
-0.34986247
0.16512838
0.64477067
0.46710812
-0.14238779
-0.74810639
-0.27680253
66.990622
44.90598
12.7666
-1.2326855
-0.6191457
62.458352
27.145149
1.1019284
0.232873
2.5252118
52.905707
10.362819
0.5228882
3.7322791
0.66035617
26.583764
-2.0686889
1.4832957
-0.30145312
-1.4793142
-3.0845704
-0.29315649
-0.59040043
-0.62140608
-0.89370742
-0.11838244
0.34065176
-0.22520484
-0.22839036
0.68075238
-0.10751774
-0.076582178
-0.2886867
-0.45654189
-0.60389377
-0.30267473
-0.44622133
-0.76291324
-1.14632
-2.1351421
-0.61072139
-0.37342108
-1.6730357
-2.266984
-2.7085776
-0.73121353
-0.2756391
-2.4318971
-3.0747226
-3.1649746
-0.64930534
-0.33180637
-2.8033978
-3.4281853
-3.7604461
-0.74492577
-0.5462318
-3.2391311
-4.2210111
-5.0735465
-1.2671161
-0.58294431
-3.8282983
-5.3383893
-6.5070745
-1.9059897
-0.16953023
-4.9103292
-6.5369255
-7.077607
-2.187068
0.21347461
-5.7714733
-7.6261696
-7.406337
2.6879242
2.5739808
0.41539015
0.8582095
-0.91846816
4.6262557
3.5041028
0.60234853
1.3526623
-1.5258839
1.3475851
-0.13207053
-0.53369366
0.79059709
-0.37863058
-0.49122653
-1.1051822
-0.61101907
0.37794504
0.90880119
1.0110316
0.47116291
0.25396515
0.59962658
0.97743684
0.21573909
0.51263289
-0.30056728
-1.2407014
-4.7455597
-0.28444015
0.18497886
-1.3170901
-4.3481607
-17.524422
0.16637549
-0.82691292
-2.6889846
-7.707195
-29.489035
0.73662883
-2.1881987
-4.6798832
-11.248393
-41.053496
0.42978309
-2.6750853
-5.8541384
-13.806299
-45.817331
-0.12564943
-2.8675963
-6.065733
-14.911645
-46.955113
-1.3542451
-3.6545203
-7.1177882
-18.698346
-52.772791
-2.1065445
-4.2791083
-9.3407646
-24.705554
-58.4238
-1.0570633
-4.6866221
-12.067393
-28.436216
-59.028178
-0.1559614
-4.1787029
-13.145266
-29.334359
-58.115221
-2.9021315
-1.7305733
-0.33510001
-0.46889331
-0.51802903
-3.0996136
-2.539282
-0.64782099
-0.061664259
-0.19360123
-3.3579055
-3.7716376
-1.2357757
0.29851569
-0.63168955
-3.9419651
-4.7982072
-1.8772008
-0.033871192
-1.4557376
-4.8306712
-5.0990795
-2.3655753
-0.64110008
-1.5567296
-0.86403829
-0.76579502
-0.55531654
-0.1503108
-0.0056828708
-1.1833199
0.12405161
0.62094762
1.182758
1.6233908
1.0771988
0.12587701
0.83989433
1.5671319
2.0572622
-1.1568009
-0.51756793
-0.27987285
0.64286717
1.4012103
-2.8661168
-1.3014343
-0.50624799
0.19506668
1.0836848
-2.0150198
-2.0200344
0.15620902
0.84795446
1.4190296
0.75249957
0.65130073
1.0053635
2.7692327
4.0537556
-6.9850106
0.47865483
4.8423291
6.4297259
7.6864505
-16.596847
-7.944772
2.7503838
8.6214989
10.578214
-20.010858
-13.194074
-2.1245876
7.3752351
11.479906
-68.870201
-51.455535
-23.443874
-3.2505048
0.31389686
-70.077413
-51.401638
-30.620803
-11.444161
-1.5246525
-73.096551
-57.816623
-38.604335
-22.389382
-12.073601
-72.418439
-60.794208
-45.080315
-30.246609
-20.839214
-71.275244
-59.521218
-46.294243
-33.388519
-24.271368
-2.2037113
0.43675842
-6.0214919
-8.3466408
-7.9055251
-2.7084962
0.90808097
-6.8050523
-9.4552471
-8.1658832
-3.1643731
0.9318415
-7.7224927
-10.661391
-8.2636462
-2.775953
0.25894294
-7.837105
-11.510503
-9.9244976
-2.4419427
-0.21074293
-7.8109048
-11.974318
-12.068507
-2.7847454
-0.25489112
-7.9425801
-12.254237
-13.022586
-3.5167978
-0.039091538
-8.3853536
-13.31921
-13.845915
-3.8123404
0.26286562
-9.3386298
-15.017556
-14.910857
-3.5963432
0.2388775
-9.7327268
-16.219304
-16.392397
-3.271212
0.085990748
-9.6930514
-16.644845
-17.622907
1.4484968
1.2210718
0.20900575
1.7383252
1.2509024
2.4178423
1.0494813
0.36841923
1.8275538
0.95861008
2.2395879
0.53187788
0.37588153
2.0452123
0.32838614
1.7188189
0.27761305
0.68541665
2.2266065
0.28821214
2.0084798
0.36131401
0.84313986
2.3616002
0.1011869
0.04499859
-4.0574266
-13.613031
-30.037582
-58.516251
0.35945929
-4.760062
-14.824139
-32.020778
-59.322434
0.10365703
-5.6010525
-15.655745
-34.092787
-60.172658
-0.32782294
-5.881386
-16.297596
-34.653323
-59.873041
-0.7938109
-4.943744
-16.341775
-33.207526
-56.765437
-1.2938346
-4.5582992
-16.325161
-32.930948
-54.626398
-1.8399079
-5.021438
-16.486455
-33.617772
-54.142749
-2.8797602
-6.0165502
-15.966377
-33.540332
-53.617441
-3.8880742
-6.8446705
-15.200983
-31.953083
-51.833801
-4.3698631
-6.2379735
-13.975494
-30.414346
-49.802422
-9.6450159
-9.148766
-5.437252
-3.4607704
-3.3131839
-11.319624
-9.4560913
-5.6118296
-4.3885241
-4.2434659
-13.375412
-10.338247
-6.4504571
-5.1929023
-4.8783457
-14.637558
-12.409574
-8.3469905
-5.4157541
-5.368517
-15.324287
-14.017847
-10.27649
-6.0021162
-5.7416171
-21.557551
-14.0092
-4.4472115
5.2369977
11.031938
-22.80721
-15.826719
-6.4410463
2.2102197
8.0561675
-23.268807
-16.584981
-7.4690549
0.96832402
6.3816132
-24.5733
-17.619443
-8.1856993
0.59689715
6.3403037
-25.012463
-18.340585
-8.7150311
0.32282807
6.3115414
-24.589428
-18.307196
-9.0017958
0.18594183
6.2433414
-21.421676
-15.75034
-7.6507821
0.71844465
6.676984
-18.725245
-12.27834
-3.8261968
3.9462944
9.2595493
-19.360645
-12.26578
-2.3096161
6.7245404
12.426865
-19.427628
-12.804391
-2.6246344
7.4179575
13.885735
-64.139254
-54.992464
-44.724187
-34.887325
-27.944236
-61.701949
-52.1047
-40.489505
-30.701315
-24.454869
-59.575931
-51.626379
-40.53363
-29.585463
-22.242907
-57.491592
-49.787158
-39.847526
-30.062206
-23.000962
-55.400556
-47.705871
-37.947189
-28.920378
-22.663232
26.112593
28.877639
33.327148
38.583314
42.820702
28.909442
31.997934
37.030228
42.874481
47.534804
33.381831
36.833721
42.387077
48.905132
54.160599
36.686524
41.239281
47.760382
54.867337
60.494632
38.017142
43.503061
51.150741
58.959597
64.855372
9.1747158
14.964422
22.713371
30.147548
35.525407
9.7074877
15.544187
23.907081
31.910693
37.289895
12.03174
17.54587
25.909981
34.54433
40.598836
15.219417
20.631888
28.785772
37.372497
43.653129
16.967209
22.690263
30.973283
39.644087
45.879108
-3.2949377
0.021944087
-9.6467639
-16.787415
-18.323295
-3.172987
0.12192422
-9.7849042
-17.534161
-19.685714
-2.4182312
0.30428526
-10.141277
-18.877025
-21.603072
-1.5698791
0.56310798
-9.7890846
-19.783408
-22.8011
-1.202485
1.2856501
-9.1712019
-19.99591
-22.598689
-0.83162698
1.7803302
-8.7800502
-19.815483
-22.362545
-0.076211892
2.6304957
-7.373404
-19.173945
-22.821357
0.76955373
3.8312081
-5.0403727
-17.716006
-23.077415
1.8943455
4.6636588
-2.4004204
-14.558772
-22.105598
2.872675
4.9085971
-0.27875649
-11.441692
-20.954115
1.8871312
1.2267243
1.6536361
5.1773234
2.9240825
2.098323
1.3543276
1.9759929
5.267913
2.8948476
1.598619
1.4174548
2.2902389
6.1041608
4.0288149
2.1030538
0.69724605
2.9692916
7.8324603
4.1122442
2.0909489
0.75803972
3.4542873
8.5853419
3.8645563
-4.4476386
-5.8235488
-13.47639
-29.987944
-49.375131
-4.1618147
-5.100951
-12.919807
-29.872198
-48.761498
-4.1112818
-3.8327585
-11.451967
-29.450798
-48.387333
-5.5628983
-2.916976
-10.032078
-28.918716
-47.026294
-7.0309398
-2.5731528
-8.5613555
-27.95065
-45.157842
-7.0198097
-2.5505598
-7.9690116
-27.129018
-44.136807
-6.8184081
-3.0613731
-7.3790454
-25.475396
-42.033193
-6.0462599
-3.3393324
-6.5901331
-23.294558
-39.882685
-5.0321235
-1.9760454
-5.80949
-21.577741
-37.091248
-4.410764
0.1626896
-4.5776235
-20.854188
-34.401308
-21.835423
-22.851931
-20.211005
-14.033289
-9.75245
-22.255818
-23.828928
-22.18495
-14.721833
-9.1419606
-24.161092
-25.197271
-23.734156
-14.894424
-7.469007
-24.312723
-25.694441
-24.591519
-16.044598
-7.1732901
-22.76992
-24.730349
-24.264821
-17.363468
-8.289652
-18.574415
-12.583119
-2.9535872
7.2726125
14.203404
-17.289943
-10.945105
-2.0730105
7.2383581
14.106963
-16.257941
-9.5019465
0.24438604
9.5379367
15.813039
-13.289152
-7.0949253
2.5346222
12.460791
19.192992
-10.425412
-4.2798212
4.8214311
14.516662
21.514644
-9.2857159
-2.9198056
6.253461
15.760939
22.630974
-6.875548
-0.30180256
9.1232448
18.56268
25.228572
-3.3988479
3.3633747
13.264051
23.055913
29.767002
0.82827088
7.3998773
17.36793
27.546494
34.519739
4.3196953
10.797708
20.514259
30.682984
37.87705
-45.290044
-38.028642
-28.567483
-19.139629
-12.533941
-42.878828
-35.655012
-26.461622
-17.05799
-10.239118
-39.937515
-32.309688
-22.566814
-13.414574
-6.8450782
-36.990794
-29.028063
-18.732804
-9.0386243
-2.4613247
-33.399922
-25.560656
-15.731683
-5.8294381
1.0366606
26.260389
33.295803
43.088824
53.160341
60.828824
28.721005
35.938762
46.478685
56.804135
63.985295
33.224014
40.096792
50.913405
62.236417
69.926641
38.085392
45.076916
55.684238
67.034698
75.518882
41.456298
48.579343
59.332504
70.660339
78.721052
3.3605855
5.0291957
0.92413575
-9.8211778
-20.478406
4.3163066
5.68627
3.0358096
-6.436906
-18.388056
5.3757799
7.2985797
5.9258591
-0.99128726
-12.347896
5.8768419
9.3019534
9.2023316
5.2437175
-3.2333667
6.1520392
10.573311
11.698884
10.016165
3.9177389
6.3103345
11.269646
12.937061
12.546692
7.6728123
5.9776845
12.853004
15.154103
16.195944
13.990772
6.7381148
14.249112
17.963522
20.347728
21.330449
9.4240178
14.97101
20.03293
24.432298
27.387834
11.258306
15.478886
20.816386
26.970027
30.414018
2.3673131
2.4446222
4.5345556
12.165274
6.0888128
2.391812
2.6845377
4.5702203
11.84666
5.775725
2.7539096
1.8078115
4.5663777
12.218306
5.9194121
3.0060499
4.0080198
5.4719526
11.835322
8.9082302
2.5376086
6.0157017
5.6479675
10.510465
13.639408
-4.020657
1.4445513
-3.8090716
-20.230252
-33.046448
-3.775077
3.9365565
-1.6831967
-19.00903
-29.379417
-3.8523427
5.2045649
1.649581
-17.025255
-24.378358
-3.6951397
3.3110724
4.1798702
-12.752052
-20.683655
-2.1445458
1.9871922
5.7264275
-8.429463
-18.965436
0.050853077
1.9705174
6.7475321
-5.407283
-18.213401
5.2848131
4.9389357
8.4177959
2.2372748
-17.107755
13.313345
12.420687
11.431044
12.475898
-5.4718412
20.180667
19.451411
14.698808
20.46841
17.298945
23.143646
23.404547
16.632358
21.979277
26.593799
6.0625293
1.1429545
-3.0397169
-1.8113153
1.7606332
12.884688
7.5124412
2.3652077
2.0845088
5.3521757
22.292502
17.787777
12.434648
10.632344
11.15938
29.382445
28.655061
24.220796
20.991381
18.440991
32.816422
34.917524
31.85708
28.520849
23.973084
6.2501043
12.752231
22.326698
32.339978
39.551012
9.4187473
16.37028
26.151417
35.98354
42.969015
15.379092
21.887066
31.856778
41.923365
48.801699
22.471615
28.615157
38.020892
47.93037
55.060486
26.691931
33.291641
42.670658
52.392173
59.236345
27.812627
35.122872
44.973722
54.777277
61.680627
30.553648
38.044621
48.788036
58.988493
65.963227
37.079379
43.90157
54.30243
64.992732
72.083281
42.970168
51.023779
60.911236
70.919623
77.984251
45.940872
55.892502
66.575308
75.13533
81.291624
-13.620386
-6.165894
5.2041254
16.22132
23.913023
-13.104068
-3.3716778
8.805922
19.74841
26.891355
-10.906179
-2.4214548
11.448471
25.507451
33.401619
0.06787453
1.8988156
10.742251
26.722464
37.834228
24.915782
18.101836
17.86231
29.999983
40.161194
65.326781
72.262146
83.272763
94.753068
101.80271
69.571622
76.962155
87.519291
97.517213
102.44867
75.621716
82.98385
92.251975
97.696991
97.549021
81.286765
87.004383
92.133909
90.914705
86.110736
83.998201
87.638777
88.47176
82.646507
75.731633
11.774372
15.788907
21.042289
27.983667
31.629262
11.051919
16.011505
22.068742
29.370535
33.976704
9.988752
15.651953
23.528235
31.189032
36.830208
11.00418
15.316324
23.707327
32.849721
38.629136
11.384021
14.993943
23.201512
32.969129
37.938206
10.25636
14.356691
22.470496
31.565423
35.992781
10.313819
14.276051
21.913306
29.602858
33.128139
8.9240914
11.742245
15.815064
19.544338
22.209316
4.3214883
6.1048814
7.7995778
9.1039288
9.2273273
3.3479283
4.1743451
5.5965576
6.3000704
5.1277446
2.665813
4.4413695
4.7823254
7.4840385
10.194908
2.4436945
5.1602705
5.1654711
6.7436326
10.142794
2.2253948
4.4724647
4.8773863
5.1448337
8.4260093
1.8816529
2.2937359
2.5906959
2.6558538
3.5494416
1.8743505
2.333351
2.4322998
2.5986765
3.0600252
25.355348
25.941884
16.799389
23.380946
36.834746
30.358406
30.37527
22.989269
19.984631
35.351337
42.776583
38.493614
39.125289
25.071614
31.620578
57.429207
57.313596
52.894832
48.325248
46.074363
61.798686
65.321558
61.712265
51.008512
54.948374
57.051923
60.257598
69.824955
49.715835
33.264518
62.718325
47.981829
54.067756
75.095861
52.298741
34.876938
36.01529
39.7843
37.935157
67.352787
15.848231
20.321583
22.785307
12.618958
13.145697
8.1599047
2.0516198
-2.0130482
1.5259463
-4.3721744
37.436674
44.865823
56.199676
60.678721
60.861579
36.416496
39.262613
40.635877
54.1388
63.093772
24.007281
32.29946
45.646953
41.020258
35.425149
10.959311
5.2244668
-0.67923008
14.660023
14.75681
1.4344997
-4.2113501
-13.290683
0.37575982
7.1756026
47.559221
57.763852
69.45454
77.569682
82.493787
49.664407
60.046194
72.823005
79.988145
82.382448
54.584463
63.372841
74.890852
78.898649
76.972528
60.623133
65.042149
71.512223
71.604621
66.467114
58.590018
62.268587
66.050622
64.189714
57.658823
57.110504
58.042865
58.058647
59.927031
54.509365
55.071861
60.76067
63.014104
54.286021
47.44721
43.982948
49.215668
46.568234
46.983272
40.376681
36.893885
49.252692
58.810602
45.537689
40.814123
2.7266138
7.650823
35.977711
47.520181
33.231973
42.193506
45.469461
55.085241
57.224928
54.660204
37.71699
34.453177
36.251602
45.428234
49.927113
77.808424
48.125326
34.317353
39.928171
41.438809
25.587067
26.130086
24.560675
28.622808
31.95904
-2.2384364
2.2627594
3.604259
3.8427323
3.0850411
50.560227
46.500458
39.323958
33.082761
29.319639
43.946798
40.666156
34.511284
29.419122
26.290213
37.311471
35.076998
30.372398
26.449241
24.091908
35.134837
33.631401
29.624363
26.34073
24.54533
33.0637
34.984626
30.628477
27.864659
26.062377
