FiniteElementSpace
FiniteElementCollection: L2_2D_P4
VDim: 1
Ordering: 0

45.439657
83.541869
62.51691
97.812398
196.68629
37.51926
79.139367
58.97144
93.759914
194.31661
34.545496
73.48338
55.768324
89.610747
189.42482
41.939647
78.852607
56.646943
90.475529
183.92324
56.141072
91.214813
59.375864
90.430525
180.69131
400.66742
391.7596
357.27004
316.46401
299.37688
399.40707
386.15262
351.37451
313.00692
296.45218
394.15417
380.80648
345.67225
309.37582
296.38156
389.22076
377.62587
342.28877
306.99584
297.50838
388.64211
376.31442
341.29142
306.7158
296.94717
968.76453
998.90849
1033.2485
1064.8083
1087.064
981.66432
1010.1775
1047.9398
1083.2966
1105.0664
995.96965
1029.4782
1071.563
1108.9977
1133.5994
1009.3935
1048.6169
1094.0674
1138.4911
1165.8088
1013.6747
1049.1875
1107.7962
1159.3743
1177.9376
62.507995
114.12791
65.185197
89.132624
174.07005
42.12149
87.143293
60.011006
84.790867
175.69343
34.01162
72.01537
57.915455
79.766603
175.72945
45.837738
85.390977
57.968042
86.165548
178.07666
60.344459
97.491311
57.499876
93.881208
178.6867
387.9469
377.58176
339.86645
301.23586
291.64025
387.9866
377.606
341.4228
302.12079
289.73878
389.13736
376.54261
342.62547
304.34897
288.23535
390.61647
375.73333
341.15573
305.30011
290.50977
391.81395
376.96012
340.09055
305.43653
295.15418
1121.8222
1159.6721
1171.3532
1189.3446
1198.6815
1113.1434
1164.3469
1176.5977
1195.4912
1208.2141
1070.8086
1150.0814
1183.8089
1196.066
1209.5658
1045.9052
1104.9853
1166.2991
1187.8391
1195.0629
1018.7303
1061.4863
1124.7119
1167.2752
1178.9195
45.324241
80.668073
57.962836
98.8886
199.92692
39.83811
71.73906
56.99521
102.59764
201.55678
35.742169
67.773274
57.31003
104.75482
205.8445
34.39948
70.385505
57.578703
109.21905
210.23616
37.457471
69.868318
57.668741
114.52557
211.79985
406.53211
394.05164
359.36068
318.72336
298.74648
406.53698
401.90918
365.15303
320.04396
302.37714
414.46301
409.51034
370.54734
325.19224
308.1486
426.42573
415.12084
376.22905
333.17391
313.80464
433.33691
419.81321
382.97596
340.75325
318.4569
967.28202
993.56635
1028.6222
1059.8986
1079.4325
947.5719
974.43515
1008.571
1039.6321
1059.2487
927.83621
952.30366
984.01086
1013.5456
1032.665
908.50652
931.03647
961.20074
989.38799
1007.5973
889.10665
914.04977
943.46356
969.67513
988.07431
1179.9
1189.7311
1199.3023
1206.3147
1210.7211
1155.6018
1168.3721
1182.2715
1191.5121
1196.2166
1123.8985
1136.212
1152.8156
1166.0691
1172.5536
1096.4985
1107.9706
1123.6678
1137.8916
1145.9999
1077.2298
1089.204
1104.5489
1118.0828
1126.6026
27.676717
60.264243
60.178462
135.20573
232.96235
26.599643
56.926573
61.485921
139.46897
230.80553
23.711996
54.173152
62.899592
142.16242
229.13003
18.781268
54.230824
64.161687
145.38409
230.68115
17.558765
53.757138
65.481818
149.1899
230.64475
472.64403
468.0701
437.84973
391.9062
361.88569
484.75215
477.72136
447.61015
402.05144
371.09263
497.21246
494.65524
463.82417
414.92726
383.82161
510.0417
511.94399
483.67973
433.19748
398.9384
523.43035
522.61238
498.809
450.87467
410.42197
785.75985
801.8194
824.86843
847.75777
862.96524
767.79428
781.84907
803.70205
826.01898
841.13153
740.5608
755.09634
777.4413
799.75059
814.50978
718.4777
733.03519
755.1988
777.80621
792.55831
709.70593
721.73569
742.00158
763.88884
778.07136
948.49026
961.43141
978.07865
992.31075
1000.6548
925.21005
938.31061
955.80101
970.73841
979.44887
895.49067
907.31495
923.93479
938.85256
947.69922
870.31691
881.171
895.9964
909.5076
917.54843
855.1705
865.8522
879.53946
891.74508
899.41973
14.45714
45.22021
76.143022
156.95678
201.94381
13.260619
47.621475
75.081634
152.25105
198.61706
10.54388
45.744607
78.347702
153.27691
195.25799
8.8287927
45.783322
81.8848
151.12748
188.40817
7.6370131
50.940515
81.965317
141.92263
180.78564
597.81125
604.22811
589.482
547.2055
504.33436
605.76619
617.01406
606.29052
562.47612
515.92156
616.29881
631.27496
626.15706
584.44671
535.27007
619.87797
638.64413
637.76461
600.0578
553.43925
614.97325
638.37487
639.7663
605.07299
564.39814
644.33194
661.27374
678.48475
694.68241
706.87839
644.68137
653.54044
668.54624
685.30934
694.92075
631.3402
641.13944
655.44246
670.10555
679.69379
619.73124
629.41846
642.70058
656.8207
665.91267
622.23913
620.25193
633.43311
651.41843
656.99518
763.33412
771.81982
784.47126
796.46458
803.36783
750.16753
757.77719
768.18113
778.27796
784.89373
729.69071
736.97148
746.09901
753.54633
758.10551
709.05083
715.41597
723.8729
730.22179
732.8397
695.42972
700.54672
707.76028
713.87098
716.75416
12.265024
51.084987
62.331592
110.37095
146.67883
10.853173
46.660126
61.231675
103.95015
140.9266
9.9702794
42.816616
55.87378
92.258871
128.04682
10.408461
39.723595
49.691126
78.308046
107.70485
8.7343101
37.273512
46.545223
66.98607
94.601627
495.27256
539.04685
575.08431
573.7377
556.20446
463.31762
505.56612
545.84116
555.13316
544.14671
406.75066
446.99236
492.13846
514.34513
511.65019
340.92355
375.82948
419.86002
444.99143
447.22083
291.16807
320.77069
359.79182
376.11909
370.8333
506.80034
556.99391
573.32325
577.14554
588.35865
441.77946
448.14439
506.02337
560.64078
565.13006
406.25155
409.65612
446.42755
513.42657
538.19068
380.78683
401.28746
426.67535
466.01048
480.08336
342.85956
335.25895
354.07179
393.15761
390.6012
602.97955
599.54692
594.95852
572.46782
536.02873
588.32903
584.51481
556.22448
510.33407
472.91424
531.96824
513.99265
471.47943
421.28544
388.21037
453.29278
422.15265
378.56414
336.04021
308.38496
393.30041
363.69296
325.01838
287.13005
262.29349
190.3714
259.02986
379.96964
410.67996
431.20087
188.56218
255.69665
374.86681
405.38524
426.73912
186.94072
249.44104
368.38552
398.39495
417.4255
185.82189
244.51004
361.2312
390.94382
406.60112
184.66878
243.33516
357.66257
384.8144
400.45356
36.798097
70.839093
58.116362
114.71593
210.79638
34.025665
70.240834
57.616994
109.66642
210.14246
35.701757
67.635717
57.331247
105.57528
206.74339
39.613257
71.292651
57.174003
102.96193
201.85161
45.010651
79.395447
58.377861
98.413004
199.1279
184.52828
243.12339
356.17398
382.00626
399.31449
182.19676
241.61307
351.82781
377.57897
397.41343
179.99824
237.55853
346.9982
372.96302
391.4907
179.89419
233.70843
343.34371
370.00693
385.31024
180.81243
231.71684
342.02431
368.31088
382.60607
179.9136
232.02805
341.18012
367.57443
382.41386
177.97872
231.53901
338.76513
365.60638
383.51478
176.85933
231.06154
336.26533
363.91306
385.87258
177.49495
232.10165
334.98573
363.08049
386.2486
179.28858
231.58647
336.01844
361.6326
381.71092
59.597441
103.36949
62.245956
91.014666
180.83223
44.463372
84.404489
59.100838
85.65623
178.83746
34.288365
72.658665
58.610116
80.312118
175.24344
41.730399
86.899621
61.136875
84.410786
174.48346
59.01729
104.16271
63.238966
88.58493
172.76714
298.23134
328.5658
461.25949
662.5191
823.83495
297.94211
337.20454
478.70895
678.00268
834.7511
296.04445
341.95122
485.96873
682.70567
843.06632
293.68995
343.5235
484.2115
678.21959
845.6083
291.63051
341.82601
483.65357
676.71257
841.36863
290.98867
343.95462
490.42936
684.64471
850.98234
294.08206
352.80349
504.84929
700.38274
869.07095
295.87379
356.2499
511.23842
705.16186
870.8169
295.06466
357.4526
514.83308
705.07849
874.10984
292.082
353.71597
512.77134
701.1916
868.76337
388.82971
375.4987
341.06159
306.73476
295.39061
387.59658
372.78872
341.63146
306.77584
289.16441
384.51169
371.35721
341.64272
304.75575
285.44876
383.55335
373.14811
340.63188
302.14812
287.01551
387.31066
376.64613
340.08057
301.55782
290.52478
1011.5227
1058.2198
1124.0941
1165.8097
1177.8571
1047.6649
1110.4707
1168.8202
1187.7248
1195.1157
1071.6614
1152.177
1183.6944
1196.2214
1210.1972
1112.2479
1163.2606
1177.5627
1195.7336
1208.1712
1123.9795
1156.3399
1167.8248
1187.58
1197.3064
178.50999
231.62089
336.49882
361.01297
380.93175
178.37822
231.86958
335.55998
360.20679
380.93127
178.02115
231.01792
336.05069
361.12969
380.87365
178.13098
232.16913
337.11297
363.9875
383.64379
179.71439
233.35521
337.77881
365.77228
386.57223
180.48388
233.18359
338.43986
366.63394
387.42206
180.30093
234.25322
340.24682
368.62128
389.56887
181.63978
236.55972
345.01772
373.02891
392.68174
183.95957
240.09609
351.11492
378.47553
397.2074
185.1467
241.74739
354.82438
382.76584
401.72515
60.353265
96.785629
59.199549
93.03214
177.52599
42.897943
79.569997
54.987066
90.646563
183.34842
34.024901
73.019227
54.751417
88.879084
190.27595
37.862045
79.603962
58.502813
93.94434
194.47976
45.266324
80.742313
60.024726
98.215346
197.2942
291.39828
353.55315
513.03741
701.72121
868.32896
293.41695
355.56562
514.4346
705.62956
873.44975
294.90883
352.60325
510.90981
707.44443
871.95434
294.9033
350.19383
505.69638
703.67569
868.21514
292.40368
343.42328
490.463
686.7787
851.90834
292.83402
340.10212
482.34982
677.60521
840.56775
292.02818
342.06566
482.32013
676.91376
844.90657
293.55646
343.56305
483.21435
677.79294
844.21564
296.91669
341.42165
477.11083
670.20281
833.3561
298.60889
332.4877
460.79177
658.4386
825.23012
392.50399
378.21005
340.83713
305.67222
295.96688
393.00955
381.29571
342.95251
306.04527
297.72864
396.88233
383.62366
347.06466
309.29904
296.3906
402.38861
386.75242
351.81375
313.59953
295.47804
405.34567
391.13303
356.18706
317.02174
298.04404
1203.3777
1212.4417
1223.8664
1234.222
1240.4671
1209.9928
1220.4437
1232.0487
1242.064
1248.396
1215.586
1223.6434
1235.6456
1245.8879
1252.0546
1202.0874
1212.3314
1224.5622
1235.6709
1242.379
1183.4232
1195.0561
1209.1602
1220.8953
1228.1123
1182.4974
1192.0215
1207.299
1218.87
1225.6536
1179.1653
1189.7561
1202.1302
1214.2826
1221.8445
1152.5421
1172.8331
1192.6794
1205.8097
1213.3404
1120.3211
1141.1846
1168.9368
1189.4137
1199.1402
1101.2843
1119.5259
1145.8766
1170.3692
1183.6234
1015.2655
1054.5116
1110.8528
1160.8401
1180.1271
1012.4111
1054.217
1100.5334
1143.4711
1169.2986
998.18512
1033.2517
1077.7193
1116.1784
1140.362
982.81375
1011.6815
1049.7107
1086.2805
1109.5441
973.68004
1002.3014
1035.5252
1067.4433
1090.1223
185.62725
242.24637
355.43679
385.25305
403.39508
187.00686
244.17624
359.11993
388.80877
405.59394
188.03329
249.57006
367.37514
394.01619
410.8956
189.82181
255.12537
375.12219
402.2622
419.04864
192.18062
257.21387
380.31547
410.56122
426.42426
189.75876
258.53264
384.27669
413.38722
430.06149
193.73904
260.60012
390.30401
423.27677
434.59491
196.61198
266.23838
399.66984
435.15279
447.38886
199.46025
271.80152
410.82655
447.52767
459.81537
204.19752
274.40148
419.38516
458.88747
464.81073
38.41456
68.003931
58.178347
115.58117
216.77211
35.418238
64.262971
58.123579
118.72318
215.62965
31.639829
61.026193
59.35089
122.65406
218.72386
29.070826
60.076235
60.294818
127.44817
223.18166
29.501542
59.667595
59.992298
131.27231
223.48199
299.98752
328.6041
455.20096
656.22548
822.67079
301.89077
327.77086
455.26041
654.40595
810.48897
301.41306
326.3175
451.53405
644.32307
792.08084
301.21781
324.48265
443.18057
628.44387
775.02528
304.24811
320.18818
430.46133
610.79408
759.32639
308.00473
319.15269
424.17068
604.28384
753.71386
313.93706
319.86403
420.74769
602.28401
745.76471
322.69628
321.2175
417.98734
593.01049
722.75956
331.84353
324.85038
410.66824
571.29017
696.46427
339.44256
328.60966
396.78342
549.58212
682.9887
435.76545
423.03865
388.45645
345.86774
320.24246
441.3568
430.33407
398.9557
354.74492
322.99087
447.47743
442.16737
411.21043
363.6122
330.76042
457.33106
454.90146
423.29274
374.28401
343.419
469.25585
463.48762
432.05818
385.68848
355.41748
1090.0703
1109.9472
1134.9574
1158.3651
1173.3726
1068.6992
1086.6283
1111.5261
1134.0784
1148.4405
1042.1636
1059.3574
1082.559
1103.8346
1117.3224
1016.5832
1033.612
1056.5246
1077.1064
1090.1107
996.78634
1013.2401
1036.422
1057.562
1070.6936
983.72415
1000.5284
1023.9537
1045.8017
1059.4677
963.06845
978.77391
1000.7561
1021.7152
1035.4395
932.8185
949.18146
971.40936
991.64347
1004.5069
900.89627
917.24908
940.39432
961.64681
974.83503
880.13476
895.10525
917.48136
939.33552
953.30942
887.29266
905.98987
932.39154
958.44341
974.85515
867.0057
886.10302
912.73578
938.25692
954.69734
836.13655
854.76106
880.88924
906.64321
924.17087
810.93988
828.54596
852.98912
876.61593
892.57734
798.97822
812.9055
835.33261
857.98876
872.13494
1212.8367
1216.6251
1220.7438
1223.4378
1224.4998
1198.0561
1201.3418
1205.4274
1208.1358
1208.9279
1174.9325
1178.5654
1182.3009
1184.4908
1184.9202
1149.4767
1154.8716
1159.4688
1161.2029
1161.0544
1130.5859
1137.3374
1143.548
1145.64
1145.1175
1065.9323
1078.1786
1094.4187
1108.0976
1116.1453
1042.304
1054.9957
1071.9009
1086.3957
1094.8454
1010.9265
1023.0665
1039.6727
1054.3893
1063.172
981.23662
993.09811
1009.1085
1023.2897
1031.8217
960.13408
972.54319
988.6798
1002.6336
1010.9102
204.6454
275.87674
422.84688
464.63083
470.3073
207.20804
278.53216
430.18211
475.98303
480.38924
210.30038
284.60341
442.08582
491.26538
494.93909
211.74432
290.45676
452.78398
507.01244
510.91533
211.8021
294.10987
459.47025
519.29119
524.41782
212.92299
295.27702
462.01811
526.09918
531.21998
212.15463
298.49498
465.7488
535.21212
546.66047
212.43669
300.25993
474.50033
550.36009
559.54049
211.68115
298.98836
479.86997
565.34384
572.56978
209.35877
296.42045
478.45563
573.32981
587.98386
20.984856
50.79363
67.849321
151.28505
224.94876
17.375243
50.36368
68.292706
152.29367
224.05022
17.163621
46.47051
71.217877
157.16128
218.06528
16.750416
45.201807
73.697409
157.98255
209.80884
13.355994
47.338349
74.57241
154.59424
206.27396
346.25853
330.64378
391.75262
543.05327
676.72857
357.96869
337.67641
387.68072
530.61593
661.7912
372.38886
347.92279
382.74591
511.44198
638.40141
386.17492
358.73675
379.5548
494.38217
618.17856
395.57497
367.4067
375.00755
480.94266
609.1533
401.91397
370.96237
373.38946
474.53816
601.79578
417.94547
380.60243
371.93046
464.03872
591.51509
441.01793
394.73317
372.86766
453.58656
576.88097
461.9469
412.27326
379.12186
445.20178
562.23855
473.97723
428.88212
385.98435
440.05701
555.63267
534.3259
529.07518
506.00206
460.43225
418.52331
554.66546
544.90555
518.61352
475.86812
438.00652
575.52532
566.07258
539.58574
498.88002
463.10747
586.93653
585.48691
563.86369
522.67899
485.48471
591.38818
597.77337
581.10131
539.26888
500.13685
870.27396
884.70918
905.91792
927.32694
941.53517
849.17064
864.22902
885.08242
905.01491
918.38272
821.99702
836.6223
857.48688
876.92218
889.31154
799.81476
813.71149
833.42969
852.29704
864.41582
786.1492
800.13051
819.39225
837.54646
849.30028
778.1358
792.65332
812.38988
830.25764
841.67371
763.72201
777.09448
796.67314
815.45374
827.24437
743.1475
756.00822
774.22895
791.98287
803.86176
725.13817
737.08882
753.89427
769.78827
780.34694
716.13812
726.38435
741.72446
756.47261
765.6268
701.63258
716.93283
737.05904
757.12594
771.54295
692.86109
703.75229
722.97998
743.55881
756.2418
673.36942
684.78997
703.53218
723.40282
736.50673
657.31708
670.05306
688.29386
706.85011
719.14786
655.16493
664.18041
682.00473
700.24451
708.76664
847.31077
858.09127
871.88368
883.44089
890.45925
832.94389
843.38655
857.09487
868.25907
874.5189
809.76172
820.6139
834.69736
846.14675
852.24717
785.77388
796.41071
810.7485
822.69327
829.10914
770.42892
779.74252
793.39421
805.56281
812.12308
208.8275
293.31874
475.8986
575.57425
592.82644
206.83188
288.19193
470.55425
577.73201
597.28212
201.92882
283.01808
460.76819
574.40353
603.30135
194.75556
275.2658
445.37368
564.13609
605.24918
189.39321
267.13891
432.0007
553.40795
600.90652
187.46938
264.98425
424.22522
544.22897
594.26824
180.42073
256.54113
404.34311
523.42742
582.90542
175.93145
242.14704
374.40754
492.7472
555.83555
171.36346
226.07571
342.95697
455.12041
515.21263
164.30423
214.40198
319.21845
425.43458
484.39458
6.0372778
54.191228
81.347089
136.49712
179.29606
5.8777826
49.214005
76.387182
134.56461
177.75304
5.2986254
54.671453
74.615515
126.60788
175.1585
2.9741482
62.789878
70.273744
115.48382
174.82852
4.2663274
58.556184
62.732555
110.23606
172.41202
483.76061
436.3201
389.34604
438.52825
551.69606
494.17049
449.74961
396.50458
435.07956
545.99973
510.79787
464.60626
405.50505
437.47825
541.93371
527.49956
476.3781
413.51537
439.88645
534.74155
539.2239
485.82264
419.12748
439.74271
527.57996
548.0209
489.06811
421.66671
439.55476
519.73551
555.09765
500.84404
429.14747
431.84223
511.54715
561.11331
512.56007
442.16672
423.47825
493.02817
558.53049
515.68672
450.8505
413.81462
456.0717
544.61885
516.43214
450.18153
408.12296
447.62844
611.39404
634.91013
639.2977
609.33706
570.56456
600.80922
624.52054
633.15998
611.96051
578.31115
576.17623
607.13599
622.07637
605.98271
580.24095
540.86625
580.06722
604.66077
594.09337
574.59829
512.35064
553.94344
586.50839
582.26576
563.41447
710.29306
721.07373
735.79969
749.8191
759.18181
700.72229
710.22855
723.9252
737.2664
745.84598
684.24413
693.51981
706.21949
718.06158
725.89797
669.42135
677.3822
688.5149
699.0045
705.7774
662.99
667.88957
676.90712
686.58571
692.0098
657.51399
664.74596
672.25198
679.4176
685.75258
650.75915
655.71941
661.7799
667.11239
670.9654
636.50179
641.95073
647.20749
650.21668
651.60733
618.55675
624.343
629.19116
631.25088
631.38429
603.62748
608.66978
613.76764
615.83579
615.00302
588.39841
608.68634
631.53559
647.43466
654.53682
602.48791
611.9616
625.64447
639.68195
647.53902
581.99672
592.90635
610.7655
626.02444
632.70766
552.16699
571.39433
591.54699
607.91068
615.8683
553.58877
572.61266
580.14615
590.69352
601.84902
687.85801
693.20029
699.84316
705.34401
708.79214
673.56432
677.73733
683.18336
686.52691
686.84142
652.46087
654.72773
658.16501
660.44709
660.57735
630.9581
629.8762
630.58193
626.77999
617.88299
615.87132
611.03668
609.35046
595.08568
567.48581
157.1812
208.78842
307.51332
409.49999
472.41856
145.41311
194.51913
285.71577
380.25105
437.73644
134.83559
174.42016
252.61029
336.05223
384.15407
121.81069
155.27941
216.81508
284.1913
323.2576
106.72414
139.43453
190.85113
243.80735
274.70905
100.03671
129.42278
175.21156
223.24542
250.21982
88.235122
109.61027
143.06339
178.28802
198.91945
60.038725
75.530668
93.142188
105.68362
113.86355
35.543104
45.007197
53.929589
59.257989
61.835524
19.301106
21.607767
26.604052
29.839191
27.501197
7.9439905
37.893074
45.48303
62.302716
89.535643
6.6058504
33.061839
41.884438
53.919435
77.730951
6.2248341
25.084856
31.59058
39.53474
53.633832
8.3607157
20.316999
21.610319
26.726639
33.708371
8.8426086
13.643782
13.650651
16.398486
20.138214
547.29181
514.22004
453.43118
413.40444
448.5498
535.4086
506.27259
466.57449
413.67634
371.2655
508.71132
490.18208
448.11621
424.23184
413.71327
447.41957
454.11252
406.00591
379.00953
408.74126
366.82936
389.78588
383.91608
311.96248
274.13142
323.58861
320.17321
366.9771
333.5487
203.36735
281.53504
253.86499
261.35022
318.11336
275.39833
159.75913
183.58051
145.15983
143.04819
256.15598
66.26895
116.40213
104.71616
65.830556
55.435285
16.486805
7.9582219
0.76254944
8.1577791
60.961953
260.68802
293.35675
334.63107
340.50492
332.19374
212.86653
237.3192
264.14884
282.9661
278.1944
117.77321
138.8007
174.12389
162.95355
151.60547
54.288606
86.322728
107.38271
84.599224
67.317197
15.081362
-6.1691801
8.9507058
6.3523394
14.913613
591.43026
599.24925
605.36191
606.73494
605.79301
574.13348
585.21853
591.73538
590.86991
587.76712
544.21852
556.94522
560.80636
551.35562
540.64823
489.85993
500.53604
504.95185
488.93491
467.2514
413.44051
431.23408
443.89284
430.42683
401.8279
377.90829
398.2829
399.19897
394.83223
394.05952
303.51863
334.86473
365.1621
351.36804
321.94266
206.58234
243.35403
258.75419
261.90528
255.04785
125.6603
166.0785
210.18124
196.50104
195.34602
29.466288
42.197886
94.828292
104.96366
73.948412
258.41077
305.70989
299.05554
317.21893
360.28037
189.44965
188.64542
210.46766
260.55899
293.22644
226.48104
195.25159
189.9624
181.56614
192.99679
118.17457
128.59081
123.77643
116.40659
117.57535
-1.5529138
-1.169867
12.640297
18.85684
28.57637
358.79484
336.16505
300.20049
263.88565
241.88421
320.92365
288.02989
255.85409
224.45024
205.8544
238.52738
222.46154
197.28367
175.6533
162.35148
195.75603
174.35305
152.6076
137.31701
126.49714
116.95563
139.47492
112.17882
101.54398
94.218823
