FiniteElementSpace
FiniteElementCollection: L2_2D_P4
VDim: 1
Ordering: 0

62.291897
69.845007
83.655303
102.87338
120.63142
68.748723
76.717423
91.03078
110.39072
127.80255
77.543591
86.324848
101.62468
121.40574
137.8571
85.577026
95.023172
111.69592
132.25989
146.8557
91.099317
100.52078
118.0278
139.38754
152.01275
13.244397
8.0398571
5.9101477
4.3994958
3.6147043
13.32155
8.4342524
6.2287809
4.6574002
3.8170421
13.263367
8.92115
6.6333024
4.9899707
4.0920492
13.123018
9.3162756
6.9742013
5.2792071
4.3509741
13.0213
9.5363323
7.1731879
5.4598225
4.5243193
1.5910276
1.4289303
1.2431758
1.1037312
1.0274237
1.51996
1.3405231
1.1364735
0.98429861
0.90198114
1.4507375
1.2496819
1.022942
0.85574545
0.76680075
1.4094227
1.1918482
0.94731667
0.76807612
0.67343567
1.3937226
1.1669122
0.91200655
0.72539614
0.62698158
0.25380838
0.20544193
0.15108533
0.11094449
0.089553783
0.22749248
0.18392576
0.13491712
0.099149145
0.080337994
0.19812137
0.16001505
0.11716588
0.085828928
0.06937422
0.177178
0.14297228
0.10447246
0.076367466
0.061637158
0.16661256
0.13420411
0.097948902
0.071666845
0.057933122
119.69794
133.60023
151.48444
154.3568
139.25972
124.52698
137.66292
153.66375
148.87206
127.86614
131.70685
143.08022
152.1372
135.32037
108.67158
137.33735
146.00972
144.21184
116.93607
88.751
139.84273
145.27976
135.09863
103.00573
75.905481
12.640212
10.476963
8.4149461
6.9108733
6.0777969
12.743948
10.778516
8.83398
7.4037305
6.6157134
13.186021
11.492914
9.7290449
8.4105285
7.693082
14.165272
12.722778
11.195204
10.049833
9.4183525
15.291502
14.066935
12.77888
11.779795
11.205378
1.4887799
1.2092452
0.89840163
0.66780488
0.54593488
1.5562455
1.2605969
0.92825278
0.68828961
0.56577104
1.7113714
1.386024
1.0282231
0.76969738
0.63237755
1.9812385
1.6185717
1.1972182
0.87193092
0.69635831
2.2687937
1.8156427
1.2809279
0.89765641
0.70730826
0.15608356
0.1269477
0.093327587
0.068175845
0.054834098
0.16376694
0.13183686
0.095526933
0.069013383
0.055252125
0.16984244
0.13510724
0.09682116
0.06968596
0.05583494
0.17157687
0.13645987
0.098140978
0.071094404
0.057264006
0.17428249
0.1389071
0.10018798
0.072829759
0.058854556
103.08704
85.076653
59.138018
38.261217
28.017828
89.197924
71.901386
49.381064
32.244228
23.78162
69.796443
55.33
37.968559
25.152758
18.718654
53.548247
42.379319
29.303113
19.658397
14.773205
44.640583
35.408988
24.605227
16.643406
12.604854
6.5802069
5.7937985
4.9287592
4.2774483
3.9256102
5.6931673
4.9808888
4.200073
3.6164932
3.3021326
4.6119412
4.0069227
3.3415633
2.8457686
2.5799649
3.7512923
3.243342
2.6821064
2.2633127
2.0388498
3.2723716
2.8223671
2.3242697
1.9534144
1.7550684
0.9331766
0.75725256
0.56446884
0.42690839
0.3538349
0.81747586
0.66902368
0.50116702
0.37919336
0.31630809
0.68137638
0.56306663
0.43026855
0.33259848
0.28101643
0.58353717
0.48880229
0.38207499
0.30413875
0.26320844
0.5364526
0.45537098
0.36330031
0.29540803
0.25991714
0.12585342
0.10915781
0.089403427
0.073792215
0.064970854
0.1206056
0.10572195
0.088762084
0.075766338
0.068414475
0.12285229
0.11023784
0.09555163
0.084220026
0.07782483
0.13412682
0.12377614
0.11133581
0.10118457
0.09513496
0.14789471
0.13860849
0.1274368
0.11810263
0.11230872
15.801292
12.930598
9.57492
7.0771788
5.7849273
13.659803
11.308618
8.5554696
6.4982543
5.42778
11.455145
9.6972026
7.634166
6.0843286
5.2698072
10.256532
8.9380288
7.3801928
6.1978315
5.5684863
9.9883851
8.8984228
7.6008113
6.6034606
6.0631546
1.8573969
1.6275375
1.3676604
1.1731048
1.0691872
1.8348899
1.6204723
1.3775323
1.1959761
1.0987007
1.9170618
1.7147413
1.4849271
1.3124223
1.2196712
2.153436
1.9502188
1.7171729
1.5436466
1.4517931
2.4186959
2.2039518
1.963448
1.786514
1.6900976
0.59189067
0.55608614
0.51514924
0.48431028
0.46755912
0.67265611
0.64024022
0.60277017
0.5743109
0.55879014
0.8443102
0.81468361
0.78048475
0.75462773
0.74052408
1.09752
1.0695506
1.0372501
1.0123312
0.99831448
1.3338106
1.306229
1.2732273
1.2467135
1.2314198
0.40781178
0.40075743
0.39032344
0.37916801
0.37077793
0.50168642
0.49444885
0.48332611
0.47067112
0.46068373
0.68408319
0.67578801
0.6627749
0.64763747
0.63525303
0.93819728
0.92832214
0.91201572
0.89260336
0.87698964
1.1656281
1.1551391
1.1370785
1.1138084
1.0939959
1.9819308
1.7079201
1.399898
1.2128614
1.1626304
2.2347306
1.9010501
1.5230465
1.2759429
1.1839134
2.6025959
2.1876223
1.7088698
1.3768432
1.2318439
2.9507028
2.4581863
1.8918519
1.4903311
1.2998309
3.1706462
2.6314454
2.0152108
1.5737602
1.3565527
8.8628863
4.9922178
3.4155022
2.6198112
2.2056543
10.224691
5.6422298
3.9529631
2.9769092
2.5005452
11.807822
6.5333868
4.691095
3.4823486
2.9108023
12.796442
7.3373066
5.3478029
3.9617957
3.2818935
13.15134
7.823322
5.7373726
4.2621636
3.5090541
2.5790124
2.5356155
2.4544709
2.3383308
2.2312236
2.1202423
2.0717237
1.9888557
1.8836311
1.7940962
1.6130935
1.5593085
1.4776483
1.3855367
1.311402
1.2523234
1.1950946
1.1152856
1.0321773
0.96934624
1.0703803
1.0097053
0.92903825
0.85080349
0.79453276
2.7348216
2.7198879
2.6830584
2.6364704
2.5993613
2.3764936
2.3249377
2.2536384
2.1885858
2.1438153
2.0003591
1.9057536
1.7900428
1.6969931
1.6409072
1.7546402
1.623339
1.4702173
1.351303
1.2838448
1.6395841
1.4865462
1.3106406
1.1775737
1.1041805
0.17683145
0.14234521
0.10358096
0.075887021
0.061377214
0.14925229
0.12164387
0.089134542
0.064217107
0.050732671
0.11917183
0.096499667
0.070854495
0.051440848
0.040646632
0.097912191
0.079144168
0.057528625
0.04141581
0.03273501
0.085715542
0.069736674
0.05094169
0.036406213
0.028472456
0.54544458
0.43866441
0.32299244
0.24133586
0.19719252
0.46616888
0.37753641
0.27653221
0.2031427
0.16546792
0.37372907
0.3027189
0.22303392
0.16416862
0.13282638
0.30587883
0.24745628
0.18174137
0.13399432
0.10892936
0.27005535
0.21870392
0.160374
0.11747735
0.095210129
52.067007
59.669577
70.422273
81.368367
89.401983
53.528538
61.331408
73.508959
86.142977
95.039693
57.932972
65.370583
77.619526
91.638545
102.26892
62.861962
70.822279
83.060151
96.870438
107.86775
65.809284
74.249529
87.209132
101.28526
111.90177
132.18059
147.02694
127.35792
47.216565
13.074135
139.04801
150.84082
125.10405
46.471077
13.39803
147.56128
153.58509
118.39155
43.534328
13.682138
153.89482
152.47894
108.43602
39.171387
13.740996
156.47153
149.26255
100.25646
35.793418
13.663508
157.0259
146.76418
95.759504
34.037985
13.584523
156.46344
140.25369
86.56814
30.658517
13.383141
151.28206
127.01016
72.735862
26.155828
12.984304
140.75072
110.62996
59.539152
22.426378
12.495439
130.82207
98.543899
51.392706
20.346284
12.122574
94.0698
103.39418
121.03705
142.77828
154.1631
99.938411
109.258
126.75716
148.62416
157.33543
107.89067
118.53627
135.45749
154.42439
157.92535
113.86638
127.01429
144.52627
156.72653
152.07264
117.47566
131.5076
149.67023
155.9496
144.25671
3.2741914
2.7153227
2.0764072
1.6157893
1.3865158
3.4723546
2.8774946
2.1992596
1.7062488
1.4551059
3.7363723
3.1016548
2.3788008
1.8483418
1.5713343
3.979473
3.3207733
2.5680399
2.0101617
1.7141968
4.1433463
3.4764517
2.7112733
2.1405105
1.8350488
4.2259652
3.5580005
2.7899983
2.214759
1.9054367
4.4069623
3.7395667
2.9689502
2.386069
2.0679737
4.7219806
4.0616941
3.2953597
2.7082111
2.379789
5.1345007
4.4926291
3.743506
3.1572767
2.8194218
5.5038071
4.8820563
4.15355
3.5704207
3.2213648
12.961215
9.6256915
7.2614268
5.5464424
4.610149
12.863643
9.7875705
7.4347387
5.7266614
4.7914755
12.738936
9.9840191
7.6854372
6.0167914
5.0961509
12.651062
10.18766
7.9860058
6.3820782
5.4911054
12.634555
10.372382
8.257689
6.7080127
5.8478753
0.99244403
0.93033969
0.84929843
0.77301369
0.7191868
0.86501967
0.80080535
0.71973715
0.64623059
0.59645318
0.72736212
0.65963813
0.57713812
0.50673323
0.4616804
0.63182837
0.56101643
0.47694028
0.40842083
0.36669469
0.58392251
0.51146505
0.42689378
0.35919959
0.31882278
0.56393793
0.49101632
0.40550695
0.33771348
0.29802854
0.53349495
0.45829839
0.3712869
0.30398477
0.26556209
0.50344766
0.42571448
0.3371
0.26963139
0.23178898
0.4916106
0.4110475
0.31857177
0.24880903
0.21075476
0.49438014
0.4086915
0.31227732
0.24197208
0.20449133
1.3880856
1.1569534
0.89657685
0.70659655
0.60726215
1.385402
1.1453385
0.87611399
0.6804858
0.57824197
1.3963567
1.1442994
0.86263265
0.65746198
0.5501545
1.4292722
1.1640139
0.86637929
0.65092468
0.53967646
1.4665866
1.1877181
0.88086133
0.66111913
0.54556579
0.080195046
0.064831635
0.047598462
0.034435376
0.02702018
0.072096662
0.058161399
0.0422278
0.030366314
0.023936189
0.062224558
0.050264443
0.036535497
0.026155925
0.020502666
0.055237035
0.044518286
0.032350161
0.02322129
0.018221639
0.051963964
0.041879487
0.030294838
0.02165624
0.017010315
0.050420102
0.040633282
0.029422517
0.020996203
0.016449207
0.048157983
0.038779936
0.028175318
0.020274385
0.015976186
0.046767232
0.037874018
0.027700434
0.020015905
0.015805357
0.047724725
0.038665962
0.028178705
0.020217984
0.015878141
0.048871857
0.039286334
0.028354831
0.02023823
0.015882449
0.16174587
0.13039233
0.095322045
0.069744297
0.056292299
0.15531556
0.12529419
0.0914762
0.066747406
0.053789497
0.14959492
0.1205282
0.087953281
0.06436405
0.052092049
0.14819584
0.11989883
0.088330527
0.06528521
0.053082058
0.1519859
0.12388823
0.091705388
0.067528412
0.054556547
67.172105
75.688475
89.067238
103.58823
114.34163
69.964469
78.600508
92.383742
107.704
119.06894
74.258036
83.28158
97.37735
113.1254
125.22588
79.110514
88.294733
102.87751
118.82998
130.57732
83.251528
92.097278
106.71251
123.11563
134.0306
85.42127
94.471454
108.71847
125.06487
135.65164
89.017593
98.633484
113.30458
129.0569
137.73608
94.248302
104.57356
119.65407
132.80378
136.44087
100.45733
110.62377
124.24987
131.14922
127.32435
104.89183
114.62339
125.40614
125.59898
116.8503
125.04249
92.322354
47.604443
19.410452
11.915023
112.76692
80.40051
40.924191
17.789367
11.498159
93.545098
64.387548
32.969856
15.796817
10.855445
74.945971
50.850632
26.924428
14.181482
10.269452
63.588821
43.216047
23.633834
13.237031
9.9714221
58.367403
39.795111
22.098442
12.661799
9.6421869
49.311575
33.95509
19.341
11.371119
8.6770886
38.626879
27.028592
15.896399
9.6717099
7.4562598
30.402273
21.610069
13.095016
8.2210245
6.3960963
25.870512
18.588393
11.483418
7.3425627
5.7454257
140.50418
143.68354
129.49011
95.850952
69.824466
139.92271
138.16148
117.05638
82.209701
59.001258
134.2711
124.48024
96.937617
64.332503
45.968828
121.81973
106.01386
77.078222
49.774566
35.926292
109.84368
92.106487
64.797221
41.799365
30.469551
5.7391736
5.1236322
4.3949981
3.8129482
3.4644605
6.2877829
5.6998851
4.9926358
4.4073933
4.0478874
7.3826367
6.8397254
6.1766924
5.601274
5.2214127
9.1308922
8.617725
7.9518049
7.3450987
6.9358288
10.937371
10.444332
9.7529954
9.0500025
8.5541992
10.852015
10.375944
9.7039102
9.01492
8.5260819
8.7196929
8.2888159
7.7159152
7.1765381
6.801405
6.5043986
6.1385585
5.6740541
5.2418333
4.9356907
4.9682532
4.6477129
4.2390779
3.8686115
3.6203993
4.1412814
3.8500918
3.4835677
3.1616922
2.9477635
15.009897
13.841339
12.615916
11.660602
11.109867
12.78426
11.633134
10.403466
9.4741706
8.9573956
10.202183
9.168758
8.039323
7.1812072
6.7134858
8.2035663
7.2901278
6.2992253
5.5556856
5.1502663
7.0882239
6.2552991
5.3465705
4.6712248
4.3058763
0.49363658
0.40775851
0.31273861
0.24296529
0.20492581
0.51322384
0.42582536
0.32584427
0.24962713
0.20752421
0.57132022
0.46763686
0.3470326
0.2564547
0.20830896
0.62043879
0.4939571
0.3542699
0.25555807
0.20533125
0.62638463
0.49594024
0.35483155
0.25592873
0.20548121
0.61805385
0.48915242
0.34978986
0.25218861
0.20245149
0.5811798
0.46196546
0.33049156
0.2379234
0.19107633
0.48719674
0.39896461
0.29583617
0.21837163
0.17747608
0.38506435
0.32085339
0.24716985
0.19079025
0.15973392
0.33596255
0.27819294
0.21512228
0.16957781
0.14513525
2.2427417
1.7945367
1.2655603
0.88635551
0.69813528
1.8564407
1.5180136
1.1239592
0.81822021
0.65278188
1.4442827
1.1713048
0.87150317
0.65473725
0.53896102
1.1535564
0.93676132
0.6912115
0.5138689
0.42361759
0.99935711
0.81489646
0.6090063
0.45409301
0.37128959
0.049008755
0.039301875
0.028321768
0.020224229
0.015895935
0.049308843
0.039488574
0.028496685
0.02043366
0.016117522
0.049897663
0.040113473
0.029180749
0.021137872
0.016801556
0.051334911
0.041530175
0.030531616
0.022388288
0.017961996
0.052870468
0.042972951
0.0318622
0.023599083
0.01907456
0.053063449
0.043300201
0.032315451
0.024109236
0.01958879
0.052683729
0.043471941
0.033016063
0.025089541
0.020645008
0.053413322
0.044884495
0.035084116
0.027462749
0.023049876
0.056140553
0.04821389
0.038894945
0.03139013
0.026876496
0.05914515
0.051747407
0.04277164
0.035261715
0.030589981
0.17265706
0.13782376
0.099699198
0.072753324
0.058979519
0.16440097
0.1318192
0.096265053
0.071132326
0.058238561
0.15505135
0.12576029
0.093409613
0.070378958
0.05853268
0.14258252
0.11899192
0.09177329
0.071537863
0.060832672
0.13160084
0.11278773
0.090406422
0.073005049
0.063430341
106.89204
116.22209
124.95751
121.33198
110.61789
110.56619
117.88701
121.33643
110.91906
97.196891
113.35157
115.85384
109.70679
92.304294
77.282807
110.0316
106.72254
92.938378
73.150433
59.669167
103.68386
96.694042
80.217303
61.248544
49.712127
99.417542
90.900092
73.828352
55.801529
45.291547
89.098695
78.732999
61.997972
46.45605
37.771281
71.897389
61.540838
47.406476
35.545887
28.989141
55.643709
47.078128
36.202525
27.321552
22.374439
46.315295
39.224336
30.281464
22.973298
18.907224
23.819969
17.215627
10.727493
6.9188658
5.436285
20.291355
14.821719
9.3947346
6.1610947
4.8686348
16.084011
11.9176
7.7294167
5.182041
4.1301578
12.784482
9.6007703
6.3687123
4.3659617
3.5135959
10.955029
8.3064019
5.5998489
3.9018536
3.1642878
10.136565
7.7259079
5.2529201
3.6917078
3.0071107
8.744289
6.7387504
4.6666792
3.3417891
2.7492963
7.1394504
5.6101187
4.0116535
2.9680853
2.4873027
5.9947037
4.8268844
3.5902294
2.7634232
2.3695012
5.4518627
4.4782575
3.4368227
2.7275173
2.3801136
40.677073
32.289696
22.511798
15.303056
11.63552
33.920117
27.005729
18.956225
13.015684
9.9857507
26.063216
20.880637
14.837434
10.369208
8.0835312
20.191331
16.315922
11.792265
8.4374315
6.7121286
17.121
13.941242
10.230049
7.4719383
6.0469872
3.7694209
3.499587
3.1642344
2.8636068
2.6602245
3.1619725
2.9191555
2.6178463
2.353717
2.181092
2.4612842
2.2559376
2.0035114
1.7867607
1.6472388
1.9391878
1.7679374
1.5591117
1.3813321
1.2686056
1.666828
1.5148797
1.3303934
1.1754769
1.0785838
1.5491867
1.4064767
1.2334574
1.0889653
0.9988754
1.3574584
1.2316092
1.0796889
0.95315945
0.87496623
1.1598634
1.0540148
0.92685794
0.82228184
0.75857771
1.050052
0.95967675
0.85168624
0.76394589
0.71128434
1.0222574
0.94019269
0.84282981
0.76387085
0.71664439
3.0566866
2.6345513
2.1667877
1.8184215
1.6321901
2.6929711
2.3200097
1.9057962
1.5965473
1.4310115
2.283458
1.9707038
1.6215373
1.3610292
1.2217249
2.0080026
1.7425258
1.4444862
1.2219763
1.1028805
1.8934392
1.6528812
1.3822049
1.1794785
1.0705482
0.32095168
0.2658757
0.20433386
0.16057182
0.13803574
0.28916152
0.24355004
0.19105915
0.15196669
0.13135601
0.25855742
0.22133049
0.17940686
0.14830452
0.13155457
0.24525448
0.21496304
0.18033313
0.1547127
0.14106837
0.24461133
0.21893173
0.189073
0.1663293
0.1540264
0.24724878
0.22305642
0.19566032
0.17484465
0.16330434
0.26046162
0.23921377
0.21473694
0.19626145
0.18612623
0.29697169
0.27953637
0.2591885
0.24340407
0.23452499
0.35982307
0.3450879
0.32772241
0.31391849
0.30588453
0.42169356
0.40836851
0.39234261
0.37933417
0.37158004
0.51768691
0.44265641
0.35793999
0.29523852
0.26188191
0.49353222
0.42885861
0.35561007
0.3016218
0.27304172
0.48670534
0.43443081
0.37498159
0.33082383
0.3073137
0.51673054
0.47380402
0.42471745
0.38809168
0.36849353
0.5611411
0.52293995
0.47936623
0.44688648
0.42944729
0.060950117
0.053917754
0.045174796
0.037657658
0.03288314
0.065000586
0.058877995
0.050838376
0.04341063
0.03841417
0.074844272
0.069420924
0.061977028
0.054532525
0.049134612
0.092237231
0.086812033
0.079033555
0.07080526
0.064551082
0.10942797
0.10383827
0.095434462
0.086179763
0.078967631
0.1198725
0.11426413
0.10556172
0.095677592
0.087870327
0.14487016
0.13887611
0.12930179
0.11802242
0.10886667
0.19450514
0.18756672
0.17596733
0.16179327
0.15002234
0.2644072
0.25611102
0.24168361
0.22341518
0.20800461
0.32777078
0.31800142
0.30094776
0.2792065
0.26055538
0.15746903
0.14848504
0.13758802
0.1284384
0.12272897
0.18102632
0.1729434
0.16274052
0.1537358
0.14786956
0.2300965
0.22279413
0.21318283
0.20411648
0.19784327
0.30184832
0.29488635
0.28524877
0.27547575
0.26830475
0.36765568
0.36063874
0.35067262
0.34027651
0.33229606
42.245303
35.788105
27.675393
21.085245
17.418787
35.400821
30.064954
23.395699
17.992142
14.984996
27.745767
23.742333
18.739068
14.69801
12.449235
22.457521
19.465422
15.710794
12.687813
11.005018
20.014002
17.556998
14.471497
11.993242
10.606275
19.060529
16.864759
14.079527
11.834249
10.575114
17.947013
16.141034
13.819992
11.944149
10.884334
17.761985
16.366088
14.527616
13.060331
12.221109
19.395592
18.289371
16.782106
15.592008
14.922817
21.734229
20.746167
19.421873
18.375917
17.781532
5.2436363
4.3568052
3.4017613
2.7436536
2.4166802
4.9771438
4.235193
3.4260279
2.8537141
2.558776
4.9229879
4.345382
3.698592
3.218743
2.9550661
5.2969531
4.8381857
4.3038606
3.8797393
3.6294676
5.8269297
5.4249073
4.946955
4.5468998
4.2927438
6.1993256
5.8167013
5.3511759
4.9587452
4.7067993
7.1519072
6.8124346
6.3766665
5.9764601
5.7062614
9.1619224
8.8523121
8.4364353
8.0208709
7.7105428
12.29154
11.965343
11.490757
10.999349
10.63381
15.394719
15.0623
14.523469
13.887909
13.399811
10.008163
9.0155631
7.8312092
6.9184302
6.4201558
10.40559
9.5666564
8.5589032
7.7762605
7.3449677
11.841472
11.176895
10.361685
9.7088457
9.3342877
14.602227
14.064023
13.384837
12.812964
12.463175
17.507396
17.026493
16.418224
15.894136
15.562288
1.0232781
0.94491355
0.85113184
0.77538264
0.7306524
1.0554955
0.98166239
0.89414902
0.82463041
0.78413993
1.1786889
1.1093536
1.028092
0.96387588
0.92665579
1.4114578
1.3424261
1.2604071
1.1960248
1.1597615
1.6462427
1.5715447
1.4855275
1.4211427
1.3858897
1.786618
1.7116617
1.6273342
1.563553
1.5275612
2.1449754
2.0673098
1.9760101
1.9037149
1.8624096
2.8706376
2.7702626
2.650694
2.5586377
2.5087433
3.8742515
3.7412377
3.5928969
3.4867681
3.4320518
4.7740336
4.6313058
4.4754623
4.364668
4.3072784
2.5899285
2.3739215
2.1271167
1.9361069
1.8317823
3.0199658
2.7801765
2.5025712
2.2973981
2.190996
3.8989622
3.6126163
3.2930501
3.0573102
2.9288005
5.225693
4.8794346
4.4653669
4.1353256
3.9534667
6.5194831
6.0490864
5.4810008
5.0684501
4.8622095
0.4600674
0.44726663
0.43185911
0.41925465
0.41166911
0.55183046
0.53983756
0.52526073
0.5130734
0.50554888
0.73416117
0.72305062
0.70901521
0.69652093
0.68834615
0.99186874
0.98040623
0.96562513
0.95214659
0.94304091
1.2243373
1.2116463
1.1952745
1.1805292
1.1707668
1.3641065
1.3509261
1.3336974
1.317815
1.3071683
1.6929044
1.6790389
1.6604984
1.642492
1.6297349
2.3326905
2.3181529
2.2982754
2.2779694
2.2626704
3.252059
3.2366082
3.2153376
3.1933511
3.1765125
4.1203204
4.1039054
4.0812185
4.0576653
4.0396152
1.4790092
1.4500872
1.4152314
1.3873824
1.3714677
1.8183272
1.7857196
1.7472433
1.7173739
1.7006232
2.4687875
2.4318145
2.3898001
2.3582188
2.3407345
3.3954678
3.3562721
3.3121375
3.2790015
3.2605633
4.2719906
4.2306871
4.1839983
4.1488841
4.1293405
0.36608516
0.35567067
0.33689914
0.31282315
0.2924122
0.45507334
0.44281886
0.4206867
0.39171625
0.36686293
0.62805328
0.61200411
0.58294428
0.54496815
0.51201662
0.86807056
0.84787791
0.80986317
0.75910936
0.7155222
1.0825344
1.0580202
1.0139691
0.95379847
0.8997708
1.2149095
1.1859624
1.1340449
1.0685564
1.0115791
1.5205337
1.4888745
1.42758
1.3447445
1.2740008
2.1078927
2.0653509
1.9880393
1.8831357
1.7889184
2.9747755
2.9093603
2.7919016
2.6467326
2.5266768
3.8216289
3.7458509
3.594132
3.3859334
3.2159254
1.3015977
1.2903771
1.2717959
1.2482113
1.2274159
1.6228916
1.6087403
1.5854298
1.5574385
1.5341932
2.2541096
2.23552
2.2026271
2.161308
2.1273481
3.1669421
3.1456753
3.1059281
3.0516032
3.0033502
4.0293922
4.0066913
3.9645567
3.9066645
3.8540716
