FiniteElementSpace
FiniteElementCollection: L2_2D_P4
VDim: 1
Ordering: 0

-60.356095
-66.768204
-77.906213
-88.803144
-94.738829
-65.308781
-72.454123
-83.778441
-94.697248
-100.19171
-70.975841
-77.241253
-85.935093
-93.054996
-96.605318
-72.319823
-76.673932
-81.937781
-86.010473
-88.165925
-69.87232
-72.98954
-76.513578
-79.423688
-81.032611
-78.734705
-70.579859
-59.192388
-49.480412
-43.931811
-83.075781
-74.577963
-62.320678
-51.415286
-45.074271
-90.120938
-82.879419
-70.560667
-57.856417
-50.064487
-94.200318
-90.485181
-81.053118
-68.140546
-59.009061
-93.948896
-93.032633
-87.290696
-76.19795
-66.964896
-24.369389
-22.636971
-20.631646
-19.134303
-18.335748
-22.430478
-20.427161
-18.115174
-16.396338
-15.482954
-21.596608
-19.054811
-16.12911
-13.965034
-12.822125
-22.770225
-19.494311
-15.726774
-12.947819
-11.486014
-24.636278
-20.721002
-16.219354
-12.904661
-11.165556
-15.834885
-15.601997
-15.285617
-14.952932
-14.694986
-12.683612
-12.436561
-12.109671
-11.776751
-11.528152
-9.4186934
-9.1442007
-8.8059115
-8.4958081
-8.2876258
-7.257523
-6.94974
-6.5986073
-6.3046222
-6.1195195
-6.2230825
-5.8838078
-5.5096739
-5.2042004
-5.0141875
-39.819441
-41.534754
-44.572299
-48.061661
-50.438405
-35.557242
-37.50444
-40.678383
-44.070975
-46.550722
-30.164918
-32.199499
-35.376661
-38.868366
-41.582859
-25.428327
-27.451693
-30.718349
-34.413157
-37.193725
-22.499338
-24.576814
-27.934322
-31.722
-34.476778
-70.677605
-75.100501
-82.292766
-89.932302
-94.548174
-66.996298
-71.268723
-78.374995
-86.308337
-91.553325
-61.741121
-66.004823
-72.950305
-80.526787
-86.090169
-56.875828
-61.121323
-67.786452
-75.139972
-80.679812
-53.837769
-57.976024
-64.543625
-71.818442
-77.005146
-58.185447
-46.766207
-33.206083
-23.236634
-18.098541
-68.059618
-55.249657
-39.161545
-27.080073
-20.928793
-82.701969
-69.465735
-50.226128
-34.332471
-26.213087
-95.05188
-84.109234
-63.805034
-43.945765
-33.190163
-100.77671
-92.948843
-73.947287
-52.03685
-39.190374
-4.3835027
-3.6004382
-2.8451353
-2.3115404
-2.0326533
-4.5444873
-3.6346371
-2.7746523
-2.174488
-1.8653809
-4.9469927
-3.8122858
-2.7738648
-2.0625757
-1.7026328
-5.5247476
-4.110058
-2.8597204
-2.0182781
-1.5993683
-6.0087811
-4.3638604
-2.9476569
-2.0057294
-1.5420038
-38.919185
-42.530049
-48.121603
-53.659737
-57.668793
-37.010338
-40.532264
-45.509524
-50.730429
-55.042406
-34.353561
-37.238902
-41.703653
-47.04579
-51.141156
-31.197161
-33.828543
-38.394169
-43.527699
-47.122314
-28.956068
-31.770689
-36.331614
-41.060365
-44.491385
-91.448019
-98.94208
-107.12567
-103.96436
-92.264112
-87.033084
-94.9328
-105.13889
-107.50177
-99.972613
-81.447799
-89.106574
-99.99707
-108.35337
-107.499
-76.536426
-83.019666
-93.56026
-105.43114
-109.60613
-72.955153
-78.721817
-89.126631
-101.99433
-108.26555
-10.215298
-5.974519
-3.0774332
-1.3541552
-0.56559337
-11.134352
-6.1130342
-2.8289287
-0.94399588
-0.099983195
-12.588953
-6.110644
-2.1739751
-0.035564031
0.87962646
-14.197303
-5.7407246
-0.94435997
1.5310977
2.528811
-15.279796
-5.1460066
0.48519781
3.2213608
4.2787369
-19.785023
-21.576884
-24.617126
-28.224135
-30.816098
-18.222916
-20.009148
-22.958462
-26.088594
-28.215329
-16.095078
-17.750809
-20.176164
-22.645772
-24.542779
-13.969349
-15.272604
-17.208309
-19.432742
-21.262936
-12.396602
-13.518992
-15.329968
-17.46165
-19.153503
-51.329962
-56.339384
-64.917131
-75.605176
-84.330531
-47.804559
-52.530425
-60.859121
-71.204787
-79.441972
-42.608193
-47.141159
-55.082477
-64.659648
-72.19653
-37.745422
-42.082276
-49.413934
-58.268651
-65.485934
-34.677398
-38.71595
-45.620373
-54.22388
-61.378189
-38.528239
-21.238643
-8.4862248
-4.3329817
-2.8744553
-41.704302
-23.897332
-9.6019753
-4.992177
-3.4408515
-45.285938
-27.649961
-11.194572
-5.7977005
-4.0873318
-47.498438
-31.048869
-12.77869
-6.4904917
-4.5797435
-48.195212
-33.04882
-13.85075
-6.9444265
-4.8585693
-2.0750472
-2.5409078
-3.3532511
-4.2997349
-5.1041266
0.31399382
-0.067730306
-0.63354654
-1.3414465
-2.0627854
4.141436
4.0415824
3.8792866
3.3914561
2.7685655
9.2024714
9.3517886
9.423425
9.1144405
8.6955996
13.464345
13.698002
13.874936
13.627324
13.20621
-15.526782
-18.599016
-23.738681
-29.905078
-34.418724
-11.74842
-14.623096
-19.367766
-25.126626
-29.273564
-5.5760562
-7.6543686
-12.32738
-17.680676
-21.159872
2.1320597
0.14578656
-5.2858308
-9.7725999
-12.558372
8.4568078
5.2042536
-0.25977615
-3.275627
-5.6607674
-38.857743
-36.011791
-20.092977
-11.028572
-6.6070914
-34.333482
-35.523725
-21.156665
-12.397205
-7.0875658
-28.274236
-35.391147
-23.065025
-15.231792
-8.0296702
-24.982752
-35.6781
-26.11017
-19.405441
-9.5121617
-24.113321
-35.849232
-29.365011
-23.264935
-11.001308
40.820744
40.20618
37.573343
32.241369
26.803428
39.27588
36.990906
31.11779
22.17258
14.534375
35.285456
32.351233
25.829644
17.016294
10.074611
30.338359
28.155904
23.321532
16.960535
11.986671
26.533419
25.065743
21.611197
16.850244
13.001254
-13.083735
-14.706611
-18.255729
-23.651362
-24.111405
-24.515874
-29.168023
-34.745227
-40.386989
-43.801765
-22.579721
-30.421669
-34.698149
-38.377735
-41.122589
-21.311144
-16.307247
-13.001851
-14.511392
-15.946152
-17.952368
-11.631197
-6.4410263
-4.5659683
-5.1463261
-61.908084
-63.655713
-72.904067
-52.927131
-15.993792
-64.94011
-65.387166
-71.424685
-41.282565
-9.9913656
-48.279227
-49.405092
-44.495863
-17.269215
-3.836776
-12.353992
-6.1039924
0.93622127
-0.098387267
-0.72455427
4.6841619
13.187692
16.250438
7.3882279
2.0733525
-97.444914
-100.87979
-99.55663
-92.365488
-83.521769
-102.40315
-104.88248
-103.00912
-95.160783
-87.143118
-98.182338
-100.20581
-100.66703
-97.848322
-93.116773
-89.020863
-90.792906
-93.608778
-95.602972
-95.132781
-81.834211
-84.110323
-88.153941
-91.92719
-93.629151
-78.836237
-81.262827
-85.278156
-89.30165
-92.019925
-73.125249
-75.564878
-79.58714
-84.307871
-87.896854
-65.233652
-67.776333
-72.021192
-77.096614
-81.0531
-58.186898
-60.882222
-65.313531
-70.600515
-74.720594
-53.877059
-56.568739
-61.201008
-66.682595
-70.648941
-68.166883
-70.758091
-73.731725
-76.110007
-77.729628
-63.341046
-65.01572
-67.331682
-69.792496
-71.843337
-54.879617
-56.343495
-58.791988
-61.628917
-63.990426
-46.949072
-48.613829
-51.265159
-54.450968
-56.945455
-42.195995
-43.845245
-46.663086
-50.123979
-52.590583
-41.446623
-37.041116
-31.762439
-27.641718
-25.361942
-42.23073
-37.129692
-31.003875
-26.221393
-23.576571
-46.530268
-40.153383
-32.455979
-26.403918
-23.050922
-54.656799
-46.578411
-36.728819
-28.952476
-24.643042
-62.221867
-52.975914
-41.324301
-32.018907
-26.881236
-66.52407
-56.8691
-44.269378
-34.059264
-28.429263
-75.344213
-65.41202
-51.180794
-38.952788
-32.197312
-86.940194
-78.661573
-63.797636
-48.710078
-39.850892
-94.336405
-89.997815
-77.749543
-61.397567
-50.379858
-96.088608
-95.013574
-86.57973
-71.193915
-59.234492
-93.031458
-93.523656
-89.823138
-80.090625
-71.2718
-89.633952
-92.318138
-92.858348
-87.133646
-79.814041
-83.162465
-87.687573
-92.59993
-93.366083
-90.011794
-76.859945
-81.483517
-88.19634
-93.880387
-95.211134
-72.756972
-77.024518
-84.319501
-91.670366
-95.332113
-17.99296
-17.411013
-16.747753
-16.24708
-15.966486
-15.093084
-14.43278
-13.686742
-13.131848
-12.825761
-12.336999
-11.519219
-10.60605
-9.9405065
-9.5822189
-10.869218
-9.8332602
-8.6901697
-7.8751591
-7.4484011
-10.434646
-9.2095533
-7.8678254
-6.9242921
-6.4382852
-10.379617
-9.0426617
-7.5834196
-6.5634903
-6.0413964
-10.555945
-8.9659775
-7.2409034
-6.0456361
-5.4382523
-11.487548
-9.4251241
-7.2045122
-5.6842422
-4.9209172
-13.232566
-10.5473
-7.6755831
-5.7316731
-4.7663651
-14.922524
-11.702723
-8.2750333
-5.9721711
-4.836086
-25.95612
-21.648736
-16.709728
-13.080174
-11.177333
-29.254573
-24.072958
-18.135827
-13.782727
-11.505798
-36.017166
-29.205559
-21.404753
-15.699013
-12.723274
-45.422946
-36.49876
-26.235973
-18.741329
-14.847725
-53.53762
-42.950684
-30.591952
-21.544035
-16.867184
-14.546545
-14.217568
-13.597311
-12.778376
-12.120519
-11.391192
-11.096122
-10.59892
-10.012628
-9.5402255
-8.1790853
-7.9603561
-7.6032387
-7.1604938
-6.7811774
-6.0252232
-5.8350673
-5.5244357
-5.1548597
-4.8587607
-4.9180217
-4.7279529
-4.4413416
-4.1290204
-3.8806484
-4.4434822
-4.2642455
-4.0007624
-3.7039237
-3.4643804
-3.6851608
-3.5096002
-3.2549716
-2.9838726
-2.7787661
-2.8600841
-2.6784808
-2.4338075
-2.1943697
-2.0212062
-2.2939574
-2.1008037
-1.8540366
-1.6292681
-1.477272
-2.0191722
-1.8127905
-1.5567567
-1.3355757
-1.1932878
-5.8108911
-5.4497528
-5.0541376
-4.7337026
-4.5392667
-5.1708656
-4.7573336
-4.3167211
-3.9754639
-3.7791439
-4.5865307
-4.0808587
-3.5621262
-3.1756212
-2.9609958
-4.3449512
-3.7200991
-3.0981017
-2.6469798
-2.4049527
-4.3407149
-3.6154716
-2.9079715
-2.4040281
-2.1393747
-51.756624
-54.510331
-59.30349
-64.721422
-68.440908
-47.938864
-50.882205
-55.695879
-60.80889
-64.749426
-43.037396
-45.980084
-50.651389
-55.826742
-59.789872
-38.601217
-41.564183
-46.210445
-51.294401
-54.895258
-35.882408
-38.885255
-43.392746
-48.232591
-51.769216
-34.640566
-37.569316
-41.960184
-46.699216
-50.344242
-32.219561
-34.988209
-39.231756
-43.98813
-47.709756
-28.874147
-31.476548
-35.717714
-40.554621
-44.17576
-25.89426
-28.515941
-32.760252
-37.433815
-40.779438
-24.160347
-26.720148
-30.851026
-35.336166
-38.483186
-96.128627
-96.535988
-90.43634
-76.204115
-64.143484
-94.120586
-97.270125
-96.299703
-85.597777
-74.234039
-89.043219
-94.733783
-99.722406
-96.307286
-88.261118
-83.359372
-89.702939
-97.764055
-101.68774
-98.910111
-79.649331
-85.700987
-94.756657
-102.0688
-102.8942
-77.853971
-83.899293
-93.005896
-101.26013
-103.9041
-74.778701
-80.335794
-89.13191
-98.582114
-103.48707
-69.955971
-74.952736
-83.459882
-93.216254
-99.608911
-64.817349
-69.855652
-78.173073
-87.321293
-94.083237
-61.595052
-66.684723
-74.699778
-83.333994
-90.047614
-52.38044
-56.485664
-63.015824
-70.090747
-74.999709
-49.670217
-53.743692
-59.982947
-66.590754
-71.716178
-46.070013
-49.784248
-55.603552
-62.249714
-67.403182
-42.475696
-45.961041
-51.752361
-58.208305
-62.602531
-40.07465
-43.6275
-49.333966
-55.247643
-59.233896
-15.952575
-12.420768
-8.6691366
-6.1573762
-4.9220532
-18.343199
-14.097326
-9.6142714
-6.6350854
-5.1778205
-22.856765
-17.276917
-11.442493
-7.6119627
-5.7516928
-28.811321
-21.478468
-13.863746
-8.9272799
-6.5535809
-33.904546
-25.068537
-15.917244
-10.034841
-7.2307578
-36.899153
-27.177942
-17.117389
-10.671888
-7.6161298
-43.621428
-31.90567
-19.780011
-12.074233
-8.4527261
-55.555689
-40.605733
-24.634355
-14.536751
-9.9009033
-69.335657
-51.556012
-30.98227
-17.600932
-11.631679
-79.060791
-60.199268
-36.395499
-20.150828
-12.992602
-102.75075
-96.725554
-79.093195
-56.609197
-42.717288
-104.3991
-102.34189
-88.746016
-66.258619
-50.529793
-102.81501
-105.72111
-100.06792
-80.867294
-63.81183
-97.965127
-103.904
-106.39066
-94.113825
-78.214419
-93.58741
-100.83699
-107.49702
-101.15163
-87.764137
-1.9061078
-1.6908457
-1.4291098
-1.2087559
-1.0694037
-1.7264938
-1.4934416
-1.2165394
-0.99260984
-0.85772986
-1.5415952
-1.2756532
-0.96859426
-0.73339525
-0.60024592
-1.411893
-1.1065125
-0.76160865
-0.50892163
-0.37350025
-1.3341627
-0.99920652
-0.62525337
-0.35747195
-0.21880742
-1.2947525
-0.94306501
-0.5526716
-0.27648843
-0.13566841
-1.2048614
-0.81901812
-0.39476838
-0.10197308
0.042228843
-1.017496
-0.58015123
-0.10554546
0.21313471
0.36299032
-0.71900378
-0.22499843
0.30382932
0.64676478
0.80070799
-0.41682658
0.11798823
0.68748876
1.0461757
1.1957083
-6.2836354
-4.5051041
-2.9973808
-2.0014673
-1.5133144
-6.865804
-4.794506
-3.0911636
-1.9829466
-1.4463583
-7.8266168
-5.2305183
-3.200129
-1.9089129
-1.2956494
-8.9215517
-5.6363286
-3.2199617
-1.7295903
-1.0343645
-9.7504106
-5.8681831
-3.1438811
-1.5106492
-0.7585757
-23.249152
-25.801635
-29.926786
-34.336206
-37.339607
-21.644843
-24.263519
-28.219265
-32.244465
-35.241431
-19.676346
-22.047835
-25.573884
-29.582348
-32.756093
-17.531533
-19.60899
-23.150163
-27.23402
-29.964963
-15.889393
-18.038123
-21.758977
-25.493871
-27.755842
-15.122447
-17.437714
-21.090264
-24.464091
-26.688854
-14.018279
-16.352343
-19.557505
-22.659881
-25.090935
-12.738269
-14.694234
-17.518977
-20.715406
-23.158507
-11.433171
-13.132003
-15.955423
-19.030736
-21.11237
-10.489784
-12.249769
-15.00065
-17.745939
-19.589497
-60.164702
-65.191796
-72.822892
-81.319015
-88.132259
-57.404341
-61.992276
-69.26858
-77.675409
-84.006366
-53.168712
-57.438636
-64.379183
-72.168062
-78.103903
-49.057163
-53.103809
-59.555947
-66.971139
-73.019658
-46.414648
-50.205977
-56.37331
-63.820729
-69.783915
-45.101306
-48.7275
-54.868938
-62.366346
-68.018845
-42.327485
-45.926608
-52.171513
-59.167456
-63.986766
-38.703673
-42.360262
-48.009328
-53.91315
-58.515006
-35.617018
-38.797077
-43.511095
-49.023129
-53.767628
-33.39772
-36.074345
-40.40863
-45.978573
-50.594482
-28.01498
-30.891768
-35.272697
-39.8442
-43.266798
-26.480188
-29.211381
-33.245136
-37.530558
-40.684116
-24.382407
-26.737106
-30.248191
-34.068572
-37.02878
-22.12407
-24.153716
-27.30887
-30.983763
-33.973681
-20.552304
-22.43581
-25.468617
-29.140366
-31.980519
-83.854878
-64.848885
-39.535623
-21.634885
-13.754571
-92.540226
-74.220853
-46.428934
-24.959223
-15.382485
-102.42919
-87.441553
-57.989202
-31.046495
-18.24272
-107.99765
-98.468656
-70.520968
-38.675959
-21.80948
-109.2434
-103.92871
-79.031459
-44.759418
-24.744365
-109.15671
-105.95994
-83.229265
-48.19583
-26.427201
-107.62898
-108.35013
-90.940598
-55.350473
-30.461016
-103.13241
-108.39571
-99.686382
-65.602636
-37.280898
-96.790848
-104.67643
-104.35094
-74.541184
-44.350471
-91.698881
-100.59148
-105.07482
-79.320915
-48.895188
-70.868587
-76.429621
-87.039196
-100.02768
-106.96167
-66.64064
-72.458607
-83.132127
-95.54556
-103.64837
-61.284718
-67.253695
-77.201232
-88.775897
-97.901563
-56.449513
-61.994872
-71.111743
-82.261468
-91.469267
-53.080549
-58.231261
-66.997812
-77.904093
-86.787381
-0.21082241
0.33854895
0.91572964
1.2815714
1.433967
0.2856821
0.87477648
1.4872067
1.8590792
2.0048662
1.3155294
1.9625847
2.635037
3.0275551
3.157826
3.0146102
3.7010296
4.3797919
4.7475035
4.8547518
4.8052083
5.5126785
6.1673306
6.4403638
6.4537179
4.7196952
5.4428364
6.1168775
6.4073126
6.4206286
2.5973403
3.3630193
4.137985
4.5836306
4.7131226
0.42226755
1.2475082
2.1260953
2.6765901
2.8797575
-1.0460919
-0.18464815
0.73532002
1.339857
1.6012405
-1.8129766
-0.93038031
0.017081154
0.66182402
0.95500204
-16.522736
-5.8152312
0.25863799
3.0797995
4.1735333
-20.699036
-8.9847236
-2.0755147
0.86380401
2.0159163
-26.996107
-13.180024
-4.6613719
-1.4427387
-0.20940409
-33.008599
-17.173807
-6.6939824
-3.0650218
-1.7244711
-36.715538
-19.866023
-7.9081714
-3.9433568
-2.5216053
-10.079045
-11.816731
-14.514738
-17.160232
-18.886847
-9.564357
-11.290959
-13.681858
-15.8616
-17.381503
-8.9701383
-10.273745
-12.003172
-13.820562
-15.28953
-7.6979827
-8.5982107
-10.103443
-11.923112
-13.287411
-6.494928
-7.4035822
-9.0313488
-10.724146
-11.837043
-6.0399798
-6.9986076
-8.516295
-10.01483
-11.053488
-5.2665511
-6.1463589
-7.4739367
-8.8236523
-9.7614784
-4.4169267
-5.1473114
-6.208796
-7.2073966
-7.8599782
-3.4461516
-3.8927231
-4.4462207
-4.9449546
-5.354294
-2.0244939
-2.1893068
-2.429314
-2.7887688
-3.1488007
-32.067646
-34.558379
-38.890213
-44.470751
-48.922069
-29.332028
-31.742517
-36.116964
-41.472627
-45.582287
-25.622587
-28.01146
-32.12686
-36.878377
-40.55344
-22.283444
-24.493917
-28.09367
-32.299251
-35.738876
-20.099456
-22.099699
-25.400649
-29.395635
-32.736952
-19.013509
-20.996497
-24.164606
-27.989069
-31.231581
-17.133333
-18.861695
-21.699512
-25.323007
-28.396762
-13.922416
-15.30231
-17.932155
-21.306214
-24.045936
-9.9466548
-11.30193
-13.768112
-16.72682
-19.237159
-7.1118687
-8.4066933
-10.529251
-13.328487
-15.876301
-11.601075
-12.705836
-14.413964
-16.410161
-18.060617
-10.234702
-11.154452
-12.654075
-14.583662
-16.237645
-8.1866149
-8.8757616
-10.198002
-11.928748
-13.262073
-5.5975234
-6.1591507
-7.2312771
-8.5053408
-9.4445018
-3.3560791
-3.8378921
-4.7121554
-5.7287503
-6.5745585
-88.995195
-98.265371
-104.73891
-81.281046
-51.129345
-83.605979
-93.314236
-102.76017
-84.049107
-55.064022
-76.03564
-85.923484
-97.594202
-85.5345
-59.397456
-69.320669
-78.57692
-90.46842
-84.292538
-61.747759
-65.233423
-73.46583
-84.855856
-82.219813
-62.089335
-63.159663
-70.699445
-81.867201
-80.897609
-61.963669
-58.694484
-65.137928
-75.979888
-77.843061
-61.113572
-51.73177
-57.117416
-67.166428
-72.361528
-58.417147
-44.718498
-49.154691
-58.178805
-66.16494
-54.386212
-39.878849
-43.314947
-52.245035
-61.894916
-50.695586
-33.107833
-37.015828
-43.774025
-52.320177
-59.3915
-30.098163
-33.758533
-40.375333
-48.6898
-55.289534
-25.595774
-29.093109
-35.456411
-43.007624
-48.739762
-20.765891
-24.214814
-29.975147
-36.595865
-41.703697
-17.362246
-20.573664
-25.798269
-32.060553
-36.84015
-2.1502855
-1.2510668
-0.28084555
0.37925473
0.68223414
-2.6793593
-1.7635833
-0.77912329
-0.097407741
0.23416186
-3.2495196
-2.312202
-1.3123554
-0.60928887
-0.25416848
-3.6245817
-2.6706577
-1.6675819
-0.95494458
-0.58990519
-3.7901471
-2.8290977
-1.8317144
-1.1185319
-0.75052161
-3.8538741
-2.8877811
-1.8947259
-1.1834037
-0.81675815
-3.931128
-2.9590165
-1.9805828
-1.2776213
-0.91472691
-3.9556199
-2.9778386
-2.0307767
-1.3507409
-0.99404428
-3.9019045
-2.9081464
-2.0013895
-1.3568432
-1.0128059
-3.831455
-2.816479
-1.9420925
-1.3295543
-0.99746
-48.385843
-33.957583
-14.3996
-7.1835555
-4.9937617
-48.363512
-35.436409
-15.456738
-7.6682472
-5.2420476
-47.063264
-36.672581
-16.964757
-8.4758688
-5.611565
-44.061916
-36.767902
-18.467536
-9.5191635
-6.0394956
-40.813543
-36.325518
-19.535795
-10.455078
-6.3923823
-0.89913323
-1.0168066
-1.2607939
-1.5905782
-1.8971553
1.0200359
0.98286694
0.89983702
0.71388992
0.46596219
4.0990717
4.2822201
4.4283542
4.3815737
4.2379379
8.2951907
8.6648253
9.0505595
9.1939085
9.189531
12.116874
12.592879
13.077879
13.301813
13.379107
14.322392
14.786681
15.256052
15.521522
15.674861
18.617293
19.094783
19.719693
20.270756
20.63643
25.321845
25.973846
26.951235
27.92477
28.576891
32.056011
32.960467
34.295252
35.563318
36.375826
36.014749
37.037032
38.383472
39.531647
40.118982
-5.6361556
-6.7789963
-8.7778332
-11.61606
-14.149874
-2.5639651
-3.5415594
-5.3701111
-8.0064922
-10.340136
2.4259589
1.7145193
0.16927879
-2.2164093
-4.3346347
8.5207657
8.0413323
6.7141515
4.4421045
2.6595367
12.994787
12.669961
11.478638
9.6166681
8.5073561
15.428883
15.19512
13.937016
12.52095
12.279509
21.058719
20.652543
19.342505
17.671207
15.210286
29.760488
29.238778
27.733698
25.425242
22.967203
37.357777
36.311953
34.380019
32.173173
30.51876
32.7608
29.000062
22.133497
13.741692
8.2403505
15.805582
16.076043
16.242888
15.958727
15.555239
20.84768
21.174787
21.427867
21.360912
21.121662
28.87436
29.330174
29.79925
29.959564
29.841493
36.747943
37.359087
37.992533
38.075529
37.705178
40.313049
40.4266
39.647064
37.281249
34.530339
-37.288164
-40.298069
-49.46487
-59.588061
-48.54689
-32.001964
-34.404608
-44.0926
-54.597285
-43.577851
-23.988907
-25.937037
-36.4799
-46.327203
-35.452195
-15.776393
-17.905141
-28.684915
-37.258384
-28.459221
-9.2905523
-12.416259
-22.588029
-31.241503
-25.307288
-5.7704114
-9.6829616
-19.164153
-28.568199
-23.040903
1.3442258
-3.8952827
-14.27997
-23.607744
-24.221092
6.9858057
2.9385271
0.80138297
-16.961236
-23.549779
15.329834
11.951096
2.7787609
-19.355122
-31.589139
-4.452886
-4.3541563
-12.815965
-35.947544
-50.249393
12.184644
8.1350307
2.4449111
-0.54428525
-2.1727774
13.06642
10.510627
9.0999815
7.122235
2.805002
21.351443
20.223294
19.371869
15.772396
11.612574
29.559794
27.175821
23.682372
20.304849
17.553583
6.1634293
4.3416364
2.1098357
-2.7786494
-5.3375714
-3.7906548
-2.7608171
-1.9038312
-1.3091198
-0.98692627
-3.7082861
-2.6407466
-1.8166271
-1.2566637
-0.94706693
-3.612637
-2.4438771
-1.6635267
-1.1577688
-0.87368862
-3.6204922
-2.2717938
-1.5195499
-1.0652522
-0.81574586
-3.7410736
-2.2130229
-1.4653722
-1.0343313
-0.79195281
-3.8641279
-2.2400811
-1.4609877
-1.0244825
-0.78094973
-4.2357866
-2.2831896
-1.4590598
-1.031273
-0.79516199
-5.0073169
-2.6746217
-1.6337038
-1.1976863
-0.93860533
-5.4417011
-3.4495066
-1.9505484
-1.5108162
-1.145305
-5.3050952
-3.9005311
-2.0423957
-1.657975
-1.1886724
-28.06562
-35.984788
-31.557178
-25.634888
-11.961209
-26.972441
-34.283953
-37.15705
-31.157055
-14.369879
-23.100404
-38.487485
-48.535112
-41.406235
-18.553769
-39.778404
-50.582591
-61.221307
-50.95567
-20.770763
-55.477274
-60.889745
-69.245615
-53.842448
-18.778981
37.503529
38.475388
39.769483
40.658804
40.884957
38.880499
39.742748
40.655207
40.71036
39.990011
36.898026
37.688186
38.215027
37.655307
36.354806
31.21856
32.044113
32.578124
32.167218
31.110329
26.152011
27.115234
27.734499
27.601672
27.006466
23.349044
24.286833
24.921216
24.915491
24.540872
18.642992
19.35445
19.948839
20.009347
19.797355
14.761612
15.128476
15.366373
15.225912
14.98367
13.805528
13.929627
13.770951
13.266461
12.848007
13.720567
13.69686
13.520853
12.946242
12.374938
16.201184
17.55553
19.501526
21.683859
22.903304
13.452371
14.425689
15.801475
17.222484
18.217471
12.384405
12.727262
13.390711
14.08331
14.526379
13.204596
13.326712
13.36955
13.537323
13.725017
14.244774
14.371183
14.210454
13.869193
13.768504
23.610442
16.488623
4.605593
-7.376749
-12.247727
10.384883
1.8542647
-9.403465
-18.403795
-22.258068
6.2522077
-0.46967569
-9.5810248
-17.876886
-20.124017
9.4115174
3.9948289
-3.2146637
-12.084155
-20.212533
10.933599
6.1549355
-0.50532043
-9.8624409
-18.383439
-21.350632
-20.83817
-33.064882
-51.178027
-58.628118
-44.847301
-47.529351
-53.201408
-58.851394
-62.136664
-42.151988
-43.763983
-44.913244
-46.196201
-47.996369
-15.594303
-14.34201
-12.459747
-12.620736
-12.573613
-4.9718153
-2.5496633
0.97071879
2.8750441
4.2440178
-5.3649848
-3.8151077
-2.005104
-1.6299026
-1.1637984
-5.0467313
-3.0394987
-1.676472
-1.3286201
-0.99744594
-3.0212567
-1.3012882
-0.70821016
-0.56602989
-0.47893891
0.12358187
0.35225781
0.35874558
0.21173848
0.14945094
1.6992834
1.3067518
0.9247602
0.67358524
0.52141036
