FiniteElementSpace
FiniteElementCollection: L2_2D_P4
VDim: 1
Ordering: 0

-0.025785844
0.18493022
0.27558912
0.43459529
0.32084765
-0.12017489
-0.099999522
0.1310517
0.041940035
-0.35432066
0.13061017
0.031748569
0.19390095
0.51698171
-0.16116588
0.050915911
0.47102917
0.10017744
0.28404426
-0.23464589
-0.035900559
0.1408039
-0.0072639883
0.1574042
-0.33111458
1.0095699
2.5562545
-0.93099162
-3.0140525
-0.17149845
1.1453881
2.4761752
-0.78445921
-2.4382882
-0.64072759
-0.22421395
-0.59408317
0.38647123
0.56870766
0.21235956
-1.9636034
-0.41168287
-0.11507064
0.13112556
1.2733222
-2.628667
-2.4866641
0.066325671
2.071074
2.3552499
5.1471167
1.6351966
5.2765156
4.8639962
4.8183968
-3.6628967
1.1840632
4.7512525
9.3327696
8.930092
-6.8042109
-9.804598
-4.2521929
3.0171632
4.8003148
-2.1921215
-2.865507
-1.3328623
-1.0001789
-2.90391
-12.176584
-9.6007908
-7.8114306
-8.0887437
-8.8275708
3.8165935
9.7566965
12.791426
14.013637
9.1035169
7.9701923
9.1717392
8.8814703
10.174022
12.886963
2.0337749
1.2848302
3.8660131
7.2504561
8.6422803
-7.1943025
-4.8419578
-0.92193439
4.052156
7.3528197
-5.908185
-4.9260929
-1.2480779
2.7047921
4.6634218
-0.19557894
1.3752627
0.58809827
-0.45704233
0.42727692
0.61368914
-0.45600988
0.84507174
0.54074767
-1.2835999
0.17668571
-0.74632588
-0.13500406
1.1036222
0.6967545
0.00021432155
0.24169455
-0.34015573
-0.34627724
0.64530716
0.1482089
0.30506752
-0.056437264
-0.41842968
0.45652045
-1.3300736
-0.15007507
1.1913359
1.8813865
2.1253822
-1.1024271
-0.01723457
1.2460019
1.9120831
2.0710592
-0.93701938
0.15746148
1.3776105
2.0801998
1.8962374
-0.85305048
0.39082076
1.6445701
2.1907451
1.6089018
-0.65412236
0.66126363
1.9091144
2.1326723
1.3239881
-33.119192
-32.360087
-31.178206
-29.234767
-27.246593
-33.240621
-32.209318
-30.777146
-28.915467
-27.130566
-32.968946
-30.400808
-28.848895
-27.407394
-26.095478
-34.990708
-30.772929
-28.251722
-26.750891
-25.625186
-36.201842
-31.901616
-28.54025
-26.862705
-25.747079
-16.170918
-15.000786
-13.503173
-12.028344
-11.053853
-17.75247
-16.609301
-14.980504
-13.436461
-12.361664
-18.841589
-17.822816
-16.323653
-14.706592
-13.399221
-19.672298
-18.747965
-17.266766
-15.538831
-14.175918
-20.265812
-19.299609
-17.759557
-16.02739
-14.605459
-0.056851776
0.1092142
-0.035455852
-0.6041665
-0.91329053
0.031644595
-0.040395928
0.080540494
-0.41663294
-1.049913
-0.15602267
0.16268051
-0.062725075
-0.71879604
-0.92228019
-0.021251688
0.057515096
0.071148775
-0.67084226
-1.3013238
-0.059723329
0.045298238
0.085468616
-0.61140477
-1.430679
-0.38062431
1.5073702
2.7885039
2.5937007
1.9020609
0.12031684
1.602171
2.7670732
2.6396805
1.8733624
0.35514631
1.5185683
2.6148118
2.7393992
2.037063
0.36508672
1.2574923
2.4374156
3.0617198
2.2826459
0.5202847
1.004408
2.440063
3.3644675
2.1043452
-42.695366
-39.912121
-36.558061
-33.607185
-31.668036
-43.208046
-40.588044
-37.236956
-34.301793
-32.495565
-44.010812
-41.263113
-38.020205
-35.197316
-33.374956
-44.911847
-41.983027
-38.5978
-35.713115
-33.869647
-45.670176
-42.556569
-38.942321
-35.915138
-34.056428
-22.986968
-21.654853
-19.713905
-17.717475
-16.296319
-23.664063
-22.31261
-20.336508
-18.29406
-16.84165
-24.453332
-23.079629
-21.062006
-19.020577
-17.603635
-24.897953
-23.548923
-21.609888
-19.688348
-18.354538
-25.270846
-23.998032
-22.185652
-20.332764
-18.994329
-6.7029514
-4.8885535
-2.1631967
0.6719323
2.7304857
-7.4125419
-5.6877383
-3.0694533
-0.21588816
1.9572991
-8.6025924
-6.8992349
-4.1504551
-1.0907236
1.151618
-9.5066984
-7.6924975
-4.8641105
-1.8801179
0.25776207
-9.9157094
-8.114076
-5.4135603
-2.5574447
-0.43974966
-0.11009278
-0.048808404
0.16896962
-0.81467595
-1.6634258
-0.22416148
-0.0036423288
0.1236534
-0.66102595
-1.3623434
-0.14102409
-0.012498231
0.11432692
-0.66196259
-1.5126241
-0.15540552
0.039510706
0.12612773
-0.59260272
-1.3551434
-0.24923029
0.057475787
0.16777016
-0.54987438
-1.4318414
0.43336199
0.77784009
2.9850988
2.6418832
-0.50149528
0.45308292
0.6853134
3.0519096
2.3291099
-1.2062709
0.30722146
0.78643125
2.9640988
2.0258025
-1.7751863
0.14055556
0.99795313
2.7390385
1.6937803
-2.2080992
0.06663658
1.1837333
2.6294911
1.2588067
-2.6300954
-52.452254
-49.714771
-46.353463
-43.174716
-41.051283
-53.690828
-50.767806
-47.304412
-44.155252
-42.071224
-55.441664
-52.486215
-48.894607
-45.731006
-43.628179
-57.008445
-54.282707
-50.831721
-47.606498
-45.413993
-58.158179
-55.479636
-52.142624
-48.906561
-46.664734
-30.549245
-29.110791
-27.063711
-24.995681
-23.531553
-31.81972
-30.327624
-28.153752
-25.935371
-24.352835
-33.195176
-31.581966
-29.216194
-26.795224
-25.077212
-34.306975
-32.597298
-30.10432
-27.56397
-25.772638
-35.242081
-33.478387
-30.859838
-28.163488
-26.261098
-13.421701
-11.437685
-8.4486955
-5.2714963
-2.9362935
-13.680454
-11.711958
-8.6981138
-5.4422998
-3.0528207
-14.084188
-12.024491
-8.8261928
-5.3897819
-2.8830187
-14.128695
-11.889623
-8.4873358
-4.9038454
-2.306234
-13.875909
-11.598703
-8.1381
-4.4776668
-1.8424566
-37.295013
-34.866177
-31.335867
-27.806021
-25.351343
-36.650946
-34.163685
-30.578754
-27.022507
-24.545815
-35.928459
-33.448131
-29.882082
-26.317963
-23.824893
-35.496496
-32.993005
-29.388674
-25.766917
-23.221306
-35.304396
-32.6969
-28.928749
-25.149393
-22.482368
-10.406066
-7.8169601
-3.9793695
-0.034756759
2.7765733
-9.6158703
-7.0382381
-3.2354332
0.66058101
3.4379093
-8.8911975
-6.3315147
-2.526588
1.416857
4.2526673
-7.9921506
-5.376887
-1.4606196
2.6125168
5.5459103
-6.8321667
-4.195961
-0.29061693
3.7296614
6.6174352
-20.421941
-18.059106
-14.669847
-11.347381
-9.0614687
-15.876729
-13.861861
-10.957482
-8.0794943
-6.0651653
-9.5993765
-7.5419999
-4.7299073
-2.1708985
-0.57644557
-4.709739
-2.3467446
0.75739434
3.4097595
4.9042577
-3.9183706
-1.3505084
2.0272717
4.9797398
6.7749878
4.2608554
6.4829408
9.7920427
13.174751
15.575844
6.1245619
8.1890635
11.188071
14.18872
16.295699
8.2157605
9.727319
11.965241
14.231129
15.81767
10.860271
11.756301
13.08854
14.432976
15.385443
13.123995
13.760679
14.560332
15.26601
15.78757
0.37480029
0.33117273
0.43255572
1.0258138
1.0377352
-0.64189393
-0.72492896
-0.50449643
-0.063199623
0.83303308
-0.24334871
-0.16186416
-0.43373578
-0.53391292
-0.25459743
0.082418605
-0.0046886632
-1.1684107
-2.248588
-2.3535657
-0.30087363
-0.68212484
-1.6038395
-2.1296068
-2.3987141
-0.51314243
-0.92488418
-1.6585135
-2.0864419
-2.5205529
-0.82537612
-1.4832561
-2.1310532
-2.6123186
-2.4557188
-0.77013942
-1.931799
-2.9526616
-3.1374955
-2.5487602
-0.51662
-2.1052269
-3.6719439
-3.350074
-2.3804314
-0.19271971
-2.4367608
-3.9611101
-3.3933453
-2.2256528
0.14566553
-0.08620635
0.0074313905
0.32408018
-0.42290125
0.10690698
0.10892044
0.0704037
0.15373842
-0.37838297
0.17719633
0.25431159
0.23034109
0.23149968
-0.17912025
-0.007819345
0.64841944
-0.098800516
0.31445623
0.24277439
-1.4321903
1.7817528
-0.51964999
-0.15891106
1.5245903
0.36811607
2.8641657
-0.57204136
-3.7463312
0.28881133
-0.053729205
2.9798306
-1.6186631
-1.6251577
1.2998117
0.42513235
-0.1905558
3.90513
1.5912855
-0.97504436
2.2605796
3.9375601
1.2935562
-4.9735499
-3.7010393
3.440627
3.0235768
-1.0138546
-4.7508598
-10.189676
1.9379568
2.0002354
-0.9255039
-7.7952351
-17.899007
1.6005071
1.372704
-1.6081854
-8.6317185
-17.290317
2.577562
1.3490088
-3.3018988
-10.844703
-20.581378
2.2994064
0.90129958
-4.6732294
-14.490792
-26.073369
1.6151125
0.41928228
-5.7424676
-18.365865
-30.167556
-2.4936752
-1.46932
0.083659941
1.1395058
2.0289627
-2.1318929
-1.3648982
-0.14721493
0.69589468
1.1184566
-2.0673226
-1.1016204
0.28648194
1.3673947
2.0087916
-1.837798
-0.57301547
0.90006956
1.808725
2.2503338
-1.5098025
-0.25722694
1.127602
1.8723675
1.9964755
3.591274
2.6759495
-2.187075
-2.3131257
1.3456294
8.931256
10.418206
4.6719239
2.2820282
5.9565712
4.7052683
3.5296572
5.5480965
5.8993446
3.4718548
-3.4596655
-4.5289991
-7.2982382
-9.1581434
-8.4556605
-8.463553
-9.1668137
-8.4120964
-4.9880287
-5.1041316
-10.904402
-10.983395
-10.852415
-9.220154
-6.9695866
-14.276785
-14.233002
-13.427588
-11.603963
-9.4906167
-18.517044
-18.107711
-16.312238
-13.357408
-11.044724
-22.998938
-21.664223
-18.787622
-15.437868
-13.270882
-25.292832
-23.335541
-20.055146
-17.167614
-15.465266
-17.688428
-14.877634
-14.021953
-12.15898
-10.699498
-21.844927
-19.584049
-15.821793
-14.574206
-13.923147
-24.240667
-21.051082
-18.672948
-18.383795
-18.705064
-27.489652
-24.230485
-23.377042
-23.740276
-23.384028
-31.945752
-30.601624
-28.616952
-27.822053
-26.358299
8.4810169
12.325783
15.010246
17.008793
19.317482
14.417065
15.448796
17.133243
19.286608
20.943166
9.6727233
11.962902
14.925875
17.621758
19.327584
8.3248282
9.9350342
11.887665
13.295802
14.353401
5.5761836
6.8538654
7.8007535
9.1414349
10.678799
4.5618738
5.1075847
5.9250106
7.7167195
9.6012828
1.3932472
1.7504612
2.9658597
4.8649848
6.1100847
-3.5127248
-2.6800584
-1.177715
0.34115283
1.7400804
-7.7860531
-6.7485261
-5.0646998
-2.5706831
-0.076608751
-9.8298325
-8.8661009
-6.7006829
-3.3135613
-0.67447717
-5.7384206
-4.3098542
-1.3390618
2.2202784
4.0504611
-7.9675613
-5.3265644
-2.1884315
0.21603727
1.1954508
-9.9636361
-7.5433271
-5.1128708
-4.0863563
-3.8060957
-12.389358
-11.108946
-9.9222739
-9.0197881
-8.3026893
-14.619071
-13.695695
-12.749058
-11.4745
-10.369735
-0.69998956
-2.5867448
-3.8827216
-3.507741
-2.0891523
-1.4062578
-2.9211378
-4.1076412
-3.3200153
-1.8345032
-0.76607288
-3.1110948
-4.4595432
-2.9141551
-1.5962549
-0.13747791
-2.587346
-4.4407936
-2.7865398
-1.511319
0.25478645
-2.5269439
-4.4453438
-2.7497712
-1.4451642
0.40267035
-2.6245629
-4.519684
-2.7082412
-1.35215
0.45003654
-2.3028649
-4.5547311
-2.8005487
-1.1028664
0.29122323
-2.0903227
-4.6181071
-2.8278599
-0.81234665
0.12668416
-1.9789866
-4.6090691
-2.8131705
-0.81174869
0.12201318
-1.9276263
-4.5123603
-2.7858065
-0.9795063
0.065491248
-0.37448321
-0.11262943
0.56927999
1.379647
0.031248326
-0.08859548
-0.34459159
-0.28901392
0.84035973
-0.0057540419
0.32667743
-0.40229316
-1.4984117
-0.55182468
0.0059411328
0.070965814
-0.012664893
-0.77078506
-0.71792809
-0.1482044
0.075600003
-0.035591897
-0.48989702
-0.48499685
1.8082592
0.097516342
-5.7734695
-17.598181
-30.144747
2.1085822
-0.14875475
-5.6515671
-15.011682
-26.777934
1.5874334
-0.44499632
-5.9698898
-15.494529
-26.875904
1.0875931
-0.81445763
-6.64202
-17.142624
-30.352176
1.0093993
-0.71758152
-7.2479605
-18.794284
-32.112663
1.0479885
-0.77373817
-7.7229861
-19.793334
-33.441824
1.1990606
-1.2122083
-8.6570865
-21.188536
-34.908193
1.4245818
-1.7859236
-9.8692343
-22.70953
-36.452135
1.5043726
-2.317114
-10.998539
-24.031511
-37.342661
1.359183
-2.8038338
-11.862265
-25.222405
-38.206986
-0.61798628
0.89106427
2.0604052
2.086424
1.2856389
-0.33351389
1.1997657
2.2304707
2.0850278
1.4489389
-0.23944683
1.2479461
2.3771571
2.2673283
1.7288135
-0.40558651
1.224276
2.5788651
2.5022356
1.8731193
-0.45524386
1.3714115
2.7462158
2.5857824
1.8613019
-26.117511
-23.816864
-20.677139
-18.133307
-16.798028
-26.103566
-24.099763
-21.531685
-19.492996
-18.340036
-25.416803
-23.933734
-22.051533
-20.411451
-19.36714
-25.193196
-24.08164
-22.51705
-21.071618
-20.139142
-25.279059
-24.420808
-22.971172
-21.590115
-20.717914
-25.416107
-24.580653
-23.336396
-21.949684
-20.993343
-26.21674
-25.278223
-23.979348
-22.657771
-21.720962
-27.976169
-26.849183
-25.267476
-23.731382
-22.653867
-29.487491
-28.082915
-26.207119
-24.414441
-23.164135
-30.233794
-28.682157
-26.613359
-24.722327
-23.439269
-37.168245
-32.376195
-28.837379
-26.946683
-25.873336
-38.845716
-34.114407
-29.875235
-27.792359
-26.761594
-40.714045
-37.297966
-32.837445
-29.908946
-28.589629
-41.75648
-39.107609
-35.561627
-32.220879
-30.264386
-42.299435
-39.548566
-36.360238
-33.26209
-31.16701
-10.611488
-9.3822648
-6.8013107
-3.5576334
-1.2454435
-11.730829
-10.153901
-7.4183782
-4.3404997
-1.9920897
-12.628822
-11.033192
-8.3360694
-5.1094733
-2.6658984
-13.422188
-11.719995
-8.7841742
-5.6257453
-3.5059462
-13.749713
-11.853744
-8.9791294
-6.1805056
-4.2043103
-13.790305
-11.922617
-9.2200878
-6.4832733
-4.4202346
-13.951284
-12.28058
-9.7438874
-6.9820338
-4.9819724
-14.452378
-12.876518
-10.403858
-7.7823936
-5.938586
-14.994514
-13.448046
-11.076119
-8.5711471
-6.7504254
-15.349304
-13.849394
-11.554077
-9.0729431
-7.2729643
-20.54129
-19.589408
-18.086759
-16.289574
-14.724975
-21.229706
-20.224412
-18.535822
-16.452747
-14.810367
-22.069006
-20.859351
-18.901601
-16.741372
-15.222533
-22.510236
-21.198259
-19.231896
-17.198997
-15.754025
-22.764656
-21.463871
-19.537585
-17.537966
-16.101946
-3.2924576
-1.1179838
2.1058926
5.5416754
8.1035787
-3.9731389
-1.9580676
1.2142123
4.6819892
7.1470705
-4.9770799
-2.9716677
0.16270432
3.4126734
5.6627833
-5.7837875
-3.8421865
-0.92696512
2.0800935
4.2208756
-6.348034
-4.5136527
-1.7556611
1.1393654
3.2256237
-0.01570227
-1.7022053
-4.4447115
-2.8257923
-1.0415648
-0.26433604
-1.8136257
-4.2529912
-3.0289351
-0.9377407
-0.26574468
-2.2860196
-4.0527899
-2.9513698
-0.64355763
-0.22598268
-2.1727266
-3.9586508
-2.6612887
-0.381191
-0.26488405
-2.1277999
-3.8179709
-2.4521917
-0.2431511
-0.20948749
-2.3293017
-3.6857343
-2.3338764
-0.15903985
-0.25899241
-2.4760867
-3.5445228
-2.0310547
-0.25047693
-0.42934648
-2.5945708
-3.3753468
-1.5691483
-0.39886876
-0.35191988
-2.6097643
-3.1567951
-1.298861
-0.27595287
-0.29042852
-2.6675431
-3.0069387
-1.1241332
0.02912378
-0.25249463
0.13684571
0.00046344359
-0.54035838
-0.97361357
-0.070540795
-0.027487488
0.11293363
-0.46646278
-1.2426142
-0.054790139
-0.0021037659
0.11388067
-0.60305887
-1.6604295
-0.1711291
0.10667766
0.055030274
-0.62650415
-1.2435468
-0.14164663
0.022665414
0.11200663
-0.78884031
-1.4277298
1.2582114
-3.164699
-12.458757
-25.948351
-38.622513
1.1520742
-3.7026834
-13.510191
-26.902772
-39.089741
1.0409164
-4.3433617
-14.619831
-28.041594
-40.056272
0.75148847
-5.0374785
-15.891507
-29.62095
-41.192777
0.2549456
-5.6367011
-17.080947
-31.16207
-42.232579
-0.11677288
-6.1094031
-17.873555
-32.071833
-42.904553
-0.71074119
-7.0404615
-19.226147
-33.57805
-44.344377
-1.2506843
-7.9360955
-20.520427
-35.382483
-46.425631
-1.8196136
-8.7584249
-21.682593
-37.066392
-48.099993
-2.4581379
-9.4546628
-22.635641
-38.100441
-49.001495
0.53132511
0.88929059
2.567734
3.4639855
1.8132904
0.30503748
0.85383069
2.8031287
3.4674843
1.4065378
-0.0047183221
0.92958684
3.0035468
3.2442824
1.011223
0.068991424
0.93246375
2.9941766
2.9640198
0.57748582
0.36222571
0.84130167
2.9434007
2.7785342
-0.012618762
-30.714295
-29.054057
-26.971647
-25.011293
-23.668548
-31.648968
-30.046259
-27.850089
-25.764669
-24.366857
-32.505639
-30.898884
-28.676989
-26.563435
-25.157903
-32.986666
-31.33249
-29.089708
-26.985073
-25.593235
-33.180765
-31.570518
-29.364855
-27.302243
-25.945372
-33.32719
-31.728004
-29.559862
-27.547285
-26.247198
-33.938469
-32.374974
-30.308228
-28.409359
-27.152749
-35.884874
-34.277881
-32.105331
-30.036726
-28.620185
-38.311513
-36.511235
-34.010523
-31.599279
-29.975958
-39.567119
-37.640627
-34.970366
-32.447754
-30.798079
-46.246155
-42.996744
-39.202704
-36.053496
-34.19085
-47.456181
-44.029204
-39.991314
-36.708009
-34.792022
-49.220248
-45.855984
-41.823971
-38.679328
-36.78264
-50.764934
-47.861434
-44.348881
-41.301664
-39.294919
-51.791486
-49.067154
-45.817379
-42.720571
-40.592621
-15.555372
-14.066283
-11.773688
-9.3313546
-7.5969527
-16.090722
-14.599457
-12.342373
-9.96751
-8.2806253
-16.877033
-15.435721
-13.270097
-11.020922
-9.4297696
-17.666373
-16.288634
-14.20099
-11.99356
-10.37576
-18.294918
-16.907543
-14.798833
-12.515455
-10.816672
-18.688802
-17.289639
-15.127692
-12.769441
-11.055652
-19.301479
-17.844584
-15.611476
-13.281388
-11.648713
-20.106784
-18.64945
-16.483102
-14.243142
-12.626563
-21.277069
-19.855122
-17.704564
-15.396982
-13.688564
-22.32156
-20.84339
-18.546036
-16.059669
-14.234643
-25.613928
-24.393577
-22.603965
-20.736729
-19.38989
-26.521124
-25.27553
-23.397931
-21.427486
-20.024009
-27.897809
-26.478558
-24.386532
-22.287864
-20.842567
-29.168035
-27.626486
-25.468774
-23.401926
-21.996204
-29.998136
-28.521428
-26.484069
-24.470332
-23.051729
-10.178764
-8.4334212
-5.7686462
-2.8902406
-0.75211638
-10.80853
-9.0981797
-6.4215881
-3.5039898
-1.3599866
-11.7716
-10.02058
-7.2874194
-4.3283919
-2.1422476
-12.785599
-10.932384
-8.0198442
-4.8854176
-2.5995415
-13.273016
-11.305843
-8.2942739
-5.1222663
-2.8218277
-0.42989185
-2.6486382
-2.9102491
-1.0006627
0.15923594
-0.33651991
-2.6266965
-2.7795007
-0.83631327
0.31395426
-0.154143
-2.6473327
-2.6625349
-0.54922552
0.18561689
-0.12221625
-2.5862891
-2.522972
-0.2482271
-0.10765001
0.084073992
-2.5465919
-2.4855023
-0.020789771
-0.21618099
-2.9805669
-10.184546
-23.626119
-38.899301
-49.602369
-3.8963568
-11.584906
-25.448375
-40.623542
-51.078507
-4.8897894
-12.48477
-26.446328
-42.283561
-53.129325
-5.7981706
-13.191944
-26.920458
-43.584813
-55.0156
-6.3002751
-13.819137
-27.292189
-44.237506
-56.089104
-6.8662356
-14.63045
-28.140313
-44.942792
-56.676216
-8.2455222
-16.413123
-29.847609
-46.271647
-57.891023
-9.1176342
-17.516884
-30.853686
-47.230262
-59.202129
-9.3947658
-18.117958
-31.913295
-48.681368
-60.672854
-9.6057551
-18.355973
-32.401968
-49.527637
-61.637753
-0.034892358
1.327048
2.5726892
0.99281422
-2.9778533
-0.13695812
1.4529792
2.4371584
0.64373572
-3.7495087
-0.15636233
1.3580666
2.3719803
0.32626327
-4.4014948
0.031431482
1.1922758
2.3487267
0.21843806
-4.6471534
0.26057398
1.1834913
2.2436792
0.15399873
-4.8323495
-40.012753
-38.076051
-35.391847
-32.90784
-31.316168
-41.063911
-39.163318
-36.566984
-34.164813
-32.595065
-42.609976
-40.729949
-38.143041
-35.686365
-34.029133
-44.341498
-42.365007
-39.618029
-36.980994
-35.198863
-45.588885
-43.532065
-40.678708
-37.971857
-36.152824
-46.243109
-44.218973
-41.359517
-38.591746
-36.705084
-47.188285
-45.131611
-42.200263
-39.307638
-37.311494
-48.323267
-46.13447
-43.002118
-39.915955
-37.791237
-49.547223
-47.229769
-43.88217
-40.582336
-38.314542
-50.443785
-48.049889
-44.543939
-41.047609
-38.641284
-58.766803
-56.106766
-52.724447
-49.529052
-47.326565
-59.781632
-57.124355
-53.708127
-50.460728
-48.265936
-61.160797
-58.556947
-55.108758
-51.775874
-49.471072
-62.550746
-59.997195
-56.548563
-53.154772
-50.760058
-63.535116
-61.006145
-57.579596
-54.119907
-51.668133
-22.772601
-21.238099
-18.870685
-16.311592
-14.42051
-23.528992
-21.86835
-19.311203
-16.605315
-14.673737
-24.190628
-22.428946
-19.788341
-17.056479
-15.103489
-24.853642
-23.033322
-20.280038
-17.367783
-15.244521
-25.2884
-23.345857
-20.377895
-17.254147
-15.024496
-25.400104
-23.383198
-20.358425
-17.217248
-14.977442
-25.459331
-23.391388
-20.293304
-17.068304
-14.756293
-25.253726
-23.068147
-19.79552
-16.40544
-13.991583
-24.872876
-22.535709
-19.075633
-15.525483
-13.002695
-24.445243
-22.016108
-18.422938
-14.752421
-12.160837
-35.752659
-33.901621
-31.174035
-28.389347
-26.418761
-36.301523
-34.340375
-31.466386
-28.55624
-26.5101
-36.71617
-34.640193
-31.605241
-28.528507
-26.364415
-37.166643
-34.956253
-31.715267
-28.40899
-26.072232
-37.424997
-35.070781
-31.616509
-28.132083
-25.693097
-13.8174
-11.496125
-7.9621927
-4.25994
-1.6116061
-13.552991
-11.154931
-7.5324788
-3.7509697
-1.0389989
-12.741986
-10.27072
-6.5459847
-2.6531432
0.13699332
-11.697277
-9.1322466
-5.2979208
-1.332255
1.4917954
-10.826012
-8.2257292
-4.3773865
-0.41955054
2.4015566
-50.714398
-48.233043
-44.617055
-41.026947
-38.551694
-50.588794
-47.993566
-44.233123
-40.510926
-37.947221
-50.25707
-47.571221
-43.679018
-39.843796
-37.234509
-50.317537
-47.491824
-43.424859
-39.478645
-36.820683
-50.570694
-47.628889
-43.455785
-39.416143
-36.675463
-49.618155
-46.656791
-42.502161
-38.504261
-35.789827
-47.785929
-44.797062
-40.558732
-36.452848
-33.65593
-44.807079
-41.955598
-37.938624
-34.036359
-31.37187
-40.131016
-37.393872
-33.592097
-29.925051
-27.409432
-36.606935
-33.90395
-30.07073
-26.374016
-23.838823
-24.091063
-21.627282
-17.999654
-14.314092
-11.730678
-23.280711
-20.821205
-17.19106
-13.515949
-10.939729
-22.550349
-20.078841
-16.447462
-12.778076
-10.207716
-21.912854
-19.382375
-15.682544
-11.951259
-9.3334662
-21.117006
-18.486953
-14.653742
-10.847066
-8.1937376
-20.082531
-17.474553
-13.737524
-10.04173
-7.4711972
-18.251923
-15.865116
-12.427565
-8.9821699
-6.5493807
-16.687451
-14.358954
-10.96542
-7.5522592
-5.1457649
-13.128628
-10.799634
-7.3984378
-4.0013432
-1.6464261
-9.5163301
-7.2428618
-3.9402623
-0.63545497
1.65633
-34.417297
-31.778419
-27.948756
-24.114968
-21.445424
-32.248304
-29.567903
-25.741662
-22.028395
-19.511806
-30.034726
-27.502805
-23.885036
-20.337593
-17.906592
-26.135303
-23.728826
-20.260449
-16.781015
-14.350287
-22.556148
-20.123501
-16.607662
-13.12563
-10.721199
-6.1546111
-3.5962425
0.20528679
4.1420471
6.9797811
-5.2947079
-2.8439699
0.85067825
4.7215072
7.5172126
-3.9082363
-1.5056501
2.0691974
5.7391565
8.3515261
-0.44935206
1.8600263
5.2594804
8.7231496
11.178587
2.8139514
5.0463763
8.3557969
11.75953
14.183798
-7.9004595
-5.6610449
-2.3962656
0.85608702
3.116153
-5.0242399
-3.0282397
-0.096326623
2.9123535
5.0443113
0.17584458
1.6260518
3.7555809
5.9118583
7.4365135
5.5315374
6.6810829
8.2103837
9.5389261
10.408085
7.5949746
9.0470427
10.800689
12.080424
12.776869
7.9130047
9.5536686
11.542198
13.068089
13.881002
8.4469079
10.081596
12.154549
13.847587
14.800453
9.2601043
10.94029
13.068519
14.813863
15.799011
9.2220012
11.182794
13.65185
15.669848
16.803201
8.2636216
10.43171
13.224672
15.559835
16.901244
-4.2327582
-1.6703524
1.8197916
4.9763335
6.9684309
-3.5315778
-0.9381453
2.5163989
5.6024454
7.5334489
-3.3986451
-0.63718731
3.0376021
6.2983672
8.3145475
-4.7946091
-1.8612107
2.1507776
5.8111528
8.1211439
-6.5311366
-3.5027686
0.68772031
4.5857563
7.0722523
