FiniteElementSpace
FiniteElementCollection: L2_2D_P4
VDim: 1
Ordering: 0

-140.74742
-197.94442
-277.49157
-341.72055
-338.52541
-136.26398
-212.67865
-322.50588
-373.23589
-353.06813
-139.42655
-218.55698
-332.42012
-376.74358
-368.18334
-143.59663
-214.88939
-326.23403
-373.7015
-366.59501
-145.26149
-211.02292
-320.32849
-376.30583
-368.81939
-247.88355
-257.47114
-271.28758
-263.99757
-254.56139
-233.75954
-225.31742
-223.01863
-213.35671
-213.35965
-176.04942
-169.4168
-165.87834
-154.06744
-149.55187
-141.91474
-131.49174
-124.01095
-116.26033
-114.16984
-123.84114
-111.89479
-104.27886
-95.99778
-93.636322
-69.355722
-56.786446
-45.09931
-35.696571
-31.460837
-54.412007
-46.632327
-37.979746
-30.852029
-27.008313
-40.212967
-34.065056
-27.786089
-23.014909
-20.50248
-30.592586
-26.037614
-20.838704
-17.004588
-15.059341
-25.097256
-21.866912
-17.47681
-14.25766
-12.40342
-19.118096
-18.305431
-17.417517
-16.793876
-16.478128
-15.586269
-14.830286
-14.008801
-13.433591
-13.14192
-11.78726
-11.112091
-10.370009
-9.8485799
-9.5852457
-8.9307518
-8.3962999
-7.7790944
-7.3251128
-7.0900538
-7.2662459
-6.8556454
-6.3639991
-5.9840875
-5.7793369
-161.22727
-209.5706
-359.39064
-435.79317
-466.87517
-161.1798
-210.25558
-367.53855
-448.69336
-484.85336
-160.19021
-211.19971
-380.03919
-463.18164
-511.20781
-159.80979
-214.76661
-390.52172
-472.0958
-534.82008
-160.75625
-219.20165
-395.44712
-474.09916
-548.9381
-84.333321
-65.436148
-50.996797
-42.3793
-37.91005
-85.409059
-64.465554
-48.546477
-39.482352
-34.775672
-89.41026
-64.955333
-46.709711
-36.883079
-31.736157
-95.719923
-67.276643
-46.468793
-35.734711
-30.151015
-101.19981
-69.676502
-46.978393
-35.570291
-29.687183
-10.948812
-9.4752762
-7.259935
-5.7597942
-4.8884664
-10.061666
-8.6234108
-6.5573242
-5.165572
-4.3700208
-9.1790643
-7.7636409
-5.8487359
-4.5312562
-3.7980948
-8.6473753
-7.2274119
-5.4028165
-4.1269542
-3.4261826
-8.4622719
-7.0096075
-5.2079976
-3.9427458
-3.2569121
-2.3809619
-2.1820705
-1.9599031
-1.7998525
-1.7160937
-2.0313175
-1.8518106
-1.6461745
-1.4946802
-1.4155546
-1.6391517
-1.4760588
-1.2917727
-1.1558638
-1.0839066
-1.3655015
-1.2106176
-1.0363112
-0.90953853
-0.84326198
-1.226855
-1.077108
-0.90719334
-0.78286859
-0.7181355
-146.30026
-222.30784
-369.94304
-423.05559
-569.96486
-143.491
-219.77445
-358.6603
-403.48942
-562.79603
-137.88749
-217.51597
-338.82301
-366.69375
-552.47614
-132.46119
-212.81777
-317.9633
-330.54144
-528.70949
-129.153
-205.84472
-305.81756
-308.55646
-504.95845
-149.8714
-92.993233
-56.170462
-40.022612
-32.516661
-160.62143
-97.96452
-58.202259
-41.162442
-33.459697
-177.53146
-105.78423
-61.330009
-42.90501
-34.930688
-195.94766
-114.05176
-64.494711
-44.61152
-36.329004
-208.77425
-119.86793
-66.544925
-45.629904
-37.204886
-8.9198005
-7.2076701
-5.2415255
-3.8281978
-3.087466
-9.12655
-7.3607708
-5.3390733
-3.8850602
-3.1248877
-9.4415862
-7.5970406
-5.4962399
-3.9852796
-3.1966638
-9.767071
-7.8380408
-5.6647622
-4.0949745
-3.2785433
-9.9871968
-8.0028973
-5.7792203
-4.1692239
-3.3338371
-0.91002039
-0.75235139
-0.57634767
-0.44963683
-0.38425888
-0.89581542
-0.73522858
-0.55643635
-0.42771902
-0.36117633
-0.88643337
-0.72094798
-0.5369387
-0.40480348
-0.33662901
-0.8848635
-0.71461576
-0.52548346
-0.38979586
-0.31985256
-0.88600117
-0.71273766
-0.52048309
-0.38259733
-0.31148423
-0.19244826
-0.1784087
-0.16272182
-0.15130649
-0.14527778
-0.16687691
-0.15291447
-0.13729464
-0.12591266
-0.11990107
-0.13806229
-0.1241836
-0.10866166
-0.09732557
-0.09131186
-0.11686725
-0.10301556
-0.087545333
-0.076246348
-0.070231968
-0.10547305
-0.091667495
-0.076244359
-0.064954154
-0.058929629
-106.58302
-183.26411
-222.90985
-168.80758
-379.4582
-100.4868
-177.69808
-217.35918
-155.61704
-351.90671
-97.465682
-160.76363
-208.15686
-145.23457
-279.55725
-88.723121
-151.23706
-185.11066
-122.44368
-245.58802
-81.15213
-145.66458
-164.85828
-106.04022
-237.16182
-289.63996
-153.39502
-75.475803
-49.215196
-40.223789
-302.70647
-158.3613
-76.156383
-49.182576
-40.152112
-319.95114
-164.90897
-76.901797
-48.810726
-39.920979
-335.22235
-170.23392
-77.245689
-48.127687
-39.296573
-343.13274
-172.94755
-77.053481
-47.281294
-38.620399
-10.828044
-8.6536955
-6.245894
-4.4938093
-3.5885559
-10.84985
-8.6661556
-6.2508738
-4.492131
-3.5843457
-10.789445
-8.5984312
-6.2011499
-4.4506908
-3.5511132
-10.589029
-8.4361847
-6.0860784
-4.3691463
-3.485918
-10.395853
-8.2862752
-5.9795615
-4.2916717
-3.4223111
-0.93303611
-0.74378865
-0.53432224
-0.38484475
-0.30818425
-0.92641907
-0.73773438
-0.52881273
-0.37958026
-0.30298836
-0.91174399
-0.72483649
-0.517848
-0.37000227
-0.29412567
-0.88852037
-0.70512215
-0.50216552
-0.35731475
-0.28299019
-0.86654054
-0.68704117
-0.48846433
-0.34666038
-0.2738348
-0.087300471
-0.071344607
-0.053605015
-0.040796648
-0.034083558
-0.082624381
-0.06700805
-0.049643404
-0.037058698
-0.030431573
-0.076133947
-0.061072335
-0.044316563
-0.032147229
-0.025710922
-0.069562033
-0.055198545
-0.039199974
-0.027540856
-0.021343255
-0.064742849
-0.050978113
-0.03564116
-0.02440728
-0.018389189
-0.69876544
-0.55466399
-0.39537182
-0.28195285
-0.22392412
-0.64582981
-0.5122625
-0.36448822
-0.25910534
-0.20512407
-0.55943028
-0.44306746
-0.31432071
-0.22246529
-0.17535044
-0.46431267
-0.36691564
-0.25928602
-0.18249549
-0.14302919
-0.39539842
-0.31183221
-0.21948429
-0.15346661
-0.11945519
-0.056791339
-0.044157934
-0.029756354
-0.018813495
-0.012679994
-0.049638797
-0.038099141
-0.024869661
-0.014624922
-0.0087061608
-0.03858075
-0.02852724
-0.016797074
-0.0074565866
-0.0018844258
-0.027108643
-0.018557244
-0.0080925197
0.00087848978
0.0065856494
-0.019106948
-0.011787501
-0.0023678008
0.0064791346
0.012630901
0.0069253624
0.004858127
0.0026423488
0.0011041332
0.00038518517
0.087078351
0.068887315
0.048784513
0.034542539
0.027352118
0.20298819
0.1610504
0.11486139
0.082215787
0.065707739
0.31511027
0.25021944
0.17881729
0.12839095
0.10289116
0.38851408
0.30884441
0.22111251
0.15914537
0.1277856
0.0038248385
0.0068022593
0.012173507
0.019326567
0.025701914
0.0120307
0.013342728
0.016822461
0.022547262
0.028090685
0.023837746
0.022803453
0.023603655
0.027288441
0.031692213
0.035529311
0.032252231
0.030526434
0.032321222
0.035661103
0.043532298
0.038745978
0.035332801
0.035848757
0.038376022
-278.90873
-267.73126
-269.93454
-252.73956
-242.5134
-295.03492
-284.40955
-276.24597
-249.23072
-235.53751
-294.77856
-260.82193
-238.0203
-199.71744
-179.95195
-292.70123
-241.80559
-209.73403
-169.67238
-148.16985
-295.30296
-236.2138
-197.85724
-155.11066
-131.6909
-298.7835
-234.75303
-192.61211
-147.15827
-122.66051
-305.45648
-234.78169
-187.56221
-138.4402
-111.86228
-322.61441
-242.25958
-189.11131
-132.93939
-102.33073
-344.76434
-256.89232
-198.40104
-133.87439
-98.938624
-361.51358
-269.73745
-208.10365
-137.65645
-99.1577
-145.01142
-209.55749
-320.20332
-378.62827
-376.65671
-147.85039
-207.67198
-323.49283
-384.43248
-389.59201
-153.30714
-206.58051
-333.25029
-398.05011
-412.86099
-158.19318
-207.17618
-345.79298
-415.64928
-439.83763
-160.91911
-208.46976
-355.0619
-428.70704
-458.27148
-254.09436
-255.61315
-248.84923
-238.00338
-224.3409
-208.45959
-204.64922
-195.62492
-187.26873
-177.35341
-149.14471
-147.57699
-140.92736
-134.41521
-127.93183
-112.05685
-109.0407
-103.18888
-97.444814
-92.771104
-91.785678
-88.995628
-83.50436
-78.52432
-74.479262
-82.392305
-79.939132
-75.615384
-70.687073
-67.600388
-68.998712
-66.253208
-61.858422
-57.355672
-54.914349
-53.883968
-51.11401
-46.985673
-42.968064
-40.779675
-43.390167
-40.468319
-36.51041
-32.864618
-30.862452
-38.366374
-35.303607
-31.236799
-27.712515
-25.833523
-114.57363
-103.71614
-95.888783
-87.344479
-83.462501
-102.7168
-90.627773
-81.499139
-73.674961
-70.540283
-91.448253
-77.469115
-66.835478
-58.950664
-55.177832
-85.743367
-69.611386
-57.147397
-48.995204
-44.944926
-84.363615
-66.445033
-52.647007
-44.258396
-40.048198
-29.472131
-26.409455
-23.097216
-20.785662
-19.61523
-25.295979
-22.469505
-19.341671
-17.151682
-16.051459
-19.31971
-17.321853
-14.946396
-13.147191
-12.19775
-14.220096
-12.825538
-11.204015
-9.9453835
-9.2444617
-11.645855
-10.388507
-9.0197871
-8.0355794
-7.5053298
-10.74749
-9.5367422
-8.1760837
-7.2174419
-6.7299156
-8.9544309
-7.9739313
-6.8256101
-5.9635076
-5.5103672
-6.9739447
-6.1583257
-5.2375887
-4.5548665
-4.1878914
-5.5844998
-4.8882823
-4.0923434
-3.5112519
-3.2079369
-4.8450759
-4.2319058
-3.5178512
-2.9800869
-2.696378
-22.738327
-20.045574
-15.792437
-13.086543
-11.432162
-19.285619
-17.133423
-13.33713
-10.926033
-9.500221
-15.508024
-13.68185
-10.635647
-8.6397189
-7.4432712
-12.876195
-11.216529
-8.6531092
-6.9653081
-5.9808374
-11.544583
-9.9948278
-7.6558579
-6.0902632
-5.1989692
-16.343721
-16.124864
-15.885993
-15.718137
-15.633031
-13.017631
-12.815079
-12.593475
-12.437394
-12.358119
-9.4728336
-9.2906986
-9.0918648
-8.951909
-8.8807612
-6.988527
-6.8235871
-6.6428302
-6.5155307
-6.4509153
-5.688959
-5.5403088
-5.3743709
-5.2559456
-5.1955757
-5.1315417
-4.992833
-4.8351679
-4.7210882
-4.6626491
-4.1607776
-4.0503427
-3.92027
-3.8215481
-3.7690188
-3.050726
-2.9664807
-2.8696901
-2.796199
-2.7561171
-2.2570568
-2.1837784
-2.1019968
-2.0427125
-2.011524
-1.8509416
-1.7841421
-1.7078623
-1.6522608
-1.6235153
-6.5172549
-6.158296
-5.7326614
-5.3986194
-5.2137591
-5.3157758
-4.9948899
-4.6360122
-4.3699998
-4.2256107
-4.0253151
-3.7530031
-3.4436728
-3.2187463
-3.1019973
-3.0746791
-2.8531111
-2.5971454
-2.4047599
-2.3024358
-2.573337
-2.3731615
-2.1488099
-1.9821309
-1.8920352
-370.56527
-277.14754
-214.09512
-140.48503
-99.936153
-388.52054
-293.22432
-227.70646
-147.37879
-102.87409
-414.6196
-318.97245
-251.61034
-160.91042
-109.72917
-439.39308
-346.43709
-279.57542
-178.06047
-119.29851
-455.09089
-365.30938
-300.7305
-191.65042
-127.29822
-461.8374
-374.94861
-312.03629
-199.2349
-131.8366
-472.56188
-393.6613
-335.11808
-215.25607
-141.36824
-483.86334
-419.01558
-371.00568
-241.32028
-157.16108
-487.69346
-441.19079
-408.33775
-270.47632
-175.13214
-485.89169
-454.22402
-434.20766
-292.12968
-188.54769
-160.82933
-221.76265
-396.84825
-473.72908
-556.0433
-160.45013
-225.18238
-396.86636
-471.12352
-567.1687
-156.86906
-226.97965
-392.30515
-461.82735
-577.35075
-152.25079
-225.05705
-383.35021
-445.7276
-579.52276
-148.95959
-223.34668
-374.85029
-430.5144
-575.6548
-36.245562
-33.153405
-29.117875
-25.579898
-23.701981
-32.937026
-29.66871
-25.582629
-22.123754
-20.297107
-29.737353
-26.199343
-21.903043
-18.429413
-16.59679
-27.91348
-24.104169
-19.575409
-16.007467
-14.122717
-27.276104
-23.270283
-18.545709
-14.889779
-12.960528
-27.131631
-23.023567
-18.183853
-14.461525
-12.508971
-27.032148
-22.714698
-17.664979
-13.816243
-11.80131
-27.352031
-22.705321
-17.321941
-13.271885
-11.156766
-28.032893
-23.069041
-17.350572
-13.080643
-10.847064
-28.631523
-23.470448
-17.525323
-13.099028
-10.784676
-104.36376
-71.129305
-47.4258
-35.664201
-29.624668
-111.11044
-74.34366
-48.543653
-36.044429
-29.709579
-122.42478
-79.822982
-50.693511
-37.046849
-30.285951
-135.20389
-86.005219
-53.252813
-38.391338
-31.243628
-144.63026
-90.551059
-55.142407
-39.431356
-32.048745
-4.5384872
-3.9401752
-3.2697206
-2.7701458
-2.4998377
-4.0464764
-3.4841754
-2.8466953
-2.3820227
-2.1382547
-3.4963328
-2.9818023
-2.3966001
-1.9650495
-1.7381293
-3.1328953
-2.6379276
-2.0810065
-1.6741438
-1.4600638
-2.9666127
-2.4783914
-1.9270557
-1.5268748
-1.3187838
-2.9152875
-2.4301021
-1.8814855
-1.4798782
-1.2704243
-2.8182661
-2.33092
-1.7842306
-1.3866167
-1.178779
-2.7436371
-2.2490922
-1.6942948
-1.2921107
-1.0830507
-2.7258808
-2.2182931
-1.6497565
-1.2378134
-1.023792
-2.7371531
-2.2171453
-1.6362591
-1.2166039
-0.99879007
-8.4272184
-6.9646768
-5.15915
-3.8864219
-3.2024845
-8.3734573
-6.8816946
-5.0765531
-3.7949203
-3.1082814
-8.4379269
-6.8832765
-5.0448625
-3.7349395
-3.0398237
-8.6186791
-6.9914548
-5.1012034
-3.7459218
-3.0320366
-8.7898467
-7.1106211
-5.1755086
-3.7838703
-3.0521124
-1.679206
-1.6169128
-1.5446678
-1.4906833
-1.4623043
-1.3810953
-1.3243699
-1.2601025
-1.2123395
-1.1868279
-1.0518778
-0.99985728
-0.94128022
-0.898606
-0.8762462
-0.8133285
-0.76573052
-0.71167617
-0.67194197
-0.65110681
-0.68881295
-0.64335372
-0.59215494
-0.5544062
-0.5343895
-0.64626804
-0.59951705
-0.54735053
-0.50956961
-0.48978804
-0.55915841
-0.51349424
-0.46216108
-0.42491622
-0.4055595
-0.4621665
-0.41738216
-0.36723803
-0.3308156
-0.31181195
-0.39368711
-0.34884204
-0.29884703
-0.26274992
-0.24397216
-0.3589099
-0.31390573
-0.26364849
-0.22735898
-0.20853306
-1.1805265
-1.030868
-0.86254969
-0.73909918
-0.67420808
-1.0886139
-0.93899654
-0.77150897
-0.65009505
-0.58676569
-0.99202542
-0.84247085
-0.6747459
-0.55317138
-0.49004192
-0.93008391
-0.77813123
-0.60858104
-0.4860367
-0.42237157
-0.90289083
-0.74842866
-0.57635363
-0.45243541
-0.38822738
-0.48123249
-0.46671282
-0.45024408
-0.43819827
-0.43189905
-0.39705134
-0.38319718
-0.36754575
-0.35600168
-0.34987508
-0.30309003
-0.28968397
-0.27463401
-0.2636079
-0.25775179
-0.23494557
-0.22188616
-0.20719742
-0.19642462
-0.19070083
-0.19923097
-0.18638847
-0.17195541
-0.16131494
-0.1556244
-485.36881
-459.71196
-447.66769
-303.68665
-195.82193
-481.21647
-468.77778
-474.15027
-327.08381
-210.93695
-467.514
-477.95007
-512.14197
-363.52576
-234.68249
-449.48475
-481.02579
-548.81019
-401.90338
-260.50571
-429.94026
-480.36374
-572.95116
-428.38336
-279.65561
-414.07957
-480.35365
-583.98227
-442.36392
-289.61491
-386.36151
-474.94425
-603.88227
-470.48532
-308.37177
-349.41418
-454.68739
-629.67193
-511.41938
-335.34421
-304.8494
-425.69649
-648.81476
-550.57855
-362.47155
-270.39551
-403.4011
-658.09175
-574.56987
-381.76555
-128.32631
-203.01393
-300.44366
-298.25222
-497.80568
-124.59014
-196.85222
-292.53889
-283.43333
-464.22667
-121.2134
-185.93243
-275.9241
-254.47048
-407.08938
-114.29941
-183.61502
-251.09878
-210.65855
-385.04237
-106.9456
-184.78862
-231.34894
-181.99042
-378.93085
-29.005642
-23.740432
-17.676301
-13.17026
-10.815564
-29.735901
-24.276086
-17.985923
-13.314659
-10.878203
-30.90652
-25.136791
-18.511646
-13.601729
-11.04332
-32.091283
-25.990509
-19.052193
-13.938002
-11.247353
-32.804046
-26.53171
-19.42014
-14.182035
-11.411827
-33.192711
-26.840664
-19.642149
-14.336835
-11.531129
-33.854989
-27.350699
-19.98741
-14.564473
-11.695785
-34.659262
-27.966181
-20.40256
-14.837046
-11.89267
-35.233684
-28.369568
-20.676746
-15.031635
-12.010169
-35.43355
-28.523566
-20.784338
-15.10704
-12.055811
-215.58407
-122.84254
-67.529555
-46.146017
-37.635964
-229.3218
-128.57774
-69.342622
-47.051758
-38.387537
-249.64406
-137.07906
-71.830157
-48.152744
-39.346669
-270.38247
-145.4021
-73.901458
-48.889732
-39.904148
-283.22574
-150.71643
-74.972738
-49.096983
-40.141966
-2.770932
-2.2418409
-1.6507991
-1.2247165
-1.0043604
-2.7997558
-2.2584202
-1.6541473
-1.2182952
-0.99276355
-2.8581527
-2.2970571
-1.6713391
-1.2205338
-0.98740317
-2.9262109
-2.3450184
-1.6971834
-1.230854
-0.98992792
-2.9722964
-2.378152
-1.7162496
-1.2398886
-0.99380825
-3.0217211
-2.4180303
-1.7459027
-1.2629033
-1.013785
-3.062757
-2.4479675
-1.7637815
-1.2723272
-1.0189396
-3.1135758
-2.4857316
-1.7871455
-1.2852495
-1.0263508
-3.1509901
-2.5134268
-1.8035847
-1.2932997
-1.0299854
-3.1661458
-2.5233858
-1.8077213
-1.2934337
-1.0282499
-10.121515
-8.1122678
-5.8587205
-4.2294917
-3.3841778
-10.306907
-8.25762
-5.9575234
-4.2952754
-3.4328766
-10.531724
-8.4289119
-6.0764911
-4.374844
-3.4932374
-10.695129
-8.5464395
-6.1623147
-4.4324569
-3.5381357
-10.769478
-8.5991148
-6.2033455
-4.4587164
-3.5577902
-0.35653407
-0.30978083
-0.25763878
-0.22003933
-0.20058174
-0.3325665
-0.28526607
-0.23269236
-0.19488835
-0.17532946
-0.30671297
-0.25862071
-0.20519938
-0.16685477
-0.14705544
-0.2885397
-0.23966596
-0.18546218
-0.14657327
-0.12647456
-0.27920022
-0.22981653
-0.1750913
-0.13582186
-0.1155089
-0.2900841
-0.23842489
-0.18115812
-0.14022672
-0.11918996
-0.2833474
-0.23124976
-0.17353371
-0.13224451
-0.1110051
-0.2751315
-0.22253033
-0.16434908
-0.12279405
-0.10142386
-0.26750806
-0.21483468
-0.15661385
-0.11504034
-0.093646717
-0.26216913
-0.20970883
-0.15171405
-0.11023637
-0.088859012
-0.90765725
-0.73029324
-0.53358103
-0.39285416
-0.32049858
-0.91048095
-0.73062387
-0.53108526
-0.38818988
-0.31468078
-0.91460837
-0.73134775
-0.52808544
-0.38258413
-0.30775211
-0.91541292
-0.72969185
-0.52390451
-0.37679904
-0.30121182
-0.9122952
-0.72600259
-0.51973853
-0.37228895
-0.29649165
-0.11057161
-0.09536651
-0.078401635
-0.066091999
-0.059607279
-0.10198922
-0.086873421
-0.070032305
-0.057794624
-0.051333729
-0.091825773
-0.076873499
-0.060225376
-0.048131773
-0.0417404
-0.083480279
-0.068778303
-0.052415975
-0.040523947
-0.034224938
-0.078322467
-0.063867661
-0.047785279
-0.036068082
-0.029845041
-252.60392
-391.89118
-660.97027
-586.36707
-390.71674
-222.86173
-365.89933
-662.09404
-610.40074
-406.21953
-197.25922
-321.27816
-656.63169
-641.94398
-426.83141
-179.21851
-274.02295
-642.29442
-665.41215
-443.19934
-163.5977
-240.80558
-629.27386
-673.93769
-452.45999
-35.532696
-28.594935
-20.844958
-15.162445
-12.111538
-35.566022
-28.599859
-20.856718
-15.18262
-12.113233
-35.40064
-28.440903
-20.731076
-15.085229
-12.007027
-34.966205
-27.997355
-20.367602
-14.811281
-11.764581
-34.348321
-27.478447
-19.980109
-14.529956
-11.544564
-34.002739
-27.207532
-19.797453
-14.412094
-11.456419
-33.139161
-26.506907
-19.305344
-14.065664
-11.158048
-31.509415
-25.199092
-18.364155
-13.381088
-10.599749
-29.534983
-23.557135
-17.142099
-12.493908
-9.8967233
-27.915843
-22.2557
-16.183185
-11.794933
-9.3570541
-345.99705
-173.82506
-76.689952
-46.776492
-38.215527
-349.07065
-174.2455
-75.403053
-45.45349
-37.12595
-349.33018
-172.71146
-72.878207
-43.000467
-35.250096
-346.98191
-168.94319
-69.868785
-40.204407
-33.002785
-342.21506
-164.54349
-67.399522
-37.926308
-31.28105
-3.1991142
-2.5509109
-1.8297628
-1.3123732
-1.0460471
-3.1932244
-2.5444713
-1.8233365
-1.3062043
-1.0399946
-3.1611955
-2.5181093
-1.8031025
-1.2899907
-1.0256072
-3.1017723
-2.4701751
-1.767167
-1.2621314
-1.0017368
-3.0433227
-2.4221525
-1.7308338
-1.2343563
-0.97849067
-3.0398102
-2.4213885
-1.7335667
-1.2403521
-0.9866098
-2.9536494
-2.3517296
-1.6827193
-1.2030328
-0.95615727
-2.799739
-2.2282288
-1.5929928
-1.137367
-0.90275143
-2.6158187
-2.0808052
-1.4856166
-1.0585081
-0.83855281
-2.4699839
-1.9636936
-1.4004491
-0.99625678
-0.78812352
-10.331811
-8.2344955
-5.9473485
-4.2724225
-3.411497
-10.084166
-8.0260961
-5.7935076
-4.1563633
-3.317087
-9.5917338
-7.6279756
-5.5032728
-3.9445998
-3.146647
-8.9565225
-7.1264752
-5.1446236
-3.6888888
-2.94184
-8.4641768
-6.7363725
-4.865303
-3.4874896
-2.7800014
-0.27623427
-0.22159372
-0.1612043
-0.11818646
-0.096140236
-0.27056367
-0.21633545
-0.15641013
-0.11368361
-0.091769438
-0.26119555
-0.20793431
-0.14912916
-0.10722016
-0.085708268
-0.2498691
-0.19816558
-0.14110014
-0.1004193
-0.07950844
-0.24076909
-0.19049317
-0.13497748
-0.095320617
-0.074896718
-0.25417268
-0.20215818
-0.14472653
-0.10386398
-0.082938673
-0.2434116
-0.19318657
-0.13773888
-0.098236342
-0.07797604
-0.22556154
-0.17845008
-0.12644443
-0.089365282
-0.070307227
-0.20504182
-0.16165991
-0.11374704
-0.079511148
-0.061840425
-0.18935781
-0.14885303
-0.1041033
-0.072039197
-0.055424611
-0.87932364
-0.69890411
-0.49932778
-0.35707069
-0.28421234
-0.85110924
-0.67604104
-0.48229872
-0.34404253
-0.27316742
-0.80181718
-0.63604316
-0.45260396
-0.32171648
-0.25460445
-0.7428018
-0.58822184
-0.41734213
-0.29551293
-0.23303347
-0.69670461
-0.55114601
-0.39025862
-0.27543511
-0.21647155
-0.074761346
-0.059504185
-0.042513864
-0.030202922
-0.023710446
-0.069675482
-0.055129876
-0.038885862
-0.027012261
-0.020691124
-0.061858051
-0.048429858
-0.033370633
-0.022233854
-0.016189769
-0.053294504
-0.04109352
-0.02733279
-0.017031692
-0.011329989
-0.046874694
-0.035631381
-0.022824685
-0.013041076
-0.0075271235
-2.4227548
-1.9288617
-1.3796191
-0.98601538
-0.78369611
-2.2458997
-1.7879518
-1.2787302
-0.91344864
-0.72541666
-1.9603629
-1.5598636
-1.114491
-0.79486659
-0.63022093
-1.6519339
-1.3124146
-0.93498228
-0.66447575
-0.52533736
-1.4262358
-1.1313931
-0.80405439
-0.56969551
-0.4491935
-1.3411173
-1.0667016
-0.76221276
-0.54465979
-0.43310815
-1.0927637
-0.86953933
-0.62128022
-0.44332327
-0.35188334
-0.71013311
-0.56489814
-0.40327857
-0.28723535
-0.22747336
-0.31764113
-0.25129112
-0.1780794
-0.1257863
-0.098772024
-0.04922001
-0.037447966
-0.024573152
-0.015119686
-0.0099823579
-0.20045712
-0.15878487
-0.11275273
-0.079951673
-0.063089389
-0.18278206
-0.14436719
-0.10190464
-0.071540639
-0.055870534
-0.15497414
-0.12180999
-0.085043343
-0.05856636
-0.044753637
-0.12493009
-0.097575926
-0.067124445
-0.044959379
-0.033183359
-0.10304654
-0.07996041
-0.054194883
-0.035241583
-0.025013348
-0.11183668
-0.088192694
-0.061794542
-0.042529557
-0.032244148
-0.08875426
-0.069632142
-0.048179181
-0.032303616
-0.023673977
-0.054280883
-0.041880112
-0.027776513
-0.017034836
-0.01095057
-0.018733379
-0.013293338
-0.0068070773
-0.0013825145
0.0020736657
0.006250596
0.0067361939
0.0078086949
0.009531768
0.011189477
-0.38729762
-0.30731456
-0.21897625
-0.15616681
-0.12404877
-0.31389099
-0.24868504
-0.17667079
-0.12538654
-0.099108869
-0.20175271
-0.15949144
-0.11267013
-0.079133846
-0.061816474
-0.085810821
-0.067283727
-0.04652304
-0.031352451
-0.023315624
-0.0056281726
-0.0032159868
-0.00032291034
0.0021755587
0.0037719892
-0.028757936
-0.020103291
-0.0091118509
0.00095157786
0.0078584346
-0.020420651
-0.013144178
-0.0035407927
0.0058450949
0.012707211
-0.0080413217
-0.0027859934
0.0047332683
0.012903717
0.019396838
0.0046133322
0.0078091259
0.01323845
0.020219339
0.026341476
0.013449951
0.015183128
0.019146253
0.025362209
0.031311342
-0.0015466104
-0.00076703492
0.00065387093
0.0024805801
0.0040795893
0.023297336
0.019077635
0.014994061
0.012981697
0.012648597
0.058676156
0.047435983
0.035608975
0.028088284
0.024942221
0.093022316
0.075013161
0.055732306
0.042914643
0.037069083
0.1160482
0.093489486
0.06921408
0.052934329
0.045354996
0.10727789
0.085265254
0.061593261
0.045592442
0.038049288
0.12916883
0.1028911
0.074527666
0.055263295
0.046080227
0.15931162
0.12720452
0.092436255
0.068614219
0.057068434
0.187243
0.14982458
0.10918475
0.08120198
0.067571995
0.20499576
0.16431633
0.12008204
0.089617223
0.074788252
0.39663575
0.31338157
0.22164071
0.15647015
0.12321983
0.46556945
0.3684844
0.26145715
0.18550679
0.14679953
0.56074101
0.44470243
0.31657748
0.22557619
0.17922115
0.64723533
0.51400529
0.36687465
0.26236053
0.20913056
0.70026864
0.5565128
0.3978616
0.28529628
0.22800925
