FiniteElementSpace
FiniteElementCollection: L2_2D_P4
VDim: 2
Ordering: 0

-2.3874864
0.88620603
-4.7285111
-14.832276
-3.0851011
-2.8738923
0.54720264
-4.7703903
-14.717029
-3.1774777
-2.3491771
0.78980772
-4.4539795
-14.479762
-3.4798205
-2.5868747
1.1598887
-4.4197363
-14.620628
-2.7940234
-2.5088796
1.7652436
-3.817366
-14.487797
-3.1258597
-18.888623
1.6048884
25.769766
46.201666
54.903094
-13.5616
4.2428786
25.310546
44.655309
55.180081
-11.582252
4.9212398
26.547773
44.751551
53.911543
-13.60787
3.427623
27.952007
45.712279
51.243973
-14.914608
3.0520505
28.169993
45.381403
49.024411
13.674073
22.815263
36.134566
50.581578
61.566837
9.8693097
19.028642
32.668422
47.568829
58.879705
6.0692864
15.222494
29.140274
44.481843
56.197778
3.0808944
12.53684
26.984128
43.063325
55.337728
1.448767
11.192809
26.105867
42.661765
55.084716
-3.5308754
1.4713627
-3.3780539
-14.270653
-3.9057485
-2.9132981
1.1438189
-3.7520462
-14.568949
-3.9962321
-2.5880006
0.77685181
-3.8334812
-14.448482
-4.8950222
-3.271605
0.988467
-3.959637
-14.837432
-2.9854728
-3.1328639
1.1699087
-4.0160253
-14.932588
-1.8380951
-13.751594
4.561446
27.734273
40.581546
44.440695
-13.207828
4.8250736
26.338361
40.85795
48.217944
-11.04581
5.7924249
23.545043
39.959088
50.876248
-10.053002
6.4966588
23.96223
40.561708
50.26637
-12.508714
4.7642906
26.18545
43.590255
49.151557
-0.46934476
10.194652
25.602537
41.726954
53.710723
-1.647844
9.2376303
25.063081
41.568738
53.830129
-1.55809
8.6566055
24.185522
40.615705
52.955408
0.022091525
9.5933561
24.715119
41.198759
53.412426
1.2476243
10.930806
25.986071
42.586558
54.812439
-2.3114753
1.0754626
-4.8465336
-15.006166
-2.7641149
-1.9521107
1.0025858
-5.2542889
-15.097149
-2.1285558
-1.8978893
0.56973452
-5.7187409
-14.813004
-2.0593782
-2.0520769
0.35246065
-5.9554898
-14.825394
-1.2837401
-1.7943485
0.51221205
-6.3022592
-14.77151
-0.67136218
-20.239597
-1.6834272
24.146906
47.216558
56.376496
-21.761227
-2.2592733
24.463704
46.543104
56.639382
-24.004576
-3.5087096
23.776203
45.751815
59.10268
-28.350081
-7.9325745
21.894136
46.814912
61.910347
-32.803081
-12.830777
20.9321
49.168693
62.054753
15.708424
24.404995
37.360113
51.434002
62.170245
19.243155
27.817157
40.457384
54.124421
64.471701
24.93986
33.342187
45.590774
58.70343
68.55328
30.312091
38.590798
50.699956
63.548793
73.082586
33.517281
41.882755
54.042094
67.011533
76.55503
134.12603
144.35736
149.6754
133.9971
111.68214
134.05344
143.45162
145.9208
127.84658
105.47008
134.07082
141.53442
139.18562
117.79266
95.796197
134.28934
138.9189
131.23075
107.09479
86.026522
134.33362
136.43273
124.97347
99.56638
79.502895
-1.0952367
0.015963237
-8.255676
-15.58087
-1.7004104
-0.78581081
-0.13379131
-8.5445669
-16.011118
-2.3379504
-0.39635008
-0.75591346
-9.2480853
-16.500401
-3.8171622
-0.45965448
-1.1616458
-9.6904672
-17.462807
-4.694223
-0.93117911
-1.155399
-10.094321
-18.14754
-4.0642333
-61.384281
-32.450906
9.4604015
47.255199
69.563936
-67.945724
-40.467878
3.7627642
44.465404
70.205971
-77.09069
-49.925972
-1.1718944
42.897073
71.490506
-84.242759
-57.983366
-8.1289463
39.409987
69.616984
-87.473054
-63.809459
-17.373034
34.321228
66.506768
73.403978
79.920525
88.624332
98.289826
105.68496
81.752364
88.234644
96.407443
105.07034
111.67515
94.806398
100.73857
108.23326
115.89834
121.5657
110.75713
115.57175
121.48693
127.67128
131.91646
124.0683
127.58899
131.77772
136.41767
138.89517
115.39625
100.88139
77.503077
56.670455
45.322034
107.85474
92.254607
69.747472
50.900013
40.743535
95.754129
79.940776
59.55036
43.412839
34.74561
83.404165
68.601913
50.746647
36.978941
29.586959
75.401471
61.684319
45.50396
33.144652
26.526969
-0.39943701
-2.961121
-11.823473
-23.585686
-11.838673
0.0084182134
-2.5096865
-11.869773
-23.955957
-14.020861
0.24802905
-1.4386725
-12.684567
-24.62457
-16.555258
-0.027856799
-2.903426
-12.836836
-23.575208
-19.591631
-0.024075837
-3.5145462
-12.504666
-22.853347
-22.152075
-116.53564
-103.33803
-66.791278
-11.676857
34.305961
-116.72773
-102.53654
-67.654389
-15.086163
29.632074
-113.38493
-99.86427
-68.516803
-20.881302
21.679553
-110.15794
-98.304313
-69.934871
-25.570796
15.342128
-109.28917
-98.331927
-70.488259
-25.227063
15.862364
207.07801
201.96667
188.02531
163.64041
141.54057
221.34998
212.57963
191.19545
160.22862
135.36478
241.04517
225.23861
192.10178
152.54418
125.4061
256.11412
231.62736
187.79799
142.39625
114.76404
261.6223
232.5875
181.88573
134.62333
108.04676
42.338423
34.222529
24.997995
18.18442
14.607637
38.953053
31.427131
22.904534
16.648024
13.378154
34.710481
27.925325
20.286848
14.725199
11.835283
31.106608
24.978102
18.109014
13.124891
10.540358
28.999597
23.259029
16.822367
12.165897
9.7640636
0.70820657
-1.9762745
-10.177744
-16.242032
-24.834782
0.95537234
-2.4451854
-8.9578134
-13.088163
-22.297865
-0.15762192
-2.1153488
-7.253011
-8.695388
-18.071623
-0.10073027
-1.7180125
-6.2808568
-3.9572989
-12.034565
0.24891444
-1.8357572
-5.6550885
-0.87596461
-7.496817
-77.65885
-62.125131
-31.191534
8.2296481
38.795121
-70.776152
-55.78058
-26.409374
10.461178
38.911198
-59.924855
-46.558521
-20.101309
12.589033
36.365459
-47.231346
-35.559875
-13.279639
13.059778
32.93403
-39.8428
-29.933759
-9.1616657
13.701563
30.468543
218.1072
177.48951
128.16485
93.001807
74.214201
199.48976
161.01394
118.44105
85.739873
67.382633
183.13377
151.28934
107.07593
75.974141
61.076569
157.0537
119.99107
86.479848
66.280875
53.658091
108.99811
89.120232
76.462725
61.88145
49.588572
18.944146
15.135911
10.931088
7.9084492
6.354597
17.541798
14.035838
10.118433
7.3137823
5.8810358
15.997157
12.74018
9.1425627
6.5803822
5.2711374
13.837365
11.006333
7.8593981
5.6214672
4.4984202
12.549724
9.8904426
6.9990431
5.0544904
4.1040691
-1.0293732
-44.794981
-78.784295
-57.380149
-45.319056
0.1597827
-44.08575
-77.203705
-53.87805
-42.024582
1.8895976
-42.496806
-75.090828
-50.471137
-38.278365
3.2337095
-40.897405
-73.391885
-48.075921
-34.993863
4.2150457
-40.299108
-72.634771
-45.127286
-32.845911
-1.8176371
0.51989418
-6.292542
-14.685296
-0.71066974
-2.0639702
0.28457998
-5.9705846
-14.781593
-0.99916341
-1.8645086
0.59636185
-5.7183024
-14.787035
-1.4569846
-2.0074938
0.93623055
-5.309177
-15.116835
-1.582986
-2.1456478
1.2327779
-4.6431808
-14.941741
-2.73687
4.4706614
-40.133012
-72.403544
-43.626837
-32.067554
4.5029789
-39.598569
-72.236604
-43.701674
-27.955149
5.1436156
-38.401061
-71.069614
-42.598133
-25.263307
6.0849904
-37.679408
-69.352099
-40.006781
-25.733827
6.9260159
-37.502257
-68.367217
-37.384553
-26.41044
6.8272132
-37.347125
-67.842873
-37.279529
-25.53285
7.0576322
-37.13073
-66.945579
-38.124481
-24.629643
7.3925019
-36.478355
-66.86297
-36.850183
-23.882331
7.0243916
-36.61586
-66.324527
-34.904737
-23.331583
7.1223314
-36.677477
-65.646911
-34.588778
-25.10029
-3.0256476
1.3515604
-3.8193285
-14.624142
-2.812271
-3.3421382
0.81993642
-4.0540491
-14.68289
-2.8665701
-2.5253292
0.84162408
-3.7796506
-14.32596
-4.8781417
-2.957025
1.047054
-3.8056449
-14.31985
-4.1228124
-3.2694213
1.314772
-3.4806712
-14.373086
-3.6030125
57.126852
56.983773
34.591529
8.3258391
7.3197307
57.393507
53.12995
29.874096
5.6498316
4.3007246
54.984623
48.731022
26.089854
2.8229914
0.83441575
51.282834
46.536157
23.549835
-1.1755032
-2.715858
49.6858
47.604376
22.763272
-4.2866882
-5.0637321
50.235932
48.214596
21.299788
-5.1672127
-4.9594241
52.36142
46.606408
18.101273
-5.6358478
-5.0019499
52.134709
44.427029
17.464939
-6.4880509
-7.2185454
49.834392
44.231281
17.604575
-7.9759749
-8.3094663
48.539423
46.897676
17.874425
-8.5435259
-7.1041316
-13.720178
4.246774
28.222207
43.674093
47.615381
-11.2104
6.3396844
27.101718
41.27973
48.470037
-10.747668
5.4877477
24.701238
42.317527
50.846252
-11.449264
4.4316337
24.640324
43.35378
49.639857
-13.11088
4.3708647
26.625701
41.434763
44.974289
1.2353823
10.965129
26.021648
42.560435
54.764107
0.32330286
9.9902651
25.133185
41.46892
53.54925
-1.7351293
8.4215215
23.86102
40.188093
52.49477
-1.8910922
8.9134875
24.664478
41.180942
53.463946
-0.5873935
10.206354
25.716553
41.869496
53.850757
6.8982362
-36.594607
-65.622796
-34.769357
-25.520403
7.3045403
-36.757003
-66.146473
-34.683014
-24.614541
7.9065263
-36.681587
-67.024017
-35.761673
-23.95191
7.4323555
-37.256951
-67.315503
-36.877658
-23.882731
7.1264583
-37.436322
-67.984919
-36.757302
-25.104379
7.0332022
-37.452373
-68.738587
-36.726872
-26.284323
6.3977846
-37.993659
-69.266992
-38.982421
-26.447691
5.1701873
-38.641789
-70.075434
-42.749695
-27.015924
4.1254435
-39.473125
-71.45658
-44.648421
-29.453733
4.4138802
-39.923472
-72.317842
-43.806
-31.29189
-2.8713454
1.6816059
-4.0505547
-14.452487
-2.6621536
-2.4745742
1.3896298
-4.264012
-14.712799
-2.6339521
-2.4533292
0.72520076
-4.5289748
-14.723519
-2.90603
-2.8225085
0.68632154
-4.6799178
-14.847178
-2.8930432
-2.3793454
0.83365848
-4.7417193
-14.939172
-2.9637084
48.878939
46.855333
17.897445
-8.5630441
-7.0805856
51.102822
45.332499
17.475401
-8.4161322
-8.2048947
53.996556
45.947963
17.39213
-6.9907683
-7.1185414
53.735619
47.130407
18.26122
-5.5415331
-5.1516524
50.906316
47.978187
21.497035
-4.5111607
-4.7623447
50.113566
47.323309
23.106595
-3.2063012
-4.5025091
51.000405
45.983772
24.158203
0.28161167
-2.1671088
53.55924
48.072739
27.040439
3.791885
1.013515
56.74749
52.419932
30.567903
6.0861157
4.0732894
58.172644
56.05452
34.381198
8.9402571
7.6549565
-14.202422
3.6868798
26.410165
45.028242
50.079632
-14.753255
3.4633759
28.057256
45.326379
50.993174
-13.309286
4.850414
27.833612
45.015275
52.937897
-14.729625
3.2831694
25.20304
45.556884
55.728001
-18.473432
-0.040291061
23.94862
46.79807
57.059426
59.94234
72.233743
90.758398
109.85173
123.41243
60.179178
72.656081
91.362792
110.5755
124.18877
59.40763
72.073424
91.070138
110.52499
124.24549
59.817511
72.421935
91.289485
110.624
124.25625
61.134665
73.621063
92.234015
111.26999
124.71395
61.433682
73.958983
92.666143
111.68685
125.05379
61.038668
73.556075
92.337217
111.56255
124.98766
61.761782
74.038526
92.44539
111.29515
124.56977
64.670733
76.586927
94.624306
113.06081
125.90807
67.077295
78.644916
96.308035
114.58249
127.25953
1.7274538
11.496076
26.398172
42.799835
55.074916
3.1426113
12.386204
26.577589
42.470956
54.655972
6.1246076
15.109672
28.80039
43.94865
55.577005
9.7667229
18.964686
32.601954
47.445411
58.71697
13.897306
22.841527
35.915877
50.286883
61.290654
4.394597
-40.134273
-72.872796
-44.584454
-32.069709
3.498612
-40.753469
-74.049463
-47.26762
-34.24145
2.2101796
-42.228909
-75.767636
-49.645887
-36.547592
0.28441943
-43.872757
-77.241723
-53.312698
-40.260573
-1.1502129
-44.543877
-78.216169
-57.57198
-44.317642
-1.8823267
-44.808896
-79.049788
-60.24932
-47.586378
-3.3893814
-45.797216
-81.231267
-64.705661
-52.98286
-5.1639652
-47.810871
-84.587885
-70.211914
-59.309229
-7.1072571
-50.026635
-87.565352
-77.156792
-66.689106
-8.7429068
-51.449164
-89.661254
-82.936147
-72.925173
-1.8199682
0.70459886
-6.5779693
-14.631878
-0.72746389
-1.3289825
0.47263071
-6.8281198
-14.674621
-0.77224024
-1.1581662
0.12308031
-7.3277185
-14.708791
-1.2069126
-1.3596644
-0.095989235
-7.7106726
-15.037123
-0.85968952
-1.1360366
-0.15692121
-8.0872534
-15.411311
-1.0207658
58.326382
57.902194
36.341228
11.429869
10.101433
59.701437
59.58589
39.660845
16.421247
14.311884
63.598221
64.138955
46.604372
23.029923
19.86766
66.927576
70.174291
55.108259
29.570995
24.987849
66.676119
74.124069
61.750534
34.846109
28.39166
68.001009
75.978263
64.886325
37.661335
30.641155
71.852342
80.810016
69.107439
42.553245
37.294503
76.161835
86.174038
75.101988
52.249663
48.154924
79.715236
90.886714
84.169018
64.214721
58.321217
80.792263
94.920755
93.573475
73.131406
65.311341
-35.150834
-14.000562
19.520291
48.829828
63.22129
-39.60974
-15.421082
18.529257
47.795922
64.886271
-46.36777
-19.625545
19.818303
51.09289
67.970853
-53.812673
-25.526955
18.480001
53.428441
71.237885
-58.524415
-29.425661
12.970574
49.860193
71.525212
67.863866
79.269085
96.755598
114.94051
127.57053
69.965722
80.986606
97.857264
115.46988
127.75133
73.763119
84.197816
100.20933
116.99455
128.48827
78.082277
88.056571
103.33754
119.38021
129.82074
81.481493
91.328821
106.18435
121.60623
130.97256
83.328279
93.094052
107.75788
122.82853
131.47402
87.959372
97.573497
111.74128
125.92376
132.83494
94.691902
103.9668
117.41741
129.17739
132.68467
101.50065
110.16182
122.52155
130.14012
128.89917
106.6199
114.63385
125.6431
129.25994
124.21608
36.086334
44.305266
56.157987
68.93364
78.443757
43.13742
50.834463
61.91354
74.029915
83.197715
52.980373
60.375182
70.728787
81.868098
90.334863
61.747105
68.896665
78.959273
89.578405
97.498408
69.05309
75.678354
85.071265
95.2591
102.8545
100.06843
79.783315
56.621792
40.216554
31.872962
94.265278
75.021028
53.259552
37.84108
29.98797
85.419133
67.894817
48.266067
34.339712
27.226255
76.631718
60.884078
43.330458
30.870958
24.496918
70.815878
56.246432
40.032202
28.531076
22.650536
134.15369
134.81114
121.51899
95.683446
76.214243
133.85266
131.23986
114.28276
87.992486
69.898107
131.25412
123.85355
102.67893
76.945007
61.117181
125.08877
113.54155
90.204823
66.449227
52.944077
118.95859
105.262
81.689667
59.832951
47.799676
-9.55187
-52.006191
-91.135189
-85.365032
-75.766314
-10.91146
-53.705972
-94.058605
-88.350798
-79.876513
-12.796703
-56.928655
-98.105743
-93.946019
-87.123147
-14.314238
-60.31193
-101.65652
-99.706975
-93.943166
-15.404819
-62.713099
-104.22739
-102.40363
-97.491309
-16.35035
-64.01199
-105.75753
-103.22352
-98.559919
-18.127475
-66.547683
-107.65745
-105.13211
-101.46804
-20.986689
-69.981392
-109.69377
-109.00296
-106.89829
-23.839368
-72.543206
-111.57029
-114.049
-113.39244
-24.92727
-74.286588
-113.21942
-117.50186
-118.12303
-0.37712876
-1.2965673
-10.337426
-18.260809
-5.0338045
-0.086175929
-1.4295219
-10.603536
-19.19905
-6.6370679
-0.45241166
-1.7252018
-11.059154
-20.65693
-7.5611754
0.055958126
-2.639657
-11.442914
-22.277752
-10.813168
-0.032406543
-2.6433436
-11.82227
-23.414914
-12.125558
80.066538
97.761008
98.477868
77.982925
69.654945
82.851698
103.47016
107.23362
87.315857
78.192943
85.517169
108.93845
119.91692
102.96544
91.945131
83.856814
110.93838
131.80643
121.24067
109.24208
81.28671
111.88348
138.60052
134.59652
123.69514
80.889034
111.97502
141.59952
141.61663
131.20743
77.199466
112.13297
148.55629
156.1736
146.01713
70.863083
112.54096
160.95162
179.09496
169.19933
64.506075
112.12435
172.57035
202.34167
193.44821
60.311458
110.13625
177.38611
216.69624
209.79788
-89.487336
-67.281682
-22.689331
29.877527
64.87155
-93.291568
-73.085356
-31.94282
20.122647
58.431593
-99.798976
-83.517456
-46.713876
6.9911259
49.450122
-107.79576
-95.214975
-60.463237
-4.3690701
41.22578
-113.62695
-101.89971
-66.093031
-9.5451156
36.396453
109.36646
116.95827
126.97678
128.31039
121.3176
115.18385
121.87017
128.99799
125.38901
114.9042
124.54943
129.08669
129.59972
118.11451
103.80686
133.79979
134.86889
126.82602
108.01709
91.639503
139.13622
136.45373
122.50998
100.04835
83.278742
141.21176
136.30003
119.49118
95.785805
79.169123
144.17991
134.60489
112.63288
87.36552
71.524157
144.41412
128.39783
101.292
75.933729
61.787675
139.13564
118.58249
89.73607
66.225505
53.855394
133.19377
111.0861
82.647723
60.757016
49.352672
130.75156
133.93094
137.18044
140.81112
142.03299
143.74163
146.78872
148.73942
149.5799
147.40964
164.6054
166.31559
165.57083
160.00464
151.19976
186.17733
185.40133
179.79021
165.17713
148.92258
200.38024
196.72664
185.89633
164.76262
144.4216
71.56862
58.443208
43.047178
31.350729
25.106899
64.536275
52.562783
38.64331
28.141853
22.554815
55.639516
45.17449
33.151679
24.157683
19.389203
48.384749
39.18994
28.701924
20.906469
16.793132
44.263949
35.796848
26.165367
19.040569
15.296699
-25.179338
-75.094589
-114.44235
-119.04417
-120.51572
-26.013173
-76.423676
-116.55727
-121.37329
-121.75777
-28.67676
-78.836202
-117.28445
-120.13134
-118.50981
-31.853039
-80.066555
-115.41119
-116.67802
-114.57287
-34.169893
-79.82456
-112.98098
-114.96611
-113.29072
-35.700507
-79.456443
-111.51581
-114.80086
-112.97955
-37.422111
-78.180337
-109.37818
-114.66301
-112.92795
-37.472182
-76.448457
-106.92661
-110.32374
-106.06154
-35.58098
-73.467276
-101.29417
-101.26368
-94.729916
-34.082328
-69.662882
-94.719705
-93.756024
-87.022056
0.30906727
-2.1596356
-12.75966
-23.219403
-23.279432
0.24575605
-2.1253746
-12.26607
-22.837119
-25.22101
0.17216613
-3.2381383
-10.948832
-20.997743
-26.247765
0.48697823
-2.7329156
-9.9570713
-18.73546
-26.10363
0.32243809
-1.6689457
-10.16236
-17.448291
-25.768237
58.387539
108.11802
178.31828
223.34424
217.74062
54.265166
105.33588
178.10895
232.87822
232.99145
45.650032
98.638325
177.52143
242.12457
251.68867
39.130186
92.860108
175.38371
248.2981
266.50472
39.927143
93.154689
173.2273
249.00823
272.0635
42.433635
94.116579
173.10147
246.60043
273.4879
46.755552
94.335453
167.56756
241.56515
274.82333
51.012872
93.778509
158.66709
223.64221
264.68279
55.505415
93.718386
150.88394
207.64824
246.12494
55.422247
91.496181
142.01853
196.06651
225.6403
-109.39175
-98.925259
-69.713206
-22.377482
19.896511
-108.65156
-95.376746
-62.2681
-14.892992
24.3913
-100.43018
-84.471907
-49.629318
-4.7176109
31.274705
-88.620606
-72.926163
-39.838668
2.7200582
36.67173
-80.841257
-65.853363
-34.684252
5.8542699
37.167495
129.78959
107.35997
79.391383
58.238464
47.236649
122.84358
100.32913
73.568837
53.793993
43.504729
112.67817
90.924489
66.183598
48.187301
38.806961
102.73112
82.494062
59.796572
43.353825
34.805377
96.501905
77.340191
55.900841
40.464684
32.466008
93.594004
74.898964
54.142815
39.178126
31.390968
87.64216
70.074282
50.523506
36.437903
29.142672
80.14095
63.956123
45.930054
33.042673
26.416258
72.315522
57.637629
41.471428
29.874863
23.846606
67.899144
54.336178
39.013809
27.894528
22.148865
265.19307
231.4541
178.75227
131.18575
104.76528
267.22804
226.6599
169.77336
123.01489
98.134316
263.44697
216.90507
156.4792
112.70111
90.062214
243.27045
196.46105
141.9718
102.34112
80.886902
221.23119
184.00465
132.2905
95.06808
76.253489
28.021466
22.436769
16.202315
11.719861
9.4169625
26.002428
20.814112
15.043567
10.895553
8.7564323
23.563405
18.857396
13.611523
9.8320109
7.8862495
21.249159
16.942862
12.160926
8.7637319
7.0395439
19.68953
15.668821
11.281729
8.1769064
6.5815104
-33.515906
-66.770484
-90.922818
-90.230166
-83.843099
-30.318089
-60.532619
-82.72972
-82.866307
-76.86227
-23.458579
-49.744908
-69.725431
-70.365038
-65.245915
-16.708956
-38.200053
-55.172939
-56.167609
-51.714253
-12.19996
-29.878964
-44.206328
-45.351156
-42.633498
-10.488001
-26.038588
-39.241733
-40.199794
-36.052648
-4.1581271
-15.706463
-25.240784
-26.720797
-23.783094
2.3212373
-3.1852893
-8.3336568
-9.0636296
-8.7228319
2.9706732
1.7300881
1.225835
3.5650018
7.6175067
2.8481131
3.1787512
3.5834654
5.3790825
8.3868718
-0.00039028503
-1.8653831
-5.1257859
-0.073667343
-6.0466087
-0.036374468
-1.4742804
-4.1509277
2.6671343
-1.8893171
-0.40377286
-1.6219308
-3.4820717
3.8665007
3.2669048
-1.5335458
-1.5803182
-1.6920878
1.7059705
3.1425657
-1.3405759
-0.45402182
1.2848189
3.274331
2.4742343
54.273827
89.59846
139.07271
185.47384
218.44702
54.372096
83.695199
128.28009
176.52521
206.34257
48.238595
74.411301
107.96306
145.87373
179.78696
42.918279
64.672883
97.201458
124.33984
154.78018
36.374888
52.414131
83.296386
111.46375
119.00072
34.771512
48.047795
67.010947
100.5437
94.199722
30.36522
43.235163
53.107732
79.087341
96.86179
19.462897
24.752642
41.540068
52.049045
79.732542
6.3724553
27.540569
29.786047
15.781587
25.022698
-3.3617267
21.377584
11.950336
-13.167393
1.376523
-32.900739
-27.756249
-8.3892697
15.744637
27.600285
-19.970141
-12.19608
-3.3775022
9.200648
23.253975
-9.5075846
-11.032629
0.88017181
16.359273
19.436335
11.465776
17.544053
4.7488538
-10.561851
-2.4998723
8.6496978
21.176555
-1.0079114
-18.350709
0.28576357
66.18085
52.649476
37.538715
26.749533
21.270815
60.403273
47.958792
34.262241
24.602459
19.663765
54.226183
43.306996
31.235931
22.524858
17.967737
48.238168
38.696903
27.645683
19.632383
15.566359
44.706567
35.48297
25.01446
17.803564
14.169526
43.077256
34.128659
24.315062
17.200995
13.463461
37.88204
30.276229
21.599405
15.318442
12.144636
29.287394
23.717622
17.108005
12.506907
10.168981
21.019373
17.74089
13.799417
10.089324
7.7518752
20.428401
17.151761
11.070632
6.9460202
5.403917
79.184828
81.589192
73.081848
59.502047
48.604602
91.122253
77.879569
65.864549
52.669301
42.257486
87.207195
64.702844
49.416125
39.480223
32.225045
34.590528
34.921995
30.743397
26.351019
23.076641
13.242005
14.088054
20.107212
21.498969
21.810914
11.870227
9.3504407
6.7401375
4.9358508
4.009322
10.851093
8.7341669
6.3522474
4.6087338
3.693381
9.0657912
7.2281826
5.1287747
3.6156921
2.8636919
6.8289939
5.2915305
3.6863381
2.642644
2.1381837
4.6105332
3.7482482
2.7750036
2.058817
1.6796556
-4.0348296
-0.94386834
-1.763313
-2.7596814
-1.8217734
-1.7504585
1.2099611
-0.67264957
-3.1361291
-1.9960863
-3.3867779
-0.62949033
-0.075854696
-3.3637628
-2.4987809
-6.0208145
-4.3205698
-0.62874926
-3.2048288
-2.4193094
-5.4473912
-5.2138529
-1.2856349
-2.7563164
-1.9405156
22.508824
28.634536
23.071833
9.6507934
2.409951
23.124324
24.433017
19.210609
8.8026008
2.9995961
19.177369
17.227011
13.441187
8.8737014
4.3417948
12.733499
13.120043
10.408896
6.9905028
1.4457763
9.1462557
12.488371
10.117763
4.6017971
-2.5316697
65.737141
45.047081
13.211864
-21.590009
-45.055646
73.340918
48.770536
12.376528
-21.59183
-45.041027
78.804348
47.97393
11.602426
-24.541137
-51.162048
79.538901
50.476186
9.1129994
-34.9461
-55.2165
84.517243
55.875247
-2.521506
-39.24568
-42.102684
1.0097583
2.1335595
0.41216663
0.96724074
-1.4148007
7.1357184
7.3903774
1.5675101
1.2676231
-1.3316471
0.040004995
0.78081545
1.0143342
0.7015589
0.75788184
-2.9026825
-4.0098375
1.4729534
-0.13902469
2.5742035
2.3109128
-1.1841035
1.3842353
0.67256473
3.5427311
-1.4185639
-0.91079099
0.95908454
-1.4569635
-4.6853876
-4.2960733
-0.61185586
-0.72815697
-4.5323736
-4.178389
-6.4070888
-3.742074
-3.9833553
-3.6731351
0.81514071
-7.054722
-10.281331
-8.7578868
-1.4098419
7.0077792
-8.3633105
-13.790659
-11.025357
-1.6939229
7.5324399
-3.3817944
0.20867204
-0.18990304
-0.17847632
0.79240543
-10.509401
8.3291649
1.3398204
6.5309947
6.7849973
-54.54607
12.816036
14.994734
14.049247
21.525317
-83.515106
-20.235218
25.121543
26.37952
29.310916
-84.660626
-47.439214
16.882333
37.193354
35.623955
3.8992816
2.3846163
1.3444691
3.593918
1.9867294
5.7456035
2.8446601
1.3332945
3.3438301
2.5796897
4.4029932
1.4006979
0.85534561
3.4092878
2.451398
3.7828239
0.51708062
2.24483
3.3608352
1.0102213
4.091747
1.452141
2.5509508
3.8571854
0.58764531
-21.635902
-28.575502
-22.240368
-12.709981
-4.2034353
-24.808787
-31.597757
-24.186275
-15.091158
-7.8721173
-30.330337
-37.462212
-30.263512
-19.051702
-9.3370091
-38.625688
-45.23336
-38.179138
-22.695669
-6.8343687
-46.918714
-50.750556
-41.714909
-26.81788
-9.9423233
-60.445895
-37.318694
-9.2161926
20.969685
44.789911
-55.090801
-32.009679
-1.8324814
26.292962
46.901511
-46.14055
-24.842659
5.0407092
34.654979
55.223045
-37.333311
-17.785795
10.069288
39.309316
60.770873
-33.279822
-14.259954
12.821159
41.203083
62.377016
190.28876
204.75803
165.59087
55.775658
13.617508
197.60154
206.32479
159.30405
53.6846
14.033166
199.80981
203.14799
145.46913
48.429287
14.270743
195.00632
192.39164
128.27703
41.836314
14.218043
189.98164
181.18617
115.5668
37.206769
14.069597
4.3861202
2.4284811
5.7008613
5.2432135
-6.8249082
5.2274969
2.4829693
6.769058
5.613207
-8.9662891
5.7378873
2.0051606
7.2598
7.5106328
-11.444947
5.3178423
2.0926894
8.3607838
9.2587516
-12.651773
4.6475634
2.6339686
9.034714
10.53589
-11.263974
-55.507731
-64.692717
-64.892921
-59.436579
-47.031303
-52.147653
-65.921908
-69.905767
-64.776149
-52.874618
-52.091542
-62.076811
-73.124267
-72.049326
-58.382839
-53.403487
-53.839817
-71.031989
-80.896767
-68.10543
-52.622531
-49.979251
-66.953584
-85.120457
-78.325916
12.196365
28.843578
51.545833
75.476173
93.558761
20.076848
36.170516
58.650616
82.307944
99.670151
31.571359
46.836978
68.260048
91.026813
107.95947
42.418526
56.839855
77.450147
99.206883
114.44203
51.098208
64.408145
83.664667
104.54129
117.85166
122.1108
90.970582
47.719551
18.703341
11.437287
106.36064
77.191227
40.397391
16.895538
10.727749
84.49863
59.985966
31.896686
14.560017
9.6422229
65.691681
46.43927
25.461161
12.511787
8.5718957
55.081313
39.130439
21.942882
11.253089
7.8752043
6.3457373
4.5174968
13.782485
22.232545
-9.4528212
7.1240338
6.1965638
14.445735
25.09222
-5.7558731
7.6783419
9.0391811
15.143696
28.45539
0.4437222
7.8699486
9.3764255
16.195113
31.812558
8.3147198
8.1610589
10.081799
17.387449
33.717821
13.532049
-46.980627
-46.769101
-41.238092
-37.245263
-34.102646
-41.837732
-39.114401
-29.62513
-22.01099
-16.625356
-30.667558
-27.194476
-15.541705
-1.9083378
5.5197275
-19.349803
-16.141021
-4.5275369
16.427999
28.119358
-11.599795
-8.6393813
4.3139835
30.469716
48.852772
103.23623
106.43349
106.97293
96.34624
83.496231
115.18465
111.53168
103.51362
87.183403
72.571895
133.37276
116.30871
94.653175
72.97999
58.150882
153.16309
116.28926
82.420009
59.577296
46.368505
158.11538
112.59667
73.171713
51.718993
39.863686
20.11898
15.014375
9.4501715
5.8065595
4.4234967
17.217444
12.960036
8.3014447
5.2250202
4.025837
13.900171
10.591831
6.9539669
4.5225758
3.5381636
11.442691
8.8263743
5.9394723
3.9900926
3.1736011
10.141074
7.8936988
5.4135134
3.7257952
2.9994505
11.500599
19.760422
28.637231
41.567243
41.549934
12.459731
20.984555
30.799071
43.071966
43.280307
11.884476
22.846807
33.653512
43.774673
51.080371
12.24451
23.324168
34.179552
44.561889
54.405859
12.234457
22.845662
33.711669
44.386402
51.22964
72.557904
85.286794
109.02863
135.90135
156.37303
88.732157
101.67005
125.44297
151.15617
170.30714
109.73989
123.361
146.69995
169.23839
185.92621
123.86832
139.04975
161.90269
180.79509
189.5335
127.56964
143.54006
165.8905
183.0299
189.83152
118.98775
60.143244
32.869543
26.523636
20.0111
64.615149
52.204794
27.84116
25.36663
18.281309
97.591003
39.570455
28.194531
21.089754
18.670559
67.650354
24.375008
30.647849
17.657889
19.215196
33.784743
26.477998
30.329038
16.290475
19.542508
6.874574
5.7305375
4.4532589
3.5573945
3.1326213
6.8352336
5.7886206
4.6273216
3.8054343
3.408567
7.1132436
6.1908395
5.1521916
4.40524
4.0369264
7.8625939
7.0058394
6.0388839
5.3324953
4.9786659
8.6411372
7.8233272
6.8806146
6.1665615
5.7954625
8.6637555
7.5336439
9.5297715
24.115366
45.252138
8.5943196
6.1894744
8.9166253
22.115484
39.387081
8.1562718
4.8706177
8.3251127
18.674334
32.474385
7.2603807
4.8337535
7.7702917
15.748646
28.165337
6.8596529
4.7180855
7.5249095
14.558797
24.695184
-4.0541293
-1.5011397
-2.6202071
-3.9830636
-0.28979494
-3.7735391
-0.35458646
-2.260845
-3.4316799
-0.89246609
-4.477974
-1.3621983
-0.94769034
-3.361564
-2.3135097
-5.5479831
-2.8102643
-1.5460368
-3.0723892
-2.4070558
-4.3366972
-2.9480454
-1.9766757
-3.3028734
-1.4618647
7.0279527
4.1111897
7.4927213
13.666749
20.853929
7.198383
3.1965522
7.1440244
12.655659
18.108327
6.427546
2.7072239
5.3969138
12.990964
21.401855
4.7616823
2.4944766
3.4459997
13.071667
21.739552
3.5856392
1.7989302
3.1948845
11.64061
17.183947
3.3523927
1.1006548
3.5495218
10.476824
13.083496
2.5035309
0.78232952
2.6886926
8.1919394
10.930986
0.77834052
0.80027356
0.72756939
5.7100919
11.181071
0.22596307
0.27269235
-0.12831996
3.8278878
7.2048055
0.17072322
0.076430742
-0.082877712
1.5558446
2.3693417
-3.1928647
0.011588422
-1.4504729
-0.99026893
-3.2667123
3.4743627
4.5308675
-0.63814983
-0.43560169
-2.6709562
-0.6370412
-1.0943306
-1.2081206
-0.97816895
-0.59853539
-5.7163733
-6.1263952
-1.0246899
-1.5594518
0.13656111
-3.2365857
-4.6372888
-0.042340223
-0.92759651
0.065620503
0.92383296
-4.574412
-2.5287112
14.073271
52.559219
0.41339623
-4.4500625
-1.5132432
15.634131
58.81849
-3.7894129
-4.8863887
0.13643218
14.988389
59.890649
-9.4734118
-3.6575269
2.3068021
13.503921
57.677276
-9.7885826
-2.3752092
2.8308667
12.002882
57.890722
-7.6847747
-1.576432
2.2385594
11.351747
59.349926
-3.3889055
-1.0904352
1.6995279
10.771435
56.210838
-3.4768493
-2.1225032
1.837583
8.2145316
41.573715
-6.0008402
-1.3056968
1.8779836
3.4824828
20.545637
-2.5621428
0.16154815
0.66541915
0.41439858
3.8774694
8.0134237
12.235491
10.274552
3.0793328
-3.9669745
6.22011
11.205989
7.9298232
-0.10406874
-2.7199826
4.3827153
7.3579205
3.8667408
-0.78956731
0.90545707
2.0713644
1.7227067
2.6557293
2.0184332
-0.69167157
-0.17974844
-0.95173959
2.2358727
1.7286192
-4.2125201
87.805444
50.295206
-13.764479
-34.848547
-34.451327
86.064282
20.93192
-23.865516
-25.267669
-28.77251
55.703999
-11.847659
-14.755476
-14.379443
-21.977486
9.52213
-9.004008
-2.8682708
-7.6184564
-7.2003737
-1.8147504
0.10083196
-1.2507963
-0.31157946
-1.5565635
-0.069359885
0.34478518
-0.280257
-0.26242105
0.87896388
-0.40192147
0.35386736
-0.73144762
-3.0121394
-3.9720886
-1.0766493
-0.37560957
-1.4645427
-5.6809392
-9.9312303
-2.2120667
-0.9926858
-2.7171281
-7.5679782
-11.680329
-3.1702189
-1.4759468
-3.353303
-9.416324
-13.191809
-3.5155304
-2.1009769
-3.2380852
-10.469796
-16.352596
-4.5173488
-3.209987
-3.0393081
-11.602575
-21.53647
-6.5031167
-3.3316666
-4.2521564
-12.715615
-22.494684
-7.8596905
-2.6768348
-6.9438853
-14.020005
-19.389961
-8.2269244
-2.9968547
-8.119212
-15.54371
-20.052427
4.1798482
3.5907206
0.80410696
3.1971353
1.9587153
7.2567557
5.0359961
0.8138926
3.911778
1.7875863
3.2517822
0.67558594
-0.2901596
3.6275534
2.9648203
1.9656618
-0.88224646
0.73571162
3.3118565
2.4335216
4.1166905
0.86014003
1.525502
3.0216359
2.1212038
1.4892667
0.78689423
-0.41134245
-0.43128634
-4.8306819
5.2916089
1.7589684
-1.8261398
-3.2157627
-20.477918
4.3068158
1.6481448
-2.6548581
-7.5529355
-39.944761
5.4288932
0.1904092
-2.7528747
-10.183482
-52.743016
9.302102
0.63176019
-3.0524615
-10.833828
-55.362523
10.862783
1.2407121
-3.5596931
-11.432543
-54.218503
9.8305735
2.3115755
-2.8507526
-13.0159
-56.276804
4.9047938
4.0067449
-0.43673016
-15.25774
-60.76743
1.359204
5.1010375
1.5320661
-16.452187
-58.610484
-0.36320058
5.5830579
2.8394242
-15.665175
-52.82687
-9.0240565
-14.681479
-11.097497
-2.5052549
5.1917742
-11.732773
-15.696515
-12.229936
-4.79158
1.5397072
-17.16949
-17.256034
-15.529549
-9.7038169
-1.0216468
-19.579551
-22.023321
-19.77804
-12.208206
-1.9818508
-20.241751
-26.599228
-21.932458
-12.446411
-2.8945609
1.2680647
1.8479313
3.1060882
4.5565139
6.203858
5.8241846
10.277954
14.092368
20.89942
27.990858
19.900021
23.81247
32.772866
45.259741
58.127002
36.132406
40.22878
51.752978
69.184483
85.912295
41.649029
51.19168
63.831063
84.301277
103.56695
41.849939
55.343525
70.249326
91.120636
112.2588
57.354831
63.051293
81.455966
105.23417
126.72637
65.199624
79.994859
97.567924
122.70242
145.94915
57.451574
84.271762
112.96765
139.36501
162.07693
54.770359
80.000771
118.18137
150.04103
171.95579
-80.513615
-51.156615
7.0187035
41.648259
42.958252
-77.234867
-46.67414
-4.8001225
37.540989
56.25006
-78.629473
-48.587251
-11.22273
25.642437
52.152009
-72.773979
-49.184085
-13.964172
20.303443
44.44848
-64.060459
-42.364466
-12.415281
20.781069
44.21691
-8.0769327
-3.7497774
-7.9702247
-16.368679
-23.44475
-7.9910435
-4.2961955
-7.8748395
-17.0189
-27.31577
-8.2122421
-5.0742456
-7.7855972
-18.441007
-31.944867
-8.2022217
-6.8745299
-8.2204622
-20.485758
-38.848342
-8.5172867
-7.9044424
-9.2855827
-22.232676
-43.17698
-9.1106473
-7.893123
-10.290281
-23.277964
-43.952038
-9.4567981
-7.6808502
-11.597083
-24.949998
-45.873673
-8.7464123
-7.6048565
-13.078463
-27.548083
-50.134984
-8.5052085
-7.9799879
-15.072186
-29.845876
-52.945046
-9.2585257
-8.1270836
-17.540149
-31.841339
-51.315115
3.5838821
2.3032135
2.3090918
4.5775276
0.18654884
5.5583463
2.0168008
3.1410415
4.4868234
-0.7057636
5.2463722
1.714377
3.5837345
5.0244949
-2.2617976
4.2742686
1.6270393
4.7251953
4.6686537
-4.2148571
4.3521784
1.9323453
5.2799767
4.8595465
-5.6463257
-0.76515728
5.4400988
3.0632534
-15.019557
-49.979323
-0.1675565
5.4630489
4.1757495
-13.5412
-45.978902
-1.9398591
5.6028701
7.1202875
-10.563102
-41.417492
-2.460273
6.5144894
9.5701356
-8.0864413
-36.779615
-2.2615736
8.3312557
11.275415
-5.4987688
-31.674273
-3.4731266
9.5305105
12.184034
-4.6400583
-28.359896
-5.7503954
12.271527
14.112118
-3.1433007
-21.252602
-8.5914878
13.036709
17.636242
2.258201
-11.265329
-15.553056
9.752205
21.034289
10.673187
-1.8395676
-26.111049
5.1590431
23.470269
16.578928
5.272781
-51.014655
-53.470194
-42.255249
-28.99407
-15.165973
-54.144785
-59.665618
-46.825968
-30.907687
-18.052242
-56.27073
-64.131207
-54.290712
-37.309318
-21.675204
-59.06018
-63.631329
-58.665159
-48.366289
-32.097455
-58.419818
-63.58392
-61.784128
-55.901073
-42.391834
57.185244
78.839893
117.38171
154.45153
177.04382
58.643045
81.125418
116.63872
157.0804
184.35484
65.642551
86.869675
120.27542
158.63345
186.13518
72.073776
93.438781
126.64333
162.86263
185.70079
73.80893
96.291336
130.35318
166.55299
185.49952
74.225267
96.732013
131.34358
167.42957
184.76071
79.896851
100.71364
133.90331
168.68669
181.90888
90.288764
111.12532
140.91121
167.94559
172.82372
97.084212
119.0764
148.19878
163.81799
157.03839
100.65853
122.02521
150.48906
157.99424
143.35551
-30.138331
-11.217051
14.785159
42.541138
63.329775
-20.040625
-1.1702085
24.285773
50.198952
69.540065
-8.4638852
9.4018672
35.002916
61.414426
80.580875
-0.37101054
16.761094
41.416227
67.848075
87.442728
7.5648028
24.159624
47.154256
72.086398
91.164552
14.646413
8.8472679
6.6239265
4.789991
3.8770144
14.589591
9.2419371
6.8836815
4.9818141
4.0178201
14.227766
9.5846079
7.1074318
5.157757
4.1509815
13.701698
9.6800254
7.151918
5.2080645
4.1930823
13.311574
9.635403
7.1052783
5.1844966
4.174175
187.16902
174.55133
108.8651
34.910026
13.93458
179.56944
160.48225
95.758328
30.829287
13.655807
164.55881
137.74415
77.51002
25.828035
13.105512
145.21471
114.15737
61.423037
21.921291
12.392332
130.15841
98.571108
52.02243
19.741967
11.798984
-10.009995
-8.034727
-19.244821
-33.172478
-49.382428
-11.178687
-8.5851058
-21.955397
-35.327096
-49.160021
-11.318274
-10.156834
-25.860939
-37.833451
-52.137405
-10.809803
-11.413837
-29.353938
-39.470429
-53.200397
-11.55381
-11.923823
-31.247834
-40.337179
-52.080512
-11.855565
-12.36583
-32.016289
-40.460791
-51.938438
-11.245097
-13.023888
-32.027148
-39.448483
-51.646148
-10.860378
-12.781657
-30.944726
-37.635141
-50.930022
-10.255926
-11.214851
-29.540951
-35.764938
-48.866614
-9.3511995
-9.9090112
-28.423783
-34.776418
-46.341487
5.2686262
2.7042394
9.2643475
11.440004
-11.262409
5.7228318
3.2706889
10.183149
12.822399
-11.99517
5.3743202
3.6552181
11.539077
14.960636
-12.569644
6.3891334
3.427257
12.600952
18.184757
-14.31069
6.5218551
4.12541
13.283747
20.817287
-12.335466
-32.514311
2.0187794
24.768189
19.056567
8.6708471
-37.857026
-1.9381203
26.631211
24.585907
15.831465
-44.320271
-7.4418832
28.336809
32.756258
26.494496
-57.065247
-16.058356
30.47325
41.35892
37.9467
-68.039227
-24.821833
31.609971
48.588715
45.639352
-73.871064
-29.956851
31.084271
53.424083
49.587951
-85.309271
-42.820439
29.75346
63.96068
58.897622
-85.453152
-57.609526
23.513568
80.055178
74.623125
-66.443805
-57.286707
15.487833
94.010467
94.685051
-45.170533
-46.397196
12.008988
100.78928
108.84736
-51.75296
-49.894087
-64.904786
-84.649495
-84.149484
-50.215117
-49.513425
-64.003025
-83.009717
-87.515489
-48.373594
-50.117405
-63.216857
-75.876909
-78.512992
-47.604749
-50.698449
-56.440301
-60.664254
-59.028518
-47.379705
-49.272059
-46.942847
-45.473505
-43.188605
102.78158
123.23435
150.35727
153.67346
135.80896
108.76259
126.4207
148.18303
142.98823
120.4838
117.16843
131.12853
140.37562
123.15936
97.952147
122.37597
131.49191
126.90192
101.3791
77.230138
123.38158
127.79237
115.04643
86.821478
64.936345
122.66636
124.3996
108.47236
79.751506
59.313244
119.44783
115.69111
95.043528
67.030329
49.686515
109.49591
99.222738
75.805884
51.604185
38.488645
94.70191
81.133005
58.954099
39.816962
30.030774
83.134972
69.250164
49.368674
33.519339
25.440111
54.376675
67.385923
86.581344
106.96626
118.9149
61.261658
74.668276
92.173607
110.00984
118.75544
72.850236
85.563226
100.88337
111.37712
112.32251
87.21619
96.477583
106.77005
107.09981
99.81952
98.14433
103.79486
107.75472
100.54437
89.169007
50.301672
35.866363
20.332962
10.636294
7.5138096
42.257334
30.378378
17.595254
9.5446241
6.8568782
32.905745
23.93175
14.271253
8.1123167
5.9533368
25.762456
18.959294
11.615403
6.8755071
5.1433514
21.866187
16.241176
10.132146
6.1510258
4.6588607
-8.8536944
-9.1933212
-27.975786
-34.239713
-45.372317
-6.4480309
-7.8427319
-26.574569
-31.6239
-41.44809
-0.41683234
-5.298766
-21.748995
-24.820073
-31.39137
5.8353996
-0.7182649
-13.418185
-14.340566
-19.794849
10.07777
3.7212075
-6.3929165
-6.3748117
-11.561288
12.814221
6.0851964
-2.4875878
-2.5814758
-7.3059971
17.741931
12.352309
4.7391181
5.0520411
2.7195833
24.897424
22.482661
16.690414
19.364703
20.821129
32.120051
32.098509
31.735264
39.524404
43.549847
36.611221
39.044143
42.988284
54.75272
60.63701
8.4559479
11.668658
18.350132
34.385999
15.52969
8.8578716
13.249665
20.733555
35.610091
19.485603
9.5327179
14.38968
24.223185
38.094123
24.967226
10.496513
16.931524
27.025393
40.46107
31.906564
10.689851
19.206194
28.171356
40.933565
39.637508
-34.717661
-38.045974
11.871227
103.30379
116.38361
-12.19736
-20.996542
14.119327
106.01749
131.82814
19.456459
13.522558
27.644315
104.25703
151.97595
44.462503
58.934262
61.352747
97.463572
165.99816
61.647856
88.896967
95.640724
97.28045
164.17385
72.007009
102.14606
113.84107
99.265358
162.00875
93.233285
123.58237
144.74703
110.98944
142.77021
123.16525
149.18447
174.19028
140.74692
133.44391
144.20764
172.08767
186.82568
164.32463
149.18704
155.90513
183.074
190.02116
173.20423
127.65662
-7.7843284
-4.6731847
10.523467
39.654452
61.863453
2.2984107
7.3827283
27.012725
58.699893
84.295965
23.236665
31.939963
54.990557
86.400236
110.2481
47.519547
58.921865
81.96201
112.15229
134.03332
64.276595
76.66861
99.853544
127.5473
150.5539
77.199414
63.600002
45.081348
30.71581
23.375635
66.168673
53.705648
37.930519
26.057933
19.920602
52.337396
42.116432
29.833979
20.740629
15.965804
41.55557
33.514546
23.91351
16.816596
13.057682
35.799356
29.010187
20.815336
14.750564
11.521513
33.323366
27.046519
19.442132
13.830595
10.849794
29.182381
23.789245
17.204518
12.360132
9.7766629
24.584223
20.235031
14.796353
10.768667
8.6077148
21.389347
17.747139
13.115647
9.6665628
7.8616902
19.726206
16.360593
12.293623
9.2248575
7.6279218
166.35848
110.71431
68.420331
48.149401
36.976594
165.46748
104.29072
59.388911
42.213439
32.269711
150.2524
87.369119
49.315705
34.802654
27.373184
113.06347
69.272714
41.129148
29.596047
23.753228
79.748312
58.141114
36.686198
27.058446
21.721125
9.5719964
7.4949045
5.1909165
3.6093757
2.9194046
8.6657808
6.8516273
4.8303496
3.4353323
2.8174652
7.6834028
6.1658335
4.4828694
3.3172335
2.7855288
7.0748864
5.8011306
4.3763459
3.3665599
2.8895216
6.9173002
5.749015
4.4195524
3.4741399
3.0278653
38.992038
42.742719
48.875924
61.893511
68.535006
42.761734
49.336793
59.66133
75.268181
84.084136
45.539112
57.370957
72.592666
92.094175
103.82677
47.173298
61.878941
80.989878
103.87021
116.82149
48.269748
62.609948
83.307509
108.3221
122.23573
47.819322
61.936447
81.641134
105.78691
121.76578
45.797324
60.54176
82.510734
107.12747
123.71641
39.080432
53.33011
71.910695
85.846918
94.906097
21.214018
28.75385
37.56098
44.247592
50.200071
12.31473
13.713421
16.867974
21.286776
20.629427
11.443458
22.725682
33.490997
43.178061
48.606879
9.9213929
22.315794
32.253659
39.937566
47.656916
8.8246093
18.330743
26.507615
31.381066
39.183646
7.3402002
10.457636
15.554823
17.066539
19.173469
6.5297671
8.2539239
9.9292402
10.885839
11.964769
164.29488
187.40772
191.17526
177.39733
131.4685
173.78286
196.24191
191.74013
180.44956
90.348399
189.43566
198.95576
199.37162
177.48652
139.14115
196.02793
205.28264
188.75134
186.88246
137.47708
191.20177
200.04683
189.39317
150.72311
57.278129
186.90011
189.84232
190.25137
120.63828
7.664686
188.16973
174.4911
196.02118
167.6716
88.876175
121.86411
136.44896
132.33165
101.77278
92.162326
74.110609
87.535299
117.61712
53.884707
16.203773
36.855086
16.179365
17.80776
24.440223
3.2363958
126.81708
146.62481
176.63202
181.45804
184.87081
130.62607
135.54666
145.55777
168.92139
184.3127
97.535502
115.55167
156.91813
142.49493
124.92341
49.670173
53.63402
75.105223
79.668716
71.157037
12.12326
-1.098157
-14.170919
11.954566
33.055317
19.0201
15.8649
12.110131
9.1331621
7.5857837
18.034766
15.275425
11.791682
8.9436998
7.5046231
16.940402
14.682958
11.494504
8.9536069
7.6920815
16.151743
14.575828
11.797338
9.5657545
8.4221532
16.420106
15.219335
12.623192
10.333644
9.1729654
17.144191
15.553196
13.141188
10.787318
9.7642538
18.005545
16.904041
14.419605
12.095683
10.960057
20.487368
19.051636
16.808748
14.193412
13.138209
21.176604
21.163153
19.794442
17.349565
16.747333
21.889839
24.142379
23.090931
21.163445
20.080148
6.5848672
25.277505
32.804113
17.430892
17.936521
54.5791
48.588981
30.064776
21.108893
20.369668
68.852914
42.369436
38.119218
20.183494
18.657179
25.072272
28.108586
26.5523
20.527464
21.418721
8.8005987
14.283073
13.899455
18.86842
15.807646
9.2072099
8.354671
7.36146
6.6314607
6.2784571
10.377776
9.4910337
8.5148486
7.8309403
7.5045538
12.593087
11.788652
10.914656
10.277066
9.9429863
16.122632
15.371284
14.473171
13.759537
13.416985
19.559809
18.664372
17.690344
16.980645
16.625931
