FiniteElementSpace
FiniteElementCollection: L2_2D_P4
VDim: 2
Ordering: 0

-0.34558664
-0.058462162
0.28793683
-0.45476298
-1.4409625
-0.35081729
-0.17722
0.19745057
-0.52876248
-1.5170202
-0.26188351
-0.09237832
0.2269951
-0.39767889
-1.626623
-0.1958026
-0.0094272207
0.22558798
-0.31615927
-1.5307261
-0.31980841
0.190619
0.25649346
-0.23877442
-1.2625124
0.37826234
1.3053469
2.4222954
0.29356154
-4.9480013
0.58700784
1.3644925
2.2404802
0.17603326
-5.9160183
0.68384803
1.3552524
2.142352
0.042634399
-6.7374035
0.4388276
1.3846499
2.1718056
-0.26680552
-7.3675013
0.18929726
1.4773331
2.2159254
-0.46384677
-7.3998501
-66.733758
-64.139573
-60.5123
-56.903223
-54.289015
-67.446506
-64.845146
-61.177787
-57.362398
-54.586021
-68.019564
-65.408479
-61.586826
-57.606592
-54.740967
-68.514852
-65.844984
-61.914249
-57.852197
-54.907641
-68.937738
-66.31533
-62.507925
-58.356642
-55.251873
-0.43895129
-0.010101678
0.35597646
-0.36825318
-0.90206284
-0.25875348
-0.0350783
0.25771291
-0.31284072
-1.2123067
-0.23092409
-0.11273293
0.20482722
-0.25967384
-1.3626416
-0.35881327
-0.15546503
0.26785853
-0.45367199
-1.2191324
-0.42289115
-0.071345901
0.26809296
-0.44626898
-1.0451405
0.47847101
1.7411241
1.9268797
-1.0967631
-7.9065154
0.78904754
1.4700992
2.0504421
-1.1013397
-8.267191
1.0443221
1.2431364
2.2543274
-0.86825736
-8.077917
0.87216125
1.373154
2.3786451
-0.74490569
-7.8491276
0.5663695
1.5930417
2.4335509
-0.58559615
-7.3573888
-55.89447
-52.083095
-47.090643
-42.40694
-39.173371
-52.827117
-48.817045
-43.286049
-38.100256
-34.539976
-49.521994
-45.65131
-39.89571
-34.181253
-30.236946
-47.563825
-43.90276
-38.350575
-32.467034
-28.298553
-47.182425
-43.572729
-38.189037
-32.515232
-28.409217
-0.3148794
0.055860408
0.24392513
-0.47038477
-1.4070045
-0.15841586
0.065939311
0.16787882
-0.54820764
-1.7454439
-0.21658586
-0.085368796
0.18337903
-0.53507522
-1.6501797
-0.33029276
-0.054407511
0.16638253
-0.66691171
-1.5374089
-0.24765817
-0.0055440985
0.16730087
-0.7515757
-1.81227
0.39311365
1.4927764
2.7488011
0.58966213
-4.4711136
0.36328096
1.4706257
2.7559345
0.65209911
-4.0767117
0.23986828
1.604609
2.7194122
0.76412294
-3.6616922
0.14826608
1.7021575
2.7134243
0.98388694
-3.2570256
0.20461361
1.6206622
2.7715742
1.3412026
-2.4236255
-48.495363
-45.207129
-40.544842
-35.682552
-32.224727
-48.8558
-45.679788
-41.172411
-36.663783
-33.437584
-48.867781
-45.752479
-41.551833
-37.352947
-34.364639
-47.822706
-44.449108
-40.04126
-35.912967
-33.133501
-46.66457
-43.175081
-38.672323
-34.603414
-31.811606
-11.82831
-8.5147958
-3.699807
1.0679653
4.2904504
-13.633408
-10.315576
-5.5096446
-0.75626677
2.4702768
-16.365276
-13.245122
-8.6225138
-3.956805
-0.75321162
-17.382336
-14.681101
-10.620787
-6.4232807
-3.4665948
-16.939179
-14.488826
-10.817894
-7.0159153
-4.3061342
-0.15419865
0.015877239
0.11526816
-0.93841893
-1.5625701
-0.19430478
0.12243731
0.026110284
-0.73657495
-1.2907068
-0.066024596
-0.0017811484
0.11236142
-0.7080304
-1.8537928
-0.084684225
-0.027185124
0.13234097
-0.53177563
-1.4201166
-0.27385607
0.15624493
-0.06857207
-0.7467184
-1.1915239
0.41861265
1.4209203
3.0289336
2.9535916
0.51469828
0.40921859
1.3913044
3.1551078
3.0727365
1.0524916
0.35873073
1.3854948
3.2362285
3.2515321
1.5319478
0.45534764
1.484346
3.1139375
3.4314376
2.0503466
0.73446699
1.6370137
2.9724316
3.4212464
2.2887637
-31.35817
-27.424576
-22.920634
-18.856036
-16.115405
-29.871615
-26.198869
-21.796261
-17.760158
-15.063676
-29.789763
-26.326429
-21.757008
-17.557464
-14.793355
-30.678563
-27.391836
-23.027312
-18.96356
-16.217592
-31.473072
-28.368501
-24.473425
-20.869464
-18.321999
-6.0263003
-5.105515
-3.5099429
-1.4842582
0.076107045
-2.8490607
-2.0574826
-1.3640202
-0.51632011
0.49333714
-0.30806759
1.1671461
2.4088764
2.9359587
3.1629171
-0.20261974
2.2031838
5.0131566
6.6473594
6.9766294
-1.087246
1.6439471
5.2451379
7.8630519
8.9132716
-0.15064715
0.072933839
-0.046225723
-0.57381049
-0.48954549
0.0015117594
0.084625913
-0.044813613
-0.86682156
-0.62835894
-0.0071917481
0.34917424
-0.47907644
-1.5349053
-0.33664956
0.043743291
-0.12381238
-0.38873872
-0.17634289
1.043051
0.094296785
-0.42043387
-0.068167987
0.76319182
1.473595
-0.19262629
1.5590961
2.7976524
3.0878607
2.6286277
-0.19062269
1.5682737
2.7431805
2.7970837
2.4230681
-0.33390808
1.4663196
2.6961943
2.5258403
2.005673
-0.56147507
1.1926283
2.5667103
2.4740322
1.6888871
-0.75057419
0.88502504
2.3457362
2.5090265
1.614788
-36.914111
-34.476354
-31.618285
-28.719217
-26.586611
-37.454921
-35.234699
-32.173999
-29.086831
-27.036585
-37.875401
-35.063061
-31.133256
-28.258618
-26.762927
-37.238747
-33.07856
-29.032793
-26.837536
-25.706715
-36.238719
-31.760372
-28.277707
-26.290675
-25.108062
-13.1039
-10.140345
-5.3464682
-0.15884209
3.5931657
-14.783074
-12.078653
-7.5913052
-2.5112096
1.2514319
-16.707093
-14.354208
-10.351366
-5.6695631
-2.0999082
-17.724455
-15.774267
-12.290534
-8.1534377
-4.9561499
-17.933174
-16.26641
-13.21725
-9.4203901
-6.4244467
-1.3701622
1.9225321
-0.42184012
-0.23405724
1.2148399
0.025403656
0.76295099
-0.12149629
0.10675115
-0.19213709
0.20718032
0.23541893
0.12735469
0.054374082
-0.76634077
0.13225809
0.081633702
0.10896154
0.36462641
-0.48586864
0.16034917
-0.069830633
0.079012062
0.48230535
-0.36526977
-1.9647556
-0.52901894
1.181379
2.1672266
2.3987808
-2.3394243
-0.90526269
0.89287363
2.0776373
2.642681
-2.6121264
-1.5047635
0.17413636
1.5448598
2.3408297
-2.6000834
-1.7526528
-0.31594521
0.77189846
1.3389772
-2.907275
-1.8127588
-0.042019264
1.2418838
2.287178
-33.856774
-32.655715
-30.68901
-29.628684
-28.03212
-29.881098
-26.71771
-26.049279
-26.434508
-25.91553
-26.054854
-22.661712
-20.097629
-20.248046
-20.766406
-23.521529
-21.083929
-16.957158
-15.712634
-15.021
-19.166804
-16.516775
-15.615973
-13.540798
-11.986063
-15.921363
-14.376334
-12.519397
-10.292956
-8.4415948
-14.504474
-13.072119
-11.001809
-8.8415277
-7.1700195
-12.011564
-9.5703403
-7.081434
-5.4616781
-4.3521768
-9.0060511
-6.3688884
-3.2389261
-0.90799967
0.13307087
-6.7202564
-4.929068
-1.1629101
2.7176067
4.2792078
0.099547056
-2.8599922
-2.6325994
0.1118188
-0.50871368
0.011873452
-2.7033221
-2.5269018
0.31195604
-0.63384074
0.082313309
-2.5581428
-2.4640191
0.4728179
-0.44256128
-0.14786499
-2.4343238
-2.4849868
0.38143332
-0.066694005
-0.22502404
-2.4158746
-2.3897618
0.3409072
0.088336517
-0.25898689
0.00065770734
0.17196752
-0.75607968
-1.760382
-0.31579581
-0.079159243
0.16922105
-0.67973874
-1.4957338
-0.22062589
-0.074325926
0.18672073
-0.53925038
-1.6416787
-0.15992024
0.040887519
0.16438589
-0.56473231
-1.7972714
-0.30762309
0.12743313
0.26819321
-0.46221455
-1.5752909
-0.16097078
-2.419443
-2.3355672
0.39730505
0.082386394
-0.23307099
-2.354953
-2.3161438
0.33103072
0.010952935
-0.29728754
-2.2911888
-2.2316599
0.28193357
-0.022111999
-0.38199314
-2.1672063
-2.2940731
0.32971777
-0.088271921
-0.48294165
-2.0106754
-2.3132029
0.40600832
-0.12857776
-0.58955403
-2.0265168
-2.2440712
0.37951918
-0.13760925
-0.47262994
-2.1081704
-2.1545384
0.2650985
-0.15734545
-0.40261966
-2.1091138
-2.0749285
0.16271004
-0.16678598
-0.4989643
-2.0754986
-2.1346601
0.23400466
-0.24291274
-0.61871484
-1.9587091
-2.2397139
0.40827468
-0.24358888
-0.41776211
-0.039288848
0.32879182
-0.41127209
-1.201722
-0.33764522
-0.20914198
0.25445759
-0.42148928
-1.3213274
-0.22785111
-0.093252604
0.20524621
-0.24123756
-1.407209
-0.26617782
-0.068026514
0.25682126
-0.29200235
-1.2676053
-0.39432667
-0.013741974
0.30762517
-0.33038952
-1.0217811
-10.076685
-19.427962
-34.439348
-52.451995
-64.77372
-11.783742
-21.201008
-36.370204
-53.895072
-65.63487
-13.152125
-22.419292
-37.077902
-54.208964
-66.196407
-13.795023
-22.656147
-36.613042
-54.00761
-66.754001
-13.430634
-22.112273
-36.046644
-53.845562
-67.123782
-13.438203
-22.328839
-36.50895
-54.38122
-67.15757
-13.740394
-22.955037
-37.920791
-55.47776
-66.989548
-13.760262
-22.952887
-37.636371
-54.232822
-64.900803
-14.189926
-23.16235
-36.186049
-50.971233
-60.772134
-13.98562
-22.82365
-34.661641
-48.023186
-57.123628
0.17713461
1.4695511
2.2819616
-0.5466137
-7.4780961
0.25661992
1.4467201
2.3915143
-0.82306249
-8.0419303
0.41147535
1.4833591
2.3391822
-1.1365541
-8.3077194
0.46629161
1.6633774
2.1065815
-1.2215461
-8.2895394
0.41634806
1.7837115
1.9333464
-1.0856556
-7.85003
-68.909652
-66.202508
-62.086905
-57.786878
-54.664237
-68.468009
-65.596795
-61.168354
-56.530549
-53.284969
-66.197913
-63.113354
-58.438226
-53.732751
-50.463929
-61.625107
-58.27616
-53.435785
-48.738925
-45.458127
-57.701421
-54.091647
-49.266275
-44.662112
-41.478659
-0.65062961
-1.9671484
-2.2221806
0.39064129
-0.16427281
-0.47202597
-2.1005463
-2.1575419
0.16070074
0.11777026
-0.39332042
-2.1446237
-2.1102894
-0.031447092
0.42649693
-0.56912034
-2.0902022
-2.1877654
0.019646765
0.37635985
-0.71497071
-1.9858686
-2.2860651
0.14162067
0.1352726
-0.64413968
-1.964997
-2.3325717
0.1743487
-0.0064477858
-0.45841628
-2.1302246
-2.2429228
0.11885578
-0.22086484
-0.29463599
-2.2964868
-2.0939104
-0.01088828
-0.33644813
-0.33443389
-2.326057
-2.1802191
-0.024732865
-0.36552848
-0.26235763
-2.3868453
-2.2414964
0.049518
-0.29286541
-0.33706944
0.11229665
0.24875728
-0.23477585
-1.1985406
-0.17857193
0.062411489
0.23158653
-0.29591529
-1.5573756
-0.26388307
-0.11754109
0.21604258
-0.42656857
-1.4787147
-0.36074695
-0.131994
0.21025868
-0.54697585
-1.4443868
-0.33471605
-0.06637236
0.26331328
-0.45282624
-1.3824004
-13.992788
-22.716763
-34.168526
-46.893718
-55.480361
-14.161758
-22.641631
-33.768223
-45.433088
-52.711478
-13.670926
-21.912858
-32.881583
-43.608744
-49.595948
-13.44785
-21.447284
-32.0055
-42.299463
-47.801222
-12.965628
-20.690999
-30.788818
-41.117858
-47.252298
-12.7737
-20.339397
-30.380088
-40.656313
-47.074605
-12.76628
-20.409013
-30.676786
-40.693609
-46.551533
-12.231139
-20.072039
-31.052286
-41.182202
-46.881701
-11.221408
-19.301965
-30.979044
-41.770256
-47.938663
-9.6494192
-17.922747
-29.981748
-41.571289
-48.260709
0.43066455
1.6543447
2.4583985
-0.51158475
-7.2628118
0.37696905
1.6445309
2.5085902
-0.45715204
-7.3312767
0.48010154
1.6088239
2.5922972
-0.16124667
-6.924226
0.44664861
1.5777227
2.6549458
0.13490529
-6.1372416
0.34280221
1.5563826
2.7139747
0.44197118
-4.9688754
-37.569128
-34.548223
-30.35211
-26.420531
-23.835964
-32.78532
-29.520055
-24.972284
-20.744024
-18.0408
-28.273631
-24.605489
-19.494301
-14.71572
-11.633041
-26.210311
-22.300064
-16.837168
-11.673242
-8.2596781
-26.314317
-22.374041
-16.878135
-11.709195
-8.3331641
-26.773692
-22.875794
-17.392977
-12.182599
-8.7384989
-26.421221
-22.567579
-17.083473
-11.836842
-8.3527723
-26.978677
-23.159964
-17.663638
-12.330169
-8.7693181
-28.896314
-25.193555
-19.793533
-14.444139
-10.798578
-30.281794
-26.744865
-21.581609
-16.438612
-12.89257
-47.016647
-43.463447
-38.309272
-32.841362
-28.824857
-46.503474
-42.942165
-37.72286
-32.336506
-28.436521
-47.034968
-43.470487
-38.255715
-32.855495
-28.970277
-48.248713
-44.724373
-39.714355
-34.546632
-30.811363
-48.665478
-45.349776
-40.594438
-35.678693
-32.113344
-0.29673611
-2.3772838
-2.2788177
-0.054774083
-0.20181104
-0.26126985
-2.341775
-2.4241377
-0.10125246
-0.17793766
-0.012847538
-2.4425117
-2.5533894
0.052067979
-0.27142857
-0.027799052
-2.6023464
-2.6739162
0.097947679
-0.32408004
0.1157042
-2.7523922
-2.7697023
0.012569608
-0.25595869
0.14545867
-2.7788778
-2.7904533
-0.13574204
-0.25259925
-0.10448849
-2.8608942
-2.8116939
-0.30937958
-0.31112434
-0.19259689
-3.0423236
-2.9130679
-0.60969797
-0.23695269
-0.4056751
-3.0235366
-2.99701
-0.98181884
-0.23232852
-0.53725501
-2.9417119
-3.1532803
-1.1848841
-0.35482022
-0.25457051
0.02679672
0.16691244
-0.65861139
-1.5620299
-0.17535291
0.051600427
0.12723854
-0.67766645
-1.4932802
-0.15738507
-0.013026069
0.11199886
-0.77496362
-1.6559788
-0.24936521
0.0057077104
0.12103084
-0.76808984
-1.4929674
-0.1175765
-0.053645722
0.18471885
-0.96833157
-1.8675971
-8.9261772
-17.377137
-29.643992
-41.439962
-48.087373
-8.3782267
-17.140887
-29.515898
-41.064141
-47.979454
-7.9320996
-16.439809
-28.573975
-40.427255
-47.912151
-7.3558472
-15.300729
-27.163894
-39.4358
-47.024217
-5.9881155
-13.608917
-25.622643
-38.16148
-45.621689
-5.3821324
-12.87709
-24.780381
-37.337526
-44.85068
-4.9857112
-12.130945
-23.88766
-35.889998
-42.404217
-4.0541305
-11.220159
-22.922231
-32.817931
-37.798983
-3.0527256
-10.261251
-21.420195
-29.455501
-33.666939
-2.160583
-8.9271328
-19.556313
-27.34073
-31.566517
0.30299139
1.5045183
2.8062677
1.6138192
-1.9363971
0.27555053
1.4373239
2.825353
1.9997827
-1.5563748
0.40616797
1.3388127
2.9663029
2.2999381
-1.1845748
0.57505255
1.2887744
3.0710908
2.5587618
-0.6459649
0.51279357
1.3810667
3.0435199
2.8268231
0.034461123
-30.477569
-27.056176
-22.019422
-16.983984
-13.551034
-31.755925
-28.476541
-23.622929
-18.737352
-15.356116
-32.850627
-29.881692
-25.501536
-21.069966
-17.96356
-31.758695
-29.129499
-25.308289
-21.455906
-18.760889
-30.395923
-27.817619
-24.177998
-20.629721
-18.187369
-29.690182
-27.058176
-23.393476
-19.891222
-17.519735
-27.198732
-24.563399
-20.967192
-17.622477
-15.422514
-22.453175
-20.177594
-17.112923
-14.242115
-12.314786
-18.459634
-16.481753
-13.888038
-11.454744
-9.8070766
-16.158378
-14.068187
-11.509083
-9.2993932
-7.9462545
-45.708808
-42.444358
-38.225947
-33.999639
-31.057494
-42.641566
-39.409309
-35.519692
-31.506868
-28.614314
-38.637728
-34.849064
-30.349875
-26.367735
-23.723835
-34.949626
-30.893245
-26.09859
-22.053156
-19.581697
-32.559674
-28.815643
-24.276762
-20.111327
-17.402237
5.8933242
8.8781308
12.893792
16.479688
18.700562
4.0896698
7.169378
11.435645
15.341933
17.78863
0.87051761
4.0231338
8.5483072
12.890588
15.708782
-1.94437
1.0327408
5.4140899
9.8199238
12.823817
-2.8998017
-0.17237846
3.8357427
7.9256175
10.810427
-16.322216
-14.024793
-10.597173
-7.0180576
-4.4589995
-14.333785
-12.269377
-9.2518694
-6.1387947
-3.904458
-11.344993
-9.4909924
-6.7990277
-4.0779228
-2.1558793
-8.9765556
-7.353475
-4.9395527
-2.4641824
-0.7212526
-7.3126277
-6.0406855
-3.9975334
-1.7203342
-0.070201839
-0.24758674
-3.0047853
-3.2607515
-1.3256669
-0.38648292
-0.31871269
-2.9472269
-3.5038068
-1.6813695
-0.45805671
-0.59293909
-2.8045165
-3.9150908
-1.8815895
-0.3521897
-0.30961809
-2.8663951
-4.1988546
-2.1938548
-0.21507698
-0.24612825
-2.9272005
-4.3386835
-2.5983165
-0.26523652
-0.39478984
-2.7792014
-4.4878098
-2.8713421
-0.45456843
-0.27831905
-2.6327458
-4.7080523
-3.2193068
-0.71277429
-0.17432162
-2.5858084
-5.0361227
-3.247934
-0.80776301
-0.1305528
-2.4442229
-5.3879403
-3.0501084
-0.79016092
0.021160351
-2.5168831
-5.5486989
-2.945303
-0.76131449
-0.062343623
0.048010291
0.02242753
-0.9585536
-1.847361
-0.028685113
0.058262072
0.084713201
-0.87153105
-1.5620151
-0.17345837
0.17988414
-0.093249049
-0.77504399
-0.87806205
0.025826367
-0.034869674
0.017899382
-0.52466402
-1.0641436
-0.057892681
0.1111991
-0.067874851
-0.73409665
-1.008013
-1.5575945
-8.1831149
-18.722789
-26.62206
-30.809746
-0.79015187
-7.548838
-17.939003
-25.695037
-29.363082
-0.14088298
-6.8789153
-16.983006
-24.576178
-28.562914
0.52011611
-5.8957195
-15.989254
-24.065552
-28.947133
1.009708
-4.9483894
-14.909335
-23.675577
-29.548353
1.210265
-4.4539032
-14.376948
-23.484085
-29.728236
1.4391398
-3.9100883
-13.571404
-23.192824
-30.382443
1.4957411
-3.5366575
-12.555453
-22.799573
-31.713565
1.6708401
-3.1088517
-11.762332
-22.513748
-32.54896
1.8509785
-2.5941018
-11.050357
-22.223619
-33.019625
0.84251309
1.7319054
2.8974467
3.3795607
2.313884
0.78420235
1.9670955
2.9647125
3.2679358
2.3901428
0.47282072
2.0426973
3.1833249
3.2337593
2.3996152
0.055005888
1.805498
3.126744
3.2840965
2.5553639
-0.17861188
1.6205192
2.8838953
3.2085016
2.6805355
-14.807422
-12.541242
-9.7931218
-7.6802717
-6.5302581
-13.689021
-11.15012
-7.753735
-4.9225367
-3.4366606
-13.403291
-10.761375
-6.9993182
-3.4396837
-1.2699793
-14.82119
-12.101641
-8.1446087
-4.1900408
-1.5217168
-16.9259
-14.016784
-9.6340549
-5.3415929
-2.500988
-18.2732
-15.420763
-10.938719
-6.291232
-3.2009738
-20.331613
-17.605474
-13.356224
-8.756949
-5.4683829
-22.471931
-20.038276
-16.219031
-12.039283
-8.9393018
-24.296863
-22.107475
-18.613961
-14.735816
-11.856874
-25.270907
-23.13716
-19.889615
-16.269726
-13.543039
-31.843163
-29.045287
-25.596019
-22.20761
-19.663646
-33.16576
-30.765107
-27.507619
-24.127365
-21.659971
-35.005367
-32.5778
-29.23645
-25.973303
-23.675649
-36.256217
-33.786507
-30.447339
-27.371949
-25.339489
-36.800343
-34.221314
-31.132631
-28.327752
-26.349163
-1.7026128
1.1111783
4.8772121
7.9940523
9.5795564
-3.775382
-0.50426672
3.9882152
7.9038969
10.097879
-7.2747148
-3.8566022
1.2581496
6.1055639
9.0597421
-10.318063
-7.1404162
-2.0905637
3.2383647
6.8205838
-12.069921
-9.0461654
-4.2529568
1.0262042
4.8222869
0.10502298
-2.7370569
-5.5299417
-3.0106374
-0.78313459
0.13674425
-2.7685883
-5.5144458
-3.1757868
-0.8952489
0.25814761
-2.7598443
-5.4898656
-3.2256593
-1.1241862
0.32009797
-2.9448752
-5.4566124
-3.1894861
-1.3663196
0.30014771
-3.135145
-5.4302051
-3.2414797
-1.5781828
0.35388171
-3.040272
-5.4332908
-3.3265563
-1.7070352
-0.2959313
-3.3348085
-5.4495674
-3.4699506
-1.9066415
-1.5765806
-3.7510614
-5.3716239
-3.7363604
-2.14078
-1.9910423
-3.1767022
-5.0535255
-4.271139
-2.3560542
-0.84999843
-2.7867086
-4.8997068
-4.5180419
-2.5091109
0.16370293
0.28501457
0.0092604174
0.032225085
0.86461515
0.018034502
0.17936351
-0.29351703
0.02586523
0.864571
0.21084416
-0.80599805
-0.11430333
0.86138193
-0.19230101
0.61416349
-0.38573795
0.87315694
0.3106782
-2.1661771
-0.23651711
1.5028213
0.62524833
-0.50431403
0.012290502
1.9308755
-2.2603219
-10.589794
-21.867778
-33.067016
2.0003173
-1.780098
-9.8219032
-21.194016
-33.231166
1.7968931
-1.2641619
-8.9164359
-20.605443
-33.712494
1.4683723
-0.86313642
-8.0653301
-19.805735
-33.144698
1.3571008
-0.46960843
-7.3420439
-18.823455
-32.11054
1.3757623
-0.37493974
-6.9572919
-18.059288
-31.019883
1.468289
-0.52191597
-6.4295965
-16.760986
-29.736937
2.0083857
-0.12394693
-5.749691
-15.388285
-26.888217
2.5431842
0.22611998
-5.4528318
-15.125033
-27.220703
2.202839
0.47668417
-5.6172299
-18.029242
-31.259623
-0.85306344
0.69392144
2.1580642
2.5757772
1.6734433
-1.0619804
0.37195926
1.8965916
2.6550561
2.0329927
-1.2472668
0.041632542
1.5806669
2.4906032
2.3481909
-1.5548389
-0.21846826
1.3591153
2.2315103
2.4742603
-1.845043
-0.40152599
1.261353
2.1821465
2.5169599
-25.499657
-23.452939
-20.342338
-17.001556
-14.484281
-26.091254
-24.209897
-21.400437
-18.368287
-16.058253
-26.026173
-24.561985
-22.270033
-19.754931
-17.803666
-25.09462
-23.890457
-22.074542
-20.115509
-18.586932
-24.541971
-23.467236
-21.886027
-20.070402
-18.67439
-24.560933
-23.569968
-21.868086
-20.019392
-18.662877
-24.809373
-23.566294
-21.737531
-19.919405
-18.605804
-25.489907
-23.799877
-21.600262
-19.611909
-18.268906
-26.72705
-24.638805
-21.874262
-19.390251
-17.830828
-27.378428
-25.095826
-21.972066
-19.153317
-17.438147
-35.627399
-31.431878
-28.107664
-26.337271
-25.135353
-34.736094
-30.579582
-28.060704
-26.498765
-25.306127
-33.134888
-30.616017
-29.093284
-27.639814
-26.252243
-33.974168
-33.031614
-31.580574
-29.714327
-27.860156
-34.518217
-33.708642
-32.494493
-30.519771
-28.515995
-17.915791
-16.378447
-13.619855
-10.004449
-7.0305547
-17.885684
-16.365655
-13.876696
-10.794904
-8.1277614
-17.560564
-16.113256
-13.79509
-11.142737
-8.9680034
-17.069809
-15.633277
-13.416067
-10.92535
-8.9804639
-16.618263
-14.991458
-12.80911
-10.504785
-8.6712551
-0.1410482
-2.6888645
-4.9361693
-4.3863776
-2.699948
-0.59420993
-2.205503
-4.364882
-4.3355073
-3.0657884
-1.0867907
-1.8319647
-3.3810092
-3.9755068
-3.1888704
-0.71843353
-1.1585348
-2.5052055
-3.2486947
-2.8728512
-0.18938482
-0.6274297
-1.9621051
-2.5634399
-2.8842816
-0.21049153
-0.51414912
-1.8246478
-2.5564597
-2.7717108
0.077141625
0.029515167
-1.3152236
-2.5295281
-2.6262382
-0.24097153
-0.1556138
-0.48560908
-0.60241686
-0.32345344
-0.6445787
-0.7438752
-0.52791591
-0.061669085
0.89503404
0.41145868
0.36137408
0.46501465
1.0812853
1.0944756
-0.019081432
0.14506745
-0.0056948104
0.17180552
-0.41892227
0.063969739
0.48849645
0.12348934
0.33175459
-0.28842714
0.13731071
0.047743421
0.21368967
0.54156548
-0.19037768
-0.13164987
-0.10424433
0.13816982
0.041306146
-0.35845384
-0.031329773
0.18706968
0.29647073
0.48204576
0.35334414
2.004921
0.8140456
-5.6091477
-18.90557
-31.706902
2.7710699
1.3510432
-4.5416132
-15.016855
-27.933113
3.0157279
1.8132924
-3.1596249
-11.378281
-21.844143
1.8694566
1.7676114
-1.33356
-9.0285903
-18.567321
2.2958538
2.3910841
-0.65397073
-7.9001165
-18.885191
3.8375472
3.5063648
-0.75335862
-4.5751288
-10.300365
2.6726027
4.5915923
1.8944936
-4.2727026
-3.267744
0.41449689
-0.0052951633
4.400326
2.0366986
-0.60650078
-0.13267093
3.3326659
-1.1334254
-1.6199538
1.4843977
0.40711161
3.1993219
-0.36258126
-3.8552599
0.51462099
-3.0086943
-2.8636031
-0.051401965
2.2259246
2.6209712
-2.2186957
-0.56995564
-0.22362764
0.1868724
1.5401909
-0.31404323
-0.79199342
0.30283622
0.59803554
0.21747664
1.2464186
2.7659149
-0.85032153
-2.7281346
-0.70932425
1.1110609
2.8495875
-0.98222573
-3.2624716
-0.19408036
-26.939818
-24.952966
-21.802419
-18.88999
-16.990811
-25.394237
-23.968105
-21.143998
-17.725693
-15.40613
-20.667782
-20.410915
-18.63792
-15.51832
-13.075684
-15.355954
-15.373526
-14.695631
-12.831512
-10.549631
-12.12934
-11.965074
-11.564818
-9.8878046
-7.8130843
-9.2991735
-10.251698
-9.5279326
-5.553614
-5.3107962
-2.9181958
-4.2740437
-7.6034613
-9.8566392
-9.2595535
5.8111073
4.5927008
6.4225566
6.9363213
4.5626059
9.6886729
11.290041
6.3719877
4.0514561
7.795804
4.0750172
2.9962222
-2.0951187
-2.1956669
1.9343426
-12.656764
-10.003354
-8.0413199
-8.343125
-9.4630898
-1.7892903
-2.009755
-0.38570997
-0.3322651
-2.2853362
-6.4469052
-8.9603492
-3.1696443
4.0329331
5.7995338
-2.9540271
2.2046219
5.5110712
9.9113189
9.6244141
5.3806
1.747732
5.7143751
5.1951286
5.2245681
-6.0728819
-4.9972314
-1.2324304
3.4530721
5.6665491
-7.8284861
-5.0576536
-0.58325969
4.6298225
8.465062
2.8157223
1.698733
4.1800382
8.6991192
10.72326
10.186763
11.761483
11.712094
12.54356
15.805891
5.1460877
12.113902
15.995584
18.432122
13.390171
-0.09433889
-0.25886578
-0.1777057
-0.044524476
-0.40198754
0.32289066
0.78086758
0.62308363
0.20318355
-0.22029782
-0.29724668
0.064743259
0.31731249
-0.17226143
0.48538393
-1.2262125
-1.435684
-0.16291449
-0.54252092
0.48393837
-0.71225916
-2.2790967
-0.17713264
-0.48376895
0.10191546
1.6193725
1.532019
0.44530664
0.57202119
2.4001122
1.32121
1.2628562
0.37180731
0.57422218
2.5550618
1.0080683
0.7479089
0.32209716
0.56539517
2.1423464
0.66704238
0.36482962
0.33862831
0.54938345
1.6597447
0.63691656
0.25285205
0.3716926
0.57659308
1.1484132
51.106332
43.74309
35.568619
28.551839
23.668506
51.281984
43.623907
34.108869
25.471369
20.281295
51.748209
41.863828
30.035134
21.563761
17.090566
50.569269
38.659063
27.82479
18.67366
12.199149
50.360113
41.125723
27.671199
13.470328
6.1611349
0.53162077
1.015881
0.17203387
0.35137955
-0.30350307
1.4146515
3.2707137
0.42512718
1.120984
-0.29061788
-0.083304675
-0.22565816
0.070167737
0.20284675
0.33487216
-1.0804838
-2.1168553
-0.15412425
-0.98414602
0.38939086
-0.21199307
-0.56786517
-0.053441888
-0.44282625
0.15472371
0.62774825
0.062860883
-0.02697546
0.13584473
0.12799969
0.58511862
-0.21837922
-0.10834512
0.29755481
-0.19032185
-0.30266015
-0.54383174
-0.10307297
0.27540908
-0.55495291
-1.3674132
-0.80863176
-0.12444597
0.07492095
-0.99385341
-1.6507813
-0.95207947
-0.17617572
-0.12104579
-1.1475941
8.4945551
8.0760257
9.0830767
9.8673665
9.9572443
-8.8847583
9.0726873
5.7218383
7.6900105
9.2604597
-31.176553
-5.4175422
5.7361301
4.3980802
5.3617633
-39.322335
-22.781598
-3.0281682
4.3529264
4.0452144
-42.486205
-32.049892
-15.688803
-1.7003591
3.0480652
0.35558595
0.86245065
0.21411883
0.16336624
0.21076283
0.92967273
1.0188082
0.0069773415
0.16870872
-0.024536423
0.60744694
0.032825817
-0.12457517
0.39429709
0.28657858
0.1340742
-0.0046965397
-0.18115056
0.26282904
0.70087443
0.46505436
0.3423159
-0.018519788
0.21597462
0.63774991
-1.5080391
-1.213159
-0.44776867
-0.86986869
-2.28378
-1.8891842
-1.3577747
-0.54930575
-1.0178332
-2.3200274
-2.2915441
-1.5496409
-0.75227377
-1.092911
-2.2819177
-2.3437163
-1.7648152
-0.95784004
-1.0328671
-2.464228
-2.3443923
-1.9373356
-1.1108659
-0.83964946
-2.3366782
-43.760437
-36.223266
-27.026948
-19.812399
-15.605611
-42.677206
-35.703041
-27.149369
-19.807302
-15.238104
-39.197497
-32.613115
-24.943312
-18.316744
-14.052779
-35.111935
-28.704298
-21.120779
-14.61363
-10.512337
-33.241571
-26.927919
-18.752673
-12.148868
-8.0863006
4.924003
7.3545783
9.9030972
11.356295
12.032683
3.8572431
6.2025271
9.3045055
11.675466
12.812692
4.2075498
6.4548309
9.4957895
12.273707
13.90743
6.8353518
8.7695529
11.392819
13.874174
15.571004
9.2017643
11.152699
13.643551
15.785305
17.186879
0.89035946
0.37495165
0.039380218
0.94231697
1.6218938
0.80392562
0.71879972
-0.088649933
1.3189469
2.6858395
1.107734
0.32176086
0.10205
1.6600745
2.4403811
0.97919162
0.29900939
0.088223365
2.0165183
3.1104794
0.6022487
0.73373589
-0.10616457
1.8180577
3.7042687
-3.2235019
-2.4528448
-0.72473112
-0.16620929
-1.1383814
-2.9079051
-2.2713871
-0.61923781
0.02226879
-0.80197748
-2.4726706
-1.5605747
-0.15499309
0.33714065
-0.28928918
-2.0521965
-0.71852163
0.70322624
0.93262393
0.30156074
-1.7309789
-0.25653496
1.3319656
1.4804144
0.72078997
-32.098179
-28.252143
-23.048922
-17.926061
-14.292722
-34.972001
-31.301396
-25.9749
-20.818571
-17.294637
-39.00879
-35.406777
-30.301791
-25.227418
-21.67051
-42.265645
-38.808065
-34.230167
-29.786614
-26.632905
-43.500964
-40.11027
-35.559739
-31.259767
-28.390056
7.3944205
11.154124
16.170494
19.883267
21.809313
4.1109057
7.4740414
12.612482
17.61099
20.58606
0.37503507
3.7035717
8.2038675
13.012502
16.42382
-4.2282589
-0.19215259
4.9318714
9.3554121
12.299851
-7.9894677
-3.5081168
2.6900541
7.5346325
10.227296
0.59104634
0.50158272
0.35635616
1.913613
3.9093814
0.84066417
0.63770331
0.33082501
1.3697761
3.1137228
0.76172955
1.0450448
-0.16169181
0.50384554
2.5504573
0.71354344
0.23465634
0.041933687
2.0375189
3.6275176
0.81114547
-0.038680873
0.53402839
3.1303126
3.7118703
2.5596056
3.2171442
3.9093779
3.6358865
2.7529567
3.0169516
3.7063898
4.3229998
4.197749
3.1288991
3.7774717
4.3308668
4.5316229
4.6938556
3.8025416
4.280272
4.7250679
4.4351251
4.6951971
4.2189243
4.4964169
4.9308254
4.353094
4.5446794
4.4056005
-39.787594
-35.584243
-30.254007
-25.785596
-23.014187
-38.0876
-33.570736
-28.487529
-24.126645
-21.163033
-34.632886
-30.30779
-25.427335
-21.203415
-18.34473
-31.407737
-27.532498
-22.504592
-17.927036
-15.063452
-29.818528
-26.216253
-21.061981
-15.919871
-12.748571
-10.294964
-8.4148988
-5.7699969
-2.9203593
-0.58647538
-8.6412758
-6.7575073
-4.1555172
-1.6301551
0.19401109
-5.1870623
-3.6617036
-1.2557304
1.232609
2.8724199
-1.0361574
0.40566382
2.4252929
4.5996263
6.1925641
1.8080374
3.5648265
5.5829123
7.4080389
8.8209352
-0.36094452
3.3433626
0.5798921
1.9264684
4.4176382
1.1561054
1.9972735
0.82806588
1.9682905
2.96678
0.77811514
1.1351143
0.94787133
1.6022011
2.3651999
0.70465725
0.84751243
0.78220457
1.8987145
2.7328721
0.78486189
0.74725232
0.64708985
1.94209
2.794778
6.1055884
5.5448168
5.3326411
4.8534559
5.3306432
6.6360887
6.013233
5.4954799
4.9033465
4.7953272
7.3888845
6.7413299
6.1861639
5.5761751
4.643484
7.3929209
6.8975498
7.0507765
6.78555
6.1244172
6.6701443
6.5439998
7.1269255
7.2159633
7.0998347
-13.962336
-12.102448
-8.0936445
-4.2925945
-0.45454223
-11.453138
-6.8980262
-5.5579708
-3.6787503
-0.68750862
-0.38034547
3.9685232
5.2178516
2.7477792
3.3748775
11.537358
18.039167
10.43653
12.024216
12.936727
20.780623
18.968355
15.470681
23.603444
19.847851
23.102614
26.055108
29.437169
32.081573
33.529174
25.094314
28.958643
33.408082
36.676659
38.454275
25.940532
30.072276
36.169982
41.356996
44.15098
25.9937
29.494947
35.920502
42.635398
46.790914
26.928656
29.792432
35.143186
41.763457
46.442064
0.93245518
0.19260551
1.2100075
2.6692196
3.7092179
1.078375
0.0046462629
1.083327
2.440617
3.201428
1.1148394
-0.15543863
1.1103468
1.9198718
2.3485427
1.3589917
-0.17043095
1.1996018
1.4775033
1.6520523
1.2805252
-0.05358843
1.1203208
1.3110569
1.5158598
-0.4550842
-0.3755114
0.036475096
-0.23133897
-0.71352545
-0.18022285
0.095471573
0.19751212
-0.27430123
-0.71840897
-0.59524335
-0.042764186
0.098597414
-0.3926416
-0.31440145
-0.90147475
-0.97770778
-0.043097921
-0.097751369
-0.044823225
-0.36498874
-1.2433841
-0.38647526
-0.11651841
-0.20250324
1.1116859
-0.034793987
1.0632905
1.2813349
1.5150086
1.1216763
-0.13300717
0.98754026
1.3215249
1.345529
0.72030667
-0.096404964
0.84541095
1.2636441
1.2591737
0.1102605
-0.038840914
0.81428273
1.0301152
1.1576099
0.21315149
-0.11410276
0.76266663
0.91541402
0.78496219
0.47943797
-0.083477561
0.67625346
0.89126173
0.46642287
0.53276913
-0.032132547
0.51946489
0.73803408
0.15526356
0.24915654
-0.023697605
0.2790901
0.35797053
0.11091191
-0.12217299
0.057238806
0.079367626
-0.068905957
0.090700253
0.029607332
0.011787464
-0.0086409976
-0.2396473
-0.30092968
0.0091233595
0.12618148
-0.034601928
0.23295714
-0.017576993
0.95722391
2.553776
0.30417511
0.76332758
-0.1938258
0.025994578
-0.086070547
-0.064672161
-0.20609028
-0.18705337
-1.3329768
-2.5109575
-0.29776228
-0.97997456
0.11584146
-0.75066176
-2.2938905
0.00068428906
-0.56826044
0.12032793
4.2465096
5.679327
8.2731591
18.027458
41.195478
4.2604536
5.3480403
7.8998094
17.657225
41.639148
3.7055785
4.8129355
7.160883
15.954384
40.506036
3.1081279
4.3601358
6.5654768
13.345959
37.512868
2.6252162
3.8703219
6.021167
11.383439
34.987907
2.3562088
3.8077389
5.8289846
10.925546
36.065791
1.8951739
3.4431388
5.2167064
10.531001
34.877797
1.6334274
2.3016717
3.8281808
8.7928631
27.669702
1.1599883
1.0063961
2.3331398
5.8475121
19.905086
0.43827129
0.21973298
1.2906504
3.4732433
9.8926835
0.72904145
0.21061305
0.41147731
0.57267536
1.0334319
0.61149554
0.30159856
0.45126487
0.41825755
0.93234754
0.27287601
0.52265032
0.38073388
0.072120894
0.74238237
0.096402564
0.51008142
0.23447177
-0.14161727
0.55235615
0.33535564
0.27118039
0.077738485
-0.017414772
0.25239436
49.897537
38.562191
21.04802
8.2604677
4.6340409
47.134093
27.979332
9.2137891
4.3049065
5.9679587
43.778697
18.251604
7.7276335
10.615041
10.910291
29.626628
9.1161205
11.511731
12.123488
11.513107
10.570237
8.7952079
10.705476
11.381123
12.121701
0.27154696
-0.027208784
-0.036207071
-0.26192498
-0.70636863
0.26004421
-0.049370523
-0.054920335
-0.39541951
-1.1047833
-0.18870085
-0.078630138
-0.12972255
-0.62634834
-0.95900564
-0.62078592
-0.065885752
-0.31356554
-0.71333334
-0.51840051
-0.59993351
-0.0097706918
-0.46021406
-0.66118783
-0.51753875
-0.3429824
-0.0056262249
-0.52895399
-0.59102621
-0.72217218
-0.13569959
-0.089846503
-0.58883956
-0.61429278
-1.0425642
-0.55326335
0.021469335
-0.6604571
-1.01169
-1.2039632
-1.135713
0.20683313
-0.88160105
-1.4504567
-1.3690203
-1.1621111
0.13263251
-1.0022818
-1.6494335
-1.7298819
0.75287341
1.3728481
0.086003129
0.5429254
-0.2484985
1.4617954
1.8372068
0.15780669
0.82165787
-0.81528845
0.30073644
-0.16553419
-0.44878558
0.17815393
-0.44543115
-0.34311134
-0.61249099
-0.55572517
-0.25004443
0.23056218
0.1089814
0.20565942
0.12515707
0.089881389
0.34568664
-0.0036272474
0.11914684
1.0305719
2.3865384
3.8297738
-0.74311758
-0.52021396
0.087053555
0.11575622
-7.7334688
-1.3227993
-1.5509569
-1.4256956
-3.5759016
-19.196708
-1.8557583
-2.4434237
-3.0245874
-6.9396815
-27.963989
-2.3617654
-2.8073921
-3.9631938
-8.6643911
-30.276005
-2.5526966
-2.9005926
-4.369027
-9.6057869
-30.051819
-2.9741481
-3.447314
-5.0050214
-11.728263
-33.379098
-3.3505535
-3.959152
-5.6431248
-14.098365
-37.269216
-3.6656197
-4.4878045
-6.6381244
-15.34204
-37.332773
-3.6878662
-4.8167082
-7.1344671
-15.323088
-35.641233
-1.4658607
-1.0182696
-0.22360328
-0.25683119
-1.2269568
-1.2304983
-1.0115409
-0.29023458
-0.36730915
-1.6876474
-1.1923205
-0.96859835
-0.31769503
-0.46256545
-2.0456366
-1.29812
-1.0411146
-0.32926471
-0.65469144
-2.4042326
-1.4033712
-1.1465188
-0.39447033
-0.78245651
-2.3380219
10.476326
11.22149
12.737129
14.993099
16.861321
8.0287112
9.0461006
10.514452
12.527868
13.967878
6.262841
6.7419861
7.8965478
9.2863498
10.221407
4.3544708
5.1808532
6.1170857
7.2150069
8.0177467
3.1071172
3.8837454
4.9700148
5.9633422
6.7156698
2.8752536
3.2582546
4.1764682
5.4290335
6.1131702
-1.808671
2.0069595
3.799558
4.6541638
5.4150623
-7.0217172
-2.6604907
2.2808521
4.9705145
5.9321067
-10.321075
-6.2094797
-0.86293807
3.62715
5.9315992
-12.535403
-7.8258027
-2.6674146
1.8382968
4.7408189
-44.078665
-32.958059
-20.483082
-7.0335649
1.0009065
-44.689621
-31.678528
-19.986399
-11.218119
-5.0365094
-46.731147
-36.340222
-23.552267
-14.150751
-9.2279644
-45.990519
-38.113292
-28.195409
-18.82027
-12.892107
-44.232653
-36.409136
-27.933509
-20.542492
-15.27292
-1.2462283
0.14951156
-1.0365484
-1.7712786
-1.8943485
-1.4580731
0.38192282
-1.2240951
-1.9981059
-1.9060895
-1.2720461
0.38458482
-1.3143168
-2.2989741
-2.0987309
-1.1925465
0.12837604
-1.2610705
-2.5487324
-2.6983859
-0.96738145
-0.10330309
-1.2742788
-2.5809366
-3.3013468
-0.98027515
-0.097432998
-1.273221
-2.6180518
-3.444976
-1.2421534
-0.11672497
-1.1894917
-2.8051336
-3.6504783
-1.3155865
-0.12372989
-1.1590323
-3.0537165
-4.0180784
-1.3662168
0.2052988
-0.99089743
-3.4593067
-3.9456293
-1.2509498
0.48108474
-0.79822332
-3.6723518
-3.7829316
0.56279351
0.47715827
0.028671151
0.46887773
0.8917411
0.83844652
0.5802452
-0.067321207
0.60326491
1.0757061
0.83814881
0.30065639
-0.11363962
0.69514876
1.0300645
0.56004536
0.24254821
0.0015813409
0.84042311
1.3989402
0.90089947
0.12936252
0.17027023
0.81057361
1.1125375
-3.7009071
-5.0311363
-7.2634346
-15.3206
-35.512408
-3.9852972
-5.7993181
-7.7047295
-15.69392
-35.031677
-4.3047178
-6.6221587
-8.346198
-15.910412
-33.21748
-4.3916355
-7.1895083
-9.1592796
-15.345114
-30.723429
-3.8033746
-6.9941747
-9.6188959
-14.006174
-27.726622
-3.6929158
-6.7875566
-9.8818571
-13.903381
-25.924331
-3.6987612
-6.8564987
-10.819483
-14.732962
-24.251154
-3.2930546
-6.935539
-11.969665
-16.161174
-23.609601
-2.768151
-7.013879
-12.933352
-18.407393
-25.721059
-2.2429099
-6.4042617
-13.222123
-20.378366
-27.985726
-2.5389263
-2.044307
-1.1952795
-0.7661215
-2.0971852
-2.7086518
-2.2361887
-1.2718716
-0.6557221
-2.0071101
-2.854557
-2.3338743
-1.1596131
-0.54059695
-1.9528012
-3.2740253
-2.3595259
-0.9085102
-0.45538935
-1.65026
-3.4039832
-2.4071104
-0.77326018
-0.31382789
-1.2832655
-13.635705
-9.315359
-3.5106721
0.98459484
3.5875277
-13.138299
-9.5808678
-4.6995574
-0.18193671
2.5917357
-12.014078
-8.2411293
-3.539722
0.44034655
2.9630703
-8.6335845
-5.2274631
-0.60071398
3.4216804
5.7783215
-6.0732469
-2.7879219
1.522318
5.539471
8.0623468
-5.2633028
-1.8905999
2.3729363
6.1959701
8.7273854
-3.3256677
0.14127847
4.5018887
8.1363236
10.353241
-4.2289437
-0.41011222
4.7421288
9.1842319
11.804788
-7.1623918
-3.5579895
1.7968891
7.0717651
10.406071
-10.300295
-6.7886156
-1.6090455
3.8888029
7.6385229
-31.408222
-24.638361
-17.259101
-10.864174
-6.9685013
-28.449118
-22.867698
-15.903453
-9.4836037
-5.2775617
-27.504609
-22.795937
-16.273455
-10.250537
-6.251218
-29.219323
-24.888757
-18.723151
-12.820455
-9.0094534
-31.101621
-27.068303
-21.482866
-15.996931
-12.199231
12.364442
13.031875
13.936601
14.677041
15.026971
13.259216
13.964348
14.759349
15.417809
15.779717
14.621784
15.798287
16.979736
17.689393
18.008366
16.421144
17.983431
19.836848
20.977651
21.393506
17.910477
19.294508
21.370351
23.195559
23.979658
9.9995946
12.146418
14.706102
16.881586
18.255104
11.430229
13.512247
16.326189
18.706032
20.09508
13.011527
15.138952
17.962236
20.560701
22.166741
11.980539
14.789504
18.171463
21.018693
22.799832
9.4532044
12.865634
17.096386
20.385808
22.328114
-0.99353907
0.48561202
-0.70460719
-3.6004628
-3.9441057
-0.76765706
0.78330652
-0.62611717
-3.5116764
-3.8094809
-0.51093979
1.2943341
-0.33172472
-3.3959865
-3.1649807
0.31284466
1.4945898
0.27837269
-2.9079462
-2.8353688
0.81902732
1.6738814
0.62473479
-2.2841559
-2.5166724
0.95441306
1.943178
0.73986442
-1.9961939
-2.0599724
1.3822694
2.4135438
1.0854227
-1.3795673
-0.99373678
2.0141306
2.9743228
1.5460502
-0.29266895
0.66803875
2.6802592
3.5760411
2.0727268
0.78826939
1.9421784
3.197387
3.7951488
2.526726
1.5566523
2.395267
1.0125752
0.55044607
0.046617821
1.5979168
3.2243277
1.0404798
0.63828972
0.14353338
1.6410036
3.6057716
0.62495278
0.82836634
0.063982659
1.7796322
4.6713609
0.93428798
0.34961182
0.28818456
1.9888691
4.1154569
0.79247063
0.52981063
0.28425705
1.8124346
3.6691076
-1.9122727
-6.0223675
-13.403587
-21.416349
-29.12193
-1.5033889
-5.8776005
-13.956066
-23.141793
-31.589176
-1.305008
-5.9265243
-14.203284
-25.082171
-35.229806
-0.83364352
-5.8045981
-14.23132
-26.433798
-38.259954
-0.4065669
-5.2971534
-13.791532
-26.703386
-39.18078
-0.048806228
-4.9789623
-13.467601
-26.469532
-39.366836
0.7032533
-4.4592069
-13.059205
-25.692867
-39.042793
1.450091
-3.6312132
-12.063569
-24.193068
-37.802506
1.9669122
-2.6871905
-10.780776
-22.586877
-36.372877
2.2402312
-1.8266675
-9.5898659
-21.584767
-35.644369
-1.5031079
-0.11501025
1.597178
1.8055879
0.99346435
-0.76070064
0.27117504
2.0006027
2.3269242
1.5707309
0.57886855
1.2031223
2.4961389
2.7071589
2.1943086
1.8103019
2.3411049
3.1065408
2.9126681
2.4719496
2.3946039
2.9903138
3.627
3.2995304
2.6551714
-12.355092
-8.652484
-3.5125264
1.722013
5.4600261
-15.471551
-11.839027
-6.4123759
-1.1100303
2.3685725
-19.841792
-16.243052
-10.82236
-5.2247299
-1.4548827
-24.957946
-21.542767
-16.242084
-10.479044
-6.3461706
-26.947588
-24.023252
-19.439348
-14.229781
-10.180218
-26.866678
-24.180772
-20.002651
-15.43098
-11.887331
-26.454631
-23.983932
-20.410384
-16.56577
-13.640042
-25.508317
-23.010478
-19.641286
-16.460246
-14.246356
-24.223474
-21.818732
-18.439943
-15.229796
-13.155066
-22.733615
-20.445697
-17.295172
-14.170544
-12.098887
-43.745054
-40.16308
-35.412953
-31.030461
-28.222913
-43.622562
-39.726573
-34.877355
-30.578762
-27.791606
-42.635718
-38.610064
-33.732822
-29.538002
-26.835698
-41.533176
-37.605339
-32.691131
-28.283887
-25.516411
-40.497302
-36.524246
-31.373312
-26.763366
-23.982634
-9.9156153
-5.6644955
0.96491109
6.6783096
9.7266474
-12.028276
-8.5390446
-2.5058042
3.9821975
7.942422
-13.049883
-10.4763
-5.9027123
-0.057031702
4.3769725
-12.123207
-10.131369
-6.9719627
-2.907052
0.90991014
-11.098746
-9.1924362
-6.3056796
-3.1698632
-0.47958508
3.4182885
3.7686166
2.8038665
2.0030887
2.4841586
3.8683586
3.950452
3.2235808
2.829918
2.9606081
4.4297223
4.5199682
3.6663668
3.744621
3.7499458
4.5994294
4.8813193
4.2247774
4.3339449
4.234702
4.471745
4.9059891
4.6240564
4.7272794
4.4462639
4.4567818
4.9386847
4.8092765
4.9129988
4.6304959
3.454403
4.676853
5.2095482
5.1761179
4.7551049
1.2686876
3.9060139
5.7496883
5.5253813
5.0457062
0.74948177
3.6724863
6.1031595
5.9476339
5.7780063
2.3023012
3.5790664
5.9641471
6.5607677
6.266543
0.84997194
0.75841955
0.53301827
2.2719328
2.6091649
0.62785591
0.65956217
0.1399281
2.197976
2.6392441
0.90472394
-0.44450709
0.43883249
3.4691162
1.5475246
1.411634
0.72426185
1.5200033
2.9405165
-0.69159426
0.89351076
2.9467979
1.3110414
1.4972647
2.3526843
2.4546824
-1.3828258
-8.9371031
-20.903181
-35.317129
2.9177718
-0.56570783
-7.8730129
-19.465265
-33.971513
3.5333686
0.64016618
-6.4907559
-17.980266
-31.464626
4.0871692
1.8349344
-5.0802963
-16.63753
-28.727285
4.3209785
2.9119381
-3.8460715
-15.998182
-27.498995
4.5139137
3.361571
-3.1958405
-15.263334
-26.308375
4.8257128
3.9081954
-1.5541333
-13.813027
-25.549091
5.1082229
4.6635439
0.71870503
-10.451415
-24.615685
5.5068104
5.1857553
1.953777
-5.7482295
-18.325077
5.4011576
5.4721256
2.5602343
-5.859193
-14.271436
4.6298124
5.0298758
4.4050846
4.4624845
4.6981353
4.8598207
5.054799
4.6027348
4.3301251
4.8872615
5.1432553
5.0888334
4.9365251
4.4917601
4.6848272
5.4745206
5.2354187
5.198674
4.8499324
4.9132887
5.8763412
5.420744
5.3161649
4.8628983
5.3090663
-21.740093
-19.482014
-16.419943
-13.427888
-11.33181
-19.71908
-17.098841
-13.958166
-11.349688
-9.5887181
-16.888054
-14.094349
-10.417077
-7.5274497
-5.9479591
-13.738668
-11.161295
-7.3714483
-3.8802212
-1.8747615
-11.355668
-8.6524542
-5.007865
-1.5058798
0.76530382
-10.019793
-7.2612171
-3.5711134
-0.12903986
2.1224967
-7.3947897
-4.2862296
-0.37813092
3.0828162
5.288673
-4.2964291
-0.55889616
4.3975917
8.4739148
10.798011
-1.4570619
2.5545815
8.3862169
13.504406
16.418886
0.74411436
4.471844
10.363474
16.292307
19.779312
-29.222774
-26.002008
-20.281868
-14.802721
-11.564789
-28.408639
-24.563668
-18.573897
-12.781312
-9.1132752
-27.051531
-23.098412
-16.760623
-10.43743
-6.2832622
-23.539017
-19.614059
-13.89069
-7.753099
-3.4781396
-18.240898
-13.634555
-8.8660939
-4.5389527
-0.86484473
3.2126493
5.0967278
7.3242185
9.1383943
10.414024
6.384854
8.3750556
10.785941
12.715433
13.942764
11.878442
13.878599
16.42705
18.458073
19.639651
17.72263
19.926549
22.675586
24.851173
26.01122
21.393458
24.010858
27.101006
29.581287
30.870632
2.9353331
3.4366547
5.701282
6.9826392
6.3834034
2.9940741
3.1304821
5.5333764
7.2807084
6.8271031
2.5385093
3.138736
5.5494497
7.2840541
7.6059499
2.8021737
3.6043218
5.4989932
7.1177205
7.8964385
3.2099094
3.835193
5.3307889
6.8470772
7.1428497
2.7995355
3.6724384
5.2844271
6.2347663
6.0655967
2.7836788
3.3693297
5.0250028
6.0573586
6.480757
2.3795472
2.3332409
2.9951746
3.9686124
4.5500826
1.3928512
1.701904
1.7865614
1.8307306
1.0053851
1.2092287
1.785418
2.3920965
2.2035687
1.6129319
0.52766531
0.99051006
0.56158809
1.2051405
2.5411726
0.59816922
1.5027314
0.83542992
1.1003764
2.9625761
0.51922481
0.90673684
0.90910301
1.1123771
2.376052
0.52329642
0.40485355
0.24221184
0.49769099
0.98849987
0.63795288
0.87109066
0.68113147
0.59193829
0.93573735
5.5923409
5.5152986
3.1374094
-5.0283556
-13.975501
5.6788348
5.6612569
3.8341012
-0.0428717
-10.966235
5.5416722
5.2035294
4.2312357
3.6179935
2.5667633
6.0870855
5.3544
4.7248547
4.6273832
5.1495928
6.7531562
7.5699622
5.1188344
6.5767212
15.967921
4.7240616
6.0778513
7.0346279
4.6195042
19.557301
7.0087255
4.2441075
4.8840519
11.147839
10.738535
4.4945782
3.3280942
4.8241964
3.0097786
16.922741
3.3792199
2.2935298
-3.1293844
2.5354988
7.1434188
2.6149785
0.25226475
-2.4127895
0.95514478
-0.23885184
5.1294522
5.4130118
6.7126878
5.8853359
5.2937896
6.9839891
7.5479638
7.1845821
8.1224627
6.8104121
4.2300612
6.8868983
9.4441464
5.9015643
5.3602769
1.5790843
-0.10776223
-3.7266444
1.5683333
3.0017363
0.68978345
-1.7258414
-5.0698138
-0.30332518
1.8425623
1.8769995
5.6889533
11.1855
17.297562
21.345533
1.4335415
6.36817
12.923235
18.677853
22.994826
3.9289851
6.7918584
13.635909
20.190273
23.783609
11.503085
11.5554
14.265203
21.344153
24.81077
18.579341
18.894733
17.270225
21.395259
26.788062
26.106552
26.627845
22.637977
22.32422
28.431535
17.040685
17.945295
23.747565
25.077922
28.780659
21.585202
31.132614
46.865482
34.123577
38.546888
9.3703452
13.483511
28.704764
31.296703
33.350224
1.3796475
-2.8914174
-1.855443
12.252084
16.632834
19.744598
19.208133
27.89816
31.960814
28.51709
12.012312
11.944685
15.728842
22.353574
18.902159
20.501623
11.715509
12.034567
16.452544
21.88202
15.047118
13.879935
12.644449
10.227689
9.4499088
4.6049295
2.8971837
1.8996345
2.8115534
2.0920498
29.846421
30.937319
33.312467
39.454749
45.691232
29.630398
31.514782
36.292973
41.568542
44.540676
36.373044
33.873402
32.247193
38.734699
43.007524
36.454639
40.480961
42.048119
41.447494
43.995658
16.867378
22.797752
29.603266
40.60343
47.006668
