FiniteElementSpace
FiniteElementCollection: L2_2D_P4
VDim: 1
Ordering: 0

0.48568968
0.38106095
0.26732423
0.18795225
0.14805308
0.54934217
0.43144134
0.30319512
0.21361602
0.16852998
0.64079401
0.50373509
0.35453785
0.25026059
0.19777283
0.72423191
0.57008288
0.40196216
0.2842848
0.22502185
0.77546758
0.61099382
0.43150206
0.30573958
0.24235588
0.035506799
0.029133396
0.022845011
0.019499541
0.018671432
0.040217228
0.033039345
0.025993221
0.022284471
0.021390834
0.046802425
0.038519292
0.030416061
0.026205477
0.025249829
0.052588169
0.043364597
0.034395849
0.029816197
0.028856711
0.056001797
0.0462697
0.036860802
0.032131405
0.031211596
0.036581463
0.045888841
0.064620643
0.091656719
0.11660817
0.041401235
0.051959063
0.073189697
0.10381535
0.1320742
0.048287169
0.060670584
0.085456484
0.12101282
0.1536488
0.054435061
0.068451459
0.096362096
0.13629423
0.17300457
0.058160794
0.073222225
0.10325203
0.14647111
0.18651274
0.49460314
0.63179572
0.9047145
1.294215
1.6495253
0.55557077
0.70641977
1.0036857
1.4319582
1.8344109
0.64071749
0.82024124
1.1886386
1.7433416
2.2761132
0.74782074
0.96677076
1.4131378
2.0617169
2.6565573
0.82689825
1.0654756
1.5360197
2.1938092
2.7832412
1.0736203
0.84908168
0.60156097
0.42631933
0.33748521
1.0964959
0.86794136
0.61714923
0.4398115
0.34958414
1.1298007
0.8941978
0.63575335
0.45368266
0.36152188
1.1572408
0.91712049
0.65301538
0.46642692
0.37186461
1.1722877
0.92979633
0.66328483
0.47484182
0.37915869
0.077532397
0.064261431
0.051542306
0.045277775
0.044189926
0.081392281
0.067346567
0.053891879
0.047250481
0.046024686
0.086052688
0.071343917
0.057082797
0.049964099
0.048653924
0.088554016
0.07386062
0.059641121
0.052555756
0.051300238
0.089156872
0.074728104
0.061047924
0.054550747
0.0536208
0.082118096
0.10244134
0.14279563
0.20023398
0.25245491
0.084910163
0.10587194
0.14719167
0.20567376
0.2587979
0.088969478
0.11088605
0.15380683
0.2137819
0.2678845
0.09370774
0.11610644
0.16032503
0.2229616
0.2795365
0.097529787
0.1212958
0.16660971
0.22966304
0.28751488
0.9887558
1.2360687
1.7258864
2.4209176
3.052378
1.0048475
1.2527316
1.7423496
2.4361304
3.0682083
1.0294747
1.2746584
1.7615522
2.4551993
3.0885707
1.0564003
1.2982419
1.7812884
2.471427
3.1023132
1.0787341
1.3159166
1.7949257
2.4818343
3.1096938
0.10685765
0.093131501
0.082107445
0.080391046
0.084039859
0.1102681
0.096580322
0.085997889
0.085398248
0.090415505
0.11464568
0.10127752
0.091622828
0.09268833
0.099459259
0.11814811
0.10549396
0.097434953
0.10079997
0.10959812
0.12009584
0.10818799
0.10153608
0.10684538
0.11740373
0.16250273
0.1908937
0.24502074
0.32448506
0.40106428
0.20273326
0.24115928
0.30720661
0.38986041
0.46166036
0.2560951
0.31498128
0.42138076
0.55214126
0.65505303
0.29647448
0.36985721
0.51288252
0.70939092
0.88023441
0.32649377
0.40688077
0.56244004
0.77921441
0.97501782
1.3636292
1.5457263
1.9555007
2.5614439
3.1265149
1.4667417
1.6116762
1.9634075
2.5462834
3.1177274
1.7309382
1.8042152
2.0839715
2.5999949
3.1159739
2.3377319
2.3646781
2.5033587
2.7947225
3.1328709
3.1789649
2.9914234
2.8087328
2.8909502
3.1382747
0.14634088
0.13747513
0.1385644
0.15686413
0.18047437
0.15041844
0.14172432
0.14380867
0.16415801
0.18985422
0.15614792
0.14809777
0.15173514
0.17412929
0.20123995
0.16033872
0.15288024
0.1573528
0.18045833
0.20804493
0.16178232
0.1547586
0.15995359
0.18374195
0.21185759
0.627342
0.7956084
1.1227367
1.58003
1.9954254
0.64731675
0.81324512
1.1398431
1.604401
2.0296123
0.6642361
0.83203049
1.1637723
1.6336655
2.0605831
0.68007141
0.8484303
1.1804887
1.6510166
2.0801367
0.69046647
0.8576526
1.1890131
1.6613903
2.0931186
7.2226402
5.8691262
4.4450943
3.5481516
3.1872065
7.2900853
5.9163375
4.4796097
3.5696641
3.1877648
7.3645376
5.972634
4.5054567
3.5716753
3.1810768
7.4107242
6.0060863
4.5255661
3.5786736
3.1770674
7.4320323
6.0222403
4.535088
3.5815899
3.1739672
0.1849971
0.17992659
0.18981965
0.21955802
0.25208774
0.19230003
0.18677606
0.19704768
0.22967273
0.26547854
0.20419162
0.20025066
0.21217298
0.2467946
0.28591344
0.21674683
0.21579337
0.23454218
0.27611825
0.31792311
0.2333476
0.23103309
0.25056627
0.30064092
0.35311561
0.78643987
0.9382691
1.2497254
1.7052638
2.1279522
0.81596234
0.96190079
1.26627
1.7151131
2.1318495
0.87168756
1.0045077
1.2951279
1.7309751
2.1373268
0.95323391
1.0679914
1.3288089
1.7418428
2.1402917
1.024634
1.1193861
1.3682806
1.7697372
2.1485322
7.4276637
6.0111616
4.5136984
3.5493847
3.1340913
7.4049696
5.9923659
4.4979483
3.5339278
3.1191108
7.3552011
5.9494081
4.4616179
3.5050123
3.0956284
7.2768623
5.882822
4.4142849
3.4696399
3.062415
7.2074469
5.8339799
4.3725466
3.4243486
3.0207304
0.5328127
0.61951104
0.81253458
1.1055273
1.3796234
0.56510497
0.65834284
0.86338268
1.1763059
1.4752335
0.60752006
0.71496798
0.95624888
1.3346857
1.7015453
0.66118216
0.78915186
1.0709422
1.497658
1.8957118
0.700883
0.83915778
1.1331632
1.5633328
1.9568337
5.1011412
4.03721
3.0595228
2.5033251
2.2939382
5.9472162
4.6699487
3.3734161
2.6122819
2.3165573
6.5595135
5.237962
3.8047337
2.8256701
2.3584496
6.8273391
5.4360925
3.9344446
2.8926745
2.3729422
6.9313629
5.5040032
3.945648
2.881946
2.3693821
3.094439
2.7181147
2.2272707
1.9295322
1.8537027
2.2450611
2.0682442
1.8750924
1.7545424
1.7352729
1.62585
1.4690023
1.3650873
1.3877721
1.4662326
1.3468727
1.2251136
1.1348941
1.1622192
1.2563541
1.2351462
1.1299977
1.0735165
1.1113137
1.1982782
0.12850365
0.10119525
0.071691313
0.051404966
0.041459986
0.14569402
0.11484392
0.081530012
0.058637854
0.047410516
0.17015427
0.13430617
0.095562112
0.068927521
0.055879569
0.19253289
0.15208993
0.10839595
0.07839976
0.063736021
0.20626879
0.16303299
0.11635621
0.084367569
0.068767036
0.21563877
0.17052423
0.12177608
0.088285109
0.071870925
0.22903481
0.18130493
0.12957509
0.093929823
0.076448611
0.24660085
0.19519419
0.13963794
0.10140944
0.082674333
0.26489413
0.20901512
0.1490829
0.10821521
0.088309418
0.2775663
0.21872527
0.1556931
0.11293652
0.092262251
0.80468118
0.63429559
0.44824488
0.31770908
0.25178928
0.853534
0.67187857
0.4747368
0.33684721
0.26718921
0.93847473
0.73494059
0.51570373
0.36418876
0.28846161
1.0187081
0.79931793
0.56056613
0.39457494
0.31168561
1.057233
0.83378917
0.58812146
0.41529357
0.3283324
0.017357978
0.018238199
0.021510069
0.027548402
0.033643015
0.019612213
0.020659423
0.02445076
0.031367379
0.038300791
0.022757438
0.024077372
0.028623375
0.036809922
0.044981695
0.025501321
0.027131195
0.032449424
0.041839078
0.051137094
0.027092922
0.028954404
0.034819792
0.045029433
0.055057426
0.028906675
0.030645923
0.036489425
0.04687314
0.057141964
0.030832657
0.032658447
0.038770145
0.049687465
0.06059977
0.033264953
0.035339516
0.042215262
0.054524958
0.066844693
0.035558224
0.038060899
0.045886557
0.059569032
0.07305224
0.036944727
0.039878591
0.048350638
0.062575692
0.076366949
0.05947984
0.049118688
0.039049974
0.033888448
0.032756195
0.063401542
0.052354698
0.041567827
0.03599775
0.03476493
0.068261188
0.056439952
0.044879446
0.038917282
0.037635012
0.072056765
0.059666642
0.04769946
0.041723935
0.040613548
0.074318851
0.061615451
0.04946095
0.043585155
0.042717307
0.13122991
0.16741731
0.23918753
0.34209198
0.43701791
0.14845321
0.18943109
0.27059116
0.38628615
0.49211282
0.17218359
0.219193
0.31180845
0.44414959
0.56653952
0.19356023
0.2469618
0.35384971
0.51028766
0.65784086
0.20878985
0.26781321
0.38727846
0.56293378
0.72774979
0.21788227
0.28025856
0.40681399
0.59130812
0.76178169
0.23769034
0.30565608
0.44004315
0.62954743
0.80065009
0.25909265
0.3293278
0.46596063
0.65787363
0.83243591
0.27050575
0.34207168
0.48226442
0.68035852
0.86052576
0.27630073
0.34975683
0.4936144
0.69559741
0.87791775
0.060649707
0.076120327
0.10711346
0.15208454
0.19407709
0.064555791
0.081277931
0.11519798
0.16486385
0.21128215
0.071357984
0.090168195
0.12797098
0.18213172
0.23154118
0.077598613
0.097660835
0.13709074
0.19259365
0.24290033
0.080405479
0.10089745
0.14103867
0.19737352
0.24853724
1.8626538
2.3728593
3.3674505
4.8784086
6.4743109
2.0883026
2.7048672
4.0326604
6.1044269
8.0777791
2.6084048
3.4129614
5.0192485
7.2754298
9.3061244
3.0170158
3.8573681
5.4872404
7.7954668
9.9201278
3.1380252
3.9706745
5.6330927
8.0239985
10.196761
3.1666086
4.0312658
5.7412416
8.1365996
10.298955
3.2624623
4.1398391
5.8513572
8.2657638
10.467976
3.3423052
4.2267638
5.9640044
8.4177116
10.645805
3.3932073
4.2900007
6.0455373
8.5186189
10.76581
3.4231758
4.3232998
6.0838797
8.5673807
10.824445
0.86315436
1.1032043
1.5679527
2.216261
2.8063364
0.90149788
1.1392265
1.6070984
2.2749577
2.8887012
0.93547925
1.1798542
1.6626903
2.3462534
2.9668373
0.96561431
1.2133132
1.6995569
2.3866261
3.0128793
0.98287086
1.2294698
1.7158593
2.4079237
3.0403698
0.28668093
0.22606348
0.16087849
0.11653749
0.095067056
0.29802322
0.23590707
0.16842537
0.12198263
0.099335777
0.30819266
0.24498487
0.17614367
0.12844988
0.10501432
0.31554223
0.25091435
0.18084356
0.13258214
0.10895368
0.31987213
0.25438896
0.18342683
0.13473129
0.11105509
0.32509213
0.25885814
0.18686849
0.13726384
0.11305451
0.33081643
0.26376144
0.19089939
0.14057223
0.11589126
0.3384448
0.27016692
0.19616812
0.14535862
0.12064776
0.34473824
0.27542887
0.2005513
0.14958613
0.12516668
0.34787563
0.27814534
0.20300584
0.15212927
0.12797835
0.038493083
0.041330584
0.049847605
0.064200972
0.077977593
0.040451403
0.043187365
0.051604963
0.066117258
0.080283569
0.042834955
0.045706439
0.054429713
0.069420157
0.084121823
0.044814183
0.048006637
0.057593186
0.073706918
0.089089261
0.04634112
0.049690936
0.05952598
0.076424962
0.092910698
0.048268444
0.051808097
0.061620815
0.07809201
0.094309622
0.05027768
0.054282793
0.065213784
0.082861639
0.099547643
0.054702308
0.058797109
0.070503864
0.090098763
0.10877859
0.064340038
0.069286658
0.081485109
0.1012863
0.12075246
0.073473453
0.081363856
0.097576377
0.11968364
0.139054
0.091600165
0.076743267
0.062700434
0.056170172
0.055379661
0.094528415
0.079228544
0.064601809
0.057704897
0.056914893
0.098863872
0.083696449
0.069187128
0.062267373
0.061423837
0.10231771
0.088071812
0.075424641
0.070639615
0.071126806
0.10373104
0.090189111
0.079161202
0.07693724
0.079796822
0.28078411
0.35506648
0.49957939
0.7014644
0.88373283
0.28781516
0.36290694
0.50878542
0.71330452
0.89863568
0.29749363
0.37445911
0.52426542
0.73383318
0.92299306
0.30989515
0.38907999
0.54256474
0.75690198
0.95011044
0.3187748
0.40104667
0.55838646
0.77630899
0.97315925
0.32368772
0.40585798
0.56640188
0.78893092
0.98779944
0.33886846
0.42275276
0.58556704
0.81315243
1.0173518
0.36211423
0.45282926
0.62493531
0.86121774
1.073933
0.39388678
0.48780278
0.67348291
0.93058903
1.1560223
0.43396707
0.53203557
0.71485788
0.97975192
1.2262651
0.098973302
0.12344932
0.17103221
0.23589965
0.29314569
0.10468949
0.12915165
0.17759587
0.24571151
0.30645885
0.11502005
0.14145736
0.19201267
0.26248621
0.32673763
0.12739832
0.15680754
0.21411424
0.29144065
0.35831404
0.14454435
0.17237394
0.23014884
0.31566271
0.39300332
3.4340003
4.3339944
6.0992799
8.5888278
10.848182
3.4516284
4.3554571
6.1255544
8.6196821
10.884578
3.4724034
4.3770458
6.1492397
8.6476281
10.916281
3.485045
4.388352
6.1594191
8.6571703
10.925886
3.4900264
4.3905157
6.1594978
8.6548667
10.920262
3.4935041
4.3940645
6.1583061
8.6485496
10.912406
3.4952069
4.3904162
6.1487782
8.6325475
10.891202
3.4943677
4.3789261
6.124177
8.5941395
10.839365
3.4915488
4.3675219
6.088328
8.5262918
10.75177
3.4801566
4.3357505
6.0438643
8.467502
10.670346
1.0934123
1.3281669
1.8010576
2.4834763
3.1118922
1.1231225
1.3522306
1.8183782
2.4942083
3.1166637
1.1785244
1.3945362
1.8469531
2.5097698
3.1217514
1.2590028
1.4566255
1.8786398
2.5179788
3.1215755
1.3291083
1.5065388
1.9160162
2.5426027
3.1254962
0.35286407
0.28230932
0.20630147
0.15484712
0.13042997
0.35906677
0.28738431
0.21021289
0.15806495
0.13340635
0.36721055
0.29423747
0.21571093
0.16283672
0.13806623
0.37392152
0.29985183
0.22043424
0.16734099
0.14273059
0.37738777
0.3028203
0.22317052
0.17032175
0.14610026
0.38403208
0.30892502
0.22901279
0.17659459
0.15314253
0.39098061
0.3146854
0.23357599
0.18046322
0.1567952
0.39998611
0.32222378
0.23962356
0.18576253
0.16201725
0.40714788
0.32816757
0.24452738
0.1903222
0.16666094
0.4105936
0.33106953
0.24715213
0.19312429
0.16976002
0.078250003
0.087746805
0.10744853
0.13392768
0.1560404
0.086119324
0.098219572
0.12405014
0.16013568
0.19092965
0.096390906
0.11144381
0.14412421
0.19220768
0.23579152
0.10717686
0.12506959
0.16320651
0.21932749
0.27102685
0.11516567
0.13558726
0.17860532
0.24130205
0.29858696
0.14179535
0.17011744
0.22950958
0.31695267
0.39807577
0.15100276
0.18152763
0.24538606
0.33904145
0.42552084
0.16277576
0.19604086
0.26518634
0.3667676
0.46137389
0.1731368
0.20959033
0.28601169
0.40002696
0.50767037
0.18059176
0.22008661
0.30323624
0.4274489
0.54420472
0.12850887
0.1180273
0.11465452
0.12519119
0.14086672
0.13273292
0.12237778
0.11965837
0.13151986
0.14858828
0.13778543
0.12783224
0.12625593
0.14007308
0.15905012
0.14124086
0.13193152
0.13179015
0.14771309
0.16865815
0.14283269
0.13415269
0.13524653
0.15301324
0.17577606
0.44413758
0.55729261
0.76153166
1.0241292
1.2619289
0.50098709
0.6067426
0.82092125
1.1164772
1.3702025
0.70834338
0.82966958
1.0479301
1.3560661
1.6437523
0.97418928
1.1932529
1.5544368
1.950925
2.2574905
1.0901702
1.3658302
1.9039831
2.5975865
3.1030115
1.5888193
2.0151803
2.8476367
4.0801828
5.3203665
1.7053973
2.1881206
3.1972183
4.7265545
6.1653767
1.9714224
2.5516423
3.7032424
5.3204913
6.7779186
2.1781551
2.7736923
3.9290456
5.558486
7.0495071
2.2341104
2.8221396
3.9871507
5.649211
7.1559386
0.44092053
0.55774072
0.78861794
1.1161342
1.4140698
0.47190018
0.59544087
0.83847473
1.1859094
1.5085722
0.5134129
0.65119039
0.93042236
1.3431935
1.7335676
0.56774888
0.72571792
1.0450129
1.505616
1.9268455
0.60860057
0.77649524
1.1075233
1.5711401
1.9875108
3.4750768
4.3119889
5.9980194
8.4213835
10.628199
3.4719111
4.314657
5.9750248
8.3361163
10.502854
3.4381386
4.225319
5.8173368
8.100597
10.187762
3.3663448
3.9734089
5.3331793
7.4634928
9.4922059
3.3224915
3.8354767
4.9723333
6.7578184
8.5543088
3.2365869
3.4747713
4.1672014
5.2795861
6.2416353
3.1928386
3.3368407
3.806227
4.5736802
5.3034315
3.1200745
3.0838308
3.3207177
3.9348833
4.6058971
3.0838059
2.9918121
3.159977
3.6958089
4.286814
3.0779884
2.9917028
3.1338844
3.6069199
4.1573649
5.3797743
4.3909972
3.559036
3.2067261
3.1817495
6.2212144
5.0178147
3.8642896
3.30265
3.1867389
6.8271339
5.5773775
4.282673
3.4962503
3.2024488
7.0889914
5.7676975
4.4011506
3.5478762
3.1984815
7.1895388
5.8313256
4.4069108
3.5306191
3.1875998
0.41625473
0.33578954
0.25082871
0.19612124
0.17249283
0.42360191
0.3418278
0.25547338
0.19986741
0.17592394
0.4328269
0.34953876
0.26171565
0.20549701
0.18163063
0.43999717
0.35557742
0.26687
0.21052459
0.18690133
0.44329984
0.35853828
0.26971765
0.21345506
0.18993229
0.44861474
0.36298535
0.27330024
0.21649558
0.19262627
0.45613419
0.36914772
0.27792788
0.22014755
0.19598441
0.4651053
0.37681024
0.2841655
0.2254809
0.20107706
0.47135651
0.38223184
0.28923441
0.23085623
0.20672698
0.4742934
0.38481218
0.29166712
0.23393722
0.2108768
0.1858139
0.22697228
0.3137258
0.44245575
0.56205783
0.19707801
0.24098418
0.33158301
0.46257787
0.58211784
0.20931151
0.25423556
0.34562433
0.47728333
0.59809302
0.21592948
0.26154231
0.35476919
0.48959848
0.61326533
0.21934702
0.26613338
0.36160789
0.49891894
0.62414075
0.2228027
0.26997733
0.36581914
0.50324639
0.6286297
0.22856972
0.27633263
0.37323927
0.51251843
0.6398748
0.2372482
0.28644832
0.38633127
0.52943732
0.65981563
0.24854448
0.29964822
0.40279093
0.55029318
0.68440018
0.25664436
0.31082927
0.41782963
0.56881389
0.70635719
0.16505057
0.15749678
0.16232896
0.18653901
0.2151981
0.16915747
0.16157903
0.16644894
0.19087184
0.21998935
0.17425127
0.16700034
0.17274367
0.19812593
0.22791098
0.17888544
0.17196827
0.17882708
0.20661626
0.2386103
0.182135
0.17666969
0.18467384
0.2128431
0.24606215
2.2440011
2.8469307
4.033125
5.6925886
7.1903048
2.2842658
2.890667
4.0730237
5.7392413
7.2572566
2.3155454
2.9241574
4.1183962
5.8036101
7.3330881
2.3371676
2.9513466
4.1531148
5.8449198
7.3810735
2.350693
2.9655431
4.1678271
5.8628616
7.4030272
2.354951
2.9690605
4.1731444
5.8712876
7.412662
2.3626097
2.9779296
4.1834989
5.8822268
7.4244359
2.3723038
2.9865454
4.1903921
5.8880625
7.4299501
2.3778879
2.9893493
4.1896722
5.8840436
7.4237276
2.3796638
2.987882
4.1854571
5.8764789
7.4119188
0.69484105
0.86212206
1.1947042
1.667802
2.0983602
0.70699366
0.87338723
1.2043054
1.675298
2.1051595
0.72716227
0.89023911
1.2171796
1.6858577
2.1150624
0.75141987
0.91052725
1.2324639
1.6964259
2.1222912
0.77239581
0.92656844
1.244122
1.7044603
2.1268563
3.0714202
2.9663573
3.0862053
3.5585944
4.1127221
3.0570896
2.9312431
3.0377062
3.4949424
4.0257211
3.0478515
2.9128159
2.9936165
3.417141
3.9266725
3.0374447
2.8909609
2.9569317
3.3642595
3.8583461
3.0305422
2.877761
2.936269
3.3352561
3.8223328
3.0283596
2.8756581
2.9288492
3.3211012
3.8053371
3.0221195
2.8653762
2.9140212
3.3007234
3.7789556
3.0126074
2.8520577
2.8950312
3.2754143
3.7485632
3.0005769
2.8390592
2.8791334
3.2547148
3.7237719
2.9922403
2.8299664
2.8677559
3.2413334
3.7091594
7.4415881
6.0299063
4.5369408
3.5782972
3.1706438
7.4527432
6.0365738
4.5398908
3.5780559
3.1667308
7.4578193
6.0393411
4.5390403
3.5732136
3.1587459
7.450846
6.0320776
4.5307391
3.5631017
3.1473806
7.4377763
6.020047
4.5195053
3.5534571
3.1389488
0.4792435
0.38936591
0.29552438
0.23685599
0.21324876
0.48639901
0.39590558
0.30191499
0.24342733
0.21973974
0.49634962
0.40480418
0.31026909
0.25275062
0.23055782
0.50879398
0.41737375
0.32260877
0.26486496
0.2432677
0.51812191
0.42947528
0.33867036
0.2833211
0.2617208
0.52439512
0.43708554
0.34945784
0.29825638
0.27929322
0.53586209
0.45048418
0.36817436
0.32592932
0.31529372
0.54908743
0.46613475
0.39005199
0.35933796
0.36126328
0.55993984
0.47974178
0.40909317
0.38648452
0.39660186
0.56624295
0.48885356
0.42350751
0.40789547
0.42386493
0.26177742
0.31579772
0.42578583
0.58106712
0.72048842
0.27727959
0.3327891
0.44478098
0.60495278
0.74961019
0.30086886
0.36309731
0.48430187
0.65314376
0.8062905
0.33310464
0.39858765
0.53343371
0.72321668
0.8892521
0.37361045
0.44345278
0.57572905
0.77355012
0.96080734
0.38433033
0.46935084
0.62324839
0.81901285
0.99770202
0.44234433
0.52010638
0.68432392
0.91366264
1.108841
0.65116668
0.74479445
0.91381542
1.1569351
1.3872571
0.91829156
1.1100902
1.4229023
1.7556764
2.0061541
1.0350805
1.2838678
1.7743741
2.4052585
2.8555014
0.25218426
0.25031406
0.26607336
0.31003693
0.36176008
0.29399326
0.30185037
0.32922317
0.37624174
0.42319859
0.34869542
0.37681829
0.44439486
0.53954489
0.61774263
0.38894329
0.4317681
0.53630016
0.69757774
0.84401467
0.41822235
0.46837405
0.58587707
0.7678507
0.93956071
2.381928
2.9902012
4.182824
5.8682266
7.4018655
2.3829504
2.9855178
4.171825
5.8506607
7.3790869
2.3828571
2.9751221
4.1489172
5.8147588
7.3306533
2.3834744
2.9679097
4.1190945
5.7555381
7.2538024
2.3768389
2.9416517
4.0813554
5.7060398
7.1844618
2.3743462
2.9218508
4.0412549
5.6664633
7.1497086
2.3781407
2.9326288
4.029818
5.5980056
7.0448988
2.3636153
2.8655185
3.8998114
5.3993499
6.7763988
2.3213285
2.651784
3.4682518
4.8311647
6.1639123
2.2981696
2.5424522
3.1541987
4.1984627
5.3180035
1.060369
1.1598988
1.4092022
1.7902729
2.151754
1.1669026
1.2299261
1.4220896
1.7808888
2.1493274
1.4368786
1.4299736
1.5533885
1.849242
2.1650978
2.0497079
1.9985258
1.9853249
2.0633409
2.2077319
2.8952531
2.6309259
2.299146
2.1724892
2.2307214
2.9863921
2.8228881
2.8612497
3.2358342
3.7035742
2.9725923
2.8114239
2.851145
3.2243998
3.6904163
2.9514349
2.7922302
2.8320691
3.2049275
3.6709002
2.9181861
2.7605488
2.805424
3.1829349
3.6502681
2.8819001
2.7341224
2.7861574
3.1627286
3.6272299
2.8730751
2.7242478
2.7697404
3.1420748
3.6065906
2.8109407
2.6570182
2.7048671
3.0879012
3.5614545
2.6149122
2.4916726
2.58679
3.0088787
3.5016197
2.3866206
2.3308986
2.4909137
2.9486035
3.4549923
2.2897159
2.2587043
2.4382003
2.9071431
3.4195741
7.1714949
5.789198
4.3254298
3.3985993
3.009931
7.0618457
5.695694
4.264988
3.3479997
2.9517965
6.7847201
5.4532431
4.0356588
3.1227989
2.741964
6.1661574
4.8545071
3.5259952
2.7561925
2.4729262
5.3165778
4.2045106
3.173778
2.5812381
2.3545705
0.59229277
0.52296116
0.47418465
0.48349166
0.52341547
0.60313002
0.53579403
0.49117062
0.50639225
0.55150742
0.61481075
0.55038389
0.51118826
0.53440964
0.58769962
0.62219619
0.56155372
0.5303485
0.56657295
0.63321766
0.62602626
0.56913442
0.54552041
0.59264884
0.66880617
0.62854838
0.5738618
0.5544774
0.60660096
0.68586906
0.63939503
0.58770038
0.57231671
0.62671733
0.70590738
0.64859512
0.59873002
0.58497447
0.64058855
0.72132311
0.64959529
0.60159643
0.59102029
0.65079291
0.73489368
0.64785288
0.60207959
0.59495912
0.65813198
0.74427675
1.8249639
1.4649771
1.0802432
0.82556925
0.71011903
1.8213228
1.463166
1.0811405
0.82957303
0.71668708
1.8108106
1.456803
1.0800599
0.83314121
0.7230367
1.7928278
1.4443063
1.0737099
0.83112425
0.7232207
1.7760783
1.4319653
1.0664731
0.82774002
0.72198746
1.5348679
1.934723
2.7202793
3.8912248
5.0772971
1.6528943
2.1093454
3.0720893
4.5406882
5.9262352
1.9205863
2.4749041
3.5809561
5.1387483
6.5441858
2.128435
2.698526
3.8092504
5.3805992
6.8209162
2.1849301
2.74788
3.8689329
5.4737655
6.9304934
2.2347951
2.2114513
2.3936265
2.7919262
3.1118054
2.2120316
2.1023483
2.0795759
2.1589936
2.2654963
2.169364
1.8881495
1.6473631
1.5899539
1.6520462
2.1532156
1.8194709
1.5158476
1.3897631
1.3819121
2.1551219
1.8285025
1.5028278
1.3198057
1.2755829
1.8484446
1.9194765
2.2093053
2.7524871
3.2997387
1.7519103
1.8476262
2.1569322
2.7114157
3.2647571
1.5238909
1.6872731
2.061707
2.6520303
3.2191966
1.3277852
1.5221748
1.9443608
2.5742839
3.1610592
1.265427
1.4550673
1.8801587
2.521338
3.1175421
