FiniteElementSpace
FiniteElementCollection: L2_2D_P4
VDim: 1
Ordering: 0

0.63323314
0.55452539
0.4644121
0.38422727
0.33013448
1.46056
1.2300312
0.94984917
0.73147239
0.61158934
1.8997242
1.6084348
1.2593277
0.98025059
0.82244658
2.6996661
2.2794722
1.7726184
1.3732824
1.1504139
3.2278782
2.7257736
2.1246886
1.6489001
1.382457
0.12805473
0.10906535
0.086862893
0.070231398
0.061641049
0.20455881
0.17042472
0.13137834
0.10287233
0.088342793
0.2776329
0.23139593
0.17841897
0.13946993
0.11938444
0.38467091
0.31993732
0.24558102
0.19064747
0.16208786
0.46546492
0.38723321
0.2970383
0.23002248
0.19497235
0.053165932
0.059749113
0.075232207
0.099717746
0.12323801
0.065107662
0.071586153
0.088012438
0.11492837
0.14114365
0.081625559
0.08824606
0.10625057
0.13656961
0.16631424
0.10071788
0.10663912
0.12504475
0.15766321
0.19035492
0.11472531
0.11983433
0.13819634
0.17244932
0.20756603
0.49734285
0.63405868
0.9064198
1.2954886
1.6505553
0.55922586
0.70942765
1.0059308
1.4336116
1.8357358
0.64583439
0.82444373
1.1917709
1.7456481
2.2779605
0.75478223
0.97247833
1.4173766
2.0648278
2.6590477
0.83534202
1.0723846
1.5411318
2.1975379
2.7862075
10.33104
8.7717371
6.8677993
5.3367823
4.4708988
12.608875
10.694285
8.3566325
6.4803069
5.4207782
16.903802
14.295274
11.132173
8.6051835
7.18291
22.698755
19.108307
14.808194
11.402524
9.4929943
27.757407
23.302152
17.984962
13.801175
11.465122
1.4583362
1.2020794
0.90717353
0.68747654
0.57136442
1.7509241
1.4406793
1.0842903
0.81920556
0.67908843
2.2839376
1.8735065
1.4038487
1.0557435
0.87197389
2.9706028
2.430316
1.8136243
1.3574376
1.1167782
3.5495922
2.8985301
2.1565697
1.6088402
1.3202685
0.24940719
0.23945688
0.24480299
0.27584582
0.3138552
0.28332679
0.26820342
0.26792457
0.29516618
0.33152281
0.34298019
0.31832676
0.30775096
0.32770588
0.36038499
0.41730306
0.37988172
0.3555183
0.36700988
0.39631411
0.47812951
0.43102607
0.39526923
0.39802088
0.42378233
1.009774
1.2532061
1.7385289
2.4301691
3.0598108
1.0290555
1.2724727
1.7569453
2.446868
3.0768797
1.059368
1.2990011
1.7795397
2.4684371
3.0992553
1.0933374
1.3282634
1.8033955
2.4876471
3.1154024
1.1213872
1.3505212
1.8203351
2.5004113
3.1246407
9.6605386
7.7884407
5.6915842
4.1729507
3.3838553
11.302496
9.0939906
6.625486
4.8436842
3.9206969
14.102252
11.318101
8.2158469
5.9843168
4.8314602
17.416123
13.946574
10.090872
7.3254048
5.8998279
20.014148
16.004311
11.552983
8.3672756
6.7283231
1.090049
0.93942176
0.79143244
0.72292881
0.72183668
1.2685024
1.1000762
0.9330718
0.84555426
0.82823337
1.5542321
1.3590485
1.1800575
1.1031515
1.0975989
1.8645391
1.6285813
1.4249873
1.3700666
1.409967
2.1022524
1.8304667
1.5920664
1.5236503
1.5711733
1.4561798
1.6203372
2.00985
2.6009657
3.1582698
1.5710445
1.6956929
2.0245672
2.59077
3.153501
1.8548342
1.9038564
2.1563745
2.6525846
3.1582138
2.4841485
2.4822363
2.588556
2.8564511
3.1823965
3.3425381
3.1225867
2.9035976
2.9595257
3.193199
41.57315
33.02426
23.619485
16.941189
13.52379
46.217477
36.70166
26.211117
18.772296
14.969487
53.431912
42.426254
30.248936
21.623879
17.219922
61.055197
48.476145
34.516877
24.633572
19.593004
66.409148
52.72852
37.518901
26.749419
21.26048
4.0662214
3.5340604
3.0841759
2.9848631
3.113482
4.4325395
3.8247475
3.2940605
3.145401
3.2550658
4.9857704
4.2654571
3.6151243
3.3840736
3.450937
5.5679547
4.7269664
3.9446878
3.6213767
3.6434226
5.9775728
5.0499793
4.1737158
3.7866279
3.7779743
7.5149411
6.1020651
4.6121399
3.6679916
3.2827565
7.6080873
6.1695588
4.6610222
3.6997221
3.2914333
7.7222166
6.2571008
4.7089101
3.7172984
3.2970131
7.8099208
6.3231782
4.7519185
3.7403842
3.3056757
7.8601921
6.3620526
4.7773564
3.7544393
3.3112978
96.300163
77.342848
55.016843
39.110249
31.071705
100.44085
80.966736
57.624676
40.937436
32.536009
105.79241
85.774283
61.149061
43.414868
34.529035
110.20584
89.863561
64.211861
45.573427
36.271353
112.65518
92.1888
65.965072
46.805197
37.278971
8.411777
6.96751
5.5231692
4.7341687
4.5216141
8.7892151
7.2649058
5.7327587
4.8803126
4.632971
9.3203294
7.6821885
6.0260524
5.0823698
4.7846204
9.8218063
8.0758556
6.290873
5.2542705
4.9131878
10.132125
8.313357
6.4592608
5.3717461
4.991484
8.0229805
6.4821052
4.8478638
3.7866926
3.3220548
8.0252206
6.4827881
4.845707
3.7807713
3.3145891
8.0090291
6.4660614
4.8277045
3.7647097
3.3012006
7.9598974
6.4224116
4.796465
3.7406385
3.2768835
7.9075917
6.387039
4.7641798
3.7019427
3.2403387
119.34417
98.840999
71.381379
50.995438
41.008405
118.88832
98.461981
71.116586
50.840787
40.926161
117.64421
97.330148
70.348817
50.42517
40.693971
115.77726
95.475618
68.955189
49.541722
40.054935
114.08386
93.756334
67.597492
48.599346
39.310831
14.865303
11.750307
8.5181879
6.3649496
5.3410792
15.663346
12.344626
8.8053058
6.4559456
5.3501976
16.147241
12.809691
9.1629258
6.6173037
5.3513811
16.21373
12.848713
9.1795934
6.603837
5.3021126
16.135259
12.773259
9.0895987
6.5214909
5.2419826
3.8424281
3.3086107
2.6450373
2.225385
2.0876143
2.989891
2.6562508
2.291127
2.0492275
1.9683146
2.3614945
2.0498445
1.776143
1.6789907
1.696554
2.0674764
1.7942507
1.5378214
1.4477683
1.4822419
1.9422827
1.6885749
1.4690442
1.3916557
1.4200555
0.30087027
0.25882108
0.20717846
0.16453185
0.13970369
0.5588668
0.46576291
0.35529729
0.27054612
0.22471351
0.75045139
0.62724055
0.48068642
0.36712357
0.30517358
1.0498884
0.87619679
0.66945324
0.50987592
0.42311927
1.2618438
1.0541486
0.80731327
0.61618162
0.51185871
1.4115124
1.1784459
0.9015556
0.68736116
0.57043444
1.7251315
1.4393397
1.0995532
0.83680454
0.69359169
2.2956137
1.9162098
1.4624782
1.110469
0.91858336
3.0535278
2.5480334
1.9429739
1.472703
1.215942
3.6979193
3.08338
2.3482543
1.7772031
1.4656195
3.6372078
3.0703875
2.3867567
1.8475432
1.5471068
4.402562
3.7312298
2.9117956
2.2576884
1.8909705
5.7433494
4.8900762
3.8424667
2.9954485
2.5145042
7.6610823
6.5188322
5.1174235
3.986421
3.3452345
9.3448128
7.937925
6.216779
4.8340664
4.0529379
0.05800465
0.052597885
0.048249907
0.048221622
0.050893432
0.082232562
0.072745063
0.064119202
0.061453454
0.063120423
0.11081713
0.097342475
0.084431536
0.079120534
0.079858735
0.14981428
0.13022915
0.11061726
0.10084063
0.099638101
0.17983018
0.15550415
0.13062761
0.11721717
0.11431016
0.19852404
0.17108751
0.14270736
0.12686445
0.12283305
0.23821217
0.20415095
0.16830381
0.14718856
0.14067625
0.30890261
0.26284861
0.21366832
0.18334812
0.17253826
0.40040869
0.3384688
0.27147867
0.22850956
0.21139551
0.47682944
0.40137358
0.31907213
0.26480705
0.24171699
0.51847536
0.43082618
0.3298111
0.25479251
0.21550907
0.63005093
0.52287618
0.39937376
0.30747191
0.25916266
0.83350341
0.69006006
0.52487365
0.40189003
0.33708139
1.1020592
0.91007317
0.68914787
0.52480486
0.43815067
1.3275146
1.0948201
0.82713077
0.62789044
0.52270056
0.13787145
0.17292145
0.24334779
0.34520417
0.43954042
0.15753639
0.19691477
0.27619093
0.3904266
0.49544441
0.18491535
0.22966288
0.3196215
0.44990813
0.5711567
0.21101959
0.26128856
0.36449661
0.51809458
0.66407882
0.23003492
0.28522283
0.40018565
0.57236332
0.73525385
0.2408821
0.29910912
0.4207875
0.60153039
0.76995265
0.26513124
0.32814528
0.4567582
0.64185379
0.81054729
0.29449687
0.35831817
0.48750893
0.67376513
0.84524117
0.31605606
0.37931931
0.50987921
0.70067132
0.87688061
0.33026066
0.39381349
0.52620495
0.71950448
0.89711225
0.122824
0.12734591
0.14551116
0.18065293
0.21728013
0.13974654
0.14318464
0.16160455
0.19944375
0.23941855
0.16995231
0.17121558
0.18861957
0.2272858
0.26828123
0.2061428
0.20312728
0.21580498
0.25107054
0.29044006
0.2338534
0.22663062
0.23470791
0.26682556
0.30490968
1.8639044
2.3739082
3.3682678
4.8790541
6.4748698
2.089954
2.7062492
4.0337351
6.1052798
8.0785206
2.6107405
3.4149162
5.0207697
7.2766353
9.3071693
3.0202022
3.8600346
5.4893128
7.7971051
9.9215449
3.1418899
3.9739029
5.6355973
8.0259811
10.198479
3.1705092
4.0345203
5.7437607
8.1385854
10.300668
3.2669324
4.1435661
5.8542377
8.2680256
10.469922
3.3478029
4.2313357
5.967525
8.4204711
10.64818
3.4000509
4.2956885
6.049912
8.5220386
10.768744
3.4311433
4.3299079
6.0889502
8.571344
10.827848
0.87207086
1.1104985
1.573337
2.2201799
2.8094643
0.91195138
1.1477866
1.6134559
2.2796422
2.8924776
0.94870346
1.1906819
1.6707448
2.3522002
2.9716284
0.98236064
1.2270026
1.7097025
2.3940906
3.0188949
1.0025386
1.2455121
1.7277068
2.4165998
3.0473319
4.0777973
3.3969642
2.5838955
1.9536981
1.61036
4.9399516
4.1086927
3.117967
2.3518139
1.9351458
6.5391923
5.4267165
4.1032265
3.0820591
2.5281735
8.6313714
7.144222
5.3804812
4.0252416
3.2928129
10.412017
8.6020062
6.4619966
4.8227173
3.9383539
11.445568
9.4483841
7.0900633
5.2841912
4.3103536
13.768959
11.347388
8.4905143
6.3081231
5.134331
17.949348
14.756049
10.99701
8.13533
6.6016103
23.250776
19.068471
14.160718
10.431227
8.4367833
27.654738
22.648067
16.779142
12.3201
9.9388903
0.52074839
0.43734135
0.34614916
0.28541937
0.2588388
0.61796011
0.51689993
0.40554726
0.33006553
0.29595135
0.79178011
0.65891589
0.51143865
0.40943096
0.36152837
1.0117914
0.8377954
0.64423012
0.50886342
0.44350292
1.1944279
0.98575197
0.75313324
0.58972557
0.51028585
1.2993002
1.0709846
0.81588709
0.63560459
0.54730407
1.5279724
1.2560194
0.95238018
0.73714109
0.63047789
1.9277133
1.5779587
1.1879528
0.91152151
0.77396851
2.4203928
1.9752904
1.4784884
1.1248348
0.94792767
2.81957
2.2989743
1.7189696
1.3049533
1.0955438
3.8828553
3.1669834
2.3525957
1.7525558
1.4368315
4.6200931
3.7607047
2.7854685
2.0685779
1.6918768
5.9314231
4.8138637
3.5500109
2.6240903
2.138616
7.5680711
6.1220427
4.4943303
3.3083427
2.6889732
8.9048126
7.1864417
5.2596018
3.8618283
3.1343751
0.33916562
0.40272386
0.53482122
0.72732071
0.90452014
0.35621132
0.41871359
0.55007413
0.74367617
0.92313591
0.38371469
0.44469449
0.5761542
0.77199365
0.95378695
0.41823395
0.4771631
0.60744008
0.80447435
0.98845138
0.44503249
0.50353869
0.63370232
0.83139805
1.017465
0.45973634
0.516234
0.64745171
0.8481913
1.0354687
0.49606198
0.55017046
0.6790689
0.88155229
1.0724466
0.55575614
0.60953427
0.7397247
0.94510501
1.1414767
0.63140482
0.67968584
0.81367052
1.0327765
1.2381908
0.7062854
0.75173179
0.87504045
1.096262
1.3197948
0.51145982
0.45887006
0.41841438
0.41790634
0.44041744
0.58658431
0.52044284
0.4656628
0.45738993
0.47767626
0.71689607
0.62912342
0.55003087
0.52496343
0.53876745
0.87431519
0.76080375
0.65631401
0.61480802
0.61913434
1.0074265
0.86920091
0.73931592
0.6872713
0.6923216
3.4423189
4.3408844
6.1045526
8.5929371
10.851702
3.4609525
4.3631708
6.1314459
8.6242536
10.888479
3.4835682
4.3862526
6.1562405
8.6530436
10.920898
3.4985766
4.3994968
6.1678753
8.6636908
10.931428
3.505504
4.4032408
6.1691319
8.6622896
10.926571
3.5098556
4.4074923
6.1684525
8.6563517
10.919027
3.5134652
4.4053892
6.1600648
8.6411912
10.898513
3.5159906
4.3966065
6.1374487
8.6042674
10.847916
3.5173063
4.3885488
6.1040705
8.5382663
10.761853
3.5092018
4.3594249
6.0615528
8.4809408
10.681655
1.1390412
1.365165
1.8282019
2.503312
3.1278564
1.1751599
1.3944094
1.8493357
2.5168767
3.134952
1.2416411
1.4456187
1.8843966
2.5371682
3.1438364
1.3354116
1.5183555
1.9237529
2.5508992
3.148091
1.4160179
1.5766452
1.9671265
2.5797927
3.1553842
30.158477
24.680576
18.261295
13.38824
10.788088
35.530842
29.070129
21.475367
15.710595
12.636283
44.671815
36.560937
26.969117
19.675547
15.788651
55.286348
45.369922
33.478472
24.376876
19.52398
63.26703
52.154303
38.553675
28.060259
22.459193
67.484196
55.843274
41.350277
30.097618
24.087112
75.966014
63.500498
47.22006
34.366923
27.514433
88.397884
75.548351
56.852761
41.36188
33.124782
99.79036
87.900194
67.652668
49.329898
39.44048
106.42406
96.025198
75.525869
55.343525
44.153752
3.0429765
2.4798958
1.8544877
1.4097628
1.184951
3.5228206
2.8668881
2.1417561
1.630712
1.3754004
4.3354739
3.5188013
2.6192976
1.9906501
1.6814329
5.2874097
4.2800672
3.1722544
2.3992092
2.019862
6.024882
4.8692776
3.6000235
2.7151173
2.2805885
6.4525126
5.2216222
3.8770299
2.95173
2.5077146
7.3078351
5.9022435
4.3681289
3.3117207
2.8030123
8.7077202
7.0143508
5.1664855
3.8917763
3.2756921
10.2754
8.2594787
6.0603515
4.5436636
3.8106082
11.44157
9.1852098
6.7248537
5.0289721
4.2084422
21.452985
17.146301
12.368636
8.9556288
7.2033089
24.480184
19.545332
14.074485
10.168721
8.1652943
29.4503
23.472072
16.867251
12.155234
9.7394023
35.078483
27.902259
20.005499
14.383419
11.50302
39.297482
31.226691
22.352821
16.046175
12.817249
0.73559604
0.79229049
0.93273536
1.1485769
1.3618031
0.83289665
0.87406676
1.0154262
1.2577664
1.4836014
1.1077547
1.1507913
1.2810535
1.5251052
1.7792856
1.4513844
1.5762531
1.8317836
2.151549
2.418121
1.6268407
1.7960539
2.2149785
2.8221338
3.2825486
2.1577946
2.4710389
3.1768963
4.3177431
5.5102254
2.3413359
2.6970855
3.5643184
4.9911305
6.3767336
2.7155885
3.1462463
4.1311561
5.6282844
7.0234913
3.0423064
3.4630446
4.423964
5.9136535
7.3324677
3.1866363
3.5811533
4.5311999
6.0389921
7.4661091
2.3302004
2.0713931
1.8824297
1.9063322
2.0465418
2.5985958
2.2973503
2.0663819
2.0716852
2.2169076
3.0274744
2.6595425
2.3758174
2.3833953
2.564104
3.5151713
3.0763345
2.732514
2.7170706
2.8925595
3.8765444
3.380065
2.9736993
2.9087213
3.0525727
3.5057689
4.3369829
6.0166679
8.4355309
10.640092
3.5059689
4.3423524
5.9956394
8.3517028
10.515922
3.4778802
4.257556
5.8412445
8.1186129
10.202838
3.4127178
4.0109635
5.3609598
7.4843655
9.5096314
3.3739327
3.8770811
5.0030536
6.7808699
8.5735403
3.2906519
3.5184674
4.1994328
5.3037451
6.261775
3.2520992
3.3846736
3.8414361
4.6000009
5.3253289
3.1877535
3.1383464
3.3607248
3.9647064
4.6306655
3.1608641
3.0537933
3.205365
3.7295628
4.3147952
3.1619604
3.0591763
3.1832228
3.6435689
4.1877254
5.5525223
4.5294395
3.6590885
3.2790029
3.239616
6.4127158
5.1711438
3.9749819
3.3825708
3.2507261
7.0488295
5.7546046
4.4103643
3.5882842
3.2760393
7.3439837
5.9712279
4.547447
3.6530816
3.2825045
7.4689633
6.0541127
4.5667809
3.6453778
3.2791326
109.39435
99.951063
79.625386
58.593201
46.692632
114.21855
106.98921
87.629803
65.225913
51.879079
119.17477
115.58949
98.969037
75.446245
59.970017
122.12767
122.04933
109.30279
85.910447
68.549688
123.19854
125.2049
115.4767
92.916895
74.560782
123.52912
126.47187
118.31281
96.375346
77.626952
123.85807
128.34882
123.21811
102.83125
83.544346
123.8506
129.95224
128.9623
111.41577
91.866464
123.58805
130.72463
133.30052
118.86153
99.570985
123.44828
131.02885
135.63513
123.26241
104.37174
12.067977
9.6819952
7.0811227
5.2883331
4.4190916
13.348024
10.695649
7.8034429
5.8054262
4.8309083
15.338775
12.266214
8.9134653
6.5912874
5.4534338
17.438143
13.919779
10.08097
7.41804
6.1086822
18.913591
15.08203
10.902757
8.0007385
6.5702628
19.675573
15.682721
11.32726
8.3008983
6.80741
21.17284
16.863923
12.162452
8.8932843
7.2774575
23.360001
18.593166
13.387369
9.7629765
7.9673057
25.497149
20.283309
14.584015
10.612704
8.6424757
26.889969
21.383922
15.364533
11.16945
9.0879337
69.158068
54.918811
39.066374
27.840597
22.12122
74.502061
59.199159
42.09708
29.982904
23.813765
82.15501
65.413536
46.50467
33.104933
26.289189
89.427385
71.464087
50.810407
36.150847
28.713598
94.066081
75.414578
53.632989
38.137928
30.297124
3.2435062
3.6429692
4.6032915
6.1007934
7.5149895
3.3784253
3.7613035
4.6958424
6.1846699
7.611359
3.5554573
3.9095871
4.8221815
6.3061877
7.7322253
3.7302445
4.0572709
4.941652
6.4070719
7.8270161
3.851617
4.1561176
5.0156466
6.4664675
7.8814003
3.9113738
4.2031203
5.0513825
6.4961982
7.9077484
4.0273024
4.2968813
5.1212179
6.5488897
7.9523475
4.1945272
4.4290536
5.2146838
6.6154124
8.0054608
4.3539598
4.552534
5.2984608
6.6705638
8.0456432
4.4568676
4.6304025
5.3498755
6.7019999
8.0643913
6.1880149
5.2165666
4.2934337
3.8731127
3.8460078
6.6055389
5.5465641
4.5268058
4.0375477
3.9759137
7.217253
6.0276165
4.8648145
4.2758838
4.1644354
7.816398
6.4990946
5.1964334
4.5082696
4.3456641
8.2126632
6.8104437
5.4156409
4.6618392
4.4642881
3.1589654
3.0366641
3.1375729
3.5967173
4.1442841
3.151576
3.0070409
3.0929892
3.5358848
4.0595642
3.153073
2.9970846
3.0549277
3.4624429
3.964065
3.153982
2.984182
3.0246366
3.4141896
3.8994989
3.1550332
2.977266
3.0084563
3.3884441
3.8661488
3.1568658
2.9783325
3.0032951
3.3759242
3.8504839
3.1581827
2.9740124
2.9927043
3.3585893
3.8265584
3.1598193
2.9694757
2.9799426
3.3377621
3.7997993
3.158886
2.9652212
2.9702451
3.321515
3.7786055
3.1578966
2.9618972
2.9629476
3.311078
3.7663903
7.8845472
6.3813413
4.7873717
3.7568842
3.3124859
7.9243438
6.4104928
4.8061231
3.7677985
3.3173979
7.9712621
6.4460762
4.8283066
3.7791654
3.3221668
8.0054118
6.4710937
4.842632
3.7849151
3.3232644
8.0196434
6.4804697
4.8463381
3.7856531
3.3229143
123.40584
131.16864
136.67808
125.2931
106.65427
123.39308
131.46679
138.50855
128.91053
110.83484
123.64373
132.07533
140.76054
133.30885
116.14607
123.92554
132.64277
142.4188
136.63437
120.43709
123.84544
132.78121
143.12211
138.30002
122.77609
123.69502
132.76161
143.36797
139.03295
123.87201
123.43189
132.73421
143.69
140.05827
125.52893
123.66377
133.12948
144.26217
141.28601
127.40094
124.72181
134.07737
145.02932
142.24529
128.6343
125.44388
134.72517
145.53061
142.65752
129.04719
27.570193
21.920459
15.74794
11.446976
9.3109743
28.860611
22.942414
16.476702
11.971145
9.7336776
30.621378
24.340718
17.482316
12.70062
10.327095
32.163559
25.566866
18.377424
13.370811
10.883606
33.06646
26.296328
18.908794
13.766739
11.225444
33.490111
26.646507
19.182705
13.968942
11.384009
34.265523
27.247755
19.619496
14.321886
11.696638
35.213072
28.050075
20.254327
14.849756
12.198677
35.865875
28.72942
20.999713
15.625093
12.960591
36.126015
29.016816
21.434592
16.337128
13.861706
113.81564
93.301699
66.807928
47.392341
37.753976
115.62524
95.161552
68.33049
48.492308
38.633703
117.61965
97.167882
69.952205
49.703971
39.663893
118.8727
98.349167
70.853043
50.396625
40.319441
119.27464
98.726489
71.176464
50.668092
40.575695
4.5089514
4.6719395
5.3748564
6.7131462
8.0695403
4.6047156
4.7417626
5.4161362
6.7321767
8.0754351
4.733526
4.83229
5.4636207
6.7453235
8.0653169
4.8448917
4.9115122
5.4939953
6.7281349
8.0214065
4.9004634
4.9341176
5.4906359
6.7028355
7.9710731
4.926736
4.9369899
5.4665342
6.6745565
7.9452178
4.9798072
4.9867492
5.4827187
6.6256489
7.8558473
5.0205806
4.9633708
5.3836064
6.4487231
7.6043814
5.013372
4.7768838
4.9708191
5.8934681
7.0019426
5.0023779
4.6766783
4.6628092
5.2647831
6.1590733
10.275226
8.4377194
6.5588145
5.4335113
5.0271497
10.559438
8.6474981
6.6707854
5.4946334
5.0806124
11.02738
9.0038032
6.9128927
5.6418607
5.1589085
11.768609
9.6750518
7.4176978
5.906953
5.2413195
12.661261
10.345128
7.7582404
6.0342339
5.2779663
3.1555976
2.9576076
2.9584168
3.307001
3.761959
3.148191
2.951165
2.9518595
3.2980991
3.7508375
3.1358196
2.9388792
2.9376721
3.2821387
3.7341653
3.1105084
2.9134639
2.9154797
3.2633449
3.7161148
3.0789632
2.8907676
2.8988543
3.2450455
3.6946296
3.0722874
2.8825818
2.8836316
3.2252494
3.6746849
3.0135334
2.8180002
2.820617
3.1723874
3.6305925
2.8212648
2.6555936
2.7046033
3.0948382
3.5719479
2.5953644
2.4967059
2.6100668
3.0355234
3.5260923
2.4993124
2.4251777
2.5578232
2.9944112
3.4909668
7.8795461
6.3484819
4.7214398
3.6792641
3.2319452
7.7832141
6.265432
4.6683367
3.6338407
3.1779065
7.5209207
6.0345585
4.4470776
3.4142826
2.9724908
6.9112982
5.442797
3.9422547
3.051041
2.7060949
6.0646464
4.7950724
3.5915899
2.8771193
2.5885043
125.42723
134.70702
145.51837
142.67299
129.09658
124.56058
133.89859
144.84443
142.12737
128.60389
123.44383
132.87754
143.99589
141.11765
127.36072
123.29096
132.57002
143.53147
140.00823
125.60952
123.66804
132.72624
143.34631
139.10101
124.05981
123.91486
132.84815
143.20842
138.47522
123.06001
124.27595
132.99116
142.7631
136.99603
120.83673
124.33959
132.76182
141.37719
133.83819
116.64363
124.25096
132.32634
139.24343
129.47778
111.34622
124.27436
132.04539
137.40081
125.82163
107.13699
75.297549
83.75264
96.473398
109.65938
119.04151
75.859873
84.29985
96.987627
110.10856
119.41252
76.470304
84.784713
97.300217
110.26657
119.46672
76.857398
85.090523
97.470731
110.29583
119.39329
77.163922
85.350873
97.675773
110.42837
119.45089
36.619288
29.661916
22.375413
17.819501
16.081344
36.580216
29.71394
22.638928
18.404042
16.877509
36.438383
29.75112
22.906564
18.824602
17.352347
35.909519
29.39764
22.727709
18.778482
17.401907
35.257088
28.897424
22.407036
18.607649
17.304794
4.9389199
4.3455977
3.9021237
3.8581331
3.9527694
4.904104
4.2273875
3.5819524
3.2210306
3.1032482
4.8253969
3.9851738
3.1304854
2.6387864
2.4795714
4.752729
3.8718534
2.9675279
2.4165949
2.1922695
4.7047244
3.8414805
2.9266491
2.3269586
2.070429
2.0580424
2.0859543
2.3289362
2.839765
3.3711421
1.9605194
2.013329
2.2760139
2.7982869
3.3358191
1.7299596
1.8509619
2.1793471
2.7378587
3.2894144
1.5299857
1.6828252
2.0598497
2.6585622
3.230017
1.464161
1.6129976
1.9937301
2.6042543
3.1854101
