FiniteElementSpace
FiniteElementCollection: L2_2D_P4
VDim: 1
Ordering: 0

-4.5800937
-2.4275437
1.754792
5.9702883
4.589679
-6.6041934
-6.7885495
-6.00829
0.46664992
2.2152573
-4.4530504
-12.018335
-18.367543
-4.0787665
-5.8092762
-4.0251299
-15.015989
-29.359502
-14.798848
-17.50521
-4.087547
-17.04871
-35.500431
-20.486196
-21.944133
14.682106
35.496774
4.1940089
-26.430663
-1.232027
16.639957
20.812066
12.196489
-0.74599911
5.0129258
-9.733976
-4.1766342
8.8350604
26.027511
33.7066
-6.1418629
4.4748341
17.143979
26.010078
35.617043
-14.078238
-2.2351487
19.192799
40.881935
48.934437
28.877914
31.997798
34.315508
27.771354
22.924832
54.505732
51.480365
42.011495
32.756918
26.730059
107.97074
85.268464
60.740073
43.731519
34.284692
137.98471
107.34439
75.812212
54.085502
41.667925
141.62631
117.53735
84.642673
59.195902
46.32255
4.650573
3.6960473
2.6654085
1.9048292
1.5109196
6.2497485
4.9164726
3.4808978
2.4781977
1.9653624
8.3999106
6.5367145
4.5339254
3.161479
2.480876
10.231248
8.0817029
5.6825251
3.9713341
3.1048808
10.885701
8.6363588
6.1498246
4.3595096
3.4309449
-3.0461096
-21.948391
-53.515479
-48.336894
-46.469335
-2.8951915
-21.272687
-53.565516
-52.075227
-48.357073
-3.5489813
-19.715801
-52.566514
-57.340992
-52.258393
-2.9080784
-18.104603
-50.338314
-60.421581
-54.865853
-2.202323
-17.340489
-49.096722
-61.106561
-54.748757
-6.4664677
20.402617
58.710397
90.336813
106.07314
-8.8613443
20.435038
62.743972
97.852332
115.60023
-13.977339
18.074462
65.952256
107.67024
129.18603
-21.355949
13.027117
66.449312
115.52042
141.79345
-27.445367
8.5366151
65.152055
119.2401
149.47678
191.98639
153.20221
108.62018
77.725063
61.635218
198.31842
157.89949
112.4129
80.342627
63.502686
208.03118
165.71
118.12519
84.565978
67.008905
218.81769
174.32994
124.39995
89.056943
70.642578
227.45086
181.18578
129.38208
92.635977
73.466138
15.476995
12.286285
8.7502215
6.2252657
4.9333438
16.098927
12.770447
9.1031403
6.4918677
5.1513413
17.053305
13.549637
9.669777
6.902065
5.4829017
18.042005
14.349238
10.261734
7.3383165
5.8343701
18.814403
14.960204
10.700661
7.6593946
6.0944961
-1.5417307
-12.317998
-40.09445
-56.611405
-45.056867
-1.1974914
-11.897544
-38.283425
-54.257049
-42.15273
-1.9268045
-10.051793
-36.266809
-52.214227
-39.328514
-1.3053711
-8.8373652
-34.03857
-50.387542
-36.143411
-1.2998208
-8.8606099
-32.824755
-48.780219
-31.366998
-85.36342
-48.510531
23.194368
106.92346
163.90498
-92.671211
-58.023637
11.836183
96.607459
157.68374
-106.42689
-71.109156
-1.3378928
83.329194
147.38563
-121.84503
-84.630582
-14.550664
70.410757
136.53425
-132.35724
-94.920803
-25.217866
61.990017
130.03642
300.28181
239.81655
171.46417
122.88068
97.530543
316.79783
253.4124
181.28725
129.92139
103.11782
344.71999
276.4352
197.73261
141.66038
112.38506
375.73099
301.72504
215.90985
154.65659
122.53542
396.82985
320.82077
229.58305
164.28072
130.30034
25.042016
19.930335
14.268854
10.218729
8.133656
26.43527
21.03438
15.050717
10.771846
8.5711389
28.696553
22.818098
16.310523
11.66123
9.2720294
31.154204
24.750635
17.671576
12.621408
10.028768
32.965068
26.176679
18.674485
13.326655
10.58371
2.088952
1.6631075
1.1913716
0.85449435
0.68170868
2.1974371
1.7489407
1.2524853
0.89813925
0.71642784
2.3694843
1.8849122
1.3489471
0.96682723
0.77106366
2.5538271
2.030789
1.4525765
1.0405675
0.82960726
2.6885517
2.1371619
1.5279534
1.0941429
0.87213958
-1.9081097
-5.4752227
-26.895926
-38.425803
-14.721403
-2.3078006
-5.037284
-26.413403
-36.727345
-13.10839
-1.2716022
-4.6515255
-25.799005
-34.924369
-12.006431
-2.054911
-3.2335174
-25.457077
-33.737874
-7.2686999
-2.5491748
-2.8415344
-24.677507
-33.302934
-5.8275122
-163.77949
-135.08982
-70.582076
19.300905
92.279909
-164.18649
-135.24949
-70.031584
20.607278
95.577067
-166.18196
-135.41177
-67.68
24.966034
101.93896
-166.23254
-134.22224
-65.903256
27.923262
106.20639
-162.94559
-131.24756
-64.541955
28.805149
107.34294
451.55694
400.83379
310.577
225.03064
178.1142
451.09162
406.12067
321.1497
235.13614
185.94094
445.75417
410.39987
334.68275
249.60589
197.62575
438.13391
410.73151
345.14499
263.21516
209.26462
431.31796
409.26806
350.90205
271.90423
217.09583
44.653196
35.381795
25.162057
17.901938
14.188296
46.67573
36.986174
26.300498
18.707157
14.823387
49.609156
39.315321
27.963826
19.893797
15.764261
52.541698
41.637161
29.617503
21.071967
16.698124
54.550563
43.224927
30.739624
21.864106
17.32304
3.564218
2.8284025
2.0174308
1.4417403
1.1479589
3.7197471
2.9511067
2.1041315
1.5030692
1.1964375
3.9503736
3.1327904
2.2323286
1.593734
1.2681551
4.1807415
3.3146227
2.3610046
1.6850011
1.3404741
4.3358793
3.4375054
2.4482404
1.7469671
1.3896452
65.844637
52.160549
37.067413
26.34151
20.855427
67.520627
53.475622
37.992304
26.996105
21.373794
69.821279
55.283505
39.25999
27.884185
22.071389
71.905588
56.927884
40.420585
28.699315
22.71034
73.118287
57.886192
41.103154
29.182473
23.08976
5.1950507
4.1157967
2.9288252
2.0886526
1.6610203
5.3230811
4.2165049
2.9996281
2.1385476
1.7005454
5.4949985
4.3527323
3.0966595
2.2078765
1.7558154
5.6460627
4.4730236
3.1843195
2.2733903
1.8103062
5.7340164
4.5428725
3.2354236
2.3127862
1.8448194
76.606234
60.607513
43.005838
30.51239
24.131756
76.400908
60.45266
42.904834
30.446726
24.082335
75.719773
59.92538
42.541262
30.198109
23.891368
74.651106
59.091167
41.955313
29.785691
23.566965
73.695935
58.341671
41.425446
29.410334
23.27034
5.9961143
4.7563536
3.4003127
2.4512221
1.9763761
5.9872052
4.7503232
3.3979917
2.4524206
1.9801187
5.9461027
4.7192775
3.3787526
2.4427687
1.9763121
5.8717205
4.6624529
3.3417533
2.4207595
1.9627884
5.8028603
4.6099067
3.3073808
2.3998713
1.9494494
4.7966263
5.4874683
6.9688063
10.539971
16.097898
2.8349623
1.6254114
2.8955579
7.0865382
11.502554
-5.985997
-12.648045
-15.489324
-12.067325
-9.4862087
-18.630785
-31.093911
-34.394561
-23.764729
-12.379304
-26.075978
-41.577866
-42.967482
-28.566885
-18.494451
-28.098055
-44.498456
-43.984787
-28.989519
-17.662146
-33.493303
-51.2867
-49.256724
-31.051194
-16.248384
-41.354392
-60.56176
-55.736526
-33.661386
-16.044077
-48.250262
-68.121546
-61.851427
-38.102045
-17.262513
-52.277521
-72.849134
-67.545281
-41.412337
-18.506847
-3.4560435
-18.055659
-37.971478
-21.362125
-22.85969
-3.9093723
-19.592035
-43.238835
-27.054187
-28.317678
-4.5985118
-21.856785
-48.88134
-34.517926
-35.549002
-3.3163638
-22.947743
-51.98484
-41.105371
-40.909708
-2.9825738
-22.472943
-53.261058
-45.96237
-45.018204
-2.9321991
31.567865
18.632794
-19.838945
11.678538
14.287881
35.57182
42.867412
36.640061
46.838534
33.075256
41.957217
60.829537
80.136834
103.26626
41.626581
55.299815
74.89036
103.36924
136.85627
52.045287
64.355165
84.092186
118.44705
144.00796
58.957415
70.29212
91.269957
124.27875
150.6472
68.284357
81.156094
102.51135
133.35524
163.68709
82.36394
94.281201
114.38711
145.40486
175.45615
97.626607
109.04067
127.63308
157.7105
185.48197
107.05903
118.78504
136.34921
163.5245
191.79061
-11.520163
3.32825
25.065831
42.943465
54.471717
-8.3007235
7.9882811
30.28805
49.826871
62.272219
-6.1337593
13.865712
41.358634
64.52415
77.066728
-5.3988317
18.181891
50.973971
77.312941
91.32671
-5.857681
20.174397
56.21365
85.743554
101.0681
18.269746
12.813302
9.0565287
6.5664931
5.2019308
24.362777
19.352698
13.260773
9.0742872
7.0836396
30.347926
24.146347
17.304136
12.223813
9.5404452
37.224955
29.105703
20.441415
14.527557
11.525497
40.997692
32.116805
22.31061
15.567125
12.268324
42.753153
33.625886
23.632527
16.478402
12.846888
45.615181
35.877796
25.230004
17.766868
13.962531
49.092672
38.854287
27.52048
19.462887
15.357845
51.666198
40.916317
29.10882
20.710809
16.394216
53.88102
42.631007
30.27974
21.560416
17.104394
148.99931
121.57624
87.667116
61.848183
48.17852
162.58537
128.45999
91.567976
65.770418
51.285408
174.79634
139.45302
98.330766
70.00732
55.250418
182.27925
145.19362
103.30587
73.827423
58.032529
189.47419
150.5354
107.09195
76.834404
60.543277
1.3410694
1.0625454
0.75875885
0.54136321
0.42984022
1.7463632
1.3843551
0.98320157
0.69771267
0.55180098
2.1930282
1.7280007
1.2228226
0.86747189
0.68630374
2.738184
2.1429489
1.5012559
1.0564033
0.83275034
3.0316376
2.3788247
1.6652898
1.1677886
0.91810372
3.1804093
2.5069277
1.7613068
1.2343784
0.96880719
3.3631005
2.6662878
1.8953319
1.3429995
1.0588387
3.7128416
2.9273935
2.0734586
1.4737262
1.1680446
4.0625812
3.2058216
2.2649575
1.6024643
1.2671114
4.2866998
3.3968371
2.4104108
1.7070935
1.3480252
11.347764
8.932937
6.3485415
4.5288694
3.5872109
12.329909
9.6666477
6.7830186
4.7886113
3.7890199
13.611563
10.740198
7.5747801
5.333154
4.1959879
14.547435
11.513381
8.1754154
5.8021071
4.5850378
15.191604
12.037326
8.5566919
6.0891141
4.8286269
-53.918962
-75.628664
-70.58449
-43.328319
-19.59281
-57.161235
-80.774149
-76.394
-47.687651
-22.817771
-61.406963
-88.379718
-85.850682
-55.478861
-29.019348
-65.077946
-96.668973
-96.246343
-64.63895
-37.37575
-67.862421
-102.74317
-104.18396
-71.883762
-44.191709
-68.764482
-106.22921
-108.52332
-75.673644
-47.791678
-68.531495
-113.00244
-119.00531
-83.842639
-55.374233
-67.839617
-119.04347
-133.47531
-99.786312
-71.179145
-67.292717
-121.69335
-143.85816
-114.92043
-88.579345
-66.809991
-124.23022
-147.72311
-121.3628
-99.269206
-2.7102126
-17.070615
-48.033187
-61.088652
-54.522419
-2.2701294
-16.568725
-45.868629
-59.73856
-53.108143
-0.90300768
-15.775933
-44.23325
-58.018928
-49.623537
-1.1374256
-14.232231
-42.803611
-57.565838
-46.617538
-2.1932483
-12.566369
-41.317411
-57.697819
-45.713522
112.36172
123.62404
140.58778
168.0911
194.98046
122.56659
134.09635
150.14024
175.58462
201.98111
137.33421
150.02084
165.14297
187.78656
212.42462
151.94953
166.8485
181.9295
202.21265
224.57988
161.2402
178.52074
194.43608
212.79271
233.79274
165.70858
184.49995
201.0881
218.81229
238.81589
173.98513
196.10883
214.77923
231.36309
249.6654
183.79538
212.19387
235.92675
251.77178
267.48982
189.94298
226.12806
257.72588
274.90199
288.25949
191.48249
233.63099
272.42589
291.96072
304.09323
-30.742225
5.6070644
63.694074
120.57267
152.89
-37.931745
-0.73035286
60.278308
122.33754
158.98519
-51.95813
-12.195205
53.075208
122.08615
165.1595
-69.398431
-28.575711
41.241422
117.35686
167.07794
-82.145306
-42.398121
30.446074
111.45398
165.70534
54.839107
43.52084
30.925062
21.97007
17.417494
56.543602
44.909311
32.051485
22.856037
18.123469
59.62414
47.341565
33.780914
24.12966
19.177332
62.90141
50.01293
35.728078
25.523047
20.284976
65.40217
52.012315
37.203824
26.610651
21.154611
66.791872
53.095377
37.963566
27.173813
21.624065
69.705949
55.446466
39.64983
28.366388
22.570174
74.532405
59.291434
42.418675
30.360157
24.157899
80.116581
63.731403
45.594185
32.640588
25.98127
84.429444
67.172897
48.059968
34.402
27.378988
231.94275
184.86018
132.01402
94.559136
75.051293
241.7959
192.71923
137.70385
98.613575
78.285036
258.16927
205.88397
147.17587
105.43756
83.719599
277.21864
221.24328
158.20608
113.34484
89.9847
291.96746
233.24547
166.73143
119.45275
94.846257
4.3804132
3.4742345
2.4735615
1.7586274
1.3911499
4.5755426
3.6304348
2.5876069
1.8452768
1.4644732
4.8732782
3.8717897
2.763831
1.9733441
1.5678494
5.1875372
4.1247645
2.9485096
2.1082127
1.6763942
5.4200515
4.3117443
3.0842064
2.2072561
1.7565608
5.5415316
4.4109805
3.1570774
2.2598574
1.7985764
5.7991041
4.6163366
3.3059374
2.3682419
1.8855687
6.2203273
4.9528189
3.5471767
2.5412791
2.0237559
6.6893604
5.3268744
3.8156875
2.7335746
2.1765597
7.0422062
5.606321
4.0148306
2.8758278
2.2895753
19.239007
15.30265
10.940269
7.8268152
6.2291504
20.085022
15.987449
11.444112
8.1918084
6.5186713
21.497342
17.111274
12.253654
8.7792034
6.9905712
23.123449
18.409636
13.182818
9.4423062
7.5177971
24.364798
19.39632
13.888037
9.945224
7.9160251
1.5986693
1.2726224
0.91142387
0.65324543
0.52065634
1.6764221
1.3348529
0.95646112
0.68605065
0.54715487
1.799559
1.4332537
1.0272756
0.73709909
0.58811423
1.9351278
1.5409773
1.1043223
0.79234791
0.63221673
2.0351666
1.620325
1.1608736
0.83278834
0.66447051
-66.870037
-126.11086
-149.49419
-123.87874
-102.32564
-66.649861
-128.60527
-154.97159
-128.78977
-108.25489
-63.651873
-132.14133
-164.52963
-137.62849
-121.11159
-59.91852
-133.93255
-173.74032
-150.73359
-137.34069
-58.418914
-133.65637
-178.01497
-162.20272
-149.67904
-57.056663
-134.07772
-178.78777
-166.08627
-155.50374
-55.690357
-135.26948
-181.32778
-169.32789
-161.38962
-54.08741
-135.91274
-186.19582
-171.92921
-165.44334
-50.376421
-135.56859
-190.08011
-174.8
-169.30277
-47.396297
-135.07606
-191.87856
-178.14154
-174.89869
-2.2760655
-8.4582904
-32.248599
-48.137118
-28.862315
-1.6698271
-7.83908
-30.834213
-46.197338
-27.70254
-0.89419201
-7.1774733
-29.529967
-42.826624
-23.547144
-1.6633807
-5.7838039
-28.635754
-40.356866
-17.232453
-1.861396
-5.5433411
-27.581284
-39.37808
-15.929932
190.93788
236.49238
279.62598
300.87579
312.88004
188.32012
240.57378
293.04013
319.31505
330.77402
180.98754
241.81747
309.2136
345.40283
359.32724
172.29117
240.00055
322.3601
371.85127
390.99282
166.21369
237.7608
329.53972
389.63821
412.18413
163.26632
236.45443
332.63039
399.23248
423.06533
155.60503
232.89019
338.27006
416.74894
443.0886
139.32256
223.87851
343.66564
436.98438
462.82358
129.24335
217.51407
346.7405
449.78452
472.62728
129.36075
217.0029
347.84954
453.59182
473.57084
-138.6051
-101.21779
-30.402627
57.936381
126.52062
-146.24934
-112.65736
-43.777619
46.037635
117.3044
-152.37282
-123.29233
-59.233953
27.690713
99.595288
-156.92536
-129.62289
-67.582797
17.565855
89.238311
-162.50544
-134.30388
-69.038089
19.325811
90.720677
86.834157
69.075868
49.420977
35.371181
28.142898
91.799833
73.006554
52.204314
37.346987
29.710454
99.995773
79.479397
56.781403
40.583236
32.263207
109.04627
86.599996
61.803335
44.118799
35.041051
115.7816
91.911676
65.516498
46.722257
37.091251
119.23461
94.634327
67.432684
48.073559
38.154876
126.29577
100.15267
71.318973
50.80545
40.29795
136.95321
108.47675
77.163294
54.913933
43.527042
147.50886
116.80792
83.046964
59.075659
46.807387
154.82632
122.68068
87.226317
62.031983
49.136192
407.01469
330.49269
236.7289
169.28108
134.28731
425.82917
349.02594
251.22279
179.30621
142.25623
444.04879
373.02309
272.75172
194.37347
154.30176
451.67831
389.31887
292.41222
209.51101
165.95256
452.21993
397.67003
304.91758
219.90707
174.05722
7.2355985
5.75871
4.1220361
2.9517268
2.3498802
7.6243203
6.0669922
4.3410126
3.1066813
2.4720873
8.2450194
6.5566448
4.6875543
3.3522712
2.6661782
8.9147019
7.0843787
5.0599992
3.6156467
2.8743334
9.4052643
7.4711348
5.3333021
3.808905
3.0268509
9.6607664
7.6727866
5.4761107
3.9100557
3.1066706
10.179685
8.0815594
5.7641252
4.1131132
3.2667108
10.962628
8.6982804
6.1988475
4.4196543
3.5082324
11.753359
9.3215445
6.6389324
4.7306766
3.7536304
12.312358
9.7620604
6.949742
4.9502663
3.927007
33.904745
26.915324
19.193809
13.692476
10.871924
35.803697
28.407769
20.245668
14.435176
11.45739
38.665754
30.662834
21.837095
15.558034
12.341711
41.567795
32.949802
23.447655
16.692856
13.235563
43.622812
34.566917
24.585559
17.495115
13.867885
2.7594182
2.1931164
1.567744
1.1227707
0.89523708
2.9013943
2.3051339
1.6469108
1.1787982
0.93956667
3.1152625
2.473807
1.766191
1.2633621
1.0065654
3.3323875
2.6452034
1.8875758
1.3495761
1.0749556
3.4856006
2.76626
1.9733865
1.4105083
1.1232512
-45.674802
-134.3499
-193.81021
-178.81713
-176.33959
-42.909654
-132.26371
-196.49703
-181.23772
-177.29618
-40.566127
-127.65912
-196.54384
-184.55983
-179.89379
-36.90538
-124.16298
-195.21601
-185.22144
-180.97997
-33.549889
-123.14848
-194.77841
-182.74441
-178.43461
132.05399
220.47233
350.0797
455.25182
473.29372
136.99129
225.13702
351.86411
455.53381
472.23736
143.85196
229.70159
351.76322
451.25963
465.15946
149.1313
234.38523
352.94136
444.9028
455.18335
150.38242
235.78879
352.50804
437.88986
445.89765
151.70485
236.10152
350.4716
433.70024
441.09961
157.09768
236.20125
346.25611
424.78545
431.49661
166.55581
239.31224
340.82658
410.57028
415.47613
170.32159
242.47146
338.93751
398.91063
400.2575
171.36427
244.30399
338.07371
392.04843
390.72138
-161.72613
-127.75598
-59.399165
32.717619
109.0887
-156.09585
-120.52747
-48.981197
45.369661
118.53106
-154.1769
-117.22795
-41.697736
56.370457
129.74297
-154.74964
-117.55527
-40.49635
58.633568
133.23055
-154.00421
-117.60228
-41.495791
55.923923
132.03407
158.45345
125.59635
89.296676
63.499015
50.299106
165.43957
131.18755
93.28865
66.357008
52.576723
175.78083
139.43324
99.140465
70.514174
55.879845
186.12403
147.71519
105.03323
74.689371
59.186444
193.10419
153.29126
109.02756
77.543143
61.45061
196.6585
156.13524
111.06767
79.0056
62.612235
203.75107
161.82716
115.07407
81.814159
64.827781
213.55643
169.86773
120.807
85.867538
68.033824
222.77825
177.59077
126.32336
89.803415
71.186537
228.75026
182.69233
129.94735
92.362005
73.235855
427.21572
407.97611
353.45453
276.20392
221.07698
419.67764
404.48957
357.17026
284.17158
228.91512
406.26066
396.76294
359.91957
294.07107
239.50833
392.78553
387.8174
360.62278
302.41229
249.20143
384.03089
381.36169
359.99912
307.12003
255.28797
12.596367
9.9859075
7.1079643
5.0622644
4.015478
13.159519
10.430183
7.4220594
5.2843884
4.1907116
13.995197
11.091458
7.8902106
5.6150014
4.4511719
14.824132
11.747737
8.3557327
5.9447111
4.7114533
15.377204
12.184953
8.6663104
6.1658015
4.886763
15.658887
12.407406
8.8241297
6.2780465
4.9757095
16.207185
12.840241
9.130017
6.4942383
5.1463371
16.991045
13.459621
9.5678882
6.8034138
5.3900009
17.756441
14.062159
9.9925496
7.1031521
5.6263418
18.255439
14.454939
10.269164
7.2981996
5.7801237
55.581825
44.039097
31.31291
22.267446
17.640646
57.542944
45.589405
32.41407
23.049275
18.258393
60.372452
47.82235
33.99243
24.167409
19.142334
63.154323
50.028858
35.552909
25.267576
20.008211
64.955468
51.457891
36.567398
25.985046
20.573291
4.4150344
3.5002243
2.4927974
1.7785966
1.4146612
4.5666491
3.620116
2.5779549
1.8392148
1.4627435
4.7825359
3.7903733
2.6983706
1.924697
1.5306173
4.9915997
3.955288
2.8149745
2.0073245
1.5960743
5.1272203
4.0623502
2.8909739
2.0615853
1.6392908
231.76596
185.29918
131.78822
93.638663
74.249563
237.27198
190.15401
135.25083
96.047652
76.165569
244.258
196.57447
139.93897
99.32625
78.790172
250.1151
202.16898
144.12026
102.26137
81.159849
253.33353
205.37319
146.55182
103.95818
82.539512
254.78932
206.8839
147.70674
104.74869
83.179481
257.1979
209.40359
149.68193
106.12228
84.284492
259.97557
212.3186
151.93114
107.65348
85.504052
261.57879
214.06684
153.31374
108.60244
86.25757
261.98001
214.50823
153.69942
108.90276
86.506046
18.505979
14.65241
10.407865
7.3955115
5.8565997
18.966825
15.017493
10.666924
7.5786746
6.0008039
19.58432
15.503868
11.011216
7.823036
6.1942413
20.148367
15.945019
11.319354
8.0391391
6.3646398
20.482816
16.206448
11.501369
8.1661953
6.4645267
20.637035
16.328005
11.587249
8.2266685
6.511977
20.900679
16.53652
11.734993
8.3309505
6.5939724
21.191151
16.765148
11.895911
8.4444948
6.6838184
21.362009
16.897658
11.988114
8.5098984
6.7363046
21.406325
16.93212
12.012964
8.5285829
6.7520621
73.682503
58.330739
41.418021
29.404022
23.263515
74.655065
59.090172
41.951193
29.779649
23.559678
75.727626
59.928154
42.540869
30.195427
23.887035
76.392597
60.448298
42.904076
30.446929
24.081778
76.609801
60.61182
43.009542
30.514935
24.133263
5.776063
4.5759616
3.2591145
2.3305927
1.8602703
5.8490867
4.6335444
3.3003386
2.3613825
1.8867527
5.9291878
4.6975644
3.347425
2.3976092
1.9183972
5.9761396
4.7362078
3.3777605
2.4231378
1.9422582
5.9902476
4.7485767
3.3887101
2.4339647
1.9537596
21.405415
16.932292
12.014848
8.5322382
6.7571006
21.363122
16.900023
11.992904
8.5174387
6.7460479
21.196031
16.77114
11.904169
8.4561461
6.6987129
20.908446
16.545425
11.746483
8.346747
6.613985
20.644551
16.337576
11.600657
8.2455406
6.5357805
20.491121
16.216819
11.515871
8.1865876
6.490244
20.157181
15.955906
11.334793
8.061257
6.392937
19.595374
15.517638
11.030275
7.8498874
6.2285003
18.98041
15.03421
10.689871
7.6106963
6.0412896
18.522437
14.671626
10.433427
7.4305217
5.9003083
73.138189
57.901158
41.112741
29.189911
23.097394
71.91251
56.93481
40.426944
28.706172
22.718397
69.818701
55.284706
39.264231
27.891678
22.081327
67.5285
53.483648
38.000531
27.006279
21.386143
65.864179
52.177967
37.082007
26.355855
20.871021
