FiniteElementSpace
FiniteElementCollection: L2_2D_P4
VDim: 1
Ordering: 0

12.471141
18.668574
18.693449
23.173184
28.772482
12.993415
28.171212
32.101637
40.334191
48.81453
10.274246
38.54015
49.325974
62.55739
83.049131
10.829724
50.435043
66.327701
86.771834
120.48592
13.786722
56.465701
73.348763
102.39765
137.39215
17.01867
-8.5503002
16.953156
9.8871972
11.778236
76.094294
125.46621
161.159
124.02213
105.09422
177.99373
219.68948
280.75065
262.74985
240.12882
328.44395
366.80646
417.27929
457.47043
466.2972
408.38948
461.23724
538.77303
575.30379
591.10811
6.5420239
13.161706
30.126228
39.614294
43.660236
142.29363
144.65541
135.02476
134.43506
142.6264
345.92527
251.98151
226.35996
218.51856
219.43792
260.98246
248.13258
258.96379
280.59018
279.19104
294.39915
315.74041
311.1001
309.13526
313.15631
77.359307
78.531441
70.765619
66.901231
64.569681
111.71973
100.87639
92.47808
85.682267
82.078023
135.31036
124.28003
112.73581
103.52369
98.522667
161.69268
147.81681
133.16234
121.33422
114.43191
178.4841
163.22711
146.18709
132.5134
124.69667
11.242161
81.579404
105.06318
183.14345
268.5943
8.5462477
88.937771
112.33902
190.29938
281.28126
9.1286762
80.408488
118.3016
206.97393
287.97131
9.0586411
73.388272
122.47599
219.6682
293.79505
7.7714114
80.056298
127.451
221.68785
299.60319
796.28767
885.98093
988.36979
1039.624
1043.0099
843.74931
939.81293
1034.8433
1072.1868
1063.3171
905.49963
998.74549
1078.7131
1096.1783
1068.2612
949.06778
1028.2162
1090.1942
1092.1634
1053.1729
969.8445
1035.0472
1081.0001
1073.4299
1035.8316
656.8465
653.69475
661.17947
652.36108
625.74121
645.31149
665.54455
672.01954
656.72988
638.35541
678.48497
679.00401
672.71392
657.82776
646.31724
690.57725
684.41
672.82677
662.69506
656.1376
644.69126
666.32886
672.57614
668.97203
671.27989
384.22081
346.74038
296.25915
252.32967
227.03702
435.0775
396.36881
341.04914
288.91214
257.86551
522.6302
477.92175
416.81337
355.51936
315.99923
614.75934
568.80586
501.26233
433.06759
388.40201
666.92323
636.92889
566.9941
490.85982
444.14528
18.704241
61.566113
125.55726
251.12027
308.12868
23.134888
57.698492
123.82357
255.79162
308.46388
24.385434
56.94558
120.05161
256.18394
314.65742
25.163431
59.796716
114.32085
250.63129
320.38359
29.325479
59.975142
111.07076
248.60517
320.72208
936.67463
957.04098
960.33417
918.4614
849.33581
907.74815
927.64368
928.71815
883.0857
812.02162
871.92642
890.98004
881.02913
824.5505
758.43278
843.98576
853.21687
833.15188
771.93565
710.60749
828.11545
821.41988
800.68369
744.8938
681.48837
732.51528
736.37287
749.72574
764.43317
769.57393
738.88021
749.26812
763.50417
777.6206
786.98985
753.37301
765.01605
781.36829
797.0429
807.03764
768.34943
780.32697
798.60047
816.42607
827.04783
776.4243
793.10433
812.8942
831.55222
845.59713
808.22327
810.86133
811.62529
807.51831
800.67429
826.89424
829.70025
832.68232
832.8055
829.68842
853.91388
858.89848
865.67716
869.69868
869.92769
884.22093
891.77605
900.98912
906.56254
907.41236
908.06945
916.32469
925.69124
931.31874
932.17029
443.30902
376.65155
293.16187
231.39892
199.90727
501.01335
428.36542
331.87618
257.1966
219.32629
590.57124
511.70557
399.10898
303.11263
253.39297
685.14444
599.58823
476.04597
359.8968
295.6875
755.02105
661.93034
532.37321
404.74148
330.03528
39.845011
68.19916
91.798621
219.68147
319.24772
39.777989
68.130574
90.790669
213.26209
317.98072
43.565606
68.946684
87.703254
205.7067
312.58688
49.648489
72.506621
84.628277
198.84074
308.13828
55.023819
76.604742
83.879817
192.76514
307.12462
704.7577
694.04985
654.85211
597.0008
559.59182
695.80931
677.11234
636.57075
581.96735
542.01666
681.40825
660.00415
616.38458
563.63388
524.71745
661.04024
647.62272
601.95456
545.15788
508.11982
642.14981
637.63497
592.01377
529.0754
491.85771
871.68561
893.41367
919.32939
942.49555
958.64854
892.28667
911.28061
937.79461
963.07236
979.35579
929.01203
947.05135
974.03891
1000.5776
1017.3891
965.25817
985.73032
1013.2572
1039.0408
1055.8135
983.13314
1004.681
1032.8706
1059.8088
1077.1189
1035.564
1044.8241
1055.7508
1063.2109
1066.682
1060.1567
1069.6715
1081.228
1089.8813
1093.8574
1098.0861
1107.7272
1119.757
1128.5032
1131.8925
1135.7347
1145.4604
1157.2535
1164.9509
1167.8539
1159.9648
1170.0087
1181.2467
1188.9017
1192.3818
1033.6659
1027.1072
905.85337
733.88838
617.53305
1060.6329
1057.6213
959.61154
799.58749
671.63751
1099.1849
1087.1487
1027.8233
896.4315
751.12245
1134.701
1112.5987
1084.2899
983.22382
832.69368
1156.6591
1134.812
1115.044
1029.582
891.25871
1300.1759
1304.4565
1308.0832
1309.4206
1308.8738
1314.841
1318.693
1322.7494
1324.7508
1324.3537
1334.4208
1338.4758
1343.2345
1345.4957
1345.0191
1352.0089
1356.4362
1361.1013
1363.4695
1363.5647
1362.6272
1366.7661
1371.1644
1373.8808
1374.8254
1273.7669
1258.862
1233.8635
1194.8995
1152.5269
1292.0423
1277.6878
1253.1163
1216.5453
1178.017
1317.2276
1304.6573
1281.9394
1247.9221
1212.0907
1341.2539
1330.7185
1310.3192
1278.0496
1242.761
1356.7441
1347.021
1328.0556
1296.9801
1261.7009
1397.0326
1400.8935
1405.1605
1407.8585
1408.8462
1382.536
1387.0452
1392.6658
1396.9646
1398.9881
1371.4921
1376.4305
1382.0817
1386.183
1388.2808
1369.3885
1374.678
1379.5102
1381.6193
1382.0249
1369.4359
1375.0834
1380.336
1381.6529
1380.4058
1395.2865
1387.9801
1372.1733
1343.666
1307.1033
1389.6811
1383.1922
1368.137
1340.0567
1303.9006
1382.1353
1375.8673
1360.9324
1332.6141
1296.7582
1371.447
1364.2437
1347.8963
1318.158
1282.3859
1361.2674
1352.9238
1334.4804
1303.0136
1267.3427
26.693144
28.183714
33.373901
37.787722
35.733773
49.924952
61.768034
73.701668
80.435562
84.11312
89.284199
113.17166
142.05182
161.7417
173.67889
131.8432
166.07726
221.58801
278.58631
310.55855
149.66813
195.10465
270.39155
348.42338
392.43668
159.44097
210.56607
296.86474
382.36894
430.92523
180.89825
236.95332
340.44082
446.13376
506.95983
202.83231
271.9162
398.31871
524.4796
600.34891
224.16572
306.99517
449.35769
589.03968
678.77737
245.20822
329.66329
481.57866
631.43878
727.25644
15.178598
57.028113
75.927138
111.23441
148.93564
17.351999
61.507621
80.122412
128.86605
174.38944
16.007207
67.248716
90.849164
149.92874
205.14609
16.290978
71.818055
101.90492
169.54504
226.13169
18.834083
74.896704
104.50645
182.87162
239.99017
18.658261
13.835581
11.02356
38.741073
94.817971
101.12327
176.26535
163.76752
75.866707
56.866159
250.1715
299.45424
237.71265
252.37717
431.77304
481.11026
439.33564
492.60115
590.68244
440.08856
581.05546
593.94872
721.87451
579.44385
231.53368
658.29805
720.86764
744.03143
539.92029
369.81681
794.60672
841.76168
774.03544
686.47038
666.4018
921.65039
909.5947
837.56657
743.9865
634.54881
990.3817
948.34485
861.07192
673.79567
466.31652
1013.7076
976.22912
834.32335
632.57496
557.04061
457.17091
507.61977
585.28781
640.94314
662.44475
537.6491
600.15423
687.86427
759.31876
789.46778
638.84425
712.92783
813.67779
888.98728
911.89668
722.92327
804.21882
910.65597
976.99895
990.83739
772.34924
859.87605
964.60827
1019.6019
1025.6647
45.214239
67.364792
112.60495
94.266467
65.106981
154.93071
171.13401
163.10344
120.98862
113.18696
223.07009
216.04292
179.32249
150.16713
140.02011
276.09275
259.26918
221.91679
181.05396
168.10626
315.80537
285.645
238.98277
203.12886
187.13917
336.56305
308.96818
261.21433
218.07298
199.44803
390.55265
357.00892
298.4635
248.24886
225.03458
473.03152
431.78698
361.41188
302.18381
271.82483
551.2955
501.97833
428.34589
366.07685
331.86915
598.95361
551.20067
476.61486
412.34676
377.30291
377.91148
356.35024
362.23153
363.41504
332.24619
582.86287
480.17995
443.0146
434.95457
399.05749
594.03214
507.63481
498.226
533.01901
489.57085
554.18841
536.34265
589.04515
615.21119
563.37616
604.8002
670.59642
660.34011
627.61151
619.09571
63.269165
62.274572
60.090456
58.631653
57.689718
80.654181
77.645909
74.375719
71.724906
70.313174
96.311684
92.443978
87.900635
84.332546
82.366754
111.70326
106.22361
99.878623
94.877135
92.10028
121.14279
114.86455
107.29374
101.26741
97.932353
126.76822
119.76954
111.3854
104.70148
100.9606
138.08072
129.59783
119.43945
111.36376
106.83884
157.24342
146.06014
132.6094
121.92918
115.9529
182.10191
167.13135
149.12133
134.81164
126.79519
203.29426
184.95741
162.91562
145.42046
135.60277
190.91166
173.77365
154.53295
139.27318
130.5536
214.76419
194.95967
171.98514
153.38906
142.73926
258.10154
232.24145
201.75034
177.44121
163.44237
315.10406
282.842
242.17475
209.21841
190.47178
359.04385
323.67288
276.49084
236.42086
213.59086
254.5715
339.44478
499.30733
653.12501
746.86388
270.32457
357.04263
532.7755
697.16364
791.41248
283.11752
382.36036
574.29503
746.49657
849.8865
290.10271
404.74552
609.39122
781.28067
891.10229
295.55324
415.79204
632.87256
806.34768
912.78647
298.74525
419.80062
642.30158
818.67215
926.41953
303.9869
428.7431
654.21703
832.99471
945.68677
310.82477
433.32829
663.80215
843.11385
951.50393
315.17726
431.14848
666.79745
843.12991
939.00967
316.75374
429.59728
670.41305
840.60219
923.51255
9.3335199
74.986782
127.16959
228.27888
299.5675
10.374277
68.212208
128.66615
238.96135
302.87521
13.073736
65.70149
127.61994
244.50509
305.07929
17.521331
64.673646
125.37977
247.20675
305.28304
19.145682
60.339231
126.58195
253.92519
305.66606
1015.5946
979.45827
827.15781
636.99423
565.15019
1036.7172
983.15087
834.1153
668.24427
586.41831
1036.5492
984.42807
820.4663
644.03188
605.0557
1024.8189
960.84793
772.68503
619.77375
615.29325
1016.5849
923.34128
733.54794
613.08069
611.72946
1003.5567
901.93044
714.88408
606.30585
611.02919
970.61339
854.46223
681.04482
597.80477
608.01396
915.57478
798.79063
643.16619
581.19375
610.3794
859.84834
754.49652
611.37761
564.31691
619.61812
823.24505
726.93201
590.74691
556.2619
628.2662
981.74686
1037.8348
1073.933
1060.8988
1025.4145
994.73773
1035.5775
1063.6637
1040.9362
994.74617
987.27883
1023.9017
1042.1358
1007.5583
954.68866
964.24884
1000.0113
1008.6556
967.01381
910.23311
946.28869
974.18771
976.82023
933.46707
871.58712
614.49405
575.08209
504.41382
439.58971
403.81866
626.06073
606.73118
556.94857
496.93454
455.01508
639.79476
630.5982
614.91946
583.34487
544.23334
655.36392
651.21714
657.24289
653.40187
632.21079
670.64712
677.16809
679.14899
674.51732
671.00724
682.77521
686.20957
690.42685
690.35592
685.98808
701.99881
706.59617
710.88322
712.32858
711.5891
727.42358
732.5375
738.67332
743.50838
745.93271
750.91435
757.07525
765.88546
773.09939
776.15547
767.08668
774.79526
784.47234
791.76109
795.36759
691.03397
675.82994
671.20425
675.91596
675.65759
678.81441
682.41425
685.7674
692.65038
699.97775
692.15582
698.33033
708.0821
718.4795
725.03509
714.93512
718.40006
729.32067
741.39618
746.23838
717.34773
731.14198
743.59982
754.99937
765.17438
215.77833
195.42499
170.92694
151.51907
140.65248
243.88969
219.00083
189.03524
165.24824
151.91607
297.23538
263.37324
222.50603
190.4632
172.46243
365.59495
322.43607
267.45331
223.75624
199.46021
419.17942
371.0199
306.20249
252.49368
222.71452
448.31829
398.09953
328.76103
269.37849
236.27501
506.50415
453.87483
377.93191
307.53146
266.90763
603.27784
542.73295
459.23729
375.56931
323.23417
706.04544
638.65196
547.60812
454.88314
393.5979
771.44325
710.90132
613.62306
513.51297
448.63221
681.91246
666.56486
600.67868
521.95282
474.63301
708.55584
709.83916
666.81193
592.12142
533.13081
746.45759
747.01155
736.31496
692.71424
633.67805
778.65417
774.63534
780.82693
769.12861
733.89914
796.55617
801.60177
801.1285
792.20557
783.3629
221.75862
196.30342
167.06436
145.59272
134.43079
249.13354
218.01122
182.292
156.13389
142.61309
299.39322
257.7254
209.9582
175.17239
157.19881
363.6121
309.36342
245.59763
199.43479
175.64582
415.12969
352.3359
275.69578
219.7283
191.03865
317.56314
427.77624
672.36943
839.74454
913.84823
317.38208
424.09541
673.93357
833.65439
890.17931
315.54277
416.90526
670.96138
818.04347
855.74282
312.86069
410.8204
663.28881
799.14148
827.43003
310.79127
408.27691
659.02663
787.89013
813.21069
307.47091
407.05737
656.80604
781.48843
808.52645
305.67567
403.02363
652.56689
766.9152
785.8257
301.46376
396.18761
639.35431
740.83982
756.69977
294.93466
388.02604
620.46483
715.42667
734.25413
289.77195
384.08826
610.2176
701.96224
723.56807
26.132713
62.493176
109.85487
247.43653
325.50102
27.623499
62.343673
106.20847
242.51285
326.97692
32.741099
62.192887
100.37252
236.5247
325.52525
36.45633
64.813767
96.321453
230.83252
325.11568
38.681223
67.691444
94.462701
224.67618
326.31898
805.01937
713.02099
579.89834
552.74757
632.74946
771.29014
683.53816
561.74086
549.65846
638.27309
725.4431
644.34312
539.12294
548.79897
649.68557
682.96837
606.17559
519.80923
553.79548
663.16075
653.53093
578.8843
509.07669
561.60711
674.3404
639.18937
567.29052
505.00055
565.86334
681.4013
616.05649
548.0577
500.55978
576.0359
694.86146
589.70035
528.58202
496.43675
590.31832
719.74594
570.14695
511.79041
494.1207
602.71643
737.93289
557.59834
498.21766
492.7667
609.00236
742.26016
813.02496
807.08239
786.10705
729.56831
667.11632
785.37087
783.99986
760.36484
700.49071
641.40889
758.61403
753.10909
723.09688
662.83672
608.98066
736.02549
723.88207
687.68901
628.82679
582.37095
715.68169
703.48586
665.09625
607.06033
566.79292
775.56023
783.28359
793.23178
800.90803
804.8063
791.2756
799.36789
809.77191
818.8533
824.38627
811.7964
820.98909
833.63013
844.77096
851.09803
833.37447
844.45801
859.21091
872.05917
879.95275
851.16855
862.86403
878.58159
893.44983
903.35917
861.8063
873.41186
889.7108
905.39836
915.3572
882.2379
894.59055
912.4233
928.95449
938.89349
912.1395
925.75057
944.34719
960.63702
970.20171
940.78206
954.54822
972.9446
989.25639
998.97037
958.21091
972.08898
991.36491
1008.6803
1018.9891
792.40256
802.63393
822.64138
843.43251
854.64091
812.77501
825.2976
844.65677
863.77151
875.83448
837.74824
852.01841
871.56093
891.0812
905.35319
857.22516
873.61618
895.85049
918.0535
933.35991
868.46591
886.52665
912.16656
936.58629
950.67234
794.2284
745.8903
649.31736
544.87594
478.41042
823.70355
812.31522
722.14157
608.00326
538.86569
866.26139
869.61125
815.95258
716.33744
630.53012
907.02444
901.64973
889.09793
824.26574
727.2624
934.54453
924.81318
921.31759
878.74622
800.99034
943.68285
935.87055
934.73407
901.05327
836.87388
966.30821
961.5402
957.11098
935.41525
899.41814
998.18972
995.2262
989.74687
977.38566
960.75323
1030.3476
1029.1476
1025.4618
1015.7565
1003.5268
1054.5733
1055.1155
1052.6713
1043.7552
1033.0358
920.01875
928.09946
937.77956
943.28419
943.58191
943.52707
951.65493
960.40873
964.60199
965.03505
974.64131
982.21292
990.55525
995.73047
997.34529
1003.5572
1011.553
1021.0893
1027.6717
1029.9179
1023.9537
1032.7398
1043.6111
1050.9131
1053.4145
790.74858
694.69032
562.11189
429.19657
349.42875
863.85162
760.41668
621.58863
480.00712
390.86453
944.29024
859.40618
715.03355
559.00702
459.66482
996.6309
953.08114
811.8897
642.13773
535.57654
1019.3588
1005.1283
875.87581
701.98968
589.69779
289.08746
382.13438
607.01288
696.48142
716.28472
285.71702
375.7092
598.40524
682.09696
698.0488
282.02619
366.44123
582.05116
660.53237
676.89028
277.66077
357.68816
566.75662
641.66142
658.61484
273.98835
352.60554
560.58514
631.49446
646.47669
545.2398
490.09223
494.80377
615.87613
748.78692
523.53109
476.54524
502.18221
636.63054
767.82952
499.32127
460.3272
505.98961
661.24858
798.73375
482.98687
447.99552
507.36087
678.69422
825.71177
476.66428
443.13267
508.21748
685.5611
836.38331
469.58247
442.2716
514.35539
692.94463
844.62403
458.97049
440.79599
526.46677
710.02483
861.6853
447.52608
437.46345
530.49584
723.6172
885.98612
440.81749
433.09028
534.2357
735.19191
904.453
440.63975
428.91029
534.45906
740.15059
908.01772
637.10823
633.29569
585.74309
521.04426
484.80397
633.47908
623.73917
575.4434
511.18298
471.79619
629.55445
610.08486
562.66026
503.31933
462.10207
622.95333
597.0889
550.54748
497.60793
459.89378
614.16363
588.65856
540.87085
490.36809
460.13186
966.35502
981.23398
1001.5669
1019.5528
1030.3386
987.8181
1003.5521
1024.8223
1043.5691
1054.823
1026.0299
1041.8543
1062.9481
1081.4934
1092.671
1064.0688
1079.4111
1100.1713
1118.8857
1130.2968
1085.5307
1101.6382
1123.7252
1143.108
1154.5852
1097.8416
1114.2674
1136.2454
1155.5474
1167.2724
1120.6731
1137.6475
1160.1328
1180.0697
1191.9406
1154.5535
1172.0657
1195.4988
1215.544
1227.3024
1187.3409
1205.9984
1229.7381
1250.4036
1263.3281
1208.9535
1227.5361
1251.7141
1274.9964
1287.9045
987.90912
1012.676
1043.4705
1070.989
1088.9396
1008.3778
1032.3879
1063.8669
1092.9523
1111.4511
1036.307
1061.1757
1094.2615
1125.1728
1144.8848
1062.1952
1089.8243
1124.999
1157.04
1177.4065
1077.8459
1105.4349
1141.9945
1176.3207
1197.928
1067.8213
1068.8819
1066.1084
1056.9425
1046.3913
1095.1383
1095.6916
1092.07
1083.4036
1073.9181
1132.7964
1132.8173
1129.4701
1120.4008
1109.3501
1168.676
1169.125
1164.9119
1153.0021
1140.1414
1193.4809
1193.6248
1186.8313
1173.1134
1160.7954
1206.1381
1204.9671
1197.7341
1184.8104
1173.048
1228.9784
1226.1554
1217.5804
1205.0656
1194.1809
1257.7277
1254.0504
1246.2849
1234.9679
1224.1022
1283.4466
1280.6557
1274.0249
1263.0335
1252.2704
1300.4362
1298.2301
1291.4958
1280.6269
1270.6796
1173.2012
1182.5793
1193.3708
1201.7462
1205.3285
1197.3241
1206.4829
1218.5197
1227.1405
1229.3492
1232.8947
1243.3266
1255.0278
1259.9711
1259.1
1269.5521
1278.6473
1285.1017
1286.0091
1284.5063
1291.8949
1296.7309
1300.2558
1301.4278
1301.0586
1169.4963
1145.6285
1127.6385
1050.5175
920.72479
1190.5275
1167.5882
1149.3898
1085.223
977.60024
1219.2989
1198.8475
1177.9876
1127.055
1049.9016
1246.7313
1229.1817
1205.172
1161.9655
1107.6617
1265.3169
1249.0286
1224.332
1184.3011
1138.1984
1217.9624
1236.0476
1264.1325
1287.2771
1296.7344
1239.8611
1262.5515
1290.5413
1307.0219
1312.5539
1278.0706
1299.388
1316.9565
1326.8896
1331.9233
1313.019
1321.7314
1333.2849
1344.0523
1349.4172
1323.2076
1332.6155
1346.7025
1355.6327
1360.2133
1328.7516
1340.5907
1352.3713
1361.5103
1367.4268
1330.5694
1340.4167
1352.0178
1362.0448
1367.1798
1333.7709
1342.0738
1355.1883
1365.5901
1371.0171
1344.2443
1355.8794
1367.8495
1377.653
1383.4438
1362.1307
1371.0754
1382.4448
1391.3632
1395.838
1308.4845
1305.875
1299.5226
1289.3093
1279.277
1323.4421
1321.165
1315.74
1306.7758
1297.5548
1344.4293
1342.8827
1338.8179
1331.1186
1322.5514
1363.6053
1363.0575
1360.1834
1353.5074
1345.828
1374.7965
1375.0406
1372.9376
1367.1081
1360.5131
1381.7198
1381.3476
1379.0759
1373.4696
1367.1159
1385.2072
1386.614
1386.5257
1383.2176
1378.8555
1394.1041
1396.2869
1396.7037
1393.7993
1389.67
1404.6882
1405.7176
1404.6372
1400.3675
1395.1946
1411.5628
1411.4585
1409.2119
1404.3178
1398.9118
1370.0439
1372.9372
1376.7068
1379.7317
1381.2766
1369.1819
1373.2487
1378.3323
1382.3825
1384.391
1373.7792
1378.7005
1384.9852
1390.1833
1392.8912
1386.2295
1390.8677
1396.8131
1401.456
1403.6431
1398.1142
1402.2127
1407.1609
1410.2623
1410.9762
1363.3103
1354.5258
1336.7133
1306.3608
1271.0669
1376.1463
1368.8718
1352.0155
1322.1463
1286.9218
1387.4072
1381.0315
1365.4376
1336.6911
1300.9637
1392.6095
1385.8641
1370.7433
1342.695
1306.3513
1395.8814
1388.3643
1372.5571
1344.318
1308.0249
1409.7513
1409.9315
1407.6903
1402.7829
1397.6077
1399.7851
1400.9687
1400.338
1396.7947
1392.204
1389.3278
1390.6919
1390.8399
1388.3231
1384.5438
1382.8248
1382.8416
1381.6213
1378.2378
1374.1132
1380.2728
1378.8122
1375.6723
1370.484
1364.9879
1376.3619
1375.8586
1372.7452
1366.5089
1360.0192
1365.4441
1363.8639
1359.8712
1352.9922
1345.9883
1346.4312
1344.2581
1339.0196
1330.7638
1322.65
1325.147
1322.8177
1316.6545
1307.1046
1298.1728
1309.9926
1307.283
1300.5255
1290.3034
1281.2425
1365.412
1369.7966
1374.5703
1376.9003
1377.0178
1355.2321
1359.5914
1364.299
1366.464
1366.147
1337.9396
1341.4599
1345.5102
1347.505
1347.0993
1318.0992
1321.644
1324.8079
1326.1928
1325.8453
1302.9927
1307.3491
1310.6099
1311.3986
1310.7589
