FiniteElementSpace
FiniteElementCollection: L2_2D_P4
VDim: 1
Ordering: 0

13.433158
45.828811
34.22607
25.481018
52.982793
10.515839
42.218528
32.700421
23.66907
51.102849
8.729486
38.560922
31.020251
22.500317
48.050194
10.920558
41.153897
31.353135
24.081696
45.327107
16.665897
48.042224
32.521066
25.7429
43.825332
147.12512
143.01158
126.93837
116.94824
130.20371
146.48768
141.43422
125.33757
116.71701
132.82052
144.94317
140.07906
123.90889
116.15404
134.77382
143.60678
139.04136
122.61645
115.6068
136.22199
143.21249
138.35398
121.73205
115.18633
135.53166
643.93196
664.70685
687.30646
707.1888
721.72913
651.66653
670.68992
695.49728
718.98501
733.5168
660.65174
683.33831
711.49177
734.70088
748.12579
665.6058
691.74194
717.68672
738.84404
752.59807
663.24501
682.37481
709.40267
734.79808
748.77602
16.610512
60.288522
34.112702
29.025723
40.89562
9.9289267
42.988469
32.665438
24.694948
42.28659
7.5776894
34.182819
31.824313
20.804024
42.499431
11.509077
43.842087
31.609553
23.891971
43.153263
16.940391
51.995885
31.336564
28.7039
43.47767
141.40272
137.22394
117.27339
112.70376
141.99014
140.49698
136.85201
117.4722
113.01862
143.23464
140.57614
136.76366
118.6116
113.2085
140.22821
141.49583
137.04276
119.64666
113.6919
137.3859
142.31612
137.71066
120.45241
113.70015
134.80365
603.74089
621.78546
627.29969
634.03909
639.09474
580.83658
595.94888
598.27455
606.77014
608.60723
519.27737
556.20048
565.47348
566.86368
570.08282
489.23385
514.85593
538.50844
542.67092
542.17366
485.28311
497.87977
518.63182
532.28522
533.79429
14.93932
43.847286
31.232462
24.745022
53.552733
12.688452
39.171176
30.42477
25.601058
56.414879
11.360866
37.653253
29.880851
25.423073
59.722907
12.230881
39.134628
29.350747
26.040166
62.146373
14.626029
38.607007
29.168656
27.877015
63.69985
148.56532
145.90022
127.80207
114.62934
126.7645
148.82756
147.56178
129.32459
115.1136
126.77328
150.15512
149.20978
130.8652
116.63187
127.27736
151.86311
150.65165
132.7992
118.68601
127.62362
152.81813
151.99448
135.10807
120.19678
126.10601
488.52881
496.89531
507.21005
514.30069
516.59054
480.57218
489.9512
499.04927
505.66327
509.48449
470.0457
476.30197
484.29842
490.70751
493.51442
457.53874
463.91072
471.23766
476.3619
478.58011
444.97431
457.67246
463.87238
465.85367
470.30851
518.48879
515.47779
509.52433
502.15151
496.5655
512.57651
510.47055
506.0976
500.16361
495.20662
500.41047
499.33316
496.64044
492.6242
488.96696
486.96402
486.54533
484.95245
482.19486
479.59859
478.27309
478.05708
476.93722
474.80946
472.74642
12.67494
35.337372
24.152499
33.048348
79.406944
12.983243
32.829903
24.211282
33.789205
76.219645
11.827159
31.049424
23.329967
33.945939
75.397238
9.4407883
30.896316
21.766364
33.346036
75.96487
9.4483989
29.848083
21.355604
32.754473
73.239466
163.88649
161.71622
148.50646
129.78314
124.16896
165.32559
162.95382
150.37127
131.43276
124.60475
167.19382
163.54319
151.50058
133.07224
124.7517
168.01449
163.36489
152.20556
135.04489
125.17463
167.596
163.16882
152.84728
136.52305
126.2232
362.25258
368.21957
377.58431
385.60752
389.33288
355.72666
363.78471
371.55213
376.5343
379.06644
354.97479
364.27692
373.47989
378.72761
380.44745
362.79993
372.4482
384.60171
393.11623
395.66628
371.90951
381.7901
394.6408
404.71918
408.68759
418.50275
424.22075
430.87111
434.59451
435.64018
402.78639
408.64128
417.00851
423.56385
426.36238
386.14338
388.21351
394.64654
403.13774
408.51975
384.54067
380.50842
379.85668
384.40027
389.19433
393.45187
386.64423
379.28121
376.76994
378.34385
7.5951902
21.371866
20.380556
35.023136
61.243058
6.9898306
22.012139
19.096742
33.491745
57.622551
5.9194525
18.604413
20.30233
38.853396
59.429653
5.4167101
16.144011
22.959409
42.983211
57.698809
4.8944067
18.01399
23.639166
39.195375
50.197316
157.37135
152.36742
143.62738
132.99222
124.39974
153.40217
148.92538
141.03743
131.66626
123.78375
147.80783
143.7687
136.02426
128.14656
122.44174
141.53036
138.52695
130.68701
123.23621
119.75597
136.31258
134.73284
127.6959
119.89223
116.98641
388.65177
395.5054
401.72312
409.70457
417.3624
381.00812
384.14835
391.74544
400.5993
405.31053
365.1291
369.72413
375.95895
381.72669
386.70925
349.54738
353.74736
355.9992
360.52269
366.3173
341.40701
337.48076
339.65023
346.97987
350.2344
448.22446
449.83931
443.99483
429.54731
416.62362
447.76121
450.96061
450.44793
441.57837
430.32558
437.68715
445.07364
451.8258
451.52119
445.77614
419.63974
430.15583
443.12361
450.85809
451.65712
404.70122
415.10922
431.36291
444.56462
449.3428
2.327934
20.582246
16.577388
30.302308
38.406749
3.7262797
15.466316
16.41051
27.780142
36.018703
2.7427741
12.980133
15.704552
25.699552
34.53867
2.3647577
12.489237
14.634881
22.642234
30.291192
1.4323764
12.478993
13.647712
18.077036
27.378574
107.28196
108.12309
105.84835
100.99328
95.675541
102.1231
103.32079
101.70199
97.858941
93.746707
92.407936
94.634776
94.601848
92.375329
90.43332
80.703204
84.231572
84.932107
83.41271
83.059011
72.105896
76.266701
76.345052
73.795335
73.619764
215.04616
244.33644
242.65165
242.64412
258.92489
209.32822
199.66662
208.15313
227.19401
231.71636
182.92468
176.76614
182.8324
197.43322
207.15473
134.33332
167.70076
171.06355
184.58231
190.05958
156.81229
157.83174
168.24711
186.57287
174.84233
265.81906
269.49052
278.98682
293.60227
306.61082
251.18197
251.6994
256.90158
267.90073
278.2367
234.6103
232.35887
230.92264
235.2236
241.86111
220.67712
217.12656
210.72566
208.38754
211.22302
212.35999
206.11251
198.78341
192.97074
192.87077
70.87935
89.974361
140.82571
156.738
152.66637
68.345362
89.511918
140.72383
155.0635
150.78312
66.56675
88.419278
140.17588
153.14741
148.89559
64.938345
87.364344
138.91527
151.70263
147.3487
62.525069
86.921507
138.81114
150.67837
146.10377
14.111836
39.33649
29.280341
27.900029
63.782203
12.007419
39.095991
29.325022
26.04658
62.32123
11.33722
37.52516
29.94995
25.504495
59.776352
12.540446
38.800401
30.588631
25.50773
56.307461
14.767818
43.163423
31.432261
24.400138
53.422332
62.825866
86.678398
139.85274
150.33024
144.74262
60.805197
86.687364
139.34598
149.50263
144.16842
58.761101
85.622488
138.33361
148.62081
144.16223
59.199179
84.838462
136.91128
148.1997
144.22546
60.4817
84.626641
135.99774
148.26887
143.74084
59.579292
85.433667
136.22609
147.75013
143.95708
57.971163
85.309218
135.92364
147.12205
145.21996
56.249911
84.898452
135.56994
146.54953
145.99168
57.101635
85.132169
135.47017
146.63417
144.89218
58.965203
84.403569
135.91891
147.36973
143.0007
15.364447
55.85824
33.555046
27.408423
44.33182
10.973175
42.995451
32.68896
23.598445
43.515535
7.7123763
34.586948
32.454167
21.189885
42.006655
10.064273
42.873552
33.341344
24.426568
41.835177
16.571659
54.247476
33.780659
28.132022
41.118954
152.47743
215.65474
325.27019
449.13328
551.32103
159.30137
227.12167
337.82738
458.81331
557.80658
163.77723
233.86024
343.28505
461.98925
562.48119
165.98638
233.36571
339.55967
456.92454
560.13859
165.42083
229.19921
333.8726
450.55337
553.50271
165.79935
231.47876
336.37409
450.60338
555.1226
169.99284
238.84088
344.02313
451.84521
548.95789
172.43858
240.88807
344.27559
441.41279
524.12696
174.31819
240.77003
340.31479
427.12486
504.0699
172.05191
236.90346
334.58161
416.95218
490.35991
142.15886
138.08321
121.37887
114.72639
136.14838
141.20351
137.72463
120.49606
114.00243
138.26822
140.05405
137.62697
119.00242
113.08312
140.81068
139.92877
137.48604
117.74272
112.5584
143.14953
141.09469
137.3935
117.41995
112.445
141.75193
653.77616
680.21562
710.52319
735.25812
750.43241
650.78231
678.05576
708.28241
730.71981
741.22541
628.10094
659.69771
690.87496
706.10622
711.75652
611.87517
649.42245
667.26667
674.33439
680.99817
612.9818
637.45445
642.19854
650.1571
655.84205
58.285789
84.493453
136.22073
147.32024
142.73997
56.804967
85.017088
136.28896
146.61871
144.25218
56.16743
84.792289
136.59267
146.78783
144.81472
57.616902
85.231207
136.81573
147.5513
144.36695
59.053577
85.402654
136.68976
148.10923
144.23174
59.549445
84.946005
136.35872
148.72259
144.72604
58.122835
85.321262
136.91124
148.53776
146.23385
57.5764
86.399956
137.49419
148.72055
147.82237
60.046323
87.318988
138.41644
149.68738
147.88474
62.969933
86.448322
139.28443
150.98936
146.78044
18.326631
51.302524
31.906622
27.694145
42.258621
11.295345
41.723765
30.233538
24.565816
45.427126
8.6682654
38.087917
30.496595
22.274204
48.389373
10.726061
42.429966
32.413728
23.950286
50.62265
13.814719
43.961753
33.02838
25.623336
53.589974
171.94524
236.35037
333.35182
412.2689
482.20127
173.35738
238.10982
333.84724
403.77802
461.51037
170.57334
235.74379
331.19312
394.11865
436.78987
167.77381
232.27193
326.53562
388.29985
425.97165
163.79957
225.51747
318.83577
384.1991
421.55688
162.75922
222.57113
315.36257
382.56269
417.61158
162.19297
222.86081
314.8179
381.93807
418.33413
159.78538
221.89033
314.90925
383.21685
421.62721
156.02024
217.20526
311.04624
382.99508
424.24735
149.99086
206.95801
300.94406
379.07611
424.55804
143.06095
138.25183
120.9751
113.79749
133.85397
143.61839
139.55724
121.78934
113.74508
134.27832
145.38754
141.53458
123.17982
113.76475
133.27701
147.59604
143.60727
124.87364
114.16251
131.57984
148.74212
145.08721
126.56703
114.46172
128.32657
640.34532
644.15733
648.87592
652.59807
654.46345
610.5851
614.53765
618.39059
621.52683
623.0567
570.89202
572.92989
575.51103
577.62919
578.79378
543.22668
543.11272
543.06062
543.50718
543.90725
533.69815
533.03095
531.17197
529.67463
529.14137
532.01795
530.77285
528.7565
525.99672
524.0294
527.58201
527.26694
524.33292
520.70812
518.01909
523.9919
525.7413
524.94101
521.15885
517.44513
523.22157
525.13449
525.87276
523.92541
520.92889
521.13839
523.64209
524.4443
523.46153
521.82078
486.65604
498.53216
512.04818
527.32589
532.80508
483.23072
500.1016
512.09731
520.53285
525.76261
483.24931
496.51897
510.82714
519.32572
522.61114
486.06018
496.23325
507.48956
516.82294
521.54154
485.57753
497.79567
508.24566
514.86976
518.85507
62.48942
86.868537
138.44393
151.27516
148.0857
64.405729
87.418083
138.84058
152.2047
148.92386
65.971253
88.706936
140.53308
153.59299
150.28165
68.158269
90.0447
141.34758
155.52642
152.07409
70.931389
90.483315
141.13087
157.31575
153.81453
69.716749
90.815688
141.33593
157.49526
156.03987
71.8797
91.762934
140.72191
158.84006
157.56156
74.397341
93.106835
140.93715
160.5138
160.01832
76.070928
94.388151
140.94286
162.01202
162.72575
77.388546
95.503168
139.67025
163.01384
164.59651
14.773321
38.603099
28.432702
28.100678
66.698213
13.896632
36.762933
27.488161
28.561472
67.679213
12.736256
35.539323
26.752593
29.563332
71.19791
12.557961
35.106109
25.969311
30.794365
74.099226
13.784873
34.505144
25.050222
31.483216
73.927146
148.29063
202.47088
296.53604
377.87037
424.88389
147.81928
201.79269
294.63984
375.56392
421.17048
146.37198
199.73412
287.65516
365.16863
411.11697
143.22469
194.44188
276.29674
350.17265
400.10415
137.48648
184.95036
265.09228
337.76315
390.76465
134.89378
181.63761
259.96405
331.77834
385.98086
134.74529
179.52215
255.27714
326.09204
376.24016
133.75764
176.27064
249.60066
315.01172
358.20635
132.02791
171.8245
241.78946
300.54965
339.98113
129.82455
164.59319
232.58258
290.46037
328.52633
152.60266
153.11341
136.84107
120.90369
125.72533
154.8866
154.8855
139.32317
122.56773
125.21377
158.08545
156.94775
141.75764
124.56919
124.60704
161.12708
159.10188
144.56562
126.67761
124.24264
163.19204
160.77935
147.00329
128.60555
124.1736
517.8438
520.70835
522.45312
521.39525
519.43456
511.2681
512.60079
514.18347
514.4698
513.30794
495.78653
497.96197
500.00415
500.8235
500.56179
479.99869
482.37312
484.96814
486.36115
486.58928
470.47468
472.47255
475.14395
477.01495
477.45106
466.70962
468.08226
470.79294
472.50829
471.73447
456.36493
461.36319
464.73903
465.6628
466.1165
435.04312
441.54512
448.46849
453.17659
455.91603
412.12206
417.48347
426.05394
434.5123
439.48362
398.10761
403.28274
410.952
418.74685
423.79174
448.1669
450.39165
457.53791
463.93787
464.30409
429.34376
433.28096
440.60452
448.91111
454.72459
403.6493
406.88021
415.98044
426.11815
431.83233
382.03337
384.7865
394.46794
404.41506
408.12144
369.08374
373.97862
382.63913
390.99897
395.86206
493.88655
488.31784
480.57255
473.37521
468.81109
492.64582
487.31915
479.40045
471.79446
466.91867
487.00778
482.68792
475.52149
467.85962
462.5961
478.29053
475.11321
469.58391
463.04218
458.02871
471.77147
469.3056
465.02756
459.68183
455.32078
473.65931
473.91774
473.19176
471.27876
469.11755
466.65623
466.38277
465.4181
463.88313
462.65305
456.06336
456.28673
455.71149
454.00234
452.22409
441.04904
444.05608
445.95351
445.17345
443.10185
426.6207
432.10118
437.17164
438.99645
438.75005
78.314231
96.576898
138.61255
163.35779
166.15096
79.031135
98.93832
137.5477
162.43441
169.30691
81.069921
99.457232
136.24654
162.84754
170.86807
82.307794
98.416767
134.00582
163.53569
170.66155
81.58081
98.562176
131.87131
162.7995
170.97271
81.834267
99.708864
131.08329
160.82724
171.95339
82.221918
98.55793
128.59464
158.85389
168.91982
80.707019
97.230055
125.62278
155.93711
166.68234
78.569623
95.148136
122.70329
151.96648
163.66106
77.806757
92.491985
120.28311
148.88637
158.90935
11.144017
27.992206
22.233505
33.85122
71.339477
8.2939592
28.011063
20.755332
34.503263
74.148939
8.5718518
24.759847
20.709768
34.661136
68.232032
8.7102417
22.832241
20.544048
33.660081
61.344092
6.3856818
23.585928
19.56101
33.294057
62.653586
128.88387
159.66417
229.06276
288.0338
322.13381
127.87748
156.0828
225.89335
283.65401
313.22842
127.95893
152.09716
220.42187
280.57525
310.64209
126.78029
147.28494
214.414
280.78494
316.92854
124.72654
142.68158
208.13418
279.78005
322.48459
124.8264
139.96461
204.52683
279.07095
323.94356
123.93321
137.31407
199.17844
276.50632
329.2681
123.16049
134.37543
192.101
272.10489
334.19246
121.96526
131.11579
184.93721
265.77557
334.35164
120.5924
128.13329
178.2052
259.8016
332.55182
167.30472
162.84096
153.16137
137.29267
126.45101
166.87025
161.49973
152.37438
138.46991
127.61763
164.41709
159.05583
149.7273
137.21905
127.63989
161.33388
156.20907
146.69323
134.79654
126.32188
159.31201
153.77294
144.70416
133.8308
125.22889
392.17445
396.62517
403.28692
410.48076
415.79207
380.1825
382.9425
387.92435
394.35299
399.68516
381.08383
382.36538
383.38885
384.39935
385.59277
397.02635
397.78708
396.03452
391.39091
387.06841
410.64556
410.90561
408.1808
401.93259
395.87628
413.96346
413.99356
411.70409
406.69672
401.76316
423.32988
424.74161
423.48536
418.21474
412.5068
431.36014
434.51314
436.9159
435.09983
430.81026
430.2915
435.20727
441.36391
445.0685
445.23165
424.49233
430.66843
438.49928
444.93124
448.56449
373.12094
387.18054
400.79626
410.01507
414.38129
383.90536
395.96652
408.81278
417.91385
421.80768
392.65051
404.42022
416.31233
424.71715
429.17825
395.11175
404.9157
414.395
422.18105
427.59321
395.14608
399.48043
406.22704
414.49946
420.30023
399.14843
391.96743
382.18366
375.57208
373.89126
409.16365
401.92857
389.98458
378.36402
371.96035
427.51483
419.92468
406.58637
391.76886
381.51662
443.88829
438.25807
425.55969
409.77429
398.30755
449.49942
447.84916
437.92507
421.97744
409.83714
75.86237
90.76831
119.10442
146.74934
156.39168
73.677215
89.239253
116.88573
142.75801
151.17413
68.394488
85.144793
113.56841
137.77668
144.29457
61.462024
80.538433
109.84793
132.18511
137.99634
56.533544
78.359005
107.67497
127.22519
133.60406
53.849606
77.687071
106.52702
124.53309
130.99144
49.344645
73.805591
102.61458
120.30624
125.84178
45.689205
70.032628
97.417556
114.02826
120.36888
45.313296
67.177624
91.14706
107.20114
114.38193
46.204548
64.977723
85.222786
102.14954
108.68147
4.0563125
18.733482
23.559593
38.177776
49.109736
3.9412209
15.5108
24.123325
40.212378
47.395145
3.5757104
18.7242
25.949732
34.887582
39.618509
-2.5787731
27.45898
22.203515
27.308159
40.874202
-6.5275948
29.085963
16.127502
27.409714
51.760702
120.4791
125.93415
174.18465
256.28256
329.67874
119.1259
122.7566
166.97591
247.44651
322.37714
117.97368
118.67908
157.71036
236.40208
310.31665
116.97265
115.49539
148.89545
224.01339
295.2515
115.87153
113.75862
142.0947
214.19071
284.23134
116.12933
111.71599
138.16033
208.52563
277.69896
111.78045
109.63147
132.38472
194.30421
257.83576
105.9354
104.30063
122.78967
176.35117
236.4553
99.514171
97.775804
113.99455
157.46752
216.53573
94.380178
93.60569
108.79393
156.24293
209.7486
133.57364
132.29689
126.38173
119.07852
115.58256
128.43207
127.81467
122.81152
116.09473
111.57521
121.14407
121.61296
117.50506
111.21825
106.81756
114.28013
115.20483
112.1192
106.30405
102.02106
109.68176
110.55141
107.89542
102.71674
97.753091
418.91225
426.91585
437.0041
444.02224
446.88818
408.65913
415.60572
427.33993
438.77094
445.12803
389.50632
396.83067
409.91938
424.01109
433.38499
369.02125
376.87803
390.02075
404.32751
414.35299
355.65591
362.70579
375.28869
389.32918
398.95158
345.69821
353.8194
365.76869
379.55519
391.30674
328.99003
334.36178
344.09981
356.26717
365.98578
304.33633
306.36427
311.56861
319.92065
327.63489
281.36808
282.61045
284.3114
287.68148
292.20783
266.19963
267.87166
269.88977
271.33781
272.67253
319.33248
330.45481
334.50649
337.74794
345.17447
311.84676
313.71451
316.74016
322.64349
326.20557
289.98461
293.21212
298.3825
302.60805
304.10355
265.904
273.49362
280.22501
282.93336
282.37352
254.64416
255.93642
260.24639
264.57337
262.50167
397.29072
407.34102
423.09596
437.72715
445.29929
371.89731
384.30668
403.5163
422.51235
433.81904
332.59153
343.79356
362.99573
385.07124
401.44694
295.5574
303.37555
318.79841
339.25164
356.69767
274.67569
280.25246
291.92841
308.61844
323.69309
45.084052
63.069341
83.52505
98.826893
105.74879
43.809079
59.499292
78.358028
93.343549
99.891302
39.546575
55.061613
71.314718
83.758134
90.64917
35.73246
50.446077
63.003844
72.479288
78.915637
34.752158
45.705229
55.751663
64.004709
68.836745
33.029648
42.345876
51.732535
59.260637
62.820376
29.639671
34.609381
41.409978
49.460758
54.777872
20.452104
25.685984
30.156626
33.806408
36.110088
14.138042
20.260131
24.540643
26.648011
27.154066
7.518398
9.8572908
14.115335
16.126149
13.482916
1.1488354
13.887873
13.313153
16.591478
28.190478
2.0139881
10.523356
12.999233
16.467887
24.773752
1.7895689
7.6001483
10.436582
12.3434
16.004213
2.7484468
9.0582407
8.1045879
8.2377144
11.214747
3.8286704
6.4178793
6.0043687
6.2054031
7.3235971
94.002325
90.616586
105.48405
157.55592
206.46386
89.305537
85.072261
96.037858
135.58103
176.60862
87.423939
79.637092
85.994275
110.32537
146.95033
83.355827
77.688206
78.249725
94.150847
115.19663
71.688908
72.57751
74.760664
92.388781
123.03938
63.063362
59.313095
71.720005
93.376264
120.1401
62.66082
53.40373
53.817768
82.738973
98.199327
42.534419
42.868072
42.3333
34.268752
83.308986
27.058589
30.800378
43.853599
56.959201
22.139014
4.5651869
6.3560589
-7.5794764
-21.278938
25.871128
66.217394
72.163431
74.062787
69.036513
66.226684
60.209523
66.471704
66.235572
64.743996
62.562704
37.612317
38.549846
40.717396
37.825154
41.666401
22.337215
27.080241
32.410114
31.735539
24.476463
10.072318
1.1203366
2.3862945
3.5041435
9.759565
254.08535
260.25916
263.60673
263.62017
264.91274
238.7266
245.16005
250.21542
251.17591
251.52488
212.9676
221.55937
232.0047
236.24547
235.11467
194.19747
203.41944
213.12297
221.97089
221.9001
186.66906
194.33721
199.02637
210.31906
216.44433
172.36875
176.16608
195.97021
210.9737
203.86005
116.76988
140.93864
168.34081
182.52337
189.95363
93.615832
135.14915
151.27565
134.29539
146.27887
52.229202
66.236336
66.404877
50.766342
55.43466
-0.073848693
-6.3693861
2.5438707
10.036088
9.6628529
162.97878
169.2839
161.02115
157.55631
171.55081
81.958956
94.984337
107.11085
114.30565
115.67957
84.79187
77.034428
102.54038
107.24784
94.46885
76.550707
72.286803
81.078312
78.789738
56.769951
-15.869472
-11.602085
-12.942945
-15.129655
-3.3369223
203.80728
199.18107
191.54873
184.18769
184.02951
185.88192
182.57903
182.75867
173.33772
164.65978
149.61177
158.29379
156.62623
145.07463
138.65925
69.107145
97.827359
112.89811
111.54024
106.02466
13.675669
26.008581
44.238024
66.580391
56.563998
