FiniteElementSpace
FiniteElementCollection: L2_2D_P4
VDim: 1
Ordering: 0

71.246146
98.067524
82.578548
165.85036
287.86147
61.99074
93.141072
77.741062
160.30169
284.83601
58.838544
86.700474
73.047653
154.4659
280.06909
69.400163
93.994092
73.512762
155.17226
275.31543
89.064285
108.89191
76.444236
153.89443
273.59382
606.90559
583.67338
536.09073
485.74851
458.23182
596.88753
578.03103
530.36467
479.01241
454.02451
591.0993
570.29126
525.10556
475.56899
447.31941
588.60317
562.0298
521.08368
473.81003
438.28063
584.18003
556.64528
519.01117
471.5787
432.0473
1079.7408
1111.8386
1149.6231
1184.2542
1207.3231
1092.3319
1124.5986
1166.5418
1204.8193
1228.3669
1108.0706
1146.1619
1193.496
1236.1281
1264.0653
1132.5483
1174.8952
1226.1196
1276.1979
1304.2345
1152.4008
1190.2326
1253.9707
1306.5385
1322.0993
104.77802
138.14826
83.163293
149.25721
267.3647
74.027587
106.72076
76.037041
145.70461
267.15147
61.379617
88.115192
73.833592
141.23002
268.28298
77.785357
102.71098
74.55176
149.48541
271.45251
97.256519
116.60109
73.658368
157.32514
271.04342
572.21424
555.86981
512.69107
459.77397
430.50037
570.60225
555.09534
510.35443
459.08094
434.12338
571.64366
558.08356
511.55737
461.05246
441.22834
573.01841
561.68097
515.97643
464.5625
443.41994
574.794
562.60697
520.84433
468.58015
439.54041
1278.9315
1311.2537
1323.5825
1343.4752
1354.4874
1234.5585
1297.7345
1306.8511
1327.8944
1340.8692
1182.2694
1269.5574
1299.8862
1310.9571
1327.3479
1156.7691
1229.0662
1294.4754
1313.0504
1320.4322
1148.4606
1199.0039
1272.9745
1314.0214
1321.8566
69.51493
93.597012
78.500019
167.88676
290.70348
60.118659
83.609574
77.140524
173.00588
292.38483
53.548712
78.38682
78.291924
176.56895
297.39755
51.055376
80.877861
80.628549
183.78562
302.27158
53.754981
80.358639
81.58398
191.3182
304.14966
605.02154
593.94297
545.76132
486.89707
461.50834
618.97751
599.07638
551.59214
494.96873
462.90112
626.68241
609.99926
564.03964
502.04227
460.86322
629.22025
625.32739
580.39877
509.61998
464.84319
634.34359
638.27268
592.85264
520.26985
479.32108
1076.1817
1105.9211
1142.7538
1175.6869
1197.6283
1061.942
1089.4152
1125.2312
1157.804
1178.0457
1035.6459
1060.332
1093.316
1124.5351
1144.4204
1004.0769
1027.6584
1059.3166
1088.9923
1108.243
980.57717
1006.1397
1037.8248
1066.5588
1085.7744
1294.0539
1299.1976
1302.7487
1303.2881
1302.3146
1271.6252
1280.793
1287.2428
1287.9811
1286.1909
1233.7604
1244.7295
1256.7809
1261.872
1261.1118
1197.2618
1207.1281
1219.709
1228.5249
1230.9342
1174.0903
1183.7717
1194.7359
1203.1374
1206.7997
38.479102
68.38854
93.759018
224.40666
328.73696
36.063617
65.763766
95.699579
230.8627
327.54563
32.684487
62.772276
100.30607
236.82029
326.61478
27.696941
62.533215
105.89263
242.38555
327.11279
26.020016
62.651043
108.8905
246.35663
325.51926
717.37434
713.97987
677.47167
612.33653
566.30325
732.66764
731.2859
701.65149
636.35737
579.91852
769.17384
757.88
728.81264
669.51177
609.52856
805.95518
789.0776
759.69845
707.26395
650.37482
821.03109
814.41075
789.75026
736.87278
680.50177
869.70245
886.67691
911.74529
935.80068
949.77425
861.56136
878.26794
899.24748
919.48824
933.70181
841.57296
857.34598
877.92314
896.80432
909.54302
814.17726
828.37146
849.50311
869.86612
882.20199
794.53578
807.59401
827.06701
846.79475
859.46888
1021.2461
1030.4026
1042.1579
1050.6132
1053.8061
999.69589
1007.8591
1018.0707
1025.7407
1028.7995
970.87024
977.96431
986.31224
992.03971
994.27602
942.29309
949.10052
956.64042
960.46452
961.09597
921.30615
927.72088
935.39706
939.78142
939.7757
19.058421
60.594787
126.74942
253.96159
305.57079
17.588927
64.70044
125.52522
247.2333
305.30674
13.218713
65.584765
127.83776
244.52147
304.77882
10.412845
68.244745
128.87758
238.94064
302.70565
9.3251157
75.113099
127.41806
228.63938
300.3297
942.19702
971.07923
982.40835
942.22208
873.4615
963.20547
997.61888
1011.4403
973.3786
913.68353
986.71789
1022.8247
1044.4254
1012.102
957.45346
993.57196
1034.661
1066.6837
1045.2911
994.46709
981.89844
1035.9216
1075.7719
1065.7859
1025.5291
714.52267
731.27894
743.93234
753.38764
763.13277
715.04888
718.29394
729.17207
741.24884
745.67208
692.50907
698.40931
707.97218
718.30985
724.7699
677.98312
682.32154
685.84986
692.33216
699.53703
690.78177
675.63517
671.30696
676.13895
675.46008
794.5122
799.69118
800.15056
791.86524
782.86435
777.25531
772.87838
779.10439
768.15067
733.62604
745.47386
745.92668
735.2974
692.33673
633.78903
707.50987
709.15047
666.98515
592.65893
533.51807
680.7544
666.06762
601.11114
522.4595
474.98937
18.804099
74.847664
104.42437
182.89136
239.99377
16.233223
71.81209
101.72531
169.29079
225.97767
15.968486
67.297346
90.851727
149.85119
205.06003
17.33962
61.566616
80.204499
128.87863
174.33867
15.166678
57.059469
75.85073
111.04767
148.80089
772.58337
859.82681
964.60254
1019.7305
1025.1482
723.13495
804.24386
910.61243
977.21577
990.95509
638.91642
712.98165
813.626
889.08295
912.09337
537.63308
600.18579
687.81462
759.28909
789.47965
457.17593
507.64915
585.24458
640.91631
662.5236
603.75963
669.90781
660.5583
628.097
618.85448
553.68904
535.88747
589.0153
615.46938
563.36522
593.52257
507.26653
498.06348
533.11278
489.64935
582.25115
479.89777
442.98255
435.05324
399.11374
377.71795
356.21234
362.23896
363.48509
332.23946
358.81492
323.48119
276.22786
236.38377
213.45231
314.86804
282.64582
241.91781
209.12932
190.29138
257.90005
232.05788
201.50571
177.29619
163.2166
214.62486
194.81919
171.7817
153.23172
142.50499
190.79055
173.64952
154.35224
139.11659
130.32603
275.3777
350.25265
557.39473
627.11819
638.02948
272.59039
348.14315
550.72601
614.32165
625.44951
267.68414
344.30835
535.68894
595.57586
616.24036
263.4713
340.08005
519.75222
582.92468
612.95081
262.73117
337.65148
516.21629
580.49482
611.38714
53.119077
81.461475
82.190483
191.53869
302.65368
50.652145
80.34797
81.078076
183.98265
300.72589
53.699334
77.74502
78.823539
177.04365
296.31797
60.040849
82.829969
77.663954
173.28927
291.78247
68.866953
92.000792
79.210829
167.66422
290.3568
263.50483
336.94315
515.92173
578.94884
609.30748
263.5694
333.54795
513.31965
573.18699
597.24336
262.13705
329.1843
504.30711
562.21549
587.44708
260.20838
326.30503
493.10956
553.39882
585.92366
260.22342
324.66136
489.06394
550.45455
587.611
259.90333
324.63309
488.07209
549.8841
585.31716
259.2232
323.11499
486.14165
545.85958
579.37669
259.66134
320.96622
483.75313
540.92392
574.76096
259.47299
320.69129
481.3507
540.68963
575.93668
260.28527
319.53597
482.05427
542.48781
577.1812
97.8842
123.08515
79.87166
153.61337
272.41112
75.825378
101.63947
75.410022
148.89693
272.28902
61.931561
88.830022
74.342895
141.90162
268.01349
73.421702
106.46053
77.350119
145.25027
265.56651
97.428753
126.75328
79.963392
148.96296
265.98745
438.71918
429.05854
538.53041
745.49283
913.16316
434.0014
431.80939
552.78839
759.80057
923.17257
427.74136
435.06801
557.676
761.88361
933.57213
425.42482
436.91541
555.46054
761.09057
947.78652
429.1922
435.27748
552.68474
764.22792
955.30388
428.95559
436.67327
558.72409
769.96315
962.50093
427.2102
439.71564
573.85411
780.73667
960.7921
424.48751
442.75011
580.86245
781.5889
953.38472
422.34403
446.33516
584.4974
782.5722
966.30439
423.20297
446.09986
579.28314
780.11669
980.37714
580.75273
556.3404
518.09826
469.63831
432.48467
579.50549
560.84522
514.51402
463.10081
438.26099
578.76322
564.56898
510.65604
456.07444
441.41335
576.05949
562.14741
510.18849
455.18504
437.11359
574.54881
557.47077
512.98989
459.46992
430.88608
1151.6688
1202.9083
1275.4087
1316.5047
1325.0683
1162.2893
1233.9377
1298.1651
1315.6097
1322.2847
1178.7213
1268.1927
1300.0427
1311.8583
1328.2361
1238.7411
1296.4775
1308.2585
1329.2141
1342.4042
1290.5023
1310.1975
1325.6697
1345.7316
1356.397
259.38411
319.45163
482.78474
542.66337
577.3295
259.75871
319.52324
482.04767
544.56191
579.30037
260.68289
319.75638
483.59676
544.72642
578.19241
260.34159
322.08909
486.86719
546.39846
577.16344
261.18884
323.07976
489.9577
549.17977
577.38014
261.67141
322.79871
491.60634
550.15998
577.03397
259.94685
326.11686
493.26882
552.98145
583.81618
260.0741
332.13018
498.5587
557.28127
591.3936
261.55145
337.19418
507.07891
564.20777
596.92689
262.50274
337.42657
513.75167
572.49168
601.21233
95.912031
115.67593
76.576489
157.13229
270.63247
70.595483
95.115164
71.288034
155.67004
276.18433
57.883819
86.434856
71.534993
153.74621
281.09396
62.352203
93.787079
77.026817
160.45833
284.25918
70.274047
95.015049
79.120413
166.20163
288.87819
422.64808
446.13721
578.97737
780.08787
978.33415
422.10687
445.91793
583.92282
783.52412
965.04004
421.09205
441.61388
581.51204
781.79298
953.44075
420.09024
438.89874
576.51409
779.61428
955.70163
421.60247
435.73914
561.50999
768.44482
956.69012
424.80322
433.73589
553.6225
762.09695
950.05665
425.73531
435.38452
553.29529
762.12581
952.95752
433.08115
434.70244
555.34638
767.29518
946.4614
441.24798
432.97643
552.72461
763.79729
929.44826
445.22656
430.90839
539.04893
748.71199
916.74449
578.10829
563.04596
522.35881
469.94792
437.13756
584.75176
565.37474
523.8047
472.46026
439.04269
589.66834
575.01562
528.18055
473.19343
446.15104
593.59653
586.61865
535.41214
474.89391
454.2257
598.25606
592.07388
542.29044
481.16285
459.08933
1359.6893
1368.3861
1379.8249
1389.5926
1394.7087
1342.0253
1353.1787
1364.2807
1373.9445
1379.6838
1332.5242
1340.2748
1352.2541
1362.3165
1368.6497
1329.1351
1339.2417
1350.3419
1360.5548
1367.2301
1326.3671
1339.01
1351.0857
1360.3672
1366.7503
1323.6489
1333.7965
1348.534
1357.5626
1362.52
1320.444
1327.9773
1338.8128
1348.7919
1353.1326
1284.9849
1305.4199
1321.9311
1331.169
1335.7379
1241.9749
1264.9266
1292.9033
1309.4921
1315.5737
1220.2652
1238.3549
1266.8472
1290.3817
1299.9626
1149.8567
1191.1706
1255.6822
1307.7931
1323.4725
1143.0557
1185.7066
1236.0427
1284.883
1311.9827
1120.3959
1157.3416
1203.6231
1244.7255
1271.4664
1096.2084
1127.237
1168.3156
1206.7673
1230.7071
1082.6339
1113.2691
1150.0512
1185.6252
1209.022
262.89239
336.5804
515.3964
576.75363
602.41567
264.70355
338.30654
521.01888
583.56331
607.45626
269.2262
342.22903
535.6805
600.43362
619.66286
273.99635
346.02523
549.09271
618.57709
631.73933
277.0333
348.29214
556.38056
627.58974
637.44304
275.54197
351.20315
559.83373
630.35465
644.11648
279.18171
357.07312
566.38899
639.59245
653.62851
283.62568
365.83822
581.04566
659.21103
674.25513
287.42096
374.29889
595.7949
679.55234
696.83058
290.81594
380.66254
603.63432
690.29656
710.30991
55.44848
77.096106
83.491129
193.03196
308.99362
49.767364
73.140113
84.296888
198.48509
309.3423
43.48717
69.659063
87.306464
205.33322
314.36026
39.673933
68.863392
90.40732
213.25873
320.36142
39.754897
68.560948
91.482818
219.19149
320.85982
446.84279
430.10665
533.58915
742.89588
912.23204
445.86217
432.69077
533.03565
736.9113
903.88358
452.55229
437.29834
530.3648
726.73368
886.75944
461.96705
441.4243
524.56928
711.15602
863.00056
468.60511
442.38415
514.62107
690.92418
837.84565
472.53305
444.00498
509.22852
681.36938
829.61178
477.60547
448.09578
507.13024
677.40303
826.18577
492.43151
458.0873
506.07054
663.30206
802.56296
514.49882
471.48988
502.39324
638.25128
770.00399
534.21273
483.80056
494.34335
618.78625
753.26113
640.7787
644.02727
599.93603
529.22097
487.24374
656.28566
654.48908
611.79117
543.74939
497.52556
675.51903
668.26203
626.19148
561.39064
515.5553
694.05399
686.66291
646.1118
581.92931
539.30351
708.38659
704.96662
665.30855
600.37203
559.98976
1208.9391
1228.4286
1253.3369
1276.8836
1289.8538
1187.927
1206.6449
1230.8684
1252.1216
1265.3623
1154.2522
1171.8468
1195.4111
1215.8235
1227.9773
1117.8399
1135.672
1159.0662
1179.4625
1191.6293
1095.3094
1112.6239
1135.9025
1156.0578
1168.1469
1084.2389
1101.2052
1124.4076
1144.6363
1156.463
1064.047
1079.621
1101.313
1121.3308
1133.5928
1027.229
1042.6146
1063.4588
1082.5646
1094.6205
987.42656
1002.8644
1023.7836
1042.443
1054.0294
965.52099
979.73241
999.59768
1017.2239
1027.8663
981.08617
1002.3511
1030.2114
1057.6781
1075.3358
964.63183
985.96403
1013.9687
1039.4281
1055.7398
930.2457
948.72216
975.6512
1002.0353
1018.8593
896.87137
915.09585
939.91582
963.64921
979.3156
879.91154
899.10251
922.89375
944.09003
958.25126
1301.6279
1299.4458
1293.3449
1282.5626
1271.9741
1284.7533
1281.5297
1274.8916
1264.1729
1253.403
1259.8154
1255.8191
1247.5211
1235.9683
1225.1001
1230.882
1228.0676
1219.286
1206.3734
1195.1924
1207.3551
1205.9561
1198.706
1185.839
1174.1006
1161.935
1172.2184
1183.6754
1191.4247
1194.8766
1139.4
1149.4245
1161.4325
1169.0277
1171.6097
1100.6204
1111.334
1124.6387
1134.0098
1137.3933
1059.7167
1070.2355
1083.3699
1093.4413
1098.2021
1033.1151
1042.5655
1054.3467
1063.142
1067.5891
291.74266
383.07791
607.66762
695.49949
715.07174
295.84923
388.37981
615.22313
709.38442
732.19107
301.09846
398.61668
630.12765
733.51709
763.00263
305.5682
406.59463
643.97587
757.65855
790.2208
308.71973
410.0744
651.9553
772.58953
802.75344
311.46011
411.0344
654.76486
780.92005
809.58313
312.68203
413.94281
659.42043
795.7411
832.00526
315.65699
419.54056
668.40208
816.81064
862.7246
318.12684
425.16581
673.08587
832.2965
890.83874
318.22371
427.64732
672.2653
838.27754
908.14145
29.684442
59.966937
112.16838
248.94517
319.10071
25.035604
60.290868
114.13544
249.34936
318.65864
24.232468
57.30321
119.56141
255.55814
314.35933
23.360164
57.646728
124.42614
257.15498
309.44333
18.891306
61.602391
126.61131
252.72305
308.94469
549.09547
491.46703
493.29104
615.06838
747.58053
563.16265
505.58378
494.55304
604.91284
736.11304
585.63161
523.67809
495.01201
590.07395
718.77102
618.48332
546.28298
497.92207
577.41634
699.94712
646.84806
568.14685
501.6937
567.10094
688.91189
660.99199
577.28152
505.47067
562.88344
678.7892
690.64502
604.31663
516.13152
553.8587
663.25755
734.22023
646.42918
535.95349
546.9949
649.06271
779.58823
687.34364
559.34127
547.21419
638.67811
811.02833
714.4691
577.66676
551.28421
631.52837
827.21608
827.44198
806.47594
753.38988
696.8301
840.3221
852.48838
838.47274
783.88782
722.81865
870.6154
893.39069
883.32929
827.22817
765.34466
907.84205
934.11697
930.47897
878.94225
815.90241
932.97218
958.28504
965.00628
922.67136
854.33802
956.68737
969.51407
988.30124
1005.7873
1016.2324
940.55124
953.18054
969.89276
985.35292
995.04155
915.75689
927.97471
944.36559
958.4412
966.8146
888.38007
899.77382
915.81295
930.1632
938.46396
866.53602
878.53291
894.33436
908.75263
917.47828
855.17187
867.57811
883.3177
897.05893
905.86296
836.08511
846.76528
862.04029
875.44102
883.16032
812.61413
821.4237
833.73572
845.45126
852.44712
789.44721
797.9841
808.44116
817.33503
823.14113
772.73884
780.86296
791.5306
799.15913
802.9132
786.86039
801.49848
818.99046
835.94566
849.39894
777.06719
787.54805
804.37258
820.69187
830.34384
754.0762
765.85049
782.16284
797.8009
807.92515
736.69076
747.07865
761.23403
775.39184
784.9023
735.92057
736.86392
748.28153
762.19776
766.88842
910.01618
916.93432
924.22565
928.40808
928.75953
887.09745
893.79926
901.24731
905.00014
904.91565
855.51445
860.64543
866.90696
869.66323
868.83421
826.00208
829.53356
833.1303
833.05662
829.34831
806.33525
809.42103
810.97095
807.21516
800.22972
317.5261
429.62525
670.08664
839.50809
920.55488
315.87823
431.09018
666.49529
842.41049
936.54735
311.30995
433.33414
662.8712
842.45884
950.73229
304.41318
429.11352
653.30794
832.54228
946.81614
299.39161
420.12453
641.19453
818.69296
928.51973
296.16882
416.39576
631.40769
805.79348
915.44783
290.16189
405.43416
608.9246
780.75416
892.64023
282.72288
382.83603
573.92396
745.88324
850.93379
269.99795
357.22226
532.5627
696.68422
791.80256
254.50742
339.52854
499.29804
652.94646
746.83507
7.8227012
79.945518
127.44135
221.76659
299.61181
9.0443452
73.330639
122.27365
219.73131
294.07513
9.1623219
80.280945
118.18414
207.17112
288.18541
8.6416609
88.772129
112.35144
190.38789
281.05965
11.281089
81.510242
105.06695
183.02918
268.02232
825.39444
728.69391
589.10789
554.38968
627.80976
858.4522
755.09109
610.30704
562.32399
618.90742
914.15588
798.55892
642.25394
579.43783
609.56327
970.19464
852.64814
679.45595
596.33937
607.03767
1004.2974
899.25208
711.52607
604.70318
610.00227
1018.5947
919.6903
728.70633
611.86432
611.37906
1025.7891
957.72454
768.49831
618.74597
616.29539
1037.7701
983.98915
818.28561
642.24689
605.60085
1038.0214
984.1389
833.33122
666.89511
585.86116
1015.395
978.58891
826.61043
637.51041
565.09431
970.39529
1033.9968
1081.4541
1077.5714
1040.5679
949.00513
1028.0487
1090.1454
1094.1076
1058.1698
905.80697
998.71698
1078.7059
1096.4669
1069.7664
844.43679
939.71412
1034.9637
1072.2262
1062.0677
796.74025
886.00217
988.20542
1039.7954
1043.146
764.56438
772.03475
782.50819
790.27652
793.52968
750.0501
755.37098
763.69873
771.48357
774.86684
727.1739
732.1077
737.43931
741.91023
744.63715
701.46145
706.1649
710.40661
711.32208
710.36046
682.34927
685.49751
689.86874
689.72273
685.0326
670.58749
676.59565
678.45141
673.92833
670.27717
655.43283
651.17962
656.7428
652.82331
631.79734
639.29978
630.4733
614.7811
583.00896
544.00421
625.30322
606.07585
556.71461
496.7866
454.79199
614.07183
574.21637
503.85379
439.37857
403.56145
644.86567
666.25403
672.36548
669.06153
671.45598
691.2669
684.77005
672.53491
662.30521
656.12234
679.92434
680.15472
673.09551
657.41314
645.70644
646.05597
666.32947
672.68865
656.76797
637.72482
656.61046
653.91084
661.71732
652.72321
625.63865
666.02077
636.38652
567.33968
491.38929
444.50892
614.29414
568.20747
501.25355
433.50038
388.69072
522.4993
477.55211
416.57295
355.77165
316.12981
434.93838
396.15657
340.76784
289.00023
257.84607
384.00025
346.54095
295.98756
252.32603
226.92975
245.04727
329.70563
481.50282
631.22026
727.3575
224.19912
307.03513
449.2817
588.8907
678.78399
202.86722
271.97151
398.27394
524.36821
600.31644
180.89234
236.99271
340.42608
446.05902
506.939
159.50338
210.5924
296.85592
382.31836
430.88558
149.74634
195.12442
270.37951
348.38997
392.40642
131.86815
166.09472
221.58409
278.56262
310.54234
89.278059
113.17372
142.04972
161.73332
173.67278
49.932849
61.768612
73.700131
80.435401
84.112713
26.6895
28.183728
33.374375
37.78744
35.733979
13.769679
56.504853
73.291627
102.34532
137.53575
10.830744
50.442964
66.302207
86.747771
120.53472
10.279321
38.531045
49.320282
62.56345
83.040768
12.990009
28.17389
32.096373
40.332227
48.824508
12.474754
18.664475
18.696824
23.176472
28.768079
1013.73
976.19302
833.77694
632.23723
556.49547
990.46678
948.63574
860.76426
673.22848
466.02737
921.65186
909.72979
837.43075
743.47184
633.9503
794.60592
841.74695
773.95026
686.0917
665.76306
658.35925
721.01294
743.95194
539.60883
369.57814
580.9772
594.05688
721.8523
579.21139
231.40125
481.06943
439.36446
492.60253
590.49985
439.88952
250.17394
299.46187
237.68957
252.30909
431.59585
101.13016
176.25648
163.74379
75.874083
56.876316
18.65892
13.838547
11.027543
38.721158
94.784804
408.37713
461.26434
538.75659
575.2776
591.14984
328.43745
366.82022
417.26928
457.45278
466.31269
177.99232
219.69213
280.74735
262.74195
240.12505
76.094179
125.46646
161.15981
124.02289
105.09746
17.019314
-8.5503636
16.95359
9.8854914
11.774377
598.6886
550.44874
476.0241
412.11878
377.05971
551.1995
501.47334
427.80876
365.84273
331.65624
473.05605
431.49812
360.99828
301.98875
271.66124
390.55287
356.81105
298.19122
248.128
224.9269
336.49416
308.77384
260.98239
217.96422
199.35041
315.74028
285.48242
238.77686
203.02422
187.04427
276.04724
259.1226
221.74953
180.96336
168.01672
223.07187
216.01108
179.21699
150.09241
139.95064
154.94267
171.12439
163.02924
120.92381
113.12791
45.210771
67.349825
112.56395
94.21733
65.077113
294.29339
315.68414
311.11319
309.16046
313.12536
260.87387
248.042
258.92636
280.61158
279.19282
345.7913
251.88921
226.26489
218.47361
219.44007
142.26612
144.62407
134.99734
134.41814
142.62872
6.5406998
13.167428
30.131598
39.61644
43.658451
178.36678
163.10568
146.01408
132.35768
124.47379
161.58659
147.7035
133.0023
121.17895
114.21652
135.2255
124.18457
112.59997
103.37966
98.326261
111.64657
100.79548
92.363025
85.552547
81.905408
77.319497
78.470685
70.680186
66.801587
64.431825
