FiniteElementSpace
FiniteElementCollection: L2_2D_P4
VDim: 2
Ordering: 0

-0.61597928
-0.0071544092
0.32284638
-1.4131233
-2.449107
-0.64440311
-0.16650435
0.20064068
-1.4687047
-2.5162972
-0.47527733
-0.077067816
0.26768466
-1.2862977
-2.7452539
-0.40615675
0.048904171
0.26790354
-1.1454101
-2.7532063
-0.5425394
0.29258986
0.34137291
-1.0298913
-2.4936988
0.91911241
2.8674623
4.3034681
2.9334532
-2.3732838
0.54034415
2.7017288
4.5266583
2.4710382
-3.4650862
0.17784996
2.6080384
4.8601874
1.8558006
-4.6681023
0.18293935
2.6448245
4.8582852
1.3916813
-5.6343412
0.39287234
2.6745264
4.5461099
1.3786275
-5.5438438
-76.029132
-72.416148
-67.291908
-62.091207
-58.277935
-77.280128
-73.715429
-68.598438
-63.194439
-59.206898
-78.274942
-74.770922
-69.572585
-64.033733
-59.954606
-79.127006
-75.46324
-70.089116
-64.453086
-60.284667
-80.413267
-76.790528
-71.463933
-65.643112
-61.282466
-0.76904527
0.063918614
0.46564443
-1.080925
-2.0276053
-0.49257956
0.0011994201
0.34262999
-1.039185
-2.4287809
-0.44065394
-0.1171496
0.27721926
-0.9741886
-2.7010421
-0.66853171
-0.12421646
0.33161272
-1.2559437
-2.4591627
-0.72893725
-0.010757129
0.32771682
-1.2618859
-2.212731
0.50372128
2.4495571
4.1310927
1.6424519
-5.9328417
0.51012084
2.6974251
4.2906537
1.4831394
-6.0462307
0.38931179
3.0923365
4.3142748
1.5221754
-5.4225185
0.3496924
3.2469059
4.384489
1.4578619
-5.345424
0.39479694
3.0866756
4.5647491
1.5554834
-5.3822124
-80.989906
-76.339439
-69.964404
-63.75677
-59.335059
-79.894035
-75.420457
-69.117773
-62.947211
-58.525863
-79.645156
-75.539163
-69.338452
-63.105404
-58.674435
-79.491184
-75.715956
-69.790022
-63.427556
-58.884212
-79.138658
-75.465187
-69.784804
-63.568392
-58.991275
-0.54908874
0.12870078
0.27256232
-1.4463742
-2.4339542
-0.34462352
0.14670562
0.14163186
-1.5412199
-2.4962894
-0.39935977
-0.0576012
0.14733581
-1.5803629
-2.281373
-0.55680476
-0.035027121
0.1382531
-1.8014739
-1.9567106
-0.49283202
0.071107757
0.093027621
-1.8660993
-2.1259947
0.31162039
3.1182169
4.694012
3.0664027
-1.8638411
0.41918787
3.2232657
4.6937665
3.3568094
-1.659438
0.70407348
3.1464411
5.0729843
3.4763027
-1.5207287
0.75923089
3.0419904
5.4242108
3.6061485
-1.0430386
0.62041987
3.0998545
5.4597594
3.9554176
0.11911933
-74.344081
-70.847718
-65.890351
-60.709285
-56.930149
-73.262236
-69.654624
-64.610019
-59.515661
-55.821625
-70.989209
-67.321129
-62.361999
-57.408099
-53.86465
-68.746439
-64.994212
-59.913031
-54.917132
-51.450166
-67.491227
-63.731069
-58.562074
-53.505679
-49.971436
-33.652993
-29.601229
-23.558583
-17.336048
-12.908221
-33.095374
-29.167565
-23.29093
-17.209433
-12.885063
-32.362989
-28.628972
-23.040232
-17.221531
-13.040212
-31.197204
-27.682434
-22.406381
-16.918131
-12.975127
-29.995093
-26.641414
-21.556025
-16.194524
-12.361537
-0.32159059
0.084377706
-0.061867451
-2.2494837
-2.1123244
-0.33167749
0.19934939
-0.1662341
-2.0258522
-1.7910255
-0.17585565
0.039200068
-0.10816417
-2.0234958
-2.5581148
-0.17545837
-0.021336647
-0.093165199
-1.9730123
-1.9888194
-0.42194341
0.23261749
-0.3422272
-2.1479381
-1.2201323
0.19688435
2.5838914
5.4379462
6.6768232
4.8632949
0.41222245
2.5280248
5.5379987
6.7074696
5.3928187
0.74537994
3.0541674
5.8471195
6.7335618
5.6792569
0.72055469
3.5095465
6.4097743
7.013791
5.9279622
0.37684768
3.2911229
6.8576709
7.4798318
6.0901978
-55.327951
-51.678312
-46.980755
-42.004907
-38.386667
-54.551526
-50.849708
-46.096737
-41.498094
-38.181469
-53.336465
-49.413401
-44.661374
-40.343113
-37.319893
-51.615141
-47.905166
-43.235234
-38.849064
-35.915124
-50.542994
-46.990274
-42.260617
-37.706307
-34.708303
-15.656928
-11.526865
-5.3438127
0.9409959
5.2138297
-16.065598
-11.900012
-5.5870442
0.98360145
5.6140012
-17.112778
-13.102954
-6.8988395
-0.31463083
4.4311688
-17.628855
-13.971517
-8.2079845
-1.9151301
2.7115123
-17.331654
-13.923702
-8.5344271
-2.6117036
1.7914763
-0.19307929
0.053221168
-0.38628796
-1.421197
-0.071621719
0.019451987
0.072727907
-0.4128849
-1.5481905
-0.29150736
0.06005657
0.36686187
-0.94711881
-2.0072166
-0.0061768097
0.12093968
-0.33097651
-0.71733282
-0.35359895
0.82329135
0.19248615
-0.69643846
-0.22324972
0.80280059
1.0931928
-1.8081444
2.3982128
6.8737268
8.3373484
7.7403307
-2.0249074
1.81002
6.488032
8.628169
7.9430446
-2.9062399
0.61815794
5.75023
9.0098684
8.4919035
-4.4133446
-0.75505091
4.9604509
9.0891642
9.1817522
-5.5140359
-1.7062974
4.3096757
8.7951819
9.6161498
-44.312749
-40.774339
-36.412898
-32.132562
-29.075794
-43.536258
-40.095188
-35.672393
-31.214392
-28.008655
-42.5175
-38.699925
-33.552649
-28.960372
-25.89592
-41.282272
-36.718322
-31.204383
-26.652769
-23.658135
-40.526465
-35.948022
-30.656472
-26.047607
-22.973854
-11.840639
-8.7156593
-3.8771147
1.2712659
4.9627429
-10.37371
-7.3416552
-2.6624255
2.3885443
6.0813853
-7.6938708
-4.7028819
-0.1612075
4.6903561
8.2496701
-5.0441871
-1.9036115
2.7648353
7.6470449
11.172863
-3.5171419
-0.14566968
4.7556581
9.7828587
13.368032
-0.86545555
2.1577214
-0.58862492
-0.74558013
1.1621781
0.33037843
1.0146869
-0.38615866
-0.23814492
-0.57526479
0.3488267
0.29744124
0.16795032
0.5362486
-0.97699395
0.26429763
0.17363129
0.26435398
0.75454313
-0.77271294
0.27037428
0.072128559
0.12436303
0.62328669
-0.63106847
-10.635567
-6.8858741
-0.83197794
3.9402421
5.6286813
-11.055112
-7.7377409
-2.0405986
3.1476721
5.7550692
-10.483763
-8.1608445
-3.5392141
1.4858892
4.6945629
-8.8013763
-7.2745111
-3.7573724
0.26970474
2.876863
-7.8560269
-6.2166904
-2.464538
1.7834392
4.8116963
-37.391115
-36.021751
-33.410018
-30.358805
-27.401995
-32.368561
-30.061708
-30.513999
-28.995193
-26.215208
-22.688927
-22.236096
-22.143787
-23.928299
-23.433573
-20.084899
-19.932143
-15.82349
-15.069946
-14.402628
-17.898047
-16.686566
-15.551491
-11.663765
-9.1519385
2.720766
7.9229107
15.386956
22.781321
27.755821
2.9095288
8.8054959
17.051773
25.031724
30.386343
3.8477004
10.258828
19.459854
28.274251
34.226267
5.2016957
12.62566
22.751026
32.226303
38.331174
6.8727475
14.143484
24.72166
34.639471
40.535036
0.34252461
-5.7025109
-4.9751907
-0.86591847
-0.96129294
0.1132876
-5.4260694
-4.7495124
-0.94948615
-0.66194541
0.24695459
-5.1536427
-4.4733305
-0.96733587
-1.1251223
0.14796695
-4.7978963
-4.3361583
-0.89666932
-1.6502949
0.13032789
-4.6117368
-4.1946626
-0.76961712
-1.5406358
-0.50239768
0.075606892
0.10019668
-1.8703184
-2.2576003
-0.53486954
-0.071169867
0.13882582
-1.8049177
-2.1423171
-0.4010699
-0.0439021
0.14985239
-1.5836378
-2.426183
-0.34665252
0.11673388
0.13019575
-1.5669317
-2.546469
-0.531384
0.21326491
0.31409008
-1.4414997
-2.4282189
0.14694003
-4.5913984
-4.1021711
-0.70304958
-1.4236383
0.085479034
-4.4816476
-3.9878968
-0.63576032
-1.4232155
0.029930206
-4.2960336
-3.8308361
-0.67797467
-1.5073378
-0.20108583
-4.0661328
-3.8289418
-0.70064335
-1.4251997
-0.3056946
-3.9016282
-3.8649783
-0.57922697
-1.2069785
-0.36967374
-3.9219209
-3.8205356
-0.54914006
-1.1084691
-0.21249361
-3.989536
-3.7931725
-0.45039257
-1.0979808
-0.099585497
-3.9257563
-3.771949
-0.4508035
-1.202847
-0.34588337
-3.8363764
-3.6906865
-0.63082334
-1.4086896
-0.58935228
-3.6990419
-3.591086
-0.77110341
-1.6176324
-0.72359606
0.030961618
0.41075644
-1.2253083
-2.4100167
-0.63975493
-0.19024255
0.30935174
-1.2039745
-2.5608328
-0.43411924
-0.093688104
0.27873808
-0.94903886
-2.7946769
-0.51262147
-0.041038199
0.34008634
-1.0024945
-2.5915194
-0.70164873
0.049581738
0.41000678
-1.0328632
-2.1936122
-8.1415333
-20.103256
-40.911934
-63.311044
-74.969989
-9.7230489
-22.499945
-43.148666
-64.784802
-76.186556
-10.589661
-23.815995
-44.709599
-65.666679
-77.00137
-11.266129
-24.067241
-45.076676
-66.305662
-78.002908
-11.2413
-23.642514
-44.521999
-66.452416
-79.158923
-11.418826
-24.346634
-45.165654
-66.695935
-79.015713
-12.4886
-26.580794
-46.677818
-67.380292
-79.550105
-13.133779
-27.5331
-47.33339
-68.012941
-80.373964
-13.605339
-27.566148
-48.193355
-69.268382
-80.853846
-13.140098
-26.686129
-47.92357
-69.441144
-80.881654
0.55368979
2.6790924
4.3700963
1.4187345
-5.3175779
0.79108419
2.6553188
3.9288979
1.4702365
-5.0400265
0.81370119
2.4794262
3.584159
1.6444393
-4.9672098
0.6476714
2.3849191
3.7156809
1.7448386
-5.6400017
0.49232941
2.4255894
3.9802831
1.7789103
-5.8052995
-80.304283
-76.840246
-71.376448
-65.392629
-60.998625
-80.736169
-77.071499
-71.383484
-65.373145
-61.114653
-81.641616
-77.675229
-71.731944
-65.823438
-61.614967
-81.658554
-77.342631
-71.173942
-65.081985
-60.701925
-81.525904
-76.942645
-70.658391
-64.44378
-59.988049
-0.59976627
-3.7313387
-3.4972808
-0.89803596
-1.6641306
-0.42281704
-3.8428415
-3.43972
-1.1180548
-1.9738448
-0.23316482
-3.8954245
-3.4359858
-1.1035696
-2.3547343
-0.39763252
-3.8623656
-3.5790029
-0.98288501
-2.1592504
-0.57338742
-3.7515104
-3.7861967
-0.96926441
-1.7114867
-0.5136853
-3.7374575
-3.8818853
-0.97428077
-1.5971438
-0.26799056
-3.9136076
-3.8964426
-1.1144095
-1.412896
0.080062853
-4.16813
-3.9752984
-1.1280018
-1.2113812
0.1158937
-4.3548708
-4.2320587
-0.8345596
-1.3076276
0.19504506
-4.5064444
-4.3100172
-0.59335378
-1.5439124
-0.59105997
0.21829494
0.31289376
-0.98611231
-2.4459906
-0.3725022
0.13387019
0.28711697
-1.114019
-2.7969003
-0.47693634
-0.11014335
0.24805002
-1.3124108
-2.6828919
-0.65249147
-0.11341125
0.22427062
-1.4899771
-2.6311282
-0.59137691
-0.033380619
0.30110148
-1.4230644
-2.5925671
-13.102912
-26.707745
-47.747128
-69.045327
-80.391175
-13.402283
-27.277788
-47.829174
-68.328893
-79.295005
-12.885471
-26.847926
-47.039574
-67.410215
-78.697521
-12.414424
-25.980973
-46.559026
-67.394706
-78.587518
-11.626067
-24.09808
-44.919457
-66.522856
-78.162682
-11.444979
-23.367939
-44.061138
-65.987265
-78.074837
-11.269618
-23.581907
-44.085612
-65.192969
-76.466804
-10.471309
-23.568537
-43.463702
-63.597779
-74.830762
-9.6208539
-22.760924
-42.15268
-62.484121
-74.273212
-8.1894592
-20.522032
-39.993359
-61.549391
-73.775228
0.4195252
3.012628
4.598267
1.5908703
-5.4724705
0.68054062
2.9495088
4.6659503
1.4509777
-5.46604
0.91963091
2.98705
4.7407608
1.6341396
-4.5320211
0.62984056
3.0229499
4.7683147
2.1029147
-3.4211321
0.29717881
3.0658842
4.7641676
2.7069313
-2.3162769
-57.097615
-52.787812
-46.548476
-40.401253
-36.139707
-56.291924
-52.011829
-45.803059
-39.664952
-35.409556
-56.413718
-52.080984
-45.77765
-39.480376
-35.096883
-56.574572
-52.149709
-45.719615
-39.282266
-34.789027
-56.654404
-52.183319
-45.736563
-39.372923
-34.971376
-56.726182
-52.282025
-45.836647
-39.444708
-35.027887
-55.758339
-51.437684
-45.18126
-38.964268
-34.64406
-55.506455
-51.364387
-45.254449
-39.127458
-34.87665
-55.695399
-51.698739
-45.751241
-39.70099
-35.459817
-55.499009
-51.595008
-45.809814
-39.923525
-35.777104
-79.051211
-75.209425
-69.6
-63.564027
-59.044776
-77.390178
-73.62794
-68.109246
-62.29784
-57.99708
-76.059033
-72.532548
-67.293133
-61.722606
-57.627122
-75.560832
-72.034303
-66.983009
-61.668325
-57.734711
-74.900699
-71.431817
-66.481834
-61.316362
-57.490335
0.25156136
-4.5615332
-4.3089235
-0.64927236
-1.6592775
0.27687524
-4.7971188
-4.2797396
-0.97673957
-2.0747969
0.17254909
-5.1760593
-4.1378913
-1.4691714
-2.1816459
-0.12789027
-5.3735877
-4.2884943
-1.7121235
-1.9339372
0.08205959
-5.5581205
-4.5979127
-1.6137354
-1.9237938
0.08634887
-5.6517844
-4.7445277
-1.6727328
-2.026578
-0.20900862
-5.8048068
-5.1049212
-1.6288333
-2.3028093
-0.16812924
-6.2250733
-5.7948113
-1.4603706
-2.2085212
-0.35570265
-6.7300972
-6.4138551
-1.3265268
-1.9136735
-0.51108151
-7.083697
-6.8979933
-1.2873947
-1.6502041
-0.48537095
0.12765357
0.068309598
-1.7390527
-1.9082745
-0.33945941
0.1231087
0.023203929
-1.7785575
-1.9738585
-0.31153969
0.029594885
-0.016515823
-1.9545686
-2.420245
-0.40717504
0.032925706
-0.0014496118
-2.0365255
-2.2392064
-0.28052115
-0.010161564
0.033471337
-2.2758981
-2.5411228
-7.6001507
-19.519788
-39.270457
-61.200407
-73.246335
-7.2268289
-18.904575
-39.207618
-60.85212
-72.159662
-6.2493332
-17.877759
-38.663489
-59.731051
-69.994229
-4.8605173
-16.583238
-37.490271
-57.830675
-67.526217
-2.8958652
-14.323544
-35.386622
-55.845545
-65.65055
-2.0159606
-13.308829
-34.181446
-54.828531
-64.904093
-1.5870416
-12.573647
-33.111202
-53.563108
-63.241892
-0.94531867
-11.521438
-31.801484
-51.336765
-59.795515
-0.094314324
-10.281411
-29.546379
-48.363929
-56.692895
1.1584152
-8.3444385
-26.450464
-45.736811
-55.149023
0.6198225
3.0488598
5.4815331
4.1814786
0.77687755
0.31276358
3.2236362
5.5135814
4.5866339
1.3993195
0.33020811
3.3220422
5.5245529
5.3897494
2.2147388
0.36707977
3.0441727
5.4628343
6.2438105
3.2986704
0.19669893
2.7823233
5.4231363
6.6193651
4.357654
-54.995118
-51.179941
-45.506267
-39.75854
-35.723121
-53.911784
-50.179595
-44.641665
-39.033466
-35.105798
-52.05981
-48.521523
-43.291754
-37.993435
-34.270529
-49.717996
-46.362274
-41.442331
-36.471589
-32.983076
-48.186917
-44.793182
-39.908574
-35.060525
-31.701228
-47.455399
-43.939036
-38.934871
-34.069659
-30.751054
-44.667967
-41.024867
-35.857714
-30.893099
-27.57479
-39.826798
-36.162735
-30.86167
-25.652381
-22.130602
-36.968225
-33.277331
-27.811631
-22.255314
-18.378235
-36.722654
-32.98635
-27.410234
-21.690026
-17.662546
-66.614795
-63.100688
-58.154479
-52.991539
-49.284347
-64.277863
-60.542157
-55.575975
-50.392978
-46.574297
-60.693357
-56.288934
-50.778962
-45.507192
-41.733739
-57.779328
-53.431066
-47.905531
-42.567942
-38.848803
-56.198805
-52.415884
-47.468064
-42.296365
-38.594701
-10.628118
-6.180664
0.35780182
6.9409932
11.54272
-10.657347
-6.2804224
0.23135307
6.8689643
11.525709
-10.870514
-6.5829263
-0.12753038
6.5608086
11.296926
-10.918663
-6.8151487
-0.5548403
6.0475425
10.800083
-10.387519
-6.4518558
-0.44950799
5.9097143
10.517221
-29.082985
-25.863248
-21.032943
-15.88307
-12.097132
-25.93534
-22.842121
-18.442642
-13.994665
-10.737697
-20.383282
-17.111998
-12.59635
-8.3491961
-5.5043188
-16.403144
-12.598321
-7.1844737
-2.0616562
1.2074117
-15.591123
-11.506943
-5.4861423
0.47874843
4.4294238
-0.17379253
-7.2403674
-7.2170773
-1.464722
-1.4206675
-0.29496978
-7.4351194
-7.844912
-1.8584476
-1.0780782
-0.79173744
-7.8586757
-8.8747353
-2.2225238
-0.82967547
-0.74589169
-8.3887667
-9.7319737
-2.7990322
-0.95740883
-0.65309528
-8.680758
-10.306491
-3.3078108
-1.1199752
-0.74852304
-8.7805259
-10.794632
-3.6216909
-1.2318384
-0.82111532
-9.0302122
-11.602362
-4.4658116
-1.1337534
-1.0423154
-9.4456184
-12.606517
-5.581628
-1.4505163
-1.235175
-9.6890925
-13.68805
-6.4111863
-2.5282938
-1.2899404
-9.7355382
-14.423336
-6.7398965
-3.3701093
-0.19924159
0.14609667
-0.28928043
-2.1556729
-1.6913851
-0.10579052
0.14209882
-0.21853747
-2.2180147
-1.4715023
-0.26276163
0.28557858
-0.46777218
-2.2868254
-0.65488066
-0.0035482642
-0.023980486
-0.39811732
-1.5873268
-0.44255538
-0.078316551
0.11686993
-0.47073232
-1.535793
-0.25736359
2.1077666
-7.1315334
-25.103874
-44.659024
-54.301495
3.1546324
-5.9562307
-23.472855
-42.729041
-52.882604
3.8276417
-4.5899163
-20.964492
-39.842798
-51.259123
4.4683708
-2.9461019
-18.596007
-37.444693
-49.328207
4.9134799
-1.5169692
-16.413733
-35.379739
-48.02099
5.0810249
-0.79384513
-15.315681
-34.188999
-47.274061
5.8460842
0.23976921
-13.680056
-32.234455
-45.78138
7.0152279
1.7968223
-11.404067
-29.890111
-44.33729
7.7414713
3.4430099
-9.3711487
-28.231671
-43.163547
7.7076586
4.4862748
-7.6526225
-27.02142
-42.533972
0.14443788
2.9992256
6.9159054
7.9086164
6.1859935
0.036309076
2.4235252
6.9402062
8.5936825
7.0224603
0.063740897
2.5184684
7.009544
8.7258807
7.810302
-0.53771237
2.8725631
7.0832774
8.2769325
7.8532758
-1.4682873
2.6855644
7.040761
8.1820882
7.7281524
-36.538989
-32.899811
-27.440965
-21.773769
-17.742585
-36.443997
-32.979918
-27.694067
-22.13433
-18.148045
-35.762546
-32.663647
-27.907808
-22.809389
-19.080511
-34.467986
-31.618452
-27.334325
-22.774707
-19.416436
-33.24806
-30.428093
-26.336635
-22.089719
-18.987488
-32.626471
-29.791366
-25.720133
-21.598305
-18.624673
-31.742322
-28.800591
-24.583655
-20.421691
-17.539471
-30.668423
-27.74811
-23.409107
-19.022278
-16.001953
-29.48745
-26.666275
-22.423355
-18.004069
-14.874227
-28.205602
-25.38744
-21.301121
-17.069757
-14.036764
-49.965953
-46.336282
-41.728679
-37.2041
-34.117728
-48.97132
-45.222109
-40.618435
-36.283007
-33.264278
-47.506688
-43.68599
-39.116778
-35.022754
-32.153842
-46.050913
-42.48248
-37.986664
-33.770947
-30.909496
-45.016239
-41.459644
-36.899244
-32.545316
-29.632729
-17.042441
-13.758433
-8.5017735
-2.7436991
1.4720854
-16.043485
-13.000409
-8.1533442
-2.7390294
1.2954787
-14.463348
-11.433758
-6.8616024
-1.9109651
1.8225098
-13.258508
-10.035853
-5.2384424
-0.33799285
3.1500706
-12.453984
-9.2467701
-4.3305489
0.80732717
4.4228354
-1.2533353
-9.7106841
-14.709896
-7.082731
-3.6022888
-1.219987
-9.6660542
-15.368836
-7.8889145
-3.8021704
-1.1384715
-9.7498355
-16.257081
-9.1222682
-4.611198
-0.97451249
-9.7923998
-16.768791
-10.479567
-6.0720679
-0.8836252
-9.8275264
-16.78841
-11.580996
-7.3131559
-0.77406558
-9.6281176
-16.766632
-12.276836
-8.0951592
-1.4626593
-9.5524029
-16.612713
-13.099478
-9.211265
-2.5050529
-9.26324
-15.939937
-13.931106
-10.345345
-1.9299653
-7.8052012
-14.742889
-14.774647
-11.419466
-0.19763673
-6.8307926
-13.875239
-14.753013
-12.02243
0.24420681
0.33162181
0.023129196
0.12153725
0.62833781
0.11871573
0.2426275
-0.23947685
-0.44744347
-0.034371133
0.31668531
-0.91063575
-0.25711462
-0.09023195
-1.407023
0.59435222
0.039970081
0.81275015
-0.16415959
-2.1924151
-0.30995552
2.0018124
0.51129874
-0.64330404
0.52670658
7.6338117
4.9517627
-6.6977158
-25.999778
-41.8631
7.4151781
5.2950938
-5.2493593
-24.196905
-40.649324
7.326622
5.4485096
-3.7963611
-22.12051
-39.33922
7.9407107
5.6785192
-3.0159369
-20.105872
-37.434719
8.8387227
6.3551821
-2.5909544
-18.847164
-36.067427
9.1898279
6.7506153
-2.4533277
-18.205885
-34.835694
9.4432152
7.072209
-1.9361339
-17.200543
-33.966874
9.1513199
7.3362038
-0.91095831
-15.41356
-31.609354
7.7407798
6.6448295
0.1531616
-13.761046
-30.855952
6.0606535
6.456879
0.49208834
-16.935235
-34.537
-6.0192114
-2.1465982
3.8828542
8.5808755
9.5770002
-6.9433859
-2.7204111
3.1218003
7.993155
9.5383894
-8.0848887
-3.7254027
2.035515
6.5084198
8.5457195
-9.4822076
-5.1819073
0.73622167
4.8272615
6.6960187
-10.419089
-6.320435
-0.27730298
4.2949563
6.0117231
-27.542135
-24.658783
-20.51038
-16.350662
-13.39542
-26.400988
-23.315974
-18.991775
-14.782662
-11.883013
-24.275798
-21.122616
-16.574448
-12.16304
-9.2027372
-22.129537
-19.109078
-14.519046
-9.8391251
-6.6513878
-21.501368
-18.386056
-13.648299
-8.6826256
-5.2476045
-21.362503
-18.167569
-13.252923
-8.1378718
-4.5849364
-20.860755
-17.607414
-12.571471
-7.2471498
-3.4937837
-20.947419
-17.400627
-11.923831
-6.1475241
-2.0639606
-22.847148
-18.620363
-12.007488
-5.3367871
-0.79872825
-24.616745
-19.884271
-12.460444
-5.119866
-0.18702162
-40.094134
-35.599293
-30.27176
-25.89086
-22.944817
-39.419705
-34.422602
-29.523991
-25.461547
-22.474552
-38.111339
-34.363107
-30.453549
-26.094319
-22.650519
-38.778581
-36.835289
-33.224293
-28.566341
-24.820889
-38.351422
-36.583311
-33.766871
-29.997624
-26.539773
-2.7800272
0.70664402
5.7572924
10.881027
14.516201
-1.5610041
2.2286776
7.6921195
13.114926
16.877251
0.043712628
4.2014911
10.292126
16.325135
20.435277
1.5408847
6.1092414
12.787193
19.427587
23.96449
2.3651289
7.3079278
14.497679
21.595045
26.387837
0.28762877
-6.4091476
-13.493678
-14.313432
-12.171456
-0.88389832
-5.5775089
-12.131087
-13.624767
-12.244369
-1.4344257
-4.5970598
-9.8830193
-12.085376
-11.200949
-0.95790259
-3.2265139
-7.4928592
-9.5374146
-9.1601528
-0.50252842
-2.3045951
-5.7166848
-7.2389562
-7.8737523
-0.6396766
-2.1103625
-5.0543564
-6.6964664
-6.8889249
-0.075460441
-0.78759786
-3.2411835
-5.2661557
-5.4223037
-0.10263915
-0.26035955
-0.99272843
-1.3269869
-1.1839708
-0.53452124
-0.82058612
-0.6645666
0.048707076
1.4826607
0.7325454
0.64701542
0.71981251
1.4541079
1.5603016
0.093590294
0.20987859
0.02968685
0.46843432
-0.57954847
0.18032624
0.60635868
0.26270342
0.78623558
-0.45281557
0.17866887
0.17784428
0.31992204
0.80624559
-0.099780794
-0.2121677
-0.1310303
0.14778335
0.096198925
-0.19257192
-0.078458081
0.18432158
0.45383936
0.8533394
0.60937169
5.5956352
6.6264353
0.41389201
-17.479468
-35.121266
6.754941
6.5454824
1.3118194
-10.858268
-28.476218
6.4009418
7.1397785
3.136459
-7.3125517
-17.913098
3.9626344
6.3120463
6.0291561
-2.4738155
-12.660519
5.9267847
5.9114563
4.8731273
2.2332952
-8.7353705
8.0392796
8.1548921
5.3240917
3.9856026
-3.389073
6.7373522
10.689249
9.4403763
5.5621456
4.4519606
0.68353647
1.9071995
10.238232
8.0161747
7.1720138
-0.74734176
6.356028
4.1768808
-0.4477976
3.5046031
0.61848367
6.0448738
1.5018444
-4.7614791
-0.031506568
-6.9972993
-7.0684368
-2.2925019
3.0430399
5.2771727
-4.7908035
-2.5063736
-1.7575066
0.5683729
4.2751641
-1.3266509
-2.782433
-0.54827299
1.0453778
0.49925301
2.1113214
5.2510695
-0.97125993
-5.0956112
-1.3965351
2.0003717
5.3846807
-1.2226677
-5.2391793
-0.38793056
-25.516066
-20.880265
-13.272699
-5.4454283
-0.031899555
-24.385822
-20.130596
-13.276893
-5.6863822
-0.12300027
-22.441342
-19.577791
-13.265271
-5.4811748
0.57707871
-14.710387
-14.152022
-11.257079
-4.7697697
1.5173925
-9.0553117
-8.0627072
-6.010906
-1.8822564
3.2942806
-6.2506717
-6.5617076
-4.6039102
1.8129607
6.815863
2.08814
1.7198298
2.7007907
4.8471125
9.0756721
12.140885
9.9829971
8.8027899
11.119963
12.797565
14.754178
19.690318
17.696857
14.55121
18.947348
8.7417894
9.6796686
1.7169853
-0.10898031
9.6885419
-9.7331137
-6.8624686
-3.5824422
-4.775742
-6.6182974
6.7010189
6.1329502
5.3957292
4.7932465
2.6296774
4.544578
0.094660036
3.75194
10.523671
12.066241
1.9091687
5.3845561
8.6681357
13.105654
13.854917
6.4039084
2.9330407
6.6279106
7.2989481
8.3236718
9.4419771
15.392258
25.334286
34.823393
39.837066
11.954074
17.337497
26.196897
34.172365
38.0856
13.698955
17.926393
24.236211
28.305615
28.60151
20.776891
20.380988
20.347914
21.27306
20.867193
18.164569
26.368296
24.687164
24.147167
13.935121
-0.23285154
-0.37960307
-0.22283324
-0.22612184
-0.87669258
0.51886899
1.0336083
0.76020737
-0.036478999
-0.61261018
-0.63681521
0.0743642
0.37176256
-0.36039098
0.49761009
-2.1560873
-2.10944
-0.30696102
-0.65318395
0.93871417
-1.5146503
-2.9424913
-0.41763024
-0.41103103
0.43282086
2.875482
1.6429958
0.97830015
1.009221
1.3789298
2.5234794
1.1850562
0.92487602
1.0392067
1.2090378
1.8664816
1.1175973
0.80544187
0.75131955
1.0627497
1.3080959
1.4632698
0.42598857
0.018070352
1.353293
1.0595167
1.5930621
0.10513247
-0.5363199
1.3106853
63.398388
53.980405
43.200255
33.364058
26.471758
63.258995
53.646155
41.176533
29.78857
23.09334
62.184358
49.962883
35.124799
24.179578
17.780228
59.30866
44.194433
30.279661
16.904287
7.694792
59.167572
47.575523
28.577497
8.7626119
1.248449
0.79705377
1.3711527
0.2231027
0.47971684
-0.49817371
2.6001529
4.3880619
0.71576615
1.2806449
-0.42860957
-0.11569045
-0.14338071
0.17385485
0.22305797
0.35717945
-1.9367176
-2.8042088
-0.11575064
-1.1843006
0.52469701
-0.17813504
-0.78312247
0.054932237
-0.61771904
0.16698651
-1.121332
-0.77446752
0.2388022
0.53194813
-0.23405982
-1.4222481
-0.65686186
0.43662031
0.42982
-0.60565715
-1.2397541
-0.5114981
0.46854156
0.37751245
-0.92573343
-0.54588526
-0.58009207
0.32249569
0.47198746
-1.0973236
-0.32946669
-0.67115682
0.23383311
0.39470541
-1.0660686
0.0888615
1.2445823
1.0259838
1.0095623
0.99141416
-17.343282
4.9847157
-0.67498108
1.5928164
2.4646042
-43.741627
-8.4702239
1.3853549
-2.1281039
-0.45237172
-54.901968
-30.570148
-5.35266
-0.038168824
-2.1338986
-56.863214
-43.397221
-19.187458
-2.5149598
0.18710854
0.69418352
1.1847684
0.26887806
0.413974
0.59951797
1.5567966
1.4662581
0.021457811
0.49229763
0.61286787
1.1431857
0.055908003
-0.13881607
0.77668489
0.68806681
0.43153442
-0.090157995
-0.12999498
0.77019612
1.0326061
0.75725387
0.56428056
-0.02247344
0.83646419
1.4025705
-3.3479568
-2.2597711
-1.2947576
-1.0286528
-0.98836532
-3.3727437
-2.7546836
-1.4661649
-0.93541118
-1.512153
-3.376432
-3.2925853
-1.7900874
-0.963255
-2.1364149
-4.1238305
-3.5510468
-2.0725688
-1.3195578
-2.4465641
-4.8463668
-3.7781772
-2.3295291
-1.4660106
-2.3264188
-61.775005
-52.600647
-41.48851
-33.105553
-27.822937
-61.433399
-52.940159
-42.074642
-32.666068
-27.053748
-60.488759
-52.558707
-42.648021
-33.596248
-27.593261
-60.253157
-53.302338
-44.07307
-35.432512
-29.628602
-60.596736
-54.169183
-45.265678
-36.897419
-31.305079
-1.0856777
1.2162255
3.0107068
4.2509219
5.2235049
-2.369134
0.70464497
4.1483088
6.2396476
7.2302488
-2.271499
0.75212808
4.8868403
8.3323545
10.13025
-0.89086916
2.2702524
6.4027411
10.391953
12.938974
0.22394642
4.1233023
8.6067593
12.330426
15.024219
1.4012377
0.56641792
0.16457296
1.9031719
1.6954108
1.3414959
0.95551868
0.070313408
2.4275195
2.9861038
1.7342016
0.47524376
0.29994315
2.8674257
2.403604
1.5769891
0.40852551
0.37451894
3.2845639
2.758328
1.0166768
0.99139945
0.22389854
3.2610062
3.8325867
-7.0143585
-5.8809228
-3.7170201
-2.0944485
-2.074435
-8.0487844
-6.2835402
-3.6571571
-2.0016793
-2.0561875
-9.0297719
-6.9677098
-3.7760638
-1.7934143
-1.7318263
-9.1294947
-7.5753778
-4.1896066
-1.6900208
-1.35338
-8.8721695
-7.7358604
-4.5834021
-1.8768589
-1.2096004
-53.954943
-48.675047
-41.802548
-35.183154
-30.753876
-53.666097
-48.12118
-41.287546
-35.07229
-30.748382
-52.633706
-47.224807
-40.524794
-34.385594
-30.232633
-51.512346
-46.54801
-40.26489
-34.224847
-30.103899
-50.788177
-46.2973
-40.159337
-34.134754
-30.038058
-8.0014701
-3.6429069
2.8466848
9.7519745
15.181971
-8.2540846
-4.4951782
1.4452911
7.8086508
12.523341
-6.941985
-3.4539189
1.6775305
7.1457858
11.193342
-6.1414873
-2.2413534
3.1514408
8.4102772
12.122295
-6.0161788
-1.894356
3.9893186
9.629402
13.324342
1.0807901
0.67477331
1.1053008
4.2513017
4.2039953
1.3812868
0.87979775
1.0716892
3.8919254
3.7450512
1.3478695
1.3390493
0.53476491
3.434616
3.9082415
1.3077961
0.44767354
0.93039572
5.267968
4.9745772
1.4072413
0.26583299
1.666854
6.5580467
5.1861598
-4.108493
-4.0522305
-1.8171722
0.62818678
0.94991075
-2.3661875
-2.6963983
-1.3439665
1.153245
1.8865067
0.016730035
-0.55216357
-0.021010318
2.0743704
2.9391287
2.3547166
1.9446132
2.2456136
3.617035
4.0172154
3.905411
3.8492632
4.0868083
4.9112194
5.3594284
-43.326692
-38.31966
-31.712183
-25.114914
-20.417482
-42.653727
-37.259826
-30.463008
-24.010026
-19.423465
-40.859039
-35.118376
-27.843709
-21.324007
-16.807665
-37.85691
-31.775818
-24.418987
-17.833501
-13.208251
-35.04579
-29.344102
-22.408263
-15.369412
-10.476089
3.4246258
7.1550056
12.489294
17.89675
21.911669
5.9384431
9.8410018
15.409785
20.887722
24.696244
9.6594806
13.742823
19.659593
25.529105
29.491947
13.648996
17.911728
24.02598
30.15046
34.429934
16.718653
21.060892
27.283606
33.471737
37.782538
0.72983534
4.3721679
1.8161437
4.3399143
7.8341261
2.0735381
3.1792755
1.8087117
4.3755519
6.1315335
1.5488736
2.1686258
2.30392
4.601669
5.9402957
1.4325536
1.9246391
2.2817102
4.163105
5.5993945
1.4905134
1.9172356
1.8856494
3.5286905
5.3331003
16.205844
15.106861
13.383308
12.057469
11.630405
17.780124
17.228891
15.661094
13.763511
12.975335
19.393952
19.723904
19.140279
17.452092
16.317525
19.237615
20.474795
21.675248
21.426295
20.690142
17.902083
19.671108
21.902277
22.401352
22.36986
-7.7024151
-4.3740942
-1.6816964
0.20480817
2.6520985
0.77365264
3.4592445
4.5568189
7.3169999
9.095966
17.428545
19.162637
16.314107
15.135129
19.652539
24.436993
31.939488
27.221299
29.008167
33.5651
38.033241
36.760142
37.256806
42.936015
44.071168
40.147963
45.282558
52.033776
58.281337
62.53834
44.023362
49.640187
56.904493
63.339135
67.495186
49.645285
55.962475
63.891914
70.838428
75.139655
55.183726
62.391864
70.838904
78.014771
82.615405
59.150925
66.88455
75.768565
82.703475
86.887522
1.3902631
-0.11319819
4.5828398
5.0349576
6.6716147
1.6032057
-0.14567745
4.4357833
5.1898499
6.356386
1.5736385
0.018569444
4.2352171
4.7759006
6.2678152
1.623915
0.14173153
3.6668811
3.9819116
5.6339614
1.6762899
0.18516965
3.2184598
3.549935
4.9721073
-0.75570209
-0.58987122
0.024077057
-0.83232746
-1.4469731
-0.50370126
0.22281175
0.13278875
-0.76684741
-0.91513043
-1.1368304
-0.056041507
0.093009385
-0.75828086
-0.41320811
-1.5217439
-1.4168341
-0.077563326
-0.38810866
-0.41327906
-0.7313586
-1.6668516
-0.48896113
-0.34334004
-0.67336562
1.7677032
0.16722816
3.0375073
3.441719
4.7348396
1.9292212
-0.017881132
2.7058306
3.1525461
4.0446355
1.4438725
-0.082793806
2.1895391
2.4984084
3.0997041
0.7538975
0.046018184
1.5748246
1.7193797
2.507619
0.70120469
0.082864036
1.1820964
1.3829338
2.0504443
0.78488097
0.10647327
1.0099233
1.359267
1.754309
0.69104934
0.071767207
0.91250364
1.2812027
1.3599171
0.47638482
-0.18531699
0.96622271
1.1164968
0.65163421
0.1685607
-0.41399507
0.81925407
0.82101927
-0.24542157
0.15901238
-0.40302367
0.53005272
0.49324553
-0.79604775
-0.10374285
0.20966982
-0.17658312
0.44459689
0.10483721
1.8528265
3.2981686
0.37090263
0.86946511
-0.22965698
0.0077021135
-0.19476983
-0.19787941
-0.24608666
-0.23381928
-2.3416228
-3.5023793
-0.5049617
-1.1423479
0.3317372
-1.3518619
-2.9001062
-0.082870711
-0.64049585
0.17773585
3.0169148
5.2057086
10.377854
25.083663
52.36383
2.8556241
5.4604005
9.8374282
23.410277
51.966222
2.5117067
5.2268822
8.4364211
19.159769
48.35447
2.6646949
4.3206009
6.7346998
15.3395
43.938476
2.94667
3.3569005
5.3321604
13.391088
40.711804
3.1471766
3.0163497
4.7401043
12.849249
41.829688
2.7254875
2.5224305
3.9606462
11.117701
38.942041
1.3059059
2.0674736
3.2759097
6.9811619
25.747278
0.13346331
1.3142012
2.2801632
2.8753503
13.665025
-0.24773822
0.32984828
0.85372376
0.81198931
3.1427792
0.9623221
1.529198
-0.01657645
-0.76808809
1.2587405
0.63381215
1.1705373
-0.2976463
-0.87534394
1.3831557
-0.005306874
0.27208732
-0.46877116
-0.39143556
1.1152549
-0.68258845
-0.51374973
-0.19317691
0.28518884
0.49827572
-0.98286072
-0.75617538
0.10981608
0.56071207
-0.035572881
59.408916
45.560167
20.71102
4.7511096
2.2615215
54.308786
27.674736
4.1191151
0.72176593
2.9551816
42.347902
6.8783737
-1.7936755
1.9322543
-0.22720884
20.138476
-4.0543699
0.35430848
-1.6744402
-2.3049587
0.36695264
-0.78539353
0.29624077
0.3651728
0.48462213
0.23707823
-0.25863014
0.36571305
0.26969978
-0.90898714
-0.11619279
-0.011625086
-0.042516927
-0.17960377
-0.85148211
-0.63842329
0.14871457
-0.55547328
-0.92540008
-0.78683227
-0.96164493
0.22313235
-0.92624857
-1.6975099
-1.3562486
-1.0528664
0.26726556
-1.2128909
-2.0503795
-2.132354
-1.0054941
0.27078086
-1.4069652
-2.0674598
-2.6622816
-1.0303201
0.24319611
-1.7722454
-2.2522835
-3.1119116
-1.469067
0.24971092
-2.3173043
-2.6351001
-2.9979048
-1.9304712
0.09397984
-2.8160694
-2.8021553
-3.2470446
-1.658968
-0.28271094
-2.9391921
-2.8754448
-4.1239323
1.3795101
1.9124612
0.21916386
0.59438646
-0.54892409
2.5263357
2.601976
0.31828905
1.0021036
-1.391938
0.63779953
-0.17927026
-0.56528349
0.3896877
-0.64551213
-0.52968334
-0.84465454
-0.6616275
-0.067834621
0.64770163
0.28722403
0.25199112
0.19797491
0.23219097
0.71539676
-0.23897056
-0.039539257
0.21282389
0.10394677
-2.1568287
-0.65226301
-0.96898057
-1.1991883
-2.0704967
-13.875413
-1.5708691
-1.9873813
-2.6227948
-6.2168535
-27.049572
-2.4963227
-2.7559289
-3.8952849
-10.138686
-37.627822
-2.7042991
-3.2714469
-5.051598
-11.780112
-38.917582
-2.4662243
-3.5431086
-5.6911741
-12.221796
-37.412848
-2.2007194
-4.3724962
-6.8449842
-14.109343
-40.720391
-2.348881
-5.2932579
-8.3709788
-18.298106
-47.270312
-2.9519015
-5.9561437
-9.8705852
-22.392412
-50.837306
-2.963867
-5.8499872
-10.401871
-24.246472
-51.2323
-0.41802216
-0.73135756
0.20135789
0.18752127
-1.1740029
-0.81306637
-0.92609641
-0.050843044
-0.1834041
-1.4532566
-1.7665141
-1.3047318
-0.60906591
-0.62458998
-1.253619
-2.6657984
-1.7775953
-1.0557872
-0.85081456
-1.004072
-3.1390867
-2.0831514
-1.2388497
-0.95007021
-0.86863625
1.2838632
1.2657968
1.3729572
1.5554281
1.5707814
0.17875793
1.1339558
1.2392209
1.4344162
1.5541803
-0.010819921
-0.53011027
-0.22432556
0.11552356
0.35108104
-1.4079479
-0.93018821
-0.69655306
-0.16372634
0.27411501
-0.97993409
-0.48618947
0.049653949
0.42952107
0.86933947
0.92931815
-0.23544643
0.76427113
1.3470835
1.5047997
-0.76149694
0.85773515
0.55427251
0.88663214
1.4764744
-11.349352
-5.6815788
-1.3914513
-0.22828694
0.037749436
-19.519912
-14.374854
-7.2733858
-2.4542637
-0.73850998
-22.820648
-17.579708
-11.123732
-4.9303113
-1.5570046
-56.538517
-43.271732
-25.208449
-6.1299207
1.6143123
-56.15563
-39.80001
-25.506128
-12.835043
-4.1785285
-60.355133
-47.790043
-32.167532
-20.767357
-14.466016
-62.181529
-53.191504
-41.162494
-29.567249
-22.448984
-61.739049
-52.368051
-42.560342
-33.350501
-26.400367
-1.3061324
-0.45901567
-2.8946723
-2.9848077
-4.7599185
-1.1162247
-0.57284085
-3.1252578
-3.3006922
-5.7970432
-1.2673683
-0.4480393
-3.6948045
-4.2310208
-6.4751467
-1.6171297
0.021731884
-4.3117187
-5.4382908
-6.3231315
-1.5840725
0.3297929
-4.8174176
-5.9888462
-6.6835663
-1.7341025
0.49835087
-5.0364575
-6.2764371
-6.9897469
-2.0663449
0.82864403
-5.334198
-7.1371506
-7.0310603
-2.0610667
1.0257279
-5.7837413
-8.1306808
-7.5171803
-2.0990387
1.0221248
-5.8627659
-8.9797234
-8.2014949
-1.9509166
0.91049477
-5.7403683
-9.4361614
-8.9651533
0.88355993
0.82398006
-0.033196808
1.2042007
1.7205449
1.4111551
0.84851827
-0.065236709
1.3837846
1.583822
1.422028
0.41623256
-0.057182189
1.4724764
1.1529119
1.0518176
0.27987893
0.13980566
1.6367177
1.3627242
1.4269462
0.24018521
0.3050032
1.676002
1.0813018
-2.96644
-5.7237279
-10.663402
-25.163649
-51.872163
-3.3121653
-6.011223
-11.783811
-27.386879
-52.684291
-3.4657309
-6.4218995
-13.478157
-29.845036
-53.072946
-3.3743392
-7.0853426
-14.96303
-30.997343
-53.412034
-2.8759684
-6.968275
-15.246928
-30.317726
-51.979912
-2.9099633
-6.8698544
-15.298885
-30.422733
-51.140641
-2.926346
-7.313927
-15.927891
-31.857031
-51.694129
-2.6734922
-7.7861655
-16.453993
-32.645981
-51.153753
-2.6740657
-7.945044
-16.667493
-31.712752
-49.637075
-2.7395555
-7.250016
-16.020074
-30.590581
-48.297455
-5.2797538
-4.034988
-2.5224349
-1.521066
-2.0797968
-5.8397602
-4.3915079
-3.043012
-1.8038045
-1.5790525
-5.8775906
-4.7711588
-3.6354971
-2.1567187
-1.3323678
-6.0931434
-5.2723215
-3.8096413
-2.2602023
-1.6977323
-6.6066391
-5.696874
-3.7550779
-2.1812437
-1.9901521
-24.937105
-18.821219
-11.988555
-6.4209298
-2.8045165
-24.584472
-19.992978
-13.33127
-7.4917583
-4.0162347
-24.67841
-19.516004
-13.099935
-7.4880303
-3.9420698
-26.755018
-21.10598
-13.293508
-6.5800817
-2.6878036
-28.50919
-23.270941
-15.164476
-7.0788438
-2.0350165
-29.10314
-23.936296
-16.389132
-8.2996206
-2.6205017
-28.104185
-23.395301
-16.624942
-9.5604743
-4.2563902
-28.304188
-23.499428
-16.786497
-10.285171
-5.7134967
-29.322893
-24.97768
-18.512672
-12.034243
-7.6029959
-29.225508
-25.470705
-19.776279
-13.706487
-9.331082
-60.040078
-53.019129
-44.754282
-37.085372
-31.765173
-58.889132
-52.02308
-43.47296
-35.716616
-30.576318
-56.955627
-50.934663
-43.23501
-35.92094
-30.852063
-55.178803
-49.399349
-42.305515
-35.8538
-31.507067
-54.135408
-48.592783
-41.623105
-35.242035
-31.145435
5.7808345
6.9554937
8.6769057
10.347612
11.401792
7.6922448
8.7027555
10.451744
12.394982
13.739924
10.857021
11.999063
13.545546
15.409187
16.999415
14.078421
15.943348
17.868108
19.40933
20.640726
16.361532
18.854928
21.638238
23.409037
24.435552
0.09522258
4.7327145
10.156014
14.054159
16.412892
-1.4075843
4.2322844
11.649728
17.355203
20.277945
-3.2869015
1.8757991
10.29838
18.830984
23.923272
-5.3375727
-0.94779401
6.2122324
14.939839
21.714975
-7.0524426
-2.5796138
3.9308441
11.179817
17.159152
-1.6836251
0.94153772
-5.6635147
-9.5861561
-9.5483878
-1.4855951
1.2991436
-5.5921032
-9.950945
-10.026667
-1.231303
1.6492816
-5.2865231
-10.161882
-10.118919
-0.24916322
1.9151053
-4.4736321
-9.8863705
-9.8473483
0.5167206
2.2882863
-3.8346558
-9.493898
-9.5539216
0.83604759
2.5873862
-3.5704827
-9.2528263
-9.4849285
1.522671
3.1837933
-2.687416
-8.6759275
-9.4459002
2.3579159
4.1844486
-1.2677887
-7.228065
-8.1835757
3.133674
5.544025
0.34549582
-5.0290416
-5.4637554
3.6527014
6.5970319
1.8665806
-3.4041328
-3.5215862
1.4233802
0.88981987
0.38584965
3.1991275
3.8164581
1.5351692
0.96809523
0.57333742
3.1187193
3.9092379
1.0679866
1.1406238
0.57011258
3.1770421
4.5957079
1.4316301
0.57293173
0.85256279
3.9517673
4.4946461
1.293043
0.7059316
0.95134443
4.1863861
4.1722178
-2.6912586
-6.918149
-15.70236
-30.394828
-48.272045
-2.7135296
-6.9319358
-15.623085
-30.308688
-48.042323
-2.6534522
-6.964063
-15.115593
-30.001846
-47.466732
-1.893234
-6.3197651
-14.468792
-29.735109
-46.712322
-1.4415431
-5.2962124
-13.494443
-29.223473
-46.104589
-1.0767044
-4.7639194
-12.994841
-28.747773
-45.895722
-0.9876854
-4.0710134
-12.252206
-28.091081
-45.545182
-1.2949422
-3.3217414
-11.003631
-27.308114
-44.526688
-0.52458381
-2.5165777
-10.069907
-26.113471
-42.58679
0.5798724
-1.5669737
-9.3641681
-25.361665
-41.331082
-8.678721
-7.6823452
-4.7460719
-2.1210192
-1.2232267
-8.8138019
-7.5677788
-4.3931256
-2.3054182
-1.7617869
-8.8511354
-7.0532364
-3.2110577
-1.6581181
-2.0709977
-7.1497874
-5.9622495
-2.2896342
-0.39343089
-1.0243225
-5.1217726
-4.7725577
-1.9959914
0.35215581
0.34646428
-28.692362
-24.936153
-19.7335
-14.23141
-10.150228
-28.564209
-24.402308
-18.785259
-13.613085
-10.096233
-28.14302
-24.097607
-18.185668
-12.485907
-8.7600662
-28.041358
-24.008838
-18.139964
-12.218165
-8.1724573
-28.007955
-23.968992
-18.125384
-12.235464
-8.1244277
-27.778792
-23.850531
-17.99917
-12.114888
-8.0341582
-26.739408
-22.760403
-17.137573
-11.488685
-7.5017135
-24.227623
-20.256006
-14.614122
-9.1846568
-5.4975866
-20.999977
-17.148663
-11.511654
-5.9497975
-2.2461793
-18.822554
-14.828006
-9.2102521
-3.6142591
0.22348297
-50.948943
-46.398493
-40.157883
-33.997968
-29.793127
-50.681659
-45.544292
-39.154494
-33.103201
-28.8531
-48.523117
-42.96773
-36.229992
-30.309124
-26.284738
-45.645244
-40.028102
-33.176467
-27.032739
-22.996662
-43.800306
-38.634799
-31.93398
-25.309954
-20.914546
-5.9401943
-1.7918353
4.2660575
10.107156
14.002459
-5.4336096
-1.3379635
4.8030667
10.925486
15.095731
-3.5894615
0.28237172
6.2195365
12.412695
16.687077
-0.41823435
3.1605454
8.6403861
14.643821
18.989207
2.1397792
5.7928868
11.065401
16.584628
20.842543
3.8499747
7.0814437
2.9235534
-2.6666499
-2.998185
4.2831076
7.8352618
4.8897456
-0.58368129
-1.6730209
4.9241406
8.5591357
7.299483
2.8562507
0.80618597
5.3213284
8.6794547
9.247202
6.1297247
3.3687615
5.3432341
8.4523003
10.239948
8.317552
5.220921
5.2717142
8.4754403
10.64455
9.4173799
6.4297697
4.0019861
8.4667483
11.550863
11.177946
8.4985608
2.2867725
7.8432543
12.579743
13.376778
11.507833
3.0749299
7.5790395
13.030089
14.984444
14.613105
4.9483327
7.5358954
12.810565
15.930762
16.264954
1.4298728
1.2532536
1.8516263
6.0743087
4.4254858
1.3003244
1.2948776
1.5812075
5.5866269
3.6825703
1.5855466
0.34631964
1.6428317
6.095728
2.3865922
2.03624
1.9428331
2.7280705
5.7066256
1.9333098
1.3778705
4.084859
2.6379106
4.5162696
6.3947017
1.2703449
-1.0156696
-8.9710323
-24.723038
-41.066099
2.4073382
0.29435163
-8.1051095
-23.160132
-39.754569
3.5260284
2.8817976
-5.9297179
-21.702292
-37.725577
4.1787465
5.4582559
-2.5457747
-20.053877
-35.211538
4.4544825
6.5774088
0.24003628
-18.63421
-33.451186
5.0205208
6.6232629
1.5836528
-17.154022
-31.794044
6.1328678
6.2001362
3.1268521
-13.782777
-30.796715
7.893209
6.1191418
3.8741307
-6.7963542
-27.252206
10.254297
7.8997429
4.69267
1.5811788
-14.630815
11.71746
10.182357
6.319434
2.4272945
-7.9342053
4.7280507
4.8796233
5.123655
5.4386991
6.3360825
6.9022961
6.6473303
7.0754283
6.566065
6.9871362
10.337094
9.1602694
9.1920193
8.4352767
7.6285806
13.360195
11.946369
10.874583
10.0987
9.281048
15.323898
14.049263
12.366593
11.281281
11.037826
-18.111138
-13.801987
-7.95914
-2.3806213
1.4575999
-17.085967
-12.509474
-6.0377357
0.0034472658
3.9406469
-14.473917
-9.9298707
-3.2861026
3.2475907
7.5423454
-10.849795
-6.2095065
0.43717517
6.9639666
11.408152
-8.0392884
-3.1824862
3.6801205
10.158641
14.487728
-6.7772928
-1.9078731
5.2403626
11.957781
16.275623
-3.5393767
1.1847491
8.3170393
15.386702
19.94471
1.2705065
6.3026948
13.448537
20.602787
25.445091
4.142174
10.332825
18.622594
26.194387
31.259139
5.3114335
11.909188
21.424293
29.92204
35.322574
-33.549619
-28.459845
-21.26415
-14.129668
-9.2274213
-31.351625
-25.506363
-17.750372
-10.597383
-5.9091293
-29.343244
-24.453843
-15.984151
-7.0314353
-1.3952789
-26.761342
-21.880982
-14.620397
-6.0495371
0.93229779
-13.783153
-12.043506
-8.0595591
-3.4547301
2.1432192
18.447905
22.770196
29.037904
35.250287
39.598278
22.150734
26.399667
32.640467
38.919668
43.250195
27.818062
32.252845
38.466144
44.742722
49.066029
33.761362
38.486462
44.875892
51.079608
55.444162
38.001344
42.9174
49.569308
55.790372
60.058271
5.3982727
7.4374576
12.497957
16.352142
16.90476
5.1612874
7.0439601
12.341715
16.727875
18.015689
4.9003801
6.791182
12.17628
16.868777
18.949968
5.750189
7.2556797
11.622225
16.637937
19.13727
6.153168
7.5138092
11.244336
15.967006
17.758
5.3832363
7.2227826
11.077004
14.907032
16.155636
5.443015
7.1008149
10.771719
13.929107
15.307528
4.5619178
5.3987622
7.1254587
9.0044405
10.325576
2.2882615
3.0921605
3.7237569
4.2266307
3.6653802
2.0199096
2.7193575
3.6489861
3.7593283
2.8985883
1.1913218
2.1225758
1.7094755
2.985244
5.3227657
1.2209796
2.7416952
2.0745688
2.8648523
5.613196
1.1005679
2.0897186
2.0941154
2.3490767
4.4734524
0.97990954
0.99864833
0.92916488
1.1574
1.789485
1.0726508
1.3918694
1.2822674
1.2916222
1.708758
12.782308
12.007221
6.905238
3.8740335
-4.8947132
13.943899
14.656625
10.192969
7.2311995
3.9896736
16.484968
16.469179
15.254339
11.316225
13.535418
20.056819
19.420999
17.362261
17.451417
18.662218
21.709863
23.19298
18.56967
19.776428
31.802425
17.884786
19.477775
21.482277
18.058472
29.309971
20.812571
13.702337
15.577819
26.974723
23.530224
13.719674
11.036197
14.620315
13.922582
32.7371
7.1739263
7.0949848
4.4526154
6.0574128
9.7157452
3.9780418
0.74114071
-2.6653641
0.86385664
-0.89006775
15.654379
18.558923
21.937215
20.628242
19.070997
16.478034
18.767311
18.049693
21.586945
21.285345
10.638218
15.921749
21.307103
16.485892
14.985459
4.8487572
1.0229627
-4.6895076
5.2217029
6.8100424
0.92281898
-2.9210239
-8.738593
-0.2060182
3.1749403
5.6351463
12.138784
22.304585
31.589778
37.313344
9.5519676
14.081957
24.124633
34.576165
40.902107
19.142613
20.068661
27.224306
38.511384
45.953665
33.646621
32.635501
33.858498
43.036826
51.022875
44.392667
43.615704
41.661929
47.444837
54.650599
52.871113
53.282356
48.908575
50.529266
59.214897
46.810887
48.660047
51.097207
56.361895
64.712349
34.847281
48.733357
62.756719
61.27206
61.594978
15.044267
23.570962
48.398741
60.873812
67.281268
1.7399264
-5.3651975
2.1654399
36.95643
39.329518
27.471
26.815264
48.611036
52.682434
50.547416
21.364504
17.618967
20.743766
35.452222
42.500816
44.276599
30.609294
17.870631
21.801648
29.582199
18.278875
18.292347
15.739231
13.162685
13.258224
0.52725585
0.52558416
1.5085429
3.234261
2.332298
61.580805
66.649433
78.239608
85.146406
88.443302
70.21878
76.515681
81.705203
88.398551
90.844797
65.256267
73.003386
84.84422
87.706546
87.316004
73.495744
72.772597
79.088744
83.188128
79.127952
39.031433
63.767077
75.832258
77.301101
75.530071
