FiniteElementSpace
FiniteElementCollection: L2_2D_P4
VDim: 1
Ordering: 0

57.061097
64.250411
75.0622
86.269062
94.262356
57.290819
64.516762
75.315131
86.505482
94.479792
57.536926
64.898325
75.826795
87.030856
94.974926
57.836858
65.239189
76.299766
87.653604
95.64946
58.17568
65.560442
76.618911
88.042644
96.127417
134.63164
128.5159
105.22122
77.390421
61.915336
132.41499
124.79314
100.61166
73.489908
58.893998
128.30309
118.34405
93.192946
67.504648
54.271523
122.95182
110.71662
85.17759
61.361553
49.512379
118.4344
104.84002
79.484984
57.165767
46.238474
22.076118
17.488052
12.440424
8.8715054
7.0586818
21.345308
16.910236
12.032187
8.5822253
6.8278517
20.215758
16.019275
11.403122
8.1361945
6.4735837
19.036882
15.089295
10.746781
7.6715845
6.1059282
18.217156
14.442925
10.290448
7.349847
5.8528004
2.1058201
1.79888
1.5200322
1.4154857
1.4367779
2.0297878
1.7378258
1.4749366
1.3828701
1.4115172
1.9225233
1.6520766
1.4128571
1.3374424
1.3747169
1.8176499
1.5684803
1.3530656
1.2946808
1.3404995
1.7479359
1.5133683
1.3136425
1.266114
1.3175367
62.752879
70.128499
81.306308
92.860446
100.84008
64.086897
71.37267
82.571014
94.254167
101.9366
66.337391
73.605806
84.702281
96.285511
102.90836
68.811156
76.280617
87.174424
97.696035
102.22616
70.439341
78.182977
89.052322
97.954607
100.31726
78.354748
64.144137
46.727747
34.059882
27.817944
70.751113
57.627327
41.976697
30.699039
25.150516
60.267846
48.93105
35.723184
26.268901
21.603507
51.145693
41.592727
30.50005
22.488993
18.484745
46.028965
37.379262
27.349735
20.142266
16.559828
13.497818
10.708529
7.6303996
5.4602312
4.3609853
12.746091
10.108683
7.2124425
5.1572333
4.1040419
11.60009
9.1800681
6.4977856
4.588972
3.6238072
10.200196
7.9634841
5.5502845
3.9124546
3.110394
8.8667241
6.9304519
4.9263076
3.5447993
2.8398162
1.3348217
1.1791137
1.0693746
1.0885592
1.1750898
1.2495159
1.1131011
1.0246515
1.0583022
1.1517435
1.1361652
1.0268282
0.96613647
1.0178185
1.1199037
1.0389705
0.95056661
0.91193596
0.97894858
1.0888906
0.97285118
0.89790804
0.87446268
0.95237634
1.0678581
83.146604
84.980201
80.397863
68.976636
59.365334
82.05092
80.850399
72.462305
59.740083
50.781571
75.983426
70.671352
59.126288
46.906712
39.718545
65.271954
57.643007
46.023442
36.109489
30.829768
56.455681
48.60386
38.237206
30.140136
25.911532
24.859105
20.013218
14.516783
10.542668
8.5060805
22.205749
17.876977
12.986323
9.446267
7.6172048
18.935731
15.247757
11.079913
8.0621489
6.5050346
16.306112
13.131263
9.5486383
6.9512294
5.6066588
14.831216
11.942546
8.6860222
6.3238156
5.0981284
2.6757152
2.1640303
1.6035978
1.211222
1.0088327
2.3704663
1.9269151
1.4265819
1.0689392
0.89012644
1.9932395
1.621209
1.2071777
0.91025949
0.75908083
1.6942389
1.3784202
1.0265861
0.77774979
0.65354245
1.5257527
1.2424172
0.92616471
0.70176079
0.59080309
0.54066967
0.56270978
0.64355444
0.79240416
0.94253838
0.50172017
0.5276115
0.61506891
0.77091822
0.92544462
0.46294137
0.49473656
0.58797219
0.7481794
0.9054953
0.43081208
0.46884061
0.56876952
0.73310229
0.89212606
0.41200305
0.45297602
0.55676328
0.7241664
0.88469915
16.914529
14.697788
12.137336
10.267785
9.352015
13.747738
12.035057
10.060681
8.6520602
7.9939586
10.183161
9.0048132
7.6683173
6.7662146
6.3947052
7.630501
6.8079809
5.8998867
5.3424185
5.1714805
6.3553999
5.6938162
4.9859936
4.591555
4.5108369
9.6533164
7.7287294
5.5789192
4.0308632
3.2305941
9.1738474
7.3346699
5.284137
3.8086859
3.0471921
8.5765213
6.8417115
4.9115674
3.529273
2.8189767
8.0674396
6.4191614
4.5955394
3.2905038
2.6171007
7.7522901
6.1646933
4.3946865
3.1225035
2.4744947
0.90783095
0.73790793
0.55164502
0.42378481
0.36317137
0.84506372
0.68587497
0.51278382
0.39510056
0.33970263
0.76478902
0.61992783
0.46306952
0.3568146
0.30714672
0.69510242
0.56036736
0.41381402
0.31524723
0.27027732
0.64234366
0.51242535
0.3738983
0.28335811
0.24308331
0.33766414
0.38895139
0.50280508
0.67626658
0.83943831
0.32706699
0.37943531
0.49419773
0.6671529
0.82915241
0.31001426
0.36313915
0.47882157
0.65206765
0.81309812
0.29281323
0.3458318
0.4592809
0.62945923
0.78916585
0.27801369
0.33251134
0.44600446
0.61157885
0.7652811
67.143798
54.259657
40.428738
31.410503
27.437556
65.521568
52.976169
39.527325
30.788596
26.974713
62.67854
50.714457
37.944851
29.704034
26.144823
59.347844
48.067227
36.083968
28.407226
25.13901
56.847813
46.080954
34.686855
27.429229
24.375829
140.19806
139.60265
122.0687
93.77397
74.975149
139.87041
138.60939
120.04669
91.532315
73.147826
138.9292
136.42376
116.26678
87.593696
69.958848
137.22917
133.12704
111.37341
82.889781
66.218135
135.60622
130.21
107.41652
79.309169
63.410322
7.1992356
5.7948792
4.2835738
3.2762495
2.8164474
7.062033
5.6658792
4.1732815
3.1751005
2.7058449
6.8394082
5.4824435
4.0185307
3.0267192
2.5576742
6.5817019
5.2683332
3.8504273
2.8864337
2.4253472
6.3898606
5.1109589
3.7304137
2.790274
2.3390041
25.121585
19.898968
14.15514
10.104531
8.0610886
24.719205
19.574478
13.928105
9.9443214
7.9213025
23.992034
18.999453
13.510129
9.6356954
7.672124
23.107003
18.300902
13.016984
9.2835923
7.3872552
22.434582
17.77061
12.642733
9.0179192
7.1740969
1.6490936
1.7572913
2.0884976
2.6651637
3.2318795
1.603992
1.7244127
2.0655241
2.6434615
3.2086556
1.555596
1.6817661
2.0328947
2.619474
3.1883722
1.5167257
1.6500729
2.0074379
2.5986427
3.1705984
1.489665
1.6293737
1.99307
2.5871771
3.1600373
2.59857
2.1907505
1.8094715
1.6409523
1.6272148
2.4928061
2.1134088
1.7478671
1.5819681
1.5750687
2.3511647
1.9972356
1.6661667
1.5232056
1.5241705
2.2265191
1.8957113
1.5893003
1.4667536
1.4800634
2.1466577
1.8320601
1.5425776
1.4305518
1.4497063
21.15417
27.612987
37.363412
47.485197
54.672617
21.68654
28.132323
37.89013
48.044267
55.253344
22.85705
29.177072
38.812453
48.944511
56.177467
24.675033
30.867981
40.272768
50.197042
57.356491
25.933019
32.148042
41.567419
51.408921
58.471458
98.367444
106.59628
118.49118
130.08125
134.85385
98.544365
106.78668
118.58286
129.64143
133.44581
98.995352
107.301
118.97776
128.73165
130.62352
99.651155
107.98639
119.51807
127.28321
126.62886
100.16731
108.50352
119.84957
125.77816
123.02155
100.39098
108.72501
119.92683
124.77994
120.8765
101.01738
109.18783
119.84921
122.31913
116.0592
102.23892
110.02661
118.74338
116.99735
107.4839
103.59075
110.72717
116.08295
109.4682
97.352575
104.53852
110.89687
113.10701
103.08906
89.817262
58.392921
65.776451
76.854274
88.265867
96.325201
58.984348
66.359635
77.440055
88.880639
96.94135
59.926356
67.338096
78.445316
89.910107
98.010587
61.095034
68.51389
79.678462
91.212364
99.31635
62.18156
69.545685
80.677623
92.239065
100.333
55.515206
45.022563
33.943992
26.910078
23.969481
52.821549
42.884882
32.441921
25.854809
23.141733
48.688416
39.605535
30.134468
24.229394
21.862906
44.422045
36.22527
27.74839
22.541366
20.530338
41.486155
33.90243
26.103484
21.374405
19.605722
39.989878
32.72279
25.266627
20.777762
19.132797
37.074312
30.426166
23.641059
19.62275
18.215196
32.914958
27.153176
21.31756
17.965913
16.891209
28.96861
24.042831
19.094414
16.359192
15.595792
26.408581
22.003264
17.634478
15.306856
14.736938
115.83875
101.66098
76.547509
55.032595
44.564336
110.2009
95.09762
70.747488
50.893622
41.298125
100.62966
84.908984
62.361207
45.008126
36.612962
89.911888
74.520601
54.366522
39.425924
32.139086
82.282288
67.588996
49.234753
35.830219
29.243989
6.288782
5.0317127
3.6698194
2.7399938
2.2946713
6.0819988
4.8646507
3.5464236
2.6454447
2.2119544
5.7666611
4.6118455
3.3609664
2.5056621
2.0938822
5.4403325
4.3528837
3.1739284
2.3666836
1.9778922
5.2161947
4.1748024
3.0447779
2.2716824
1.9001497
5.1002892
4.0814253
2.9780555
2.2244185
1.8622194
4.872291
3.9019787
2.8506527
2.1315315
1.7859526
4.545073
3.6426272
2.6636988
1.9953358
1.6758869
4.2200024
3.381903
2.4768159
1.8618464
1.568745
3.994527
3.2069072
2.3535901
1.7694961
1.490052
17.797612
14.11213
10.058593
7.1870747
5.7233891
16.982628
13.46993
9.6041939
6.8631828
5.4662576
15.802741
12.537949
8.9418805
6.3937701
5.0967441
14.644974
11.622272
8.296957
5.9381225
4.7334221
13.876895
11.023656
7.8681774
5.6204178
4.4775767
1.4768988
1.6175731
1.9847232
2.5821627
3.1562364
1.4548636
1.5996318
1.9701357
2.5705804
3.1468772
1.421916
1.5735006
1.9512837
2.5561128
3.1343411
1.3912296
1.548429
1.9326717
2.5423607
3.1230105
1.37074
1.531967
1.9204423
2.5331778
3.11547
1.360038
1.5236877
1.9147717
2.5288653
3.1116251
1.3407161
1.5080056
1.9030399
2.5199733
3.1041143
1.3114198
1.4838645
1.8846018
2.5057864
3.092241
1.2782824
1.4568394
1.8648817
2.4914729
3.080623
1.2545518
1.4384348
1.8522047
2.4825754
3.0734563
1.7138887
1.48591
1.2933372
1.2511603
1.3055344
1.6452993
1.4311621
1.2543927
1.2236965
1.2838375
1.5470295
1.3534873
1.199166
1.1837651
1.2513825
1.4509884
1.275763
1.140809
1.1394031
1.2147405
1.3784453
1.2143613
1.0940007
1.1052107
1.1878093
26.595149
32.774949
42.163903
52.00738
59.056147
27.80418
34.093524
43.541023
53.375459
60.402713
29.449346
35.85326
45.533589
55.541746
62.62298
31.702676
37.96008
47.597878
57.824506
65.092382
33.781682
39.993444
49.403449
59.399291
66.707001
34.836515
41.117554
50.594615
60.495319
67.627749
36.989268
43.331786
52.928703
62.901381
69.917475
40.235209
46.713511
56.502472
66.678708
73.850319
43.823052
50.379986
60.363049
70.690559
77.69792
46.527192
53.072505
63.133289
73.545798
80.06773
104.89767
110.71152
111.19232
99.520746
85.837552
105.48373
109.70091
106.49183
91.980823
77.923072
105.11921
106.11144
97.472242
80.165218
66.637589
102.45685
99.53299
86.557797
68.529851
56.526755
99.157286
93.535983
78.513436
61.241508
50.796834
96.872359
90.297058
75.041109
58.868816
49.859204
91.012779
82.483663
66.892494
52.482929
44.956866
80.323151
70.313422
55.718889
43.994108
38.169053
67.80505
57.993388
45.619847
36.51297
32.149426
59.015334
50.091841
39.545548
32.061092
28.561373
71.304844
79.099964
89.891255
97.557802
98.623667
73.443719
81.020258
91.330403
96.036158
93.960861
77.548159
84.247353
91.519253
90.808742
84.653071
81.271666
86.587628
88.481084
81.64184
72.787343
82.883767
86.155376
83.74038
73.513803
63.911343
25.149837
20.993247
16.896382
14.775276
14.314678
22.808557
19.154673
15.580942
13.786954
13.484963
19.647372
16.604675
13.695963
12.346905
12.23636
16.805768
14.178508
11.695077
10.665164
10.743085
15.057254
12.702266
10.41046
9.3431731
9.3516477
14.173346
11.721749
9.1888626
7.6092832
6.8863583
12.644597
10.420505
8.0285545
6.3753322
5.5640742
10.679326
8.6823114
6.5108773
5.0329198
4.3372032
9.0385191
7.3234619
5.4571567
4.1728135
3.5419823
8.0837031
6.571482
4.8990848
3.7118697
3.1238603
45.376953
36.469452
26.456462
19.300348
15.693488
41.000937
32.901832
23.761053
17.269518
14.020434
34.921444
28.113231
20.353348
14.752691
11.899546
29.543294
23.782657
17.243694
12.516803
10.086167
26.351837
21.200841
15.357
11.152727
9.0056362
3.8921061
3.1235406
2.2858414
1.7133243
1.4421243
3.6538296
2.9177964
2.1241071
1.5922304
1.3456221
3.2183363
2.5640246
1.8739921
1.4216402
1.2153328
2.7737462
2.2331081
1.6589849
1.2786751
1.1048807
2.5421751
2.054872
1.5321931
1.1864515
1.0308604
2.0371287
1.6656618
1.2688392
1.0091703
0.89552133
1.8217
1.5000258
1.1508333
0.92312471
0.82639354
1.4393894
1.2178323
0.96991707
0.80414431
0.73490199
1.1095356
0.94688787
0.77791634
0.67456126
0.63710556
0.96671903
0.81599769
0.66877163
0.59065769
0.57012913
6.4148192
5.2621971
3.8507453
2.8016685
2.2668764
5.1425538
4.2773675
3.2604251
2.4574404
2.014592
3.9781552
3.2454898
2.4421633
1.8711841
1.5717428
3.2319493
2.6298268
1.9461003
1.4557195
1.2111784
2.8426955
2.3133655
1.7258378
1.29086
1.0624179
1.243442
1.4298642
1.8461723
2.4781651
3.0698321
1.2229415
1.4138193
1.8347504
2.4697871
3.0629001
1.1946971
1.3913358
1.8184367
2.4577137
3.0529063
1.1670371
1.3691947
1.8023402
2.4458072
3.0430478
1.148353
1.3543215
1.7915532
2.4377866
3.0363631
1.1202202
1.332566
1.7765417
2.4272914
3.0280147
1.1026672
1.3185619
1.7663346
2.4196434
3.0215959
1.0793158
1.2997356
1.7524533
2.4091619
3.0127483
1.0584267
1.2828998
1.7398984
2.3994732
3.0044117
1.0446274
1.2719925
1.7318546
2.3932045
2.9989323
0.85486782
0.80766553
0.81330526
0.91073265
1.0357616
0.79309897
0.75841095
0.77820573
0.88581249
1.0160124
0.71269762
0.69527889
0.73314438
0.85327554
0.98990843
0.62812399
0.63149394
0.69026318
0.82362613
0.96646744
0.56897752
0.58594678
0.65979983
0.80325284
0.95077918
48.041554
54.508871
64.533868
74.922061
80.946292
51.141257
57.648548
67.534079
76.984515
81.339316
56.097496
62.672438
71.611975
77.24998
77.498177
61.278078
67.187865
73.430397
73.036682
68.463633
64.703496
69.262663
71.519149
66.904264
60.29969
66.022232
69.494616
69.383756
62.891186
55.763733
66.884261
67.678084
63.281265
54.07603
46.635205
63.067822
59.593334
50.915647
40.882138
34.579541
52.782341
46.81676
37.58944
29.517874
25.125174
43.834741
37.817492
29.89929
23.631712
20.307903
54.670294
46.362693
36.741971
29.990652
26.882955
46.694112
39.66784
31.712771
26.279636
23.905227
36.596405
31.320586
25.499877
21.721495
20.243378
28.510828
24.660359
20.536774
18.066621
17.302737
24.0323
20.970838
17.777968
16.026117
15.655622
22.006882
19.311016
16.540664
15.111661
14.914763
18.52999
16.439657
14.388829
13.516603
13.622333
14.476648
13.085516
11.858325
11.622471
12.076586
11.38156
10.518641
9.9156484
10.158451
10.872653
9.7211255
9.1322648
8.8583231
9.3573497
10.20953
51.848618
44.25734
34.725275
27.46834
23.679058
42.985686
36.416542
28.646864
22.863768
19.840924
31.767526
26.990425
21.522683
17.476042
15.367157
23.20582
19.939426
16.168642
13.382985
11.963178
18.82193
16.286903
13.35485
11.210339
10.14471
7.633712
6.1950626
4.6031352
3.4883837
2.9421672
6.8286545
5.5313387
4.1065509
3.1081273
2.6080722
5.8350518
4.7286449
3.5019372
2.632527
2.1965945
5.0271738
4.0694788
3.0073785
2.2525092
1.8700507
4.5690904
3.6944775
2.7254103
2.0359049
1.6853728
4.3608404
3.5269734
2.5983546
1.9356088
1.5999092
3.9918938
3.2253533
2.3725985
1.7631848
1.4526126
3.5428293
2.8574218
2.0954357
1.5509695
1.2731116
3.1823757
2.5622542
1.8727781
1.3794615
1.1274064
2.9798184
2.3951801
1.7449727
1.2809469
1.0445402
14.165666
11.404559
8.2912272
6.0333592
4.8643779
13.005088
10.463912
7.6028537
5.5295072
4.455171
11.613651
9.3333173
6.7715865
4.9174699
3.9568318
10.525919
8.4444142
6.1127376
4.428696
3.5573742
9.9250233
7.9520426
5.7445456
4.1539327
3.332852
0.91992856
0.77626071
0.63168968
0.55618658
0.53944695
0.81554416
0.69617093
0.57518807
0.51120304
0.49854727
0.69560279
0.59629506
0.50156642
0.45827308
0.45580488
0.60170852
0.52030551
0.44406737
0.41452907
0.42001753
0.54552027
0.4759233
0.41230257
0.39049082
0.39955338
0.52017693
0.4538529
0.39632945
0.37981912
0.39119071
0.47738835
0.41889629
0.36910985
0.35890611
0.3742426
0.42260481
0.37452746
0.33630852
0.33387825
0.35303397
0.37848429
0.33783229
0.3081972
0.31227328
0.33484165
0.35224985
0.31619312
0.29166136
0.29935993
0.3236396
1.4477022
1.1787034
0.88080593
0.66966421
0.56393865
1.3130304
1.0690774
0.79889941
0.60920613
0.51572453
1.1493829
0.93568316
0.69977668
0.53514681
0.45497191
1.0163804
0.82706154
0.61933455
0.47561022
0.40626028
0.94106318
0.7657708
0.57344262
0.44072743
0.37730844
1.0374398
1.2664093
1.727801
2.3900426
2.9961463
1.022317
1.2545814
1.7194217
2.3837365
2.9906496
1.0037673
1.2386349
1.7067936
2.373579
2.981618
0.99107051
1.2269713
1.6962552
2.3638118
2.9721629
0.98416402
1.2206987
1.6902784
2.3577048
2.9657811
0.98025611
1.2173575
1.6873321
2.3546788
2.9625571
0.97308262
1.2105663
1.6809143
2.3481738
2.9556359
0.96316651
1.2007693
1.6706648
2.3369165
2.9433048
0.95218746
1.1896921
1.6586631
2.3229124
2.9274626
0.94411757
1.1806518
1.6483919
2.3111944
2.9138783
0.40437143
0.44634512
0.5510842
0.7193048
0.88044941
0.3892157
0.43407302
0.54157745
0.71134143
0.87305476
0.36971819
0.41744314
0.52821943
0.70020217
0.86287135
0.3529568
0.40300119
0.51604773
0.68904647
0.85185148
0.34241801
0.39340509
0.5075411
0.68142583
0.84420607
39.519814
33.761563
26.605811
21.13765
18.228553
31.489612
26.738285
21.178776
17.009113
14.758672
21.984856
18.850589
15.22316
12.426168
10.875042
15.724155
13.647661
11.160842
9.2039725
8.1157093
13.020705
11.328927
9.2740254
7.6520139
6.7532445
11.530783
10.05505
8.2768664
6.8378792
6.0353754
9.5172317
8.2602141
6.728893
5.5485846
4.9178583
6.6923798
5.6873406
4.5992276
3.8185699
3.4077235
5.2146945
4.4904636
3.6071203
2.9587682
2.6499119
2.0112939
1.8580343
1.6624726
1.5707977
1.4316721
8.9972189
8.5247842
8.3890015
8.9964611
9.9099632
7.7539186
7.4816422
7.5833104
8.372237
9.3839149
6.2842393
6.2364527
6.6086984
7.6084408
8.7318013
5.1545382
5.2701519
5.83475
6.9785345
8.1807234
4.5339659
4.7282146
5.3989791
6.6178286
7.8440883
4.250609
4.4683839
5.1611247
6.4172699
7.6730307
3.7621838
4.0497798
4.8012071
6.0688869
7.3303091
2.9656669
3.3150234
4.1556874
5.4759497
6.7276003
2.3034673
2.5775796
3.2969667
4.5499129
5.7995658
1.7606215
2.0432552
2.6387345
3.597631
4.6374797
5.6844414
5.1073774
4.5218242
4.2306396
4.2051767
4.6474361
4.2041587
3.7741957
3.6174128
3.6760784
3.230631
2.9675098
2.7436576
2.7240377
2.8503572
2.5321363
2.3204922
2.1336541
2.1133184
2.2101877
1.3185482
1.3010664
1.3539372
1.5000971
1.6602731
2.8859878
2.3162953
1.6858269
1.2372046
1.0082169
2.72036
2.1812943
1.5841914
1.1578808
0.9399149
2.5143938
2.0106709
1.4517876
1.0539997
0.85190593
2.3279979
1.8527365
1.3314592
0.96345601
0.77606464
2.20158
1.7541164
1.259704
0.90433222
0.72110284
2.1528984
1.7113963
1.2173411
0.86324533
0.68372065
2.0128965
1.5774124
1.100699
0.77089861
0.60862304
1.6942288
1.3113013
0.90974991
0.64106068
0.50980039
1.360094
1.0692872
0.75836647
0.54218805
0.432874
1.2043647
0.95019403
0.67138677
0.47611364
0.37828711
7.5910372
6.01257
4.2652717
3.0387607
2.4190545
7.263783
5.7404547
4.0742691
2.8898997
2.2770616
6.6809278
5.2460546
3.6476359
2.5064875
1.9327702
5.7659105
4.3827991
2.9261181
1.9845174
1.5430378
4.6172489
3.5015604
2.4314952
1.7216467
1.3572754
0.33937427
0.30572387
0.28399412
0.2934983
0.31857011
0.31804519
0.28756566
0.26911116
0.2809725
0.30737747
0.28796756
0.26156365
0.24749027
0.26219473
0.28983674
0.25341643
0.23138771
0.22320667
0.24253262
0.27211912
0.22821343
0.20925353
0.20401189
0.22544754
0.25653916
0.21704777
0.19925579
0.19418528
0.21461809
0.24489641
0.19736893
0.18150743
0.17669134
0.19449345
0.22145608
0.17063547
0.15727563
0.15331812
0.16812644
0.19021337
0.14386788
0.13291153
0.13048859
0.14424218
0.16369165
0.12513399
0.11582331
0.11413075
0.1268009
0.14455124
0.60754178
0.48342374
0.35296969
0.2685156
0.23095266
0.5406525
0.4311162
0.31678105
0.24277977
0.20967009
0.45475421
0.3655462
0.27110689
0.20901911
0.18102737
0.38649299
0.31053057
0.22950561
0.17630612
0.15257955
0.3369964
0.27000351
0.19919549
0.15307053
0.13260659
0.93975057
1.1763353
1.6427488
2.3038581
2.9058709
0.92890219
1.1648449
1.6299638
2.288083
2.8872157
0.91169878
1.1446571
1.6051121
2.2579803
2.8517914
0.8874702
1.118797
1.5725557
2.2149208
2.8017201
0.86011591
1.0882363
1.5417322
2.1790374
2.755159
0.85166504
1.0713417
1.5122464
2.1483954
2.7272761
0.81773778
1.0396669
1.4720715
2.0862488
2.6523072
0.70649422
0.91918167
1.3455913
1.9460339
2.4870575
0.56568453
0.72852694
1.0809567
1.6323907
2.1581851
0.50416253
0.63884383
0.90260609
1.3045705
1.7297323
0.26610302
0.3206478
0.43614448
0.60453845
0.75820265
0.24063858
0.29074967
0.40070633
0.56728356
0.72270443
0.20582945
0.24659646
0.33705686
0.47952337
0.61885457
0.17710824
0.21140706
0.28418247
0.39381578
0.49882848
0.15684735
0.18828509
0.25542975
0.35533784
0.44808766
