FiniteElementSpace
FiniteElementCollection: L2_2D_P4
VDim: 1
Ordering: 0

-3413.9181
-2427.7855
52.332406
1540.401
2206.8738
-3428.9921
-2436.9456
-0.75192089
1560.1087
2272.1881
-3564.0519
-2556.216
-64.62832
1624.873
2331.8291
-3539.9301
-2599.6659
-0.60466895
1656.2304
2443.6082
-3627.4192
-2688.6419
5.7230354
1701.6649
2483.1954
1465.6217
1176.1003
851.26823
623.65309
511.69987
1504.4032
1206.8788
872.75405
638.71159
523.58265
1556.1443
1247.6813
901.2578
658.6739
539.35202
1600.6774
1283.0717
926.89474
677.09
553.90642
1626.6453
1304.0839
942.15957
688.03735
562.52963
284.22081
225.18293
160.10812
113.86923
90.215776
287.16896
227.51176
161.7516
115.02394
91.120551
291.122
230.62069
163.92712
116.54137
92.307418
294.52478
233.28056
165.78861
117.85125
93.340036
296.44499
234.79222
166.86422
118.62254
93.954968
-3706.1249
-2791.6409
-30.869895
1764.7039
2607.5068
-3634.5438
-2727.0917
-64.861415
1734.9179
2602.5807
-3711.64
-2754.8824
-138.61837
1743.8669
2535.9437
-3589.8578
-2679.3289
-38.433416
1704.0919
2535.2025
-3632.3857
-2705.1619
12.192065
1706.7435
2504.5207
1696.8144
1360.0533
981.77586
715.92292
584.47472
1692.5936
1356.359
978.74589
713.67347
582.75769
1679.7826
1346.2036
970.99647
707.89294
578.15348
1658.8453
1329.502
959.51918
699.91989
571.83997
1639.321
1313.9233
948.93538
692.74624
566.24168
301.73208
238.94541
169.77784
120.66856
95.563605
301.45644
238.74157
169.63985
120.56643
95.476624
300.4859
237.99795
169.12553
120.20219
95.186792
298.85485
236.70209
168.21063
119.56383
94.689649
297.34374
235.50161
167.36652
118.97818
94.235448
-3402.9865
-2399.0037
63.732547
1529.7006
2175.0538
-3309.1288
-2290.1096
73.999044
1472.6063
2114.0401
-3252.4586
-2217.8149
57.102366
1417.659
1984.0571
-3092.5281
-2089.823
102.85306
1338.7202
1884.7926
-3039.3699
-2031.5405
111.9887
1296.0892
1804.2734
1443.9213
1158.7684
839.04531
615.09913
505.01804
1401.5202
1124.5143
814.41712
597.64467
491.30277
1334.3253
1071.2808
776.51572
570.71996
469.99942
1264.4078
1015.728
737.3079
542.94134
447.97845
1214.8353
975.99381
709.10933
523.02502
432.27528
282.64585
223.93406
159.21935
113.23818
89.717935
279.46307
221.42187
157.43488
111.96631
88.708518
274.32522
217.39283
154.60872
109.97843
87.143282
268.86271
213.09443
151.59393
107.8676
85.487788
265.02543
210.06288
149.45209
106.35931
84.303577
22.368255
17.722216
12.605039
8.9740749
7.1202583
22.13383
17.53864
12.476312
8.8830088
7.0478282
21.758868
17.24379
12.26903
8.7373902
6.9336724
21.360385
16.929616
12.047827
8.5820877
6.8117935
21.074849
16.705149
11.890412
8.4724255
6.7266049
-2449.7204
-1539.6836
96.525828
972.37301
1292.5842
-2341.4109
-1449.1574
93.510638
912.16331
1209.1618
-2192.975
-1338.7405
104.98723
830.18453
1088.2607
-2034.9727
-1228.7854
114.7153
754.13709
977.17735
-1927.3037
-1153.3484
95.154698
698.43022
899.68808
901.83934
727.03754
532.58493
398.24903
333.82116
850.2153
685.84358
503.18538
377.37817
317.31925
776.23853
626.85347
461.32194
347.66601
293.77801
703.99068
569.40422
420.59187
318.85625
271.02566
655.77496
531.06777
393.34181
299.57524
255.8069
241.08747
191.1826
136.11666
96.938755
76.875741
237.09154
188.0294
133.88368
95.354178
75.621521
231.30852
183.46878
130.66177
93.075027
73.821356
225.67172
179.012
127.50743
90.844623
72.061441
221.91299
176.03861
125.39886
89.351313
70.883383
19.289682
15.303057
10.909169
7.7902009
6.1982255
18.991699
15.069046
10.745332
7.6760989
6.1098683
18.556819
14.727071
10.505678
7.5096167
5.981557
18.128542
14.389981
10.269765
7.3464752
5.8561702
17.839753
14.16303
10.111364
7.2376187
5.773386
-1335.4952
-757.6524
43.827021
412.74058
508.2001
-1245.2994
-702.27771
29.674798
371.87505
452.67322
-1115.3704
-627.01086
16.296191
313.52863
378.51909
-996.21221
-561.89023
3.6629445
260.09772
311.91726
-918.67119
-518.69763
-5.2009034
226.67383
270.57552
407.26803
332.92497
252.12303
199.14237
176.23139
371.67962
304.6932
232.01532
184.82781
164.85575
323.63732
266.3319
204.61847
165.31144
149.36736
279.7749
231.28741
179.57062
147.42266
135.1399
252.07947
209.23239
163.81643
136.16244
126.17013
202.01006
160.27725
114.1976
81.386827
64.57447
199.09565
157.96826
112.55435
80.214446
63.641983
195.0658
154.76321
110.26413
78.578165
62.341233
191.30588
151.76441
108.11059
77.03127
61.107727
188.87592
149.82514
106.71475
76.027549
60.307072
16.286242
12.94081
9.2575898
6.6518178
5.3305625
16.054497
12.756976
9.1273912
6.5615633
5.2618952
15.726872
12.49697
8.9438059
6.4334093
5.1621849
15.410479
12.24642
8.76469
6.3042422
5.0587322
15.200796
12.076494
8.6399999
6.215262
4.9894794
-551.45462
-326.30008
-45.369187
69.4795
82.388691
-504.13859
-299.03315
-52.172295
50.574029
59.569866
-441.52706
-266.96984
-58.998639
25.75786
30.221432
-383.95417
-237.26228
-62.835467
4.5285667
6.2493778
-349.16077
-219.29652
-65.489938
-7.0905015
-7.6637808
124.84111
107.33257
90.544013
83.412798
83.911767
108.9853
94.653989
81.334903
76.680274
78.404271
88.331019
77.908495
69.172966
67.786003
71.110733
70.495335
63.530315
58.485432
59.662219
64.350584
59.645445
54.705614
51.976409
54.658123
59.855843
175.79297
139.26992
99.024576
70.436645
55.792915
173.58069
137.48142
97.698438
69.407256
54.92818
170.13032
134.64816
95.525642
67.778057
53.626422
166.10158
131.26532
93.025864
65.884079
51.958902
162.75119
128.65961
90.879938
63.90486
50.250034
13.94238
11.056389
7.8778155
5.6398556
4.5156311
13.663429
10.815764
7.7015868
5.52094
4.424906
13.196754
10.44638
7.435614
5.313197
4.2387043
12.659741
9.9720279
7.0085912
4.9269298
3.8895598
12.022953
9.3542833
6.477626
4.5211143
3.5700261
1916.7271
2156.1082
2094.7039
1658.0626
1349.1091
1993.6978
2245.581
2180.9457
1726.9278
1405.4181
2109.3315
2369.1634
2304.8889
1824.0939
1482.9541
2224.0767
2485.0084
2420.526
1916.1643
1557.3222
2295.4508
2559.9371
2490.6075
1974.2801
1606.1028
-3039.3699
-2031.5405
111.98869
1296.0892
1804.2734
-3092.5281
-2089.823
102.85305
1338.7201
1884.7926
-3252.4586
-2217.8149
57.102362
1417.659
1984.0571
-3309.1288
-2290.1096
73.999041
1472.6063
2114.0401
-3402.9865
-2399.0037
63.732545
1529.7006
2175.0538
2329.5159
2593.2815
2527.96
2002.6216
1627.9465
2387.6662
2666.1533
2596.7398
2057.7079
1672.6329
2468.5754
2751.6585
2687.7672
2130.1726
1730.3549
2551.9295
2824.4674
2765.7375
2189.5477
1777.1512
2600.8281
2865.89
2807.557
2225.2836
1807.0197
2624.6619
2884.0379
2828.7301
2242.8793
1820.2957
2645.5743
2925.8591
2863.933
2270.2661
1843.0615
2676.6291
2964.8262
2901.5536
2301.0975
1867.8829
2705.7264
2978.6123
2921.6429
2316.945
1880.0015
2718.5793
2976.4646
2926.475
2321.7447
1883.7855
-3632.3857
-2705.1619
12.192064
1706.7435
2504.5207
-3589.8578
-2679.3289
-38.433416
1704.0919
2535.2025
-3711.64
-2754.8824
-138.61837
1743.8669
2535.9437
-3634.5438
-2727.0917
-64.861416
1734.9179
2602.5807
-3706.1249
-2791.6409
-30.869895
1764.7039
2607.5068
465.25306
393.54888
326.53105
298.15232
298.94829
475.76849
401.87309
332.43625
302.34342
302.26054
489.75956
412.96612
340.35419
307.98332
306.71777
502.67895
423.12587
347.46336
312.9377
310.58648
510.26561
429.04204
351.53696
315.74679
312.77972
513.5579
431.62957
353.36042
317.03051
313.79118
518.49894
435.56844
356.22456
319.12739
315.47289
524.06847
439.99518
359.40038
321.41565
317.29898
528.19138
443.22059
361.60317
322.89115
318.42088
529.6714
444.32843
362.31816
323.3489
318.75957
1639.321
1313.9233
948.93536
692.74622
566.24166
1658.8453
1329.502
959.51917
699.91987
571.83995
1679.7826
1346.2036
970.99646
707.89293
578.15346
1692.5935
1356.3589
978.74588
713.67347
582.75768
1696.8144
1360.0533
981.77586
715.92291
584.47471
297.34359
235.50143
167.36627
118.97783
94.235
298.85473
236.70194
168.21042
119.56353
94.689275
300.48581
237.99785
169.12539
120.20198
95.186526
301.45639
238.74151
169.63977
120.56631
95.476469
301.73206
238.94539
169.7778
120.6685
95.56353
2718.5793
2976.4646
2926.475
2321.7447
1883.7855
2705.7264
2978.6123
2921.6429
2316.945
1880.0015
2676.6291
2964.8262
2901.5536
2301.0975
1867.8829
2645.5743
2925.8591
2863.9331
2270.2661
1843.0615
2624.6619
2884.0379
2828.7301
2242.8793
1820.2957
2600.8281
2865.89
2807.557
2225.2836
1807.0197
2551.9295
2824.4674
2765.7375
2189.5477
1777.1512
2468.5754
2751.6585
2687.7672
2130.1726
1730.3549
2387.6662
2666.1533
2596.7398
2057.7079
1672.6329
2329.5159
2593.2815
2527.96
2002.6216
1627.9465
-3627.4192
-2688.6419
5.7230362
1701.6649
2483.1954
-3539.9301
-2599.6659
-0.60466802
1656.2304
2443.6082
-3564.0519
-2556.216
-64.628319
1624.873
2331.8291
-3428.9921
-2436.9456
-0.75191914
1560.1087
2272.1881
-3413.9181
-2427.7855
52.332408
1540.401
2206.8738
529.67141
444.32843
362.31817
323.34891
318.75959
528.1914
443.22061
361.60319
322.89118
318.42092
524.06849
439.99521
359.40042
321.4157
317.29905
518.49897
435.56848
356.22462
319.12746
315.47298
513.55794
431.62962
353.36048
317.0306
313.79129
510.26565
429.04209
351.53704
315.7469
312.77985
502.679
423.12594
347.46344
312.93782
310.58663
489.75962
412.96619
340.3543
307.98346
306.71795
475.76856
401.87318
332.43638
302.3436
302.26076
465.25314
393.54899
326.53119
298.15251
298.94853
1626.6454
1304.0839
942.15959
688.03737
562.52967
1600.6774
1283.0717
926.89476
677.09003
553.90646
1556.1444
1247.6813
901.25783
658.67393
539.35207
1504.4033
1206.8788
872.75408
638.71164
523.5827
1465.6217
1176.1003
851.26827
623.65314
511.69993
84.740397
67.11023
47.68922
33.900356
26.852837
84.671626
67.05192
47.643973
33.865825
26.824242
84.418655
66.849758
47.497818
33.760436
26.740645
83.977249
66.506491
47.260301
33.595162
26.610747
83.567768
66.187491
47.039105
33.442245
26.492423
83.319151
65.991862
46.901891
33.346433
26.417674
82.784036
65.568259
46.602343
33.134865
26.250484
81.875608
64.851204
46.094369
32.774876
25.966497
80.825314
64.027734
45.516258
32.367578
25.645191
80.017447
63.394422
45.073639
32.05885
25.404224
296.44516
234.79242
166.8645
118.62293
93.955466
294.52497
233.2808
165.78894
117.8517
93.340608
291.12223
230.62098
163.92752
116.54192
92.308107
287.16923
227.51209
161.75206
115.02458
91.121356
284.22112
225.18331
160.10864
113.86994
90.216657
2295.4508
2559.9372
2490.6075
1974.2801
1606.1028
2224.0767
2485.0084
2420.526
1916.1644
1557.3222
2109.3315
2369.1634
2304.8889
1824.094
1482.9542
1993.6978
2245.581
2180.9457
1726.9279
1405.4181
1916.7271
2156.1082
2094.7039
1658.0627
1349.1091
1866.3094
2114.1956
2047.1466
1620.7613
1320.4807
1784.4927
2024.0303
1960.9516
1550.471
1262.3868
1655.5174
1884.5675
1826.6252
1444.4475
1176.6896
1526.5495
1744.1135
1690.5566
1337.7986
1091.0166
1439.9561
1649.2363
1599.4378
1264.8728
1031.315
-2992.4529
-1991.7685
92.664563
1272.2965
1756.858
-2874.4266
-1902.5935
121.59966
1211.0643
1678.5853
-2769.475
-1789.7404
121.74508
1140.1917
1546.8763
-2610.3993
-1644.2781
128.39407
1055.5993
1428.8328
-2503.9759
-1577.2394
117.82501
997.02366
1341.4786
459.37126
388.95803
323.33117
295.90282
297.17402
447.29518
379.5247
316.76325
291.31212
293.56305
428.38687
364.58896
306.21522
283.89179
287.73831
408.86007
349.09495
295.1983
276.07446
281.57066
394.97588
338.14898
287.47292
270.6075
277.2522
387.51864
332.31588
283.37702
267.73001
274.98607
373.17297
321.02782
275.44889
262.14806
270.58689
351.67065
304.04977
263.45702
253.68615
263.92364
330.18036
287.04737
251.39648
245.14375
257.18207
315.45045
275.42164
243.17818
239.32405
252.58408
1187.1839
954.3392
693.83498
512.32692
423.87746
1136
913.19064
664.5721
491.65609
407.60394
1059.4006
852.19827
621.28103
460.95142
383.31601
982.33892
791.07419
577.99726
430.337
359.10032
929.65846
748.98579
548.14542
409.23262
342.45205
79.574668
63.046219
44.829773
31.888537
25.271083
78.69004
62.347072
44.335943
31.540295
24.996564
77.31099
61.259792
43.566962
30.995994
24.567245
75.846877
60.110018
42.758774
30.426527
24.118242
74.792586
59.282338
42.179004
30.020962
23.800813
74.231974
58.841298
41.869368
29.803938
23.63072
73.158446
57.992729
41.269197
29.379885
23.296104
71.555809
56.727826
40.373999
28.746375
22.796645
69.928259
55.446803
39.471693
28.110399
22.295714
68.802865
54.561542
38.849655
27.673971
21.953579
263.01089
208.47133
148.3227
105.55867
83.672433
259.13126
205.40916
146.15267
104.01652
82.450222
253.24327
200.77503
142.88824
101.71307
80.633263
247.2689
196.06586
139.5695
99.376206
78.794584
243.18438
192.83924
137.2889
97.767772
77.529434
6.2742006
4.9776067
3.5540457
2.5503605
2.0426398
6.2155539
4.9315355
3.5215087
2.5272865
2.0245035
6.1185291
4.8559608
3.4690705
2.491065
1.9967514
6.0105346
4.771756
3.411498
2.452614
1.9678996
5.9322581
4.7105525
3.3693006
2.4246472
1.9478955
20.923144
16.585963
11.806617
8.4136487
6.680762
20.635055
16.359842
11.647664
8.301214
6.5916731
20.198412
16.016868
11.407221
8.1328632
6.4599099
19.755202
15.668605
11.16423
7.9651493
6.330599
19.448843
15.428072
10.996687
7.8507799
6.2444858
1390.1066
1604.2485
1550.4805
1227.2645
1002.168
1304.1193
1511.4738
1460.7987
1156.2207
944.58761
1180.0046
1374.9835
1331.1206
1053.6233
861.23583
1062.4798
1243.3537
1204.3667
954.18165
780.98311
983.26048
1158.2598
1120.6209
887.90183
727.25473
940.77048
1115.3239
1078.8772
855.06596
700.95532
864.12798
1030.6263
999.07709
793.20759
650.9485
758.29311
914.34597
887.37902
705.56119
580.15417
661.07135
804.68823
782.85648
623.43946
513.62268
599.24906
733.29911
716.56046
571.35412
470.9576
-1875.0793
-1109.9031
79.235167
670.42973
860.30726
-1774.9202
-1033.9402
70.518213
620.58886
786.84612
-1624.7145
-931.16634
56.913138
548.11289
686.22267
-1478.7896
-842.00866
47.964008
479.8212
594.8617
-1382.8297
-787.64862
48.717145
435.05354
536.23219
307.80394
269.41179
238.94379
236.33108
250.22164
293.18681
257.87975
230.80798
230.59369
245.69716
272.33129
241.37317
219.10905
222.30985
239.15909
252.16688
225.43098
207.80412
214.28225
232.80569
238.6699
214.77986
200.26457
208.9387
228.57839
231.89058
209.43008
196.48333
206.26466
226.4656
219.00664
199.225
189.24586
201.13425
222.40896
201.14983
185.06097
179.15582
193.94393
216.70557
184.33275
171.74981
169.68816
187.1909
211.33572
173.44125
163.13467
163.57168
182.83442
207.87226
631.87613
512.02046
379.75705
289.91708
248.16273
586.91895
476.1371
354.08518
271.60562
233.64028
523.57035
425.78562
318.34332
246.22182
213.51512
463.78105
378.17612
284.50485
222.24714
194.55575
425.78485
347.74842
262.72934
206.74373
182.2813
68.22194
54.103643
38.526925
27.446883
21.775307
67.119429
53.232444
37.910243
27.010336
21.430392
65.530696
51.977505
37.021315
26.380574
20.933299
63.971791
50.747535
36.152316
25.766541
20.448908
62.923145
49.920191
35.568513
25.355358
20.125802
62.396722
49.504564
35.275347
25.149868
19.96582
61.401893
48.716529
34.715362
24.751956
19.650677
59.996516
47.604736
33.925715
24.190557
19.206287
58.649884
46.538981
33.169488
23.654128
18.782046
57.769201
45.840332
32.673378
23.302703
18.504414
220.03639
174.55498
124.34569
88.603261
70.292042
216.45095
171.72284
122.33866
87.177409
69.161543
211.39478
167.72252
119.50185
85.16525
67.569891
206.62011
163.93465
116.80574
83.247805
66.051423
203.53491
161.48619
115.05966
82.002836
65.064067
17.697692
14.05382
10.039806
7.1957461
5.749296
17.424917
13.83912
9.8893616
7.0912782
5.6686753
17.035889
13.532518
9.6739928
6.9415149
5.5532915
16.660838
13.236343
9.4653533
6.7962405
5.4412484
16.412346
13.039916
9.3275475
6.7011046
5.3685231
568.27301
698.1777
683.87169
545.63977
450.09302
509.47862
633.72193
621.25582
496.75469
410.73319
430.0956
544.67284
537.0214
430.75997
357.11682
358.09836
462.06354
459.77657
370.40004
308.07273
312.97106
410.84206
411.17339
332.3581
277.22455
291.33629
386.05356
387.87846
314.00676
262.23408
250.72972
339.46907
344.43961
280.05003
234.56103
197.14903
277.92398
286.59308
234.73548
197.70037
149.93276
223.13631
235.11886
194.4237
164.87465
121.19844
189.31387
203.76128
169.85074
144.73694
-881.30502
-498.38642
-9.2955581
210.10258
250.41601
-812.03446
-461.48522
-17.250044
179.67406
212.95647
-717.09698
-410.00122
-27.990778
139.00414
163.86049
-631.81132
-365.6898
-38.274704
102.87681
120.6507
-577.5186
-338.3484
-43.088893
80.540491
94.729838
168.07166
158.87242
160.54213
180.67815
206.15892
157.95135
150.82319
154.7827
176.55512
202.87271
144.19697
139.89127
146.94762
170.91114
198.34693
131.54845
129.82321
139.72357
165.69147
194.14013
123.55295
123.44355
135.12347
162.34898
191.43164
119.68654
120.3573
132.88129
160.70306
190.09153
112.44707
114.56569
128.67747
157.60639
187.54491
102.70673
106.73844
122.94337
153.32786
183.984
93.924701
99.636668
117.66151
149.28477
180.54178
88.458751
95.155263
114.26495
146.63747
178.22235
238.7086
198.56273
156.17258
130.70625
121.83036
213.91925
178.70244
141.91994
120.50597
113.69855
180.89777
152.28625
122.95845
106.86507
102.77958
151.47441
128.73046
106.00787
94.64457
92.966017
133.40107
114.18175
95.535282
87.120785
86.902298
57.331766
45.49312
32.425251
23.125074
18.363739
56.510013
44.839119
31.956476
22.789364
18.096648
55.359093
43.923974
31.302475
22.321157
17.723486
54.262523
43.051401
30.676415
21.871384
17.365538
53.546122
42.474737
30.260213
21.576162
17.132257
53.18222
42.186012
30.056922
21.42666
17.007667
52.503551
41.643304
29.657503
21.132043
16.771721
51.524269
40.848229
29.076551
20.71346
16.43684
50.530496
40.054465
28.503651
20.285445
16.080148
49.874182
39.517509
28.073396
19.955165
15.823089
187.6708
148.86287
106.02426
75.528369
59.903996
185.38529
147.03187
104.6989
74.567732
59.134605
182.16992
144.44693
102.81847
73.201722
58.036061
179.03314
141.91553
100.97086
71.841481
56.927637
176.89636
140.18821
99.678545
70.890649
56.181243
15.086452
11.984768
8.5770016
6.1721161
4.9549313
14.881992
11.823387
8.4598663
6.0840525
4.8819246
14.585612
11.581454
8.2784932
5.9499316
4.7745395
14.264031
11.319831
8.0915438
5.8169858
4.6665224
14.040282
11.14965
7.9667057
5.7140649
4.5745848
107.73404
172.80575
188.81249
157.97459
134.9525
82.336626
144.18678
161.17066
136.36979
117.44024
49.947119
106.00493
125.49486
108.32827
94.483172
23.231192
73.565339
94.916928
84.063771
74.494486
7.3312237
54.055521
75.922964
69.279749
62.547212
-0.54414712
45.603199
68.565205
63.853826
58.122806
-12.394973
30.049067
52.988568
50.044149
46.04083
-23.211383
14.520286
36.320225
37.177098
34.924046
-33.023696
-0.5507861
19.486395
20.905537
20.885795
-29.834776
-4.6434033
10.622255
14.086727
12.045908
-333.46315
-211.30957
-64.948634
-12.394682
-15.05627
-297.73629
-192.40071
-67.496888
-23.34647
-25.441059
-253.44842
-165.13298
-62.642765
-28.048529
-33.832929
-199.79239
-128.17042
-51.495947
-30.497218
-40.804602
-136.29101
-86.960827
-37.812643
-26.374097
-34.937331
85.807747
93.015886
112.60994
145.28096
177.03231
80.812464
88.887962
109.41964
142.66646
174.64891
74.183216
83.273907
104.87243
138.78978
170.98397
68.034638
78.055494
100.40922
134.54927
166.78043
63.673788
74.080449
97.04522
131.40002
163.32177
62.089849
72.219618
94.726395
129.21108
161.41482
57.338893
68.187095
90.923904
124.72758
156.51083
47.806486
58.807576
82.012926
115.71788
146.51614
37.30053
46.063829
65.730768
97.182983
127.50369
31.052211
38.906466
54.352067
77.958758
102.89509
55.358793
51.162621
49.466367
52.784786
58.210641
44.986504
42.469578
42.217355
46.762854
53.047419
33.361066
31.695276
32.397494
37.245076
43.51741
22.092917
22.152662
24.071959
28.654468
33.824127
8.8272011
11.617036
16.271587
22.329639
27.786188
49.493312
39.173905
27.836977
19.81632
15.71952
48.726281
38.583002
27.420557
19.483664
15.418651
47.569038
37.617299
26.633131
18.84864
14.893246
45.986299
36.230998
25.592736
18.115635
14.304714
44.512551
35.164171
24.874367
17.486703
13.666764
44.066598
34.741872
24.330089
16.87668
13.093542
41.918375
32.555015
22.339629
15.297875
11.836151
35.901368
27.534568
18.805091
12.990338
10.149787
29.087086
22.71746
15.928964
11.21198
8.8176234
26.184549
20.540809
14.359922
10.031586
7.8558614
160.89045
126.7031
89.077932
62.872383
49.717723
156.09886
122.75962
86.492748
60.850299
47.623577
146.22912
114.34653
78.939965
53.753229
41.13858
127.31583
96.286919
63.741446
42.84667
33.114122
102.81362
77.584062
53.552026
37.701049
29.585455
11.485208
8.9090389
6.1723087
4.326406
3.4275652
10.383991
8.0779565
5.6402209
3.9879597
3.1739809
8.9550855
7.0378067
4.9717074
3.5382754
2.8208794
7.7971498
6.1339801
4.3226474
3.0626233
2.4349784
6.9333814
5.4393855
3.8250728
2.7084153
2.1530335
