FiniteElementSpace
FiniteElementCollection: L2_2D_P4
VDim: 1
Ordering: 0

-37.219541
-34.192201
-30.333976
-27.133075
-25.286264
-37.782576
-34.208306
-29.650373
-25.868044
-23.692749
-41.835832
-37.207495
-31.314724
-26.402729
-23.570235
-49.854317
-43.736746
-35.970138
-29.499177
-25.771003
-57.645267
-50.334404
-40.944911
-33.092665
-28.575248
-18.50797
-17.899898
-17.199892
-16.681684
-16.409033
-15.73844
-15.029996
-14.216508
-13.616652
-13.30225
-13.257365
-12.346194
-11.30456
-10.541338
-10.143555
-12.187886
-10.993813
-9.634472
-8.6443564
-8.1312705
-12.115289
-10.672318
-9.0333518
-7.8438557
-7.2296046
-15.6054
-15.544479
-15.470204
-15.407406
-15.367991
-12.387944
-12.320581
-12.239377
-12.172055
-12.130734
-9.0097809
-8.9295709
-8.8343344
-8.7573743
-8.7114836
-6.6971391
-6.5996304
-6.4853195
-6.3949131
-6.3424049
-5.5351447
-5.4229741
-5.2924278
-5.1905802
-5.1325524
-15.067752
-14.986934
-14.833565
-14.619822
-14.424456
-11.834668
-11.757961
-11.612198
-11.410921
-11.231398
-8.4112103
-8.3424725
-8.2202002
-8.0662252
-7.9396272
-6.0408801
-5.9864264
-5.8975445
-5.7918749
-5.7047174
-4.8314977
-4.7862175
-4.7131628
-4.6227667
-4.5442316
-97.31095
-98.231594
-93.95161
-82.677151
-72.517704
-95.249048
-99.019293
-99.93236
-92.699379
-83.813659
-89.760252
-96.098654
-102.73726
-103.07762
-98.319843
-83.563102
-90.26857
-99.629758
-106.69178
-107.43766
-79.230277
-85.700027
-96.0259
-105.49911
-109.3982
-22.654888
-18.082274
-12.942925
-9.2820625
-7.4290038
-26.66236
-21.119813
-14.90384
-10.486513
-8.2546304
-34.188023
-26.840454
-18.624192
-12.811896
-9.8870848
-44.105451
-34.410728
-23.562308
-15.919773
-12.095859
-52.568922
-40.909925
-27.802213
-18.582796
-13.991081
-2.6948167
-2.4278851
-2.1269886
-1.9036676
-1.7839121
-2.6309917
-2.3232728
-1.9774182
-1.7215261
-1.5845663
-2.6735232
-2.2963513
-1.8735915
-1.5616972
-1.3953134
-2.8521662
-2.3937822
-1.8815252
-1.5040102
-1.302666
-3.0418313
-2.5207153
-1.9396389
-1.5119681
-1.2836509
-1.2263857
-1.1788795
-1.1194002
-1.0668821
-1.031797
-0.93582157
-0.88451874
-0.82196013
-0.76900405
-0.73595592
-0.57773784
-0.51769059
-0.44765746
-0.39303507
-0.36195954
-0.26315195
-0.19134137
-0.11033603
-0.051230545
-0.02031139
-0.053972823
0.027592977
0.11816028
0.18283808
0.21503362
-117.23856
-104.0234
-76.694198
-49.558709
-35.438158
-123.47228
-114.42418
-88.783635
-58.822806
-41.832619
-127.44664
-125.2633
-106.02948
-74.606489
-53.49295
-125.96496
-129.84383
-120.5011
-91.862822
-67.825185
-122.79506
-129.61313
-127.52574
-103.41145
-78.819337
-5.0463824
-4.0258116
-2.9025199
-2.0728052
-1.6246893
-5.4861927
-4.3588812
-3.1213777
-2.2076855
-1.7154842
-6.1717432
-4.8792615
-3.4643131
-2.4107626
-1.8373872
-6.8800245
-5.4223818
-3.8365832
-2.6441777
-1.9827535
-7.3624417
-5.7902809
-4.0960302
-2.822433
-2.1127267
1.874293
2.0618097
2.2603622
2.3905215
2.4434696
2.4872262
2.7046964
2.9366563
3.0819359
3.1377559
3.6989033
3.9672093
4.2366161
4.3948797
4.4542334
5.4474382
5.7772554
6.1281871
6.3492559
6.4288854
7.0871511
7.525581
8.0086643
8.2978626
8.392362
-95.340619
-105.22025
-119.69414
-132.82356
-132.1555
-91.135547
-99.697562
-113.98164
-130.52771
-134.07826
-83.726629
-91.399936
-106.17474
-124.81742
-132.66469
-76.017147
-83.819874
-98.570579
-116.82623
-127.82188
-71.107926
-78.997264
-93.13292
-110.69367
-123.33711
-10.114873
-7.694064
-5.4988436
-3.954619
-3.0787131
-10.465776
-7.8817458
-5.6270535
-4.0600007
-3.172785
-10.927274
-8.0632005
-5.7382303
-4.1537773
-3.2515166
-11.350304
-8.1291543
-5.7465955
-4.1669344
-3.2540484
-11.620855
-8.1023942
-5.6870917
-4.1264392
-3.2111901
1.3014971
1.5694712
1.851096
2.0317718
2.110564
0.84032921
1.0926631
1.3639035
1.5442835
1.6251194
0.33426209
0.57173828
0.82841975
1.0031067
1.0841735
-0.014916007
0.20941402
0.45225196
0.6187845
0.69753172
-0.18369748
0.030940357
0.26339684
0.42523295
0.50297366
-42.24779
-47.903967
-58.715139
-73.991596
-88.195313
-37.505946
-42.860051
-53.150451
-67.726138
-81.323442
-31.173724
-35.918887
-45.109035
-58.182427
-70.52538
-25.105807
-29.106709
-36.840439
-48.003922
-58.889059
-20.767735
-24.252605
-30.914849
-40.680893
-50.471885
-11.868118
-6.4525115
-4.1070648
-2.7919659
-2.1020379
-11.38541
-5.8690901
-3.6080803
-2.3428072
-1.7292282
-10.203629
-4.8156353
-2.7184813
-1.5455265
-1.0379385
-8.3070146
-3.4584369
-1.5767472
-0.54108291
-0.13265242
-6.5525201
-2.3096006
-0.61531094
0.28772396
0.62339928
-0.42130731
-0.28569414
-0.13905733
-0.034501721
0.017089832
-0.36530301
-0.25005983
-0.1255918
-0.036126744
0.0074928108
-0.24242499
-0.15987865
-0.074301838
-0.012711783
0.016010233
-0.070161578
-0.026705127
0.0098074052
0.038147205
0.050812496
0.07639962
0.084472248
0.086759738
0.092889352
0.091805092
1.6571993
2.4067962
3.7373597
5.8365585
7.8027343
4.2679651
5.7386897
8.4384982
12.565081
16.701643
9.2368641
11.481999
15.758486
22.191734
28.563717
15.307187
18.315067
23.87924
32.107443
40.257577
19.534773
23.075799
29.537112
38.849785
48.087872
9.2606505
9.1493753
8.6379332
9.019772
8.768056
8.8188544
7.9172541
7.2738549
7.4307957
7.151678
8.6471785
6.9408826
6.0918132
5.9070573
5.6173617
9.0869175
6.607373
5.5338603
5.0679099
4.7386325
9.6643257
6.5593721
5.3865479
4.7017298
4.3474314
1.658978
1.3026716
0.91454379
0.62571546
0.48930448
1.4154561
1.1297514
0.84961873
0.60963393
0.48583364
1.1797823
0.93201099
0.69932784
0.51912553
0.42790418
1.0550894
0.83480416
0.61399784
0.44556093
0.36397743
1.0050491
0.79710544
0.59058924
0.42697558
0.34310283
-24.447486
-22.942698
-21.113331
-19.662604
-18.858057
-22.703971
-20.934449
-18.786504
-17.087016
-16.146765
-22.289368
-19.986899
-17.198036
-14.997418
-13.782507
-24.085602
-21.050038
-17.374182
-14.474745
-12.876457
-26.531955
-22.852988
-18.396442
-14.882253
-12.947021
-28.211215
-24.137327
-19.213307
-15.334481
-13.198159
-32.346675
-27.391581
-21.397069
-16.675979
-14.079062
-40.699714
-34.123654
-26.141247
-19.839393
-16.372269
-52.060764
-43.478564
-32.949052
-24.58664
-19.977843
-61.701899
-51.637014
-38.999118
-28.870723
-23.293493
-62.324774
-54.432522
-44.12186
-35.464646
-30.48069
-72.118915
-63.641706
-51.635583
-41.120064
-35.091085
-85.440383
-78.094107
-65.292006
-52.213854
-44.296032
-94.559664
-90.780205
-80.383728
-66.398141
-56.665049
-97.010553
-96.47713
-89.888045
-77.225415
-66.900529
-16.292219
-16.097041
-15.879443
-15.722555
-15.640706
-13.167978
-12.944247
-12.696209
-12.518881
-12.427193
-9.9746226
-9.6941421
-9.3857869
-9.1680266
-9.0568374
-7.914502
-7.5559321
-7.1649769
-6.892225
-6.7546964
-6.9710262
-6.5442589
-6.0816077
-5.7615735
-5.6015864
-6.6166803
-6.1495144
-5.6446274
-5.2968462
-5.1236681
-6.1250735
-5.5669413
-4.9668766
-4.5567408
-4.3541834
-5.8427214
-5.1168038
-4.3425336
-3.8197282
-3.564814
-6.0237762
-5.0776204
-4.0773913
-3.4108311
-3.090011
-6.3960009
-5.2623703
-4.0710302
-3.2840688
-2.9086787
-12.281286
-10.689183
-8.8830139
-7.574469
-6.8999363
-12.967444
-11.037172
-8.8522496
-7.2746938
-6.4642601
-14.893523
-12.324681
-9.4279742
-7.348217
-6.2853209
-18.011214
-14.594644
-10.749624
-8.0006991
-6.6028199
-20.905649
-16.7624
-12.101174
-8.7765072
-7.0914537
-15.348242
-15.309207
-15.2476
-15.174509
-15.113777
-12.110356
-12.070756
-12.009893
-11.939399
-11.881463
-8.6893051
-8.6471803
-8.5847365
-8.5154238
-8.4604519
-6.3175566
-6.2715925
-6.2069986
-6.1408525
-6.0923231
-5.1055595
-5.056716
-4.9913117
-4.9289521
-4.8859536
-4.5934148
-4.5430856
-4.4774602
-4.4169398
-4.3759466
-3.7501178
-3.6962748
-3.6279191
-3.5662056
-3.5245841
-2.8268518
-2.7639771
-2.6857626
-2.6176041
-2.5736647
-2.1817654
-2.106601
-2.0151093
-1.938384
-1.8908245
-1.8621304
-1.777136
-1.6748295
-1.5902524
-1.5382678
-5.0520719
-4.9312424
-4.791149
-4.6826766
-4.6215395
-4.271099
-4.1313966
-3.9707922
-3.8483732
-3.7807538
-3.4615429
-3.2886831
-3.0917592
-2.9436616
-2.8630228
-2.9616269
-2.7473697
-2.5046085
-2.3233393
-2.2254006
-2.7598213
-2.5118152
-2.2317517
-2.0235881
-1.9117532
-14.303662
-14.021104
-13.454494
-12.676312
-12.040783
-11.124938
-10.880995
-10.442681
-9.9008653
-9.4527808
-7.8671084
-7.7085922
-7.4206541
-7.0300447
-6.6792276
-5.6536637
-5.5356206
-5.3076794
-5.0002464
-4.7380321
-4.4972996
-4.3891939
-4.1964349
-3.9544933
-3.7444598
-3.9945134
-3.9029235
-3.7397173
-3.5180075
-3.3193675
-3.1751425
-3.0995693
-2.959137
-2.7733957
-2.6146964
-2.2449187
-2.1846002
-2.0781579
-1.9417469
-1.8245215
-1.5533584
-1.506995
-1.427251
-1.3266251
-1.2419416
-1.1806266
-1.1410645
-1.0745578
-0.99396554
-0.92786326
-4.3184291
-4.2749152
-4.2027172
-4.1127712
-4.0376263
-3.4571075
-3.4136645
-3.3457736
-3.2688912
-3.2089132
-2.4865436
-2.4447421
-2.3849045
-2.3214713
-2.2725716
-1.7749568
-1.7322039
-1.6741396
-1.6166492
-1.5754401
-1.3951698
-1.3493907
-1.2900018
-1.2357102
-1.199532
-67.170408
-56.417101
-42.59532
-31.443427
-25.301579
-78.546335
-66.923803
-50.785419
-37.246431
-29.849132
-94.269139
-83.626612
-65.593273
-48.190836
-38.357872
-105.71168
-99.058763
-82.510255
-62.304394
-49.57674
-109.72072
-106.94441
-93.971696
-73.576231
-59.062049
-110.77933
-109.8199
-99.319293
-79.60811
-64.477776
-110.06692
-112.90038
-108.48175
-91.512359
-76.018607
-105.89385
-112.59811
-116.47769
-107.08155
-93.748801
-100.09213
-108.30952
-117.68851
-118.04377
-109.92372
-95.874179
-104.38188
-115.76714
-121.92549
-118.44735
-6.6658903
-5.4222185
-4.1187509
-3.2617172
-2.8550451
-7.3402112
-5.8511661
-4.3002312
-3.2904148
-2.8159707
-8.6968693
-6.7651498
-4.771814
-3.4925889
-2.9006456
-10.544526
-8.0408318
-5.4812256
-3.8639566
-3.1287822
-12.129391
-9.1376926
-6.1014434
-4.2062753
-3.3564107
-13.05176
-9.7762044
-6.4641316
-4.4103179
-3.4961351
-15.101238
-11.189376
-7.2627731
-4.858048
-3.8039576
-18.812142
-13.706135
-8.6574854
-5.6314511
-4.334405
-23.574216
-16.872111
-10.35177
-6.5415424
-4.9502822
-27.574241
-19.496976
-11.709854
-7.2396043
-5.4133992
-57.495561
-44.737455
-30.306016
-20.142571
-15.095608
-68.28464
-53.323693
-35.898272
-23.609098
-17.571
-85.801253
-68.541233
-46.327558
-29.939052
-22.043797
-103.05453
-85.974301
-59.815381
-38.242059
-27.764937
-113.04156
-98.126272
-70.738853
-45.373687
-32.59752
-1.730973
-1.6403194
-1.5313671
-1.4413739
-1.3862463
-1.5240867
-1.4206899
-1.2969577
-1.1957766
-1.1346307
-1.3219914
-1.1969272
-1.0479317
-0.92683227
-0.85390304
-1.2140678
-1.063137
-0.88344245
-0.73720066
-0.64894469
-1.1829779
-1.0112317
-0.80673656
-0.64032749
-0.53952774
-1.1788194
-0.99616018
-0.777662
-0.59911991
-0.49104636
-1.1864978
-0.98025334
-0.73353443
-0.53047197
-0.40620662
-1.2358335
-0.9896564
-0.69391595
-0.44903342
-0.29729257
-1.3174979
-1.0279529
-0.67571178
-0.37842986
-0.19234752
-1.3830653
-1.0600121
-0.66872161
-0.33388675
-0.11731052
-3.1606614
-2.6047093
-1.9847346
-1.5284997
-1.2855794
-3.4243465
-2.7960745
-2.0969597
-1.5820898
-1.3072526
-3.8860973
-3.1402015
-2.3135782
-1.7051451
-1.3792275
-4.4259661
-3.5501115
-2.5817897
-1.8681978
-1.4856537
-4.8301169
-3.8600809
-2.7899839
-1.9985954
-1.5717258
-1.0133336
-0.97595032
-0.91618223
-0.84554584
-0.78729775
-0.71961881
-0.687829
-0.63918203
-0.58416419
-0.54072584
-0.34748505
-0.32121624
-0.28562665
-0.25086699
-0.22620265
-0.0068182396
0.015627484
0.040350417
0.057069943
0.064672971
0.22813908
0.24793757
0.26540096
0.27074064
0.26715263
0.3523356
0.37139655
0.38578258
0.38524139
0.37612634
0.61423886
0.63234212
0.64092834
0.62803569
0.6064322
1.0687471
1.0839678
1.0814597
1.0494823
1.0086986
1.6494414
1.663511
1.6504871
1.5956064
1.5321316
2.1496108
2.1641291
2.146528
2.0741688
1.9880912
0.055495844
0.14276507
0.23909838
0.30649494
0.339251
0.28331134
0.38399509
0.49345267
0.56710479
0.60109272
0.67297065
0.79636165
0.92884733
1.0166106
1.0551754
1.1755805
1.3273004
1.4889347
1.5921887
1.6350453
1.6139557
1.7928626
1.9773839
2.0896403
2.1346025
-93.9702
-102.43163
-114.38567
-122.7382
-121.67222
-90.736126
-98.786665
-110.72093
-122.03773
-125.48671
-86.03557
-92.935006
-104.66674
-118.22507
-125.519
-80.432235
-87.254433
-99.121241
-112.4426
-121.2652
-76.782705
-83.924108
-95.558908
-108.0646
-117.37508
-75.211672
-82.405456
-93.673541
-105.88997
-115.37055
-72.427257
-79.259479
-89.829429
-101.82141
-111.27117
-68.214384
-74.408311
-84.414501
-95.853209
-104.45252
-63.725657
-69.539485
-78.906008
-89.356251
-97.380029
-60.569694
-66.116801
-74.871048
-84.818001
-92.865957
-29.905723
-21.022
-12.479419
-7.621394
-5.6637446
-35.101783
-24.381144
-14.143875
-8.41791
-6.1716206
-44.666946
-30.474451
-17.034608
-9.7160337
-6.9639533
-56.860407
-38.382148
-20.618075
-11.166235
-7.8005525
-66.655585
-45.04754
-23.591395
-12.245471
-8.3861611
-71.995668
-48.871124
-25.330317
-12.837821
-8.6953748
-82.880198
-57.135215
-29.210191
-14.068133
-9.2884659
-98.753334
-70.78364
-36.261046
-16.121914
-10.109416
-112.9132
-85.446104
-45.053854
-18.632279
-10.876592
-120.70828
-95.36636
-51.994649
-20.712545
-11.378824
-120.75767
-128.6991
-130.06478
-108.9143
-84.626308
-116.2187
-125.46869
-132.59172
-118.57134
-96.050123
-108.6658
-119.14035
-131.94619
-128.75378
-111.64729
-101.55583
-112.46045
-127.27626
-133.29716
-124.22406
-97.375599
-107.72439
-122.47065
-133.47625
-130.10628
-1.4257716
-1.0804635
-0.65931472
-0.3047902
-0.078231191
-1.4979828
-1.1203141
-0.65203445
-0.24497693
0.016701035
-1.5837095
-1.1428506
-0.59781434
-0.11717705
0.20462924
-1.6856258
-1.1571992
-0.48528577
0.10930784
0.50043409
-1.7916148
-1.214872
-0.44388166
0.29886477
0.80257605
-1.8621205
-1.270089
-0.48195401
0.27320951
0.78324743
-2.0228902
-1.4205542
-0.66622478
-0.012293654
0.40967079
-2.2961177
-1.6978802
-0.97748742
-0.37107834
0.016373274
-2.5489517
-1.9376575
-1.2077157
-0.61281809
-0.25382687
-2.6775352
-2.052517
-1.3162161
-0.73503584
-0.39171546
-7.6161427
-5.9824173
-4.2343212
-2.9223989
-2.1911756
-8.1137381
-6.3504046
-4.5030325
-3.1259811
-2.3578853
-8.8256212
-6.8542365
-4.8764649
-3.4333938
-2.6282048
-9.4943067
-7.3053884
-5.2160789
-3.7245694
-2.8843978
-9.9111144
-7.5706922
-5.4122874
-3.8874419
-3.0223406
2.4587805
2.4666091
2.4335182
2.3506018
2.2588856
3.1539591
3.1623343
3.1191099
3.0085149
2.8921591
4.471592
4.4810818
4.4326496
4.2940889
4.1350045
6.4472044
6.4401114
6.3359732
6.1267561
5.9168109
8.4116004
8.393312
8.2261864
7.8905813
7.5786558
8.409249
8.3921587
8.2262618
7.8913945
7.5797457
6.4373756
6.4358728
6.3374284
6.1315743
5.9228436
4.4536124
4.4748736
4.438373
4.3067493
4.1500589
3.1345958
3.1603298
3.1345333
3.0337718
2.9205317
2.4445184
2.4730136
2.4604475
2.3887499
2.3002454
7.0692774
7.5123089
8.0003579
8.2930772
8.3893305
5.3635059
5.7153185
6.0898276
6.3276492
6.4155935
3.5242583
3.8388776
4.1582283
4.3519093
4.4288568
2.2352843
2.5211359
2.8275673
3.0254385
3.1074008
1.5805814
1.8502303
2.1384177
2.3317587
2.4160376
-58.947398
-64.287289
-72.752969
-82.575921
-90.694038
-55.628221
-60.529714
-68.648245
-78.576415
-86.664783
-50.646307
-55.324883
-63.355894
-72.764478
-79.778963
-46.093904
-50.677215
-58.02375
-66.064455
-72.258014
-43.17011
-47.410863
-53.901978
-61.164573
-67.316116
-41.598979
-45.534061
-51.634486
-58.821128
-65.038782
-38.333866
-41.761322
-47.424707
-54.525369
-60.5981
-33.359087
-36.342806
-41.619385
-48.340939
-53.919248
-28.254509
-30.962603
-35.842242
-41.960323
-46.970954
-24.779109
-27.326459
-31.894906
-37.549294
-42.175334
-124.01807
-100.2281
-55.775144
-21.916101
-11.639527
-128.93894
-109.03535
-63.514008
-24.544709
-12.13211
-132.43691
-119.52133
-75.151259
-29.041895
-12.850136
-131.84451
-126.41814
-86.378456
-34.126647
-13.538378
-129.51336
-128.89102
-93.343318
-37.733321
-13.959065
-127.85574
-129.477
-96.602478
-39.54643
-14.147786
-123.8159
-129.33276
-102.23571
-42.907954
-14.427064
-116.50852
-126.36121
-108.37036
-46.936139
-14.563351
-107.70949
-120.59373
-111.51655
-49.219806
-14.300947
-100.86245
-115.43999
-111.68831
-49.43184
-13.891049
-68.77274
-76.499285
-90.225045
-107.55762
-120.81492
-64.106898
-71.460184
-84.482956
-101.3549
-115.4112
-57.072422
-63.824146
-75.940266
-92.292248
-106.97586
-49.798606
-55.93916
-67.351165
-83.312637
-98.030927
-44.788386
-50.572585
-61.59697
-77.169466
-91.594959
-2.7299214
-2.1048979
-1.3722653
-0.7917579
-0.44891943
-2.8178024
-2.1876904
-1.4485884
-0.87244031
-0.54373836
-2.8916502
-2.2565074
-1.5185153
-0.95479173
-0.64075488
-2.9007247
-2.2675241
-1.5372728
-0.98693574
-0.68562027
-2.8668123
-2.2388946
-1.517378
-0.97879504
-0.68701318
-2.8384742
-2.2137567
-1.498123
-0.96689712
-0.68027717
-2.7450978
-2.1345856
-1.4357516
-0.9203855
-0.64559144
-2.5307818
-1.9514679
-1.2860138
-0.79978955
-0.54569023
-2.2153587
-1.6777265
-1.0565929
-0.60832711
-0.37857372
-1.9321995
-1.4305692
-0.84738319
-0.42949712
-0.21997071
-11.75553
-8.0711144
-5.6401498
-4.0927749
-3.1775251
-11.975945
-7.9499911
-5.4945764
-3.9814577
-3.0762474
-12.186115
-7.6385659
-5.1726656
-3.7217957
-2.8569184
-12.185855
-7.1499755
-4.7177008
-3.334226
-2.541329
-12.019839
-6.7075105
-4.3281153
-2.9906577
-2.263945
2.1396801
2.1764992
2.1809318
2.1203905
2.0374668
1.6553254
1.6941781
1.7052074
1.6625032
1.6015546
1.1153079
1.1576794
1.1805142
1.1596766
1.1194104
0.72897764
0.77479837
0.80766692
0.8025363
0.77771511
0.53424568
0.58023245
0.61644589
0.61963911
0.60352091
0.45142749
0.49744625
0.53504077
0.54161429
0.5288022
0.31713267
0.36318205
0.40333314
0.41485818
0.40748732
0.17725514
0.22104485
0.2613961
0.27757855
0.27604178
0.089076956
0.12881112
0.16669112
0.18437383
0.18617737
0.051811432
0.087923098
0.12322339
0.14036801
0.1429166
-0.2533999
-0.043194236
0.18443736
0.34365049
0.42046164
-0.35519303
-0.1551835
0.061521453
0.21333274
0.2869095
-0.43982751
-0.25730061
-0.059624836
0.080284993
0.14873908
-0.46071532
-0.29772009
-0.12284079
0.0022089297
0.063257966
-0.44151872
-0.29468621
-0.13787662
-0.025732091
0.028592392
-23.057239
-25.502903
-29.90188
-35.302594
-39.725752
-19.969601
-22.234299
-26.260028
-31.118987
-35.150467
-16.332681
-18.282258
-21.601901
-25.645342
-29.11782
-13.169413
-14.636996
-17.179053
-20.478022
-23.393179
-10.697508
-11.875716
-14.015639
-16.82751
-19.309481
-9.2833542
-10.375811
-12.320304
-14.877562
-17.141858
-6.2503561
-7.1114041
-8.6549081
-10.763842
-12.695177
-2.3550693
-2.9635086
-4.0039013
-5.4481579
-6.804142
-0.073839092
-0.45100208
-0.98997217
-1.6565068
-2.2484488
0.65303418
0.5150675
0.37876648
0.26880691
0.20974192
-97.140624
-112.5431
-111.11085
-49.091505
-13.624446
-89.32275
-106.37209
-108.551
-47.451486
-12.974084
-76.684257
-96.510369
-101.34286
-43.043025
-11.741516
-62.886253
-85.513763
-89.932565
-36.696766
-10.091064
-52.931274
-77.001244
-79.724917
-31.531554
-8.6620683
-47.731813
-72.22085
-73.700137
-28.674361
-7.7054904
-37.435804
-61.802255
-60.550703
-22.73079
-5.724376
-22.097636
-42.356043
-38.23911
-13.114501
-2.022002
-6.3540578
-17.258938
-13.493276
-2.5070253
2.9721671
4.0070959
1.9425467
3.2995894
4.9142592
6.5565351
-18.478965
-21.717612
-27.831009
-36.862078
-46.026988
-13.8357
-16.570555
-21.60094
-29.194044
-37.053392
-7.5760479
-9.3621208
-12.631476
-17.684131
-22.986961
-2.5030036
-3.0582978
-4.1692983
-5.8447192
-7.8369378
0.37228888
0.69405575
1.2278536
2.1169358
2.7473235
-1.7699418
-1.2865877
-0.72374786
-0.32142684
-0.12429538
-1.3973531
-0.95189517
-0.4323018
-0.067809148
0.10388621
-0.7171283
-0.33225347
0.11250524
0.41214717
0.54520414
0.15036982
0.47358229
0.83488809
1.0579046
1.1480845
0.88216012
1.1571296
1.4592626
1.6257201
1.6727951
1.3095888
1.5615235
1.8168058
1.9516974
1.9799886
2.2727042
2.4744514
2.6569952
2.721759
2.6998961
4.0202138
4.1411433
4.2220544
4.1887187
4.0884621
6.419682
6.4709136
6.3989917
6.2090756
6.0426887
8.6923227
8.6638456
8.4590492
8.1149127
7.7886333
-5.6725373
-1.6410135
-0.081734195
0.77185196
1.0923355
-3.4815682
-0.14599276
1.1207409
1.8620235
2.095034
0.26514857
2.4902745
3.2464124
3.788305
3.8947772
4.2978036
5.8787511
5.9626528
6.4165529
6.4345832
8.0795423
8.75444
8.3518404
8.8104606
8.6540959
0.039143213
0.07334671
0.10614719
0.12214492
0.12489929
0.026048099
0.05443241
0.081854041
0.095664021
0.098381956
0.028538277
0.047592694
0.065937664
0.074311857
0.074951355
0.056767328
0.06451308
0.069552664
0.068868417
0.065863984
0.090612275
0.086528554
0.080181494
0.073630723
0.068473196
0.10659527
0.098693264
0.089722332
0.080873545
0.073721922
0.16045309
0.14362152
0.12149888
0.1003559
0.086149271
0.27098444
0.22652299
0.17127077
0.12679408
0.10190943
0.37488977
0.29565555
0.2079667
0.14575571
0.11391555
0.41842476
0.32684339
0.22833188
0.15911941
0.12352089
0.16531052
0.15146396
0.13937165
0.12296257
0.11153003
0.35745086
0.30089155
0.23921491
0.192659
0.17022827
0.70669051
0.57709073
0.4466227
0.34933141
0.29627641
1.1746391
0.96790433
0.72783241
0.53053697
0.42262513
1.5998834
1.2724575
0.88868435
0.61053308
0.47627587
0.85724975
0.86494391
0.95593114
1.1225289
1.3134289
1.1854075
1.4982637
2.0719165
2.8924404
3.6937201
3.0654403
3.7902717
5.0388562
6.7318763
8.2954656
6.8521086
7.8309971
9.5901633
11.933238
14.028925
9.7675192
10.905129
12.919229
15.641842
18.083426
11.048387
12.319882
14.488662
17.407007
20.04204
13.235424
14.77985
17.382493
20.755574
23.750505
16.096018
18.065189
21.406077
25.508714
29.07127
19.62237
21.910361
25.959374
30.863883
34.986388
22.744927
25.169409
29.605444
35.126424
39.692955
7.1905036
7.6278559
8.4180249
9.4561714
10.422877
8.4862789
9.1239439
10.168157
11.412823
12.518798
9.617225
10.513383
12.06926
13.840113
15.253335
11.745414
12.857698
14.687461
16.879423
18.648228
14.093823
15.448618
17.411447
19.696325
21.659959
8.707314
11.525407
11.124128
7.9273641
7.8387202
16.668778
28.79694
24.975243
12.068878
8.4288832
28.018177
49.296642
44.239637
17.430773
8.378062
40.226795
65.185969
62.273496
23.205157
9.0482211
49.252132
74.089988
73.332739
27.23304
9.5589104
8.8606748
8.7826142
8.5373453
8.1862857
7.8145886
7.1612846
7.0574571
6.8098858
6.5342168
6.2456733
5.5459225
5.3946353
5.1294978
4.8579183
4.5957746
4.601696
4.3716516
4.03407
3.7241773
3.4794862
4.1576129
3.8761129
3.4929307
3.1671412
2.928971
0.42909127
0.33478962
0.23329379
0.16208889
0.12539582
0.42855775
0.33581102
0.23325589
0.16087024
0.12382207
0.38411216
0.3110518
0.22441851
0.15824228
0.12258529
0.32733828
0.26756037
0.1984446
0.14481714
0.11464693
0.30573036
0.2455533
0.17942017
0.13115163
0.10479646
