FiniteElementSpace
FiniteElementCollection: L2_2D_P4
VDim: 2
Ordering: 0

7.5027344
5.9656268
4.2852567
3.1121351
2.5280462
7.2106344
5.7378529
4.127477
3.0034486
2.4444587
6.7781037
5.3999764
3.8931421
2.8420664
2.3201777
6.3431341
5.0593204
3.6564488
2.6801751
2.1971804
6.0501679
4.8313658
3.4990414
2.5717062
2.1144177
1.2552983
1.2959366
1.4843452
1.8476457
2.2161654
1.2468156
1.2911121
1.482835
1.8475546
2.2171822
1.2362189
1.2839043
1.4789678
1.8465157
2.2180915
1.2291882
1.2796622
1.4770675
1.8450565
2.2159281
1.2288401
1.2789269
1.4769196
1.8447693
2.2139251
7.2340821
5.7459004
4.112058
2.9630908
2.3860324
7.2443235
5.7521671
4.1152303
2.963647
2.3833814
7.2479067
5.7540783
4.1143732
2.9596145
2.3767536
7.2393587
5.745843
4.1058424
2.9499364
2.3662834
7.2252605
5.7331422
4.0943613
2.9404117
2.3582355
0.94868306
0.88343009
0.87017316
0.95350586
1.0704253
0.92666714
0.86473492
0.85476674
0.94172797
1.0615402
0.90182853
0.84361737
0.83796045
0.92805865
1.0496984
0.88154203
0.82644161
0.82477862
0.9180276
1.0412083
0.86994579
0.81699152
0.81743097
0.91201042
1.0359825
4.5171631
3.6392716
2.6849332
2.0351818
1.7298328
4.3232513
3.5041089
2.6156199
2.0075534
1.7171771
4.0567093
3.3242759
2.5493776
2.0417318
1.8093989
3.8020813
3.144997
2.4740587
2.0803302
1.9407999
3.6422697
3.0311711
2.4161696
2.0738867
1.9753826
1.395178
1.4164325
1.574514
1.8831574
2.2016452
1.4831426
1.4718048
1.5770835
1.8665687
2.1936296
1.7275761
1.6516419
1.6940821
1.924846
2.2014869
2.3167047
2.2014239
2.1126678
2.1294487
2.2366162
3.1470594
2.8217594
2.4178649
2.2324025
2.2546452
6.9516075
5.4972512
3.898129
2.785949
2.2313025
6.8407083
5.4029285
3.8374066
2.735545
2.1736832
6.5619686
5.1594434
3.6078208
2.5108126
1.9647955
5.9420279
4.5598361
3.0979616
2.1447099
1.6968013
5.0916755
3.9093539
2.7456281
1.97
1.5789756
0.784208
0.74028526
0.75447435
0.86226918
0.99430419
0.74753131
0.7126428
0.73688396
0.85122514
0.9861514
0.70080911
0.67899358
0.71563144
0.8371655
0.97523193
0.66437041
0.65080466
0.69556118
0.82255845
0.96345768
0.63637129
0.62835465
0.67958482
0.81130351
0.95458961
2.9911529
2.6643324
2.4380709
2.4917885
2.6932894
2.8755056
2.5742432
2.3784495
2.4616015
2.6843175
2.7091185
2.4474304
2.2983058
2.4163427
2.6559577
2.5527145
2.326178
2.2158788
2.3623118
2.6184912
2.4530125
2.2471437
2.1606403
2.3265097
2.5943125
7.1381867
5.6709152
4.0590095
2.9291593
2.370008
7.1957753
5.7109133
4.0897158
2.9501523
2.372285
7.255917
5.7566528
4.1096701
2.9501031
2.3657561
7.2877588
5.779248
4.1229437
2.9534997
2.3602147
7.2994264
5.7877962
4.1272954
2.95342
2.3554995
0.96819594
0.78610203
0.59708257
0.47588959
0.41549275
0.89566383
0.73486454
0.55390774
0.43008114
0.37394373
0.81109597
0.66343229
0.50362491
0.39353935
0.34069978
0.75265086
0.61382422
0.4631307
0.36262061
0.31670246
0.72213166
0.58888169
0.44354541
0.34547501
0.30131834
0.37518861
0.42921898
0.54607333
0.72113919
0.88493513
0.35664083
0.41042753
0.5293356
0.70812633
0.87462712
0.34399992
0.39848949
0.51736727
0.69632844
0.86345528
0.33390674
0.39028499
0.51099421
0.69056435
0.85757547
0.32803543
0.38482367
0.50655112
0.68713418
0.85458594
1.9127365
1.8097669
1.8391849
2.0896937
2.4015655
1.8172164
1.7348055
1.7857742
2.0471158
2.3613703
1.6968258
1.6349215
1.7060902
1.9799538
2.2983329
1.565754
1.5179067
1.6013154
1.8831622
2.2077701
1.4554236
1.4249785
1.5273031
1.8128593
2.1304785
7.2235369
5.7188754
4.0640091
2.8919248
2.2935423
7.1826417
5.6847323
4.0369312
2.8683123
2.272162
7.1020609
5.6168708
3.9820337
2.8253922
2.2370703
6.9860169
5.5176188
3.907956
2.7675186
2.1835507
6.878011
5.4344176
3.8361132
2.6965445
2.1208665
0.61573029
0.49809573
0.37213067
0.28950781
0.25311142
0.60138347
0.4855023
0.36245876
0.28242122
0.24721738
0.57904884
0.46689586
0.3479265
0.27025435
0.23595853
0.55458963
0.44436088
0.32628706
0.24927384
0.2159219
0.52676825
0.41685771
0.30164093
0.2287954
0.19807957
0.30409396
0.36149474
0.48235116
0.66101692
0.82694667
0.29861371
0.35613114
0.47680266
0.65415869
0.81849435
0.28784519
0.34494516
0.46520049
0.64186285
0.80471179
0.27569125
0.33175477
0.44871428
0.62152163
0.78263041
0.26373696
0.32076134
0.43717164
0.60493433
0.759805
2.357554
2.9013346
4.0059928
5.5814321
7.0153248
2.3950085
2.943302
4.0453376
5.6284716
7.0832032
2.4210513
2.9730511
4.0887034
5.6922236
7.1592767
2.436475
2.9956285
4.1206185
5.7321509
7.2067202
2.4454854
3.0064197
4.133162
5.7488138
7.2278551
1.2801342
1.3011108
1.461481
1.7930044
2.1381657
1.2862939
1.3081047
1.4714999
1.8128905
2.1692547
1.2801141
1.3089892
1.483264
1.8340797
2.1942403
1.2699812
1.3052302
1.4860734
1.8418787
2.2064711
1.2614027
1.2996443
1.4843066
1.8451057
2.2138916
2.1675703
1.8202905
1.4704186
1.2849421
1.2439344
2.1590816
1.7921027
1.4305517
1.2330133
1.1718817
2.1555522
1.7807412
1.3963945
1.1690149
1.0897859
2.1493744
1.7643233
1.3671816
1.1262111
1.0339286
2.1448529
1.7540442
1.3504494
1.1026066
1.0045787
7.0144276
5.5816352
4.0123514
2.9200095
2.3857332
7.0827523
5.6302603
4.0493411
2.9455653
2.3916599
7.1577425
5.6879987
4.0780407
2.9518726
2.3902489
7.2039233
5.7221463
4.0997797
2.9615321
2.389818
7.2249341
5.7383732
4.1099413
2.965777
2.3885926
1.2599713
1.4482422
1.8664763
2.5032841
3.0995232
1.224038
1.4225986
1.8486465
2.4852871
3.0793003
1.1912043
1.3922169
1.824729
2.467577
3.0641054
1.170338
1.374687
1.8093033
2.4539554
3.0521691
1.1567517
1.3645839
1.8024326
2.4478712
3.0459613
1.204372
1.0893969
1.0294055
1.0877032
1.1892065
1.1326572
1.0387499
0.98651381
1.0418645
1.1474008
1.0493471
0.96825859
0.93676394
1.0054885
1.1140844
0.99226582
0.91970855
0.8969768
0.97500173
1.090347
0.96278286
0.89561109
0.87798518
0.95823696
1.0752405
20.576068
16.332175
11.65373
8.330021
6.6323037
19.51772
15.498632
11.068622
7.9205025
6.3116961
18.051326
14.345418
10.256473
7.3490115
5.863568
16.695301
13.276022
9.5006547
6.8154221
5.4442575
15.815849
12.582681
9.014653
6.4774242
5.1808366
2.2806845
1.8960897
1.5149035
1.3113749
1.2606831
2.2083465
1.8413425
1.4797176
1.2909891
1.2488203
2.1003312
1.7600415
1.4289767
1.2633977
1.2339823
1.9938767
1.6809028
1.3807194
1.2388476
1.2229236
1.9226936
1.6296931
1.3517719
1.2262988
1.2203564
1.8868152
1.6023378
1.3369355
1.2224912
1.2218515
1.8233763
1.5571428
1.3121476
1.2156176
1.2268568
1.734777
1.4990134
1.2893139
1.2198764
1.2489629
1.6605495
1.4504398
1.2789708
1.2478594
1.2987006
1.6318214
1.4405029
1.2823522
1.2705356
1.348328
5.9027036
4.7164654
3.4210324
2.5197869
2.0742463
5.6206393
4.4956526
3.2679743
2.4169432
1.998705
5.2259493
4.1878434
3.0557519
2.2733469
1.8924168
4.8558548
3.9005253
2.8631837
2.1502246
1.8039464
4.6234886
3.7189562
2.7395909
2.0755594
1.7605604
2.4471519
3.0079721
4.1371926
5.7564344
7.2369522
2.4494644
3.0127669
4.1449073
5.7658384
7.2478299
2.4511333
3.0152051
4.147723
5.7691506
7.2516367
2.4486076
3.0117361
4.1427328
5.7623001
7.2433618
2.4449181
3.0060057
4.1355651
5.7527109
7.2300106
2.4441825
3.0059901
4.1313408
5.743405
7.2191797
2.4393141
2.9967467
4.1172692
5.7238606
7.195014
2.4309154
2.9798719
4.0899387
5.6850417
7.144452
2.4236984
2.9665383
4.0558674
5.6229203
7.0654271
2.4120275
2.9363307
4.0153672
5.5714964
6.9945879
1.2316922
1.2818249
1.4763378
1.8412343
2.2116225
1.2396123
1.2884967
1.4810251
1.8428555
2.2091624
1.2646513
1.3069478
1.4929225
1.8468564
2.2053685
1.3169621
1.3473904
1.5103333
1.846234
2.1992945
1.3692932
1.3837091
1.5391037
1.8665105
2.2014814
2.143518
1.7530517
1.3447178
1.0908284
0.99048606
2.1385864
1.7446428
1.3326366
1.0742732
0.96890737
2.1306053
1.733449
1.3168094
1.0534617
0.94413663
2.1197952
1.7221781
1.3034887
1.0363834
0.92385035
2.1122004
1.7141128
1.2936135
1.0251106
0.91186522
2.106608
1.7074349
1.2877587
1.0205576
0.90745224
2.0930946
1.696561
1.278719
1.0107489
0.89639478
2.0724575
1.6782933
1.2612174
0.99363213
0.87988784
2.0399886
1.6478104
1.236461
0.97435197
0.86264407
2.0044623
1.622458
1.2188135
0.95653438
0.84270514
7.2144896
5.7238011
4.088359
2.9363817
2.3535637
7.1903634
5.7040301
4.0721946
2.9209861
2.3389432
7.1386679
5.6597459
4.0352791
2.8921114
2.3158886
7.0585973
5.5919791
3.9874392
2.8568328
2.283177
6.9881593
5.5424385
3.9454147
2.81165
2.2418909
1.1511616
1.3584297
1.7980836
2.445728
3.0444834
1.1436264
1.3519142
1.7916029
2.439977
3.0398456
1.132771
1.3431997
1.7851242
2.4344247
3.0345364
1.1248482
1.3360718
1.7792584
2.4298605
3.0306592
1.1200522
1.3319866
1.7758256
2.4270219
3.0282679
1.1173602
1.330031
1.7746556
2.4259582
3.0270608
1.1136232
1.3266632
1.7717034
2.4234169
3.0247124
1.1067935
1.32028
1.7659346
2.418404
3.0203041
1.0954432
1.3104894
1.7585201
2.4130067
3.0159451
1.0860501
1.3034383
1.7539609
2.4099975
3.0135754
0.86552189
0.812791
0.81345623
0.90854339
1.0330233
0.85456584
0.80329106
0.80627366
0.90341526
1.0289124
0.83903313
0.79064248
0.79676008
0.89566644
1.0218104
0.82255931
0.77557046
0.78256567
0.88246782
1.0097493
0.80204589
0.75519296
0.76472763
0.86875361
0.99899011
15.381951
12.240955
8.7762943
6.314986
5.0580458
14.559399
11.593584
8.3251369
6.0083155
4.8290395
13.441611
10.711203
7.7070968
5.5858363
4.5133592
12.421281
9.9053546
7.1407466
5.1946789
4.216276
11.765806
9.3892248
6.7803107
4.947959
4.030011
11.466974
9.1654829
6.6469081
4.8918865
4.0248007
10.852761
8.6816447
6.3095197
4.6623915
3.8528676
10.011866
8.0196649
5.8474069
4.3465297
3.6157781
9.2294979
7.4054708
5.4210173
4.0600677
3.4075503
8.7326717
7.0153512
5.1519787
3.8831395
3.2817789
1.6074962
1.4386626
1.3101697
1.3019999
1.3741436
1.5995445
1.4372679
1.3342865
1.3704869
1.4646605
1.7174827
1.5899567
1.5126581
1.577497
1.7143977
1.9006003
1.8885858
1.9742237
2.1423449
2.306392
1.963673
2.0196666
2.2951358
2.770003
3.1382407
2.4366418
2.6491936
3.2257984
4.245076
5.3513764
2.5036173
2.7833002
3.5487681
4.8740349
6.1840892
2.7017636
3.0935591
4.0180876
5.4437894
6.7794999
2.8451146
3.2657938
4.2094733
5.6590727
7.0349891
2.8603011
3.2821905
4.245457
5.7350948
7.130737
3.6634687
3.1081263
2.5899033
2.3737678
2.3853968
3.5174178
3.0055687
2.5399615
2.3726255
2.4239349
3.3164846
2.868929
2.494963
2.4326682
2.5721609
3.1448162
2.7641079
2.4818585
2.5042576
2.693576
3.0418217
2.7007202
2.4627011
2.51131
2.7078339
2.4068158
2.9144014
3.9738022
5.5309438
6.9591176
2.4053867
2.9211167
3.9596195
5.4607349
6.8531073
2.3837387
2.84843
3.825799
5.2595803
6.5828157
2.3349562
2.6296001
3.3906894
4.6889825
5.9685499
2.3077063
2.517043
3.0743723
4.0547076
5.1214311
2.2421545
2.18435
2.3126635
2.6474635
2.9147722
2.2151001
2.071894
1.9963362
2.0130817
2.0674785
2.1666098
1.853107
1.5609605
1.4419523
1.4525187
2.1451475
1.7802326
1.4264835
1.2397211
1.1808706
2.143705
1.7865817
1.4115414
1.1684056
1.0734813
5.3451988
4.2218826
3.1738433
2.5601148
2.3154048
6.1765499
4.8429416
3.4794546
2.6632562
2.3335009
6.7686717
5.3949071
3.8993358
2.8685246
2.3689773
7.0177568
5.578101
4.0183042
2.9278022
2.3773233
7.1097784
5.6363923
4.0225564
2.912026
2.3696763
1.9959506
1.6131222
1.2033204
0.93726375
0.82387456
1.9342862
1.5467517
1.1400742
0.88576062
0.78225722
1.7393486
1.3830082
1.0244599
0.81036929
0.72713509
1.5124546
1.2242384
0.93152001
0.75399421
0.68516999
1.4164465
1.1533451
0.88099696
0.71598553
0.65409479
0.97617238
0.81548936
0.65419621
0.5647281
0.53938867
0.88022397
0.74466766
0.60376975
0.52685822
0.5084878
0.65334328
0.58603537
0.51115766
0.47100535
0.46718767
0.45834804
0.42247827
0.39608867
0.3965571
0.41330651
0.39659087
0.35624893
0.333378
0.3460054
0.37293541
2.8691924
2.4228354
1.7993214
1.3188488
1.0789414
2.0187556
1.7722753
1.4469319
1.1441099
0.96110441
1.3981609
1.1721381
0.93671404
0.77781511
0.69303463
1.1180186
0.92751576
0.70636202
0.55267656
0.48398766
1.0056233
0.83196076
0.64483243
0.50188138
0.42621878
1.0820699
1.3005179
1.7519738
2.4085257
3.012347
1.0750621
1.2951764
1.7482263
2.4057312
3.0099729
1.0654015
1.2874538
1.742518
2.4013901
3.0063001
1.0548393
1.2789125
1.7362132
2.3966386
3.0023003
1.0469689
1.272652
1.7316383
2.3931649
2.9993429
1.0240702
1.2550703
1.7196422
2.3848801
2.9928082
1.0162496
1.2488331
1.7150541
2.3813572
2.9897777
1.0058112
1.2403281
1.7086572
2.3763837
2.9854617
0.99634925
1.2326432
1.7027556
2.3716041
2.9811714
0.98953406
1.2273387
1.6987958
2.3683557
2.9781851
0.53672089
0.55265346
0.6287901
0.77705543
0.92837324
0.50892991
0.53036791
0.61292472
0.76587065
0.91954973
0.47317843
0.5027457
0.59325955
0.75151728
0.90793486
0.42770045
0.47011249
0.57272374
0.7379159
0.89730714
0.3922507
0.44347489
0.55585515
0.72732994
0.88944753
8.4942915
6.8294289
5.0260358
3.8010001
3.2219748
8.0308469
6.4689314
4.7778679
3.6306477
3.0898843
7.4178087
5.9840902
4.4339587
3.387794
2.8999769
6.8421869
5.5273793
4.1105551
3.1604584
2.722179
6.4869902
5.2485593
3.9130411
3.0193159
2.6100001
6.3162163
5.1107547
3.8126047
2.9470837
2.5527969
5.986288
4.846146
3.6229698
2.81194
2.445651
5.542119
4.4914359
3.3672302
2.6269584
2.2973327
5.1283886
4.1566359
3.1215997
2.4477278
2.1532932
4.862591
3.9415411
2.967288
2.3354699
2.0602324
2.8502103
3.2912754
4.2805121
5.7710865
7.1596157
2.852027
3.3046624
4.2991384
5.8030926
7.2153904
2.8305349
3.2961927
4.3146755
5.846435
7.27484
2.8016014
3.2830189
4.3202725
5.8667975
7.3062593
2.7822232
3.2705409
4.3155321
5.8707641
7.3170341
2.7690167
3.2602218
4.3111114
5.8720009
7.3206423
2.7440815
3.242887
4.3019777
5.8683022
7.3204774
2.7059868
3.2120488
4.2790735
5.8517879
7.3075649
2.6593878
3.1723657
4.2469077
5.8237438
7.280932
2.6257813
3.1420933
4.2200511
5.798378
7.2541395
2.4021222
2.2074239
2.134087
2.309093
2.5801586
2.3073776
2.13256
2.0809981
2.2711869
2.5506662
2.1752732
2.0266641
2.0044852
2.2165066
2.5076401
2.0464749
1.9228934
1.9276096
2.1573981
2.457004
1.961121
1.8500665
1.8705317
2.1142053
2.4210814
2.1385368
1.7644901
1.369503
1.1270876
1.0371038
2.1268581
1.7337633
1.3278231
1.0738827
0.96406541
2.118812
1.718762
1.2910297
1.0079992
0.88048944
2.1080843
1.6986612
1.2591147
0.96322191
0.82305722
2.1004487
1.6858242
1.2404586
0.93818968
0.79254704
2.0973651
1.6833859
1.2336688
0.92561807
0.77778689
2.0890309
1.672214
1.2195305
0.90753522
0.75496989
2.0758931
1.6567546
1.2004397
0.88419288
0.72804113
2.0591514
1.6404825
1.183151
0.8638635
0.70489734
2.0465636
1.6280956
1.1697551
0.84992568
0.69080769
7.3034817
5.7911115
4.1263531
2.9484945
2.3510672
7.3037656
5.7892784
4.1234518
2.9444229
2.3445866
7.292152
5.7786425
4.1130967
2.9332942
2.3321845
7.2667934
5.7565748
4.0943277
2.9159065
2.3152128
7.2405494
5.7341205
4.0751048
2.8999701
2.3016656
0.38802205
0.34704438
0.3182605
0.32733384
0.35486766
0.3524897
0.3220318
0.3014635
0.31096383
0.33683635
0.319874
0.29210995
0.27839777
0.29457615
0.32336423
0.29885488
0.27461102
0.26328156
0.28154989
0.31223172
0.28503226
0.26431136
0.25628683
0.27550994
0.30623716
0.27925368
0.25800994
0.25180419
0.27320435
0.30460663
0.27115999
0.25103353
0.24499832
0.26717947
0.29965353
0.25929418
0.24133007
0.23754204
0.26067825
0.29339886
0.25005549
0.23285628
0.23011799
0.25423622
0.28746837
0.24366753
0.22730218
0.2254044
0.25001227
0.28330691
0.70740672
0.57619115
0.43536674
0.3404829
0.29629911
0.68430652
0.55659494
0.41920635
0.32802798
0.28679576
0.6575008
0.53376673
0.40100225
0.31319744
0.27389205
0.63458572
0.5143319
0.38602774
0.30169275
0.26404376
0.62112716
0.50330324
0.37717344
0.29407095
0.25719126
0.98567548
1.2244284
1.6966933
2.366639
2.9765935
0.9766208
1.2174767
1.6918784
2.3629777
2.9732852
0.96592222
1.2078484
1.683878
2.3562606
2.9671042
0.95992917
1.2015914
1.6773115
2.3494547
2.9601073
0.95699576
1.1985297
1.673701
2.3451167
2.9551967
0.95494257
1.1966891
1.6718623
2.3429207
2.9526639
0.95110391
1.1925979
1.6674405
2.3379138
2.9469923
0.94539137
1.1862101
1.6597168
2.3285563
2.9362479
0.93790136
1.1779688
1.6498229
2.3161424
2.9217368
0.93185329
1.1705752
1.6407795
2.3053533
2.9089313
0.32642595
0.38303809
0.50439684
0.68484022
0.85240703
0.3220206
0.37942625
0.50119902
0.68147664
0.84872331
0.31593377
0.37362174
0.49575193
0.67612307
0.84321714
0.31017589
0.3680796
0.49010523
0.66975649
0.83607813
0.30595731
0.3636041
0.48536215
0.66490567
0.83068207
4.7277231
3.8363161
2.8882505
2.2729549
2.0072745
4.4560803
3.6084907
2.7115473
2.139189
1.8995236
4.0492138
3.2762998
2.4728682
1.970886
1.7653529
3.6015153
2.9365646
2.2415201
1.8032532
1.6240598
3.3937331
2.7604037
2.0882803
1.6683403
1.5050239
3.2457189
2.624182
1.9737658
1.5762002
1.4259787
2.9066689
2.3400479
1.7588664
1.4093191
1.279023
2.3316882
1.8913678
1.4421871
1.1715018
1.0697857
1.8198736
1.4947465
1.1566929
0.95269721
0.87882907
1.4858707
1.2212697
0.95204498
0.79421146
0.74110182
2.6087213
3.1276588
4.205054
5.7813324
7.236803
2.5695747
3.0906323
4.1696474
5.7432741
7.1949904
2.5069609
3.0262663
4.1014001
5.6694071
7.1131012
2.4202247
2.9436065
4.0126513
5.5637222
6.9956934
2.3377088
2.8583023
3.9325693
5.476968
6.8869641
2.3083439
2.8114567
3.8582283
5.4019577
6.8206375
2.2074686
2.7215075
3.7552403
5.2526471
6.6444647
1.9060621
2.4047152
3.4338382
4.9094952
6.2500836
1.536564
1.9213965
2.7793035
4.1450928
5.4586867
1.3705706
1.6937657
2.345562
3.3563145
4.4292091
1.3820347
1.3625245
1.4810376
1.7812092
2.1027636
1.2422733
1.230396
1.3543242
1.6626115
1.9949315
1.0410929
1.03263
1.1364629
1.4046679
1.7072413
0.85962929
0.85922837
0.94662233
1.1544064
1.3837256
0.72970857
0.74021341
0.83394426
1.0326656
1.2401569
2.03765
1.6185754
1.1620273
0.84421121
0.68542193
2.01813
1.602916
1.1491325
0.83080027
0.67085114
1.9862922
1.5744155
1.1223403
0.80548024
0.64704584
1.9339495
1.5263518
1.0840323
0.77612265
0.62128269
1.8799169
1.4873609
1.0571155
0.75063597
0.59391767
1.8645038
1.4719549
1.0352573
0.72496127
0.56920634
1.7798698
1.3836317
0.95296706
0.65844208
0.51537284
1.5291842
1.1736896
0.80439622
0.56050102
0.44279287
1.2425179
0.97129973
0.68341219
0.48491002
0.3852346
1.124449
0.88275029
0.61896328
0.4355132
0.34425341
6.812035
5.3614186
3.7664928
2.6576876
2.1022605
6.6367608
5.2160916
3.6723757
2.582549
2.0212722
6.2437447
4.8792524
3.3652345
2.2896373
1.7518377
5.45368
4.1210691
2.7247906
1.8300017
1.414143
4.425113
3.3365819
2.3007865
1.6187725
1.2701984
0.23982664
0.22416544
0.22313424
0.24812246
0.28145896
0.23432961
0.21888272
0.21775177
0.24259835
0.27594706
0.22345397
0.20853059
0.20771937
0.23239307
0.26537893
0.20409869
0.19077168
0.19266616
0.21958763
0.25325527
0.18734485
0.1755595
0.17863716
0.20635519
0.24082714
0.1800286
0.16871629
0.17116702
0.19728494
0.23062461
0.16699833
0.15642045
0.15775085
0.18020999
0.20968434
0.14848823
0.13894176
0.13943226
0.15762295
0.18154021
0.12804766
0.11980215
0.12054441
0.13670744
0.15746199
0.11340696
0.10605719
0.10667366
0.12111744
0.13983491
0.50340607
0.39723649
0.28771022
0.21917039
0.19022152
0.45579958
0.36080774
0.26345308
0.20238009
0.17627697
0.39368594
0.31480263
0.23247551
0.1796559
0.15670417
0.34307069
0.27443222
0.20199183
0.15536325
0.13521391
0.3058636
0.24394449
0.17914511
0.13767324
0.11976762
0.92841213
1.1670135
1.6357
2.2984444
2.9012828
0.91922138
1.1568755
1.6239262
2.2834373
2.8832736
0.90407182
1.1383664
1.6003328
2.2542923
2.8486558
0.88151683
1.1138772
1.5688072
2.21202
2.7992491
0.85512022
1.0841029
1.5385768
2.1765908
2.7530722
0.84710176
1.0675643
1.5093607
2.1461553
2.7253637
0.81395166
1.0365291
1.4696706
2.0843827
2.6507123
0.70367874
0.91684448
1.343798
1.944636
2.485861
0.56365066
0.7268384
1.079661
1.6313794
2.1573172
0.50259535
0.63754051
0.90160609
1.3037934
1.7290676
0.25312019
0.30995634
0.42810033
0.59848209
0.75320883
0.22992558
0.28191929
0.39405302
0.5622667
0.71856309
0.19792902
0.24007325
0.3321305
0.47580069
0.61577708
0.17143008
0.20671272
0.28063112
0.39112843
0.49660551
0.15254143
0.18471324
0.25271474
0.3532743
0.44637615
0.73046098
0.58601665
0.42627657
0.31415071
0.25884246
0.75852846
0.60891745
0.44379573
0.32823539
0.27149622
0.78644753
0.63239576
0.46326596
0.34567113
0.28824975
0.80119807
0.64596161
0.47641054
0.35979582
0.30365793
0.80464309
0.65053071
0.48267211
0.36785685
0.31344424
0.28116727
0.28523878
0.2921264
0.30043884
0.30762591
0.3325906
0.33760919
0.34500167
0.35278341
0.3584468
0.4331392
0.44153217
0.45135993
0.45875876
0.46258937
0.57408912
0.58797034
0.6026078
0.61119876
0.61401859
0.70149497
0.7203013
0.73951201
0.75070345
0.75384319
0.69618506
0.714205
0.73066785
0.7372812
0.73626616
0.58290858
0.59273625
0.60067962
0.6013785
0.59786602
0.46852565
0.46666244
0.46214795
0.45522241
0.44880963
0.40311404
0.38970831
0.37284136
0.35778018
0.34770458
0.38227202
0.36049895
0.33461603
0.3129707
0.29955843
0.18115645
0.14807064
0.11054742
0.082364077
0.067076964
0.15171718
0.12408802
0.092629117
0.069323635
0.056876251
0.11898237
0.097534542
0.073021238
0.054694316
0.044880434
0.096156741
0.079004985
0.059276058
0.044488096
0.036555523
0.085149292
0.069873247
0.052478573
0.039582328
0.03268488
0.75106345
0.62880008
0.50203902
0.4275705
0.40379928
0.74671213
0.63487713
0.52240804
0.4596926
0.4418371
0.73384929
0.63745441
0.55105498
0.51931422
0.52458531
0.71592216
0.63086187
0.5642377
0.56201014
0.59710013
0.7065045
0.62770594
0.56891864
0.57508459
0.61891695
2.5089385
2.5958681
2.6832646
2.7344481
2.7476536
3.1401287
3.2492986
3.3619283
3.4227173
3.4362284
4.3888574
4.5371969
4.6751346
4.7410788
4.7547152
6.1832089
6.3807947
6.5874774
6.7081548
6.738901
7.8576178
8.1551262
8.4846935
8.6671878
8.7100068
0.60388282
0.50460281
0.39336633
0.30661457
0.25875524
0.71154206
0.58791836
0.44587362
0.34315798
0.29124497
0.93187194
0.7648025
0.58247466
0.4504769
0.37830562
1.2715083
1.0525521
0.79075203
0.5804976
0.46420902
1.6076281
1.2881546
0.90187021
0.62564427
0.49049277
0.08360155
0.069536467
0.052563072
0.039272337
0.032009724
0.094289108
0.076773464
0.056395366
0.041243912
0.03331128
0.10522151
0.083844155
0.060338941
0.043760164
0.035331565
0.11218576
0.089294461
0.064522135
0.04716665
0.038321376
0.11857948
0.094635572
0.068595326
0.05031912
0.041021014
0.60835467
0.53533936
0.46407328
0.42923074
0.42381347
0.61098984
0.5407475
0.47058722
0.43186664
0.420475
0.63632735
0.56875688
0.4985709
0.45614753
0.4408558
0.68981168
0.62513939
0.55655937
0.51263898
0.49401685
0.74785692
0.68526067
0.61767334
0.57220237
0.55101558
2.2785179
2.3601881
2.4364354
2.4706604
2.4754812
1.8479771
1.9089767
1.9689608
1.9981255
2.0022614
1.3825173
1.4233005
1.4622431
1.4806083
1.4820813
1.0698697
1.0940464
1.1158637
1.1231216
1.1205541
0.92425058
0.9378668
0.94893858
0.95065155
0.94653108
0.54262256
0.4443996
0.33819358
0.26340023
0.22286257
0.46588442
0.38715672
0.29707547
0.23152754
0.19791931
0.38215052
0.32282889
0.25599378
0.20626737
0.1796075
0.33105075
0.28576392
0.23446484
0.19690533
0.17701231
0.31269434
0.27523687
0.23213804
0.19997085
0.18312213
0.091103018
0.08138763
0.069424714
0.059438067
0.05353283
0.089005779
0.080443819
0.070550265
0.062664644
0.057966084
0.095566552
0.088377841
0.079767942
0.072841157
0.068737984
0.11075821
0.10502837
0.097771404
0.091385636
0.087299169
0.12696203
0.12180028
0.11526038
0.10929586
0.10526088
1.7455138
1.6872268
1.6163609
1.5577811
1.522469
2.1050064
2.0441974
1.9697409
1.9065569
1.86695
2.7974123
2.7329513
2.6535275
2.5840976
2.5381755
3.7632359
3.6954386
3.6074586
3.525884
3.4705082
4.6342888
4.5627215
4.4670082
4.3732939
4.3063381
0.8713245
0.82918875
0.77897692
0.73926432
0.71686011
0.99090568
0.93598582
0.8718313
0.82258614
0.79509381
1.2473228
1.1702446
1.0815204
1.0137371
0.97638132
1.6232322
1.5181888
1.3962358
1.305329
1.2573031
1.9666216
1.8350093
1.6888337
1.5821751
1.523111
0.49008797
0.47352472
0.45439837
0.4396294
0.43134064
0.58430987
0.56851461
0.5499106
0.53537161
0.52719088
0.77275026
0.75648113
0.73748427
0.72287539
0.71471638
1.0396736
1.0224139
1.0023324
0.98648073
0.97726851
1.2837672
1.2654017
1.2429302
1.2242437
1.2131042
0.39747028
0.39239557
0.38420394
0.37469619
0.3671733
0.49260495
0.48709738
0.47793706
0.46672695
0.45750136
0.67659769
0.66971886
0.65831553
0.64436622
0.63260958
0.93203715
0.92331983
0.90833205
0.8898953
0.87479815
1.1602327
1.1507531
1.1338438
1.1114272
1.0920674
0.25645291
0.29400837
0.36384307
0.46390634
0.55695825
0.24245565
0.27249359
0.33203528
0.41463013
0.48701943
0.24350461
0.26574493
0.30777543
0.3647467
0.41561437
0.26609194
0.28065637
0.30851678
0.3469818
0.38109287
0.29416389
0.30490339
0.32571306
0.35359009
0.37761701
0.1519752
0.16016278
0.17966667
0.21057975
0.23939827
0.16175545
0.1685869
0.1847437
0.20864545
0.22990019
0.18771524
0.19189503
0.20226463
0.21852767
0.23397839
0.22629586
0.22919368
0.23680175
0.24875863
0.25961139
0.26212506
0.26539306
0.27231733
0.28165495
0.28945391
2.4237192
2.4124088
2.3668464
2.2760965
2.1820093
1.9411014
1.9296573
1.8878984
1.8119996
1.7374833
1.4026011
1.3922655
1.3588767
1.3012767
1.2448271
1.0154771
1.0070839
0.98152903
0.9372396
0.89432009
0.81847659
0.80983866
0.78688724
0.74989355
0.71477034
2.2009692
2.2905283
2.3756638
2.4163683
2.4245758
1.7614285
1.8302041
1.8989857
1.9346072
1.9421383
1.277642
1.3262214
1.3740619
1.3990133
1.4039686
0.93858001
0.97086503
1.001982
1.0161641
1.0172847
0.76888512
0.79095584
0.81177778
0.82083079
0.82065266
0.16482082
0.13292343
0.097016923
0.07136445
0.057909201
0.13548574
0.11084378
0.081607809
0.059028987
0.046753152
0.10307693
0.083879224
0.06206187
0.045379195
0.035995497
0.079804076
0.064950361
0.047645075
0.034604957
0.027510074
0.06643713
0.05462536
0.040420938
0.029158507
0.022913872
0.50174634
0.40415478
0.29857445
0.22410211
0.18362667
0.4159413
0.33788753
0.24850439
0.18337286
0.14991078
0.31470248
0.25614915
0.19015977
0.14101166
0.11462022
0.23936603
0.19497411
0.14470221
0.10791307
0.0884328
0.19933669
0.16288074
0.12095623
0.08970947
0.073386057
2.6358748
2.1116495
1.5277386
1.1073157
0.88882725
2.6010735
2.0847296
1.509709
1.0964911
0.88270864
2.5201184
2.023394
1.4690903
1.0713406
0.86737556
2.4175148
1.9468338
1.4202098
1.0418616
0.84884774
2.3449142
1.8923245
1.3862324
1.0230011
0.83785137
0.23508166
0.19934775
0.16512466
0.14895291
0.14705867
0.24745908
0.21118938
0.17709094
0.16198398
0.16131854
0.26448678
0.22855964
0.19628417
0.18472896
0.18772585
0.28109445
0.24710783
0.21906517
0.21393043
0.22283079
0.29237789
0.2612408
0.23808379
0.2390104
0.25335083
0.29376419
0.26447644
0.24523668
0.2510802
0.26899063
0.30803555
0.28233063
0.26906355
0.2835428
0.30952928
0.33106237
0.31333603
0.31353904
0.34447969
0.38499679
0.36145755
0.35223088
0.36995487
0.4253522
0.48590872
0.39124946
0.39013131
0.41839692
0.49085655
0.57140092
0.79631937
0.64447885
0.48002895
0.36822502
0.31513136
0.79213803
0.64353824
0.48343993
0.37646959
0.32724311
0.78074728
0.63946297
0.48835095
0.38950616
0.34643253
0.76692325
0.63437397
0.49535708
0.40823283
0.37283869
0.75937842
0.63229517
0.50100316
0.42385187
0.39741803
0.31178636
0.32161629
0.33897711
0.3612481
0.38071021
0.36130888
0.36763764
0.37824419
0.39140391
0.40246855
0.46413532
0.46662623
0.4689241
0.46964278
0.46914869
0.61466252
0.61414146
0.60871715
0.59695285
0.58479201
0.7539732
0.75090826
0.73953992
0.71927854
0.69896971
0.83636693
0.83266895
0.81903308
0.79443948
0.77002291
1.0338118
1.0288081
1.010061
0.9752333
0.94067049
1.42159
1.4127923
1.3833614
1.3319398
1.2812057
1.9608757
1.9495837
1.909619
1.837433
1.7666598
2.4441715
2.4322697
2.3873317
2.2989368
2.2075067
0.77609207
0.79827593
0.82091139
0.83349968
0.83671264
0.9562721
0.9862812
1.0162438
1.0314745
1.0344768
1.3071451
1.3508637
1.3943349
1.4175557
1.4225992
1.7997587
1.8618466
1.9239528
1.9557993
1.9621017
2.2441806
2.3260926
2.4033307
2.4391993
2.4454963
0.73377392
0.72515811
0.70339306
0.66942147
0.63727824
0.59483474
0.58655561
0.56744698
0.53814693
0.51101493
0.44486411
0.4356763
0.41797982
0.39380168
0.37243349
0.34246423
0.33163339
0.31395204
0.29278464
0.27531357
0.29305767
0.28088096
0.26304537
0.24294611
0.2269417
0.27336022
0.26061633
0.24173549
0.22146948
0.20612334
0.24522883
0.22969272
0.20872227
0.18853188
0.17424132
0.22243122
0.20277226
0.17845119
0.15686224
0.14253022
0.22168068
0.19678458
0.1659708
0.14024521
0.12477542
0.23379795
0.20177516
0.16482478
0.13700869
0.12133218
0.37755618
0.3513055
0.31984081
0.2946412
0.28017464
0.38201297
0.34573366
0.30382179
0.27180636
0.25373984
0.41806214
0.3651479
0.30499685
0.25921481
0.23385089
0.4912026
0.41692633
0.33148288
0.26867154
0.23595409
0.56250089
0.46768449
0.3650299
0.2923089
0.25242616
0.060312913
0.049241148
0.036738932
0.026951716
0.021279885
0.051344682
0.041883513
0.030884561
0.02254674
0.017937359
0.040563804
0.033267309
0.024682062
0.017977433
0.014224755
0.033061013
0.027112395
0.02020506
0.014835589
0.011781176
0.029642327
0.024355466
0.018063618
0.013208526
0.010520887
0.028010985
0.023033044
0.017131293
0.012503367
0.0099237855
0.025849712
0.0212527
0.0159289
0.011808736
0.0094700456
0.024882864
0.020669451
0.015669238
0.01169239
0.0094052517
0.02656383
0.022017134
0.016523222
0.012146101
0.0096675736
0.028351857
0.023131971
0.017035434
0.012392509
0.0098428063
0.080234687
0.066004497
0.049787028
0.0375909
0.030974256
0.074312188
0.061279968
0.046180425
0.034747421
0.028584422
0.070400464
0.057896613
0.043589021
0.032991446
0.027366013
0.071894399
0.059515381
0.04551511
0.034975184
0.029175648
0.078175788
0.065450933
0.050241896
0.038154127
0.03137627
2.297222
1.8546393
1.3606811
1.0074305
0.82800455
2.2205938
1.7953024
1.3221846
0.98642998
0.81790908
2.1072786
1.7062908
1.2624048
0.95064897
0.79698482
1.9994579
1.62185
1.2051404
0.91442701
0.77290108
1.9308191
1.5688016
1.1700964
0.8933627
0.75978801
1.8880721
1.5347275
1.1459386
0.87632018
0.74633354
1.8224493
1.4827206
1.109016
0.84980443
0.72478924
1.7343266
1.4136738
1.0614816
0.81745106
0.69943948
1.6553708
1.3534816
1.0220176
0.79096454
0.67715682
1.6067594
1.3182537
1.0002072
0.77616454
0.66398563
0.39917892
0.40724678
0.45074898
0.53241532
0.61756528
0.43988638
0.45313829
0.51351356
0.62613154
0.73532057
0.53495472
0.57024262
0.66144993
0.81483694
0.96725139
0.62625891
0.70742262
0.87849853
1.1119883
1.3162126
0.65575161
0.75693861
0.99505885
1.3534698
1.6581792
0.65288151
0.75520949
0.99452013
1.3536579
1.658651
0.62657376
0.71122385
0.88586794
1.121444
1.3263797
0.54206759
0.58423863
0.68241342
0.83974448
0.99338434
0.45922864
0.48264063
0.55311882
0.67120159
0.78186794
0.43200783
0.45224255
0.50766334
0.59552996
0.68211787
0.69367189
0.61787527
0.56246953
0.5710718
0.61613099
0.67430502
0.60134319
0.54824231
0.55570495
0.59570958
0.65171415
0.58100446
0.52323424
0.51185581
0.52738095
0.63029993
0.55746386
0.4884348
0.45662249
0.45429497
0.617278
0.54289697
0.46950386
0.43292946
0.42811138
2.7460446
2.7273536
2.6672751
2.568915
2.4726219
3.4345702
3.4151389
3.3447959
3.2204935
3.1014212
4.7530234
4.7329847
4.6567637
4.5063807
4.3475707
6.7371967
6.6996676
6.5681518
6.3484488
6.1399866
8.7082938
8.6584532
8.4647708
8.121824
7.8131845
8.7080011
8.658298
8.4647214
8.1217699
7.8130691
6.7413726
6.7036669
6.5717209
6.3513658
6.1423106
4.764342
4.7436189
4.6661091
4.514034
4.3537797
3.4545673
3.4338132
3.3611324
3.2338812
3.1123436
2.773389
2.7528155
2.689496
2.587148
2.4875545
7.8565706
8.1544205
8.4843432
8.6670435
8.7099336
6.1871939
6.3851042
6.5920181
6.7126919
6.7433191
4.4012032
4.5497614
4.6876415
4.7531654
4.7663331
3.1633686
3.2724034
3.3843912
3.4441044
3.4566525
2.5419289
2.6282635
2.7143506
2.7637942
2.7755776
0.23831426
0.20496818
0.16816235
0.13998979
0.1233022
0.26910511
0.23185162
0.18746042
0.15099124
0.12930113
0.34530966
0.28791287
0.21865694
0.16483286
0.135582
0.41384149
0.3295125
0.23663612
0.17147616
0.13851911
0.4333727
0.34220074
0.24473813
0.17715126
0.14283756
0.43191727
0.34082229
0.24348984
0.1760585
0.14187158
0.40858334
0.32433329
0.23175222
0.16712639
0.13469457
0.33392899
0.27661746
0.20792468
0.15523592
0.1271379
0.25028978
0.21313278
0.16962797
0.13500414
0.11520375
0.2132382
0.18000601
0.1443418
0.11858691
0.10439749
1.6062115
1.2867347
0.90045505
0.62424125
0.48910589
1.2678269
1.0483311
0.78597113
0.57539497
0.45901119
0.92448884
0.7560387
0.57226709
0.4394199
0.36697507
0.6995796
0.57358885
0.42906668
0.32487814
0.27247775
0.5880171
0.4855509
0.37097577
0.28224473
0.23372912
0.02877834
0.023367048
0.017147633
0.012473752
0.0099272388
0.029859779
0.024160227
0.017738642
0.012965505
0.010363082
0.031719859
0.025773363
0.019102719
0.014133051
0.011400008
0.034537845
0.028265425
0.021195479
0.015890232
0.012947091
0.037054819
0.030473799
0.023055442
0.017463298
0.014336299
0.037678311
0.031133414
0.02373531
0.018126797
0.014967036
0.038298028
0.032086276
0.024977564
0.01947885
0.0163077
0.040481729
0.034637112
0.02783676
0.022396278
0.01912959
0.044626773
0.039078905
0.032423138
0.026858613
0.023366795
0.048566798
0.043347887
0.036814002
0.031085656
0.027353419
0.11875181
0.094955268
0.069078216
0.05091038
0.041659476
0.11421349
0.091872959
0.067695763
0.050728452
0.042046997
0.1102225
0.090035371
0.067812604
0.052064508
0.043981539
0.1029083
0.087337091
0.069052774
0.05525314
0.047879
0.095293563
0.083794323
0.069571078
0.058054787
0.051529618
1.5786772
1.2972476
0.98595231
0.76580031
0.65519024
1.5383551
1.2697767
0.97241265
0.76176131
0.65581277
1.4979648
1.249502
0.97404254
0.77800603
0.67858063
1.4914197
1.2620804
1.0063755
0.82323891
0.72966844
1.5096089
1.2918978
1.04944
0.87545808
0.78606258
1.5213594
1.3116019
1.0771786
0.90779437
0.82029637
1.5795089
1.3809257
1.1577526
0.99570261
0.91149287
1.7286295
1.5426235
1.3330779
1.1801193
1.099914
1.9752512
1.79908
1.5995355
1.4521604
1.373972
2.2196205
2.0464321
1.8490573
1.7034606
1.6262926
0.42582685
0.43885526
0.4810388
0.56074244
0.64295747
0.4186896
0.42524759
0.45819999
0.52106597
0.5828671
0.43685995
0.43679463
0.45335003
0.49118107
0.53163017
0.48749943
0.48046037
0.48342001
0.50283728
0.52635121
0.54291153
0.5322653
0.52810755
0.53654382
0.54960803
0.57740085
0.565717
0.55784249
0.56045139
0.56878779
0.66760725
0.65200714
0.63682308
0.62956862
0.62881579
0.85168609
0.83106524
0.8056062
0.78369993
0.76978955
1.1175267
1.0911912
1.0543261
1.0165452
0.98868133
1.3601129
1.3285962
1.2827905
1.2335367
1.1952507
0.7823296
0.72105407
0.6540185
0.60784589
0.58610576
0.87481334
0.81492428
0.74850745
0.70147435
0.67781972
1.0647858
1.0064936
0.94009542
0.89055811
0.86380691
1.3397308
1.2821056
1.215025
1.1623492
1.1318966
1.5923337
1.5345679
1.4660188
1.4104448
1.3767198
2.4730471
2.4593448
2.4111061
2.3184347
2.2233681
1.9996564
1.9857939
1.941317
1.8634496
1.7879191
1.4791262
1.4662807
1.4300428
1.370349
1.3128016
1.1170756
1.1059787
1.0773301
1.0307374
0.98658966
0.94257965
0.93104593
0.90475805
0.86524756
0.82876878
0.87123569
0.85962871
0.83439568
0.79780233
0.76423916
0.76382492
0.75222477
0.72926538
0.69704116
0.66831433
0.6744648
0.66134707
0.63907074
0.61139236
0.58810837
0.65576684
0.64017101
0.61691716
0.59146204
0.57161034
0.68114199
0.66345161
0.63915376
0.61399514
0.59514443
0.86595639
0.87529706
0.88167173
0.88068252
0.87559855
0.78700583
0.78743924
0.7844506
0.77687887
0.76890421
0.73905966
0.72634893
0.70912763
0.69248968
0.68080414
0.7656636
0.73924812
0.70703659
0.68026904
0.66386609
0.8268525
0.79007136
0.7466933
0.71169022
0.69096421
0.20403887
0.17227835
0.13679385
0.11186
0.099084304
0.18343157
0.15882015
0.1298248
0.10773551
0.095951721
0.16793823
0.14861438
0.12674971
0.11018997
0.1010022
0.16818206
0.15303419
0.13540105
0.12212778
0.1149145
0.1759119
0.16367254
0.14892158
0.13717272
0.13060475
0.18241149
0.170865
0.1576934
0.14723752
0.14110395
0.20296695
0.19288296
0.18098024
0.17167809
0.16633762
0.24904928
0.24085568
0.23094022
0.22278614
0.21790364
0.32016253
0.3130208
0.30424637
0.29674337
0.29201738
0.386971
0.38026105
0.37172978
0.36422876
0.35937104
0.30741664
0.27327008
0.23448885
0.20531715
0.18946548
0.30823547
0.27940055
0.24649407
0.22201009
0.20885997
0.33372763
0.31081126
0.2844923
0.26463031
0.25385932
0.39128976
0.37225675
0.35019892
0.33344371
0.32428811
0.45196882
0.43446172
0.41433283
0.39911727
0.39076418
0.050760825
0.04582161
0.039426937
0.033625401
0.029756703
0.055691356
0.051475149
0.045576827
0.039715731
0.035547523
0.06674617
0.062972638
0.057385702
0.051303271
0.046627037
0.085253069
0.081242984
0.075060578
0.068006113
0.062375378
0.10314625
0.0988248
0.091853109
0.083653384
0.077002464
0.11386088
0.10946251
0.10212814
0.093253388
0.085983842
0.13948573
0.13457189
0.12622024
0.11584432
0.10717055
0.1899479
0.18391917
0.17335145
0.15994153
0.14857916
0.26057551
0.25304001
0.23947713
0.22185079
0.20678435
0.32438019
0.31528131
0.29899072
0.27781723
0.25947096
0.13759849
0.13251725
0.12600584
0.12004842
0.11600595
0.16330719
0.15869037
0.15238808
0.14622753
0.14184855
0.2152046
0.21079719
0.20445035
0.19777029
0.19274763
0.28941735
0.28485642
0.27793197
0.27014719
0.26402039
0.35670753
0.35179547
0.34421163
0.33556485
0.32850461
2.3669827
2.1938268
1.9990109
1.8561537
1.7798279
2.7285482
2.5583584
2.3647096
2.2195087
2.140559
3.4539019
3.2772779
3.0730833
2.9187586
2.8350036
4.4502229
4.2591558
4.0443142
3.8867249
3.8016079
5.3211371
5.131261
4.9195852
4.7617322
4.6743455
5.8562454
5.6685807
5.4534436
5.2885491
5.1960097
7.1370339
6.9387139
6.7069837
6.5265218
6.423916
9.5964861
9.3769796
9.1227624
8.9262954
8.8138677
13.060614
12.831837
12.569628
12.367999
12.250939
16.317287
16.088972
15.824106
15.617492
15.496742
1.504986
1.4717068
1.4212296
1.3652911
1.3216742
1.8470451
1.8086357
1.7485723
1.678584
1.6221346
2.5140697
2.4653153
2.3860836
2.2911099
2.212404
3.4414585
3.3809372
3.2774459
3.1486556
3.0418564
4.2705027
4.1983272
4.0786207
3.9254237
3.7920229
4.7761592
4.6930969
4.5537436
4.3865902
4.245238
5.9525855
5.8621495
5.6988802
5.4879799
5.3114408
8.22228
8.1035152
7.8982492
7.6302831
7.3938813
11.538485
11.361717
11.053712
10.680199
10.37417
14.738223
14.534568
14.139552
13.606082
13.17085
5.1533682
5.078207
4.9796449
4.8844279
4.8148111
6.3763922
6.2912581
6.1785467
6.070915
5.9944163
8.760742
8.6629473
8.5249525
8.3830307
8.2790076
12.195129
12.090071
11.933983
11.758697
11.61832
15.438701
15.329156
15.165789
14.980268
14.828166
0.70647111
0.68771423
0.66165901
0.63582744
0.61743765
0.78232254
0.75960792
0.73026918
0.70371891
0.68594102
0.95959028
0.93093733
0.89606724
0.86620424
0.84718382
1.2361347
1.1993809
1.1542621
1.1172852
1.0955745
1.4956075
1.4484728
1.3940259
1.3531424
1.3303916
1.6469824
1.597491
1.5423495
1.5003124
1.4758964
2.0245762
1.9687427
1.9025064
1.8489173
1.8175845
2.7730607
2.6902285
2.5908428
2.5138911
2.4720686
3.7935069
3.6749049
3.5431724
3.4494994
3.4014517
4.7019286
4.5719981
4.4309265
4.3312311
4.2797915
2.1728144
2.0333078
1.8732405
1.746994
1.6770985
2.6628823
2.4882149
2.2845349
2.1346632
2.0577093
3.6122843
3.3777974
3.1172641
2.9257832
2.8208806
4.9905016
4.6864323
4.320552
4.0267355
3.8642282
6.311161
5.8779292
5.3522392
4.9716911
4.7825757
0.42751616
0.42089556
0.41249372
0.40503942
0.40016311
0.52341478
0.51679054
0.50830832
0.50060946
0.49544957
0.71093595
0.7041833
0.69510475
0.68626987
0.68002699
0.97291456
0.96498333
0.95422764
0.94372831
0.93619873
1.2078332
1.1982005
1.1853211
1.173166
1.1647763
1.3486248
1.338301
1.3243364
1.3108762
1.3015134
1.6793713
1.6679896
1.6522911
1.6363976
1.6247624
2.3214892
2.3089907
2.2914519
2.2728895
2.2585184
3.2426134
3.2288682
3.2095583
3.1890377
3.1729811
4.1117737
4.0968934
4.0759733
4.0537434
4.0364003
1.43237
1.4120068
1.3869379
1.3663678
1.3543172
1.7778349
1.7526146
1.7226004
1.6990378
1.685641
2.4356245
2.4046482
2.3695201
2.343086
2.3283461
3.3677734
3.3335451
3.2951274
3.2662755
3.2501265
4.2470981
4.2102346
4.1686632
4.1373906
4.119903
0.36284611
0.3530699
0.33502591
0.31149228
0.29137298
0.45221298
0.44051981
0.41902848
0.3905367
0.36594124
0.62567676
0.61009103
0.58156152
0.54398272
0.51124586
0.86610018
0.8462894
0.80871263
0.75828794
0.71487908
1.0808005
1.0566211
1.0129543
0.953073
0.89920243
1.213245
1.1846182
1.133069
1.0678583
1.011032
1.5190607
1.4876838
1.4267144
1.3441247
1.2735148
2.1066511
2.0643458
1.9873071
1.8826105
1.7885063
2.97371
2.9084967
2.7912718
2.6462804
2.5263217
3.8206524
3.7450588
3.5935539
3.3855189
3.2156005
1.2964886
1.2862193
1.2687238
1.2459446
1.2255764
1.6183962
1.6050777
1.5827192
1.5554355
1.5325662
2.2503525
2.2324537
2.2003523
2.1596231
2.1259775
3.1637438
3.1430607
3.1039838
3.0501598
3.0021744
4.0264789
4.0043069
3.9627806
3.9053438
3.8529945
