FiniteElementSpace
FiniteElementCollection: L2_2D_P4
VDim: 2
Ordering: 0

-17.76356
-11.9218
0.68451058
8.7360834
3.6080827
-30.694621
-32.263279
-29.214034
-15.365567
-6.9754429
-33.100598
-58.147941
-67.414777
-32.522845
-23.688028
-37.409917
-74.445939
-97.84723
-53.499078
-32.820245
-41.136239
-82.359943
-112.80091
-58.941986
-31.302811
28.121546
56.799418
17.723924
-36.9743
-1.0592397
20.18439
17.625869
19.334903
18.501517
15.94814
-1.9948798
10.792326
17.298636
23.591174
35.743434
20.849981
23.407265
34.539045
44.37895
47.889638
28.518662
37.692725
40.768734
45.244716
54.12729
67.226396
57.016001
41.771118
27.499189
20.818696
108.69452
84.242603
57.917286
39.838491
30.384428
135.53588
106.91895
74.16147
51.599393
39.921847
153.32439
120.25743
84.206649
59.059929
45.714065
159.8868
125.80243
88.468849
62.429862
48.571858
5.0418255
3.9785946
2.827218
2.0050348
1.5846453
7.1914516
5.6650822
3.9849985
2.8019524
2.202356
8.6891855
6.7870131
4.7521694
3.3406092
2.6278878
10.383597
8.0707578
5.5945488
3.8979273
3.053447
11.376699
8.8609718
6.1395727
4.259392
3.3244924
-39.214104
-108.30772
-153.70167
-57.451498
-15.504985
-36.554642
-108.47469
-156.79316
-58.273817
-15.296988
-32.667224
-107.08262
-161.28657
-61.128646
-16.660061
-29.167552
-104.39493
-164.31871
-65.224796
-19.366724
-26.864008
-101.755
-165.50497
-68.695497
-22.090764
95.484429
101.48246
101.09662
96.759119
95.622161
107.79785
114.42949
113.12348
106.42299
103.77676
126.10377
134.22522
132.29836
122.47199
117.03636
144.46559
155.05397
153.39161
140.47811
132.0313
156.6071
169.58691
168.82525
153.9823
143.37291
179.12711
142.12407
100.919
71.923212
56.935028
182.02377
144.43028
102.67067
73.136201
57.878437
186.19655
147.74735
105.13332
74.94876
59.370868
190.5613
151.24926
107.68886
76.781385
60.868328
193.87756
153.87205
109.59848
78.151762
61.960227
14.209323
11.249895
7.9951434
5.6843007
4.5004998
14.51594
11.498172
8.171363
5.8093971
4.602469
14.929357
11.838276
8.4257477
5.9963062
4.7522114
15.341149
12.169292
8.6687441
6.1768349
4.8997674
15.640345
12.408722
8.8407236
6.3011704
5.0004947
-16.83023
-79.551265
-161.76497
-101.09167
-50.780752
-15.7435
-75.265191
-158.33101
-107.80976
-58.742295
-16.54727
-69.914788
-152.15411
-115.21279
-69.251788
-13.827169
-66.999099
-145.48329
-114.87374
-70.572344
-12.505531
-64.016683
-142.61121
-114.67064
-71.110531
211.70385
249.45097
271.96607
256.04036
232.45404
216.45396
259.82431
289.67228
276.48053
251.45376
220.27695
272.06671
314.48855
307.44616
281.19144
219.80492
280.35919
337.21167
339.04601
313.07711
217.27975
283.50614
351.20205
360.9355
336.23005
218.4486
173.44457
123.661
88.222413
70.028038
223.74464
177.65898
126.68062
90.382317
71.747497
232.22088
184.40713
131.49889
93.817137
74.476145
241.59622
191.85471
136.79732
97.583235
77.464648
248.53616
197.36057
140.71296
100.36888
79.675752
17.749996
14.096278
10.058154
7.1790213
5.7020036
18.189631
14.445622
10.307411
7.3569936
5.8435069
18.880626
14.994972
10.699999
7.6375503
6.0665364
19.634416
15.593485
11.127136
7.9425476
6.3087869
20.189031
16.033376
11.440197
8.1654492
6.4856756
1.4409492
1.1451275
0.81864461
0.58657447
0.46806995
1.4777839
1.1744141
0.83963128
0.60171048
0.48024403
1.5347665
1.219791
0.87216199
0.62516113
0.49914162
1.5953058
1.2679686
0.90679823
0.65024471
0.51937513
1.6389577
1.302683
0.93173544
0.6683477
0.53405779
-12.360014
-46.816483
-120.34265
-126.35179
-89.199919
-13.012984
-44.811372
-117.16103
-125.94561
-89.556718
-10.982319
-42.913694
-112.45281
-126.54094
-89.666824
-11.91109
-39.545519
-108.84182
-125.67247
-94.356625
-12.351034
-39.572047
-104.66321
-124.21764
-94.701347
167.79267
264.33585
395.38318
472.11309
476.99177
159.41415
257.82549
396.80553
485.71044
498.59893
137.54764
243.28213
394.61971
502.1855
528.03825
116.6495
225.84777
387.10823
513.59858
553.63291
103.44094
210.72147
379.03083
518.69357
568.80888
299.04338
237.37446
169.12537
120.50695
95.608125
308.86954
245.13824
174.6422
124.41529
98.690654
323.94081
257.01188
183.05705
130.36523
103.3743
339.52445
269.24882
191.7146
136.47763
108.17932
350.28699
277.69911
197.69805
140.70692
111.50233
24.127755
19.147188
13.647279
9.7302775
7.7228201
24.881968
19.741928
14.066982
10.026196
7.9557138
26.018983
20.637763
14.698643
10.471755
8.3068828
27.179723
21.552172
15.344011
10.927852
8.6667776
27.981967
22.185232
15.791638
11.2444
8.916475
1.9443175
1.5446046
1.1042997
0.79235338
0.63371474
2.0016485
1.5899273
1.136428
0.81514892
0.65178339
2.0874697
1.6577177
1.1844306
0.84924051
0.67889435
2.1741104
1.7259702
1.2327219
0.88367242
0.70639644
2.2328701
1.7722607
1.2655035
0.90713924
0.72528628
32.602383
25.819241
18.346407
13.040202
10.327709
33.299136
26.367023
18.731008
13.30984
10.539034
34.238647
27.105296
19.248543
13.672033
10.822759
35.053925
27.743622
19.694678
13.984287
11.067653
35.531425
28.11662
19.955453
14.167543
11.212028
2.5699415
2.0379137
1.4537462
1.0417399
0.83312726
2.6210492
2.0781734
1.4821163
1.0618017
0.84915391
2.690014
2.133286
1.5221484
1.0911762
0.87309182
2.7499501
2.1819067
1.5592482
1.1210096
0.89950417
2.7844733
2.2098703
1.5809264
1.1397448
0.91784858
36.870938
29.167129
20.691172
14.683329
11.617207
36.803085
29.115175
20.655404
14.658008
11.596912
36.560116
28.925806
20.523459
14.565694
11.524597
36.136755
28.592486
20.289785
14.40296
11.397975
35.754615
28.292269
20.080121
14.25742
11.284946
2.8939464
2.303748
1.66231
1.2199376
1.0038761
2.8919678
2.3033731
1.664183
1.224201
1.0100457
2.878417
2.2943972
1.6608744
1.2259805
1.0152949
2.8521744
2.275303
1.6502081
1.2222662
1.0159878
2.8273463
2.2568004
1.6391111
1.2173348
1.0150624
4.5796587
8.4262239
14.352355
21.831226
29.326187
-0.63645151
0.53532012
0.86827514
6.0740983
12.905644
-16.513586
-13.352581
-12.268428
-8.0787613
-2.7825371
-19.845626
-11.484118
-3.0756902
7.6909866
16.73214
-19.134063
-9.0000404
1.8985219
15.233133
24.142269
-16.683333
-7.7519156
5.1708974
19.813615
30.593206
-13.786771
-2.5244848
14.022418
30.728697
41.679695
-9.0546651
4.4229571
26.083728
45.613736
56.828764
-5.3001377
10.288521
37.133613
59.987969
73.121632
-3.5268879
13.338301
43.734963
70.068733
84.456239
-42.37226
-85.794223
-117.52667
-58.02128
-26.939975
-44.10331
-93.283406
-128.69055
-60.058473
-25.367164
-44.581322
-101.36171
-139.20384
-58.467409
-20.771739
-42.608812
-106.13379
-146.65208
-57.50855
-17.631233
-40.209669
-107.81832
-151.79498
-57.57483
-16.557422
8.7066939
49.169155
31.089418
-6.7189308
48.636009
20.293083
28.771377
51.32532
80.142142
105.68815
39.366881
52.998449
72.401401
102.67249
135.1182
51.304529
61.06699
86.955212
124.32153
154.65248
58.39079
70.897696
92.628895
122.67183
157.61815
63.504141
74.454023
94.822583
130.26449
162.69326
68.592188
78.905766
100.37077
134.38691
166.46965
77.287321
86.103535
106.72848
139.65588
171.66624
86.588888
93.850858
112.49012
145.1241
176.33851
92.728564
98.96435
117.05771
147.94799
179.12537
35.38199
42.291309
47.082334
51.642623
58.377194
46.176506
52.398769
56.583149
59.900345
64.853248
61.266287
67.184698
69.9733
71.453046
74.695782
77.923474
83.616039
84.698051
83.115875
84.386706
89.451152
95.331791
95.30267
91.863462
91.726072
18.136037
14.079993
10.129224
7.2408382
5.7175298
26.878572
21.000712
14.644576
10.300626
8.1169364
34.985053
26.995681
18.4938
12.711256
9.8759953
40.569769
31.700508
21.995793
15.21701
11.814169
43.017364
33.743051
23.658502
16.5462
12.921503
44.145079
34.608619
24.230725
16.995556
13.334966
45.920016
36.183206
25.461117
17.888767
14.051988
47.732024
37.739224
26.738815
18.924137
14.924626
49.126447
38.878693
27.596111
19.595978
15.507239
50.173452
39.72863
28.210941
20.032066
15.856757
161.30462
128.13535
90.087459
63.699777
49.938169
165.78574
131.21727
92.723235
65.838933
51.745361
171.04465
135.4891
95.863446
68.154007
53.758908
174.78655
138.68304
98.422133
70.041494
55.299477
178.10612
141.13459
100.26704
71.468938
56.474929
1.4005426
1.1067639
0.78551178
0.55749286
0.44105062
1.9472774
1.5306882
1.0757642
0.75675178
0.59533006
2.323257
1.8286078
1.2879334
0.90723205
0.71408797
2.6950513
2.1168503
1.4890513
1.049483
0.82672201
2.9280575
2.2921239
1.6070345
1.1308015
0.89056498
3.0564024
2.3882046
1.6696396
1.1726156
0.92288746
3.3100138
2.5884197
1.80578
1.2623953
0.99028715
3.5991646
2.8306327
1.9882987
1.3950665
1.0947228
3.8081807
3.0049757
2.1234174
1.4999363
1.1821971
3.9335868
3.1073184
2.1995393
1.5576331
1.2306888
11.769584
9.2120988
6.4117032
4.4536098
3.4726249
12.421644
9.7598556
6.8489189
4.7971322
3.7554084
13.213582
10.411378
7.3391681
5.1727674
4.0718559
13.75433
10.877898
7.7046337
5.4518133
4.3026971
14.069676
11.143129
7.916668
5.619268
4.4421385
-3.0070517
14.139687
47.022487
75.104911
90.170176
-3.1185673
15.462101
52.639204
84.483843
101.83683
-4.5588459
15.468473
59.097006
97.807871
118.89848
-7.9447598
12.839972
63.246081
109.72289
135.4014
-11.631241
9.4639178
64.494636
116.72837
145.95697
-13.771089
7.3208829
64.555307
119.85788
151.07837
-18.482926
2.2220257
63.551221
125.24343
160.40243
-26.587125
-7.7484625
59.479102
130.67259
171.90296
-36.492691
-20.097771
52.211162
133.30419
180.86426
-44.236037
-29.748721
45.85963
133.83154
185.32123
-25.699006
-100.20477
-165.97838
-71.005841
-23.818006
-23.684532
-96.993955
-166.45202
-75.839181
-28.115901
-20.900442
-91.948595
-165.86262
-83.008088
-34.215193
-18.036325
-86.449975
-164.22013
-90.845003
-41.181718
-17.786843
-81.662231
-163.09676
-97.643641
-48.294775
96.577102
101.98202
119.01846
150.17336
180.85685
104.01928
108.08667
123.54152
153.53856
183.89051
115.92422
117.74248
130.84934
158.93049
188.40677
129.56939
128.77183
138.85431
164.9805
193.37774
139.77647
137.03053
144.92905
169.3012
196.94511
145.3647
141.56077
148.22361
171.75744
198.88407
157.07157
151.02288
155.04107
176.70862
202.91938
175.9114
166.31596
166.10533
184.65746
209.29771
197.04285
183.52377
178.49203
193.55943
216.41482
212.80776
196.41409
187.78392
200.21088
221.73629
162.6903
177.00836
176.98183
161.31941
149.5003
173.96897
191.5069
193.52063
176.44565
162.37471
188.91764
212.13585
218.79857
200.54239
183.07048
201.64551
231.59272
244.87933
226.83296
206.14529
208.65384
243.72767
262.83641
245.9834
223.31702
50.582682
40.072581
28.480617
20.237121
16.017487
51.436069
40.776178
29.012372
20.642226
16.355087
52.754478
41.830319
29.778684
21.20479
16.813441
54.097975
42.919699
30.57283
21.780563
17.275632
55.065245
43.699734
31.144992
22.198713
17.611897
55.580857
44.10189
31.433592
22.41156
17.784853
56.640346
44.955004
32.045192
22.848819
18.134775
58.304064
46.284407
33.00535
23.541054
18.687163
60.141416
47.748063
34.055301
24.296979
19.292044
61.505609
48.837865
34.837998
24.858164
19.739445
195.54124
155.22413
110.57848
78.86624
62.546415
199.15186
158.08724
112.64145
80.335686
63.726501
204.85379
162.62519
115.90775
82.676038
65.599441
211.16955
167.65431
119.51944
85.260739
67.665302
215.91156
171.42201
122.21382
87.186252
69.200489
3.9884705
3.1544841
2.2350284
1.5833001
1.2512819
4.0816126
3.2334699
2.2976651
1.6318887
1.2912597
4.214856
3.3403695
2.3766136
1.6917103
1.3412128
4.3467369
3.4471619
2.454206
1.7479907
1.3867064
4.4363612
3.520403
2.5085742
1.7878395
1.4186898
4.4824641
3.5572496
2.5359429
1.8085436
1.4356639
4.5787891
3.6339533
2.5907822
1.8481467
1.4676942
4.7260428
3.7522927
2.6763184
1.9096838
1.5168353
4.8832297
3.8778652
2.7669928
1.9753178
1.5694417
4.9979801
3.9691735
2.832475
2.0225844
1.6074581
15.796113
12.535141
8.9328013
6.3668168
5.0520976
16.109363
12.786889
9.1164184
6.5008361
5.1597076
16.601451
13.179982
9.3998776
6.706017
5.3246222
17.139639
13.610072
9.7092286
6.9283788
5.5020886
17.536576
13.926779
9.9367261
7.0917685
5.6323944
1.2706515
1.0082913
0.71903907
0.51372455
0.40892785
1.2996807
1.0319476
0.73646249
0.5264217
0.41913733
1.3433133
1.0669279
0.76197861
0.54523835
0.43453692
1.3895587
1.1038881
0.78867693
0.56470838
0.45036732
1.4226915
1.1304925
0.80798465
0.5787878
0.46179865
-47.383111
-35.475738
42.288972
133.05102
186.36381
-56.134455
-45.611702
33.130203
130.83654
188.72371
-67.85756
-64.797013
18.009196
125.76213
188.49956
-76.225288
-86.738528
-2.7439663
115.61115
183.63861
-80.57103
-100.02806
-22.155305
106.85778
179.18557
-79.993818
-104.31808
-32.069413
101.52111
174.82953
-82.255143
-113.08908
-44.988329
86.018734
162.93997
-91.289623
-127.95267
-63.169025
72.220547
149.33936
-99.742498
-144.91767
-81.416878
58.67198
134.0455
-102.69128
-156.67085
-95.860095
44.589198
123.68711
-13.977139
-61.74489
-141.74672
-116.32637
-75.697647
-12.483365
-59.070758
-138.57674
-118.98467
-77.288787
-11.011011
-54.206152
-133.44173
-123.99722
-81.901855
-12.702918
-48.95237
-127.43086
-127.19135
-87.756056
-12.492768
-47.627665
-122.28976
-127.94205
-87.692245
221.2754
203.38904
192.83066
203.8187
224.59809
238.91861
217.95978
203.32321
211.30486
230.56445
266.7826
241.19851
220.12351
223.29438
240.11786
297.11705
266.94432
238.84917
236.63073
250.71889
319.46526
286.20426
252.87441
246.54794
258.583
331.29529
296.47582
260.36747
251.84001
262.79018
354.9143
317.34504
275.74818
262.72286
271.44497
390.40891
349.62086
299.89265
279.79052
285.04441
426.38757
383.61954
325.85616
298.09529
299.63274
450.90814
407.62971
344.61241
311.31444
310.15421
214.50871
284.37677
358.00258
372.17619
348.41871
208.13267
284.56803
369.62544
393.41353
372.44645
194.98111
279.72237
382.32277
422.50452
407.64696
181.09434
272.17755
390.46423
448.52916
442.29522
172.84428
266.51683
393.82924
464.40927
465.35041
62.241725
49.423715
35.259582
25.160549
19.979124
63.772806
50.640438
36.127184
25.780456
20.472431
66.1962
52.564479
37.499342
26.759097
21.249609
68.847909
54.667895
38.998835
27.829092
22.09929
70.808066
56.222603
40.105962
28.618139
22.725678
71.860352
57.056524
40.69956
29.040263
23.059756
74.01535
58.762822
41.911175
29.900173
23.739713
77.38791
61.428435
43.79984
31.238899
24.798349
80.985899
64.270695
45.814398
32.667772
25.928261
83.570753
66.315392
47.264873
33.696166
26.740841
252.25736
200.3176
142.8163
101.86264
80.860256
259.90235
206.38789
147.13164
104.92488
83.286934
271.92271
215.92752
153.91089
109.73115
87.090473
284.82173
226.14695
161.1664
114.86772
91.150125
294.12803
233.49805
166.37501
118.55608
94.066159
5.0603895
4.0189567
2.868098
2.0480133
1.6276689
5.1868475
4.119724
2.9403592
2.0997226
1.6687157
5.3850483
4.2772917
3.0529678
2.1802816
1.7328666
5.5993472
4.4473713
3.1742499
2.2668802
1.8017268
5.7551004
4.5708909
3.2623125
2.3298256
1.8518684
5.8390314
4.6374526
3.3097959
2.3637763
1.8788856
6.0089908
4.7720629
3.4053973
2.4316185
1.9325272
6.2719024
4.9801086
3.5529786
2.5363231
2.0154023
6.5495416
5.1994365
3.7083578
2.6465201
2.1025705
6.7467096
5.3550852
3.8184964
2.7245979
2.1644018
20.486233
16.268812
11.607526
8.2843225
6.5797649
21.090562
16.746819
11.946788
8.525277
6.7704524
22.029925
17.490055
12.474239
8.8997061
7.0667731
23.030804
18.281501
13.035329
9.2974301
7.3810564
23.748868
18.848339
13.436156
9.5811005
7.6051984
1.6632766
1.3221252
0.94588074
0.67888387
0.54287704
1.7113666
1.3602669
0.97306598
0.69830229
0.55835825
1.7848951
1.4185115
1.0145329
0.7279788
0.5821191
1.8615079
1.4791119
1.0576597
0.75887248
0.6068531
1.9153285
1.5216808
1.0879858
0.78067147
0.62438278
-104.68605
-161.92909
-105.65562
39.118121
118.78792
-102.67428
-172.55629
-123.64125
26.146329
107.25965
-104.54285
-181.44474
-144.7543
1.9646102
83.296934
-112.17293
-188.40058
-157.95257
-20.179843
60.943163
-115.11913
-195.1227
-165.93334
-30.2129
49.641836
463.33542
420.11461
354.50971
318.28888
315.70634
487.25722
444.55973
374.1668
332.16058
326.76287
520.68376
480.41391
404.04435
353.41788
343.69609
551.22968
515.3917
434.62042
375.4464
361.19494
570.38225
538.48698
455.61265
390.71387
373.2588
579.30856
549.82474
466.19743
398.5044
379.43716
595.64185
571.04975
486.60924
413.62591
391.385
616.84882
599.90703
515.56519
435.52539
408.6117
634.80529
625.76809
542.91148
456.86156
425.41981
645.74567
642.17481
560.98041
471.24708
436.74778
100.59589
207.30821
374.27818
520.56657
576.4253
95.371855
203.33228
369.45922
523.51672
588.46236
79.935642
190.25778
360.69507
527.63025
603.93681
62.392435
175.49636
352.25834
529.57096
616.0913
46.873835
159.99841
345.62097
530.15556
622.60444
84.940961
67.397684
48.030696
34.237545
27.167721
87.678124
69.556867
49.556599
35.315465
28.017402
91.832427
72.830126
51.866112
36.94484
29.301008
96.092915
76.184411
54.230926
38.612147
30.613786
99.036394
78.502585
55.864195
39.764319
31.522317
100.54687
79.691312
56.702601
40.357041
31.990209
103.48942
82.01432
58.347421
41.519958
32.906213
107.75651
85.388115
60.731529
43.200777
34.227969
111.92197
88.666329
63.032451
44.815695
35.496411
114.66389
90.813799
64.539284
45.875778
36.33072
355.80287
282.0283
200.76423
142.87367
113.20413
366.51484
290.41507
206.70301
147.07715
116.51387
381.97831
302.54212
215.28712
153.17113
121.31998
397.05371
314.39769
223.70737
159.14773
126.02309
407.16547
322.33524
229.35026
163.11282
129.12146
6.8512957
5.4375617
3.8767259
2.7657264
2.196838
7.0583364
5.6006931
3.9918144
2.8469527
2.2608492
7.3694842
5.8460753
4.1651562
2.9694909
2.357592
7.6874025
6.0968978
4.3423592
3.0946408
2.4562181
7.9068473
6.2696195
4.4639206
3.1803135
2.5237996
8.0201681
6.3585927
4.5263675
3.2242094
2.5583326
8.2394402
6.5307208
4.6471244
3.3089318
2.624821
8.5531946
6.7772446
4.8203683
3.4308255
2.7207838
8.8554187
7.0149755
4.9877191
3.5487723
2.8137014
9.0544507
7.1715381
5.097848
3.6263203
2.87483
28.397415
22.513084
16.022902
11.40713
9.0442686
29.210209
23.152625
16.472146
11.722126
9.2912293
30.379223
24.07082
17.116065
12.173747
9.6458246
31.498914
24.950794
17.734827
12.609277
9.9884474
32.234861
25.530291
18.143227
12.897229
10.215278
2.2636642
1.7965674
1.282754
0.91942658
0.73504056
2.3231985
1.8434984
1.3159721
0.94304044
0.75377986
2.4083214
1.9106005
1.3634025
0.97676427
0.78069837
2.4899989
1.9749989
1.4090232
1.0092657
0.80661324
2.5430178
2.0167904
1.4388157
1.0308947
0.82416912
116.01431
91.877544
65.288707
46.403422
36.745544
118.56038
93.888142
66.706493
47.402195
37.531223
122.02144
96.611294
68.6236
48.752075
38.592689
125.08708
99.020348
70.311557
49.933548
39.517922
126.91099
100.45459
71.313701
50.631242
40.062786
127.74161
101.10907
71.771511
50.950691
40.31272
129.13706
102.20756
72.545328
51.49697
40.742938
130.68727
103.4242
73.401955
52.10204
41.22026
131.61155
104.15474
73.913924
52.458639
41.49834
131.90512
104.38163
74.068732
52.563447
41.57863
9.1542092
7.2499815
5.1529486
3.6649689
2.9051202
9.3421533
7.3974465
5.256315
3.737444
2.9619703
9.5931346
7.5942131
5.3943774
3.834879
3.0391805
9.8087467
7.7635713
5.5137464
3.9196746
3.1067932
9.9348907
7.8629159
5.583923
3.9695662
3.1466212
9.9937782
7.9091779
5.616471
3.9925824
3.1648853
10.09572
7.9888543
5.6721469
4.0317273
3.1958473
10.209279
8.077641
5.7342762
4.075737
3.2311097
10.274053
8.1290134
5.7712468
4.1028429
3.2533935
10.291887
8.1436629
5.7824591
4.1117777
3.2613365
35.752145
28.289349
20.076274
14.252211
11.278461
36.134836
28.590158
20.286665
14.398664
11.392561
36.558693
28.924133
20.521222
14.562575
11.520642
36.802325
29.114202
20.654027
14.656072
11.594463
36.870273
29.166412
20.690325
14.682247
11.615871
2.8008516
2.2230848
1.5909787
1.1481488
0.92596986
2.8293873
2.2462281
1.6086814
1.1628523
0.93996035
2.8614331
2.2726219
1.629522
1.1808224
0.95739029
2.8813199
2.2896336
1.6441892
1.1950222
0.97222585
2.8878934
2.2958319
1.6505863
1.2025693
0.9811604
10.293387
8.1455718
5.7852244
4.1158297
3.2666201
10.27682
8.1325322
5.7762874
4.1101101
3.2627458
10.213758
8.08334
5.742418
4.0874128
3.2460629
10.101844
7.996628
5.683206
4.0474947
3.2159512
10.001079
7.9183723
5.6294646
4.0110186
3.1883021
9.9427086
7.8727749
5.5978316
3.9892864
3.1716858
9.8174709
7.774628
5.5293596
3.9417941
3.1349661
9.6034152
7.6071958
5.4128412
3.8613748
3.0732069
9.3542836
7.412782
5.2781112
3.7686324
3.0018361
9.1676406
7.267052
5.1770796
3.6989227
2.9479379
35.533745
28.119441
19.959376
14.173047
11.218957
35.05673
27.746832
19.69899
13.990355
11.075357
34.242243
27.10951
19.253998
13.679364
10.831886
33.302603
26.371425
18.737153
13.318387
10.549774
32.606029
25.823827
18.352931
13.049495
10.339541
-50.115821
-69.687754
-99.945141
-138.83267
-156.73279
-51.399427
-83.708787
-146.16311
-195.51549
-208.95164
-55.332542
-102.55344
-187.35981
-240.36155
-254.06324
-61.301438
-112.54236
-201.00472
-240.76971
-246.0382
-64.286677
-116.29246
-200.05473
-232.54305
-237.60318
-159.32354
-169.69169
-217.90129
-177.74238
-159.28537
-217.89908
-206.21998
-218.26518
-193.01514
-195.96664
-206.52206
-196.7966
-189.82573
-166.13079
-157.72823
-185.6957
-167.60815
-152.65089
-130.48148
-124.77195
-178.21684
-153.23365
-128.68046
-107.78992
-105.56781
-63.636183
-48.815276
-45.072449
-34.275222
-31.384366
-53.234737
-43.093145
-37.78667
-29.642839
-26.870144
-47.295516
-32.641596
-30.073743
-22.806043
-21.075986
-40.465356
-24.985247
-23.826184
-17.41454
-16.317649
-32.11025
-21.086282
-19.330114
-14.613081
-13.529584
-19.0461
-18.251385
-17.385196
-16.772489
-16.462761
-15.644379
-14.87098
-14.036068
-13.448935
-13.155059
-11.85281
-11.171706
-10.420765
-9.8864512
-9.6155304
-8.9774165
-8.4359418
-7.8174086
-7.3596501
-7.1213562
-7.3653323
-6.913705
-6.398345
-6.0107578
-5.8040718
-59.32606
-108.38844
-168.30153
-153.07029
-186.00545
-58.589898
-105.84648
-160.73053
-142.8687
-179.00864
-56.602652
-102.2934
-149.87818
-128.39723
-169.55798
-54.129302
-98.305536
-138.80718
-114.98429
-158.14634
-52.278582
-95.32285
-131.10024
-105.67347
-149.05134
-176.37597
-146.15265
-100.1246
-63.395747
-50.133183
-187.88391
-156.43475
-105.14392
-63.831909
-48.668729
-208.18904
-176.00844
-117.07486
-67.543875
-48.594517
-231.56255
-200.42929
-134.28141
-74.807487
-51.125245
-248.53293
-219.46854
-149.08694
-81.852699
-54.216376
-4.0767233
-13.311583
-7.2579575
-7.334658
-5.2067852
-4.1981873
-12.400968
-6.7419932
-6.7516243
-4.7776714
-6.0716592
-11.116528
-6.528979
-6.0308986
-4.4105412
-7.4427791
-10.475517
-6.5020215
-5.6598083
-4.2293345
-8.2845701
-10.311392
-6.5825551
-5.5445468
-4.1970416
-2.5852746
-2.3511052
-2.0838159
-1.886853
-1.7839504
-2.2446258
-2.0249305
-1.7755302
-1.5906897
-1.4929756
-1.883753
-1.6727863
-1.4349719
-1.2607048
-1.1690966
-1.6443262
-1.4362994
-1.2013936
-1.0294648
-0.93951522
-1.5323677
-1.3236203
-1.0881673
-0.91550477
-0.82489397
-42.137274
-77.707166
-90.118723
-51.400105
-90.704341
-40.485014
-74.804462
-85.646786
-44.152244
-78.706786
-36.126362
-69.89377
-81.878666
-38.065262
-64.029142
-36.006261
-62.902498
-78.522153
-39.437594
-41.915016
-34.846677
-57.918905
-73.414311
-37.553376
-34.194527
-333.61212
-349.67352
-288.17862
-166.53341
-98.440327
-339.77834
-369.1188
-318.80057
-189.53774
-111.34546
-341.80687
-393.03885
-365.55612
-228.45669
-134.03608
-336.30771
-410.02568
-412.74871
-273.38942
-161.81015
-328.67846
-416.18656
-443.88012
-307.15356
-184.0684
-13.946654
-11.801174
-8.4626495
-6.2848312
-5.020365
-14.986945
-12.315644
-8.9275718
-6.5578588
-5.2662437
-16.43753
-13.183409
-9.6393089
-7.0088554
-5.6504632
-17.80623
-14.137163
-10.364389
-7.4973168
-6.051251
-18.658528
-14.808765
-10.85328
-7.8435171
-6.3286751
-1.4543944
-1.1899739
-0.89402973
-0.68000818
-0.56906268
-1.4905609
-1.2130364
-0.90273198
-0.67841651
-0.56215195
-1.5588142
-1.260641
-0.92763738
-0.68726534
-0.56279345
-1.6397175
-1.3200186
-0.96312249
-0.70567328
-0.5724477
-1.699247
-1.3645173
-0.99098721
-0.72160751
-0.58225283
-0.24187028
-0.21793845
-0.19118196
-0.17178844
-0.16164314
-0.22029613
-0.19562122
-0.16802917
-0.14799451
-0.13750126
-0.19762839
-0.17169875
-0.14275842
-0.12177041
-0.1107701
-0.18273009
-0.15548013
-0.12510862
-0.10310988
-0.091578577
-0.17566583
-0.1475498
-0.11621941
-0.093501412
-0.081580463
-25.502416
-42.05724
-50.923502
-23.339333
-9.6156759
-23.40041
-40.021138
-48.480828
-22.003755
-5.5583058
-24.710203
-34.035014
-43.263125
-20.176335
10.655737
-20.853477
-31.776365
-39.878791
-15.630339
12.317483
-18.173022
-26.954078
-39.054395
-16.214266
18.832835
-191.33622
-347.44361
-539.43445
-517.88097
-365.34564
-169.53949
-326.09363
-535.99237
-547.16676
-400.35343
-131.50763
-283.82294
-520.56578
-583.76596
-450.53913
-81.270113
-233.07626
-490.7634
-609.15983
-496.80151
-56.314162
-197.91602
-459.17587
-619.16094
-522.67361
-22.668106
-18.376508
-13.388702
-9.7141512
-7.8148166
-23.04325
-18.757313
-13.657925
-9.9190689
-7.9739555
-23.272391
-19.188797
-13.913079
-10.139911
-8.1263369
-23.135078
-19.39107
-13.972701
-10.2356
-8.1682716
-22.834261
-19.370156
-13.894293
-10.219195
-8.1292487
-2.070599
-1.6526581
-1.1873665
-0.85317572
-0.68097739
-2.1054172
-1.6790331
-1.2045009
-0.86371331
-0.68811258
-2.1386361
-1.7036706
-1.2198832
-0.87269171
-0.69383052
-2.147089
-1.7091138
-1.222251
-0.87294098
-0.69287547
-2.1374991
-1.7011662
-1.215959
-0.86747771
-0.68762419
-0.18211486
-0.14655432
-0.10714917
-0.078901195
-0.064277531
-0.18028819
-0.14444235
-0.10472214
-0.076203741
-0.061412195
-0.17717388
-0.14110056
-0.10112859
-0.072425511
-0.057527121
-0.17263
-0.13671895
-0.096944706
-0.068384531
-0.053550072
-0.1682125
-0.13275227
-0.093503144
-0.065285233
-0.050590941
-1.8342292
-1.4594483
-1.0430654
-0.74474197
-0.59118005
-1.7192758
-1.3676738
-0.97685361
-0.69655761
-0.55214775
-1.5238343
-1.2109903
-0.86331134
-0.61404827
-0.48565705
-1.295602
-1.0281663
-0.73106826
-0.51832079
-0.40887214
-1.1206141
-0.88876317
-0.63116546
-0.4465314
-0.35144489
-0.14825805
-0.11636786
-0.080787213
-0.054858959
-0.041102539
-0.13565426
-0.10596008
-0.072785334
-0.048436536
-0.035343408
-0.11508822
-0.08885178
-0.059341761
-0.037425239
-0.025453751
-0.092393666
-0.06999426
-0.044303455
-0.024557615
-0.013367942
-0.075794562
-0.056392968
-0.033704336
-0.015477448
-0.0045558926
0.041406431
0.03200259
0.021686443
0.014430605
0.010816696
0.25895849
0.20497792
0.14523894
0.10287329
0.081374356
0.56791003
0.45164186
0.3225702
0.23032704
0.1830871
0.86393817
0.68796659
0.49239967
0.35231776
0.28040444
1.0573003
0.84153214
0.60192037
0.43068636
0.34296561
0.0061503514
0.0085901659
0.013358257
0.020071466
0.02621733
0.025327987
0.023807311
0.024146021
0.02763232
0.032033948
0.052634575
0.045474622
0.039552418
0.038491628
0.040486012
0.079035145
0.066511611
0.054669233
0.049343057
0.04907289
0.096561339
0.080547588
0.064826215
0.056668233
0.054797712
-132.78875
-126.85401
-137.88241
-149.1574
-160.25813
-189.82977
-186.69672
-200.75607
-209.0615
-212.51966
-229.53978
-221.95483
-232.02022
-227.47584
-220.24135
-219.20625
-209.71634
-216.7723
-205.43342
-193.83277
-210.30997
-204.7566
-211.48043
-199.14253
-184.82684
-206.34906
-199.81165
-206.83655
-192.91323
-178.43559
-197.02238
-190.71026
-200.02352
-186.73934
-171.27182
-184.21598
-179.35165
-193.57851
-184.08359
-169.37144
-172.84871
-169.59877
-191.31571
-188.15683
-174.5225
-165.14443
-163.77273
-191.2946
-193.99386
-181.97385
-64.368791
-116.72282
-199.8614
-228.39562
-231.09211
-64.059142
-117.24358
-196.49013
-212.61776
-219.09673
-62.257158
-114.58327
-188.37601
-190.20832
-206.83089
-60.707164
-111.0249
-179.01116
-170.34797
-195.80928
-59.834034
-109.33019
-172.24787
-158.41541
-189.30936
-170.91005
-179.01951
-211.40478
-197.70461
-105.52434
-199.18088
-184.60587
-198.99256
-187.97212
-132.88513
-154.04863
-147.36575
-159.33454
-141.66669
-112.03365
-121.41578
-114.98526
-113.34361
-111.44
-78.540431
-102.89486
-91.652587
-93.723269
-83.158489
-70.544239
-90.92967
-83.6798
-88.409435
-74.050273
-70.086727
-76.901677
-69.720201
-72.385425
-58.425004
-66.225751
-61.768584
-54.468028
-55.149294
-44.350206
-46.829297
-51.443761
-44.654215
-43.232265
-34.562205
-36.193609
-47.271063
-39.831257
-37.701655
-29.196919
-33.020371
-167.61187
-146.93542
-126.44274
-101.94798
-93.857529
-162.08063
-138.88557
-112.68133
-88.108909
-80.51347
-158.57371
-133.41151
-101.39124
-74.00266
-64.973567
-163.88078
-136.08344
-97.435892
-66.326572
-55.578305
-171.64823
-142.05637
-98.41306
-63.906478
-51.670332
-29.237301
-26.071319
-22.925545
-20.649721
-19.532577
-25.192315
-22.390169
-19.430513
-17.209093
-16.124911
-19.545948
-17.359704
-15.000418
-13.194375
-12.260951
-14.989317
-13.236911
-11.407704
-10.017289
-9.3011627
-12.461726
-11.037688
-9.4409903
-8.2472604
-7.6355199
-11.283085
-10.095938
-8.615952
-7.5199079
-6.9287368
-9.4352442
-8.4306867
-7.1597328
-6.2470474
-5.7427486
-7.4951558
-6.6328598
-5.5562673
-4.7922108
-4.3782748
-6.1254086
-5.3747504
-4.4434871
-3.772234
-3.4087869
-5.4229874
-4.7286122
-3.8755701
-3.2596015
-2.9243385
-13.588486
-23.58869
-15.691748
-14.595392
-11.689486
-9.7862297
-21.04578
-13.072529
-12.549185
-9.7353632
-10.055507
-16.623791
-10.824839
-9.9286744
-7.8292186
-8.5835861
-14.021014
-8.9651344
-8.2202442
-6.3988371
-7.8850035
-12.87863
-8.0716984
-7.3628579
-5.6663844
-16.330582
-16.114894
-15.879725
-15.714109
-15.630158
-13.028697
-12.823569
-12.599886
-12.44198
-12.362016
-9.5000161
-9.3116477
-9.1064399
-8.9619778
-8.8886707
-7.017531
-6.8480414
-6.6611616
-6.5286473
-6.46135
-5.7128246
-5.5618402
-5.392195
-5.2697258
-5.206847
-5.1523027
-5.0119593
-4.8521009
-4.735055
-4.6743706
-4.1919681
-4.0723877
-3.9354662
-3.83342
-3.7794219
-3.1081096
-3.0088175
-2.8961601
-2.8128135
-2.7685782
-2.3197833
-2.2355604
-2.139445
-2.0683775
-2.0309108
-1.9090256
-1.8330584
-1.7460727
-1.6812041
-1.6467736
-6.6787151
-6.2549421
-5.7784653
-5.4246504
-5.2354184
-5.5260228
-5.1564217
-4.7365292
-4.4265456
-4.2637284
-4.2032801
-3.9034707
-3.5606078
-3.3042711
-3.1680203
-3.2540286
-2.9945552
-2.7021219
-2.4859391
-2.3711449
-2.7786625
-2.5351743
-2.2608115
-2.0606328
-1.9559771
-161.36597
-160.91972
-191.47025
-197.60954
-186.88561
-154.69125
-154.82554
-192.17344
-205.45197
-197.68883
-143.81093
-145.28281
-192.46137
-217.91637
-216.39756
-131.79877
-134.34566
-190.83621
-230.12739
-236.7414
-123.78032
-125.70131
-188.40345
-237.43762
-250.84431
-119.80254
-120.99466
-186.68597
-240.71675
-257.93724
-110.48651
-111.55657
-181.77752
-246.17126
-271.05545
-96.799919
-96.560353
-171.84161
-251.28636
-287.5398
-84.08552
-80.036104
-159.08451
-252.37544
-299.53304
-74.422171
-68.569531
-148.61526
-250.46463
-305.15511
-51.365749
-93.801745
-127.3214
-100.67095
-144.38209
-49.706784
-90.940993
-119.92645
-91.33566
-135.78725
-47.483581
-86.289382
-109.57131
-78.382455
-121.4453
-45.449486
-80.956126
-99.835552
-65.464953
-105.11836
-42.677877
-78.657488
-93.261387
-55.400926
-96.97628
-45.752745
-37.68371
-35.843639
-26.377259
-32.641882
-43.368371
-34.962472
-32.031742
-23.126486
-29.738744
-42.255385
-32.767304
-28.137279
-20.389021
-23.914899
-43.158018
-32.254513
-25.939809
-18.816808
-20.504813
-44.922732
-32.634079
-25.221417
-18.234347
-19.214657
-46.241163
-33.05165
-25.119063
-18.002325
-18.925023
-49.316436
-34.283406
-25.05775
-17.979277
-18.096386
-55.486171
-36.949846
-25.594618
-18.450989
-17.216102
-63.755862
-40.622374
-26.734845
-19.324329
-17.012814
-70.755088
-43.697219
-27.796942
-20.103971
-17.17807
-257.34782
-229.84901
-157.63607
-86.162886
-56.209362
-274.26555
-251.13816
-176.23332
-95.982403
-61.015847
-297.75537
-283.94134
-208.04921
-114.07332
-70.217155
-318.29659
-317.14199
-245.07181
-137.05824
-82.341774
-329.19723
-338.92238
-273.09758
-155.86202
-92.550975
-5.1431989
-4.4646409
-3.6368754
-3.0424689
-2.7220983
-4.7023658
-4.0421865
-3.2498104
-2.6800659
-2.3750616
-4.2483783
-3.6097705
-2.8519221
-2.3027948
-2.0100141
-4.0004327
-3.3549216
-2.6036611
-2.0589842
-1.7699586
-3.9299509
-3.2675737
-2.5033335
-1.9508158
-1.6595956
-3.9326756
-3.2627118
-2.4877877
-1.9257066
-1.6304461
-3.9452302
-3.2504468
-2.4555299
-1.8782921
-1.5746886
-4.0514212
-3.3114825
-2.4697309
-1.8593501
-1.5399572
-4.2373999
-3.4432992
-2.5439758
-1.8911724
-1.5502316
-4.4025469
-3.5660326
-2.6215946
-1.9359334
-1.5778392
-8.3131485
-10.425189
-6.6165945
-5.5695381
-4.1929644
-9.2806249
-10.454128
-6.8280301
-5.5736646
-4.2504167
-10.851391
-10.66831
-7.2665336
-5.6837044
-4.4243814
-12.385097
-11.115286
-7.8053596
-5.9181094
-4.6755528
-13.432672
-11.526334
-8.2217673
-6.133714
-4.8844647
-1.7394519
-1.6652577
-1.5812897
-1.5190631
-1.4859493
-1.4500949
-1.3791672
-1.2992363
-1.2407798
-1.2100791
-1.1285418
-1.0621079
-0.98677879
-0.93144989
-0.90242321
-0.89939501
-0.83507429
-0.76251285
-0.709254
-0.68121076
-0.78411625
-0.71958529
-0.64718192
-0.59443299
-0.5667757
-0.74679759
-0.68056146
-0.60605534
-0.55193519
-0.52377047
-0.66871063
-0.60182692
-0.52658467
-0.4717365
-0.44310355
-0.58802652
-0.51849651
-0.4405987
-0.38404333
-0.35455193
-0.53774623
-0.46447259
-0.38250123
-0.32316634
-0.29232212
-0.5161337
-0.43998711
-0.35485025
-0.29320637
-0.26115974
-1.5037138
-1.2910454
-1.0519618
-0.87754559
-0.78625709
-1.44382
-1.2255333
-0.98038847
-0.80206334
-0.70909606
-1.4014066
-1.1722438
-0.91505091
-0.72813373
-0.63077391
-1.4016969
-1.1579761
-0.88484961
-0.68667481
-0.58354398
-1.4212097
-1.1655252
-0.87931922
-0.67200491
-0.5642831
-0.51165499
-0.49126877
-0.46824911
-0.45135604
-0.44245871
-0.43056995
-0.41004295
-0.38697294
-0.37010366
-0.3612167
-0.34126971
-0.32030133
-0.2967348
-0.27952403
-0.27046419
-0.27806474
-0.25641855
-0.23213339
-0.21439801
-0.20504372
-0.24610199
-0.22383446
-0.19891196
-0.18072322
-0.17111951
-70.747044
-62.437671
-142.30236
-249.05427
-306.52746
-62.240993
-49.610319
-129.65572
-244.2582
-306.7894
-47.6451
-29.888463
-108.38078
-233.13266
-301.75868
-40.635691
-9.7226181
-82.803934
-217.49235
-288.62264
-39.317971
-0.52213594
-64.042453
-201.35961
-276.27143
-37.149392
-0.32245623
-53.997538
-189.65089
-271.77842
-33.655293
0.0032441212
-40.25621
-168.91864
-247.05121
-27.367612
2.7149429
-26.530087
-140.40946
-203.36549
-18.056043
6.7255539
-8.9679326
-115.56452
-175.56469
-15.790625
11.816735
3.9432577
-101.70174
-155.26496
-32.853581
-57.132684
-69.87761
-35.375513
-37.35697
-32.732897
-54.717212
-63.748236
-33.489031
-29.213072
-32.690484
-50.234598
-55.086053
-27.669416
-16.816477
-28.225286
-47.745887
-51.289107
-22.629931
-17.229527
-26.418082
-43.561594
-51.140198
-23.495111
-11.205588
-74.845066
-45.492097
-28.45767
-20.567723
-17.390258
-83.790082
-49.348004
-29.802614
-21.513736
-17.814852
-99.559439
-56.016684
-32.067698
-23.0309
-18.756803
-118.90554
-64.101364
-34.644298
-24.659411
-19.999323
-134.39711
-70.548431
-36.539358
-25.775121
-20.97074
-143.05746
-74.156746
-37.553702
-26.360889
-21.523701
-161.31926
-81.736295
-39.529146
-27.429922
-22.575662
-191.39954
-94.350631
-42.594123
-28.932231
-24.119607
-224.99691
-108.72992
-45.842771
-30.331696
-25.501769
-249.50058
-119.46015
-48.136723
-31.213118
-26.265014
-322.46582
-417.61983
-459.08024
-325.23662
-196.5044
-302.03318
-417.6221
-486.1419
-361.68615
-222.88006
-264.93172
-405.76697
-516.41413
-415.85421
-265.89461
-229.18875
-379.39923
-533.80229
-468.40978
-313.14232
-203.957
-357.30041
-538.79756
-501.98854
-347.29858
-4.5223067
-3.6601588
-2.6864891
-1.9804004
-1.6126327
-4.7248611
-3.8152311
-2.7894513
-2.0450451
-1.6576247
-5.050156
-4.0665239
-2.9594823
-2.1567944
-1.7396631
-5.3966704
-4.3375174
-3.1465246
-2.283084
-1.8349068
-5.6399349
-4.5291183
-3.2802129
-2.3744906
-1.9045212
-5.793107
-4.6526601
-3.3706392
-2.4413305
-1.9595187
-6.0352186
-4.8439861
-3.5045097
-2.5331993
-2.0299045
-6.3713388
-5.1097484
-3.6910215
-2.6622643
-2.129612
-6.6718385
-5.3478394
-3.8593705
-2.7798888
-2.2209041
-6.8519267
-5.49141
-3.9613493
-2.8509093
-2.275616
-19.100185
-15.187323
-11.127897
-8.0481445
-6.4947805
-19.849986
-15.862241
-11.599759
-8.3969
-6.7676713
-20.843141
-16.80941
-12.249555
-8.8841675
-7.1450938
-21.760983
-17.651955
-12.837856
-9.3172033
-7.4842437
-22.35735
-18.131407
-13.193871
-9.5690454
-7.6898819
-0.5216182
-0.44205655
-0.35324968
-0.2891579
-0.25594174
-0.51205901
-0.42906132
-0.33650779
-0.26977196
-0.23521275
-0.50854564
-0.42012063
-0.32159766
-0.25063614
-0.21392161
-0.51377799
-0.41960705
-0.31481749
-0.23944887
-0.20048409
-0.52050081
-0.42240012
-0.31334421
-0.23495109
-0.19443135
-0.54039594
-0.4381884
-0.32462397
-0.24318442
-0.20122543
-0.54967369
-0.44367353
-0.32594211
-0.24149854
-0.19798389
-0.56455508
-0.45317592
-0.32956421
-0.24098691
-0.19536682
-0.57869659
-0.4625082
-0.33367014
-0.24143464
-0.19395235
-0.58670675
-0.46778485
-0.33597547
-0.24161098
-0.19302852
-1.7521561
-1.4068303
-1.0217085
-0.74444984
-0.60129653
-1.812702
-1.4527162
-1.051418
-0.76260966
-0.61354296
-1.8986952
-1.518444
-1.0947743
-0.78999114
-0.6326962
-1.9776329
-1.5790511
-1.1349941
-0.81561769
-0.65081318
-2.0247377
-1.6150269
-1.1586882
-0.83054759
-0.66124467
-0.18363
-0.15354911
-0.12006445
-0.095908449
-0.083319559
-0.17939902
-0.14846518
-0.11406093
-0.089238917
-0.076302733
-0.17534868
-0.14322386
-0.10753992
-0.081832439
-0.068446844
-0.17257311
-0.13944761
-0.10270067
-0.076262993
-0.06250323
-0.17079151
-0.13716494
-0.099887948
-0.073058049
-0.059086582
-15.289146
15.001757
8.4933588
-94.052023
-141.94896
-14.842138
15.335136
19.622154
-71.598471
-117.07169
-14.370367
10.023101
31.444538
-39.788547
-76.874646
-8.2235067
6.3772777
30.696797
-21.674664
-40.483455
-7.315111
9.2968656
26.584714
-18.751473
-16.255552
-262.36573
-125.23776
-49.368149
-31.652755
-26.627528
-287.95085
-136.75588
-51.739736
-32.326298
-27.235099
-325.39627
-154.06531
-55.252148
-33.037694
-27.91595
-360.41197
-171.23965
-58.756187
-33.397584
-28.231561
-381.55529
-182.1465
-61.034382
-33.407557
-28.211079
-391.22407
-187.16228
-62.170461
-33.344852
-28.210333
-406.81048
-195.48937
-64.168064
-32.93715
-27.958213
-422.73516
-204.51416
-66.370249
-31.983856
-27.076449
-429.34316
-209.93339
-67.395051
-30.780193
-25.697107
-427.36777
-211.20771
-67.2571
-29.834101
-24.56782
-57.22532
-183.43948
-440.63783
-620.23891
-534.09718
-50.507339
-161.03413
-407.09889
-615.10792
-551.541
-24.825635
-131.29668
-360.83594
-597.86923
-568.41726
2.1244882
-101.04074
-309.61044
-575.18277
-578.64889
8.5066231
-67.245592
-265.7621
-563.87019
-577.05942
-6.9685049
-5.5866897
-4.0325859
-2.9051416
-2.3214439
-7.1106226
-5.6987594
-4.1108774
-2.9587678
-2.3622237
-7.2539764
-5.8106747
-4.1884171
-3.0115347
-2.4016781
-7.305125
-5.8492914
-4.2143537
-3.0283353
-2.4127656
-7.2813837
-5.8294365
-4.1995005
-3.0171188
-2.4028163
-7.2853814
-5.8355424
-4.2085426
-3.0289733
-2.4161877
-7.189789
-5.7592802
-4.1551312
-2.9911624
-2.3848864
-6.9759991
-5.5870274
-4.0291629
-2.8980147
-2.3076066
-6.6570753
-5.3274235
-3.8361099
-2.7545457
-2.1908038
-6.3617793
-5.0873642
-3.6606876
-2.6274688
-2.088898
-22.669209
-19.355946
-13.85315
-10.216147
-8.1190611
-22.109176
-19.152447
-13.628984
-10.100014
-7.9953266
-21.106869
-18.609618
-13.162882
-9.8181379
-7.7377092
-19.98183
-17.789959
-12.547022
-9.3887344
-7.3794477
-19.093884
-17.081734
-12.014191
-8.994359
-7.0503977
-0.60803436
-0.48543654
-0.34961535
-0.25260427
-0.20281308
-0.61323815
-0.48868726
-0.35077491
-0.25226804
-0.201697
-0.61676065
-0.49045476
-0.35065422
-0.25080028
-0.19950612
-0.61443371
-0.48772329
-0.34743999
-0.24720563
-0.19569114
-0.60869919
-0.4824946
-0.3427742
-0.24292566
-0.19161096
-0.62380089
-0.49547607
-0.35348744
-0.25225917
-0.20039172
-0.61160088
-0.48519007
-0.34539665
-0.24572681
-0.19464377
-0.58608527
-0.46427336
-0.32959774
-0.23355892
-0.18429771
-0.55149695
-0.43629009
-0.30887599
-0.2179228
-0.17118625
-0.52252918
-0.41288981
-0.2916163
-0.2049476
-0.16034264
-2.1554478
-1.7173708
-1.2299954
-0.88013142
-0.69979812
-2.1266979
-1.6936577
-1.2117083
-0.86565409
-0.68728778
-2.0559442
-1.6355168
-1.1681262
-0.8329371
-0.66024141
-1.9495024
-1.5495043
-1.1052942
-0.78694562
-0.62291407
-1.8575565
-1.4760601
-1.052195
-0.74817903
-0.59143905
-0.17901791
-0.14196222
-0.10095531
-0.071603408
-0.056416651
-0.17318089
-0.13695255
-0.096831031
-0.068019063
-0.053056533
-0.16294018
-0.12828568
-0.089851826
-0.062135307
-0.047634098
-0.15020493
-0.11759455
-0.081355318
-0.055111661
-0.041280823
-0.13980008
-0.10892765
-0.074512912
-0.049413601
-0.036094727
-6.2248016
-4.9805663
-3.5884751
-2.5808718
-2.0555702
-5.8435896
-4.674733
-3.3674705
-2.4213577
-1.9277722
-5.1930438
-4.1556829
-2.99336
-2.1507783
-1.7107301
-4.4298075
-3.5463725
-2.5548987
-1.834388
-1.4571693
-3.848436
-3.0794139
-2.2171427
-1.5905868
-1.2622142
-3.5752604
-2.8614006
-2.0629024
-1.4847037
-1.1824448
-2.9339334
-2.3452054
-1.6882101
-1.213952
-0.96657269
-1.9359772
-1.5481741
-1.1146448
-0.80069099
-0.63654776
-0.89377688
-0.71631521
-0.51610492
-0.36938843
-0.29205727
-0.16840966
-0.13368086
-0.094150369
-0.064800502
-0.049097014
-0.52695987
-0.41760313
-0.29665425
-0.2104283
-0.16621023
-0.49120287
-0.38871478
-0.27533475
-0.19442906
-0.1529081
-0.43054326
-0.33993062
-0.23966965
-0.16801061
-0.13111208
-0.36083368
-0.28418514
-0.19933117
-0.13847746
-0.10692531
-0.30889023
-0.24275802
-0.16944474
-0.11664919
-0.089116898
-0.30296424
-0.23940684
-0.16892199
-0.11832629
-0.092059349
-0.24645317
-0.19436111
-0.13643596
-0.094633849
-0.072794988
-0.15851519
-0.12435561
-0.086185971
-0.058314091
-0.043484414
-0.066623907
-0.051212237
-0.033738636
-0.020472149
-0.012980194
-0.0029487477
-0.00051676689
0.0027065656
0.0059892273
0.0084665363
-1.0562439
-0.84010103
-0.59982739
-0.42772663
-0.33924203
-0.86285982
-0.68652998
-0.49031679
-0.34935757
-0.27665615
-0.56681625
-0.450206
-0.32047269
-0.22730969
-0.17924195
-0.25788896
-0.20351407
-0.14306221
-0.099738268
-0.077379264
-0.040287368
-0.030469846
-0.019433851
-0.01120547
-0.006708865
-0.081792885
-0.061909168
-0.038607741
-0.019869274
-0.0085641859
-0.063931611
-0.047407252
-0.027685989
-0.011178406
-0.0007059308
-0.036843096
-0.025460907
-0.011218233
0.0016984109
0.010601279
-0.0086936156
-0.0026628794
0.0059098932
0.015130961
0.022395755
0.01111115
0.013385093
0.017954915
0.024613157
0.030792909
0.0076129478
0.006450014
0.0057284608
0.0060038029
0.0067869039
0.07115465
0.056969961
0.041906375
0.032057684
0.027691688
0.16287213
0.12988528
0.09400382
0.069359322
0.057470417
0.25068951
0.19971843
0.14397426
0.1052359
0.086183814
0.30716081
0.24469081
0.17633054
0.12872226
0.10516346
0.31311918
0.2480608
0.17683865
0.12699423
0.10214771
0.36504904
0.28948686
0.20672882
0.14877852
0.11981998
0.43487054
0.34531195
0.24705171
0.17805202
0.14342297
0.49570255
0.39419464
0.28262157
0.20408982
0.16460733
0.53154287
0.42317114
0.30400535
0.22010329
0.17791296
1.121693
0.89020183
0.63327574
0.44952533
0.35520788
1.2968978
1.0297086
0.73318615
0.52129158
0.41261394
1.5253444
1.2127617
0.86562765
0.61717143
0.48952216
1.720734
1.3694932
0.97932481
0.69988009
0.55620136
1.8356847
1.461272
1.0455725
0.74812815
0.5953107
