FiniteElementSpace
FiniteElementCollection: L2_2D_P4
VDim: 1
Ordering: 0

-71.45153
-244.89066
-453.21394
-237.44465
-52.948514
-72.749129
-239.8155
-454.85245
-244.18266
-67.432352
-74.823902
-236.77141
-452.29921
-256.05787
-59.616533
-73.89273
-229.98304
-450.08
-262.83174
-51.178696
-76.60272
-228.8699
-443.71126
-271.11858
-54.002066
1008.1386
1000.77
858.02362
658.86319
539.51825
1022.3967
1020.5506
880.34917
677.58051
554.17089
1041.5113
1046.7041
909.97503
702.65082
573.86247
1055.9936
1067.0228
933.69877
723.27746
590.39857
1063.7138
1078.2413
947.50398
735.76426
600.51057
292.17809
231.50966
164.60314
117.05671
92.732353
295.75476
234.34542
166.61723
118.48143
93.853815
300.5285
238.11721
169.28451
120.36399
95.335298
304.67457
241.36296
171.54945
121.94898
96.58082
307.16022
243.30968
172.91013
122.90058
97.326708
-73.58446
-223.36124
-435.36689
-273.14167
-67.317633
-71.302356
-225.10838
-440.85461
-263.28269
-76.331232
-74.234574
-227.74369
-441.29517
-264.13031
-76.827291
-72.011235
-226.75017
-445.69038
-265.81597
-67.259624
-72.55306
-228.9571
-444.7061
-270.41622
-58.960507
1086.0614
1111.2196
987.45129
770.67503
628.09366
1084.4253
1109.5728
985.6866
769.13237
626.8477
1081.5608
1104.9528
979.35378
763.19355
621.98695
1074.4909
1094.4201
966.47322
751.82797
612.97285
1067.0566
1083.8422
954.34154
741.6876
605.14083
313.94546
248.64717
176.65328
125.52241
99.383808
313.58006
248.37479
176.48247
125.41471
99.301627
312.35735
247.42624
175.83086
124.96555
98.951222
310.25318
245.76413
174.64666
124.12188
98.2845
308.31925
244.22492
173.55222
123.34851
97.676639
-74.268332
-246.22358
-454.94044
-233.00372
-37.778975
-73.016666
-250.63164
-463.44066
-217.21526
-25.720108
-76.765403
-256.8295
-460.33636
-214.53712
-9.9094978
-78.937448
-260.54417
-465.61719
-213.25136
-3.2135572
-78.801011
-265.26665
-465.64044
-203.44197
7.1560716
1001.1857
990.76607
846.56089
649.2405
531.91061
985.13528
968.70635
822.52984
629.42601
516.2858
959.41697
934.17119
785.40149
599.05597
492.34016
928.61623
895.29641
745.4254
566.96998
467.04053
904.86252
866.34511
716.69814
544.28225
449.14411
290.2771
230.01625
163.54891
116.30949
92.142019
286.35521
226.93282
161.3841
114.78602
90.941395
280.42454
222.24717
158.07601
112.45639
89.109466
274.19276
217.33378
154.60866
110.00997
87.182479
269.76304
213.84885
152.15665
108.28106
85.819309
23.040752
18.256538
12.984386
9.2401055
7.3264251
22.752555
18.030266
12.825771
9.1288835
7.239082
22.312991
17.684012
12.58182
8.9573043
7.104481
21.849189
17.318909
12.324796
8.7765366
6.9625117
21.518095
17.058782
12.142429
8.64903
6.8628483
-93.428427
-297.36496
-461.56088
-135.22921
77.313917
-95.575202
-304.10442
-463.80146
-119.13863
88.226909
-101.58711
-314.35924
-458.21465
-98.605051
112.7741
-107.73459
-319.38131
-446.59665
-79.887907
129.309
-112.47731
-321.82916
-434.5424
-68.033697
129.55179
735.23973
674.91848
538.65093
408.30082
342.14951
703.3354
640.89467
509.04274
386.28805
324.79026
654.84075
591.1876
466.60053
354.94218
300.03742
604.36007
541.1145
425.19125
324.73968
276.14864
569.40035
507.08663
397.59484
304.72485
260.32509
243.26029
192.91871
137.35789
97.82004
77.567873
238.95037
189.50746
134.94157
96.110789
76.219171
232.81026
184.6489
131.49383
93.664479
74.285384
226.86666
179.95068
128.16432
91.303131
72.417745
222.93672
176.84268
125.96188
89.742369
71.184373
19.517216
15.485384
11.039768
7.8815149
6.2678052
19.191525
15.228898
10.859476
7.7557997
6.1706947
18.721353
14.859053
10.600047
7.5752638
6.0312248
18.261874
14.497434
10.346908
7.4000058
5.8963779
17.95649
14.257074
10.178595
7.28363
5.8073016
-147.92157
-322.40693
-348.84534
-5.9264714
155.09592
-155.05679
-318.25005
-330.51988
-1.4612329
152.90406
-163.0326
-308.8062
-304.05618
1.6106796
145.33215
-170.51233
-297.81313
-278.82909
1.9728629
134.51213
-175.21465
-288.73962
-262.1554
1.0065849
126.32722
374.21724
326.02782
255.31573
202.07992
178.822
344.56157
299.55835
235.12808
187.57408
167.27038
303.10085
263.13671
207.62867
167.83807
151.54079
264.04796
229.29533
182.32938
149.72315
137.10731
239.05102
207.77986
166.29811
138.2377
127.95508
202.5014
160.65465
114.45009
81.554525
64.699407
199.54756
158.30732
112.77923
80.364856
63.752923
195.46618
155.06529
110.46206
78.70452
62.430342
191.66764
152.03354
108.28075
77.142232
61.189339
189.19336
150.05925
106.87887
76.139086
60.380231
16.346962
12.989276
9.2913079
6.6734614
5.3450907
16.108633
12.799902
9.1568662
6.5804273
5.2747029
15.771365
12.532085
8.9682094
6.4492918
5.1728918
15.448823
12.277167
8.7859334
6.3174347
5.0671446
15.238633
12.105502
8.658473
6.2259601
4.996026
-186.41086
-223.70824
-169.04365
-19.70337
59.684763
-184.10054
-213.58822
-158.90509
-23.515566
48.963095
-178.11516
-198.85982
-146.54761
-30.373943
32.635407
-169.1676
-183.86481
-135.87651
-37.248518
17.008913
-159.56054
-172.71486
-128.60407
-40.432634
6.9357428
120.07827
107.03958
91.746925
84.401519
84.699157
104.73897
94.280893
82.247557
77.389215
79.011936
84.575525
77.428269
69.822489
68.344011
71.666029
67.348992
62.893475
58.562653
59.414608
63.980782
55.976553
54.0932
51.599783
53.596555
59.602693
175.86235
139.33156
99.101551
70.49858
55.818033
173.67245
137.58484
97.745286
69.408086
54.904549
170.16061
134.60347
95.438464
67.722062
53.585256
165.8154
131.11948
92.984055
65.890998
51.952768
162.75328
128.69567
90.853452
63.848335
50.166937
13.955918
11.069083
7.8872114
5.6447518
4.5174348
13.676655
10.826097
7.7075398
5.5233886
4.4255474
13.202096
10.449973
7.4383494
5.3155102
4.2403466
12.66515
9.9795541
7.0162812
4.9322228
3.8924955
12.036524
9.3654822
6.4832116
4.5215795
3.568038
75.983293
248.50874
579.63869
824.80824
893.98058
66.388294
233.86172
575.88673
836.24675
912.47686
51.674826
207.57641
558.72668
850.49327
936.20285
38.284746
185.36528
538.4468
858.65134
955.05508
34.45629
175.9414
530.67342
863.44783
964.80474
-78.801011
-265.26665
-465.64045
-203.44198
7.1560553
-78.937448
-260.54417
-465.6172
-213.25137
-3.2135727
-76.765403
-256.8295
-460.33637
-214.53713
-9.909511
-73.016666
-250.63164
-463.44066
-217.21526
-25.720119
-74.268332
-246.22358
-454.94044
-233.00373
-37.778986
27.312618
174.3689
522.90996
867.75087
971.16522
14.719048
166.69654
520.48256
870.91502
979.51254
11.334704
141.99736
508.58425
878.33759
993.6102
12.984485
117.0198
490.92574
881.63589
1004.9941
11.609567
106.14099
482.08872
881.97952
1009.132
9.2571391
103.3905
476.93064
884.91254
1012.2558
1.0332604
97.721312
473.29613
885.9585
1015.2763
-13.167226
88.561314
470.37877
887.87486
1018.637
-12.898698
83.823599
467.76963
887.19355
1021.2307
-4.182051
77.109874
462.74696
888.64771
1024.1241
-72.55306
-228.9571
-444.7061
-270.41622
-58.96051
-72.011235
-226.75017
-445.69038
-265.81598
-67.259626
-74.234574
-227.74369
-441.29517
-264.13032
-76.827292
-71.302356
-225.10838
-440.85461
-263.28269
-76.331233
-73.58446
-223.36124
-435.36689
-273.14167
-67.317634
491.73044
415.10235
342.0744
309.34982
307.84152
504.80099
425.39075
349.30151
314.44578
311.8687
522.35652
439.2005
358.99267
321.27747
317.25853
537.19728
451.09157
367.47275
327.27432
321.96304
546.29895
458.35798
372.6105
330.87685
324.78663
550.41326
461.61446
374.90965
332.51021
326.08823
557.32645
467.05042
378.74816
335.25588
328.26632
565.33085
473.3191
383.10215
338.28139
330.6413
569.71873
476.89207
385.64681
340.0521
332.02864
570.84292
477.81918
386.36896
340.60395
332.45761
1067.0566
1083.8422
954.34152
741.68757
605.1408
1074.4909
1094.4201
966.4732
751.82794
612.97282
1081.5608
1104.9528
979.35377
763.19354
621.98693
1084.4253
1109.5728
985.6866
769.13237
626.84769
1086.0614
1111.2196
987.45129
770.67503
628.09366
308.3191
244.22473
173.55195
123.34813
97.676163
310.25306
245.76397
174.64644
124.12157
98.284104
312.35726
247.42613
175.83071
124.96533
98.950944
313.58002
248.37473
176.48238
125.41459
99.30147
313.94544
248.64715
176.65324
125.52236
99.383737
-4.1820503
77.109875
462.74696
888.64771
1024.1241
-12.898697
83.823601
467.76963
887.19355
1021.2307
-13.167224
88.561318
470.37878
887.87487
1018.637
1.033264
97.721318
473.29614
885.9585
1015.2763
9.2571434
103.39051
476.93065
884.91255
1012.2558
11.609573
106.141
482.08873
881.97954
1009.132
12.984491
117.01981
490.92575
881.63591
1004.9941
11.334712
141.99737
508.58426
878.33761
993.61022
14.719059
166.69656
520.48258
870.91504
979.51257
27.312631
174.36892
522.90998
867.75089
971.16525
-76.60272
-228.8699
-443.71126
-271.11857
-54.002062
-73.89273
-229.98304
-450.08
-262.83174
-51.178692
-74.823902
-236.77141
-452.29921
-256.05786
-59.616528
-72.749129
-239.8155
-454.85245
-244.18265
-67.432345
-71.45153
-244.89066
-453.21394
-237.44464
-52.948506
570.84292
477.81919
386.36897
340.60397
332.45762
569.71874
476.89208
385.64683
340.05214
332.02868
565.33088
473.31913
383.1022
338.28145
330.64137
557.32648
467.05047
378.74822
335.25597
328.26643
550.4133
461.61452
374.90972
332.51032
326.08836
546.299
458.35804
372.61058
330.87697
324.78677
537.19734
451.09164
367.47284
327.27445
321.96321
522.35659
439.20058
358.99278
321.27763
317.25874
504.80108
425.39085
349.30166
314.44598
311.86894
491.73053
415.10247
342.07456
309.35004
307.8418
1063.7138
1078.2413
947.504
735.76429
600.51061
1055.9936
1067.0228
933.6988
723.2775
590.39861
1041.5114
1046.7041
909.97506
702.65087
573.86253
1022.3967
1020.5506
880.34922
677.58057
554.17096
1008.1386
1000.77
858.02366
658.86325
539.51832
88.200906
69.841607
49.618255
35.258538
27.917523
88.1314
69.786401
49.576423
35.225833
27.889988
87.8235
69.544453
49.404429
35.10244
27.791648
87.231548
69.078916
49.079725
34.877639
27.617057
86.692418
68.657024
48.786899
34.675339
27.460143
86.384168
68.415899
48.618104
34.556838
27.367114
85.728231
67.901106
48.25595
34.301145
27.165294
84.628284
67.035632
47.645868
33.870764
26.826375
83.316871
66.004814
46.922293
33.363203
26.42806
82.322381
65.223307
46.374269
32.979452
26.127498
307.16038
243.30989
172.91042
122.90099
97.327229
304.67477
241.3632
171.5498
121.94945
96.58142
300.52873
238.11751
169.28492
120.36457
95.336023
295.75505
234.34577
166.61772
118.48211
93.854667
292.17842
231.51006
164.60369
117.05746
92.73329
34.456305
175.94142
530.67344
863.44787
964.80478
38.284762
185.3653
538.44684
858.65138
955.05512
51.674846
207.57644
558.72672
850.49331
936.2029
66.388316
233.86175
575.88678
836.2468
912.47692
75.983317
248.50877
579.63874
824.8083
893.98065
84.985022
253.74413
582.40388
818.24612
882.7895
100.5701
267.63607
586.11756
804.11268
861.7755
121.40255
287.5497
591.02837
781.13052
827.60205
139.07599
309.51768
591.94756
755.09957
789.73653
151.80995
328.63276
589.28117
734.9745
761.94147
-80.766856
-267.86185
-466.56678
-196.6348
19.760046
-80.965423
-274.71564
-474.19663
-181.68404
36.622819
-84.142954
-284.84462
-471.78926
-158.93777
62.817514
-87.793677
-292.0127
-469.47273
-143.92431
74.5367
-91.048798
-296.52785
-463.98182
-140.1133
73.648993
484.89337
409.63001
338.18051
306.61917
305.69768
470.94264
398.51322
330.26288
300.99265
301.25577
449.54264
381.57349
318.28749
292.50746
294.5564
426.92664
363.65224
305.62322
283.56419
287.51145
410.94431
350.95866
296.62793
277.2099
282.50627
402.59877
344.39444
291.98174
273.9238
279.91575
386.65361
331.7572
283.04914
267.58684
274.90064
363.22434
313.23757
269.95265
258.30733
267.56692
339.54985
294.48616
256.68525
248.92801
260.16793
323.482
281.73541
247.65819
242.54223
255.12922
892.15532
851.25778
701.59033
532.40826
439.82898
866.38419
820.7041
672.22076
509.59898
421.91948
825.92782
774.09115
628.3107
476.05353
395.63953
782.85236
725.91334
584.06721
442.40505
369.09965
751.79295
692.1635
553.92482
419.63782
351.07778
81.797495
64.809116
46.082549
32.774684
25.96694
80.73715
63.972404
45.491385
32.357526
25.638574
79.118666
62.699945
44.595659
31.725901
25.140884
77.412242
61.356769
43.650298
31.060538
24.617336
76.202427
60.402244
42.976675
30.586151
24.244597
75.574389
59.906978
42.626635
30.338851
24.049846
74.347995
58.941265
41.945954
29.858373
23.670823
72.540968
57.515798
40.940402
29.149959
23.113595
70.734415
56.0897
39.932459
28.438507
22.553636
69.511144
55.124796
39.250493
27.956613
22.173976
267.46119
212.03397
150.8782
107.381
85.110824
263.0239
208.52106
148.38781
105.61926
83.722101
256.52364
203.37927
144.74268
103.03568
81.681175
249.97046
198.20891
141.08967
100.45334
79.643324
245.50975
194.69214
138.6091
98.703294
78.264259
6.4953029
5.1532725
3.6781392
2.6361151
2.1077787
6.4196648
5.094075
3.6368221
2.6074519
2.0857208
6.3016798
5.0019024
3.5728842
2.5634652
2.0520549
6.1760183
4.9036181
3.5050961
2.5176264
2.0174102
6.0870652
4.8339487
3.4566664
2.484833
1.9932641
21.345365
16.922965
12.047139
8.5824345
6.8109461
21.011814
16.660127
11.861847
8.4519173
6.7083921
20.520162
16.273713
11.590481
8.2615319
6.5591638
20.024641
15.884764
11.319164
8.0738946
6.4142137
19.687303
15.619453
11.133904
7.9467426
6.3177201
159.20651
336.86807
587.54243
724.20944
747.16371
169.94393
347.72887
582.4051
702.16393
717.97166
190.136
356.69074
570.09073
666.11999
672.47058
207.5476
361.28204
550.10694
626.60952
624.20031
214.0485
364.8257
531.88832
597.45884
590.89167
216.39258
364.79706
523.01048
582.31356
573.9183
223.09308
360.80255
504.33825
552.76836
540.46383
227.93742
351.95589
473.2737
507.86093
491.40828
227.8719
338.82597
439.97953
462.95506
443.53375
226.14238
327.85131
416.28483
432.51436
411.59651
-116.12846
-324.37082
-426.62885
-61.953035
133.07668
-123.00438
-326.2552
-413.68793
-49.689309
142.77142
-130.40024
-327.28568
-395.7338
-30.781616
150.75188
-139.72751
-327.58291
-373.95886
-13.765498
157.31331
-145.22209
-324.37113
-357.20984
-7.8056377
157.46618
315.46381
275.40263
243.13663
239.33079
252.59877
300.05459
263.20132
234.49739
233.18574
247.73004
277.99354
245.74518
222.1391
224.42878
240.80578
256.74183
228.92777
210.20289
215.95705
234.10575
242.69561
217.8211
202.3329
210.36294
229.67532
235.66242
212.29127
198.42356
207.59207
227.48387
222.43311
201.80264
190.9967
202.32602
223.31725
203.98611
187.19484
180.60738
194.93014
217.45482
186.76994
173.56978
170.91038
188.01799
211.96303
175.70591
164.80031
164.672
183.56691
208.42052
551.80589
490.23908
383.82539
294.73492
252.44285
518.00484
457.94092
358.00674
275.99295
237.54246
468.73693
411.91424
321.7055
249.83627
216.79516
421.26304
368.36052
287.81447
225.44472
197.41017
389.97054
340.08377
266.06936
209.78862
184.94952
68.893591
54.637936
38.906824
27.713842
21.98249
67.701611
53.697855
38.242923
27.244747
21.612439
65.988681
52.344905
37.286134
26.568771
21.079803
64.331374
51.034045
36.357227
25.91124
20.561043
63.236094
50.167898
35.742759
25.475649
20.217357
62.690632
49.736973
35.438371
25.261826
20.050308
61.653896
48.916474
34.856559
24.849099
19.723732
60.198304
47.763795
34.037124
24.266752
19.263247
58.821728
46.672676
33.261455
23.715919
18.827451
57.923842
45.962042
32.757297
23.357012
18.542318
220.9867
175.29677
124.86384
88.964317
70.569916
217.2966
172.37613
122.78869
87.487679
69.399268
212.09404
168.26061
119.86829
85.413625
67.757425
207.21002
164.38783
117.11382
83.456266
66.20743
204.05833
161.89006
115.33438
82.185049
65.197676
17.809075
14.143254
10.103546
7.2393257
5.7813226
17.521324
13.916216
9.9440695
7.1286185
5.6961207
17.114431
13.595473
9.7186065
6.9715928
5.5749285
16.727867
13.289713
9.5027037
6.8210623
5.4588734
16.473635
13.088442
9.3614067
6.7232031
5.3836167
223.34087
321.46455
403.31068
416.81813
395.66464
216.24676
306.6105
378.04722
386.5151
365.06127
203.21649
281.99146
339.50197
342.7889
321.86277
187.02879
254.83186
300.42257
300.44746
280.90222
174.31944
235.22934
274.13897
272.77534
254.52946
167.57607
224.95644
260.84438
259.09618
241.64649
153.57061
204.67864
235.32425
233.18347
217.3463
131.48128
174.50305
199.35181
197.67203
184.47299
109.27861
145.08494
165.67887
165.1493
154.71891
94.396258
125.77274
144.30669
144.83216
136.03378
-177.39853
-283.81014
-253.29213
0.074112653
121.72256
-182.55672
-273.64896
-235.91917
-2.7398397
111.42395
-188.16858
-256.78744
-210.76223
-7.6520004
94.921713
-190.02471
-239.57464
-187.96986
-13.286252
77.704883
-187.88071
-228.82149
-174.82867
-17.581216
65.600483
170.25082
160.47604
161.58339
181.36103
206.66954
159.99813
152.342
155.77861
177.203
203.35052
146.01887
141.23697
147.83376
171.48931
198.7719
133.19689
131.04436
140.51021
166.2033
194.52142
125.06448
124.56991
135.8663
162.83456
191.77527
121.09327
121.43058
133.59287
161.14646
190.40924
113.71469
115.52078
129.29183
158.01666
187.86169
103.77601
107.53246
123.47469
153.67894
184.23056
94.824684
100.35194
118.08746
149.52753
180.73587
89.299343
95.670794
114.55256
146.94808
178.50408
226.88845
197.34286
158.52984
132.64588
123.48795
204.02939
177.88671
144.10089
122.27484
115.19462
173.23483
151.77387
124.7863
108.36699
104.05318
145.52736
128.44189
107.54932
95.886831
94.020116
128.16045
113.91804
96.869869
88.213088
87.866553
57.480956
45.610077
32.504282
23.175772
18.399397
56.640216
44.939946
32.025201
22.834839
18.129298
55.465399
44.006919
31.359695
22.358401
17.749221
54.361222
43.126202
30.72388
21.90021
17.385282
53.634359
42.538354
30.302207
21.603886
17.151114
53.264434
42.251876
30.103188
21.454878
17.024612
52.583642
41.705347
29.696801
21.154166
16.785285
51.590437
40.894888
29.1052
20.731364
16.448842
50.575911
40.092788
28.530972
20.299686
16.085667
49.929618
39.556499
28.086803
19.952469
15.816145
187.98656
149.11428
106.1865
75.621007
59.963155
185.69092
147.25839
104.8327
74.651428
59.195979
182.39679
144.61511
102.93695
73.285242
58.090206
179.24256
142.09459
101.07002
71.887891
56.954259
177.12397
140.28772
99.70559
70.931241
56.220659
15.123015
12.012526
8.595485
6.1837149
4.9623393
14.91303
11.847998
8.4768844
6.0944819
4.8881666
14.612539
11.60226
8.2914143
5.9565512
4.7777007
14.282332
11.331905
8.0981617
5.8205484
4.6683943
14.049211
11.157708
7.9737701
5.7187232
4.5768116
87.038548
116.18057
133.57905
134.94815
127.33678
72.752646
98.03067
114.00276
116.59157
110.75316
51.988405
72.854394
87.881163
92.544554
88.969575
32.928593
49.297921
63.671796
70.9649
70.182132
19.728499
33.892277
48.94133
57.44807
57.660862
13.434305
26.464359
40.860982
51.701385
53.377885
7.2579592
16.47469
28.411683
37.28505
38.150101
-10.837494
-3.3025021
10.712383
22.110599
25.908767
-3.5301374
-0.9771293
2.8479126
8.6927697
9.5287483
-5.8179338
2.7790521
12.784547
24.727008
36.247298
-153.05929
-166.03998
-123.94934
-42.23744
1.3073101
-137.89052
-154.0948
-116.57595
-47.554521
-6.0301825
-113.97168
-128.97523
-98.796873
-41.235684
-16.252047
-87.46334
-84.17916
-66.955486
-37.169908
-12.498219
-50.481416
-32.61792
-7.7345454
4.0074431
-6.0638152
86.392144
93.456731
113.03175
145.53198
177.1184
81.368965
89.442541
109.7045
142.74831
174.70466
74.613154
83.38284
104.82701
138.83256
171.04958
67.631361
78.014052
100.45433
134.33527
166.43637
63.90012
74.239955
96.293327
130.78721
163.23512
62.403874
71.72621
93.987649
129.28174
161.61754
54.911644
66.632542
90.857982
124.70029
156.4282
47.413003
58.758398
80.768965
114.43627
145.58785
33.815075
40.577593
62.490488
97.039036
127.79552
17.601526
31.337666
42.680201
63.088029
90.677039
52.831555
51.136444
47.922285
50.506487
57.816751
35.844372
34.502152
38.908182
47.04547
51.672523
27.413909
30.664488
30.036396
31.580419
41.332137
7.4170572
4.4126209
13.138096
30.652618
33.583879
41.17989
46.059641
23.003653
-5.4035653
9.7102994
49.530798
39.187987
27.83422
19.810867
15.715109
48.719588
38.57376
27.41596
19.483011
15.417813
47.55493
37.614758
26.634411
18.846181
14.887636
45.99298
36.225978
25.579862
18.104954
14.298022
44.449466
35.117348
24.85573
17.486074
13.67013
43.997954
34.704263
24.32186
16.876424
13.091479
42.07538
32.688865
22.42978
15.351481
11.871135
35.599506
27.278104
18.61233
12.847551
10.034774
29.306812
22.888199
16.035592
11.281094
8.8702513
22.744103
17.885948
12.589994
8.8470909
6.9515956
160.85796
126.54829
88.902144
62.74012
49.606495
156.3405
123.07321
86.674736
61.018542
47.778642
145.07482
113.31295
78.316934
53.364765
40.782901
127.89426
97.344922
64.310918
43.164053
33.385491
90.718986
66.584504
46.110707
32.705772
25.622115
11.492786
8.912583
6.1711472
4.3223275
3.4223528
10.420133
8.1019868
5.6527155
3.9939855
3.1772183
8.8587304
6.9624798
4.9201757
3.5030246
2.793407
7.8470045
6.1719233
4.3471953
3.0782289
2.4462193
6.1467554
4.8396371
3.4238091
2.4396466
1.9485126
