FiniteElementSpace
FiniteElementCollection: L2_2D_P4
VDim: 2
Ordering: 0

1.7941486
1.4472635
1.0774945
0.834682
0.72611547
1.7802348
1.4372198
1.0717516
0.8321453
0.72555594
1.7579973
1.4212056
1.0630337
0.82888898
0.7252423
1.7342653
1.4039049
1.0534563
0.82631532
0.72719076
1.7176373
1.3929257
1.0482031
0.82466302
0.72838869
0.80527214
0.93977549
1.2315761
1.6683108
2.0743949
0.8162331
0.95016921
1.2406827
1.6756132
2.0811776
0.83462477
0.96566688
1.2527022
1.6856998
2.0908095
0.85703192
0.9845346
1.2670203
1.6956279
2.0975864
0.8767561
0.99958821
1.2779738
1.7031467
2.1017218
7.1981465
5.7174732
4.0919133
2.9488445
2.3748142
7.2097595
5.7248146
4.0958358
2.9499205
2.3725642
7.2154108
5.7283453
4.0961089
2.946676
2.3665524
7.2089763
5.7217659
4.0887379
2.9378119
2.3567212
7.1963137
5.7101945
4.078053
2.9288507
2.3491204
0.94563029
0.88101197
0.86845906
0.95229721
1.0694779
0.92372206
0.86239974
0.85310811
0.94055439
1.060617
0.89903697
0.8414018
0.83638309
0.92693991
1.0488184
0.878896
0.82434042
0.82328313
0.91696771
1.040374
0.86739031
0.81496295
0.81598961
0.9109928
1.0351847
1.6553036
1.3621643
1.0558433
0.86970564
0.80291568
1.6740342
1.3955113
1.1061912
0.92692418
0.85731165
1.6958433
1.4445161
1.2030118
1.0772509
1.0416062
1.7046687
1.4745906
1.2771943
1.2226044
1.2577725
1.7132291
1.4946964
1.3149413
1.2843727
1.3464981
1.1552384
1.2255106
1.4379652
1.7855616
2.1241236
1.2600354
1.2942004
1.4499715
1.7756481
2.1213703
1.5275661
1.4923268
1.579958
1.8431446
2.1365201
2.1380329
2.0590186
2.0105733
2.0563077
2.1784317
2.9820435
2.6901884
2.3234895
2.1647674
2.2008356
6.9310652
5.4809204
3.8864804
2.7776686
2.2247672
6.8215023
5.3876515
3.8265
2.7277835
2.1675514
6.544599
5.1456187
3.5979414
2.5037758
1.9592347
5.9263543
4.5473543
3.0890382
2.1383551
1.6917812
5.077082
3.8977303
2.7373189
1.9640871
1.5743103
0.7822854
0.73875493
0.75338361
0.8614982
0.99370045
0.7457229
0.71120126
0.73585341
0.85049311
0.9855754
0.69914937
0.67766931
0.71468216
0.83648936
0.97470019
0.66283868
0.64958188
0.69468559
0.82193605
0.96296811
0.63491426
0.6271922
0.67875469
0.81071706
0.95413133
1.8880158
1.7834388
1.8045544
2.0361915
2.3296716
1.8864792
1.7839324
1.8094706
2.051974
2.3571538
1.8710835
1.7767802
1.814511
2.0674424
2.3770165
1.8523393
1.764822
1.8100832
2.0691489
2.3838967
1.836459
1.7526602
1.8029466
2.0680637
2.3875085
7.0408856
5.593155
4.003065
2.8889771
2.3380117
7.1079194
5.6406819
4.03917
2.9138265
2.3433396
7.1806971
5.6964949
4.0663202
2.9188946
2.340861
7.2239794
5.7281452
4.0860379
2.9269077
2.3390098
7.2425119
5.7421756
4.0943921
2.9297751
2.3366772
0.95919115
0.77891227
0.59193038
0.47222375
0.41260794
0.88747789
0.72832698
0.54922181
0.42674469
0.37131493
0.80400862
0.65777173
0.49956293
0.39064112
0.33841353
0.74653817
0.60892856
0.45960399
0.36009772
0.31471096
0.71656526
0.58441199
0.44032147
0.34317459
0.2995103
0.37420325
0.42843063
0.54550868
0.72074054
0.88462506
0.3557351
0.40970093
0.52881278
0.70775464
0.87433605
0.34319127
0.39784015
0.51689858
0.69599429
0.86319411
0.33317711
0.3896996
0.51057326
0.69026558
0.85734199
0.3273502
0.38427481
0.50615855
0.68685858
0.85437297
1.7012231
1.6387867
1.711367
1.9921206
2.3199896
1.6533543
1.595789
1.6755641
1.9603187
2.2884867
1.5557446
1.5120413
1.6094329
1.9068939
2.2390583
1.4505031
1.4246154
1.5347606
1.8361154
2.1703709
1.3773151
1.3643416
1.4839819
1.7806497
2.1037673
7.1965373
5.697091
4.0482126
2.8805407
2.2844698
7.1599837
5.6665204
4.0237193
2.8587362
2.2644891
7.0851081
5.6031334
3.9719132
2.8179438
2.231053
6.9739567
5.5076673
3.9004876
2.7619628
2.1790419
6.8682669
5.4263704
3.8300716
2.6920476
2.1172138
0.61281893
0.49575427
0.3704412
0.28830713
0.25217508
0.59885874
0.4834677
0.36098682
0.28137176
0.24639616
0.57700433
0.46524605
0.34673005
0.26939932
0.23528921
0.55298267
0.44306005
0.32534107
0.24859758
0.21539314
0.52540701
0.41575366
0.30083854
0.22822497
0.19763639
0.30367096
0.36115477
0.48210713
0.6608459
0.8268157
0.29824013
0.35582997
0.47658534
0.65400507
0.81837554
0.28753241
0.34469251
0.46501712
0.64173244
0.80461102
0.27542918
0.33154315
0.44856121
0.62141315
0.78254637
0.26350325
0.32057299
0.43703688
0.60484097
0.75973406
2.2078999
2.7831809
3.9224441
5.5223857
6.9687846
2.2487294
2.8277683
3.9636031
5.5706842
7.0376423
2.2805523
2.8620137
4.0100763
5.6365832
7.1153849
2.3024564
2.8896542
4.0455136
5.6789573
7.1647337
2.3161558
2.9041117
4.0606188
5.6974148
7.1872778
0.74196665
0.87614356
1.1608929
1.5804586
1.9705149
0.76137601
0.89347242
1.1780492
1.6052491
2.0053948
0.77738706
0.91169259
1.2018708
1.6348069
2.036892
0.79210879
0.92731744
1.2181746
1.6520176
2.0564787
0.80165984
0.93589263
1.2262656
1.6621153
2.0692739
2.1556998
1.8109208
1.4638075
1.2802972
1.2403007
2.1474571
1.7829212
1.4240657
1.2284481
1.1683035
2.144329
1.7718734
1.3901236
1.1645942
1.0863175
2.1385809
1.7557922
1.3611488
1.1219604
1.0305946
2.1343659
1.7457539
1.3445882
1.0984822
1.0013496
6.9725526
5.5485696
3.9889795
2.9035197
2.3727666
7.0417757
5.5978982
4.0264564
2.9294071
2.3789441
7.1182586
5.6568016
4.0559655
2.9362753
2.3779692
7.1661099
5.6922484
4.0786073
2.9465659
2.378033
7.1883373
5.7094278
4.0894355
2.9512801
2.3771793
1.2588487
1.4473358
1.8658071
2.5027802
3.0991011
1.2229485
1.4217188
1.8479972
2.4847993
3.0788926
1.1901532
1.3913693
1.8241043
2.4671078
3.0637129
1.1693108
1.3738573
1.8086906
2.4534949
3.0517841
1.1557347
1.3637617
1.8018245
2.4474127
3.0455768
1.2009056
1.0866546
1.0274647
1.0863365
1.1881359
1.1292633
1.0360635
0.98460984
1.0405195
1.1463434
1.0460627
0.96565724
0.93491709
1.0041815
1.1130571
0.98909265
0.91719393
0.89519188
0.97373936
1.0893541
0.95968211
0.89315482
0.87624424
0.95700969
1.0742785
5.8467102
4.6437809
3.3217226
2.3888567
1.9172471
5.7727741
4.5864478
3.2830519
2.3636003
1.8986249
5.6641951
4.5019606
3.225535
2.3264221
1.8727627
5.5583081
4.4213086
3.1721504
2.2921305
1.8488233
5.4875277
4.3702869
3.1436008
2.2789615
1.8422264
0.67883913
0.6282992
0.615017
0.67267852
0.75550354
0.67992411
0.63102399
0.6199675
0.68031437
0.76555301
0.68148967
0.63557149
0.62920273
0.69459809
0.78347777
0.68535815
0.64294008
0.6415488
0.71253328
0.80575171
0.68824652
0.64999617
0.65363752
0.72891718
0.82597223
0.68982678
0.65215543
0.65960479
0.73976505
0.83899815
0.69946129
0.66457292
0.67545268
0.76152111
0.86651918
0.71452082
0.6881764
0.71028872
0.80646295
0.92067479
0.7383009
0.7169959
0.75467946
0.87314376
1.0009367
0.77308461
0.75731519
0.79370808
0.92109886
1.0705513
1.7079037
1.3861962
1.046261
0.82636334
0.73046436
1.6931194
1.375684
1.0413141
0.82796003
0.73719718
1.6730082
1.3639769
1.0387163
0.83261017
0.74782321
1.6539582
1.3546253
1.0434941
0.84945098
0.76993221
1.6491377
1.3529329
1.0474917
0.8653967
0.79829002
2.3203278
2.9076197
4.0660143
5.7059911
7.1971242
2.3277783
2.9164271
4.0765212
5.7173376
7.2095165
2.3371962
2.924942
4.0835856
5.7236155
7.2156422
2.3425714
2.9276775
4.0829507
5.719822
7.2097652
2.3442625
2.9261746
4.078756
5.7123286
7.1980668
2.3462752
2.9283174
4.0760459
5.704085
7.18807
2.346879
2.9233743
4.0649919
5.686654
7.1655581
2.3462778
2.9126392
4.041983
5.6508744
7.117385
2.3465109
2.9051817
4.0120633
5.5916868
7.0406729
2.3397072
2.8788188
3.9742867
5.5421956
6.9713648
0.88980913
1.0105095
1.2830346
1.7035784
2.1025353
0.91777082
1.0329526
1.2988152
1.7129937
2.1061926
0.97126277
1.0738224
1.3265135
1.7281272
2.1111611
1.0506159
1.1356014
1.3590055
1.738167
2.1134967
1.1205862
1.1858577
1.3976501
1.765445
2.1212216
2.1332041
1.7448961
1.3389502
1.0867693
0.98730843
2.1286525
1.7367827
1.3270705
1.0703476
0.96582739
2.1212285
1.7260267
1.3115477
1.049745
0.94121787
2.1109753
1.7151919
1.2985349
1.0328861
0.92110525
2.1037546
1.7074209
1.2888688
1.0217655
0.90924523
2.0983617
1.7008995
1.2831235
1.0172888
0.90489211
2.0852679
1.6903543
1.2743111
1.0076336
0.89394884
2.0652171
1.6725483
1.2571321
0.99074037
0.87761583
2.0333014
1.6425004
1.2326844
0.97168079
0.86054719
1.9981301
1.617429
1.2152382
0.95401057
0.84072959
7.1862765
5.7014295
4.0724549
2.9251041
2.3446707
7.163651
5.6828369
4.0571155
2.9102829
2.3304959
7.1140906
5.6402332
4.0213805
2.8822358
2.3080905
7.0360628
5.5740753
3.9746767
2.8477608
2.2760128
6.9669551
5.5255858
3.9333981
2.8031103
2.2351514
1.150158
1.3576177
1.7974825
2.4452741
3.0441025
1.1426636
1.3511353
1.7910262
2.4395424
3.0394816
1.1318566
1.3424606
1.7845776
2.4340127
3.0341909
1.1239679
1.3353586
1.7787294
2.4294611
3.0303244
1.119188
1.3312856
1.7753046
2.426627
3.0279357
1.1165126
1.3293431
1.7741438
2.4255697
3.0267335
1.1128188
1.3260101
1.7712174
2.4230487
3.024403
1.1060403
1.3196689
1.7654801
2.4180595
3.020014
1.0947258
1.3099058
1.7580845
2.4126758
3.0156665
1.0853491
1.3028673
1.7535339
2.4096717
3.0133001
0.86302336
0.81080752
0.8120467
0.90754817
1.0322432
0.85218902
0.80140153
0.80492719
0.90246049
1.0281609
0.83682008
0.78888153
0.79550202
0.89477193
1.0211064
0.82049279
0.77392518
0.78139098
0.88163366
1.0090925
0.80006751
0.75361834
0.76360559
0.86796062
0.99836888
5.4504278
4.3435792
3.1300154
2.2765887
1.8461158
5.379005
4.2915367
3.1024295
2.2714587
1.8561637
5.2738441
4.2136199
3.0579739
2.2577607
1.8647954
5.1709404
4.1372638
3.0131473
2.2394424
1.8639926
5.102444
4.0872547
2.9855567
2.2307919
1.8671921
5.0893901
4.090419
3.0141096
2.2904637
1.9540158
5.0241576
4.0428266
2.9879636
2.2825427
1.957542
4.9293359
3.972636
2.9472022
2.2667465
1.9584879
4.8368109
3.9042347
2.9088839
2.2569158
1.9698741
4.7757877
3.8597643
2.8861792
2.2552275
1.9827725
0.78013515
0.78030354
0.83915293
0.96507868
1.1062671
0.83188538
0.82614955
0.89681315
1.0573835
1.2156197
1.0317353
1.0437483
1.1213071
1.2971491
1.4912811
1.2901915
1.402167
1.6254576
1.8923108
2.1072948
1.4012573
1.5713558
1.9735761
2.5394048
2.9545855
1.8975547
2.2194123
2.9174579
4.0239085
5.1752096
2.0092473
2.3890263
3.2657282
4.6708819
6.0222008
2.2678892
2.7473461
3.7693662
5.2651476
6.6370858
2.4668583
2.9637866
3.9923515
5.5030328
6.9105468
2.5173005
3.00822
4.048376
5.593393
7.017706
1.8162694
1.6366647
1.5350473
1.617339
1.7827943
1.8263887
1.6579302
1.5733933
1.6792282
1.8713816
1.8372772
1.6894471
1.6482946
1.824762
2.0874623
1.8608341
1.7395793
1.745619
1.9750896
2.2713941
1.8807753
1.7736551
1.7960779
2.0320197
2.325371
2.336912
2.858797
3.9340697
5.5025954
6.9366454
2.3402123
2.869247
3.9225266
5.4342481
6.832098
2.3250809
2.801716
3.7923597
5.2356798
6.5638487
2.282323
2.5876602
3.3606469
4.6674997
5.9514981
2.2589225
2.4781579
3.0465103
4.0347854
5.1056235
2.1952346
2.1469428
2.2858538
2.628291
2.899559
2.171885
2.0374256
1.9716151
1.9953876
2.053429
2.1284323
1.8226392
1.539088
1.4262837
1.4400737
2.1115698
1.7534206
1.4072275
1.2259282
1.1699186
2.1130233
1.7620822
1.3939511
1.1558131
1.0634886
5.1868092
4.0955727
3.0832166
2.4951477
2.2637092
6.0309746
4.7268068
3.3960834
2.6034564
2.2858968
6.6405175
5.2926206
3.8258534
2.8157829
2.3269771
6.905611
5.4885474
3.9539245
2.8815637
2.3404872
7.0077337
5.5548675
3.9639156
2.8699011
2.3361246
1.9898033
1.6082391
1.1998479
0.93481228
0.82195592
1.9285222
1.5421696
1.136811
0.88345132
0.78044503
1.7341035
1.3788366
1.0214853
0.8082609
0.72547969
1.5076813
1.2204397
0.92881179
0.75207762
0.68366748
1.4119676
1.1497805
0.87845798
0.71419437
0.65269657
0.97184429
0.81204448
0.65174231
0.56299719
0.5380381
0.87621483
0.74147449
0.60149168
0.52524669
0.50722616
0.64975796
0.58317845
0.50911656
0.469559
0.46605509
0.45513775
0.41991843
0.39426117
0.39526587
0.4122982
0.39360969
0.35387283
0.3316853
0.34481537
0.37201174
2.8551196
2.4116241
1.7913043
1.3131426
1.0744395
2.0057577
1.761914
1.4395159
1.1388259
0.95693158
1.3866189
1.1629331
0.93012076
0.77311443
0.68932264
1.1078049
0.91936712
0.70052427
0.54851606
0.4807041
0.99624057
0.82447223
0.63946747
0.49806289
0.42321186
1.081386
1.2999605
1.7515563
2.4082066
3.012077
1.0744193
1.2946521
1.7478336
2.4054317
3.00972
1.0648068
1.286969
1.7421549
2.4011129
3.0060656
1.0542768
1.2784528
1.7358676
2.3963742
3.0020767
1.0464205
1.2722033
1.7313004
2.3929052
2.9991223
1.0235363
1.2546331
1.7193123
2.384626
2.9925921
1.0157527
1.2484258
1.7147468
2.3811211
2.9895773
1.0053574
1.2399564
1.7083769
2.376168
2.9852783
0.99592353
1.2322934
1.7024907
2.3713998
2.9809978
0.98911997
1.2269981
1.6985375
2.3681556
2.9780143
0.53531121
0.55152873
0.62798659
0.7764876
0.92792974
0.50761855
0.52931977
0.61217332
0.76533666
0.91913035
0.47199239
0.50179686
0.5925774
0.75103117
0.90755353
0.4266196
0.46924767
0.57210314
0.73747483
0.89696104
0.39122992
0.44265869
0.5552713
0.72691811
0.88912701
4.7445589
3.8376955
2.8759921
2.2550958
1.988113
4.6889902
3.7982825
2.8547542
2.2460241
1.9839966
4.6051509
3.733629
2.8109736
2.2172746
1.9637701
4.5160187
3.6632527
2.7623923
2.1852489
1.9407723
4.4556977
3.6161019
2.7291204
2.1619278
1.922754
4.4253787
3.5908086
2.709879
2.1477398
1.9116049
4.3619124
3.5397428
2.6739095
2.1229206
1.8923914
4.2683129
3.4654565
2.6200725
2.0828067
1.8590677
4.171258
3.3837311
2.5553333
2.0320579
1.8169839
4.0863047
3.3120179
2.5035667
1.9961674
1.7879929
2.5239156
3.0306037
4.0929455
5.6361737
7.0519684
2.5583626
3.0699001
4.1300459
5.6813557
7.1182064
2.5799411
3.0956872
4.1701221
5.7423146
7.1917089
2.5905611
3.1140585
4.1983656
5.778881
7.2359717
2.5959093
3.1212483
4.2075565
5.7926659
7.2545027
2.594589
3.1201626
4.2095464
5.7984721
7.2618135
2.5915045
3.1202501
4.2131256
5.8041368
7.2692097
2.5833284
3.1136429
4.2078484
5.8001435
7.2660294
2.5651901
3.0960289
4.1903441
5.7815675
7.2464212
2.5456795
3.0755647
4.1694217
5.7602318
7.2229978
1.8265049
1.7457675
1.8002933
2.0678635
2.3869203
1.8103944
1.7333917
1.7913954
2.0609712
2.3818044
1.7806528
1.708323
1.7721852
2.0474198
2.3718967
1.7429663
1.6779924
1.7496356
2.0283843
2.3532927
1.7162041
1.6539401
1.7278475
2.0086476
2.3342279
2.1092217
1.7410814
1.3526903
1.1150454
1.0275453
2.1003248
1.7125564
1.3125697
1.062943
0.95537596
2.0959411
1.7004637
1.2778574
0.99855314
0.8729916
2.0885316
1.6830261
1.2478691
0.95515808
0.81665133
2.0830059
1.6718688
1.2303952
0.93094615
0.78677953
2.080879
1.6701631
1.224096
0.91870619
0.77227831
2.0743404
1.6603676
1.2109046
0.90128966
0.74999
2.0633179
1.6465939
1.1930491
0.87886506
0.72381025
2.0485215
1.6319502
1.1769971
0.85945206
0.7014006
2.0373232
1.6206874
1.1644051
0.84608028
0.68775597
7.249854
5.748182
4.0954374
2.9262774
2.3333617
7.2570301
5.7518391
4.0963724
2.9248122
2.3288597
7.2540632
5.7478178
4.0904422
2.9166637
2.3187679
7.2348305
5.7304329
4.0750021
2.9017762
2.3038844
7.2117086
5.7107314
4.0580706
2.8876824
2.2918775
0.38515286
0.34475771
0.31663114
0.32618808
0.3539787
0.34987614
0.31994623
0.29997312
0.30991061
0.33601487
0.31758185
0.29027733
0.27708344
0.29364423
0.32263698
0.29682391
0.27298532
0.26211747
0.28072879
0.31159397
0.28315359
0.26281034
0.25521711
0.27476181
0.30566148
0.27744415
0.25656487
0.25077443
0.27248431
0.30405335
0.26953478
0.24973476
0.2440707
0.26652761
0.29914952
0.25790471
0.24021846
0.23674548
0.2601163
0.29296398
0.24885938
0.23189792
0.22943199
0.25375458
0.28709727
0.24258148
0.22643248
0.2247845
0.24958154
0.28297905
0.70205502
0.57189221
0.43226704
0.33827418
0.29456614
0.67947643
0.55271877
0.41641647
0.32604199
0.28523663
0.65338855
0.53047569
0.39863858
0.31151552
0.27257221
0.63114485
0.511574
0.38404235
0.30027816
0.26293376
0.61807411
0.50085023
0.37540598
0.29281558
0.25621092
0.98527102
1.2240953
1.6964399
2.3664422
2.9764251
0.97624834
1.2171698
1.6916449
2.3627969
2.973131
0.96558658
1.2075722
1.6836681
2.356098
2.9669651
0.95961757
1.2013341
1.6771153
2.3493024
2.9599773
0.95669431
1.1982807
1.6735108
2.3449684
2.9550695
0.95464568
1.1964434
1.671674
2.3427732
2.952537
0.95083497
1.1923752
1.6672698
2.3377805
2.946878
0.94515431
1.186014
1.6595668
2.3284392
2.9361473
0.93768567
1.1777899
1.6496855
2.3160351
2.9216448
0.93164763
1.1704046
1.6406485
2.3052504
2.9088427
0.32576089
0.38250512
0.50401498
0.68457174
0.85219976
0.32141905
0.37894279
0.50085084
0.68122981
0.84853112
0.31540952
0.37319969
0.4954465
0.67590552
0.84304798
0.30971263
0.3677067
0.48983629
0.66956579
0.83592977
0.30552701
0.36325844
0.48511475
0.66473291
0.83054962
4.0358824
3.2748718
2.4796843
1.9790099
1.7727805
3.9574725
3.2097247
2.4229893
1.9257536
1.7223146
3.7801438
3.0461852
2.2797476
1.8046313
1.6165716
3.4523658
2.7658244
2.0696826
1.6549519
1.4983501
3.1711341
2.5514146
1.9250774
1.5537689
1.4169468
3.0410098
2.4526367
1.8531275
1.4949394
1.3632922
2.8416401
2.2964352
1.7341348
1.3923349
1.2636775
2.4910782
2.0139063
1.5193893
1.2162181
1.099294
2.2055163
1.77717
1.3359171
1.0668033
0.96261615
1.7565696
1.4242459
1.0829602
0.87815854
0.80300994
2.5328999
3.0643185
4.1569349
5.7453953
7.2076723
2.5019887
3.0346794
4.1279607
5.7127406
7.1704754
2.452914
2.982833
4.070013
5.646708
7.0948674
2.386026
2.9159484
3.9920807
5.5482658
6.9829776
2.3125789
2.8372585
3.9163832
5.4646282
6.8767817
2.28733
2.7936633
3.8443936
5.3913245
6.8118253
2.1952245
2.7106585
3.7463794
5.2455887
6.6384961
1.9043536
2.4023275
3.4310864
4.9068176
6.2475923
1.5481307
1.9293922
2.7837975
4.147475
5.4601529
1.3789318
1.6995217
2.3487491
3.3579626
4.4301996
1.3256505
1.3175147
1.447392
1.7552029
2.0808228
1.2262561
1.2148593
1.3395736
1.6492117
1.9827588
1.0638438
1.0463554
1.1419166
1.4056973
1.7066115
0.93057746
0.9110829
0.97911361
1.1744692
1.3979833
0.78244293
0.77866498
0.85771689
1.0471782
1.250444
2.029009
1.6116347
1.1570003
0.84059049
0.68254833
2.0107888
1.5969884
1.1448111
0.82767154
0.66836026
1.9804888
1.5697003
1.1188799
0.80296478
0.64504083
1.9295435
1.5227578
1.081382
0.77418864
0.61973797
1.8762943
1.4843971
1.0549228
0.74903441
0.59263926
1.8611873
1.4692357
1.03324
0.72348569
0.56803028
1.7773695
1.3815631
0.95141447
0.65729482
0.51445253
1.5276893
1.172424
0.803419
0.55976257
0.44219345
1.2420665
0.97085977
0.68301956
0.48458286
0.38495605
1.1240682
0.88238349
0.61863765
0.43524111
0.34402066
6.8034525
5.3542975
3.761114
2.6536663
2.0989908
6.6308128
5.2110743
3.6685044
2.5796014
2.0188491
6.2410216
4.8768042
3.363202
2.2880024
1.750454
5.4545555
4.1214533
2.7247537
1.8297716
1.4138615
4.425682
3.336795
2.3006953
1.6185445
1.2699371
0.23877408
0.22332233
0.22253249
0.24770399
0.28114122
0.23340811
0.21814305
0.21722191
0.24222755
0.2756632
0.22269524
0.20792085
0.20728107
0.23208497
0.26514273
0.20348084
0.19027459
0.19230926
0.21933788
0.25306466
0.18680692
0.17512672
0.17832829
0.20614225
0.24066708
0.17950052
0.16829111
0.17086268
0.19707474
0.23046742
0.16656725
0.15607198
0.15749982
0.18003506
0.20955227
0.14818024
0.13869132
0.13925006
0.15749456
0.18144259
0.12785284
0.11964145
0.12042541
0.13662239
0.15739668
0.11325228
0.10592929
0.10657815
0.12104801
0.13978091
0.50211116
0.3961846
0.28694362
0.21862481
0.18979916
0.45477588
0.35997163
0.26283902
0.20193947
0.17593362
0.39299983
0.31423648
0.23205386
0.17934958
0.15646388
0.34271088
0.27412495
0.20175364
0.155185
0.1350718
0.30557373
0.24369693
0.17895215
0.13752718
0.11965038
0.92820423
1.1668407
1.6355666
2.2983394
2.901192
0.91903808
1.156723
1.6238086
2.2833448
2.8831939
0.90391718
1.1382381
1.6002341
2.2542148
2.848589
0.88138366
1.1137663
1.5687217
2.2119529
2.7991914
0.85499916
1.0840021
1.5384989
2.1765293
2.7530191
0.84697332
1.0674571
1.5092775
2.1460894
2.7253065
0.81384516
1.0364402
1.4696015
2.084328
2.650665
0.70359991
0.91677874
1.343747
1.9445957
2.485826
0.56359533
0.72679218
1.0796252
1.631351
2.1572926
0.50255239
0.63750456
0.90157816
1.3037714
1.7290486
0.25288165
0.30976382
0.42796162
0.5983851
0.75313515
0.22972744
0.28175893
0.39393687
0.56218467
0.71850009
0.19778263
0.23995437
0.3320439
0.47573927
0.61572993
0.17132991
0.20663068
0.28057084
0.3910855
0.49657249
0.15246289
0.18464884
0.25266687
0.35323943
0.44634887
0.054021732
0.047019558
0.041215917
0.039889152
0.041235322
0.061442231
0.053732374
0.047265488
0.045760505
0.047384638
0.072248988
0.063820753
0.057113855
0.056170368
0.058587043
0.083769181
0.074912097
0.068404081
0.068852614
0.072923753
0.092276189
0.083637254
0.077650278
0.078977045
0.084355512
0.22699975
0.24247865
0.26189439
0.27905535
0.29073488
0.27695216
0.29369635
0.31396751
0.33085003
0.34113719
0.37623738
0.39661569
0.41961804
0.43633825
0.44491166
0.51694418
0.54283477
0.57069312
0.58865982
0.59626179
0.64471485
0.67543627
0.70777889
0.72829995
0.73620671
0.69193347
0.71083261
0.72825075
0.73552697
0.73484174
0.57861941
0.58934452
0.59826498
0.59964602
0.59647539
0.46422958
0.46327819
0.45975999
0.45353431
0.44747521
0.39888433
0.38638828
0.37051822
0.35616137
0.34644471
0.37813469
0.35725981
0.33236297
0.31141848
0.29836584
0.1806929
0.14768899
0.11025566
0.08213444
0.066878165
0.15130618
0.12375357
0.09237881
0.069132728
0.056715276
0.11864522
0.097266605
0.072828927
0.054555017
0.044767809
0.095896489
0.078805776
0.059142887
0.04440065
0.036490999
0.084946958
0.069724803
0.052388361
0.039533665
0.032657506
0.1409125
0.14109885
0.15128621
0.175649
0.20292432
0.16208911
0.16748668
0.18609944
0.21801552
0.24908365
0.18720271
0.20039124
0.23648225
0.29315898
0.34416944
0.20674495
0.22378339
0.27124321
0.3513742
0.42909541
0.2221173
0.24053418
0.29035268
0.3749224
0.45933411
2.4568679
2.5544702
2.6536825
2.7132954
2.7308192
3.0902074
3.2096041
3.3335624
3.4024435
3.4201054
4.3422025
4.5000973
4.6486286
4.7221482
4.7396757
6.1399177
6.3463693
6.56289
6.690612
6.7249822
7.8166553
8.1225556
8.4614393
8.6506132
8.6968737
0.59946218
0.50107586
0.39082034
0.30475794
0.25724556
0.70735824
0.58458629
0.44347816
0.34142442
0.28984657
0.9280406
0.76176038
0.58030252
0.44892248
0.37706619
1.2680408
1.0498087
0.78880889
0.57912557
0.46313049
1.6044186
1.2856225
0.90008847
0.62440182
0.48952954
0.083114423
0.069136595
0.052259703
0.039036517
0.031807808
0.093868422
0.07643066
0.056138816
0.04104884
0.033147472
0.10489232
0.083580435
0.060147346
0.043619636
0.035216956
0.11194686
0.089108546
0.064394166
0.047079275
0.038254516
0.11840481
0.094504341
0.068511642
0.050269868
0.040989563
0.25225454
0.25105713
0.25967139
0.28222653
0.30642282
0.27618306
0.27348529
0.27849196
0.2937915
0.31026673
0.33193128
0.32577298
0.32395266
0.33067593
0.34074344
0.41500354
0.40569587
0.39877117
0.3992079
0.4034944
0.49247094
0.48123527
0.47087375
0.46659723
0.46671555
2.2473881
2.3353368
2.4185507
2.4577566
2.4651354
1.8188842
1.8857496
1.9522479
1.9860822
1.9926224
1.3562349
1.4023303
1.4471824
1.4697872
1.4734435
1.0462793
1.0752576
1.1024064
1.1134763
1.1128686
0.90249367
0.92053986
0.93652111
0.94175344
0.93945362
0.53972984
0.44207175
0.33648817
0.26213302
0.22181575
0.46323699
0.38502964
0.29552298
0.23038285
0.19698154
0.37983685
0.32097722
0.25465452
0.20529404
0.17882113
0.32906155
0.2841839
0.23333838
0.19610226
0.17637466
0.31093952
0.2738512
0.2311594
0.19928323
0.18258448
0.090721753
0.081071982
0.069182167
0.059246969
0.053367598
0.0886858
0.080180287
0.07034965
0.062509095
0.057833473
0.095328497
0.088184122
0.079623389
0.07273163
0.068646261
0.11059605
0.10489928
0.097678826
0.091318814
0.087245364
0.12685075
0.12171428
0.1152024
0.10925854
0.10523428
1.5837994
1.557879
1.5240242
1.492456
1.4709919
1.96212
1.9319172
1.891047
1.8511117
1.8229886
2.6879474
2.6468978
2.5918958
2.5389934
2.5014127
3.6785617
3.6254639
3.5542431
3.4856234
3.4375093
4.5539263
4.4958271
4.4168641
4.3363826
4.2765844
0.85762189
0.81811386
0.77083963
0.73326299
0.71197392
0.97836163
0.92581578
0.86435992
0.81710009
0.79064508
1.2362968
1.1613512
1.0750411
1.0090141
0.9725663
1.6138715
1.5106745
1.3907778
1.30135
1.2540877
1.9584107
1.828399
1.6840135
1.5786564
1.5202686
0.48855981
0.47228016
0.45346685
0.43891726
0.43073749
0.58294726
0.56740621
0.54908324
0.53474265
0.52666125
0.77160303
0.75554988
0.73679263
0.72235391
0.71428076
1.0387178
1.02164
1.0017613
0.98605422
0.97691557
1.2829345
1.2647283
1.242435
1.2238773
1.2128039
0.39720222
0.39217108
0.38402829
0.37455509
0.36704953
0.49237735
0.48690722
0.47778898
0.4666091
0.45739882
0.67642091
0.66957198
0.65820216
0.64427684
0.6325323
0.93190403
0.92321012
0.9082485
0.88983027
0.87474236
1.1601268
1.1506663
1.1337785
1.1113776
1.0920258
0.24686977
0.28645268
0.35849044
0.46008572
0.55390349
0.23178911
0.26410052
0.32611887
0.41044385
0.48370192
0.23147545
0.25629471
0.30114067
0.36008787
0.41195374
0.25298848
0.27037871
0.30132606
0.34196184
0.3771735
0.28050529
0.29420181
0.31824357
0.34839702
0.37358054
0.11749327
0.13297921
0.16048204
0.1970252
0.22869256
0.12294954
0.13800637
0.1631808
0.19344206
0.21792252
0.14334632
0.15696837
0.17768567
0.20124131
0.22039033
0.17750124
0.19079326
0.20980185
0.22980278
0.2447403
0.21102635
0.22516718
0.24403227
0.26181434
0.27390984
2.4228393
2.4116921
2.3663048
2.2756713
2.1816386
1.9402193
1.9289478
1.8873753
1.8116042
1.73715
1.4017196
1.3915703
1.3583835
1.3009238
1.2445443
1.0146094
1.0064131
0.98107268
0.93693375
0.89409084
0.81763295
0.80919499
0.78646241
0.74962538
0.71458351
2.1982228
2.2883406
2.3740802
2.4151993
2.4236101
1.7584684
1.8278619
1.8973127
1.9333976
1.9411589
1.2744027
1.323678
1.3722749
1.3977538
1.4029739
0.93513674
0.96817596
1.000116
1.0148763
1.0162904
0.76535597
0.7882081
0.80988452
0.81954262
0.81967446
0.1646271
0.13276376
0.09689825
0.071278371
0.057841603
0.13534
0.11072442
0.081519649
0.058965209
0.046703035
0.10299406
0.083813057
0.062014528
0.045345777
0.03596956
0.079782518
0.064935958
0.047637446
0.034601126
0.027507738
0.066460859
0.054648904
0.040441967
0.029175605
0.022927945
0.50138566
0.40385272
0.2983369
0.22390882
0.18345514
0.41562595
0.33762777
0.24830569
0.18321724
0.1497768
0.31444797
0.25594661
0.19001383
0.14090516
0.11453341
0.23917526
0.19483066
0.14460963
0.10785539
0.088392477
0.19919534
0.1627819
0.12090292
0.089688692
0.073381986
0.22728041
0.18338939
0.13634759
0.10490993
0.090457669
0.2384551
0.19335749
0.14537027
0.11376491
0.099454463
0.25371698
0.20728417
0.15829781
0.1269216
0.11350071
0.26914023
0.22226536
0.1730716
0.1421156
0.12961202
0.27954241
0.23327664
0.18551438
0.15619043
0.14462195
0.041638217
0.046206837
0.056514734
0.07199424
0.086226813
0.048371784
0.053535471
0.065254867
0.08275584
0.098720123
0.060607613
0.067067675
0.081682394
0.10352081
0.12356685
0.07637475
0.084917193
0.10390284
0.13226482
0.15829019
0.089178144
0.10018328
0.12363471
0.15779479
0.18915554
0.088396399
0.10147696
0.12911981
0.16840008
0.2034362
0.10604825
0.12192572
0.15471551
0.2020869
0.24494235
0.13594515
0.15825823
0.20287985
0.26559914
0.32243777
0.17505808
0.20398611
0.26408085
0.34983421
0.42600073
0.21157353
0.24718991
0.31626883
0.41799366
0.51359796
0.083475909
0.076882864
0.073993255
0.078073286
0.084651793
0.093041141
0.086510247
0.08452719
0.091126006
0.10046811
0.1084011
0.10313638
0.10365176
0.1139423
0.12721661
0.12590841
0.12261153
0.12795996
0.14489346
0.16322275
0.14173725
0.13900854
0.14673571
0.16986916
0.19522134
0.29671798
0.30972973
0.33056522
0.35527008
0.37595795
0.34590603
0.35549129
0.36966018
0.38532432
0.39765525
0.44846076
0.45427215
0.46020846
0.46349302
0.46430157
0.59897198
0.60178277
0.60001548
0.5908367
0.57999253
0.73842498
0.73866678
0.73093287
0.71324795
0.69425476
0.81980192
0.8195531
0.80970431
0.78778255
0.76472034
1.0175512
1.0159369
1.0009159
0.96872389
0.93550092
1.405923
1.4003965
1.3745673
1.3257002
1.2762692
1.9459597
1.9377884
1.9012653
1.8315268
1.7620062
2.4298498
2.4209497
2.379326
2.2932945
2.2030774
0.71763649
0.75197455
0.78800792
0.81010451
0.8181667
0.89874394
0.94070157
0.98384708
1.008448
1.0162364
1.2515222
1.306778
1.3629927
1.3952856
1.4049712
1.7465912
1.8196919
1.8939772
1.9345083
1.9452625
2.1929488
2.2854618
2.3744351
2.4186864
2.4292873
0.73248858
0.72412291
0.70262877
0.668842
0.63678847
0.59358939
0.58555992
0.56672246
0.53761045
0.51057159
0.4436819
0.43474292
0.41731747
0.39332874
0.37205578
0.34136136
0.33077425
0.31335953
0.29238011
0.27500486
0.29202465
0.28008383
0.26250736
0.2425938
0.22668568
0.27192432
0.2594609
0.24088535
0.2208298
0.20558716
0.24387532
0.22860968
0.20793433
0.18794992
0.17376215
0.22120069
0.20179734
0.17775606
0.15636382
0.14213116
0.22058407
0.19592582
0.16537336
0.13983298
0.12445799
0.2328037
0.20100353
0.16429867
0.13665932
0.12107476
0.37280889
0.34753243
0.31713218
0.2926766
0.2785828
0.37739992
0.34207461
0.30120718
0.26992595
0.25222965
0.41367886
0.36168167
0.30253735
0.25746664
0.23246403
0.48709408
0.41368816
0.32920274
0.26707178
0.23470251
0.55860876
0.4646245
0.3628878
0.29082275
0.25127801
0.060098154
0.049065477
0.036609568
0.026858538
0.02120695
0.051177201
0.041747436
0.030785036
0.022475279
0.017881405
0.040458777
0.033183731
0.024622556
0.017935612
0.014192365
0.033017363
0.027080228
0.020184631
0.014822691
0.01177179
0.029643884
0.024360958
0.018071402
0.013216086
0.010527484
0.027790281
0.022853051
0.016999196
0.01240843
0.0098495279
0.025675865
0.021111758
0.015826107
0.011735079
0.0094124175
0.02477137
0.020580531
0.015605761
0.01164769
0.0093705949
0.026513354
0.021979015
0.016498045
0.012129555
0.0096552314
0.028345694
0.023130617
0.017037658
0.012395742
0.0098458751
0.07973095
0.065591622
0.049474218
0.037347698
0.030765804
0.073870053
0.060920739
0.045912659
0.034544532
0.028414385
0.07004462
0.057613039
0.043384684
0.032842927
0.02724572
0.071626003
0.059308101
0.045374321
0.034880717
0.029104503
0.077971333
0.065298582
0.050146251
0.038099196
0.031342274
0.26683704
0.22336567
0.179497
0.15392689
0.14477368
0.27525577
0.23229088
0.19026645
0.16842995
0.16316583
0.28645049
0.24403444
0.20369017
0.18548378
0.18460502
0.29848834
0.25672881
0.21753953
0.20108052
0.2021514
0.3080664
0.26694406
0.22891431
0.21405559
0.21646876
0.29743177
0.2585235
0.222941
0.20966877
0.21276852
0.30619139
0.26704578
0.23059519
0.21589683
0.21773576
0.32328863
0.28399336
0.24678649
0.23048932
0.23040092
0.34805687
0.30837785
0.26955598
0.24950781
0.24486958
0.37078103
0.3304416
0.28933429
0.26509218
0.25629902
0.219861
0.26442688
0.34848312
0.45921223
0.55930601
0.26790488
0.31610964
0.41535372
0.55585924
0.67940078
0.37411372
0.44203248
0.5695555
0.74903145
0.91489064
0.47665364
0.58817063
0.79302489
1.0507841
1.2675229
0.51378442
0.64379342
0.9139795
1.2954342
1.6120315
0.51182195
0.64264902
0.91367257
1.2955864
1.6123155
0.49300097
0.60465966
0.80934788
1.0665027
1.2825603
0.41912651
0.486199
0.61205556
0.78925855
0.95314039
0.34655913
0.39281522
0.48868702
0.62500331
0.74507068
0.32614096
0.36785731
0.44715869
0.55218134
0.64762036
0.21687746
0.23667152
0.28800027
0.37355015
0.4583831
0.2214991
0.23947734
0.28784474
0.36841818
0.44620127
0.23322626
0.24675662
0.28288301
0.33911824
0.38957647
0.24497874
0.24994939
0.26754145
0.298005
0.32782178
0.25418422
0.25327704
0.2615659
0.28367233
0.30914574
2.7309701
2.7153719
2.6587039
2.5627625
2.4677009
3.4201598
3.4036886
3.3366135
3.2146347
3.0967486
4.739625
4.7223451
4.6491741
4.5009649
4.3432682
6.7248442
6.6898676
6.5611769
6.343492
6.1360667
8.6966734
8.6492408
8.4582264
8.1171907
7.809536
8.6957467
8.6485224
8.4576876
8.1166871
7.8089825
6.7298502
6.6944793
6.5651186
6.3466087
6.1384984
4.7538641
4.7352735
4.6601275
4.5097423
4.3503557
3.4451111
3.4262927
3.3557583
3.2300442
3.1092984
2.7646212
2.7458482
2.6845283
2.5836184
2.4847688
7.8150571
8.1213278
8.460593
8.6499764
8.6962989
6.147988
6.3538546
6.5695989
6.6965951
6.7304728
4.3652789
4.5211348
4.6671184
4.7384496
4.7546071
3.13061
3.2463135
3.3657095
3.4307353
3.4460213
2.5112828
2.6038703
2.6969047
2.7513326
2.7656859
0.23694732
0.20386492
0.16734737
0.13937455
0.12278566
0.26784716
0.23084106
0.18672102
0.1504421
0.12884732
0.34420691
0.28703503
0.21802636
0.16437697
0.13521467
0.41289591
0.32876852
0.2361146
0.171113
0.13823724
0.43254027
0.34155201
0.24429285
0.1768533
0.14261657
0.43073491
0.33986299
0.24277523
0.17551397
0.1414112
0.40751547
0.32347065
0.23111536
0.16664851
0.13429645
0.33301931
0.27588945
0.20739703
0.15485019
0.12682412
0.24953536
0.21253646
0.16920648
0.13470733
0.11497099
0.21259236
0.17950049
0.14399224
0.118351
0.10422121
1.602521
1.2837771
0.89830471
0.62265996
0.48781145
1.2643968
1.0455874
0.7839847
0.57394537
0.45783392
0.92142791
0.7535983
0.57051282
0.43815456
0.36595969
0.6968795
0.57144526
0.42754029
0.32379384
0.27162119
0.58556494
0.48361181
0.3696065
0.28128615
0.23298352
0.028565183
0.023193203
0.01702003
0.012382012
0.0098554514
0.029692199
0.024024173
0.017639244
0.012894182
0.010307235
0.031612715
0.025687485
0.019041002
0.014089345
0.011366022
0.034489001
0.028227914
0.021170057
0.015873101
0.012934122
0.03704765
0.030470762
0.023055622
0.017464592
0.014337662
0.037480053
0.030971455
0.023616173
0.018040982
0.014899811
0.038142458
0.031959607
0.024884675
0.019411992
0.016255265
0.040382186
0.034556835
0.027778598
0.022354814
0.019097237
0.04458042
0.039042672
0.032397941
0.026841233
0.023353468
0.048557946
0.043342615
0.03681173
0.031084722
0.027352862
0.1183129
0.09459349
0.06880212
0.050694521
0.041473942
0.11384014
0.091567146
0.067465074
0.050551533
0.041897487
0.10993806
0.089805859
0.067643863
0.051938995
0.043878027
0.10270927
0.087180787
0.068943432
0.055176842
0.047819428
0.095153985
0.083688557
0.069502528
0.058013386
0.051502262
0.37188676
0.33260435
0.29177732
0.26651674
0.25651998
0.40350961
0.36285724
0.3197481
0.29219776
0.28082725
0.46752355
0.42572881
0.38073339
0.35087635
0.33744709
0.56147002
0.51801251
0.47034204
0.43741814
0.42152737
0.64710786
0.60189935
0.55208062
0.51705314
0.49962403
0.68873035
0.64444864
0.59507788
0.5596274
0.54163741
0.81144665
0.76456946
0.7116007
0.67299556
0.65294551
1.047406
0.9954021
0.93653601
0.89317218
0.87008718
1.3739954
1.3165045
1.2504215
1.1999992
1.1721571
1.6698873
1.6062964
1.5314219
1.4735167
1.4414412
0.32075093
0.3549898
0.42074579
0.51736569
0.60829578
0.32014075
0.34661911
0.40170624
0.48045126
0.55042838
0.34746551
0.36548537
0.40212994
0.45437375
0.50224912
0.40676515
0.4160366
0.43714737
0.46962696
0.49988706
0.46780353
0.47234773
0.48514309
0.50578931
0.52514317
0.50300147
0.50633455
0.51516721
0.52973134
0.54419447
0.59891844
0.59716097
0.59731947
0.60105673
0.60597188
0.79053565
0.7821379
0.77035138
0.75836184
0.74960251
1.0635282
1.048237
1.0237735
0.99490119
0.97157323
1.3121089
1.290828
1.256181
1.2146676
1.1802384
0.53298545
0.52158024
0.51013724
0.50407036
0.50312121
0.64346295
0.629779
0.615089
0.60544562
0.60112718
0.85934203
0.84219299
0.82173218
0.80523545
0.7955223
1.1593514
1.1375757
1.110422
1.0867002
1.0714193
1.4268713
1.4015761
1.3700225
1.3418684
1.3225596
2.4637048
2.4518682
2.4056979
2.3145021
2.2201896
1.9909748
1.9788556
1.9363118
1.8598242
1.7849993
1.4713815
1.4601015
1.4255977
1.367143
1.3102316
1.1102183
1.1005127
1.0734105
1.0279299
0.98435698
0.93629193
0.92604646
0.90119675
0.86272373
0.82678057
0.86445671
0.85420439
0.83047397
0.79494685
0.76192342
0.75767265
0.74732017
0.72573282
0.69447561
0.66623728
0.66921791
0.6571588
0.63604354
0.60918799
0.58632474
0.65127731
0.63656372
0.61429615
0.58955652
0.57007731
0.67705434
0.66017054
0.6367832
0.61228932
0.59378459
0.84378777
0.85755303
0.86884516
0.87138853
0.86812938
0.76644155
0.77099428
0.77261382
0.76836312
0.76209888
0.72099074
0.71199814
0.69889906
0.68518319
0.67498069
0.75043313
0.72718014
0.69841082
0.67405426
0.65887968
0.81345115
0.77933657
0.73890296
0.70602337
0.68640938
0.20307009
0.17148742
0.13619864
0.11140098
0.098692536
0.18257024
0.15812028
0.12930307
0.10733928
0.095618198
0.16722608
0.14804185
0.12633099
0.10987971
0.10074651
0.16761538
0.15258423
0.13507966
0.12189755
0.11473084
0.17544256
0.16330288
0.14866272
0.13699484
0.13046937
0.18165777
0.17024478
0.15722016
0.14686624
0.14078265
0.20230449
0.19233959
0.18056861
0.17135926
0.16606494
0.24850719
0.24041506
0.23061189
0.22253718
0.21769446
0.31973281
0.31267569
0.30399493
0.29655831
0.29186593
0.38661607
0.37997836
0.37152752
0.36408509
0.35925777
0.30528698
0.27155167
0.23322045
0.2043626
0.18866736
0.30633023
0.27786213
0.24535912
0.22116025
0.20815414
0.33210067
0.30949852
0.2835292
0.2639176
0.25327454
0.3899055
0.37114674
0.3493952
0.33285974
0.32381681
0.4507525
0.43349163
0.41363702
0.39861959
0.39036896
0.050580749
0.045674247
0.039318274
0.033546965
0.029695191
0.055549667
0.051359447
0.04549165
0.039654223
0.035499202
0.066654005
0.062897822
0.057331021
0.051264008
0.046596289
0.085206701
0.081205992
0.075034119
0.06798742
0.062360865
0.10313145
0.098813834
0.091845875
0.083648452
0.076998624
0.11369948
0.10933011
0.10203021
0.093182527
0.0859282
0.13935671
0.13446623
0.12614216
0.11578777
0.10712606
0.18985979
0.18384729
0.17329855
0.15990334
0.14854917
0.26052399
0.25299828
0.23944668
0.22182893
0.20676723
0.32435308
0.31525968
0.29897506
0.27780591
0.25946199
0.1372773
0.13224957
0.12579806
0.11988296
0.11586177
0.16303762
0.1584666
0.15221565
0.14609202
0.14173183
0.21500257
0.21063108
0.20432431
0.19767289
0.19266473
0.2892766
0.28474257
0.27784794
0.27008416
0.26396789
0.35660701
0.3517156
0.3441547
0.33552481
0.32847325
1.8402231
1.7718149
1.6924259
1.6324315
1.5996193
2.2442313
2.1685903
2.0821149
2.0164783
1.9798143
3.0337868
2.9460929
2.8424914
2.7595586
2.7111728
4.1370498
4.0216126
3.882483
3.7716547
3.7082842
5.1023204
4.9568936
4.7871772
4.6578741
4.5866627
5.6572277
5.5011118
5.321181
5.1846032
5.1090971
6.954426
6.7804462
6.5821324
6.4309261
6.3456197
9.4335334
9.2411685
9.0217654
8.8522728
8.7540993
12.974959
12.760489
12.51544
12.325942
12.215864
16.298192
16.066015
15.801116
15.596436
15.477672
1.4590408
1.4354482
1.3953808
1.3466237
1.3066157
1.807609
1.7770878
1.7255767
1.6616633
1.6083757
2.4807066
2.4380535
2.3658336
2.2761344
2.2002546
3.4115545
3.3566597
3.2596988
3.1357501
3.0314825
4.2437843
4.1768727
4.0630674
3.9141258
3.782926
4.7501094
4.6721176
4.538442
4.3753779
4.236143
5.9301021
5.8439981
5.6855783
5.4781862
5.30348
8.2047432
8.0892382
7.8876762
7.62243
7.387463
11.526328
11.351654
11.046099
10.674425
10.369391
14.729788
14.527396
14.133939
13.601692
13.167157
5.073852
5.0127459
4.9311269
4.8488266
4.7860538
6.3053892
6.233712
6.1364947
6.0402113
5.9696272
8.7068943
8.6194187
8.4929738
8.3594097
8.2597556
12.162817
12.062997
11.913248
11.742808
11.605132
15.420608
15.313146
15.152771
14.969778
14.819165
0.70197362
0.68407618
0.65898395
0.63384319
0.61580565
0.77824105
0.75631605
0.72785826
0.70193825
0.68448151
0.95610438
0.92813022
0.89401519
0.86469275
0.84594892
1.2332046
1.1970184
1.1525341
1.1160147
1.0945399
1.4930235
1.4463893
1.3925035
1.3520268
1.3294864
1.644157
1.5951899
1.5406336
1.4990151
1.4748116
2.0220781
1.9667057
1.9009853
1.8477666
1.8166227
2.7709961
2.6885396
2.5895763
2.5129301
2.4712639
3.7918635
3.6735501
3.5421457
3.4487129
3.4007896
4.7005477
4.5708499
4.4300464
4.3305496
4.2792138
2.1644613
2.0265519
1.8682641
1.7433046
1.6740717
2.6555598
2.4822801
2.280152
2.1314074
2.0550358
3.6063635
3.3729788
3.1136831
2.9231086
2.8186759
4.9860535
4.6827714
4.3177872
4.0246397
3.8624844
6.3076765
5.8750197
5.3499986
4.9699627
4.7811211
0.42693221
0.42041197
0.41212054
0.40474236
0.39990287
0.52290402
0.51636848
0.50798415
0.50035369
0.49522733
0.71051871
0.70384033
0.69484392
0.68606678
0.67985246
0.97257913
0.96470944
0.95402202
0.94357085
0.93606531
1.2075494
1.1979698
1.1851495
1.173037
1.1646688
1.3481852
1.3379336
1.3240486
1.3106434
1.3013069
1.6789826
1.6676648
1.6520371
1.636193
1.6245816
2.3211626
2.308718
2.2912391
2.2727187
2.258368
3.242338
3.2286379
3.2093785
3.1888934
3.1728543
4.1115266
4.0966863
4.0758112
4.0536131
4.0362857
1.4313269
1.4111477
1.3862828
1.365856
1.3538762
1.77691
1.7518522
1.722019
1.6985842
1.685251
2.4348497
2.4040088
2.369032
2.3427052
2.328019
3.3671328
3.3330142
3.2947199
3.2659563
3.2498519
4.2465364
4.2097668
4.1683019
4.1371061
4.1196574
0.36270365
0.35295286
0.33493915
0.31142938
0.29132354
0.45209568
0.44042354
0.41895714
0.3904849
0.36590044
0.62559004
0.61001999
0.58150898
0.54394463
0.51121588
0.86603921
0.84623954
0.80867583
0.7582613
0.71485813
1.0807558
1.0565846
1.0129273
0.95305327
0.8991868
1.2131225
1.1845175
1.1329942
1.067804
1.0109893
1.5189553
1.4875971
1.42665
1.3440779
1.2734779
2.1065649
2.064275
1.9872546
1.8825723
1.7884762
2.973638
2.9084376
2.7912281
2.6462486
2.5262967
3.8205877
3.7450057
3.5935146
3.3854904
3.2155781
1.2962687
1.2860343
1.2685781
1.2458267
1.2254726
1.6182039
1.6049162
1.5825923
1.5553334
1.5324766
2.2501927
2.2323197
2.2002474
2.159539
2.1259039
3.1636091
3.1429476
3.1038953
3.0500891
3.0021127
4.0263572
4.0042048
3.9627007
3.9052798
3.8529386
