FiniteElementSpace
FiniteElementCollection: L2_2D_P4
VDim: 2
Ordering: 0

-2.5106612
0.87232225
-5.7947748
-16.351343
-1.8656095
-3.0444945
0.53705161
-5.7617245
-16.303365
-2.2590742
-2.4872014
0.77802658
-5.4476868
-16.019435
-2.5595295
-2.7383773
1.1789922
-5.4418222
-16.146751
-1.6259631
-2.6495018
1.8201782
-4.8137261
-16.03193
-1.9763147
-25.83902
-3.8034862
25.113196
52.898769
65.590629
-20.979845
-1.0742755
24.453672
51.411027
67.522266
-18.610636
1.2866171
26.227736
50.940999
64.810857
-19.769585
0.76250786
28.511708
50.872675
59.655569
-21.434364
-0.45058648
29.790251
49.586453
56.738205
34.934996
44.172213
57.732082
72.396712
83.498295
31.23577
40.514685
54.267764
69.309503
80.784416
26.361122
35.850282
50.192526
65.976783
78.033144
22.902314
32.774393
47.771449
64.3881
77.02816
21.459339
31.389068
46.714901
63.754178
76.487745
-3.6757198
1.5081341
-4.3532471
-15.653704
-2.4751275
-3.0715966
1.1642947
-4.7333013
-16.007278
-2.508202
-2.7544298
0.78778886
-4.763186
-16.006456
-3.6887042
-3.4616974
1.0084395
-4.9198963
-16.417063
-2.0711852
-3.2692298
1.1872077
-4.9794425
-16.473951
-0.82528635
-20.362357
0.77981658
28.96401
46.722192
55.563878
-18.654822
1.2402946
27.669667
47.942316
58.413569
-16.810204
1.7728617
24.685644
48.124277
61.836713
-16.651828
1.78925
25.114039
48.393545
61.782457
-19.245022
0.32067244
28.145687
49.217901
58.213334
18.4743
29.252489
44.921845
61.440542
73.790817
17.892361
28.988766
45.136585
61.97432
74.524402
17.494316
28.214955
44.489912
61.622725
74.401529
19.092901
29.194028
45.061045
62.257564
74.940337
20.824551
30.809554
46.358695
63.379914
75.860594
-2.4593506
1.0707188
-5.9419874
-16.458173
-1.5023198
-2.0711639
0.98604396
-6.4065936
-16.432051
-0.84242779
-1.9719386
0.50981
-6.8247374
-16.123706
-1.2513231
-2.1407675
0.25647375
-7.0850292
-16.228107
-0.69719901
-1.8605526
0.38299087
-7.4694505
-16.227524
0.011861633
-27.955604
-6.1485403
24.81762
50.293885
63.322265
-30.500724
-7.7283155
23.981651
50.106156
65.445724
-34.773527
-11.21685
21.857884
51.784648
68.922807
-39.856102
-16.174482
18.847733
52.652314
71.558264
-43.977186
-20.22761
17.877894
52.253591
71.359811
37.216682
46.071226
59.243235
73.543951
84.40241
40.305139
49.011936
61.923044
75.940793
86.546285
46.47195
54.915851
67.250286
80.515265
90.524511
53.248196
61.55273
73.649419
86.494179
96.029459
57.671151
65.887003
77.901232
90.793386
100.28102
152.2456
154.7614
138.36511
105.87119
83.499635
150.8369
151.17895
132.32957
99.872339
78.664248
148.06529
144.79008
122.5364
90.735595
71.499641
144.50329
137.20552
112.06059
81.613439
64.467984
141.27246
131.14888
104.59313
75.525169
59.796504
-1.1493619
-0.21832575
-9.6254599
-17.425157
-1.6839142
-0.84028738
-0.35270378
-9.9337785
-17.90777
-2.3542821
-0.3990167
-1.0573159
-10.644797
-18.606479
-4.3493153
-0.498926
-1.5171054
-11.148122
-19.750086
-5.3567422
-1.0044508
-1.5815353
-11.71384
-20.421765
-4.3750297
-75.26568
-46.059619
1.4419095
46.265807
76.10537
-82.367095
-54.158046
-4.2079806
44.231021
75.431622
-89.484864
-61.704721
-11.261843
40.130216
74.244489
-94.482823
-69.156391
-20.782266
32.854297
69.787576
-97.947119
-76.678083
-30.566308
25.901195
65.167828
102.71235
108.68366
116.51789
125.34574
131.95637
112.42275
118.26921
125.2979
132.7511
138.33099
127.92316
132.86482
138.86291
144.92421
148.22289
145.94545
149.45683
153.3234
156.78643
156.51503
159.95591
162.29589
164.21387
164.12742
159.95056
101.24715
83.857892
61.462998
44.071106
35.137378
92.724207
76.129946
55.62711
39.936952
31.846909
81.028699
66.005208
48.086678
34.566506
27.580027
70.552225
57.240874
41.619615
29.945881
23.911882
64.224726
51.977795
37.739505
27.167789
21.706104
-0.52565564
-3.5046954
-13.966525
-26.682336
-13.567991
-0.065046015
-3.1196216
-14.111452
-27.338465
-16.675407
0.19543319
-1.9406149
-14.911122
-28.42353
-20.154436
-0.13470677
-3.3527971
-15.081979
-27.581671
-23.086018
-0.13799711
-4.0836576
-14.911899
-26.77721
-25.429292
-123.60743
-107.39994
-70.488864
-15.746368
32.1821
-120.56994
-104.77004
-69.823698
-18.00038
27.647948
-115.49083
-101.54181
-69.706965
-21.640171
22.062827
-112.25616
-99.553716
-68.423651
-20.709336
22.227161
-111.42174
-98.346278
-64.371683
-13.5942
29.203744
244.50802
233.20354
205.73875
167.30343
138.68797
257.50526
240.15229
204.20134
160.87525
131.34537
273.63695
246.8492
198.64957
149.89426
120.66035
282.43116
245.761
188.77624
138.05318
110.26934
282.74436
241.07969
179.74503
129.95586
103.89016
38.665803
31.055736
22.457832
16.208265
12.990079
35.893123
28.784827
20.787212
14.999901
12.026842
32.339227
25.88572
18.665414
13.468847
10.804826
29.265426
23.413287
16.876689
12.17233
9.7580455
27.421586
21.925188
15.777295
11.361571
9.1056221
0.65994391
-3.1482357
-12.468764
-19.147444
-28.81903
0.81119603
-3.4617302
-11.230702
-15.762088
-25.768226
-0.37495718
-3.028623
-9.4928326
-10.796144
-20.72266
-0.29051749
-2.5600194
-8.302354
-5.4628779
-13.927181
0.087145609
-2.6319592
-7.4152806
-1.9971993
-8.9710866
-72.854897
-55.106077
-21.742106
18.965761
49.663361
-66.430196
-49.547107
-17.596133
20.27994
48.624457
-56.390111
-41.241786
-12.830587
20.455196
43.949905
-44.988145
-31.618658
-8.1941286
18.230379
37.85922
-38.870814
-27.325889
-5.0591105
17.832205
34.575824
215.92987
173.19677
124.1132
90.240337
71.664917
197.67152
159.03732
115.77128
83.667781
65.650236
181.9389
149.20605
105.44206
74.858045
59.846825
157.0273
120.66251
87.080121
66.10731
52.855232
113.40359
93.880732
78.834027
61.89072
48.787944
18.251325
14.57076
10.49334
7.5733325
6.083332
16.967401
13.549838
9.746869
7.0381019
5.6583774
15.480596
12.316901
8.8283672
6.3447054
5.0778266
13.47807
10.697037
7.6086184
5.4336383
4.3524674
12.222606
9.6070616
6.8121921
4.9356308
4.0070825
-3.085868
-50.455342
-88.240247
-70.292528
-58.858719
-1.7958402
-49.736261
-86.58642
-66.003201
-54.43991
0.23714781
-47.964582
-84.492507
-61.701224
-50.107914
1.6969151
-46.183734
-82.667691
-59.342613
-46.561882
2.7564707
-45.535568
-81.926724
-56.854885
-43.370258
-1.8858568
0.38989938
-7.4693306
-16.148869
0.11871302
-2.1521523
0.19299563
-7.0921123
-16.199171
-0.33152408
-1.9365161
0.53484289
-6.8339758
-16.099314
-0.78369332
-2.1226397
0.91495877
-6.4504511
-16.440729
-0.53353636
-2.282171
1.2277545
-5.7813488
-16.372605
-1.4440847
3.0847663
-45.392339
-81.900518
-55.384687
-41.160602
3.3331575
-44.880083
-81.754252
-54.601537
-37.172716
4.1237229
-43.698226
-80.367234
-52.841577
-34.81535
5.2874294
-43.053898
-78.71922
-49.659297
-34.433494
6.5573811
-42.983044
-78.067506
-45.996611
-33.795429
6.6494617
-42.915193
-77.709334
-45.085763
-33.795865
6.9344417
-42.743972
-76.685802
-45.670232
-33.456908
6.819953
-41.946176
-76.178365
-45.979064
-32.803581
6.086743
-42.117918
-75.407016
-44.624667
-31.861944
6.470326
-42.402072
-75.012579
-43.10193
-33.319062
-3.1559069
1.3789195
-4.7836966
-16.201311
-1.8378194
-3.5392548
0.83229755
-5.0037205
-16.278025
-2.1060586
-2.6820638
0.85695246
-4.7187297
-15.879332
-3.8981354
-3.1143681
1.0680866
-4.784284
-15.779129
-2.7997021
-3.4083327
1.3446698
-4.4543334
-15.793674
-2.207119
69.730727
72.997379
53.30771
29.44721
28.991134
70.521203
68.342068
49.017131
25.976358
25.06614
66.485411
63.839212
45.564167
22.021988
20.188936
61.892779
62.444378
42.394969
17.726894
16.613796
61.668642
63.857857
40.338033
14.71188
15.04385
63.11141
63.480567
38.678172
13.984144
14.832139
63.871876
60.300432
35.946533
13.200877
13.517899
62.211346
58.618024
35.601613
11.133675
10.659068
60.901572
59.634764
35.326424
9.5888171
10.155904
62.019699
61.920657
34.66889
10.161538
11.900178
-21.54709
0.66332524
30.117365
48.374171
57.068066
-19.63135
1.568402
28.881368
49.160296
59.747846
-18.225782
1.4519618
27.297037
50.856123
60.884091
-17.713035
1.8665499
27.338737
49.95224
58.684579
-19.895717
1.5156977
28.355857
47.042214
55.678211
21.120665
31.132321
46.611063
63.508983
75.948399
19.299123
29.414739
45.269481
62.383708
74.993824
17.072166
27.739417
43.962998
61.125912
73.983374
17.345503
28.473706
44.699783
61.687802
74.360936
18.255711
29.153822
44.968649
61.55539
73.890212
6.1750941
-42.278149
-75.097437
-43.180448
-32.983005
6.1363947
-42.210522
-75.026287
-44.568121
-32.131065
6.9680196
-41.996787
-76.089266
-45.878936
-31.894369
7.0141085
-42.645107
-77.092818
-45.510272
-31.283368
6.8011487
-42.84472
-77.934578
-45.003561
-31.717427
6.4818726
-42.789404
-78.383102
-45.963726
-33.498101
5.3604005
-43.180317
-78.43724
-49.614011
-35.753997
4.1892455
-43.821661
-79.455197
-52.954328
-37.506222
3.3156265
-44.790361
-81.328334
-54.365606
-39.377726
3.2996248
-45.263129
-82.006939
-54.693521
-40.309009
-3.0207139
1.7209617
-5.0480522
-15.949987
-1.3786841
-2.6153349
1.4107984
-5.3001143
-16.183992
-1.3800101
-2.5881342
0.70372091
-5.5036454
-16.209276
-2.2566782
-2.9789313
0.6619521
-5.6706175
-16.382934
-2.409393
-2.4974013
0.81253043
-5.7672017
-16.456464
-2.0292855
62.723576
62.153242
34.543007
10.235944
12.145951
63.155352
61.054452
34.800367
9.3814035
10.77223
64.976387
60.363056
35.313398
10.681605
11.011554
65.280187
60.753793
36.164821
13.225689
13.330945
62.866116
62.915739
39.028672
14.683351
14.812488
61.33486
63.168607
40.943487
15.753133
15.007146
61.505945
61.015082
43.313594
19.116588
16.406787
64.158978
63.087302
46.68965
22.980584
20.215149
67.506363
68.86959
50.262487
26.318771
25.076944
68.740439
73.293936
54.16781
29.926871
29.357372
-20.7591
-0.17114717
28.804048
49.93505
57.390964
-21.298802
0.82221296
29.533848
50.705444
59.744499
-21.331311
0.89901284
28.218213
52.16809
63.286057
-23.716496
-2.3754053
25.628113
52.493564
64.8123
-26.71291
-5.2960612
25.346771
51.495358
63.492725
80.265181
93.013742
112.26119
132.13402
145.98107
81.051966
93.860401
113.11943
132.97463
146.81465
81.074547
94.079753
113.51313
133.40582
147.21396
81.576666
94.549039
113.83694
133.53528
147.17577
82.335708
95.13598
114.24499
133.71862
147.17852
82.899633
95.72906
114.76792
134.15266
147.46746
83.029461
95.999869
115.2164
134.63013
147.74934
83.832591
96.515132
115.44498
134.72104
147.50475
86.656068
98.843689
117.24222
136.00966
147.98931
89.146826
100.83742
118.67312
137.15937
148.50467
21.095316
31.108859
46.564674
63.626413
76.320922
22.393559
32.044348
46.881325
63.588654
76.364754
26.235609
35.523632
49.63319
65.313724
77.392657
31.179871
40.418393
54.112931
69.098075
80.559772
35.316849
44.385669
57.679349
72.213163
83.301952
2.9669583
-45.368529
-82.225144
-56.290909
-41.566696
1.7207381
-45.928055
-83.104212
-59.353174
-44.88626
0.29604374
-47.58302
-84.766334
-61.529867
-48.943833
-1.7323154
-49.434163
-86.55389
-65.531536
-53.553737
-3.1699454
-50.154125
-87.906009
-70.529564
-57.580508
-3.7142961
-50.360395
-89.097028
-72.947089
-60.356835
-4.9409496
-51.606785
-91.557021
-76.292965
-65.584906
-6.9150366
-53.955599
-94.803081
-82.557442
-72.491023
-9.1802887
-56.396502
-98.048857
-90.047874
-79.972439
-10.775791
-58.100103
-100.58799
-94.710032
-85.536387
-1.9062036
0.59473837
-7.7284842
-16.05981
-0.1435555
-1.4035266
0.36233533
-7.9784938
-16.112734
-0.23312825
-1.2187042
-0.0033771188
-8.5172058
-16.27008
-0.58345079
-1.45505
-0.23691521
-8.9664494
-16.784076
-0.62468881
-1.1803941
-0.38905736
-9.4125019
-17.24957
-1.1681152
69.452852
74.728905
56.704252
32.648057
31.500355
71.733805
76.024488
60.819259
38.459599
35.454212
75.046792
81.295053
68.96857
45.653994
41.394218
78.614105
88.692707
77.933446
52.661403
47.756549
79.892106
92.630904
83.948616
58.6958
52.647355
80.160414
93.926792
86.947114
62.021968
55.532564
83.858712
97.434206
91.442613
68.28671
62.957358
88.095185
102.24187
99.09662
80.138547
74.874962
90.692826
107.6736
110.32995
94.108242
86.597206
90.82324
111.81995
120.21671
104.34053
95.177152
-46.808573
-22.430001
17.354223
52.51525
71.621107
-52.570042
-25.372308
16.475216
52.60991
74.165971
-58.968552
-29.354281
15.874927
53.925463
77.228593
-65.902968
-35.576789
11.9229
53.107753
78.670232
-71.539729
-41.67377
5.1651219
48.872237
77.566117
90.130106
101.64632
119.20246
137.41146
148.41659
92.145978
103.43793
120.40963
137.89566
147.92105
95.767537
106.61328
122.72088
138.86648
146.87112
100.90202
111.19698
126.28711
140.33884
145.44227
105.01215
115.11636
129.55561
141.34694
143.76998
107.13083
117.10178
131.23976
141.65325
142.51186
112.39628
121.9572
135.2373
142.21502
139.42041
119.55004
128.22263
139.42245
140.62481
132.43118
126.95302
134.20604
141.23181
135.47204
122.53737
132.63034
138.52166
140.99298
129.94995
114.55876
60.582778
68.719653
80.443848
93.075842
102.46298
68.263492
75.862538
86.794268
98.794057
107.86254
79.016099
86.159942
96.135901
106.9732
115.2411
89.357048
96.155335
105.5902
115.55518
122.99676
98.036137
104.11219
112.71476
122.09323
128.98274
74.360061
58.939821
41.851129
29.740881
23.564328
70.076185
55.544502
39.452385
28.049978
22.23273
63.713088
50.509298
35.915458
25.560156
20.267458
57.412344
45.502642
32.388733
23.076537
18.310814
53.200637
42.150806
30.017873
21.403251
16.995285
139.22392
127.77984
100.72035
72.455926
57.432788
134.57476
120.57372
92.971054
66.560731
52.889374
125.59703
108.92456
81.835847
58.43084
46.542414
114.29047
96.516863
71.308296
50.970497
40.633272
105.69458
88.027662
64.644469
46.310203
36.923573
-11.646612
-58.975217
-101.86026
-96.838921
-88.377508
-13.375723
-60.580129
-104.24616
-100.74437
-93.89765
-15.348619
-63.778487
-108.43609
-106.32028
-100.60308
-16.566741
-67.891309
-112.49878
-110.1269
-105.1045
-17.617611
-70.807499
-114.89823
-111.20532
-106.9425
-18.779616
-72.106793
-115.97376
-111.88271
-108.12001
-21.251082
-74.309597
-117.06741
-114.70774
-111.78604
-24.35207
-77.218361
-118.85495
-119.59235
-117.98057
-26.638564
-79.616464
-121.06163
-124.37936
-124.38841
-27.659208
-81.483136
-122.46325
-126.82105
-128.40529
-0.42102567
-1.7628835
-12.046757
-20.423297
-5.1476539
-0.13695518
-1.8537401
-12.279483
-21.783861
-7.5343943
-0.53377443
-2.1259122
-12.697861
-23.870727
-9.2150377
-0.03182711
-3.1035358
-13.233813
-25.384698
-12.281733
-0.15134547
-3.1413808
-13.857517
-26.361073
-13.560388
90.403945
113.56151
124.9013
109.97809
100.16541
90.285407
117.5783
134.55201
120.55476
109.67285
91.170803
122.83559
147.22824
137.84534
126.10385
88.23495
124.09429
157.75182
158.31894
146.85628
84.811142
123.0464
163.27942
173.32547
163.14764
82.495335
122.23121
166.25863
180.78583
171.53716
76.594685
120.83268
173.38473
196.30357
188.33671
69.698362
119.60168
184.4472
219.3447
213.87927
64.006358
117.9924
192.99898
240.71975
238.01608
60.642479
115.20146
194.38769
252.13649
251.54031
-100.00589
-80.431023
-36.461729
21.060539
62.086985
-103.89809
-86.46685
-46.738263
10.324239
54.240112
-111.15716
-97.225363
-60.573709
-2.0770722
45.509893
-119.08823
-106.51218
-69.757615
-10.738694
38.426435
-123.46248
-108.77787
-70.908855
-13.995772
34.440494
135.36974
140.52352
140.3776
126.62307
110.2723
141.07196
143.88185
138.13778
119.50796
101.79839
148.9451
146.77378
132.29275
108.01817
89.628289
154.14533
145.57181
123.18713
95.860063
78.284005
155.17425
142.10774
115.60682
87.796826
71.361306
154.929
139.63939
111.53774
83.866063
68.0774
153.03414
133.78412
103.42944
76.643048
62.149489
146.31584
123.22544
92.117175
67.533239
54.703923
136.1426
111.85877
82.237038
60.089808
48.552461
128.79951
104.71128
76.521767
55.781466
44.948134
167.80618
169.56484
170.20626
167.61964
161.01521
183.45928
184.48708
182.13017
173.42598
161.47362
207.18958
205.05677
196.17774
177.17652
157.64006
228.44233
221.93823
203.96678
174.39687
149.17992
238.99013
229.69115
205.63216
169.91784
142.26487
61.221809
49.485474
35.919906
25.877991
20.691845
55.80343
45.038372
32.688095
23.576605
18.868071
49.00353
39.49082
28.652509
20.691419
16.577035
43.425667
34.944695
25.313997
18.278733
14.651009
40.177268
32.288467
23.35924
16.863117
13.517629
-28.174859
-82.218188
-123.56647
-127.89133
-129.43764
-29.507344
-83.419457
-124.9381
-127.17432
-126.48409
-32.935082
-85.245265
-123.32936
-123.274
-120.68888
-36.324831
-85.665884
-119.77994
-119.97735
-117.02386
-38.666621
-85.071554
-117.01654
-118.62879
-116.07356
-40.187376
-84.509436
-115.71224
-118.2723
-115.5766
-41.751137
-83.364251
-114.13712
-117.20914
-112.58956
-42.094454
-81.899173
-110.74615
-109.74387
-102.26349
-40.564128
-78.429284
-103.44332
-98.978994
-90.140555
-38.932609
-73.993356
-96.212114
-91.989828
-83.213382
0.24128143
-2.8739003
-15.204352
-27.044004
-26.840514
0.14742768
-2.8874187
-14.730082
-26.494008
-29.128618
0.03614488
-3.9536447
-13.471529
-24.410929
-30.327589
0.41620419
-3.6373992
-12.475137
-21.968996
-30.28954
0.29136415
-2.8312072
-12.519562
-20.467473
-29.89255
58.580201
113.42771
194.02926
256.1639
257.72227
53.314328
108.83793
191.94799
261.39413
270.28382
47.111012
103.39039
189.20077
264.9057
284.34639
46.888161
102.11625
186.40951
264.41418
292.01753
53.413713
104.80121
181.50341
258.15723
291.09956
56.448238
105.99533
180.28057
251.84767
289.09534
61.35239
107.28508
176.0142
242.74147
281.14776
65.809241
107.05268
166.75234
223.32009
261.4929
68.124816
104.94913
156.97652
206.19431
240.09414
66.600126
100.89997
146.68628
193.63981
223.6429
-111.1801
-96.638915
-59.800059
-8.1423316
34.012511
-106.12465
-88.327381
-50.043822
-0.30923287
39.297192
-94.649959
-75.443689
-37.941105
8.9207177
45.770607
-82.913835
-64.812788
-29.481641
14.947123
49.58685
-75.979341
-58.53869
-24.773469
17.30409
49.107553
125.13303
101.34149
73.874681
53.758528
43.263554
117.89407
94.991618
68.977567
50.046478
40.183994
107.87324
86.531081
62.58245
45.248283
36.236884
98.539149
78.839288
56.858223
41.012105
32.802243
92.632439
74.006318
53.29071
38.432509
30.742816
89.874549
71.782939
51.712082
37.268636
29.770392
84.274469
67.285902
48.363888
34.754698
27.722123
77.124366
61.466655
44.05159
31.617965
25.22887
69.747688
55.584867
39.954621
28.733298
22.900108
65.769745
52.594637
37.694578
26.909951
21.34509
283.88619
237.63698
175.3084
126.41139
100.75911
276.06506
226.44736
164.58665
118.54918
94.410668
259.27823
210.18555
150.8078
108.7195
86.603164
236.43371
190.55824
137.21356
98.702261
78.056776
220.78042
180.35264
128.36874
92.359694
73.899497
26.537734
21.186807
15.232591
10.980438
8.812471
24.702527
19.723217
14.201575
10.254871
8.2330251
22.484119
17.957231
12.918729
9.3062303
7.4589011
20.390792
16.231259
11.624412
8.3637769
6.7138202
18.964201
15.08639
10.848271
7.842923
6.3023013
-37.930744
-70.876663
-92.545999
-88.794363
-80.150904
-33.90774
-64.4227
-84.873135
-81.982052
-73.462118
-26.206528
-53.262591
-72.329593
-70.341692
-62.8042
-18.834573
-41.104901
-57.573856
-56.840498
-50.597785
-13.961411
-32.373455
-46.444124
-46.343679
-42.352558
-11.982699
-28.451112
-41.638818
-41.290291
-36.002528
-5.0760817
-17.583011
-27.184907
-27.439577
-23.394787
2.1672892
-3.8177617
-9.2365944
-9.731322
-9.161509
3.2326969
1.9602718
1.4417383
3.85818
7.9966653
3.0226969
3.3923152
3.8898198
5.8668513
9.2171161
-0.17696176
-2.6045086
-6.7967173
-1.1059593
-7.3204808
-0.21095857
-2.1525961
-5.6242577
1.9726269
-2.6650949
-0.58451315
-2.1929697
-4.4240118
3.7152603
3.1292166
-1.8142371
-1.8884498
-1.9698909
1.7873905
3.3312576
-1.5538754
-0.5711196
1.3339043
3.5178902
2.6698218
65.164628
98.408199
142.97237
185.25545
217.5525
63.663494
91.600832
132.12725
175.56303
203.63416
55.553944
80.277093
111.89089
147.69501
179.82141
47.62091
68.563281
99.719488
127.04258
155.59519
40.397869
56.900362
86.5347
114.27023
122.79941
37.967896
51.816318
70.738019
104.16001
101.37803
32.416641
45.925156
56.290331
81.258533
100.79572
21.322772
27.251492
44.168485
54.580375
81.845462
7.2049571
28.95431
30.93354
17.092547
26.891513
-3.464995
22.528516
12.421564
-14.301389
1.8060175
-32.506034
-26.247439
-5.3342933
19.41053
30.914997
-19.129328
-10.858309
-1.4162667
11.189901
25.258089
-9.8812359
-10.732784
1.6620014
17.713848
21.341307
12.095043
18.059638
5.3308821
-10.045431
-2.0037725
9.3109469
22.549108
-0.78971389
-19.309814
0.29486491
63.909788
50.82003
36.18926
25.776326
20.494756
58.759929
46.618728
33.257341
23.848666
19.034389
53.144812
42.343688
30.440264
21.873389
17.400617
47.415355
37.892872
26.966076
19.126111
15.162419
43.930799
34.733915
24.510004
17.469479
13.844115
42.258546
33.36229
23.779344
16.738924
13.057153
37.378351
29.764082
21.08001
14.933772
11.874543
29.174483
23.398699
16.927575
12.419857
10.021965
21.327983
18.109834
13.774154
9.7058507
7.3925562
20.667179
16.422906
10.094421
6.8426558
5.5866273
87.129319
86.655349
75.874794
59.550859
47.704631
96.753004
82.676627
68.075803
52.628986
41.684875
89.9807
68.287805
51.456078
39.912074
32.290804
36.703158
36.729256
32.07015
26.89201
23.301951
14.388902
15.736491
21.555806
22.746249
22.537876
11.554472
9.1370846
6.6040746
4.8259067
3.9060303
10.615793
8.5370927
6.1822013
4.4597332
3.563207
8.912841
7.0641551
4.9813181
3.5093435
2.7838514
6.5212906
5.0595148
3.5565134
2.5619574
2.0740606
4.8285056
3.9674542
2.9011948
2.1386159
1.7401637
-4.2580411
-1.046499
-1.9087739
-3.0267106
-1.7818433
-2.0505944
1.0863699
-1.0844519
-3.3856706
-1.5674431
-3.6025718
-0.6038003
-0.33296909
-3.6731869
-1.8764069
-6.0375538
-4.2392776
-0.65075483
-3.5361662
-2.2464856
-5.4256302
-5.187578
-1.322152
-3.0818933
-1.8813769
24.935882
34.618501
26.816278
11.34198
4.8115815
24.104511
29.0555
23.470586
11.608315
4.7976759
21.172958
19.590903
17.463651
14.173229
5.660947
17.291704
12.764092
12.779407
12.30296
-0.06841603
12.444736
10.973932
10.547808
7.6184405
-4.2479756
58.946176
34.832844
-0.73458023
-37.767319
-63.266654
65.385775
38.46452
0.25741157
-36.264165
-63.201591
73.047605
40.898713
1.74163
-39.420313
-69.864074
76.820353
45.29644
-2.2952663
-50.732629
-71.947483
82.201678
49.509248
-15.342237
-52.908
-56.165988
0.93386391
2.0694057
0.34860339
1.0422225
-1.3421176
7.091697
7.1274726
1.5778172
1.422739
-1.7065482
0.10354181
0.72586753
1.260523
0.78007441
0.10634715
-2.7146467
-3.8674853
1.7304048
-0.086166088
2.1516282
2.5274166
-1.0990183
1.5352675
0.82198132
3.5298235
1.3378531
0.74864741
0.11868334
-2.6484036
-3.9926418
-2.6547499
0.27710766
-1.9214735
-5.6261004
-1.7781904
-6.0137308
-4.5782025
-4.8797661
-4.2172812
0.52735554
-8.2640511
-12.350956
-8.3154203
-0.19812555
4.1942094
-12.139642
-16.087379
-10.579446
-0.50101015
6.050536
-2.6789542
0.54642075
1.1546812
1.746726
2.4336541
-20.182051
7.3686156
1.7532608
8.5988389
11.061999
-58.280512
10.388373
15.782162
17.186129
27.178817
-79.248403
-13.96774
30.895194
33.102548
37.928356
-81.952612
-38.029341
27.08922
46.254453
46.03311
3.9550025
2.5294711
1.452538
3.8692969
2.0382949
5.825436
2.9868445
1.4763982
3.5830805
2.3131401
4.6599947
1.5138584
1.3655209
3.6711127
1.1512599
4.1594606
0.54732491
2.9961326
3.6105348
-0.80076281
4.4767501
1.4149933
3.3301979
4.2476258
-1.1521617
-23.491638
-31.69588
-26.687235
-16.794972
-10.778893
-28.678571
-34.814322
-31.216174
-21.012069
-10.799971
-35.218092
-41.243162
-37.752474
-25.696133
-10.811197
-41.309787
-50.527422
-43.821486
-28.26751
-12.604402
-47.195276
-56.857867
-47.638101
-31.312127
-15.59218
-52.834107
-27.899573
3.7428892
36.833789
62.684271
-46.007519
-21.131784
11.587331
42.808602
65.795521
-36.511541
-13.097821
19.948318
52.67038
75.43785
-27.329534
-6.2326356
24.899195
58.29082
82.722907
-22.013673
-1.9845883
27.168753
59.312917
83.924914
203.13523
172.11841
59.837336
11.09729
10.57158
202.98919
164.46434
57.715079
11.197047
10.932233
196.37355
149.913
52.241563
11.327912
11.079869
180.82573
132.2333
45.260901
11.470931
10.897673
166.72403
118.9559
40.363049
11.534406
10.682732
4.8619059
2.5291412
6.533689
6.1002246
-8.7758344
5.7131172
2.6808657
7.6531798
6.589293
-10.996566
6.3466722
2.174561
8.1937246
8.6903684
-13.84842
5.9105308
2.298198
9.216463
10.619647
-14.917476
5.2498851
2.8168567
9.6537528
12.045435
-12.684412
-55.075315
-64.587467
-71.095489
-68.956535
-54.084958
-54.107244
-62.639535
-72.870992
-74.341124
-61.114166
-52.220721
-56.970985
-71.969379
-80.025069
-71.990764
-48.925888
-51.056864
-70.473843
-83.396335
-81.199345
-48.771503
-48.719111
-68.442922
-84.041418
-84.325515
27.855864
45.693653
69.760388
95.582646
115.50016
36.028239
52.945238
76.842618
101.966
120.21469
48.88499
64.269614
86.603309
110.76856
126.03289
61.06628
75.768841
96.110925
117.3548
127.96901
69.515379
83.919346
102.94761
119.9761
125.4884
77.166462
48.876657
19.743059
10.047387
8.3615144
65.097288
41.398529
17.67314
9.4885839
7.8373714
50.534343
32.701742
15.068608
8.6099908
7.062934
39.405885
26.095087
12.868464
7.721686
6.3085288
33.435914
22.479572
11.559809
7.1338054
5.8144241
7.0950916
5.3761769
14.12935
23.524602
-9.30094
7.9809365
7.1722928
14.841316
26.001139
-6.0080924
8.5927787
10.462986
16.129619
28.960206
-0.68698197
8.7870951
11.184833
17.835044
32.384801
7.6567388
9.1104318
11.967749
19.288312
34.680035
13.661849
-46.030042
-44.251171
-31.686201
-19.21917
-11.380238
-38.230794
-35.211748
-22.729566
-5.4107615
4.317433
-27.971567
-23.330283
-11.313282
12.521053
26.85228
-18.974165
-13.430726
0.82451004
30.852908
55.959574
-11.978603
-5.7529413
13.591072
46.119396
78.323415
130.27804
122.34917
103.52553
81.491941
66.36892
143.77778
124.56021
96.472532
71.20612
56.809938
162.29106
123.51762
83.905564
57.816681
45.314902
176.47039
115.28108
70.296622
46.864486
36.690684
173.1219
106.06288
61.334822
41.012381
32.114508
13.52273
9.8953838
6.1159863
4.1905984
3.4254487
11.854271
8.7820114
5.5613329
3.8635626
3.1637901
9.9394943
7.4913497
4.8987391
3.4651828
2.8483082
8.5062446
6.5184487
4.394756
3.1708272
2.6263886
7.7357708
6.0014891
4.1422668
3.0394437
2.5338077
12.807995
22.263592
33.12429
45.393641
44.068578
13.705852
23.803215
35.619234
47.223156
47.303735
13.169587
25.952902
38.743835
48.687726
56.797552
13.566191
26.410845
39.401171
50.152847
60.999621
13.500563
25.800332
38.952445
50.257932
57.79783
78.290941
92.722554
117.84299
145.60429
165.56091
94.19587
109.18261
133.9403
159.32636
177.08215
115.93038
131.22007
155.05205
175.64538
189.6846
132.47107
147.82754
170.18035
186.34511
192.46075
137.6863
153.47417
174.53973
188.27445
193.69423
104.73827
46.675328
30.964219
21.954518
18.26133
57.92636
39.368868
27.319154
21.145584
17.174211
86.541885
29.990083
28.093386
18.271638
17.554022
57.987403
19.556094
30.28844
16.035978
18.285535
28.763572
23.994177
29.803259
15.350509
18.818981
6.073229
5.0996331
4.0224889
3.3042324
2.9483313
6.1612494
5.2634704
4.2656926
3.5881067
3.2491117
6.5980854
5.7837637
4.8644217
4.22965
3.907459
7.4523362
6.6867248
5.8127457
5.1897973
4.8674874
8.3120786
7.5693096
6.6842059
6.0341034
5.6933135
9.3015807
7.8439588
11.045686
25.864762
47.88251
9.0382979
6.9537454
9.920029
23.233445
42.736739
8.4772829
5.3349211
8.9885757
19.08222
34.949743
7.6170804
4.9880343
8.3047916
15.396287
28.526728
7.1250855
5.1680783
7.9165191
13.869842
24.960099
-4.443347
-1.4497926
-3.370715
-4.3981469
1.3095694
-4.1596492
-0.38428149
-3.0390194
-3.6862295
0.8388092
-4.7395511
-1.4641796
-1.4491671
-3.645715
-0.99092025
-5.6439707
-2.9236629
-1.6818575
-3.3727282
-2.0518854
-4.392495
-3.039817
-1.9550649
-3.647556
-1.5168866
7.1707794
4.9003615
7.6304392
13.208572
22.774396
7.453043
4.1331076
6.8788619
12.89242
22.455887
6.8478732
3.6073855
4.6897856
13.236944
26.021868
4.9659865
3.5696884
2.2906239
12.578699
26.681385
3.6528221
2.8264634
1.959049
11.308311
22.636455
3.5617675
1.810076
2.5877585
10.753399
17.880997
3.0764306
0.57663041
2.7183404
8.5908104
11.66657
1.6057714
0.030910777
1.3662617
5.6057572
8.3243263
0.78128982
0.060873729
-0.056487165
3.3020291
5.4635086
0.33699575
-0.055526442
0.042049748
0.95067599
0.69320755
-3.4004901
-0.028130278
-1.6728842
-1.1462455
-3.1302364
3.2592178
4.3997027
-1.0207843
-0.47524399
-2.2184425
-0.70177023
-1.0415685
-1.4315747
-1.0697098
0.12760381
-5.6496424
-5.9284751
-1.0731294
-1.6870091
0.62690769
-3.1488551
-4.5317927
-0.046968892
-1.0200834
0.38275537
4.1476176
-5.8385623
-6.4447211
9.4157589
46.774608
2.2931781
-7.4849356
-4.8676886
12.127677
52.879837
-6.4701293
-7.0843073
-2.098626
12.042551
56.792902
-11.544699
-3.8213571
0.38656317
10.912592
56.920554
-7.4996934
-2.2152698
0.6482091
10.400122
56.555723
-3.593751
-2.1307213
0.01230275
10.401104
57.485575
-1.5642996
-2.4506143
0.45803978
10.352991
53.578283
-5.5033652
-2.3410506
1.5971212
7.6344113
39.416387
-6.5925905
-0.048415023
1.6766021
2.3940357
21.338363
-2.3247877
1.167405
0.57984844
-0.15684041
4.7273242
9.8423897
11.045724
9.3477139
4.6701069
-2.9477996
7.4697667
11.269081
6.9697883
1.0491027
0.84449838
5.1658389
8.4037342
4.8370426
0.57349954
1.2535945
3.4113917
3.112244
3.5568491
1.8134353
-4.1045574
2.514428
0.69353328
1.6504566
0.22215128
-6.1243894
85.070073
41.578687
-26.094031
-47.894818
-48.47666
80.39671
12.473911
-32.732631
-35.037581
-40.249118
55.397051
-12.580599
-16.180202
-17.848186
-28.211983
16.206056
-7.4748866
-1.710175
-7.637732
-9.5986737
-0.93969069
0.730819
0.1047459
0.43761493
-0.80559703
0.047981719
-0.34636809
0.60338488
-0.69128291
-2.5701515
-0.62548537
-0.1539869
0.28504776
-3.2931651
-6.8940629
-1.9093186
0.25044342
-1.499431
-6.1755572
-9.6278215
-3.0384169
-0.52800936
-2.9615492
-7.9104435
-11.003581
-3.5976082
-1.9248665
-2.7970706
-8.9392744
-14.290203
-3.7715432
-2.9046498
-2.2465863
-9.2892073
-17.918246
-5.0833901
-3.7720458
-2.5290084
-10.526306
-21.767219
-7.318545
-3.5636196
-4.5266276
-13.066629
-22.8643
-8.0377938
-3.6228365
-6.7601141
-14.777852
-23.623552
-7.8033081
-4.4660237
-7.4514548
-15.393675
-25.795848
4.1722606
3.5982445
0.79369028
3.5031577
2.0944413
7.249814
4.9434472
0.7764006
4.2739196
1.6501207
3.4658636
0.66562285
0.043490403
3.9885981
2.1714977
2.279239
-0.79888131
1.1861624
3.6008185
1.8049387
4.3570527
0.95709057
1.7869097
3.25648
1.9786704
0.74544539
0.82609543
-0.27138732
-0.093150054
-6.3471942
6.3715841
0.98532245
-1.7141354
-2.0168642
-22.204138
6.477204
1.4114862
-2.5165115
-6.2930403
-38.499412
3.0464156
0.56648928
-1.683073
-8.9511363
-49.885742
4.7408569
0.32370397
-1.0910347
-9.1814401
-53.081623
8.4897625
0.35848535
-1.6103188
-9.1553984
-52.780336
9.37335
2.0786476
-0.72043457
-10.332136
-55.187445
2.2552738
5.8139258
2.47793
-12.87433
-57.009555
-2.764925
8.0587479
5.0393869
-13.204772
-52.029652
-3.2650688
8.2322552
6.5082615
-11.140251
-45.847357
-14.826752
-16.911989
-11.451568
-2.7646043
4.8666737
-18.342317
-18.106317
-14.442559
-7.4000076
1.4208736
-19.617016
-21.06862
-19.236933
-12.314689
-3.3048854
-18.801376
-26.460103
-22.756382
-13.307098
-7.5686967
-20.711952
-30.124342
-24.907434
-14.68495
-9.7852381
3.7742301
3.9376473
5.3273709
7.1376854
9.1789527
11.111084
16.366543
22.522036
33.53507
44.568061
27.797077
33.571926
47.022801
68.170645
88.998527
46.170203
52.347676
69.207967
97.758307
123.92277
53.806812
65.629946
83.554444
115.17499
143.53144
55.19396
71.494893
91.732365
123.2555
152.54861
72.92644
81.329606
105.73454
139.43146
166.64195
86.366156
101.75541
123.90289
158.38775
183.7161
80.261215
110.25047
142.54829
175.82493
196.22701
75.204977
106.27097
150.72703
187.61914
202.70796
-78.697835
-43.874672
18.843545
51.685587
53.507407
-74.161459
-41.711041
6.4759826
52.164985
71.115705
-71.987996
-41.260422
-1.1511694
41.520668
72.011051
-64.806964
-39.049628
-2.2219249
35.368798
63.970127
-56.660729
-32.37947
0.62429204
35.942529
62.009913
-7.7022674
-4.9810256
-7.4609675
-15.585057
-27.889037
-7.9414515
-4.9290481
-7.9791847
-16.026386
-29.413802
-8.5515939
-5.3783947
-8.8108854
-18.621898
-32.795971
-8.8367229
-7.2196679
-9.7402936
-22.228482
-40.789409
-9.1657293
-8.0416053
-11.121171
-24.614941
-45.429978
-9.6624234
-7.6326441
-12.436624
-25.717619
-45.180193
-9.628839
-7.4468933
-13.289166
-26.89491
-47.162889
-8.8376738
-7.9679867
-14.513683
-29.051323
-52.505071
-9.3595804
-8.5413303
-17.814293
-32.224041
-54.098873
-10.572692
-9.0694187
-20.833574
-34.439775
-52.39044
3.900502
2.3213109
3.1565009
5.1231514
-1.5773365
5.9217162
2.116072
4.1090477
5.1624702
-2.3765256
5.6366067
1.9124706
4.5584037
5.7618399
-3.9774987
4.6463524
1.8620554
5.651309
5.307585
-6.3012484
4.8247061
2.0284269
6.1302027
5.5947746
-7.7435735
-2.3756945
8.1629319
6.7661374
-9.8688416
-42.627598
-1.9484509
8.4218311
8.5269449
-7.8276246
-37.899276
-3.9636274
8.8391346
12.487773
-4.6980773
-33.443826
-4.2244994
11.319942
15.187044
-1.6526954
-27.64049
-5.0003753
13.197023
16.890054
1.7234685
-20.762298
-6.0189778
13.567672
17.88877
3.2229922
-16.862614
-7.4554845
14.933131
20.087313
6.2308812
-8.7281218
-13.529227
13.079684
24.578252
13.445266
2.1980694
-23.208151
7.1102274
29.478257
23.266916
12.184452
-32.950363
1.0666252
32.090608
30.066812
19.533478
-50.813357
-59.292832
-49.262488
-34.218857
-18.294923
-55.160622
-63.101617
-52.82487
-39.049985
-22.717143
-57.978009
-65.008735
-58.889456
-47.590365
-29.445001
-58.529622
-64.531737
-64.68377
-58.647294
-39.902599
-56.61601
-64.379957
-68.677194
-65.964973
-49.719492
76.490883
103.29702
150.65528
192.98537
205.83233
78.902644
104.13922
147.80668
196.07894
210.74349
87.016274
111.41839
149.12193
192.69894
206.06879
94.917789
120.35359
156.08277
188.70992
193.00911
96.61749
124.10029
161.19809
186.43737
181.76154
96.033833
124.17683
162.42618
184.52698
175.61604
100.05084
125.75457
163.02251
178.66618
162.24768
111.96408
133.62407
162.49486
164.64396
139.95409
121.71736
141.84239
159.53326
145.404
116.19166
125.22519
144.49951
154.6735
130.58598
100.29341
-18.226145
1.6862776
29.384955
59.961619
83.824015
-6.9453663
13.175942
40.230906
68.045356
89.296071
5.6771836
25.134
52.911085
81.428678
101.86256
14.53973
32.78621
59.6569
88.975107
110.55882
23.354575
40.786719
65.196069
92.615133
113.74129
8.2659537
6.7078059
4.8719172
3.5976148
2.8704358
8.6269035
6.963808
5.0536042
3.7216959
2.9671795
8.9383595
7.1812186
5.2190539
3.8362598
3.0543942
9.0137596
7.2335259
5.2691981
3.8715621
3.0826664
8.9597763
7.1978396
5.2476162
3.851536
3.0697709
159.16021
111.9103
37.935556
11.509993
10.544664
143.90087
98.237858
33.530894
11.457388
10.27288
120.83413
79.363474
27.961523
11.217223
9.7617902
98.257418
62.850431
23.466968
10.764563
9.1289501
83.963929
53.268008
20.938584
10.328124
8.6398785
-11.305887
-9.570345
-22.227387
-35.238175
-51.758612
-12.332292
-10.030496
-25.070944
-37.366347
-52.162666
-12.185857
-10.919078
-29.542653
-40.753953
-53.814542
-11.67981
-12.540635
-33.241294
-42.66615
-53.907079
-12.631482
-13.569205
-34.447228
-42.663336
-53.912143
-12.763232
-14.111434
-34.46704
-42.024412
-54.544445
-11.997851
-14.488891
-33.683329
-40.431398
-54.84414
-12.184286
-13.519286
-32.553587
-38.582006
-53.295683
-11.799719
-11.93849
-31.709803
-36.626401
-49.558294
-10.459139
-10.995215
-30.711757
-35.686192
-46.55511
5.9020062
2.8905338
9.74471
12.978621
-12.343159
6.3648412
3.6772804
10.803015
14.017888
-13.904697
6.0595343
4.2775983
12.447423
15.922039
-15.231381
7.1214292
4.1499514
13.367845
19.601502
-15.755113
7.2388398
4.9534217
13.76799
22.336436
-12.506725
-38.912573
-2.8653295
32.87268
33.327844
22.965857
-46.540585
-7.3549868
34.649517
40.218999
30.883917
-57.020932
-12.443179
36.181573
49.876465
44.083823
-71.764328
-23.420977
37.136246
60.728146
58.361175
-80.676895
-35.252473
36.599631
70.108359
67.254929
-83.665402
-41.577244
34.933612
76.077331
72.117505
-86.719145
-52.789206
31.426341
88.049134
84.14237
-72.631672
-57.547827
24.168988
104.50462
104.68663
-40.20856
-41.554009
19.589991
116.19167
128.75592
-14.071757
-20.174828
22.052506
120.19689
143.56069
-50.343299
-48.89599
-66.591094
-83.004875
-85.39652
-51.007312
-50.486746
-64.798053
-78.949896
-81.497082
-51.067493
-53.332544
-59.953898
-66.020866
-63.307692
-50.951995
-52.987741
-48.096072
-44.890557
-38.221091
-49.017682
-48.395827
-36.927752
-27.432697
-20.972969
126.52594
144.39486
150.6558
122.81316
92.570158
129.93043
142.80285
140.43
107.47269
78.47962
132.45905
136.59647
121.42782
85.903962
60.92312
129.28372
124.67423
100.61857
67.037816
47.187251
123.37783
113.52938
86.632808
56.195469
39.797106
119.35223
107.17918
79.771207
51.319761
36.526475
109.80359
94.350714
67.396986
43.10476
31.02351
93.08265
75.982072
52.249026
33.659206
24.587494
75.618487
59.75822
40.545507
26.546747
19.617978
64.507381
50.45909
34.304474
22.717303
16.906427
73.006086
86.958578
106.13032
120.58097
122.76059
82.314694
94.152517
109.95444
119.07182
115.5288
98.894795
106.23887
113.14338
110.86013
100.61473
115.9728
116.50819
111.30639
97.533605
83.393503
125.24232
120.74981
106.66438
86.965033
71.811127
30.762595
20.839464
10.92998
6.8240164
5.5531227
26.234501
18.042382
9.8135386
6.2583821
5.0865515
20.880447
14.672863
8.3660938
5.4798124
4.4583736
16.755062
12.021282
7.1465693
4.7920846
3.9089214
14.525958
10.563481
6.4475809
4.3868507
3.5835572
-9.7662679
-10.341652
-30.401755
-35.219095
-45.207204
-7.0419603
-9.0545221
-28.437872
-31.810444
-40.108062
-0.41807292
-6.6798633
-22.044491
-23.436199
-30.148069
5.8815944
-1.7834198
-13.464867
-13.100033
-19.426735
9.8987734
3.3378075
-6.9694934
-6.1275106
-11.410859
12.629657
5.9942717
-3.236816
-2.8987314
-7.3708284
17.899739
12.263574
3.6732165
4.8647673
3.5478595
25.9249
22.499359
16.111567
20.663884
24.637605
34.178424
33.069418
33.081115
42.162714
48.318397
39.585288
41.099343
45.710766
57.901235
64.899173
9.4708473
13.514359
20.362576
35.620858
15.677045
9.8920271
15.271164
23.195422
37.34029
20.188155
10.595684
16.77873
27.389436
40.526628
26.88993
11.697102
19.40703
30.836913
43.58857
34.137894
12.001155
21.626093
32.413666
44.586804
41.788641
-2.004584
-8.1772377
25.416287
121.29212
150.99736
19.614796
17.220746
37.419735
118.07795
166.19314
44.742917
60.556256
71.571527
110.65352
178.40314
67.810376
103.95906
122.26711
109.35837
174.97553
88.650727
125.13569
155.63673
118.33396
162.04642
100.83509
134.1485
167.29587
128.6828
150.59238
118.5809
151.60435
181.10204
148.77964
126.16724
139.00612
169.57663
191.65995
162.06183
134.97866
155.08882
182.1464
193.73705
161.78119
152.96026
165.25429
189.28886
189.87053
166.37491
128.58001
-7.9137978
-0.10042365
22.357902
56.218068
87.333391
4.1454641
14.818607
40.70895
74.85139
102.8241
28.168108
40.69846
67.416269
100.16049
124.91903
53.215636
66.783262
92.401282
123.56223
147.15023
69.871536
84.008784
109.09133
138.07787
160.80116
59.372826
46.318277
31.557319
21.014674
15.697232
50.525073
39.405604
27.018907
18.182825
13.68449
40.253251
31.578254
21.883223
14.954337
11.390752
32.620819
25.827015
18.0939
12.560772
9.6847995
28.592412
22.803233
16.083786
11.277709
8.7615401
26.878121
21.466044
15.183166
10.698403
8.3622657
23.925209
19.245801
13.73222
9.8036408
7.7375187
20.621927
16.847374
12.186596
8.8506123
7.0699987
18.273693
15.176784
11.098539
8.2112481
6.6848272
17.086419
14.213618
10.596266
8.0137084
6.6396785
177.76578
100.55893
57.509428
38.227483
30.261114
165.53219
88.821442
50.169655
33.881196
26.920101
125.58207
71.499574
41.577371
28.841317
23.170682
87.284536
57.675742
34.903548
25.352292
20.459053
64.640618
50.059828
31.558381
23.617555
18.869155
7.4022626
5.7863365
4.0395942
2.9819258
2.4910563
6.8836115
5.4431576
3.8751128
2.9061665
2.4521233
6.3366027
5.0993992
3.7538444
2.9018068
2.4923493
6.0450154
4.9865989
3.8139468
3.0364911
2.6526023
6.0522691
5.0613933
3.9432067
3.1951703
2.8283665
42.471455
45.387767
52.029526
65.187455
72.766113
47.041874
53.130628
63.650706
79.428672
88.780554
50.957559
62.441261
77.980862
97.953893
110.20256
53.082711
67.810885
87.710544
111.38718
125.24783
54.226035
68.887606
90.525744
116.63022
131.78758
54.054618
68.273603
88.925521
113.95355
130.98707
51.76488
66.867208
90.212849
116.41311
134.24147
44.208024
59.729469
80.209192
95.867953
105.35216
24.341772
32.737065
42.667251
50.219628
57.175376
13.935077
15.465985
18.88282
23.877341
23.667705
12.659482
25.625694
38.675458
49.118361
54.846886
10.994969
24.933535
36.960719
45.551372
54.544853
9.8063418
20.337004
30.10302
36.192952
45.277053
8.2316208
11.799671
17.800654
20.009361
22.320334
7.2860278
9.2849127
11.238794
12.402188
13.583869
171.75226
192.43795
188.02442
170.28545
127.81712
179.05181
197.59201
184.38526
171.69933
86.05374
191.97159
197.04043
189.58551
165.59712
129.72342
196.63326
202.71494
181.16421
178.07929
131.22914
191.72139
199.17917
182.7921
151.21336
57.16269
187.87096
191.04274
180.41909
123.55969
9.7298953
191.272
178.07548
195.16749
168.56648
91.09172
128.77514
143.14251
133.36061
106.57836
91.095411
82.096777
95.195353
125.77479
60.108167
16.94506
41.066202
18.73455
22.310672
29.111706
5.1999106
136.87713
156.75844
185.05485
186.1708
189.08876
141.10636
146.41937
156.27398
176.15955
188.82551
107.69333
125.80893
165.93321
150.38827
133.1942
56.619888
62.241163
87.118525
88.340961
79.04193
14.657948
0.13609479
-12.408975
14.719239
37.06422
16.772412
13.887345
10.562446
8.0049
6.6741901
16.329992
13.584504
10.479649
7.9766975
6.7373333
15.783914
13.448528
10.49772
8.2334144
7.1111157
15.458062
13.768565
11.064818
9.0326849
7.9651018
15.967634
14.620736
11.96641
9.8730928
8.787274
16.749965
15.001192
12.532092
10.398104
9.438617
17.868478
16.483438
13.894842
11.729922
10.62835
20.22357
18.960828
16.259739
13.945271
12.873109
21.469091
21.522904
19.38858
17.289827
16.602851
23.309995
24.744242
22.968112
21.04422
19.884763
2.4637556
22.905177
31.663793
16.534978
17.408151
54.71972
43.79371
28.71597
19.867192
19.476456
65.178833
39.239878
34.049818
19.778965
18.699903
24.524959
27.416905
25.671719
20.397061
21.722506
10.178165
15.553379
15.607851
20.71438
17.672955
8.897402
8.1006383
7.1694622
6.5123676
6.1910161
10.071301
9.2599411
8.3577126
7.7390294
7.43478
12.38188
11.642283
10.807596
10.207273
9.8836352
15.959621
15.249404
14.361543
13.682824
13.353125
19.366512
18.525355
17.584882
16.911897
16.572985
