FiniteElementSpace
FiniteElementCollection: L2_2D_P4
VDim: 1
Ordering: 0

177.51191
237.25469
534.52615
1085.8655
1188.2229
167.34308
237.07772
530.21026
1069.6932
1188.5166
171.2197
230.52972
520.39361
1050.8569
1171.1564
181.93172
231.33217
515.47468
1053.9452
1155.3188
200.24732
239.75072
504.5366
1050.8174
1164.5
3231.335
3519.3301
3784.6654
3836.9648
3766.1253
3233.0774
3502.4907
3755.4254
3791.4544
3686.3806
3215.1247
3502.958
3739.5696
3727.2646
3564.2565
3191.4915
3501.4042
3714.2659
3665.8614
3503.9543
3189.7012
3483.7043
3665.0799
3627.9277
3533.7712
1816.0909
1781.8482
1546.8264
1218.1314
943.6495
1826.4584
1812.0975
1600.3164
1270.0319
967.7471
1848.3524
1850.1745
1683.9357
1342.086
988.57942
1890.7841
1890.4024
1777.6522
1397.4592
994.44919
1909.8242
1922.5163
1835.5024
1413.0487
994.26533
221.25414
270.85598
501.1724
1042.6453
1145.9554
186.17851
244.6317
508.86019
1034.6157
1148.276
179.72395
227.63937
506.1542
1021.5434
1154.5313
196.36489
238.62171
505.32623
1039.3133
1156.3082
212.29256
248.21304
501.58616
1053.8887
1159.3748
3242.9393
3471.9744
3611.7545
3552.5715
3422.1877
3243.9461
3463.7076
3609.388
3552.5731
3402.7881
3208.5557
3464.228
3623.6089
3565.5314
3414.9801
3194.3712
3476.5189
3648.4369
3601.1022
3467.9094
3208.4383
3475.0993
3662.8873
3646.8615
3536.4962
2157.0044
2126.735
1890.2355
1413.9771
997.66276
2137.0332
2126.8045
1890.0867
1414.9974
998.06498
2021.3244
2106.6189
1899.0606
1419.0436
1000.3432
1937.4111
2023.7202
1894.534
1420.0334
998.90561
1903.5214
1955.7176
1866.8451
1417.2373
996.23165
169.68279
237.29678
536.40714
1087.2143
1197.9628
159.33676
231.70202
545.10576
1096.0669
1193.4913
149.65192
231.79596
548.94719
1095.3255
1204.0903
140.06543
237.56654
560.17769
1110.6557
1215.4005
144.50731
234.43067
567.19347
1129.4224
1217.1724
3241.6834
3516.1998
3801.4863
3863.2924
3756.1906
3246.9054
3527.0439
3831.5922
3920.8093
3822.3673
3259.8352
3535.0812
3863.8533
3985.0734
3891.7954
3279.1601
3530.7003
3877.5357
4042.7475
3962.8267
3285.1609
3517.3952
3873.6954
4084.5344
4033.3837
1789.2786
1758.1191
1520.7599
1191.2537
929.39964
1774.004
1728.9846
1477.9889
1143.4336
899.2657
1763.0593
1665.1851
1405.5146
1078.4226
851.08632
1753.5593
1598.4916
1329.9865
1016.4605
800.92715
1722.8048
1551.7702
1280.2859
973.74411
766.58086
277.22723
239.26456
197.34839
167.47265
152.25912
271.55026
234.77059
194.1562
165.22379
150.48205
262.89262
227.90418
189.27833
161.79373
147.76928
254.01423
220.8941
184.32944
158.31196
145.01042
248.01005
216.15456
180.97533
155.93746
143.12861
106.6989
259.5167
621.56447
1167.7223
1308.2017
104.60125
260.42439
639.06296
1181.4214
1296.0083
94.68177
273.54577
657.53608
1186.9907
1319.9366
81.55964
289.63206
677.29662
1196.4996
1365.1157
79.514627
295.14768
691.85701
1213.34
1383.1424
3203.3425
3457.7287
3832.9427
4158.135
4304.147
3209.2522
3437.3609
3799.3423
4122.3877
4253.6765
3188.4497
3427.6067
3777.8421
4087.4952
4232.6443
3169.4249
3425.0226
3759.6098
4033.7595
4184.2999
3170.2993
3419.5416
3736.9818
3975.1298
4086.9488
1592.1857
1348.2547
1018.5986
736.39838
586.99429
1590.9987
1314.7297
974.31147
701.31234
561.78484
1576.8953
1257.7661
908.5665
652.15819
526.86851
1548.3842
1181.4656
841.24828
605.56073
493.92677
1498.151
1121.5624
795.66865
575.7068
472.44915
213.59688
188.86629
161.57843
142.14733
132.19473
208.11239
184.52177
158.49101
139.95224
130.45026
200.34885
178.36721
154.11048
136.83247
127.96989
192.81021
172.39878
149.86846
133.80995
125.56637
187.78415
168.42947
147.05331
131.80372
123.97126
74.14902
351.89007
788.41143
1255.8481
1425.9718
75.405147
364.87623
803.6144
1261.8974
1435.8781
68.28871
386.51527
822.96344
1262.0001
1467.2156
68.046874
404.27324
831.19979
1254.1577
1485.4327
73.805133
411.64847
830.64061
1248.5238
1473.5553
2950.6134
3148.2266
3378.7502
3479.9794
3436.0947
2941.0045
3121.1989
3302.0129
3352.0852
3295.9553
2885.5352
3025.472
3160.2215
3167.2763
3081.7194
2790.4687
2899.0664
3001.9723
2981.0513
2866.1427
2706.0565
2814.0458
2897.0835
2851.9495
2724.0023
1051.2659
771.99304
573.93461
427.48593
361.33532
978.36424
729.23256
545.40696
408.5959
346.17333
892.37247
674.48587
508.93679
383.72938
326.38989
824.99077
627.06632
477.85618
361.72886
309.19404
784.45568
599.17263
458.81413
348.43142
298.5975
161.42899
147.57095
132.20385
121.17925
115.48212
157.74785
144.63837
130.09341
119.65179
114.25139
152.73414
140.627
127.19114
117.53789
112.53827
148.17383
136.95735
124.50158
115.54386
110.90215
145.31228
134.61916
122.74922
114.22779
109.81719
107.18773
396.26611
765.6542
1124.0883
1307.0332
105.58509
389.62064
731.57617
1065.83
1256.0449
112.2964
361.67411
660.02776
966.90552
1142.8211
113.84833
317.50429
581.28081
848.80063
994.32008
100.39398
284.98504
525.79182
751.79228
877.42281
2173.7965
2220.7285
2213.5073
2119.5148
2002.9442
2056.5209
2102.8926
2091.7363
2002.4111
1901.4756
1879.513
1914.3642
1905.3284
1832.361
1744.3604
1670.186
1703.3602
1700.8704
1648.7326
1582.1258
1498.7022
1544.0826
1542.0861
1506.4686
1468.239
674.05811
463.78437
379.24224
281.86513
250.487
645.27942
446.20681
365.08423
272.36052
241.15128
607.52715
428.75092
344.73602
258.97734
228.96389
598.94682
389.26722
325.76828
240.74004
215.95511
489.12272
370.22605
307.65352
230.12586
203.24266
129.73592
121.5955
112.57563
106.12414
102.79207
126.80681
119.05612
110.49428
104.37203
101.20775
122.15402
114.97261
107.03949
101.36832
98.443422
116.32968
109.78693
102.61094
97.551416
94.966922
111.68051
105.70572
99.204955
94.59744
92.220346
1185.3689
1520.9853
2322.7493
2794.337
3100.9883
1178.547
1517.0921
2319.4642
2800.0913
3126.3192
1173.6474
1500.6313
2310.0684
2787.6325
3102.512
1162.0736
1479.8987
2284.1746
2756.4776
3060.1662
1142.3465
1472.531
2278.5336
2745.0646
3048.9459
144.59653
235.33599
566.69417
1129.8045
1216.2124
139.55972
237.45827
560.68531
1110.3009
1214.8733
150.1557
231.22162
549.96877
1095.381
1201.6318
159.40519
230.81731
546.57173
1096.284
1190.6891
168.30932
236.22825
538.39719
1087.6885
1198.0146
1139.6359
1468.1431
2286.9987
2746.5727
3040.9983
1130.1521
1461.2546
2283.3501
2740.5608
3034.1002
1124.9897
1455.058
2269.4558
2736.8598
3039.9072
1117.9745
1450.0647
2259.5925
2726.949
3043.9131
1105.6144
1440.0965
2263.3466
2717.6682
3042.9934
1105.3183
1434.6534
2270.9695
2727.9942
3028.5523
1100.1839
1423.452
2281.611
2732.5508
3008.1982
1098.4509
1413.823
2280.5769
2735.3326
2999.566
1096.4724
1414.9063
2276.2071
2739.1266
3023.3695
1089.6004
1415.2622
2282.93
2732.8069
3024.8389
220.09675
254.78538
503.16044
1053.9987
1154.606
194.15335
236.90518
506.05233
1039.1839
1157.9449
181.29976
227.00043
506.79073
1022.6362
1152.9425
186.49677
243.14248
509.34169
1033.9337
1147.0224
205.21114
256.62587
501.42488
1038.813
1157.2829
3670.9137
3421.7925
2800.7071
2083.6997
1699.3481
3574.9762
3346.895
2729.9621
2045.1539
1713.6222
3494.7216
3236.0223
2644.7909
2022.0151
1711.0102
3453.5822
3159.21
2583.5886
1995.4754
1708.8505
3442.0767
3164.1232
2562.9124
1966.1664
1724.1905
3436.732
3135.627
2543.9609
1962.7477
1718.7282
3373.886
3074.5464
2502.5988
1947.2364
1719.9039
3335.6304
3031.2069
2470.6287
1930.0674
1723.2576
3314.9268
3009.7776
2453.5238
1919.2375
1733.0635
3305.4521
3014.2058
2452.0643
1915.4504
1742.3923
3217.7815
3487.2224
3660.7577
3621.7658
3512.0801
3218.9305
3478.4915
3643.6326
3595.6906
3472.0848
3216.5309
3473.746
3621.9858
3560.5611
3440.3328
3232.0348
3480.7069
3613.8811
3543.598
3423.7936
3231.9165
3474.6065
3618.6413
3554.3016
3420.7473
1905.3552
1950.6948
1863.0702
1415.2937
995.2156
1933.7979
2020.9956
1892.4244
1417.2629
998.08494
2023.4351
2110.7941
1901.0222
1418.1247
1000.2764
2145.7612
2131.5316
1891.9587
1415.0411
998.30864
2156.4087
2125.0382
1888.967
1414.2903
997.86477
1095.0908
1413.2951
2282.538
2734.5763
3016.2412
1093.938
1418.783
2272.3999
2739.8234
3041.265
1096.2007
1419.1001
2274.5213
2737.6912
3025.7723
1101.7809
1425.7121
2276.7428
2735.0064
3023.034
1105.103
1434.6255
2267.6153
2728.1179
3039.7546
1113.2519
1436.8827
2262.4184
2723.2219
3043.7514
1121.0575
1449.3677
2257.838
2731.176
3058.3668
1129.0278
1452.7256
2267.3349
2742.2431
3050.9649
1135.8374
1457.1635
2283.8569
2743.1498
3031.8998
1142.6528
1465.0293
2289.1023
2746.9511
3036.7304
210.82006
246.84832
503.07029
1055.3995
1155.4307
183.21116
233.35646
513.99468
1053.7474
1156.411
169.9141
230.57369
519.55019
1048.632
1172.2179
168.94724
237.45763
530.31691
1069.4516
1186.8072
174.49535
234.99759
534.45934
1084.0569
1192.3024
3302.3572
3010.7513
2452.1652
1915.3286
1740.4458
3292.0992
3012.7461
2458.6693
1915.2502
1736.324
3324.4294
3039.5195
2476.23
1926.685
1724.3588
3379.5814
3073.9052
2501.4645
1948.4562
1715.4695
3435.5633
3125.5636
2537.5277
1965.0859
1714.0282
3424.7708
3156.0879
2559.9668
1966.0815
1722.5995
3419.2445
3151.0065
2583.9478
1993.8843
1712.8892
3481.318
3232.3475
2647.7409
2021.5794
1711.0111
3579.7242
3346.9141
2732.8085
2045.0048
1712.054
3656.3407
3421.4931
2795.4918
2073.0418
1709.569
3211.3984
3468.6608
3663.1535
3667.3565
3582.3578
3196.7253
3478.5595
3699.2766
3692.4081
3565.3278
3204.5291
3487.3871
3728.0499
3736.0405
3600.3205
3227.1316
3493.7899
3751.6594
3793.8673
3690.5952
3243.2784
3505.1739
3774.8356
3845.4605
3776.3205
893.08458
718.41975
536.45582
408.61051
342.63978
890.82076
717.30494
535.41781
407.98278
342.04951
882.36398
712.60229
530.97065
405.09022
339.5526
871.34057
703.3808
523.80294
400.02701
335.5785
862.66639
694.78176
517.63734
395.57566
332.19511
857.51674
689.91318
514.08557
393.03124
330.2534
844.89739
679.4735
506.10947
387.40572
325.7889
824.71164
661.25204
492.77956
377.76717
318.29677
803.54999
639.5129
478.03995
366.84814
310.09142
787.36831
623.13397
467.21689
358.79808
304.04181
1905.0676
1925.6579
1839.4694
1414.1915
995.23173
1890.9964
1884.434
1775.1823
1398.1446
994.5673
1854.9211
1851.0852
1681.8004
1342.5533
989.40482
1827.4521
1816.018
1600.5956
1269.3016
968.55085
1817.0453
1779.4876
1545.3197
1217.0845
943.90885
1146.6855
1469.7517
2280.5231
2746.4536
3044.2196
1161.7917
1483.1251
2281.4179
2752.0774
3065.0221
1170.3093
1507.2097
2304.0617
2779.4799
3109.2227
1175.6851
1523.1708
2318.3587
2791.8376
3123.92
1184.274
1523.9816
2325.4513
2791.4758
3093.7985
1186.7708
1525.195
2331.7005
2794.5026
3093.4562
1212.0631
1536.1155
2339.191
2800.1357
3071.3014
1232.2351
1564.6578
2353.0631
2809.8939
3081.8775
1245.9206
1591.0262
2372.3993
2815.3259
3089.3958
1260.7089
1600.8687
2388.3145
2823.7448
3066.2501
143.32383
235.7735
572.59258
1127.6455
1232.619
136.76883
233.24138
582.46739
1139.104
1231.8993
122.90394
239.19799
596.91025
1150.3274
1253.9245
110.18863
249.57732
610.65059
1161.0245
1279.7025
112.22877
252.46495
615.56458
1168.0068
1284.9435
3726.1257
3447.7056
2821.0073
2102.1412
1706.8603
3782.2935
3472.4516
2866.1348
2156.208
1702.4453
3828.7151
3543.21
2962.5974
2239.1628
1718.8126
3899.9792
3674.3947
3107.3163
2326.8972
1751.9195
4003.2023
3807.3999
3239.046
2404.6485
1774.9669
4043.9121
3854.4638
3296.2531
2448.5983
1790.5678
4124.2774
3949.87
3394.2541
2508.188
1814.5769
4224.4831
4066.7106
3562.5672
2639.7651
1849.6348
4308.7472
4167.2122
3739.8369
2802.0686
1899.9527
4355.1686
4238.556
3861.2166
2909.3543
1922.378
3262.5489
3517.0688
3866.415
4093.8991
4105.2876
3247.5061
3503.3424
3884.1595
4150.4443
4157.3168
3237.864
3505.3966
3887.6429
4186.6859
4255.809
3231.517
3499.5855
3864.7278
4179.1661
4327.304
3219.7385
3475.6091
3836.6413
4158.7541
4326.9085
777.92823
614.42032
461.32093
354.50759
300.78758
758.66842
597.55102
449.88641
346.24569
294.38157
726.66922
572.18154
432.49803
333.80895
284.56847
690.84196
546.12924
414.40479
321.05501
274.44572
665.14444
528.15536
401.98893
312.4348
267.5978
652.07207
519.2604
395.84475
308.12114
264.14957
626.5159
501.72584
383.62648
299.54417
257.30356
590.81548
476.92192
366.21834
287.31805
247.55572
556.90758
453.10427
349.4343
275.54633
238.16726
535.00876
437.39439
338.30357
267.68036
231.86247
1705.6391
1531.3159
1256.6979
951.80621
749.51516
1689.816
1495.3373
1210.3964
909.58827
716.38642
1650.1446
1445.7809
1146.6917
849.56625
670.64935
1623.8126
1400.5519
1084.0497
792.20714
627.78714
1600.7255
1366.3365
1040.5968
754.73077
600.25267
145.69803
134.98054
123.15936
114.74492
110.43616
144.13051
133.74718
122.29108
114.13247
109.95249
141.74158
131.8667
120.96638
113.1976
109.21252
139.30753
129.94273
119.60324
112.23092
108.44529
137.64153
128.6249
118.66874
111.56641
107.91587
244.96491
213.73835
179.26352
154.72872
142.17484
238.92637
208.95735
175.88508
152.34392
140.29402
230.31754
202.14431
171.05286
148.91083
137.57507
222.00429
195.54692
166.34316
145.54356
134.89725
216.41811
191.10305
163.16882
143.27874
133.0958
1259.408
1612.9455
2386.8836
2815.8234
3063.3386
1277.8504
1636.0934
2385.5007
2811.9898
3067.0094
1296.6164
1666.4635
2390.9576
2806.3873
3068.6282
1314.1925
1686.8379
2382.8959
2788.9234
3059.1715
1329.8568
1697.2646
2368.9443
2771.1152
3036.7891
1338.4794
1702.1941
2360.1624
2764.3357
3029.3559
1353.7048
1707.0727
2356.5458
2760.6371
3011.9398
1373.7582
1721.4156
2356.9675
2744.7829
2959.9932
1386.4638
1733.9415
2339.1462
2712.0075
2908.3323
1388.1501
1740.4147
2313.1396
2675.9476
2885.5488
83.245983
307.00855
701.98132
1213.9079
1375.7056
75.047231
316.54492
716.88652
1218.7432
1405.3247
74.76044
324.40558
741.24308
1235.6418
1411.53
76.452801
340.44223
762.6388
1244.8146
1418.2002
70.9095
354.44411
778.08564
1242.1054
1445.1279
4349.1754
4256.0735
3910.0277
2963.5412
1944.7424
4316.0863
4313.0507
4013.8455
3073.506
2012.3315
4291.1631
4327.0081
4052.3697
3166.0696
2095.4173
4234.5487
4230.4218
3951.1678
3167.1951
2159.4393
4133.8195
4092.002
3811.8127
3112.4043
2156.5438
4085.9987
4031.6446
3732.4266
3070.4414
2160.6154
3953.6472
3902.8663
3556.277
2949.279
2265.3346
3777.0621
3682.64
3290.3526
2702.2782
2246.6281
3601.0894
3442.289
3019.8484
2462.4109
2067.4606
3460.4813
3270.2763
2843.0734
2315.32
1940.2867
3176.405
3410.0158
3710.2464
3934.6393
4027.5395
3146.9179
3370.1389
3651.7203
3856.4236
3922.7504
3086.1314
3296.1733
3550.4422
3731.7381
3793.5456
3025.1998
3216.0031
3453.3367
3608.2363
3643.9915
2989.2764
3164.7796
3400.3672
3533.3536
3512.5475
524.34963
429.5524
332.67962
263.69111
228.6707
503.59579
414.18386
321.70336
255.91598
222.47203
474.2324
392.12234
306.09641
244.88408
213.70929
445.95068
370.61707
290.92691
234.14737
205.21344
427.1752
356.29155
280.80045
226.9769
199.55635
417.6954
349.03421
275.68736
223.38077
196.69937
399.8464
335.34292
266.02101
216.56893
191.32737
374.84122
316.0414
252.37288
206.93849
183.71523
351.69607
298.00916
239.64292
197.94762
176.59947
336.91795
286.50279
231.51891
192.19805
172.04911
1476.4308
1089.9263
773.07887
560.6995
461.54901
1442.9341
1025.8819
732.31413
532.13171
441.72667
1335.0023
930.54849
675.81046
493.12063
413.68028
1180.8258
845.71128
622.79275
459.05
386.63711
1087.1122
796.22174
589.1893
437.96167
369.36981
185.25619
166.4235
145.62104
130.77411
123.14178
180.48756
162.65544
142.9448
128.86622
121.62458
173.74391
157.32895
139.16498
126.1723
119.47921
167.43721
152.33428
135.60847
123.63096
117.45171
163.39166
149.12623
133.31857
121.98703
116.13421
1397.9817
1739.0734
2298.3502
2665.977
2870.637
1401.8153
1734.0283
2267.8964
2636.6987
2851.5968
1401.9139
1725.2234
2237.5269
2600.9673
2799.8845
1394.5752
1716.9939
2202.8215
2545.807
2716.5577
1386.7962
1712.1604
2167.8561
2483.4765
2635.5866
1383.3
1706.0355
2143.7762
2450.5377
2599.8169
1374.6117
1683.2633
2090.7984
2384.2882
2524.512
1344.6334
1634.0086
2007.8477
2279.8363
2405.7277
1294.0477
1568.9035
1913.2185
2163.0881
2277.5057
1248.7097
1516.4563
1840.2366
2073.1508
2184.415
74.16681
415.94218
836.34087
1245.1555
1465.9502
78.73352
419.66404
829.66922
1232.6359
1467.6546
90.726113
418.23839
817.30853
1214.9954
1439.3587
99.454781
411.8682
797.53044
1178.9313
1390.2787
99.450608
404.48888
777.79689
1137.512
1349.565
3383.0159
3182.4967
2757.0566
2246.196
1897.5806
3228.6072
3012.3797
2595.6387
2122.7497
1802.6058
3002.5251
2776.5622
2381.7432
1966.7428
1688.0399
2783.0542
2559.6378
2195.1952
1837.6862
1592.7216
2641.052
2424.5007
2082.67
1763.9991
1530.0019
2568.6392
2359.9403
2030.2085
1728.4804
1509.4894
2439.0026
2238.7026
1935.6646
1666.3552
1456.3765
2258.8086
2081.6145
1813.1227
1589.9462
1389.3305
2095.407
1941.0042
1708.3264
1519.4874
1334.005
1993.7073
1854.4382
1639.6496
1484.1084
1254.9806
2668.7963
2768.6852
2839.9693
2786.4757
2654.9252
2586.2579
2678.0725
2729.1308
2657.7759
2519.8719
2460.4452
2537.8011
2562.3177
2473.5175
2335.9192
2324.4717
2387.9652
2392.1853
2295.0045
2166.2701
2222.8442
2278.988
2275.113
2177.3845
2056.0357
329.87354
280.97515
227.58548
189.40258
169.83377
316.75455
270.65295
220.25485
184.18937
165.69435
299.37754
256.92713
210.43568
177.15171
160.07428
284.15131
244.79723
201.66834
170.79615
154.97245
274.75108
237.25916
196.22095
166.85685
151.78742
270.17154
233.66428
193.64764
164.93893
150.22316
261.87915
226.93787
188.67965
161.26982
147.22749
250.57389
217.7526
181.89978
156.24102
143.12254
239.85928
209.01793
175.45145
151.33598
139.00917
233.19385
203.45231
171.05807
147.9078
136.10198
771.74095
584.56483
450.71336
341.55518
293.7499
739.10644
560.26692
434.06976
329.6904
284.28795
701.13237
528.31684
412.93718
313.75304
271.94187
678.13045
497.09193
394.6636
297.98586
260.38139
650.60273
480.75189
381.04464
288.88088
252.68733
143.88506
133.45016
121.88397
113.57987
109.27551
141.19969
131.26137
120.23556
112.30807
108.19728
137.47488
128.16765
117.83733
110.42128
106.58307
133.70093
124.97898
115.33543
108.42255
104.83969
131.07162
122.77798
113.57052
106.9488
103.52109
1227.9319
1484.0047
1799.7283
2026.4357
2127.4584
1165.2161
1414.5959
1712.9496
1922.1918
2022.6515
1061.7954
1282.1292
1566.9282
1761.2679
1840.3223
934.90394
1124.9645
1387.9456
1571.4602
1635.7598
830.35973
1006.0807
1240.3404
1409.5053
1483.9927
773.86715
933.53912
1155.3167
1307.7518
1350.603
663.65004
798.30252
997.72302
1154.6548
1216.8209
459.57303
564.39884
698.07155
784.37765
812.93494
246.61734
292.97879
340.80906
356.44039
369.49217
98.732563
98.371869
111.23681
131.99135
148.95198
90.49926
271.65768
492.16447
690.63613
812.73807
72.916949
237.71354
422.92725
578.7884
701.50158
63.871449
184.98923
303.20871
402.52271
478.51809
64.816892
126.88678
173.82586
222.00476
252.49673
53.659504
71.297822
70.355942
95.081888
119.86362
1937.0973
1814.7495
1607.4437
1460.0521
1270.2041
1843.8656
1728.5264
1546.3948
1413.5311
1201.2174
1698.7738
1610.4039
1450.5923
1347.8403
1151.3488
1542.1634
1475.2223
1342.6869
1250.9908
1107.6225
1424.4855
1366.4827
1247.4141
1180.9814
879.95559
1349.0769
1301.1173
1163.9337
1116.5375
764.92347
1210.2251
1190.3564
1137.5556
1098.9802
982.52749
850.6899
865.89099
746.13824
693.10765
658.00827
471.67473
516.04609
570.68665
380.11745
189.10039
60.861953
142.6294
262.29187
227.32246
122.37676
1414.9186
1445.0697
1451.2177
1416.8411
1351.214
1220.4879
1274.6045
1308.595
1277.8308
1230.839
828.34717
883.6996
915.10272
909.63097
878.76581
400.71942
500.56179
622.2082
522.68747
438.27994
81.383431
88.670659
170.81505
126.59925
75.473853
229.31873
200.28125
168.66809
146.11391
134.67933
221.8327
193.96695
163.99911
142.49457
131.55013
211.10844
185.06981
156.92843
136.75554
126.5252
197.79469
173.78849
147.8886
129.58083
120.33534
188.09533
165.24582
141.48403
124.1729
115.46672
182.13461
160.16021
137.11882
120.59709
112.44097
169.24995
149.31825
128.68703
114.13362
107.00926
146.53269
130.60742
114.31341
102.23206
95.959767
121.27648
109.20581
95.37411
85.498767
80.746485
97.157898
84.262544
75.221941
68.886571
65.785265
432.47668
358.57192
296.89933
223.47281
195.28871
542.07146
332.41698
276.8208
205.84018
182.99769
438.31737
285.35284
233.89256
176.12468
156.96351
203.49676
202.59341
182.34339
144.90855
129.23502
89.82263
101.73948
116.83785
112.77322
104.51081
109.07795
103.44776
97.280163
92.84606
90.511227
103.77631
98.643457
92.885809
88.741539
86.619127
93.29087
88.883812
84.071592
80.706821
78.996243
78.696232
75.439559
71.919846
69.429117
68.138102
64.398142
62.173148
59.700024
57.845451
56.918615
