FiniteElementSpace
FiniteElementCollection: L2_2D_P4
VDim: 1
Ordering: 0

1.74398
1.6623446
1.586187
1.6833607
1.9001042
1.9384253
1.7770141
1.5226944
1.3943607
1.4883938
2.3339551
2.1613048
1.8090817
1.4218564
1.2404127
2.4678576
2.3738469
2.1029379
1.7051299
1.3921524
2.1441825
2.1437651
1.9399553
1.5902613
1.3265232
5.7918894
7.0182864
9.1225722
11.570991
13.438661
5.1486953
6.2712974
8.2290865
10.599495
12.46616
4.0180604
5.0939391
6.9567767
9.1983144
10.974582
2.6035827
3.5578362
5.3187271
7.4562749
9.1472532
2.0354731
2.7974903
4.3653496
6.4735346
8.1605541
24.145814
25.460228
27.428155
29.414747
30.776302
23.389815
24.744415
26.783494
28.864857
30.304666
22.345301
23.785936
25.946291
28.153282
29.691908
20.988527
22.584832
24.977282
27.40027
29.074522
19.899126
21.576874
24.137102
26.759421
28.564209
37.513587
38.305588
38.921616
39.026456
38.821683
37.321684
38.13171
39.0402
39.489582
39.40526
37.369604
38.254509
39.252159
39.757564
39.703699
37.623669
38.623765
39.711413
40.312026
40.404177
37.505156
38.525902
39.734854
40.552462
40.797124
-0.45200236
-0.52698348
-0.67370879
-0.86539783
-1.0646987
-0.49103613
-0.44262013
-0.30514161
-0.14358168
-0.092219312
-0.94630818
-0.82257129
-0.39835244
0.30777622
0.90024662
-1.647044
-1.5343049
-1.0598694
-0.11283683
0.84659898
-2.0836992
-1.9938511
-1.5876705
-0.74599396
0.089902143
-3.7789563
-3.9359111
-3.3091902
-1.3566197
0.5755752
-2.3524646
-3.08758
-3.9715719
-3.9847763
-3.0563836
1.5544685
0.96017912
-0.38528558
-2.1871421
-3.3758565
5.5758802
5.3451778
4.6950631
3.5801442
2.4934211
8.3130453
8.4043021
7.8466952
6.6156451
5.38355
14.492005
16.482068
19.081919
21.717029
23.673152
11.073586
13.948069
17.891213
21.345339
23.540468
4.2547515
7.8908716
13.331008
18.576772
21.874206
-0.59923368
2.3373322
7.5515946
13.368574
17.540676
-1.3569087
0.29469208
4.3716933
9.6372593
13.759312
36.456348
38.449706
41.106594
43.355421
44.600894
36.24784
38.334946
41.196473
43.720768
45.184633
36.383102
38.488982
41.442074
44.157525
45.810172
37.078262
39.338542
42.411955
45.24871
47.050357
37.23566
39.878487
43.28534
46.286663
48.130833
-0.61145997
-1.9531538
-3.1913757
-3.7872832
-3.9130324
1.0473653
-0.74615225
-2.6712987
-3.7327832
-4.0222
3.6562598
1.6698249
-0.98778623
-2.9680274
-3.7980546
5.7419027
4.1675363
1.3435063
-1.4477849
-2.9183684
6.7209658
5.4863517
2.7826088
-0.18283266
-1.9065175
-2.4855856
-0.24273104
3.2070755
6.8225976
9.3268262
-3.7219828
-1.7877513
1.4444598
5.0260996
7.5498116
-4.7076253
-2.9861375
-0.19061816
2.9492134
5.3035365
-5.1418666
-3.5922984
-1.0978633
1.7193575
3.8324513
-5.1154734
-3.750524
-1.4421873
1.2418046
3.2418841
21.190973
22.022765
23.200451
24.62397
25.937404
20.882684
22.458408
24.316224
26.004242
27.263151
19.18351
21.254123
24.030795
26.492999
28.070899
17.760493
19.824527
22.821546
25.702029
27.599844
17.035104
19.148501
22.114638
25.118203
27.125156
37.818916
40.659559
45.254901
50.204021
53.625403
38.844167
41.462072
45.617219
50.098408
53.267517
38.926901
41.310174
45.068071
49.116416
52.004441
38.673195
40.822444
44.216297
47.916926
50.588043
38.742962
40.806972
44.00898
47.461606
49.935999
4.966204
6.4211887
7.7965981
7.4069445
5.9248809
4.3633114
5.6626701
7.2836258
7.8339534
7.1405235
4.2824257
5.1252858
6.4976794
7.7134667
8.024279
5.1900138
5.5754041
6.3744791
7.3530569
7.9864405
6.2811717
6.5529584
6.9756397
7.436547
7.8338522
1.1276073
1.993991
3.0664249
4.2660103
5.2642112
2.871567
3.8118856
5.0122126
6.1562412
6.9336283
4.9267648
6.046118
7.5710315
9.0334399
9.9267826
6.3796944
7.616644
9.4160301
11.243084
12.49602
7.4368439
8.6832211
10.558034
12.476592
13.787618
15.003587
17.246671
20.722181
24.185333
26.509811
15.555818
17.623203
20.925463
24.43593
26.81076
16.600658
18.646365
21.770776
25.095716
27.544493
17.879006
19.77518
23.080371
26.390212
28.60908
19.832004
20.887311
23.753585
27.596935
29.889904
40.279971
42.646564
45.807609
47.288042
46.486024
41.039056
43.351944
46.071794
46.093356
43.849381
41.99353
43.817194
44.630971
41.854691
37.960379
42.324677
42.661403
40.130621
34.808959
30.35416
40.972236
39.808068
35.378867
29.20207
24.961248
23.611287
25.635951
27.994386
29.617682
30.332402
21.556586
23.643624
26.308627
28.257991
29.117635
18.620125
20.735961
23.590223
25.871898
27.034886
16.174852
18.250532
21.135556
23.582259
24.947051
15.013468
17.049015
19.986852
22.564372
24.013535
12.431526
14.186521
17.036573
20.209935
22.478035
10.516674
12.267889
15.103475
18.217194
20.439273
8.316177
9.875504
12.45527
15.376373
17.522186
6.8088399
8.1524579
10.430474
13.092811
15.114691
6.1942794
7.4613172
9.6090699
12.094482
13.995728
34.801328
35.50704
36.168634
36.524919
36.432867
34.794969
35.606028
36.612009
37.402827
37.845067
34.162973
35.206827
36.519758
37.600074
38.242111
32.689197
33.954956
35.697719
37.164932
37.906915
31.770681
33.054432
34.795568
36.336367
37.328123
30.675164
31.443328
32.475641
33.53149
34.356804
29.529033
30.541716
32.03671
33.443648
34.345841
27.583204
28.800852
30.617967
32.393466
33.581094
25.57964
26.841154
28.725215
30.669837
32.021157
24.659888
25.941516
27.854203
29.762981
31.089129
35.526804
34.989912
34.011592
31.91795
28.512179
37.142666
36.104359
34.29734
31.675906
28.305608
37.953374
36.657217
34.154741
30.856472
27.475117
38.431455
37.385742
34.911831
31.212192
27.662526
38.36962
37.500035
35.481183
31.916475
27.997326
36.284584
36.257785
36.259735
36.066669
35.726623
38.0502
38.32556
38.389014
38.039722
37.494896
38.529088
38.961347
39.230555
38.96661
38.379884
38.18603
38.65481
39.110289
39.146694
38.769736
37.834134
38.569361
39.061241
39.003197
38.652149
0.097204069
0.51131819
1.0275876
1.43741
1.653755
-0.35704161
-0.076693479
0.2442298
0.48363789
0.60988188
-0.43912828
-0.29605648
-0.21131599
-0.25224566
-0.35447033
-0.30370929
-0.17347376
-0.15212807
-0.29240271
-0.47457011
-0.41644642
-0.20541406
-0.14596408
-0.28101282
-0.42140706
2.0615725
2.4551555
3.232912
4.2983027
5.2357695
1.6102761
1.9509973
2.6894271
3.7237462
4.6275066
1.2094603
1.2983606
1.7914711
2.6928152
3.5274702
1.2419126
1.0631497
1.1209747
1.6095143
2.208817
1.1971682
1.0038186
0.92974528
1.2400369
1.7205161
1.1081054
0.91206624
0.7894236
1.0235407
1.4575234
0.5455062
0.42915196
0.40835645
0.6295962
0.97206327
-1.0916266
-1.0949732
-0.94929828
-0.57702544
-0.16078892
-2.2030549
-2.5038237
-2.7411834
-2.5984454
-2.2232446
-1.6609038
-2.1190037
-2.8185074
-3.4146943
-3.6078137
1.7448855
1.8602552
1.8000416
1.5044333
1.2332667
0.66499817
0.78200305
0.87749695
0.79790457
0.6381837
-0.41720245
-0.52094707
-0.70810031
-0.92116422
-1.0503988
-0.57793847
-0.77390379
-1.1623098
-1.6548153
-2.0231819
-0.49519922
-0.62801069
-0.83928829
-1.1389824
-1.4468822
14.435121
16.462143
19.397662
21.975837
23.465701
13.467244
15.47374
18.414918
21.095778
22.681615
11.947304
13.959554
16.997281
19.848168
21.575212
10.085121
12.095868
15.229876
18.243866
20.130727
9.0475397
10.928325
13.979962
17.056881
19.011672
8.468595
10.35551
13.368667
16.450235
18.410744
7.1553238
8.9704237
11.952891
15.065638
17.142625
6.0576676
7.6789917
10.37694
13.309515
15.324468
4.7675047
6.581864
9.3380308
12.178325
14.134794
3.2532833
5.2272426
8.3106411
11.602858
13.803586
1.765164
2.482019
3.9077203
5.8939353
7.5679291
1.2224896
1.9021259
3.236876
4.9235814
6.3290681
0.11339565
0.78349218
2.1400476
3.9063845
5.3001855
-1.9380933
-1.2452176
0.14242947
2.1329899
3.8526533
-3.589443
-3.1977907
-1.8450153
0.37254109
2.2374839
31.451395
32.712551
34.436681
36.018008
37.020341
31.023388
32.36661
34.197948
35.848151
36.859536
30.468307
31.93523
33.94623
35.75055
36.858878
29.917959
31.512114
33.72993
35.769945
37.036683
29.468453
31.168789
33.493691
35.601415
36.90973
29.092961
30.914838
33.429333
35.713056
37.124626
28.259222
30.187191
32.915827
35.465057
37.07899
27.030635
29.083766
32.004337
34.776435
36.574198
25.689948
27.890549
31.064414
34.116275
36.106135
24.844653
27.038251
30.292593
33.493682
35.610883
19.295213
20.976703
23.551016
26.240064
28.133259
18.092598
19.841919
22.517764
25.293738
27.254563
16.279948
18.10666
20.928172
23.88219
25.965242
15.028295
16.707807
19.414301
22.388437
24.560651
14.754232
16.376366
18.884225
21.666414
23.743935
38.623293
37.87308
35.930283
32.291239
28.232626
39.202423
38.349858
36.204222
32.657487
28.916354
39.528617
38.759586
36.809802
33.507554
29.929425
40.352227
39.927764
38.419947
35.193719
31.432647
40.822364
40.543284
39.337467
36.389718
32.461154
41.505324
41.28193
40.161562
37.135779
33.136977
42.56673
42.354782
41.215473
38.345844
34.630256
43.242189
43.193304
42.314006
39.852718
36.43321
44.238011
44.575858
44.282862
42.279728
38.922652
44.703935
45.337877
45.444505
43.758619
40.371572
37.778662
38.905393
40.225291
41.138657
41.460039
37.841233
39.199705
40.845033
42.013265
42.468118
37.446598
39.030057
41.00168
42.452499
43.070435
37.068644
38.831572
41.111266
42.951803
43.884705
36.641595
38.53646
41.025146
43.101109
44.229581
-0.5128324
-0.25599286
-0.17673124
-0.28024423
-0.40088838
-1.1151154
-0.66537568
-0.45671937
-0.4972498
-0.5064533
-2.4988934
-1.823078
-1.2180261
-1.0629069
-1.0055037
-3.3028464
-2.8807376
-2.174555
-1.767368
-1.6751245
-2.9258352
-3.0325272
-2.6901837
-2.2120794
-2.0735608
-2.4494271
-2.8243874
-2.8288579
-2.4541821
-2.283419
-0.84180032
-1.8293308
-2.7241242
-2.8346418
-2.6788047
2.1063389
0.78113732
-1.1660969
-2.5027982
-2.89438
4.5656599
3.6108085
1.5510459
-0.76353049
-2.0551219
5.5485812
5.0611662
3.4954492
1.1198182
-0.63126994
-1.2124277
-1.6152159
-2.3484492
-3.1143727
-3.5950983
-0.11268583
-0.2207904
-0.66509792
-1.4117793
-2.018225
1.1978389
1.7762295
2.2508756
2.1094089
1.7777486
1.4605138
2.7212555
4.3514008
5.4160232
5.6222055
0.66857621
2.1243081
4.7644003
7.213739
8.1608699
0.11343338
1.5214417
4.2560611
7.0852608
8.6429666
-0.68485637
0.44009756
2.6559064
5.4169575
7.6340308
-1.853789
-1.0599838
0.52165671
2.4483568
3.7295784
-2.9883665
-2.4610225
-1.4704138
-0.58339514
-0.48012893
-3.6495462
-3.3021229
-2.7578349
-2.419641
-2.1639709
-2.3057851
-2.2660382
-1.9091596
-1.1316291
-0.3045415
-2.6741119
-2.6629057
-2.4024892
-1.7625336
-1.0669901
-2.9742936
-3.0635535
-3.0093785
-2.6546339
-2.1839729
-2.4726208
-3.0002802
-3.3818019
-3.3932937
-3.1756554
-1.3846351
-2.4451317
-3.357753
-3.7331749
-3.7135107
1.605301
3.9205938
7.6450734
11.214046
13.395222
-2.2901825
-0.048574108
4.0143288
7.6560849
9.7355392
-3.8741031
-4.2101756
-2.8869025
0.24103441
2.7792511
1.6733734
-0.46572527
-2.9391543
-3.0650586
-1.7908801
4.6481854
2.8505584
-0.38160931
-1.7316467
-1.6659268
5.7420032
3.889217
0.82306855
-0.88509018
-0.91720088
9.7478629
8.1236361
5.7786343
4.0251541
3.2868991
14.547315
14.397429
13.344231
11.985367
11.278295
14.27142
16.067865
17.687142
18.207973
18.229726
11.994918
14.453811
17.388967
19.410418
20.309484
9.0842483
9.4976384
9.3315449
8.2016397
6.6519518
8.7333575
10.282918
11.445055
11.325634
10.430664
4.694902
7.3692577
10.898058
13.387161
14.328843
0.046996123
2.6115433
6.6760439
10.681918
13.172357
-1.512851
0.65828851
4.1676936
7.9912237
10.648032
24.697915
26.794295
29.990051
33.2211
35.39065
24.642164
26.730417
29.812149
32.96045
35.147497
23.445756
26.26647
29.878873
33.12881
35.28741
19.666689
23.654348
28.892751
33.273305
35.85249
16.027921
20.489509
26.865861
32.471769
35.736041
14.340202
18.775909
25.425588
31.634431
35.366202
12.458273
16.43794
22.8797
29.514657
33.863869
14.947791
17.524125
22.304699
28.014446
32.251748
21.476136
22.999415
26.016113
30.016386
33.342462
25.604675
27.027453
29.550271
32.715264
35.370962
-0.75053181
0.28218381
3.42587
8.3049228
12.244541
3.115018
3.2153151
4.3754552
7.4831949
10.639613
11.053081
10.872126
11.146924
12.234421
13.814118
18.251002
18.374333
18.899551
19.843832
20.84461
20.663241
21.30305
22.342668
23.715419
24.941102
45.103866
45.834138
46.141529
44.517689
41.111097
45.812591
46.747587
47.345558
46.06273
42.97503
46.53206
47.757833
48.854826
48.131896
45.294872
47.865832
49.343663
50.852523
50.560437
47.905817
48.975688
50.608427
52.375628
52.310156
49.764734
49.748739
51.418515
53.209221
53.249436
50.747453
51.238362
53.101365
55.112388
55.322535
52.794677
53.099961
55.527677
58.07799
58.283908
55.360458
54.521235
57.41932
60.608511
60.615178
56.947147
55.12311
58.17031
61.575907
61.070744
56.78932
37.079386
40.053087
43.750291
46.95266
48.908972
35.954103
39.701626
44.300618
48.044973
50.279752
34.439612
38.645255
44.317365
49.136925
51.929052
35.179785
38.893634
44.490701
49.823963
53.106956
36.870545
39.964523
44.923415
50.098817
53.539526
5.8612656
5.6271433
4.3093257
2.013942
0.22678023
6.2454152
6.4323195
5.609235
3.6491559
1.967322
6.0545011
6.8059075
6.9061698
5.9021125
4.5837454
4.8161829
6.2711095
7.4584619
7.3847472
6.4630438
3.334973
5.3144587
7.2827169
7.7732614
7.1869093
2.4260223
4.5765843
6.9066956
7.8159118
7.5315508
0.48087884
2.795136
5.7558991
7.6126828
7.9711806
-1.8588068
0.20735111
3.3955605
6.1684075
7.455471
-2.3920291
-1.1189281
1.384257
4.1580382
5.8908851
-1.6008862
-0.90291289
0.82736638
3.1574861
4.7384842
-3.856362
-3.6167635
-3.2632636
-2.9992734
-2.9432621
-4.0837725
-4.0767878
-3.9944238
-3.9674451
-4.1052993
-4.0758278
-4.3539673
-4.5829508
-4.8339985
-5.0506757
-3.4253002
-4.0646556
-4.6513647
-5.086702
-5.4035879
-2.6217529
-3.5980382
-4.4734259
-5.0345911
-5.3640755
-2.0575828
-3.2318167
-4.2987997
-4.9303564
-5.2071302
-0.77902625
-2.1669473
-3.6045096
-4.4139613
-4.7066697
1.0139264
-0.54838214
-2.299956
-3.3195165
-3.6520224
2.7547308
1.0451717
-0.75725073
-1.742663
-1.8751943
3.9887568
2.1803232
0.39967216
-0.32152995
-0.12674233
7.1770968
6.0111393
3.444219
0.55470407
-1.2423997
7.8204919
6.982954
4.8112094
2.023076
0.11393691
7.7986925
7.861424
6.5675168
3.9743306
1.9362969
6.648107
7.7094157
7.7130034
5.7884405
3.7697627
5.5108568
6.9618183
7.9233624
6.9115266
5.1183496
10.632412
13.190035
16.583363
19.291105
20.652387
8.8135269
11.254291
14.737889
17.991823
19.973143
6.5646288
9.0706562
12.585996
15.914494
18.105415
4.970277
7.3328325
10.945752
14.441072
16.680329
4.2931592
6.4393968
9.8869566
13.50422
15.890097
4.0521502
6.1904108
9.4874114
13.00491
15.468718
3.6780515
5.7230769
8.9332159
12.320007
14.709008
3.8213179
5.554032
8.4644453
11.702961
14.019413
4.6277947
6.1094997
8.5848776
11.513393
13.731455
5.4220594
6.842327
9.1019898
11.71607
13.78798
-4.9258445
-3.6041723
-1.4983424
1.0235346
2.9924071
-4.456203
-3.1826529
-1.2388801
0.96905897
2.7073473
-3.4229006
-2.2552137
-0.44420654
1.5432841
3.0183033
-1.6029384
-0.69164687
0.77679768
2.551503
3.9078387
0.22580672
0.99902606
2.1274497
3.5472331
4.7465623
26.708091
28.303583
30.940202
33.996386
36.448568
27.97044
29.511481
32.141258
35.195127
37.562789
28.85829
30.403185
32.832597
35.602421
37.761564
28.55771
30.377905
32.981685
35.655233
37.621105
28.12171
30.094181
32.924808
35.735064
37.713484
27.916904
29.908005
32.801336
35.693651
37.713085
27.704341
29.699446
32.643686
35.634419
37.720696
27.645461
29.734506
32.76262
35.786566
37.89862
27.745701
29.939825
33.090478
36.25902
38.422665
27.787558
30.168714
33.434636
36.670429
38.946534
16.698943
18.981402
21.950594
24.858327
26.900372
15.937977
18.351776
21.666562
24.669011
26.672858
15.216214
17.592588
21.102147
24.450681
26.583582
14.893306
17.214989
20.67477
24.204889
26.598685
14.921022
17.238251
20.663022
24.068049
26.505008
55.264362
58.30746
61.651169
60.786737
56.266196
54.886984
57.800843
60.816499
59.186517
54.316531
53.525841
56.051838
57.781204
54.754999
49.631581
51.968812
54.069945
54.276666
49.798241
44.471357
51.172865
52.859647
51.981484
46.576172
41.158426
50.900375
52.297897
50.817345
44.998835
39.607284
50.567721
51.267271
48.470038
41.880966
36.610614
49.917587
49.364732
44.657552
37.266503
32.35767
48.452666
46.389863
40.076945
32.49765
28.210551
46.613182
43.476142
36.44956
29.171917
25.371776
38.770061
40.858452
44.028815
47.400464
49.771589
38.796782
40.929975
44.156947
47.529232
49.695214
38.987191
41.158893
44.402599
47.811622
49.588751
39.506827
41.782908
44.923504
47.90518
48.90022
39.980802
42.344024
45.526149
47.625874
47.557784
-0.95354717
-0.42912395
0.84247904
2.7893152
4.2624874
0.19153658
0.61852667
1.305372
2.4203647
3.6319632
1.4526574
1.9740914
2.6335825
3.2000697
3.8352517
2.5874503
3.190975
4.0917683
4.7751866
5.0842908
3.1785284
3.8479383
4.7599442
5.680621
6.1842592
3.4789976
4.1534849
4.9662521
5.9058325
6.5069157
4.010603
4.6914575
5.5727873
6.3898868
7.0149163
4.0960704
4.9595515
5.9512914
6.9079529
7.5538126
4.9151606
5.0172335
5.3661564
5.8885494
6.2760103
0.6019886
1.2401961
2.4002837
3.4489805
4.2853923
4.8098895
2.8814788
1.0738652
0.48231924
0.74877672
6.3105864
4.4611982
2.480041
1.9035542
2.368181
7.7595369
6.291281
4.2792689
3.8124186
4.4302232
8.1395739
7.5172867
6.0106811
5.2627455
5.843096
8.0920623
8.3129816
7.3409411
6.1318429
6.6933581
8.1479154
8.7453202
8.0098563
6.671962
7.2877761
8.776711
9.0563352
9.009649
7.776485
8.3159513
9.9354017
10.180411
10.296611
9.3426615
9.5526828
9.8661714
10.828123
11.614573
10.530599
11.062328
8.7570147
9.8572274
10.971741
12.669619
10.568435
6.7252485
7.0911642
7.4362658
7.7569519
7.9438171
7.2983522
7.8197666
8.324994
8.5306783
8.7913091
7.8383761
8.41768
9.138989
9.5794844
9.870543
6.5337571
7.0467009
7.8506136
8.7928885
9.4222263
4.5737037
5.1759088
6.2800842
7.2440017
8.251807
5.8400071
7.1939541
9.4909417
12.040469
13.938339
7.3325855
8.2786103
10.179323
12.673313
14.555708
10.311358
10.969763
12.061646
13.832563
15.60196
13.104602
14.178181
15.32744
16.221023
17.160049
14.438965
15.730717
17.504051
18.889224
19.510924
15.149084
16.46653
18.243769
19.870209
20.825712
16.618144
18.086226
20.091215
21.886214
22.997212
17.636993
19.462618
22.084558
24.468047
25.896482
16.314763
18.008459
20.810173
23.839422
25.911091
14.271191
15.376372
17.840546
20.937873
23.222321
8.1454375
9.2778692
11.093662
13.096149
14.469471
9.0654707
10.242248
12.182777
14.318673
15.851207
10.056665
11.0599
12.782211
14.99842
16.742965
11.626108
12.034046
13.032657
14.336691
15.545287
10.264912
11.377414
12.229365
13.207574
13.889674
27.757248
30.204753
33.670029
36.936306
39.199101
27.992852
30.422144
34.007489
37.473225
39.793991
28.7925
31.151127
34.725768
38.441735
40.842953
29.895608
32.357545
35.940327
39.505115
41.60049
30.927286
33.344541
36.921981
39.959543
41.072362
31.541323
33.958805
37.272686
39.694543
40.010782
32.930226
35.303198
37.867703
38.062123
36.529059
33.841254
35.076034
34.570693
31.562163
28.480087
31.207438
30.115424
27.160644
22.477452
18.931935
28.598485
26.313208
20.300523
14.855665
12.300218
21.267758
22.132974
24.232238
27.70981
30.448748
23.539737
24.549039
26.287582
28.944408
31.553993
26.565737
27.791518
29.539981
31.411036
32.900615
26.930656
28.604939
30.353132
31.393409
31.538394
24.447833
26.842834
29.447802
30.163541
29.355099
45.292111
41.705369
34.482862
27.456907
23.90478
42.09803
37.68149
30.396004
24.130449
21.127953
35.686978
30.905544
24.452466
19.584496
17.360102
28.083501
23.971321
19.04972
15.56926
14.031385
23.019812
19.695521
15.863807
13.191837
12.043741
20.704226
17.764339
14.383528
12.072063
11.118506
16.603425
14.350284
11.792637
10.094345
9.4566122
11.545767
10.14745
8.6014397
7.6450201
7.3619353
7.7228369
6.8898464
5.9802535
5.5176563
5.5069961
5.5884201
5.0340566
4.4153459
4.1020038
4.1499775
39.531136
37.580784
32.436864
26.313161
22.426959
35.301801
32.100697
26.45826
21.021155
17.93631
26.683036
23.067195
18.178107
14.336176
12.389087
17.351267
14.56194
11.506944
9.3415139
8.216528
11.261907
9.7575534
8.0003219
6.6656895
5.9333295
