FiniteElementSpace
FiniteElementCollection: L2_2D_P4
VDim: 1
Ordering: 0

5.0913234
8.2033069
7.8982454
8.6422416
10.354129
3.7375691
11.722508
11.186129
12.393634
16.724085
2.5588308
11.286755
14.91968
18.042243
24.375078
3.0138198
15.395208
18.940091
24.39099
36.41148
2.6271512
19.233379
19.789292
26.443543
42.557581
11.845427
-0.34630965
3.4606078
4.0651001
12.623461
30.277256
40.615501
49.176482
44.346989
33.17109
55.670172
59.652045
67.767465
63.017792
64.482722
93.818591
103.88857
106.90232
107.33091
103.75732
108.08075
118.61056
124.79054
118.36578
113.68392
-22.083101
-9.7566495
-3.4127182
-4.4377385
3.8340941
103.6396
88.381353
89.485123
87.166121
74.130859
116.0998
104.74933
123.65417
125.65133
123.41685
105.54329
120.52403
136.9147
162.06241
178.21851
208.05264
225.77754
219.98111
223.12578
256.11635
44.687761
74.349282
110.72178
154.1389
144.82569
135.75351
184.90077
213.01841
213.1533
216.99005
243.07157
264.05097
270.53976
266.59882
267.42855
292.87636
298.46418
307.92442
311.06033
311.95399
328.23958
331.34572
326.44289
331.61125
346.6765
-5.452497
35.953694
25.611524
45.694944
80.263761
-1.7416388
35.092012
32.819623
45.696729
66.552028
4.3417194
26.212999
37.145872
55.449557
66.384114
4.2686569
23.133132
35.341486
61.434638
74.944585
4.2346719
27.356016
35.392068
56.997381
72.636357
192.70267
196.60311
194.19381
186.88586
179.28614
200.95939
204.32305
201.29013
192.81045
184.98353
212.07721
214.29814
210.0672
200.03569
189.52501
222.50075
223.03767
217.57085
205.40192
191.9269
229.33282
228.86351
221.77315
206.6568
193.23242
365.64261
369.52847
378.63828
393.19509
398.87843
363.35089
376.21492
391.83091
406.72588
416.90421
385.43701
395.15745
409.8671
425.5694
436.49821
407.5168
414.9985
427.93068
444.43355
455.44351
415.475
429.58239
442.51655
456.27196
470.31076
464.97754
479.32511
502.18659
526.35242
543.40957
484.18599
499.27406
522.25266
546.40919
563.48693
511.74837
526.69994
550.02017
573.86303
589.72583
537.20651
552.3052
575.74527
598.47984
612.45835
553.20459
569.45749
592.6782
613.70221
626.05523
8.0457987
29.790542
30.174851
57.597997
94.882776
10.473215
28.88297
30.869036
59.077855
96.342414
10.573556
30.801604
30.742816
58.524239
101.74181
10.574883
34.428856
30.037356
56.350574
105.98891
13.597122
34.806701
30.895148
56.511948
106.68416
255.38211
252.66084
234.63078
211.04784
197.56677
256.60832
252.71011
233.85174
209.76001
195.91095
256.22318
251.00066
233.44729
209.91116
194.0464
253.2574
248.13972
233.5334
210.2631
190.81274
249.5775
245.90133
233.45737
208.31774
185.91574
516.61014
524.44396
537.49052
552.11094
561.94873
523.6778
534.41796
549.18062
564.52879
575.33851
535.89609
546.87752
562.99957
579.55904
591.06025
550.80245
560.4048
575.97488
593.00687
604.85013
561.57788
571.95191
586.77867
603.07226
615.31516
638.53195
649.90783
666.08025
681.59095
691.71581
648.23365
659.73672
676.15637
691.80307
702.05476
662.85596
674.45694
690.92613
707.00156
717.87245
677.71751
689.4365
706.54299
723.59827
735.05978
688.16573
700.2466
718.41622
736.24796
747.82361
746.67982
754.10935
764.81129
774.3637
779.78391
757.72933
765.51404
776.53978
786.55078
792.86393
775.12753
783.5704
795.17712
806.11898
813.2848
794.95128
803.55543
815.45785
826.63768
833.57587
809.84061
817.80114
829.76346
840.67895
846.81773
17.701333
42.625105
32.397269
51.641331
108.27372
16.557052
43.078324
33.288692
50.36919
108.7889
17.259001
43.731395
33.802971
48.647744
106.34879
18.820777
45.663346
34.063599
47.163976
103.96367
19.893795
48.41615
34.763984
46.094787
104.53088
229.074
230.95675
214.34495
185.0684
172.52702
223.92668
226.8304
209.5937
181.12191
171.14844
219.24656
221.93198
204.05777
176.92471
168.33818
216.49257
217.60723
199.34132
173.41013
165.72955
214.8225
213.87951
194.87926
170.72531
165.0079
632.53825
649.32262
668.67594
686.81456
700.02847
639.8501
655.2717
677.25263
697.97292
710.79591
656.50896
670.93247
692.35906
713.59651
727.64233
678.86054
693.37122
713.58904
734.00498
748.57703
694.96847
709.81238
731.64753
752.87857
765.77644
773.55664
786.26637
804.13271
820.72336
831.42975
787.50928
799.79971
816.98804
833.36986
844.26962
806.82429
819.04492
836.47485
853.25939
864.31147
827.67608
840.24105
858.15846
875.0918
886.0838
844.42894
857.05637
874.32883
890.63514
901.44025
888.74717
897.57436
909.19247
919.03812
924.60376
902.37137
910.92712
921.85567
931.02462
936.4135
921.89813
929.95007
939.95776
948.51932
953.99743
941.49461
949.00854
958.34173
966.49284
971.90879
955.26212
962.07121
971.07747
979.21657
984.33921
936.16553
946.66281
960.00941
971.5937
978.81305
952.54644
961.58967
973.28391
983.92358
990.85968
967.84458
975.35679
985.53776
995.17497
1001.6324
974.0701
981.05514
990.80326
1000.1277
1006.4147
974.67148
981.49442
991.48616
1001.3834
1008.0048
1018.5033
1023.9517
1031.3403
1038.3971
1043.0467
1027.8271
1032.8999
1040.0543
1046.4769
1050.1116
1034.9094
1039.6165
1046.0769
1051.4819
1054.3001
1036.7778
1041.1125
1046.7571
1051.1867
1053.3692
1036.653
1040.5057
1045.4603
1048.9778
1050.2895
903.42981
905.18149
905.12279
904.96798
906.34608
888.78959
887.72665
883.32993
878.95504
877.52402
870.80419
867.8817
861.77872
854.08791
848.37825
860.044
856.67377
850.52104
842.09657
834.55228
857.71584
854.5139
847.58457
839.25069
833.15448
904.75795
902.62909
899.0572
894.52237
890.39736
866.05508
862.90785
857.00112
849.73116
844.06594
817.47981
809.50074
799.81953
790.05055
782.01925
786.08263
773.66094
759.57975
746.82996
736.19103
777.60748
765.48832
748.04737
731.02592
718.33876
10.447494
13.084148
17.656475
19.861217
17.228145
19.456008
26.494108
31.95889
34.963679
36.023378
29.727576
37.06193
44.185721
49.781833
53.400744
43.498632
51.840056
63.910763
77.602689
85.948129
48.972337
62.44348
79.16058
95.118782
103.16897
52.181113
67.053305
85.468135
103.08262
112.64013
55.751915
74.692555
96.787995
117.81362
131.31909
60.724078
82.37
110.85301
138.28739
154.55602
66.868974
88.85996
123.45906
156.87536
173.14204
71.416517
93.496917
132.55068
168.6482
183.90915
2.9058317
17.894711
20.134763
28.928398
44.584904
3.8035424
18.627821
20.712226
32.520197
47.636495
3.9418034
20.213483
23.908296
37.505017
52.741177
5.0495072
22.974939
26.847408
43.726747
56.767015
4.1880826
27.252454
26.686603
47.866272
60.988805
8.069172
6.158264
-5.6857922
-15.759402
29.309507
36.128664
49.771322
55.191656
59.463886
35.563328
67.700223
69.217273
62.497496
57.041972
112.58082
104.48863
90.050298
89.968418
125.29711
132.7813
111.07073
103.43381
120.94347
146.96552
157.13714
126.12147
127.43574
125.18046
141.22764
185.00209
147.97638
137.81664
131.41466
149.35674
181.56006
158.77811
144.07114
144.81288
171.43416
217.21716
164.04018
153.87122
158.30394
200.05085
260.30841
170.6082
162.04044
168.05565
225.12026
298.93902
118.12783
126.73351
130.35905
127.858
127.07908
135.34789
143.47869
147.95544
147.16182
146.5539
158.37229
165.54235
168.54924
165.88936
162.70995
177.46239
183.30117
183.13299
177.28081
171.18259
187.86862
192.39651
190.57352
183.55684
175.98503
6.1271795
5.7790827
14.189387
24.81793
30.160847
70.112417
76.483606
93.183579
95.914414
114.19677
127.02429
156.1276
203.44004
214.18279
237.28454
184.86986
218.3017
270.52527
294.75567
290.15383
266.63568
279.55012
306.56055
320.90583
320.91686
283.54174
296.90476
318.47148
329.77278
335.84916
304.83939
322.4063
342.00077
351.49539
358.6959
341.15662
358.00135
374.11031
385.65711
393.35042
377.97008
390.78189
405.17209
417.58065
427.47538
393.20233
408.21982
424.71859
437.7401
448.9754
226.65993
240.78828
251.23133
278.82199
263.75577
209.84882
258.69133
268.63629
288.0105
298.87928
267.50384
267.418
283.22367
312.276
331.33387
311.82827
302.53872
323.07712
356.43581
367.73556
329.32561
366.92389
370.04827
374.33134
394.41956
124.36414
135.53019
141.86882
152.82958
170.13977
210.09185
209.48494
217.53625
235.43553
254.30136
267.35618
274.83675
297.67647
331.26139
360.67443
317.92558
335.31153
369.42551
412.50868
447.59521
355.52692
377.43126
421.50829
467.96349
492.51806
379.75761
407.70299
448.16642
487.51688
511.81913
427.96988
454.90169
491.22006
521.38625
536.46602
484.52762
506.04286
533.93476
555.46374
566.52178
523.18957
540.90199
563.07962
581.35429
592.32713
542.67785
559.69664
580.8136
598.35175
608.39561
340.80157
342.25959
345.36868
354.94137
367.62654
360.83161
361.87083
368.62484
389.98246
413.44957
395.09529
401.76846
419.38148
448.5239
473.31249
432.47142
445.007
468.2226
495.56378
514.66829
455.04766
468.48656
491.08152
515.38538
531.93369
73.859822
96.078542
136.86201
175.02138
188.4402
73.104996
100.61916
147.63503
184.96366
198.73593
72.643812
106.55647
160.33548
198.14883
209.94765
75.920568
113.4877
171.74278
209.28478
218.84288
81.476107
119.96717
179.77061
216.33393
225.95551
84.715401
120.86065
182.12501
220.81943
228.69041
89.792738
126.16285
187.47461
227.12435
235.30012
97.029786
132.6202
194.94767
236.0489
243.51766
103.27628
136.86879
200.91603
242.72761
248.17317
106.66914
139.3037
204.90171
245.07778
248.71844
5.3923767
25.799558
35.694717
60.179642
76.284875
6.6172488
22.630362
35.510207
65.568987
84.114403
7.620118
24.558776
32.529585
62.726903
87.649208
8.8021905
28.173552
30.380563
58.023302
88.379647
9.4851264
27.241118
31.439034
60.153893
92.981972
171.91315
165.88357
170.3999
221.14402
297.22985
178.9582
169.91134
174.90033
217.53338
294.35408
183.82227
175.191
182.39296
237.14885
317.28563
187.20673
178.89135
190.48313
255.78305
339.43947
191.2208
180.25259
195.18916
269.87614
357.95881
191.4642
181.64814
198.26086
276.61177
368.74968
192.22932
182.24343
204.50079
288.2466
384.75821
192.64118
183.33144
211.82673
302.64605
405.50939
192.10502
183.94184
219.23065
316.00734
421.40049
190.96988
184.02801
225.63393
327.92454
431.65364
233.06479
231.96051
223.0206
206.25099
193.78528
239.12638
236.98941
225.31479
207.62376
196.20347
246.08394
242.81713
229.26649
210.91892
199.08502
250.68053
247.83021
233.1279
212.81747
199.63763
252.88419
251.30527
235.01976
211.8984
197.88841
406.47169
416.2775
432.09684
447.9669
458.71031
421.63906
432.63713
448.31785
464.66345
477.23218
442.15235
453.99158
471.79467
490.63034
504.34625
461.99422
474.1565
493.88947
514.96293
529.41749
474.88682
488.66352
508.56794
529.34425
544.99473
483.43402
495.78101
515.89121
538.04456
553.79947
498.0193
512.31771
533.40289
555.55852
571.69316
522.4363
536.90162
558.50581
579.89181
594.18857
546.47578
559.99166
580.80866
601.01525
613.55248
560.60191
573.77329
593.49569
613.12479
626.21695
436.826
437.59482
448.02035
464.51274
474.60093
449.86998
455.00437
465.20946
479.7405
491.75973
476.1025
479.79943
489.79909
504.18653
516.1175
499.81974
504.7297
514.41801
528.51171
539.58921
507.72335
520.01621
531.48952
543.86523
555.63996
552.12396
568.5295
589.80175
606.52487
614.32368
571.55759
587.05145
606.08426
620.46839
627.63153
596.99901
610.38944
626.511
638.83495
645.77003
618.95476
630.35532
644.35652
655.9577
662.97898
631.97484
642.80359
656.11126
667.48235
674.45039
639.19858
648.53767
661.75706
673.57269
680.16688
649.45702
659.36324
672.44705
683.64349
690.42459
665.40355
675.23442
688.06868
699.63307
707.33029
681.50337
690.81581
703.81246
716.28147
724.42916
691.66931
701.10833
714.59591
727.36361
735.32919
561.78659
577.29837
600.27686
621.80208
634.59912
578.89033
594.39934
615.60453
633.93191
644.35728
601.15383
614.90533
633.44132
649.84385
659.99491
620.32412
632.52216
649.56424
665.75654
676.38937
632.17176
644.57976
661.34006
676.81002
686.75959
682.83658
688.15323
696.74698
705.04383
709.59543
693.876
700.96759
710.27564
717.60503
721.56067
711.2448
718.71258
727.72837
735.58081
741.21967
728.29033
735.27326
745.04862
754.8686
761.37468
739.34424
746.76609
758.4025
768.94111
773.94355
108.6971
141.30438
206.42259
246.02101
249.60345
110.24353
145.32198
207.68479
247.13848
254.95837
112.27984
146.90662
209.12114
249.00059
257.24681
113.84564
147.17233
210.46939
248.66622
254.96277
114.45461
148.87117
211.99793
246.87222
252.29312
114.34267
148.67983
212.33994
246.56444
251.58336
114.67303
148.21945
213.21341
243.95671
246.61257
113.25761
147.17282
212.30762
238.43192
240.10139
110.71153
145.32745
209.62282
232.83945
234.97076
108.95747
144.26219
208.12254
229.86119
232.5262
11.352729
37.085678
30.325816
55.898831
109.95738
11.785993
37.983591
30.298075
55.648102
112.27091
15.065867
38.024618
31.218947
55.419198
110.76162
16.452576
40.375211
31.783541
54.996761
111.60812
16.111191
43.587148
31.556074
53.82785
115.38332
188.84205
184.84696
229.92392
333.37681
437.43485
186.88024
184.95414
237.8153
343.14233
442.83003
183.69031
185.53285
245.17696
355.38593
455.25219
181.16444
186.39767
252.33576
368.95973
471.02953
180.13067
186.99235
258.60442
381.04372
482.50983
179.24393
188.04317
262.86784
387.49975
488.22032
177.50156
189.67776
271.48181
400.49742
499.46336
174.59324
191.41616
278.99261
414.40938
518.85924
172.37567
194.10244
285.35898
422.85199
533.94536
171.99583
196.89654
290.69027
425.79797
537.57552
246.64961
245.01171
232.7933
205.81242
183.46043
242.77124
243.17045
230.92413
201.98787
179.92031
239.52757
240.25512
226.80372
197.38938
177.31291
236.0528
236.37492
221.33596
192.30038
175.29955
231.77377
232.88246
216.83635
187.57771
173.16792
569.06412
581.30305
600.56244
619.87847
632.19246
581.23682
593.59727
612.14415
630.34312
642.2715
597.10264
609.36359
627.35499
645.02852
656.86783
611.3836
623.72943
641.81929
659.65644
671.59875
621.36899
633.99632
652.20805
670.03378
682.10681
626.63876
639.1285
657.24874
675.187
687.42498
638.30318
650.69393
669.16475
688.05786
701.16085
659.04879
671.76325
691.02936
710.56198
723.77177
682.46857
695.40403
714.51625
733.20233
745.54565
698.79809
711.20196
729.42564
747.34184
759.23406
569.02584
578.15938
592.17707
608.07487
620.03706
580.35589
589.42124
604.34558
620.7181
631.97689
600.52506
609.97292
624.715
641.07555
652.9908
621.04109
631.67304
646.90429
663.69453
676.20416
632.86163
644.19489
661.95279
680.64042
692.06229
696.72176
706.2254
719.95507
733.40192
742.32082
707.18449
717.48639
731.94739
745.14788
753.44369
723.35937
734.05479
748.55917
761.8598
770.60069
740.70569
751.26778
765.97429
780.36431
790.11304
753.3253
763.94623
779.73606
795.25634
805.13892
759.83699
771.15597
787.81962
802.76884
811.09982
774.62639
786.06737
801.52513
815.66892
825.03511
795.284
806.28178
821.26294
835.57552
845.28637
815.70986
826.41322
841.40975
855.57004
864.69513
829.94158
840.63413
855.20889
868.69802
877.61315
693.90259
706.71316
725.23132
742.80492
754.1651
707.95213
721.10255
739.71817
757.25746
768.7313
730.43826
743.04965
760.88176
778.07233
789.50339
751.81199
763.89482
781.4599
798.6867
810.03672
765.39942
777.87381
796.15375
813.44405
824.31338
815.37529
824.49225
836.95159
847.60438
853.71294
829.90634
838.8378
850.69372
861.34548
868.12162
849.94262
858.65191
870.24663
880.68133
887.05427
868.97213
877.60394
889.08254
899.16456
905.15246
882.12321
890.5586
901.66369
911.82665
918.54732
108.02263
143.65511
207.77504
228.31044
231.31199
105.16619
142.28219
206.68477
225.36066
229.35989
102.67997
139.29825
203.71184
220.90603
223.99338
100.54839
136.10487
200.77112
215.8895
217.42116
98.869816
134.33464
199.43423
212.17124
213.58705
171.83564
200.35342
297.28909
430.70201
540.00568
172.17323
206.59881
311.12489
446.20426
548.68008
172.84249
210.27232
319.46009
463.14905
568.1476
173.30166
213.6257
322.96765
472.34411
588.18368
172.93303
216.09801
325.21236
473.36482
595.60213
173.76617
220.69123
332.34345
478.29049
598.07556
176.91948
231.95495
346.38875
490.17539
609.10093
177.51813
237.88018
354.51977
500.44771
622.82411
176.20723
240.10561
361.44734
510.82323
634.97352
175.60589
239.64117
364.54279
516.10454
640.20922
215.23867
211.69064
191.9195
169.3344
165.19254
214.06971
207.92046
188.13493
167.43047
164.76195
209.2921
204.03642
184.77032
165.02235
164.3772
203.8516
201.3596
182.74143
162.67573
163.67928
201.39577
199.74594
181.01581
160.87985
163.01476
705.95891
718.66823
736.89263
754.81578
767.0878
717.896
730.95241
749.84549
768.49692
781.11999
734.80136
748.62545
768.41616
787.63307
800.39603
755.55188
769.62085
789.58011
808.60037
821.20487
773.57851
787.022
806.12801
824.96746
837.8794
781.48084
794.9736
814.20827
833.22511
846.07362
795.78067
809.98333
830.36779
849.96331
862.87144
817.22075
832.2939
853.12968
872.8163
885.77076
838.94553
853.8587
874.91952
894.61797
907.14433
852.0968
868.2779
889.99131
908.91903
921.06559
697.29013
716.58895
739.29222
760.13981
775.23471
708.00925
726.46349
750.97338
773.6694
788.15917
723.91246
743.4351
769.11248
793.23746
809.15421
740.62342
762.10584
789.19946
814.4626
831.15367
751.96702
773.08049
801.97423
827.95404
843.20313
836.87114
847.57704
861.80307
875.13226
884.2367
849.6539
860.07203
874.73308
888.68877
897.65817
869.67937
880.14079
895.04373
908.96432
917.60078
891.52302
902.01013
916.32253
929.38878
937.63085
906.95993
917.16495
930.86116
943.40861
951.33296
915.1099
924.79732
938.49441
951.17658
958.95259
930.46411
939.99724
952.62336
963.63367
970.37691
949.80552
958.46136
969.36546
978.87155
985.04399
966.5478
973.89756
983.72617
993.03642
999.34779
977.15847
984.14269
994.07565
1003.6134
1009.8663
852.60074
864.45021
881.86901
898.82694
909.84502
869.33111
881.68861
898.95218
915.06174
925.44
892.26681
904.27303
920.61238
935.6996
945.2188
913.23397
924.45889
940.17274
954.30773
962.70261
927.07349
938.64237
953.51925
966.05784
973.71882
962.50203
968.81948
977.52047
985.49889
990.43323
973.69874
979.87441
988.13035
995.40034
999.78814
988.2473
994.2472
1002.096
1009.0826
1013.5675
1002.4518
1008.2353
1015.8752
1022.9595
1027.6774
1012.6548
1018.1982
1025.8369
1033.0074
1037.5437
860.16716
876.23981
897.09066
916.72311
929.65783
878.94193
894.47265
916.03402
935.77612
947.45041
901.06113
917.94046
939.19177
955.12982
963.71023
920.63144
936.11721
950.86019
962.3226
970.10668
930.3738
939.8536
951.83271
963.74119
971.57109
933.80561
942.45228
954.93751
966.54763
973.73891
941.59
950.30928
961.58157
972.02141
979.14422
937.29704
944.57606
954.03987
962.42678
967.41435
918.88695
924.5646
931.52128
936.33762
938.25403
899.10379
904.69539
908.96108
911.17074
911.76148
983.03582
989.92559
999.74974
1009.1012
1015.1927
994.26505
1001.1467
1010.6629
1019.4056
1024.9853
1005.0471
1011.2435
1019.707
1027.4541
1032.4133
1009.7609
1015.3837
1022.9052
1029.8112
1034.4522
1010.4419
1016.4091
1023.7035
1030.1916
1034.6585
1012.9389
1018.2151
1024.8553
1030.4294
1033.6334
1009.4419
1012.8113
1017.481
1021.8295
1024.6572
987.79935
990.09081
993.33792
996.57874
998.72305
952.17576
953.88756
956.23931
958.27511
959.12673
922.52117
923.52429
925.12178
925.80336
925.19675
977.93806
984.44586
993.74541
1003.0579
1009.4301
982.41897
988.33085
996.1121
1003.1529
1007.5053
969.53593
973.34403
979.03736
983.98049
986.54473
939.50167
941.87227
945.90172
949.33257
950.93548
912.49253
915.32478
918.77714
921.11699
921.95863
1035.5552
1038.7282
1042.4915
1044.8328
1045.464
1025.993
1028.3883
1031.0561
1032.4919
1032.6594
999.69628
1001.2424
1002.6084
1003.0989
1002.9621
959.50249
959.54818
958.99402
957.70903
956.37074
924.61006
923.24004
920.89428
917.59434
914.40918
907.4092
908.50935
908.97962
907.761
905.81472
875.04957
872.43303
871.5315
870.21061
866.90806
844.50648
838.02724
833.02622
828.35026
821.92053
831.01938
822.93407
812.14661
801.70913
792.82497
829.84969
821.64946
807.26409
792.53271
782.6475
828.70059
820.46941
807.24341
792.93549
782.18591
832.54773
823.8979
809.60928
793.81756
782.19763
837.75768
829.66379
815.76518
799.70527
787.52031
840.90619
834.07013
821.86484
806.90534
794.87609
841.47812
835.56526
824.30839
810.20727
798.76116
857.49179
855.33967
849.62693
841.02146
833.17766
859.63181
857.25358
851.61005
843.48799
836.38379
860.42201
858.91858
854.53019
847.59458
841.2501
853.308
854.60652
853.46923
849.03145
843.96949
843.05073
846.52024
848.40652
846.82219
843.61308
