FiniteElementSpace
FiniteElementCollection: L2_2D_P4
VDim: 2
Ordering: 0

-2.6978116
-0.92254609
-17.892672
-26.749554
1.1103913
-3.7230236
-0.94514762
-17.616655
-26.573375
0.36275066
-2.8058657
-0.86771133
-17.144595
-25.41515
-0.55296056
-3.1510727
-0.24065896
-17.422602
-24.536039
2.0118752
-2.7747983
0.61908684
-16.844793
-24.257877
3.7650356
-129.90967
-92.630092
-19.659135
64.936128
126.44063
-124.15288
-86.526853
-14.754094
69.726628
129.60546
-120.20829
-81.683975
-6.0189359
79.436834
135.18212
-117.97854
-79.033626
-0.61890182
83.863045
137.45903
-114.69855
-75.164406
-0.069445874
78.416619
132.47334
289.31784
294.88681
300.17183
289.81042
265.94686
283.49939
289.54505
296.42986
290.01229
269.42019
273.76175
280.68645
289.77594
288.76888
272.73077
265.1462
272.99597
284.01411
287.17537
274.60835
260.75846
269.02097
280.82209
285.87527
275.15957
-3.9988805
0.39515291
-15.965344
-23.711102
3.9371441
-3.5147174
-0.13985655
-16.378734
-23.789005
2.1209725
-3.1376032
-0.58176599
-16.116921
-24.164804
0.011739571
-4.0374596
-0.24300526
-16.600996
-24.319235
1.5173397
-3.3173052
-0.15524024
-16.546996
-24.593073
3.6222488
-108.02793
-64.587953
9.9653791
88.01817
139.80005
-105.1896
-62.131363
11.114344
88.832755
139.92821
-107.02635
-65.970759
8.3255474
86.704716
137.4193
-110.50892
-70.982789
4.2980221
83.554826
136.47206
-112.85106
-73.194322
-0.14824562
79.495628
135.09119
248.29425
259.09719
273.28971
281.92893
275.68008
248.78673
259.39225
273.50168
282.0334
275.66828
250.84295
260.90454
274.90494
283.01115
275.89363
254.73648
263.80415
277.06589
284.26361
275.743
257.8261
266.34019
278.91887
285.05488
275.29578
-2.8549429
-0.62285441
-18.054776
-26.46959
0.65609892
-2.4869786
-0.90054185
-18.69844
-26.394007
0.30048385
-2.1755486
-1.7650531
-18.577185
-26.994745
-1.8277544
-2.8992211
-1.7581544
-19.2151
-28.174532
-1.1420492
-2.3504645
-1.8750635
-19.926515
-29.034796
-1.2588671
-132.09233
-95.196552
-22.147978
64.684027
125.13872
-134.54214
-98.195895
-24.746916
64.740232
128.25581
-135.38749
-99.599084
-26.516177
64.186278
128.85315
-137.32262
-102.93549
-33.061844
57.578525
123.19024
-142.05175
-108.23247
-42.102448
46.392814
112.72383
293.72648
298.40118
302.26684
289.47802
263.83055
300.80667
304.77903
306.48174
288.93525
259.62618
314.17731
316.45157
312.6674
286.69591
252.15379
330.70506
330.46843
318.71628
282.709
243.13107
342.25333
339.52696
321.49842
278.41689
235.86681
73.192009
57.957422
41.207614
29.293446
23.19627
70.802568
56.077615
39.872767
28.349039
22.454085
67.157636
53.201884
37.83009
26.908523
21.324027
63.435064
50.283235
35.776891
25.463575
20.186517
60.960847
48.33943
34.404035
24.491323
19.418646
-1.7759886
-3.828525
-23.169958
-34.442157
-10.401807
-1.4902782
-4.0672228
-24.219593
-35.012333
-11.277914
-0.68044183
-5.4477929
-24.904329
-37.061148
-17.594703
-1.2448094
-6.1836925
-25.808268
-40.276552
-21.284791
-1.8457432
-6.7132541
-26.939664
-42.201521
-21.752173
-154.11214
-130.4535
-74.568385
8.5050539
79.300245
-152.18435
-128.48973
-75.473306
4.9614383
73.145598
-151.24374
-127.94508
-75.078895
3.5698294
70.86637
-150.65024
-126.39392
-69.79742
10.067872
77.368564
-149.97778
-121.8948
-61.105496
20.2325
86.399692
399.72349
371.1077
307.6981
233.3675
186.29375
408.40282
371.81909
300.1985
223.71089
177.90704
415.8566
368.84898
286.6172
208.81251
165.76692
414.48764
357.36091
269.04588
193.48861
153.68621
406.63363
345.41101
255.71921
183.13237
145.66187
47.03649
37.299851
26.56521
18.935615
15.033203
44.824951
35.551533
25.326984
18.060083
14.34329
41.719477
33.093234
23.581754
16.823868
13.368745
38.703234
30.709339
21.894949
15.631819
12.429733
36.686623
29.120524
20.776053
14.843612
11.809929
-1.6622696
-9.5835659
-34.577742
-50.963561
-39.742227
-0.6188113
-11.133394
-35.783512
-51.795039
-41.891879
-0.37470481
-12.342157
-37.118054
-53.337009
-45.213684
-1.5708072
-13.026267
-38.106225
-54.2521
-47.90447
-1.9515932
-13.364927
-39.547243
-54.937024
-49.328127
-99.517019
-68.676172
-5.7689216
73.49052
131.13433
-92.376468
-57.463831
7.737982
83.314877
136.73448
-76.342985
-39.852897
23.446989
93.439489
140.9261
-59.394074
-24.591236
34.035042
98.28271
140.30036
-51.026904
-17.353615
39.302778
99.524769
137.53503
311.44238
249.72016
178.91748
128.41391
102.02797
294.2691
235.62851
168.7731
121.08816
96.23161
272.18035
217.60782
155.76849
111.71244
88.753859
253.17113
202.16803
144.61986
103.689
82.359538
241.68471
192.94861
137.91931
98.907229
78.554192
26.195774
20.86353
14.964244
10.759796
8.6102137
24.775533
19.740552
14.168898
10.19945
8.1714993
22.878353
18.23713
13.104445
9.4487699
7.5803472
21.212764
16.915679
12.159967
8.7699202
7.0382384
20.215929
16.10957
11.567569
8.3417939
6.7001242
-1.8698089
-16.945756
-43.18172
-41.396867
-44.705875
-2.0451481
-17.605709
-41.724498
-36.044266
-40.479002
-3.2724925
-16.758288
-38.823864
-29.059016
-34.675787
-2.5996678
-14.979966
-34.37459
-21.7958
-26.409569
-2.1349167
-13.885108
-30.249368
-16.530859
-20.073178
-20.116796
5.8824163
44.220699
78.558706
97.752427
-18.126748
5.6099589
40.68867
71.240937
88.533756
-16.311357
3.8618218
33.297883
59.777363
74.714561
-15.659561
0.77350013
24.247195
45.928798
59.980771
-17.363326
-2.3245309
20.274032
39.438453
52.10762
192.54537
153.04917
108.99662
78.309448
61.651007
184.2755
146.85827
104.62635
74.855292
58.802548
175.7978
140.52292
99.043764
70.592644
55.767749
161.76661
127.58443
91.196851
65.782768
51.221876
146.12026
119.70023
87.021356
61.679564
48.099198
15.561902
12.36096
8.8286604
6.3395156
5.0846093
14.828402
11.755825
8.3907252
6.0209854
4.8210251
13.783651
10.909418
7.7524739
5.5282364
4.4093314
12.449597
9.7946865
6.9129059
4.9296782
3.9510344
11.466656
9.0247463
6.4358423
4.6449579
3.7347885
-25.088888
-105.91015
-172.94673
-163.12116
-158.67358
-24.514741
-104.45131
-171.63136
-161.62726
-154.1481
-22.671338
-101.025
-169.19642
-158.32894
-151.703
-20.605904
-97.93784
-165.14685
-153.94668
-150.4698
-19.152989
-97.481286
-162.14968
-150.49022
-147.79756
-2.3732588
-1.8870332
-19.897578
-29.059803
-1.3698806
-2.8783898
-1.8314763
-19.159759
-28.15957
-1.6163326
-2.0962537
-1.7883572
-18.596927
-26.774919
-2.6002377
-2.5320487
-0.96062278
-18.717303
-26.185371
0.06779802
-2.6691103
-0.45854534
-18.158475
-26.304281
1.1720689
-18.557983
-97.635011
-161.62101
-148.0551
-145.48791
-17.706638
-97.113711
-160.72828
-144.24187
-140.69161
-18.062533
-94.587698
-158.31524
-142.40452
-136.68173
-18.40949
-92.942323
-156.06548
-141.92511
-134.70421
-16.428844
-93.107949
-155.09098
-139.33369
-132.68283
-16.234672
-93.402071
-155.4242
-136.80398
-131.09357
-14.892863
-94.221066
-155.76566
-132.305
-127.4911
-13.558867
-93.644119
-156.75001
-131.80348
-126.33066
-14.48512
-93.733541
-157.07799
-133.03083
-125.76862
-13.425428
-94.073651
-157.51505
-132.90208
-126.78299
-3.1362185
0.082833364
-16.54093
-24.47127
3.7944458
-4.1816674
-0.41762044
-16.60933
-24.3159
1.5521333
-3.0015567
-0.49663232
-16.184209
-24.009456
-0.36048494
-3.5716183
-0.21270305
-16.414339
-23.734858
1.5362618
-3.7038504
0.13081249
-15.961657
-23.926252
3.4243873
157.80185
214.99555
277.80027
298.28689
290.68447
158.52951
212.97994
272.50714
289.60041
283.3608
161.12934
210.07323
261.47591
277.68371
273.48587
163.2511
209.65558
254.63204
268.17585
264.49697
159.57032
207.85636
253.66404
262.52401
258.32019
160.18179
207.90865
251.64119
260.49366
256.47783
162.78051
207.17068
247.74709
256.47846
253.06652
163.1795
205.6813
243.5621
251.47153
248.56849
164.62069
206.14869
242.0474
248.30298
245.6138
163.87032
204.9893
241.38293
246.90225
244.67314
-113.18806
-72.451806
1.3211054
79.510468
133.05765
-110.24059
-69.615922
4.0472769
83.172166
136.82142
-108.79259
-66.519336
8.5182663
86.103341
137.86761
-107.15242
-63.722458
11.843971
88.267185
139.35171
-107.68716
-65.341502
9.8357479
88.365167
139.9262
258.3642
266.78009
279.20263
285.20426
275.36065
255.04159
264.1087
277.33552
284.38196
275.7561
250.94814
261.00956
275.03859
283.08319
275.88409
248.75129
259.47704
273.68663
282.21813
275.81449
248.54094
259.30717
273.41674
282.03591
275.79396
-13.879683
-93.703242
-157.93026
-132.86475
-127.16756
-14.815742
-93.672533
-156.82083
-134.24978
-125.52408
-14.10084
-93.44232
-156.11996
-133.47706
-125.5867
-15.36903
-93.723528
-155.37863
-133.41473
-127.04913
-16.258165
-92.958499
-155.2252
-137.36962
-130.83018
-16.76559
-92.345529
-155.67365
-139.88389
-133.31577
-18.278805
-92.399296
-156.50443
-142.89658
-134.20159
-17.812704
-94.120312
-158.82962
-142.41406
-135.00693
-17.345117
-96.695451
-161.53031
-143.18104
-139.29927
-18.013052
-97.406683
-161.98028
-147.09585
-145.07148
-3.1839122
0.50051787
-16.896365
-24.076184
3.7385747
-2.9283396
-0.00659138
-17.370185
-24.469441
1.8118547
-2.9214721
-0.95190549
-17.090775
-25.603602
-1.1501912
-3.6167519
-0.85944025
-17.626894
-26.540193
-0.42746375
-2.6402128
-0.97648318
-17.758055
-26.803598
0.37833841
164.126
205.09376
241.34179
246.90496
244.54699
163.71678
204.88877
242.42641
248.3205
245.28826
161.21777
203.96452
243.7331
251.54539
248.24809
162.73757
207.71468
247.82126
256.66634
253.08909
162.93146
209.75212
251.40458
260.26733
256.34884
163.45757
209.67817
253.84214
262.38568
258.1611
166.06137
210.31386
254.82701
268.01748
264.52199
161.75497
209.8785
261.7206
278.12262
273.6846
158.5161
213.21209
272.89495
289.82791
283.18878
157.80479
214.77946
278.33629
297.49682
290.37185
-114.45974
-74.701608
-2.5562644
77.889464
135.99507
-116.4214
-78.300631
-2.9835323
81.889245
139.56136
-118.55619
-81.31358
-7.2434862
77.663105
135.32027
-123.46176
-86.659238
-15.064879
69.543893
129.42182
-129.24467
-91.752984
-20.342783
64.362297
126.80317
265.00001
234.68531
178.07085
126.78399
100.38165
264.88644
234.38439
177.71585
126.50486
100.15746
264.55734
233.08264
176.00309
125.1417
99.118204
263.56024
230.61523
173.0627
122.90238
97.419307
262.42839
228.31803
170.50612
121.01857
95.989268
261.86298
227.00637
169.04194
119.95084
95.17425
260.28929
223.98788
165.77393
117.51713
93.285399
257.01067
218.51586
160.17598
113.42004
90.082097
252.07859
211.67308
153.8052
108.92988
86.562619
247.56091
206.2147
149.08505
105.64547
83.965257
260.47369
268.79286
280.74612
285.89925
275.22442
265.51218
273.26373
284.09152
287.19809
274.64686
273.98749
280.9935
290.0347
288.92752
272.84061
283.23976
289.36825
296.39881
290.02478
269.43949
290.05521
295.45654
300.41044
289.85416
265.96428
-18.878881
-97.289475
-162.38787
-149.89876
-147.54432
-20.811202
-98.001235
-164.5482
-154.19944
-150.31674
-23.235886
-101.14015
-167.55666
-158.62938
-152.3103
-25.035615
-104.69551
-170.32588
-161.31917
-154.88789
-25.305114
-106.1057
-172.31469
-162.39329
-158.78162
-25.483264
-106.99891
-173.82818
-162.83301
-159.32512
-27.333204
-108.83648
-176.45208
-163.26638
-160.37691
-30.561831
-112.39555
-178.51379
-166.609
-163.72662
-32.569484
-116.37765
-180.76072
-168.8919
-166.26249
-33.870386
-119.01473
-182.08731
-167.19693
-165.6247
-2.4625799
-1.6212234
-20.387203
-29.088287
-2.3681308
-1.8549453
-2.0083248
-21.033847
-29.737636
-4.2610652
-1.2288636
-3.216375
-21.562801
-31.074376
-7.4669695
-2.0594476
-3.5571981
-21.952901
-32.483334
-8.1263505
-1.721134
-3.8711389
-22.337526
-33.756685
-9.9736902
156.08364
215.2321
278.82998
301.24142
295.20613
160.53803
218.72156
281.23223
309.02984
304.17616
161.04772
219.28584
286.22487
321.92281
318.93322
155.18397
215.90059
293.02782
337.80704
336.35623
146.08575
212.54954
298.91289
350.48896
349.42715
143.79115
212.5239
302.04363
356.55158
355.94093
141.78201
213.98505
308.76326
367.01789
366.84875
138.01844
212.61891
313.45522
381.78034
384.4597
130.16292
208.20845
315.52347
395.80756
402.6851
121.72571
202.52705
315.52353
403.51204
412.65895
-144.04482
-111.74363
-46.219331
40.008779
107.92784
-147.27945
-118.41575
-54.617455
35.366968
105.58417
-151.30018
-123.63879
-61.211116
27.803829
100.07809
-153.63258
-126.59859
-66.505452
18.524261
90.669146
-154.59209
-129.00698
-71.779097
10.797707
81.997476
244.90357
203.15052
146.50079
103.85986
82.5642
239.66298
197.24303
141.64762
100.4967
79.876325
230.80609
187.95281
134.35403
95.406418
75.765428
220.61589
177.96651
126.80303
90.123842
71.531567
212.90988
170.87555
121.66887
86.571214
68.706073
208.94459
167.40091
119.18888
84.819439
67.295778
200.83872
160.42285
114.19718
81.282698
64.468052
189.13781
150.58964
107.17454
76.299458
60.504306
177.51208
141.1536
100.48769
71.564297
56.75145
169.80533
134.9695
96.085694
68.414367
54.239016
347.82231
343.61415
322.23525
275.7437
231.95812
357.90333
350.81676
322.42739
269.54391
223.82667
372.90797
360.23849
320.7609
259.16027
211.62841
387.88292
367.49694
315.89516
247.04941
199.04669
395.77266
370.30934
310.75775
237.98241
190.50327
20.589999
16.309175
11.599479
8.2614563
6.5596181
19.934165
15.79441
11.23861
8.0084459
6.3612946
18.93467
15.011363
10.69057
7.6248311
6.0608072
17.926377
14.217286
10.131454
7.2327884
5.7540561
17.244996
13.67973
9.7524174
6.9667166
5.5461011
59.71679
47.351456
33.703959
23.998577
19.031928
57.228132
45.381678
32.313475
23.019747
18.261985
53.733426
42.617833
30.355905
21.631091
17.163032
50.406108
39.976844
28.471464
20.286602
16.097377
48.168794
38.195119
27.199583
19.384376
15.38689
-35.273013
-120.52201
-181.41418
-166.72169
-164.8214
-39.492414
-122.02389
-180.19147
-167.05606
-164.07366
-44.770842
-124.12814
-177.84466
-166.53971
-162.77739
-46.852837
-125.1481
-174.68312
-165.57868
-161.69342
-48.077037
-124.55606
-172.62908
-165.47735
-161.69863
-49.423068
-123.94285
-172.06313
-165.05579
-160.11177
-51.079605
-124.41031
-170.25403
-159.31257
-150.8314
-54.369477
-124.76476
-165.04739
-146.9903
-135.62739
-58.505943
-123.39986
-156.60599
-136.08582
-122.43589
-60.725744
-121.68552
-150.39274
-131.26175
-116.37537
-1.0221048
-6.9510136
-27.406371
-42.974043
-24.05837
-1.0752664
-6.6729885
-28.551973
-45.12428
-28.29424
-1.6572672
-7.5927544
-30.578888
-46.640672
-31.493458
-0.90564379
-9.2295266
-32.124789
-47.571108
-35.442697
-1.1322016
-9.3910024
-33.650307
-49.708793
-38.788193
118.33272
199.14136
314.26628
406.06656
417.33153
110.33923
192.32731
313.36969
411.14001
426.78797
107.76897
190.46635
313.53391
413.43066
434.04726
114.72552
195.59954
313.33441
408.92377
432.64071
122.52193
198.8403
308.81413
399.989
424.61641
124.69431
199.34408
305.43763
393.27931
419.07255
130.18748
201.19748
300.12006
377.30062
407.76164
140.21221
205.73015
292.46022
354.25075
382.94871
149.80125
210.21035
283.42433
330.52774
352.65531
156.69658
211.84134
275.28801
314.36237
332.64528
-147.4128
-117.18661
-55.478347
24.93451
89.330359
-137.40646
-107.02633
-45.78416
33.617697
96.448534
-122.42623
-91.992633
-32.115986
45.119488
106.93312
-109.33305
-79.056352
-19.480888
57.101925
117.44056
-102.19056
-71.823588
-11.465682
67.294068
126.57024
166.04165
131.90048
93.856468
66.810583
52.964808
158.49984
125.80536
89.467432
63.670337
50.472904
147.56629
117.02641
83.233911
59.248704
46.969224
136.7645
108.41614
77.150656
54.940594
43.561849
129.4827
102.64553
73.069078
52.049839
41.283019
125.70645
99.69357
71.002035
50.59644
40.14109
118.67885
94.159165
67.107889
47.857289
37.987867
108.71791
86.332985
61.588515
43.965067
34.928241
99.477454
79.059459
56.471212
40.362911
32.093377
93.603287
74.440914
53.230066
38.082456
30.295873
401.80955
338.61939
248.55923
177.75814
141.48017
393.84393
324.2177
234.78053
167.99636
133.49783
370.78345
299.3599
214.68608
153.99313
122.2038
340.38438
273.62623
196.22066
140.77895
111.73635
320.30812
257.30209
184.50645
132.37126
105.15029
35.674955
28.324804
20.219671
14.460171
11.517159
33.769275
26.823285
19.160999
13.714601
10.931623
31.061616
24.695255
17.665304
12.663221
10.10611
28.551785
22.718089
16.271897
11.683359
9.3375073
26.958647
21.461905
15.386861
11.060633
8.8481267
-61.725288
-119.90423
-148.31156
-129.55218
-112.9901
-62.983701
-117.11499
-144.54072
-126.34908
-107.58019
-62.694934
-115.19321
-138.48965
-115.83165
-93.189572
-62.895116
-112.4181
-128.89619
-101.03765
-76.016858
-64.592428
-108.62643
-119.11414
-90.868754
-66.474874
-65.230404
-105.73637
-113.99618
-86.803185
-62.795289
-64.021961
-99.808376
-105.71228
-79.332003
-55.347509
-61.11112
-91.667896
-95.197914
-69.600586
-45.961441
-57.451568
-84.547882
-85.601412
-61.073774
-38.395298
-54.973506
-79.781629
-79.32528
-55.979121
-34.140259
-1.4765985
-13.300214
-40.317042
-55.271548
-50.333729
-2.0470168
-13.641293
-41.067812
-55.443523
-52.418914
-2.6152551
-14.712083
-42.72329
-53.390104
-51.582954
-2.0418005
-15.761827
-43.494914
-48.184392
-48.24755
-2.0923613
-16.284135
-43.430997
-43.990862
-46.31146
159.87275
211.84892
270.14692
305.62689
323.31222
163.29182
209.59282
258.88561
288.76433
305.48943
163.78459
201.95527
240.30298
264.91221
281.98662
159.48297
190.53394
220.66324
242.9149
261.55315
154.42065
181.34343
207.43191
229.23839
249.0896
151.411
176.35317
200.83952
222.58904
243.32799
144.69243
166.29979
188.1943
210.78925
232.71164
132.94044
150.92729
170.79827
194.65606
218.78962
120.08159
135.61173
154.86909
180.88867
206.79831
110.64985
125.15813
144.45713
172.35604
198.75513
-47.430908
-14.021059
41.606129
99.671404
135.7445
-40.487904
-8.1642221
44.930373
98.748191
130.94036
-31.882752
-1.1704993
47.638411
94.728879
121.78457
-25.115836
3.5217968
47.670193
88.168825
110.72166
-21.422434
5.2215235
45.707619
82.397886
102.34986
90.833038
72.258531
51.678649
36.982508
29.432639
85.697918
68.194702
48.804434
34.951631
27.829818
79.029318
62.894643
45.028659
32.261491
25.694406
73.350329
58.363201
41.758842
29.905751
23.820473
69.924442
55.611588
39.790564
28.508331
22.706781
68.284455
54.336406
38.899111
27.852458
22.163955
65.363248
51.991474
37.170078
26.586224
21.154497
61.55042
48.894687
34.917475
24.970206
19.867935
57.996342
46.083525
32.913232
23.498972
18.655328
56.037013
44.482325
31.633945
22.498741
17.852778
236.46593
188.65008
134.86029
96.652087
76.674313
226.45983
180.65153
129.02663
92.47174
73.383377
214.01373
170.66561
121.7403
87.246384
69.156654
202.79598
161.60633
115.12652
82.35265
65.100121
195.58403
156.28378
110.7843
79.384909
62.994123
19.725888
15.711602
11.286605
8.1458384
6.5436079
18.829084
15.003697
10.779138
7.7734841
6.2404899
17.681819
14.078333
10.095568
7.2704208
5.8359854
16.583482
13.179982
9.4443757
6.8031923
5.4601652
15.876276
12.637587
9.054094
6.5040558
5.2106183
-53.522694
-77.073805
-76.065538
-53.447004
-32.432793
-48.913232
-71.881104
-70.233332
-48.90622
-29.594935
-40.6351
-62.707947
-63.373117
-42.984196
-25.956123
-31.644649
-51.84483
-55.043033
-38.472853
-23.624314
-25.724935
-44.085213
-47.763813
-34.711622
-23.576073
-23.332472
-40.821652
-45.775403
-33.197649
-23.112391
-15.653768
-29.482881
-35.050739
-25.65855
-14.707999
-3.6675697
-10.697792
-14.756784
-12.111007
-9.6393504
3.1988082
1.9222037
2.7270596
6.4847709
10.891677
4.3917503
4.9933988
6.2882578
9.6260233
14.858787
-2.7755725
-13.096851
-28.282001
-15.620032
-18.669298
-2.8284355
-11.530682
-23.501
-10.425436
-14.007528
-3.271477
-9.4004856
-14.859311
-1.7211647
-3.2911738
-5.3266369
-5.4944869
-4.8998959
1.0502401
2.782601
-3.8345392
-1.9481162
1.6742348
5.4566418
4.1800841
105.53618
120.18336
139.86644
167.34057
195.19242
96.369559
110.10452
130.31762
160.65971
187.90193
81.08662
94.611749
115.53661
146.50372
176.34031
66.652972
80.56475
102.50001
132.85201
162.87076
57.10787
69.136706
90.170313
123.16903
148.36223
50.267988
62.839392
81.882968
117.23375
141.75756
40.384117
54.485021
72.476418
99.235333
132.53403
31.972421
40.307181
58.526383
75.240976
99.684655
13.119564
35.457183
41.006109
32.793332
42.068854
-3.5099954
30.08664
17.685931
-19.579192
8.7100775
-18.532677
-7.1182456
15.042353
37.809803
46.306717
-8.5068906
1.8037863
13.581375
23.313229
34.272763
-9.8831992
-5.6462321
7.6263982
25.222893
32.388106
15.874849
20.516587
10.88976
-2.8044814
3.5204176
13.726767
32.900612
2.8812047
-25.207889
-0.86554431
54.895153
43.460932
30.889533
22.019644
17.498882
52.412584
41.527245
29.567414
21.070674
16.70084
49.532502
39.214881
27.800686
19.674501
15.536163
45.609393
35.903895
25.254358
17.834833
14.072565
42.729274
33.589658
23.748786
16.660354
12.987997
40.776802
32.127908
22.418188
15.610166
12.280016
36.914723
28.909942
20.24126
14.382534
11.448337
29.858615
23.698871
17.098517
12.182575
9.5473716
23.825963
19.29379
13.303102
9.0930448
7.1027209
18.550685
12.454799
8.6795463
6.2942161
4.9827269
137.84025
115.13994
83.942182
58.98692
46.04475
134.28438
104.43786
74.086802
53.185582
41.126228
106.4374
83.887241
59.570875
43.124769
33.970186
49.666417
47.895858
39.807093
31.219035
25.66743
25.622717
27.993653
31.119088
27.220317
24.048751
10.902578
8.6636551
6.2150728
4.4690805
3.5714973
10.17969
8.0817233
5.73763
4.0668351
3.2264305
8.4265611
6.5829045
4.5974144
3.2438694
2.5825878
6.2637874
4.9326478
3.512429
2.5361746
2.0460892
4.4640421
3.5666935
2.6094314
1.9029884
1.5418827
-6.1518884
-1.0366424
-6.8408432
-3.9341953
8.3912965
-4.0111253
0.36938767
-6.647847
-3.705639
9.1758206
-4.7313637
-0.39070236
-4.816178
-4.7054216
9.7802026
-5.9428984
-3.0266708
-3.0167954
-4.4208349
6.0945177
-5.1253844
-4.1541269
-2.8323607
-3.7881965
4.6713512
42.707936
49.533423
59.814426
52.848401
45.996399
40.310898
44.23317
50.605939
50.209321
49.487375
35.826976
33.644618
41.545425
46.739844
38.889787
25.589933
27.091233
40.95236
39.163023
18.980022
16.839345
24.14719
37.821382
31.774505
14.637236
-67.83202
-109.51414
-163.46247
-164.94904
-96.127188
-50.046269
-97.051398
-164.20804
-174.44029
-97.610801
-33.535095
-83.495018
-170.1013
-182.84612
-91.65119
-17.455761
-66.08239
-180.20543
-177.38917
-76.637531
-0.46283602
-63.852494
-188.46021
-160.24068
-63.985837
0.1363459
1.7351455
-0.21099095
1.343689
0.1314827
5.9587391
5.56289
0.57054488
2.5291431
-1.1475034
-0.11638216
0.99753995
2.5223715
1.1975572
-2.396507
-1.5263086
-2.6698185
4.4665038
-0.64283623
-3.1403803
3.9101047
-0.87939993
4.5192188
0.38093239
-3.0011589
-1.2712716
3.2989425
-0.46849686
-4.1772215
3.3148303
2.5538744
-0.48124469
-7.6268534
-9.2948412
-1.7588667
1.9282327
-7.9867792
-17.431235
-19.491419
-14.944894
-9.8762354
-14.500467
-24.767036
-31.493695
-25.734391
-18.243464
-19.150346
-29.621507
-36.441899
-27.798521
5.6717568
9.6400621
10.45348
7.0411725
2.5622446
11.030306
50.196071
51.661109
36.808933
13.266795
-10.457388
90.295623
115.02002
78.359348
31.317551
-17.165382
90.967443
168.98239
119.77283
48.181395
-5.1932768
75.497691
189.52721
147.18246
58.77285
4.7930845
2.6914991
6.8047045
5.6365462
-9.1401391
7.1075025
2.7432339
7.5876379
6.5077922
-9.314249
6.9893493
1.5985433
9.0104227
7.7174614
-11.181455
6.1459213
2.2298851
11.019261
7.102051
-12.367465
6.617992
2.9806246
11.013027
7.8995586
-13.512042
-44.905565
-49.53225
-63.315678
-56.22419
-40.10024
-48.031182
-49.338105
-64.330713
-60.103395
-43.51296
-51.237251
-49.036537
-63.418701
-62.718996
-45.907357
-50.520098
-50.338624
-62.988634
-66.456896
-53.643536
-47.327547
-51.826928
-63.598896
-68.950926
-60.518574
75.901329
116.86978
164.84901
159.52981
94.048694
87.158451
126.81391
166.34563
149.08088
88.213808
105.31225
137.54989
165.75834
133.85855
77.607923
127.02301
148.23131
159.61127
117.94007
66.355836
143.25088
156.37511
152.76382
106.67675
59.161389
5.1109939
4.1572244
3.0341646
2.19313
1.7649045
5.3080485
4.3227992
3.1590994
2.2860864
1.8429886
5.5560964
4.5206607
3.2997565
2.3869648
1.9246807
5.7327464
4.6485621
3.3844238
2.4476816
1.9712532
5.7887877
4.6859587
3.4123354
2.4719695
1.989537
8.6105213
4.5637324
13.993434
15.656191
-16.222322
9.5586195
5.4298699
13.956052
15.81884
-16.691306
11.07219
5.4249367
14.837683
17.567036
-22.468415
10.522785
6.7408274
15.779526
18.396844
-23.5938
10.197843
7.5957778
15.68556
18.74396
-19.0564
-62.167537
-57.314364
-53.164851
-30.806136
2.3957549
-63.286901
-60.540035
-50.097791
-21.307452
14.291166
-61.827823
-64.654857
-47.096235
-4.0689657
33.139435
-61.100664
-62.00383
-37.936345
20.280462
66.482249
-58.876467
-53.962021
-25.554429
37.152596
95.671169
210.47637
163.28612
97.908796
51.369345
30.591904
222.74123
157.97644
88.155237
45.671316
28.140875
234.94963
146.69183
74.966768
39.177763
25.445974
240.11764
130.71521
63.739027
34.272099
23.553989
231.08955
118.15072
56.917408
31.609827
22.430069
5.6143575
4.5298152
3.2983921
2.3969971
1.9311214
5.5584472
4.4810789
3.260671
2.3697051
1.9096278
5.4631242
4.39663
3.1946354
2.3213385
1.8706626
5.3453368
4.2958043
3.117812
2.2652178
1.8253345
5.2450648
4.2124087
3.0563006
2.2214439
1.7910226
13.286447
17.345706
21.217282
23.115892
-9.4909855
15.124015
18.413473
23.489289
25.253366
-11.457162
16.380261
21.704036
28.261761
29.438075
-11.017379
16.414144
26.239358
34.573801
33.52894
1.0751636
16.905801
29.565493
38.689084
36.344545
11.435621
-16.26611
4.4311493
58.477443
136.33819
196.69133
-6.2009772
17.997366
76.352488
153.15416
207.20272
16.963378
44.114404
101.27886
170.83135
216.37181
41.371397
67.635116
120.84593
182.26022
217.92619
55.842589
81.513438
131.62748
186.86736
214.94079
114.86261
53.233413
32.614011
20.189854
16.47248
94.945145
47.509877
29.383047
18.896284
15.253956
71.272049
40.941438
25.166684
17.225044
13.584586
51.974702
36.04811
21.479734
15.856994
12.091533
42.195789
33.078068
19.483393
14.962334
11.257301
4.250258
3.4309775
2.5153344
1.8555775
1.5153668
4.0513967
3.2823427
2.4213849
1.7985228
1.4759527
3.7765133
3.0795728
2.2966181
1.7284391
1.4337282
3.5433702
2.9124714
2.2047508
1.6912636
1.4241182
3.4223178
2.8355897
2.1767229
1.6948642
1.4422739
23.228422
46.792392
70.037804
71.823761
81.482268
24.060146
48.844757
76.045494
80.214317
91.471352
24.015889
51.220034
82.622458
90.667479
103.69516
24.781786
50.628198
84.370675
98.570579
111.46456
24.317136
48.819694
83.201288
100.90175
112.62282
130.20732
150.40052
173.23427
178.65085
170.28343
142.65575
160.64479
178.08942
176.74059
165.92375
160.18673
174.59559
185.44434
176.60964
164.01081
175.82812
187.05603
193.48145
180.45778
166.36798
182.32817
194.0902
199.20621
183.80757
171.52056
30.194123
19.633069
16.104975
11.470839
10.277153
25.194342
18.196498
16.384019
11.694374
10.82241
34.121361
16.484178
18.741174
12.020169
12.260634
27.008488
17.43272
20.294852
13.508525
14.022771
26.516709
17.285739
22.325602
14.830774
15.858181
3.9248831
3.4592253
2.9366834
2.5496129
2.3431693
4.3153767
3.8478846
3.3163969
2.9245048
2.7184535
5.1434176
4.6479214
4.0913393
3.683004
3.4668287
6.3236666
5.7906071
5.1852281
4.7307339
4.4861937
7.4010682
6.8072156
6.1252162
5.6268559
5.3732386
10.528967
7.9385196
25.559773
34.861676
52.349261
8.5731644
7.2869086
22.678731
33.888246
55.012915
8.1245408
7.0096345
19.344574
33.704526
59.798614
9.9476541
6.6905243
16.173411
31.097917
56.794334
10.012035
6.6161543
13.747126
27.525318
51.181872
-6.6111812
-2.9381866
-11.18315
-7.9328393
13.93167
-6.1924905
-2.0475568
-11.28901
-7.0827007
12.782119
-7.0766094
-1.5267112
-9.1560673
-7.8173152
11.615902
-6.8923604
-2.7767644
-7.6161047
-6.6202034
9.0952399
-5.1196602
-3.09128
-6.5650938
-5.8177925
8.9341058
9.1856721
6.4843297
12.15955
24.964942
48.095053
7.6537747
4.6181451
10.437835
20.811724
40.38984
6.3674713
3.0556305
8.3649772
16.451307
30.934042
6.7301211
4.4476418
4.8415897
12.397373
26.991096
6.0878111
5.9556113
1.6047159
8.600789
27.863714
5.0498743
6.3348196
-0.019968765
7.051215
26.999355
3.6180244
5.5301828
-0.26045204
4.6282259
19.508121
2.2605212
3.2225998
1.4617559
2.162975
7.5542558
2.0388846
1.2137689
1.8235465
0.74593462
-0.12564772
0.77484927
-0.083031436
1.2973373
-0.32636736
-3.2472907
-4.7549983
0.20570982
-4.4098381
-0.72712429
3.5048698
1.9459597
3.131474
-4.3674035
0.42707416
3.1761278
-0.54317798
-1.2346381
-2.4556465
-1.3028964
2.8373507
-4.4781115
-4.855938
-0.49459755
-2.1875525
0.27993437
-2.142191
-3.8200032
0.51828782
-1.5546034
0.43205772
37.546056
-13.705896
-51.843046
-75.2879
-71.512709
33.178432
-7.8288907
-43.817055
-67.887607
-55.847219
21.045751
-1.8092028
-33.705501
-54.924213
-36.033299
12.944495
-2.3851593
-25.623744
-40.386532
-22.349655
14.136167
-0.24093212
-20.450057
-33.00799
-12.715478
15.651157
2.1779333
-18.794311
-30.346058
-7.1571383
15.074131
2.4267059
-15.506235
-23.821799
-0.37515855
10.412931
0.88309604
-9.5364072
-14.920115
4.8536888
7.7324813
-0.77654645
-3.9818015
-6.3489333
3.8136251
5.8600619
-0.99868026
-1.0808837
-0.38723002
0.14040359
14.226103
22.594647
33.390744
28.186906
18.030811
9.6252616
17.376141
26.745299
23.451564
17.707385
3.5791683
9.4408143
16.861679
15.318676
13.015088
-0.015887823
5.5769812
7.0266608
4.5827188
8.5426585
-1.6755281
4.0672339
1.8526121
-1.7773965
5.1073406
5.6589189
-73.126249
-189.19543
-146.79009
-58.265357
18.799078
-90.340981
-169.94315
-119.5557
-47.956752
10.612834
-91.279728
-116.12665
-79.050907
-31.553683
-11.730375
-49.249475
-52.569747
-37.850207
-13.46079
-3.3369644
-8.2067967
-11.09281
-7.813004
-2.6609985
-0.61316963
-1.0739173
1.1456223
-0.53459179
-5.1751526
-1.5052566
-2.4840984
0.090023094
-1.4863196
-8.21141
-3.072977
-3.297612
-0.82690042
-3.0610353
-10.522042
-4.6862786
-4.6649744
-0.26798416
-5.2859195
-18.21065
-6.2359253
-5.2894478
-0.73987608
-8.1858126
-24.813818
-6.9746564
-5.1777813
-2.0423556
-9.9169534
-26.713159
-6.8653344
-4.0235033
-5.3813509
-12.952407
-26.237389
-6.6238623
-2.6337013
-9.3717272
-16.398071
-27.974974
-7.0942214
-4.9180222
-11.017888
-19.429952
-38.083744
-8.0272276
-7.5063074
-12.040381
-22.921783
-48.069817
3.9178298
3.1424948
2.922551
3.9452808
-4.5543932
7.1390513
3.5671065
2.994833
5.1215039
-6.99035
4.5918442
0.53764192
4.6615279
4.7389278
-9.4953786
4.2053026
-0.15068492
6.5928924
3.7681976
-9.6292086
6.3269724
0.93827771
7.1020189
3.9406106
-8.9689007
2.5975596
-1.7080097
-0.076159129
2.3025052
-1.0446335
-3.3319782
-0.8777222
3.2137525
7.4419302
-4.2129656
-11.302848
0.61276579
9.9333241
14.229507
-3.5768464
-14.197403
0.60969687
16.472909
22.905756
1.0614466
-11.04421
-0.46539894
19.299022
30.18893
6.5736348
-8.902484
0.50521179
20.361755
33.108339
11.406529
-13.11454
0.40137276
25.252069
40.338878
21.684429
-23.417891
-2.8976917
34.313102
54.422056
36.369509
-29.286728
3.6061101
44.92536
67.766018
54.046278
-32.470738
10.766208
51.785111
75.394326
68.700576
-18.621948
-21.826755
-33.44704
-36.360046
-23.611786
-21.88631
-26.427522
-38.612957
-37.80385
-18.525716
-32.30568
-34.516347
-43.390714
-43.092859
-28.877455
-41.115039
-44.413744
-52.339003
-49.297509
-39.829062
-43.864695
-48.982479
-60.731803
-53.151144
-39.830967
1.6364651
0.73753347
0.31826593
0.19454103
0.16297567
7.6261855
3.5994346
1.4763115
1.0188785
0.83727721
14.59366
7.7968239
3.0169807
2.2764113
1.7682865
21.98433
11.237175
4.6045235
3.3980875
2.6859732
27.201931
13.021303
5.6454044
4.0518437
3.2853998
29.475607
13.797486
6.1046907
4.3565825
3.5619801
32.407633
15.300879
6.8782501
5.0093882
4.0716134
35.974331
16.702709
8.0055298
5.8522602
4.7833431
39.954234
17.098486
9.1933636
6.4537938
5.458462
42.246963
16.962699
9.9082619
6.741286
5.8524815
-0.074219373
66.195024
190.06901
160.4463
64.347566
16.89512
65.02763
180.99556
178.03271
76.761678
35.140157
83.456122
169.15066
183.33081
92.106413
52.571346
100.66131
164.87331
174.44133
98.169209
68.264524
111.12238
165.07626
164.82265
96.400934
-8.6775498
-8.0182113
-13.288326
-25.397073
-52.360198
-8.3835937
-8.4006411
-15.770059
-28.739198
-58.3954
-7.3590778
-7.7055028
-19.647409
-32.553197
-59.960541
-8.7306189
-6.7148712
-23.347073
-34.738682
-54.042014
-10.942821
-7.0830454
-25.908729
-36.671612
-52.03818
-12.512745
-7.943492
-27.590085
-38.332122
-52.464174
-13.443745
-10.354606
-29.556694
-39.406664
-54.842005
-12.147717
-13.466111
-32.567731
-40.769189
-61.119664
-12.156875
-15.642092
-35.891932
-42.114103
-62.829753
-12.570259
-17.941477
-36.98481
-41.133999
-63.298293
5.7957125
3.9518382
10.662321
9.4049719
-14.389072
8.4085803
3.5809964
11.566874
9.7493911
-15.528494
9.4026709
2.5577907
12.507281
11.898532
-18.263721
8.1640484
3.3421062
14.154825
13.374212
-18.311037
8.5434102
3.8551687
14.542932
14.896074
-17.454249
-33.166253
12.50397
54.632401
79.177616
76.026871
-29.16312
13.258831
60.013663
90.761435
88.949737
-33.187678
4.3256656
66.860098
112.8881
108.81817
-46.993877
-8.8098602
73.491748
137.68097
132.22436
-54.803953
-14.557566
78.240454
154.93007
149.8016
-55.012436
-14.713207
82.103101
163.9457
158.51017
-50.62321
-13.036542
88.172099
180.57706
176.01334
-37.162452
-6.6436906
93.323774
201.69354
202.01411
-13.282205
5.9048599
100.63967
221.44822
229.91685
10.160105
21.545291
108.48875
232.70763
245.95786
-46.289373
-51.683241
-65.029884
-70.291844
-60.016513
-48.755209
-53.305061
-65.246606
-69.352851
-57.118469
-54.868949
-57.777062
-61.291024
-57.59625
-48.49302
-59.064733
-58.470463
-57.302552
-42.955757
-26.933229
-60.484935
-57.143579
-55.271486
-35.255852
-6.9779652
42.782014
16.854398
10.188245
6.8614854
5.9962027
43.151963
16.670103
10.645617
7.0841051
6.2375898
41.63624
16.367296
11.090559
7.4034138
6.4899214
38.20744
16.098412
11.315987
7.681507
6.6224334
35.434713
15.973835
11.361256
7.7972288
6.6328994
33.966385
15.864881
11.325507
7.8194087
6.6127608
31.190569
15.656535
11.262007
7.8659031
6.585392
27.655731
15.35407
11.122703
7.8646584
6.5101
24.820232
15.056509
10.93657
7.8017679
6.4098409
23.242784
14.823269
10.786482
7.7436886
6.3443137
149.83938
159.91946
149.06644
100.88198
55.737389
163.70208
165.41057
140.92138
89.805762
49.51109
181.59217
169.65876
127.39031
74.828037
41.722493
198.26505
169.41498
113.0745
62.052907
35.557733
205.72863
165.89305
103.06984
54.696451
32.13573
1.5714225
1.2579364
0.90728792
0.65415283
0.52327241
1.639078
1.3130371
0.94706658
0.68284643
0.54706789
1.7106962
1.3715675
0.99055708
0.71555923
0.57484084
1.7542519
1.4073557
1.0182742
0.73791229
0.5946199
1.7732125
1.4227466
1.0300905
0.74789936
0.60407262
5.7919358
4.6859453
3.412299
2.4717308
1.9872689
5.8044534
4.6886782
3.4131796
2.4740458
1.9887089
5.7699606
4.6537432
3.3871396
2.4584438
1.9774901
5.6984553
4.5968167
3.3490963
2.4351632
1.9614494
5.6496676
4.5601239
3.3231913
2.4168465
1.9478279
-13.072156
-19.531459
-36.777348
-40.129433
-64.686025
-14.120877
-20.520989
-36.958747
-39.139299
-65.567744
-14.10877
-20.325844
-36.658945
-37.645203
-64.376489
-14.741592
-19.21594
-35.357233
-36.78015
-61.132659
-15.843737
-18.007882
-35.753404
-36.865329
-58.495814
-15.48754
-17.43855
-37.018047
-37.833245
-56.968034
-14.100631
-17.132884
-38.118801
-38.142089
-50.419865
-11.966366
-17.081839
-36.273448
-32.910841
-40.496404
-8.6625673
-15.598929
-30.17703
-24.740141
-32.40176
-6.468417
-13.418878
-25.387727
-20.089597
-26.187971
11.203328
8.2628033
15.861004
19.194857
-19.094415
11.505356
11.022116
16.31719
19.235056
-17.982964
11.33647
12.963799
17.308894
19.93745
-13.145773
13.060696
14.241563
19.176318
22.264655
-13.481634
13.369518
16.309299
20.469219
23.126047
-12.034469
23.542922
33.133375
113.81341
236.65587
254.76717
42.689114
65.718304
136.26915
240.0746
270.58447
66.854808
126.17071
191.84093
243.68856
279.61419
97.469614
183.89087
257.0305
247.52342
271.44344
119.3833
210.36053
295.06602
251.69016
254.16977
131.44114
218.10462
310.39174
253.60268
242.62607
155.39164
235.29463
325.7127
263.85601
207.70147
185.04397
258.13819
324.87199
268.30725
169.80556
209.50118
272.69744
309.89861
246.47008
154.72968
224.19356
275.65836
293.46924
223.56227
140.9601
-54.763564
-47.659609
-17.06627
44.76131
108.39271
-46.090643
-34.425406
-0.32376739
60.915978
125.92651
-35.176322
-18.387677
20.561183
85.146159
148.13467
-26.576164
-6.47895
37.456309
108.7106
174.15911
-19.549053
0.53695627
50.295399
125.96346
190.5147
22.538049
14.70166
10.710297
7.7089187
6.3034993
21.432817
14.54858
10.604628
7.6546052
6.2329783
20.19615
14.334583
10.444024
7.5521778
6.1164965
19.189298
14.062949
10.236398
7.4063944
5.9781426
18.51642
13.825793
10.060599
7.2779294
5.8663974
18.167923
13.674467
9.9448608
7.1904413
5.7903675
17.491287
13.338213
9.6952384
7.0143994
5.6458776
16.45571
12.731296
9.2499048
6.6965412
5.3910083
15.318856
11.981692
8.714599
6.3201324
5.0904315
14.483287
11.398876
8.3022687
6.0366308
4.8694511
227.68719
111.26945
54.009741
30.285884
21.940802
225.25631
97.943126
49.312311
27.827356
21.122554
195.05295
79.280982
43.451787
24.741682
19.858859
148.37096
65.036644
37.55812
22.551904
18.15712
124.91569
56.711778
34.317959
20.935694
17.078418
5.1740642
4.1539689
3.0131922
2.189794
1.7651918
5.0447756
4.0498716
2.9377152
2.1360584
1.7232006
4.8170909
3.8702902
2.8121032
2.0497541
1.657454
4.5527254
3.6641682
2.6717123
1.9566753
1.5884135
4.3601626
3.515923
2.5720688
1.8921576
1.542118
-6.1046279
-11.932223
-23.851821
-17.902173
-22.987274
-2.6242392
-9.4648004
-21.894527
-13.156066
-13.771319
4.9612995
-7.1047099
-16.965474
-3.2815601
6.1549127
11.045919
-3.3197968
-7.0185396
13.917558
29.513125
14.829281
2.1455839
2.59749
27.414553
44.132004
18.354926
5.7048672
8.6270816
33.29172
50.681008
25.503601
14.470694
20.084762
45.088365
64.016525
38.177968
29.371288
36.96702
62.93132
82.691986
51.972549
45.792517
55.03397
81.965823
101.27679
60.604894
58.230424
68.074247
95.394441
114.78443
17.717089
31.456435
40.883676
38.304645
13.531397
18.463245
35.002439
46.202102
41.866705
23.344065
19.682603
39.384047
53.708936
49.062282
42.534079
21.704608
43.353406
61.435644
59.863353
61.170266
22.497473
45.902663
67.080947
67.59967
75.495019
229.01516
275.56211
283.07474
211.54293
132.28052
234.80536
270.58927
261.43253
187.11452
118.91744
235.57314
254.79801
227.50972
153.33601
101.94555
228.03501
232.47448
194.21798
124.28818
89.32467
219.33981
215.41202
173.09048
108.26862
81.428202
213.94764
206.75281
162.87142
101.59144
76.655931
202.60547
189.82014
145.04811
90.020045
70.131515
185.72311
166.56787
124.83008
76.759618
68.308973
170.27283
147.8038
111.3848
68.622664
73.417141
161.85693
139.12982
104.86004
69.163245
68.607366
62.137941
88.380007
136.9085
188.26553
212.50847
74.527076
100.89413
145.91911
189.18797
206.24806
92.710267
118.06494
156.9973
187.13539
194.33156
110.99292
134.35333
165.72337
182.96652
181.64295
123.4162
145.03863
170.74886
179.87448
173.84214
14.039246
11.072258
8.0747249
5.8789342
4.746486
13.169678
10.447315
7.6394477
5.581096
4.5161159
11.946632
9.5546703
7.01132
5.159809
4.1955226
10.859545
8.7616768
6.4619658
4.7969299
3.9214541
10.232884
8.314896
6.1553533
4.5947368
3.7729871
9.9540866
8.094039
6.0057314
4.5067686
3.7185951
9.4610557
7.7507801
5.8018584
4.4006196
3.6545625
8.9950163
7.4732294
5.6562604
4.3562012
3.6562063
8.8387852
7.4450895
5.699012
4.4838685
3.8258886
8.9274789
7.5664247
5.9031737
4.7219378
4.06517
40.896496
30.898443
18.989789
14.307722
11.038288
32.975446
28.67726
17.366087
13.655631
10.372261
23.525539
26.245809
15.522602
12.964987
9.7110806
12.218728
25.587469
13.81511
13.010311
9.3132041
9.648233
24.690432
13.624594
12.997022
9.3321423
3.3791169
2.8112102
2.1689812
1.6998329
1.4556392
3.3337709
2.7947852
2.1880598
1.7469775
1.517181
3.3611198
2.86283
2.3026182
1.8918735
1.6756145
3.5497513
3.0769587
2.5381031
2.1418988
1.9346398
3.7871593
3.3092188
2.777102
2.391953
2.1893768
65.777629
64.445394
75.323381
102.06774
121.50557
76.366831
77.185162
89.647674
115.05505
134.81219
90.641025
94.72563
111.51444
134.25476
153.47281
100.2233
108.04882
131.01869
153.89787
168.69982
102.46816
114.05808
140.02545
165.76903
178.83169
102.11379
116.106
142.02275
166.12748
177.12612
99.593164
112.95303
145.16318
173.83878
188.3008
90.303658
109.23401
141.17187
166.45669
174.3622
55.950196
70.023363
88.086011
100.09919
111.39341
30.862025
34.5862
40.927104
49.153367
54.119032
23.095282
48.124163
82.200209
99.885113
110.19502
20.57651
45.321294
77.083294
94.630996
108.06773
18.473122
37.545291
63.237888
80.656696
96.821916
16.2135
24.856028
39.939656
50.033614
55.998396
14.47135
19.282072
23.946388
28.877754
31.850819
157.88534
136.60994
101.96794
72.478727
62.516883
152.09707
133.63971
99.262601
79.564161
48.357774
151.55184
132.26312
106.91725
85.36426
69.895329
154.09018
140.81952
117.34587
103.9134
86.115676
157.48191
148.70701
126.97427
119.54279
69.872466
161.75886
149.16101
112.81071
112.36162
59.591202
177.14366
167.84964
172.14371
159.99083
123.7406
157.22377
161.79078
129.90605
144.79176
96.240826
128.19284
142.80291
173.66875
101.00069
23.678576
71.100014
48.677347
72.074097
69.847623
19.8764
182.46932
193.7251
196.4045
179.80227
170.80051
192.925
200.11732
205.16975
195.36738
181.5319
170.46906
181.57227
192.4862
179.38778
169.64968
114.06998
130.99193
169.55264
146.169
127.06612
43.295162
17.022201
11.968003
45.687595
68.425901
9.1760407
7.7436891
6.0902029
4.8608978
4.2025386
9.6735628
8.1450194
6.4768575
5.2299093
4.5942738
10.651297
9.104354
7.3709052
6.1069928
5.4374024
12.36191
10.663632
8.7972738
7.375677
6.6350202
14.196726
12.053203
10.036292
8.4829044
7.7528162
15.087244
12.775918
10.824342
9.2134817
8.3838173
17.218669
14.694339
12.48384
10.603047
9.7157274
20.430609
17.67015
15.141355
13.216805
12.342662
24.037119
21.284868
19.000742
17.118803
16.124641
27.714723
25.367216
22.73132
20.539628
19.467784
13.835661
16.121391
24.22671
15.725508
16.684733
81.341388
18.23228
27.810978
16.600255
19.570933
48.735309
20.218891
29.920607
20.380349
22.391266
24.564226
29.862077
29.685082
24.488504
25.354254
23.695729
27.827985
26.829215
29.159342
28.049639
7.996984
7.3566066
6.6556545
6.1646137
5.9152922
9.3162123
8.6676553
7.9705431
7.4736392
7.2125523
11.936789
11.275804
10.536131
9.984228
9.692211
15.704022
14.945339
14.099285
13.489845
13.171238
18.986046
18.206854
17.354819
16.748909
16.434835
