FiniteElementSpace
FiniteElementCollection: L2_2D_P4
VDim: 1
Ordering: 0

18.232243
26.518107
26.196329
33.149048
41.715173
20.574063
40.427164
49.757483
62.569464
72.873885
17.438081
59.743462
80.604277
103.87839
132.69553
18.521417
78.860785
109.68048
146.98235
196.99864
23.74789
88.012205
123.3985
175.38965
225.67935
19.80515
-5.5452351
32.569313
18.163639
10.999325
114.35734
182.06344
244.32306
190.69506
165.70353
279.89753
348.9968
438.96978
413.15145
380.99161
511.98862
568.07606
643.77853
699.66559
713.41683
636.34416
713.58699
827.11891
879.67955
901.36298
12.360352
27.580463
44.003938
55.395202
61.499928
158.16321
156.09922
146.50862
138.9091
132.27175
383.52724
282.93232
247.95104
198.97057
178.77491
332.48572
304.28844
264.41065
240.74815
222.00272
385.35518
329.94757
293.06112
272.08666
235.85648
65.759287
64.880153
61.813088
59.479603
58.575367
87.175432
82.003529
76.883402
73.025106
71.182099
103.42993
97.606586
90.942661
85.966209
83.368979
118.10486
110.77297
102.61335
96.33381
93.044008
126.85467
118.13396
108.62446
101.6019
97.826952
21.398859
124.23005
181.28834
309.07845
434.32437
19.068935
130.89224
188.96624
323.25519
455.58232
17.379799
123.31671
196.30335
347.10725
475.96267
14.559067
117.05421
202.23903
365.30047
495.18873
12.414203
122.91838
208.22596
372.43516
508.87051
1196.9952
1327.7073
1510.1328
1663.5212
1742.4033
1247.5313
1380.0096
1567.2611
1725.3962
1798.1212
1319.1668
1451.8223
1637.5156
1779.9004
1824.6469
1370.5843
1509.5989
1692.032
1805.1851
1816.4545
1390.6582
1539.5422
1720.8237
1812.9423
1801.9747
711.35443
666.17575
577.20711
476.01426
419.24413
789.78018
714.94305
613.82202
514.18541
457.08765
777.81645
742.54959
664.42201
574.64409
515.88238
797.09699
764.8222
707.5156
638.06616
577.50376
742.42733
740.15323
729.58515
687.34576
626.71061
190.7715
172.64925
151.78033
135.75026
127.15895
206.80733
186.15128
162.19314
143.60931
133.62202
235.57484
210.07381
180.45324
157.3178
144.81102
273.4088
241.38662
204.06441
174.81308
158.96732
305.8229
268.37747
224.41048
189.78829
171.02044
26.65795
90.288391
209.37
410.91271
485.4046
32.436744
84.333382
207.08905
414.37582
474.63673
34.947876
80.922052
202.3282
411.2675
469.14874
37.358118
81.633174
194.67374
402.75647
467.80469
43.760945
80.074476
190.12795
400.33404
463.65029
1409.4907
1516.813
1563.173
1526.0755
1484.3739
1410.7763
1494.9671
1520.1383
1478.7395
1429.4523
1385.2806
1441.3792
1456.3891
1418.3448
1356.0068
1338.0413
1376.9328
1392.2775
1356.3701
1274.7709
1302.6199
1334.6768
1348.126
1302.4105
1205.0517
835.59468
830.03888
826.52852
824.62026
820.10229
840.55621
842.57064
843.42221
842.53702
840.33772
855.02774
859.89573
863.82588
865.15117
865.03625
872.4723
876.74357
882.66843
887.69556
889.76775
881.40371
888.76536
897.50611
905.37673
909.89387
614.0417
550.3218
458.32018
365.91171
311.55997
686.62392
614.2276
516.54059
416.17759
353.38895
797.77266
720.64909
609.99435
498.34679
426.20794
884.29704
830.75235
712.51298
587.33628
509.78139
906.0738
895.87299
788.9293
653.31833
571.55876
143.08456
132.02449
120.89009
113.60387
109.72985
151.32616
138.1981
125.1211
116.66551
112.16299
165.68276
148.86314
132.35399
121.86832
116.28638
183.22521
161.6927
140.9353
128.01047
121.1328
197.36443
171.88833
147.66775
132.81651
124.90751
58.137509
86.93909
152.93584
355.91475
457.67504
58.072296
86.966967
150.02944
348.33501
458.56429
63.267594
88.208165
143.30845
338.37442
455.91336
70.968439
92.733888
136.53974
328.76754
454.37055
77.636661
97.350041
133.65593
319.83467
455.23514
1111.2289
1138.1665
1112.1489
1019.7552
928.82421
1096.6458
1104.6063
1072.0639
986.10955
900.10697
1068.4757
1069.5929
1022.9335
937.35017
869.25359
1041.5599
1041.3253
987.68733
899.78321
836.7042
1029.1336
1017.5296
969.03877
882.91552
805.91973
997.05999
1012.405
1030.0688
1045.826
1056.9662
1009.5429
1025.2828
1046.6341
1067.5513
1080.7243
1029.5525
1049.6139
1076.2419
1100.0068
1113.7802
1056.383
1080.684
1109.0562
1132.1151
1145.7863
1075.5976
1098.7918
1127.6839
1153.4933
1168.9858
1093.6996
1086.4393
1080.4653
1050.8708
999.60333
1116.9838
1111.8698
1106.0318
1086.1608
1053.8937
1153.0432
1151.4736
1148.1163
1134.4476
1113.8488
1195.7255
1196.6088
1194.1982
1182.0001
1164.725
1228.7704
1229.9014
1226.8636
1216.5173
1201.8897
328.77516
261.36966
203.33208
172.77376
155.87174
360.76349
282.07391
215.2381
181.45704
162.5019
413.49083
315.9821
233.80296
195.05266
172.80428
472.29379
353.98323
253.75949
209.54644
183.73635
514.89244
381.75423
268.13816
219.8768
191.55343
1401.2866
1396.6415
1385.6665
1367.6539
1349.9038
1421.6411
1417.2469
1406.4549
1389.538
1373.4757
1449.6803
1445.5323
1435.9416
1421.7899
1408.2355
1470.6802
1467.6337
1460.5823
1448.9824
1436.223
1480.088
1478.1628
1473.7193
1463.2479
1449.7405
762.0038
540.97717
358.48591
281.04574
239.12846
796.50934
560.6801
372.69854
289.80504
246.40001
836.53375
583.61899
391.78678
301.36024
256.30531
860.73918
600.9437
408.45107
311.33671
264.92117
869.03815
611.17179
418.36749
317.3552
269.9439
1516.949
1518.8046
1518.3688
1512.2704
1506.4227
1518.9192
1518.8544
1516.366
1508.5827
1500.5706
1516.3595
1514.6453
1509.9849
1499.6924
1488.2111
1503.5318
1501.5927
1495.9185
1484.4677
1471.2291
1489.0952
1486.836
1481.2133
1470.3136
1457.6217
888.8445
639.98617
443.75375
333.12777
282.83701
887.28685
638.34498
442.39716
332.32226
282.19729
882.59849
633.10074
437.82115
329.39418
279.70803
876.42568
623.88956
429.88559
324.36762
275.55586
871.77877
615.50902
422.32358
319.67245
271.77178
37.020793
37.544624
43.361809
49.826805
48.024753
74.132724
89.495842
105.95052
114.81777
120.70801
137.70761
175.6231
223.40343
255.82196
272.80069
204.92226
261.57385
349.71422
437.42523
485.87897
236.61029
309.43553
423.7725
538.244
607.64655
252.53063
336.13909
466.56023
589.55869
665.21919
284.43167
381.6729
537.19365
685.00229
776.05612
325.27582
440.77032
627.96076
805.67109
917.0225
363.67189
495.55343
707.23384
906.68755
1035.9133
391.29131
529.61795
756.40552
966.97173
1102.6351
26.352036
90.554476
129.10697
191.32132
247.67968
29.591887
99.825119
138.03168
218.00259
287.67771
27.243912
110.52726
158.50301
252.96691
336.27296
26.113365
116.04567
177.68572
286.78584
374.09807
29.037333
117.40986
180.88105
309.23869
401.45184
17.370953
26.046943
48.567607
84.811342
98.780956
167.20263
242.37432
248.05392
103.63346
72.242077
393.06699
440.56843
382.56727
375.33297
512.5728
750.81326
683.04806
763.99014
815.48654
551.66994
900.07115
920.55911
1024.5186
753.76719
282.96505
1009.4738
1059.66
1065.4013
740.57513
479.15535
1191.3982
1243.3342
1152.157
1014.9161
978.95068
1430.2976
1450.2478
1381.8451
1244.1789
997.67972
1613.4961
1625.8572
1573.2226
1255.5451
761.77357
1696.2797
1729.8126
1614.9509
1219.972
818.34782
702.60878
782.38725
888.93335
970.40854
1018.9965
821.33486
910.42864
1028.7346
1130.9816
1182.7742
973.69061
1076.5165
1219.387
1343.0498
1397.446
1099.8747
1217.4696
1383.2291
1523.0598
1594.7695
1167.8649
1297.5122
1473.4345
1622.5047
1708.3929
73.073928
85.931913
89.10854
73.139753
65.632162
134.585
127.66144
110.63852
95.827527
90.938094
175.7823
155.87293
132.31185
114.54385
107.24287
206.20827
185.94738
154.5344
132.03219
123.19764
225.41907
198.97283
166.1258
143.39442
132.14229
232.57345
206.32031
172.66653
147.91386
136.54642
259.05011
227.48969
188.45662
160.38799
146.67243
299.92393
259.0753
211.87276
178.92466
162.18133
341.85612
293.50775
238.45282
199.85371
179.75274
372.65556
320.21297
260.02859
216.88551
193.94267
430.80656
363.44162
321.98914
275.23144
245.61974
730.78762
531.68775
390.34328
318.96599
277.70534
739.61951
622.64344
478.08981
377.62348
327.84605
668.24313
624.42397
530.10444
424.86219
372.2376
694.28649
677.20185
561.24996
455.21149
403.12364
57.720039
57.038087
56.061452
55.356857
55.029561
70.394274
69.01655
67.537144
66.440695
65.877062
82.261647
80.422873
78.377652
76.906754
76.14493
91.544439
89.08007
86.306548
84.292671
83.272954
96.267078
93.516593
90.412127
88.141792
86.954699
98.355587
95.4992
92.25033
89.849247
88.601556
102.86742
99.488817
95.700592
92.942864
91.512227
109.31003
105.13249
100.40558
96.958082
95.178513
115.84821
110.73742
104.93949
100.69068
98.490257
120.73537
114.82197
108.12569
103.22577
100.68701
130.94838
121.96385
111.67103
104.02429
100.10103
140.30528
130.02694
118.37943
109.55477
104.8945
154.67785
142.23462
128.1257
117.4624
111.79101
170.82079
155.94946
138.87694
125.83996
118.89273
183.79411
166.80084
147.27665
132.28351
124.2547
403.97603
545.43188
781.0592
994.27308
1128.6447
424.42436
574.32421
827.50586
1045.8706
1178.6111
450.91186
607.82968
881.19966
1111.8411
1249.4415
470.72814
631.18299
918.8075
1155.2182
1297.8485
478.15455
642.76764
937.60367
1170.8804
1314.8771
480.74866
647.98183
944.32681
1175.8622
1323.1648
487.13191
655.43057
952.71455
1183.9463
1330.9184
490.75593
655.91474
958.57301
1192.315
1341.7481
486.93833
649.24531
958.41967
1194.688
1349.8112
483.20614
643.63151
955.48009
1192.3614
1349.4987
13.324874
118.03793
207.56669
379.05761
507.55536
14.592151
107.75316
211.35255
390.32898
499.10599
19.060845
101.15298
214.68066
400.78319
491.78407
25.477696
96.756958
213.14921
408.71892
487.09039
27.005182
89.860308
212.03401
415.41893
482.67489
1744.7413
1768.342
1628.0248
1241.6962
850.54877
1797.2722
1812.0025
1627.4551
1268.712
955.51279
1821.6272
1796.9619
1587.9282
1195.2022
853.40325
1796.3912
1750.2732
1512.9888
1097.9938
782.04227
1759.2091
1729.476
1461.7163
1043.0175
772.10677
1737.3893
1715.6928
1434.1795
1006.9777
747.15594
1712.3882
1677.143
1355.8181
948.24225
753.95103
1661.1347
1569.4563
1229.785
883.31413
754.09706
1571.181
1432.4093
1110.2026
837.11819
751.38152
1477.8915
1340.4811
1043.6301
810.83157
748.97737
1401.1261
1552.3156
1726.5017
1807.0391
1789.6772
1411.17
1557.1911
1722.1043
1776.8875
1725.3874
1414.2893
1546.123
1680.696
1703.6637
1650.204
1410.1825
1529.7142
1619.6676
1614.2778
1584.8936
1407.5065
1524.5344
1580.7699
1552.6193
1529.7026
389.26125
334.07998
270.99628
225.8606
201.43926
426.11837
368.55822
298.30981
246.78248
219.10997
484.87842
424.95105
347.00027
284.79851
250.57429
547.36183
487.55849
406.67193
334.67821
292.19318
595.60884
534.08839
452.60573
375.73321
327.75999
621.93851
559.82805
477.63275
398.57057
348.11944
680.9492
614.33739
528.90584
446.83696
392.84626
741.37082
702.76863
618.04594
525.49624
468.74007
782.05261
778.15755
711.115
615.44217
551.84636
805.04433
800.90578
765.45346
689.70058
612.87814
792.69185
755.92089
737.69133
708.88806
652.40172
787.20416
777.29112
764.03555
738.20219
706.44204
807.47
801.38839
787.78106
769.65228
754.78174
830.25833
817.39279
804.98798
795.5898
786.34213
817.13629
822.73815
820.552
814.75579
811.81304
123.38358
117.01812
109.79572
104.51511
101.78755
129.23354
121.82763
113.41081
107.2489
104.06956
139.32043
130.02118
119.45044
111.71377
107.72637
152.01411
140.22628
126.82135
117.01591
111.97651
162.76475
148.78983
132.90734
121.30743
115.36448
169.05334
153.76058
136.40782
123.7586
117.28259
183.06938
164.86954
144.20152
129.14682
121.47698
208.71896
185.0237
158.21291
138.7349
128.85759
242.23571
211.15548
176.12413
150.81691
138.03762
270.75135
233.33529
191.18289
160.86108
145.586
324.68274
284.15304
236.32848
198.59536
178.01766
366.66013
319.8397
263.13208
218.27299
193.82163
439.21977
384.49526
313.2073
254.41583
222.73412
520.32894
461.33928
377.96281
302.21888
260.53225
580.77608
518.99245
429.75766
342.65189
292.69477
114.56421
110.11954
105.43891
102.22369
100.51294
118.25981
113.02223
107.54505
103.81031
101.82402
124.74003
118.05202
111.13717
106.47805
103.99943
132.7626
124.20402
115.46466
109.65496
106.56276
139.32704
129.18529
118.92691
112.17898
108.58693
482.86087
639.03471
951.31954
1190.284
1345.9367
481.8854
629.00905
941.50398
1185.4516
1337.7976
475.05629
613.70522
926.91329
1171.2795
1320.647
465.92398
596.6768
915.28482
1154.5872
1290.3253
460.99094
583.39901
915.75614
1148.7314
1259.877
457.0021
577.81697
916.41511
1144.7938
1248.8884
451.98739
569.62519
912.05893
1134.2446
1231.9133
444.29987
558.40846
905.34902
1113.6925
1194.4144
435.54444
545.16734
895.97564
1090.146
1150.1867
429.35469
536.82096
892.38608
1076.6254
1121.6298
40.614465
81.919254
188.557
396.50008
463.54992
42.771279
81.228589
181.31682
387.79072
462.83396
49.347377
80.373647
170.48541
379.79296
461.34384
54.499606
82.653479
162.91316
371.89202
460.80117
57.465591
85.605573
158.53173
361.13814
460.27506
1443.3482
1291.865
1006.1484
799.27888
748.71747
1380.5451
1212.9611
947.5315
779.40557
750.03202
1283.3589
1125.6306
886.16361
751.7391
757.09826
1190.6471
1054.9225
835.90516
730.30584
767.60057
1132.8785
1007.2636
805.90032
721.76996
773.19856
1105.6773
983.5895
790.18686
718.41167
778.03966
1053.22
931.82951
764.59902
718.76416
781.29673
985.07277
874.8468
738.51709
722.11604
800.19187
931.29424
835.8382
718.03116
726.02983
826.9993
901.19579
814.23145
706.67463
726.96225
841.97074
1289.0204
1314.9927
1325.1463
1270.0058
1162.4299
1258.1154
1282.0897
1276.7646
1205.7211
1108.9937
1211.5003
1232.3269
1214.7585
1135.9539
1054.3097
1161.4604
1183.9326
1162.9042
1081.3475
999.29935
1123.7064
1152.9933
1130.9286
1040.1537
947.93715
819.51764
811.07029
788.71901
725.49002
645.95876
839.29808
830.54207
823.45141
786.32032
724.80677
865.35162
861.96969
860.86192
847.10006
821.20829
891.79902
893.42274
893.32451
891.76545
888.98431
912.37678
913.84281
920.65956
923.15346
915.52057
920.8772
926.21669
933.88921
935.83715
931.90581
945.27138
952.95464
961.5088
964.35576
962.78687
986.05562
994.09163
1002.4883
1007.211
1007.5164
1026.5526
1033.9932
1043.7001
1050.1937
1051.0521
1050.749
1059.9336
1071.7408
1078.1762
1078.5871
890.72935
896.15561
905.39019
914.37294
918.38507
902.4386
911.06681
922.48655
933.53794
941.05033
925.98995
937.9449
954.18327
970.3159
981.17037
960.62784
974.73386
994.68221
1012.4848
1022.2324
987.95874
1002.5384
1022.0046
1037.6866
1045.566
287.37077
246.28362
199.95823
166.65313
149.94495
324.42019
275.09206
219.36463
179.44356
159.4453
390.25971
327.16683
254.07305
202.12708
176.14921
468.28203
392.04191
298.14916
230.30816
196.76013
527.13912
443.46017
334.6971
253.33925
213.47765
558.65554
471.77975
355.65724
266.48769
222.93951
622.22735
530.31227
400.95496
295.18727
243.25788
721.91745
621.9402
476.429
345.21627
278.15167
829.41173
717.35162
559.29152
404.87192
320.18832
908.45217
785.28968
618.88379
450.552
353.39116
923.49116
923.03379
825.13439
690.3188
604.27207
956.83861
962.34456
894.12653
770.36176
668.48955
1006.962
1004.8873
979.48556
888.81259
771.90623
1054.112
1042.9211
1041.2713
987.18098
884.89697
1080.5679
1073.4714
1067.8206
1029.5679
964.82706
205.38621
177.61255
151.41466
135.49492
127.00196
222.58491
189.75971
159.29109
141.15153
131.40624
251.79244
210.02802
172.15775
150.381
138.58758
286.46771
233.48692
186.64982
160.75943
146.62407
313.66256
251.49416
197.49223
168.54784
152.62671
428.50916
532.79363
890.21689
1068.4539
1106.0881
422.59872
524.50102
876.37794
1047.4193
1085.7848
415.86656
512.26238
857.54406
1023.0866
1061.0976
409.38815
500.49221
841.84217
1002.0823
1035.6646
404.35152
493.77165
834.7759
987.58151
1016.3222
883.58766
799.02393
700.39416
729.80337
849.33823
857.13209
773.04412
690.02827
739.59423
864.78462
827.44154
744.12019
682.02351
753.42501
877.11232
798.99196
720.04679
677.74625
767.66241
895.67005
779.13076
708.35426
674.6929
774.70732
917.32809
766.20346
698.64357
674.92002
781.56019
926.40911
745.86633
679.41776
675.86642
799.35963
945.21051
736.12073
666.70155
672.6717
814.29634
971.51525
727.5846
658.39245
671.38784
824.26064
992.61694
713.12641
652.10593
670.69784
825.93175
1000.3321
1021.2995
1005.685
956.62534
872.52473
796.0301
1011.7049
985.93635
932.16418
853.66574
783.37995
986.51313
964.20769
906.24228
826.58333
763.9336
961.65475
947.07943
890.73207
808.64355
748.2622
952.69781
935.85795
883.20432
803.42652
742.22954
1062.5686
1072.9178
1084.5738
1090.5359
1091.4058
1087.0754
1097.7655
1108.9404
1114.8741
1115.8959
1120.0632
1130.4416
1141.7389
1148.984
1151.4625
1152.1822
1163.3644
1177.5447
1188.2748
1193.1782
1176.5043
1190.2652
1207.5054
1220.2699
1226.137
1191.9678
1206.203
1223.4097
1236.7576
1242.8713
1221.7402
1236.6332
1255.2092
1268.9306
1274.6471
1263.3731
1279.6687
1299.3848
1313.5094
1320.3832
1302.8326
1320.2778
1340.7736
1357.9904
1366.2621
1328.9437
1345.2864
1369.6351
1388.3617
1392.4348
1089.9766
1113.0297
1142.2056
1168.008
1183.7627
1112.1043
1136.1961
1167.247
1195.5351
1213.1157
1142.6592
1169.2566
1203.9194
1235.2108
1254.2232
1170.5501
1200.875
1238.7216
1272.1714
1292.6134
1188.3852
1219.6168
1258.8883
1295.2746
1318.082
947.59444
820.89923
650.3441
475.1198
371.8078
1021.5035
892.44411
713.66726
525.46545
410.65939
1100.2759
998.49761
811.64472
602.92449
473.93577
1155.6348
1098.4423
910.91799
683.9313
542.9418
1185.6759
1155.2647
975.49907
741.46696
591.82571
1199.9442
1179.9551
1006.6205
771.67383
616.92275
1227.4416
1218.835
1062.9089
832.36903
665.56298
1265.3478
1257.3608
1135.9407
923.70135
734.63429
1302.2555
1285.7242
1200.5831
1012.1152
800.1115
1327.93
1306.1598
1240.506
1066.3791
843.06986
1245.7443
1245.7831
1243.7502
1233.6011
1217.5648
1276.6344
1278.5195
1277.2119
1264.9634
1248.0748
1323.4258
1326.5811
1320.8392
1303.5337
1285.4374
1368.2194
1366.3613
1355.0763
1336.3092
1318.1656
1389.8417
1385.3247
1375.4286
1358.0436
1339.9635
537.03915
396.31821
275.73905
225.29684
195.67044
580.44588
424.97986
290.79095
235.93886
203.78546
643.34584
466.50837
313.26605
251.4398
215.6945
703.82066
505.56934
335.85656
266.53533
227.47142
742.94644
529.68018
350.99179
276.31358
235.27424
1336.4092
1356.5697
1386.3977
1402.2629
1402.9539
1370.3673
1394.9391
1417.7342
1423.8772
1422.3704
1423.3375
1440.4379
1448.5708
1450.8361
1450.9515
1454.663
1458.302
1466.4449
1472.2725
1472.2312
1453.4949
1463.1575
1475.1976
1480.3315
1480.4687
1464.6945
1476.341
1485.4607
1490.4161
1491.1835
1487.0389
1494.6445
1501.9702
1505.4498
1504.8171
1502.7794
1508.0049
1514.7445
1516.8554
1517.1192
1498.5775
1507.9063
1514.0948
1517.8704
1520.1277
1490.8119
1499.6011
1508.9408
1515.189
1517.6652
1340.7334
1316.3624
1258.7946
1091.7319
864.47072
1366.2912
1338.9317
1291.9898
1136.3308
905.33644
1403.0685
1371.6122
1332.6766
1191.4325
959.38896
1432.2646
1398.3421
1364.466
1234.3591
1001.1687
1446.6294
1412.5239
1383.2721
1256.7076
1019.8823
1455.6012
1419.8936
1392.4917
1265.6492
1026.0571
1469.205
1432.458
1409.7867
1278.5751
1032.7016
1485.8121
1449.9281
1434.4419
1292.2341
1037.2885
1497.3269
1464.6392
1453.3333
1300.0056
1039.3947
1503.4351
1473.2983
1462.4788
1304.4989
1041.4391
1491.8972
1490.4556
1484.8163
1473.1523
1459.9569
1504.3619
1502.8138
1497.6395
1486.1967
1472.5549
1516.8359
1515.4297
1510.8582
1500.1447
1488.1437
1520.5313
1520.6612
1517.5279
1508.674
1500.0084
1519.2473
1520.874
1519.8361
1513.0791
1506.8706
871.8548
615.96842
422.83619
320.09689
272.17863
875.80464
623.98537
430.24223
324.7094
275.88483
881.58824
632.89884
437.97279
329.57492
279.89414
886.42903
638.13373
442.44303
332.38298
282.26616
888.78311
640.03709
443.83824
333.2052
282.91168
1503.4547
1473.6422
1463.0783
1305.075
1041.6091
1499.0832
1466.8417
1456.0015
1302.4956
1040.725
1486.9147
1451.9263
1437.199
1295.0932
1038.849
1468.5038
1432.7962
1410.9419
1280.2351
1033.7335
1454.2003
1419.1885
1392.1288
1265.5354
1026.0092
1444.9263
1411.0245
1382.2907
1256.1816
1019.3554
1428.4949
1394.8792
1361.4549
1232.0545
999.75044
1396.1688
1365.2932
1327.0027
1187.035
956.65952
1358.6754
1331.414
1285.3058
1131.3734
902.05433
1334.8104
1309.4208
1252.5719
1087.4235
861.39596
1478.9749
1476.2029
1470.6725
1460.1127
1447.5181
1469.1933
1465.1476
1456.9214
1445.0099
1432.6326
1445.864
1440.5893
1429.937
1415.0306
1401.2436
1417.9712
1413.2417
1401.6831
1383.6302
1366.6107
1398.9457
1395.6056
1384.6555
1365.6764
1346.951
