FiniteElementSpace
FiniteElementCollection: L2_2D_P4
VDim: 1
Ordering: 0

27.067167
68.752979
48.28644
55.88695
127.82173
21.298045
64.721368
45.691579
52.692149
125.73278
18.658401
59.82164
43.362224
49.714849
121.11829
23.051021
63.758586
44.139282
50.942482
115.95957
32.811988
73.912786
46.200395
52.01542
112.70958
266.35394
259.45402
237.07357
210.69726
203.51777
263.11446
258.79969
235.02143
207.28025
203.52928
260.0156
257.45857
232.48875
203.78589
202.87089
258.56105
254.92576
229.60924
201.63612
202.06132
258.23882
252.636
227.77328
201.26854
200.75006
842.41212
870.87281
902.46173
931.09172
952.07152
855.01991
880.29254
914.34644
947.39834
968.01343
869.72613
900.48377
939.34278
971.8016
991.44618
887.0471
923.4927
961.14304
995.68155
1018.9626
898.26635
925.6341
968.51187
1013.9532
1036.0058
33.725377
91.860744
50.253597
53.270447
108.37528
21.762775
68.702483
46.593265
49.018376
111.04098
17.419418
56.47592
44.877689
43.626517
109.93025
24.520475
68.672072
44.998963
48.042666
110.76794
34.096732
79.072947
45.039121
55.171728
112.00769
257.41359
248.5671
226.98315
202.80613
199.19579
257.33267
249.32138
226.13773
201.60256
200.82489
259.06022
251.64322
225.877
200.48847
201.75728
260.99586
253.23869
225.91668
200.14324
201.98372
262.02617
253.31869
226.71281
200.91184
200.59498
986.0967
1018.3227
1030.2028
1046.1946
1055.9426
970.67675
1012.0733
1021.3568
1037.3549
1048.2068
911.39165
978.3116
1010.4556
1021.1446
1031.6407
888.61671
935.35264
991.49856
1016.6517
1024.2938
879.45325
915.10756
965.83119
1007.2182
1023.1334
27.996991
66.586911
44.013565
56.231656
129.73232
24.519988
59.26198
43.024563
58.860719
132.64571
21.82923
56.616694
42.712392
60.066153
137.17574
21.751885
58.81046
42.334627
62.455522
139.99266
25.226403
57.928499
42.329027
65.836826
140.32432
270.55498
262.68223
238.0592
210.5956
203.21661
274.32462
264.68001
240.70787
213.31788
203.65298
278.01993
268.74747
244.50507
216.16377
205.5629
281.33772
274.24813
249.21957
218.87938
208.80876
284.4224
278.84087
253.73018
222.20996
211.71011
818.3473
841.6928
872.78493
900.14284
916.64688
805.91493
829.68155
859.18846
886.08544
903.58958
789.37798
808.69796
834.68815
859.84482
876.47334
768.65135
785.39501
808.7932
831.10025
845.52397
749.11223
770.05127
792.0449
810.2494
824.04681
1007.6066
1018.6953
1032.0762
1043.4541
1050.6851
990.53257
1002.4427
1018.2125
1031.6012
1039.4626
962.60422
975.14524
992.34731
1007.9505
1017.392
929.03596
941.86952
959.96479
976.87867
987.50098
901.18358
913.81772
932.63946
950.67938
962.02111
19.569812
51.690762
39.491658
78.507194
159.24223
19.843538
47.950653
40.39942
80.325632
153.6796
18.228952
45.046143
40.616497
81.302044
151.46253
14.284034
44.927685
40.012901
82.257561
152.79849
13.549151
43.996036
40.291387
83.293505
150.00519
313.62134
306.79397
286.86053
256.98627
232.16802
316.96847
311.98157
293.43972
263.31169
236.69084
324.59819
319.499
299.93838
269.78242
244.29038
333.87566
328.70102
306.14386
275.52781
254.25188
340.16014
336.82391
311.95518
279.2263
261.00397
670.47176
683.19355
702.43373
722.02204
734.96061
656.18103
668.69363
687.86221
707.50705
720.83687
638.08029
650.21845
668.96982
688.74228
702.29651
621.7018
633.10331
651.12791
670.50111
683.79567
611.30124
621.84465
639.27801
658.19105
670.90044
792.35607
796.48647
795.84755
789.09447
783.5719
784.20003
789.89398
793.93418
790.26693
782.75036
774.03887
781.94965
790.20107
792.52
789.23513
759.0605
769.43635
781.75133
789.92423
792.46115
745.06997
756.83433
772.50114
783.94146
788.11165
11.431913
33.393085
45.216255
91.065191
128.16794
10.508615
34.743876
44.158339
88.289255
123.76862
9.0528287
31.282292
47.243858
91.724536
120.60547
7.6271094
30.10171
50.740403
92.468829
114.80187
6.0171344
34.349216
50.613172
85.316396
107.28048
367.02394
364.12734
341.91461
309.70981
290.05389
364.96259
363.72701
344.4228
313.53431
293.62241
361.04236
361.63803
347.06975
318.17915
295.86942
355.45568
358.0688
347.78868
320.47995
296.3118
350.07536
354.58956
346.98232
321.04436
297.15021
563.0723
576.34785
591.81092
608.92644
622.78384
555.84187
563.63719
579.13948
598.68229
611.95421
536.75296
546.06861
563.01467
583.09573
597.65107
518.50045
528.88407
545.63603
565.83878
580.65552
512.28942
514.72012
529.95213
552.47388
565.75905
691.08654
701.74607
715.2494
727.00142
734.58085
681.56815
692.00443
706.1067
718.25081
725.39068
668.21765
677.78799
691.44713
703.99646
711.36995
654.91613
664.01057
676.53453
688.50749
696.24105
645.45244
654.77637
666.92828
677.87843
685.03438
7.1964708
35.518386
37.046701
67.324003
90.799092
7.4805422
30.42097
37.774401
63.326181
84.833014
6.083275
27.279757
34.464125
54.707808
76.5944
5.7468171
25.52722
29.732687
45.990228
66.775408
4.6432924
24.121167
27.993112
40.440781
61.732731
286.50069
299.78642
304.11702
295.41588
283.6026
269.46834
284.44445
291.62363
286.0919
276.7001
238.12564
254.38382
265.75163
266.16501
261.76484
200.96053
216.78752
229.58506
232.6653
232.34947
173.21573
188.2191
199.62355
199.60105
196.89521
416.54221
451.56864
461.68172
470.0909
487.23382
377.26469
374.11955
408.37829
450.93324
465.69139
313.13993
331.65819
366.97032
409.92344
433.38208
267.32353
329.67481
360.89935
389.62597
404.85317
292.09025
317.87775
326.45592
357.38333
358.29149
554.66468
568.86913
588.55378
604.89798
613.22915
536.10839
547.72823
567.26438
585.68063
595.32281
511.70803
521.34571
538.71691
557.19928
568.99121
490.95496
496.48338
510.90772
529.42144
539.88995
478.07396
476.64324
489.58555
509.39826
515.74185
131.63012
176.53993
262.08816
275.62512
279.03162
128.84519
175.4976
258.90907
271.46145
277.83072
127.39536
171.67696
253.45225
266.46386
274.33904
126.9114
167.8166
248.09075
262.58517
269.30766
125.25934
166.84298
246.61266
260.0736
266.03562
24.414092
59.013442
42.470122
65.99863
141.40863
21.380197
58.784053
42.298323
62.630297
140.92455
21.747957
56.455629
42.792016
60.386584
137.84473
24.301127
58.85771
43.175553
58.91672
132.76788
27.884679
65.630189
44.232171
55.811325
129.29554
125.445
166.39085
246.59682
258.76861
264.38849
123.29274
165.59314
244.63617
256.56986
262.48867
120.42545
163.19518
241.21462
254.02873
260.96002
119.75361
161.15908
238.17183
252.46756
259.554
120.48912
160.14546
237.36291
251.92719
257.40312
119.47404
160.68257
237.39081
251.39544
256.7044
118.3453
160.17376
237.3401
249.89722
255.05092
117.48971
158.74819
236.66559
248.50978
253.37051
117.58284
159.25802
235.19017
247.92816
254.02132
117.86875
159.75848
234.61572
247.57871
254.99852
32.802063
84.395019
48.398712
53.135757
113.78851
23.630544
67.792196
46.317983
47.804428
111.73581
17.664197
56.896963
45.877778
43.946725
109.18864
21.934738
68.247577
47.640582
48.330743
109.39091
32.752999
83.257988
49.114362
52.521363
107.24039
210.87125
270.69192
403.94788
576.38616
719.74605
214.71876
282.85287
420.86673
589.41975
728.18331
219.10634
290.24931
429.92792
596.8587
736.83709
222.22806
290.75492
428.87141
598.53298
744.20031
220.56057
286.47502
424.97238
597.76958
746.38144
219.23456
289.48275
430.83516
601.83975
753.52874
218.40822
298.68375
445.66448
610.4828
756.89344
217.88346
302.67662
452.13553
612.42199
753.04497
220.97997
304.23258
452.69826
613.54182
763.01884
221.58526
300.02896
446.48442
610.28678
765.60998
257.32899
251.75334
227.06955
201.20427
201.4057
257.02941
250.03448
225.69762
201.85406
203.19949
256.89058
248.93594
225.55382
202.93836
202.95801
256.97688
248.47632
226.55233
203.39433
201.17243
257.59069
248.41948
227.2793
203.31803
198.9562
893.36626
931.40512
984.39007
1025.0596
1041.163
906.34226
955.95666
1010.027
1032.9001
1040.5265
920.64324
988.7269
1021.0151
1032.4413
1044.0417
967.35653
1014.6844
1027.4137
1044.0619
1055.8222
988.79831
1020.1734
1030.5279
1047.3795
1057.1689
116.86589
160.53779
234.35639
247.29179
256.29512
116.44399
160.7467
233.3204
247.2823
259.13243
116.6428
160.62414
233.55189
247.81695
260.341
118.21814
161.5149
234.74529
249.52652
260.51348
120.12684
161.3054
235.61512
251.22334
260.29949
120.88605
160.70387
236.11114
252.0019
260.1145
120.71074
161.01909
237.64568
253.37947
261.32573
121.36089
162.63018
240.2264
255.5823
263.90627
124.12221
165.22459
243.19208
257.50493
265.89465
126.50546
166.02754
244.82151
258.88706
266.03275
35.084609
78.391176
46.022367
54.049161
110.42592
23.532494
64.448641
42.735345
51.362787
116.22463
18.461917
59.355248
42.539645
49.395294
122.12186
21.660921
64.996394
45.368537
52.941083
125.52537
27.2868
66.236889
46.446683
56.262221
128.21628
221.49086
299.64289
445.55984
608.90297
764.38186
222.22743
303.25881
448.4276
607.82574
759.69404
219.56031
301.31614
446.30755
603.66758
746.16216
219.44558
298.1448
441.36975
600.10705
741.61867
219.59828
290.10797
427.76514
590.68643
735.793
220.56192
286.59134
420.72906
585.34797
728.71711
221.44286
287.44887
421.28842
586.29572
727.21158
218.86098
287.02614
423.14262
586.08866
721.03884
214.35775
282.73056
418.44258
577.94966
707.82017
209.12355
271.59202
403.93734
565.6405
698.63086
262.49126
253.80823
227.46967
201.20198
200.00397
261.48514
255.29758
228.38087
200.98079
201.61843
262.0564
257.3338
230.4343
202.51603
203.04823
265.38012
259.55975
233.28225
205.73165
203.83339
269.08124
261.39107
236.196
209.15608
203.48297
1059.8535
1068.8883
1080.7948
1092.1076
1098.9896
1050.0471
1059.0249
1070.8309
1081.9195
1088.9028
1037.4465
1045.5467
1057.547
1069.1149
1076.6162
1029.6046
1039.1113
1051.3757
1062.896
1070.5393
1027.2516
1036.6718
1049.5719
1060.9751
1068.0025
1024.0026
1032.3843
1045.6113
1057.8202
1065.271
1011.4507
1024.9792
1037.7578
1049.4534
1057.6709
980.2122
997.48923
1017.4965
1031.8134
1039.8871
950.59578
967.46311
990.59538
1010.3419
1021.186
935.07076
952.83448
975.47518
996.64046
1009.9209
878.82486
909.69522
950.79828
994.49469
1017.7279
870.02086
906.75915
944.50724
978.00652
1000.6215
850.48408
881.13576
919.83795
951.79161
970.75282
830.93143
855.11451
887.93237
920.37197
941.07061
820.46145
846.35511
875.99348
904.1821
924.81601
125.56168
167.03911
244.42044
259.63848
268.5542
126.94761
168.20733
246.06718
261.74247
270.76146
126.98443
172.09301
250.82566
265.32121
275.78554
128.08786
176.34911
255.19292
270.07198
280.91946
130.85363
177.99056
257.50134
274.08275
283.78073
128.30612
179.99064
259.2926
274.59365
288.87028
131.13197
181.69371
262.35088
279.37074
291.05432
134.65483
184.46057
269.28297
286.79018
295.28165
137.68463
186.92411
277.31742
295.26135
298.97276
140.67449
188.44827
281.66575
302.29778
301.11376
25.562418
57.363936
41.927444
66.860799
145.3197
23.959375
54.087016
41.498695
68.122037
143.22691
21.73346
51.734777
41.545361
70.372099
146.33872
20.462393
51.091692
41.236863
73.317267
150.12729
21.515404
50.473473
40.400007
75.279608
149.21309
208.78587
267.00576
397.62035
561.54558
695.89456
209.91114
265.69102
394.06225
557.4505
688.81215
212.72291
262.87361
387.71916
550.80656
677.32834
215.50217
257.85413
378.50675
541.53525
663.42544
215.43011
248.31097
365.70447
527.94629
647.18338
214.96836
245.30097
358.6504
520.35966
642.41481
217.57377
243.4621
354.64922
517.71856
634.03793
219.25634
242.9442
351.02202
506.46786
615.0351
219.94186
242.97863
342.34618
485.47989
595.26512
221.04435
239.26945
327.52317
467.80777
584.40181
284.30055
281.34692
257.05966
224.71416
214.06482
289.4596
285.4186
261.8772
229.61787
216.89475
298.75417
291.07916
267.76128
236.63462
220.42649
308.13827
297.82571
275.6232
245.31405
224.47069
313.27156
303.46705
282.63287
252.94985
228.77526
926.01113
944.11265
967.87287
988.33859
1001.2848
911.77092
927.31337
949.81355
970.90797
984.13688
884.99295
900.76397
922.20967
942.45027
955.87237
853.17228
867.83924
889.03116
909.19665
922.3995
829.85911
842.24716
861.39175
881.25403
894.57824
819.28403
830.8797
848.32012
866.85158
879.71999
805.60358
814.71306
825.30781
836.38134
846.43051
785.72201
795.24653
805.14467
812.32384
817.36206
764.48813
775.58948
789.69739
799.9149
803.99991
748.12405
760.19551
776.37551
789.52561
795.59024
748.6292
762.80125
783.48243
802.56281
812.72979
735.80877
751.04509
770.71206
788.83433
800.32718
714.49037
729.4742
749.14425
767.59407
780.14327
695.01755
708.25078
727.7243
746.52723
758.36847
682.81039
692.43408
710.77362
730.26001
741.7195
1054.0346
1059.6256
1067.3983
1073.9536
1077.4006
1043.3656
1050.0381
1059.1593
1067.1119
1071.4346
1022.0133
1030.3328
1041.1228
1050.6576
1056.5824
992.7712
1002.5483
1015.3862
1026.9333
1034.344
967.85138
978.67859
993.50167
1006.7991
1014.8717
886.49484
899.37761
917.29968
934.98745
947.4183
852.31771
865.11693
884.55265
902.97509
914.44203
818.94592
823.53305
834.71729
849.59797
860.48842
804.04226
803.37281
802.83781
806.33838
812.22884
798.37383
801.43419
798.13429
792.15884
790.87973
142.31364
190.19709
282.73532
305.39259
304.36854
141.90719
192.38587
285.48636
311.53751
312.68407
144.38165
195.9905
290.75708
321.4226
325.10532
147.17683
197.93764
295.58175
331.70218
335.26304
147.07108
198.49901
298.2713
338.12308
340.15819
147.59045
198.87694
299.36434
340.21431
341.35424
146.60109
198.64746
300.35342
344.77244
346.23607
144.24695
199.14523
302.5583
351.4476
354.29081
141.29374
198.91093
303.02257
355.53606
361.29358
139.15713
196.89796
301.22921
355.73155
363.68487
16.095672
41.364856
41.955955
85.044887
146.78658
12.519817
41.1734
41.074986
85.95891
148.0427
12.553719
37.168601
42.327268
89.354495
142.65453
12.691048
34.898839
43.610196
90.176459
134.16305
10.029586
35.962144
43.73011
88.461709
131.26912
223.31483
236.02837
321.80022
463.26613
577.85756
226.61417
235.719
317.565
454.73814
564.84012
232.77946
237.14072
310.99198
440.69726
547.80786
240.31522
239.29599
304.8269
427.46581
533.08756
245.71425
241.01128
297.63051
416.20861
523.88595
250.73059
241.22625
293.80901
410.60204
516.84344
255.94434
244.36635
289.31159
399.8451
506.8797
262.40408
248.69505
283.39646
387.23828
496.74862
270.01838
253.52932
278.76688
376.12376
489.22531
276.637
257.92214
274.83089
368.898
486.52181
344.03674
340.45037
315.82898
281.98989
262.03664
347.38764
346.02773
323.62195
288.72558
265.35683
353.13067
352.54434
331.64433
297.11467
272.18449
360.48398
358.79661
337.3102
303.77091
281.49828
366.01983
363.14087
340.23165
307.72214
288.57214
741.15847
753.29137
768.13295
781.04528
789.25733
727.82734
740.93234
758.59866
773.16286
780.92709
709.15854
722.46012
741.52207
759.01839
769.33944
690.527
703.73689
722.53124
740.85948
753.0702
678.10321
690.89519
709.57423
727.60179
739.21067
672.91695
685.84934
703.97667
721.58719
733.49595
665.34427
678.02699
695.641
712.2866
723.25087
654.29355
666.71621
684.32941
700.80906
711.31973
642.34549
654.29782
671.77564
688.76168
699.68215
633.91162
645.442
662.46234
679.35942
690.4071
604.38045
615.22139
633.05156
652.99014
666.60658
593.97074
606.75369
625.80874
645.44983
658.4029
585.18326
599.50046
617.88549
635.69241
648.0927
579.14732
591.34185
607.57319
624.47376
636.40558
574.15763
581.62344
596.93667
615.07156
626.41271
739.21245
749.99764
765.60706
779.00523
785.81025
728.84313
739.44097
754.41979
768.03637
775.96984
716.56291
726.48766
740.36228
753.14325
761.01481
704.97733
714.64358
727.9427
740.13019
747.64882
696.09898
706.47211
719.89454
731.68369
739.0261
137.73584
194.0299
299.55234
355.35238
361.97393
134.06906
191.05809
295.40153
353.21212
360.40933
128.71995
184.66539
287.59324
348.22535
357.80185
122.36062
175.15753
276.19381
340.05889
352.37935
117.20973
167.8941
267.01158
331.78398
345.3273
113.24651
165.90531
262.09979
325.29343
342.41721
106.6481
158.22301
250.39821
314.0134
334.06584
106.1704
148.32987
231.94383
297.15638
319.77936
108.01631
138.90979
211.59737
276.4779
300.10251
105.6238
132.29756
195.89064
259.66763
284.05405
4.9111611
36.074226
50.015656
80.700615
103.16478
4.7261452
32.140637
48.301352
80.538514
101.2184
3.9378847
36.714711
48.494784
73.912663
96.875949
-1.407826
45.626777
43.604987
66.313622
103.54559
-2.7448446
44.716478
36.228908
65.910217
115.89049
280.40782
259.42455
273.32329
365.03208
481.8338
284.78139
264.10678
272.59395
356.22318
471.26234
287.91384
268.92759
272.40706
347.60567
456.64094
288.27548
270.67248
270.79218
338.34886
439.2308
288.41676
270.59749
267.35757
331.19943
426.91979
290.26048
269.27337
264.81422
326.75136
417.79657
288.05698
267.57736
259.27736
314.60763
406.13488
288.05301
267.89262
255.72952
298.74229
386.97614
286.68716
267.66372
254.15033
280.03381
359.44906
279.56501
266.10918
249.82369
282.1551
363.65323
346.72341
351.62481
346.16765
322.92947
298.30346
339.96115
344.95641
341.23482
322.817
298.96545
326.25546
333.453
330.98994
316.25466
299.05772
308.63251
318.64449
318.69585
307.22727
296.04858
295.06618
306.63114
309.26442
299.9713
288.46922
628.06692
641.02364
658.23495
674.50268
685.78081
619.16513
631.96303
649.53442
665.71659
676.23069
604.65074
618.38526
636.72469
653.03748
663.26892
587.53521
601.98371
621.73615
639.31237
649.91476
574.8301
588.69423
609.45186
628.72833
639.76976
566.78896
581.84015
602.64298
622.00616
634.30757
552.56622
566.8121
587.88277
608.27887
621.13217
532.88772
545.99515
566.26759
586.9772
600.60805
513.89415
525.50141
543.6828
563.25029
576.71644
500.47914
511.48617
528.00522
545.32254
557.46114
488.5623
506.7375
525.31582
543.838
560.46266
487.11737
496.51869
512.27933
531.52596
545.1684
465.36733
477.59631
495.58606
514.11873
526.40857
442.27241
458.39203
478.35661
496.82313
508.30286
451.4546
458.29474
465.91677
483.72885
493.75056
639.63747
649.62135
661.934
672.53768
679.55323
627.36367
638.28945
651.57062
662.20815
668.48386
607.17986
619.35457
634.28316
645.79792
652.06759
583.34618
596.58733
613.85128
627.24314
633.93927
564.26421
578.04251
597.58327
613.039
619.92375
101.89051
129.29374
188.71721
249.41213
277.74603
95.542924
122.55653
175.09099
231.06414
259.17082
89.412815
112.72798
155.44124
203.22251
228.8927
81.161221
101.58624
134.61739
171.75757
192.99154
71.138952
90.890058
119.20951
148.48625
164.44006
66.20381
84.5855
110.18493
136.61446
150.55088
58.255242
70.806188
89.491742
110.05464
122.18343
39.673172
49.614597
60.013422
67.838835
72.975005
24.979535
32.848243
39.519543
43.408671
45.026073
13.527582
16.189998
20.965652
23.469476
20.88567
4.257429
25.341927
27.702884
37.659669
58.651472
4.0998131
21.147859
26.110466
33.595754
49.755717
3.668668
15.737719
20.15024
24.737828
33.718136
5.1956926
14.594382
14.551104
17.138118
22.552523
6.3153985
10.049437
9.8753835
11.28226
13.653665
277.41386
262.44222
249.71436
286.763
365.6803
267.83511
250.89202
243.83556
267.19718
317.72338
256.70454
236.01163
225.55346
244.26973
277.51886
233.69052
221.89831
202.94506
212.77356
248.83227
196.12819
201.25974
193.08261
192.2281
231.24713
171.70254
164.06424
186.30007
203.65674
185.91935
156.64073
137.2046
136.61154
178.02008
177.73989
97.208816
102.80528
87.086066
82.374613
152.17848
45.386475
71.753783
69.227935
60.063196
44.093764
11.941311
6.0079186
-3.5863926
-7.6787797
38.11493
157.42005
174.50199
189.0985
183.30183
175.69973
132.44574
147.25794
156.26157
160.66366
155.62962
75.967735
84.499235
100.75976
93.918126
91.563984
38.514523
55.935138
68.280206
57.547497
43.16348
13.142303
-2.3311095
4.9926772
4.7882774
14.784342
489.80978
505.16951
521.43104
535.7661
548.74648
478.67006
491.6316
507.55366
520.80067
530.51585
445.1131
466.1864
488.01746
501.21884
507.83418
412.81874
433.51213
461.71859
479.68
485.45221
383.27352
402.29004
435.03297
460.23418
467.10171
351.41831
387.4909
421.58316
446.89764
475.55161
245.4691
286.93161
363.91056
415.46043
411.89325
155.6443
186.26117
238.58808
295.29484
344.27303
89.589718
104.06316
120.80026
142.64284
194.62292
14.170343
12.718477
27.881171
44.660153
49.001433
236.405
273.40261
265.10911
275.51978
329.72693
135.36138
141.35834
159.64884
201.26801
235.33375
147.04596
132.5496
144.26921
144.75064
145.96757
103.44541
96.36213
101.70617
101.35705
87.755184
-13.510313
-5.8542151
0.46132871
0.8549143
11.800742
465.15164
477.61935
484.43097
490.67192
499.47093
431.88637
442.88759
455.02664
472.85378
481.98273
351.73875
371.23957
391.27259
397.10499
397.93958
213.0317
258.4346
291.60717
296.31999
294.95247
75.781824
146.13381
180.94382
202.93847
213.01485
