FiniteElementSpace
FiniteElementCollection: L2_2D_P4
VDim: 1
Ordering: 0

-267.37742
-667.33334
-881.85175
-125.1921
365.60529
-263.10544
-668.64319
-890.86407
-117.79134
368.65507
-268.55974
-669.76487
-901.10191
-138.77385
360.46421
-258.72474
-656.66053
-906.47089
-166.51544
337.89538
-266.92881
-653.31662
-905.57194
-193.73407
329.52562
1274.9601
1084.8256
809.45468
594.98483
490.43511
1304.233
1111.8557
830.20972
609.60856
501.93559
1340.6081
1145.9145
856.80506
628.56919
516.94554
1369.7198
1173.4942
878.46119
644.18323
529.47738
1388.369
1190.7098
891.8003
653.73787
537.02423
279.09585
221.12242
157.22644
111.81757
88.583886
281.89915
223.33707
158.79296
112.92333
89.454187
285.62812
226.28687
160.87826
114.39202
90.607736
288.78588
228.77126
162.62184
115.61505
91.568051
290.6129
230.20179
163.62466
116.32187
92.126161
-264.06675
-637.77707
-898.64542
-235.27061
312.74231
-259.23536
-641.33451
-897.65951
-212.44288
309.34164
-272.81585
-650.63014
-893.21548
-203.15285
311.55982
-259.58387
-648.27475
-897.68165
-192.38372
317.15355
-260.68716
-651.78822
-906.01385
-195.71506
323.36664
1438.3879
1237.9759
929.1148
680.38717
558.01701
1437.3061
1236.626
927.81117
679.29046
557.13216
1429.5904
1228.982
921.64867
674.83337
553.56584
1411.8066
1212.788
909.25158
666.15088
546.76444
1396.5952
1198.4207
898.01789
658.16136
540.45601
295.62948
234.15777
166.41424
118.28575
93.669123
295.41288
233.98076
166.28738
118.19714
93.600576
294.47768
233.24661
165.77755
117.8433
93.324502
292.84509
231.96717
164.87933
117.21219
92.828379
291.41959
230.83938
164.07678
116.6426
92.379499
-272.36055
-668.17901
-879.52274
-126.19887
374.76168
-265.07012
-670.71077
-880.12926
-99.961443
382.09558
-275.09782
-682.29631
-865.54867
-54.661775
402.42788
-273.18305
-687.68325
-857.03625
-30.672582
417.50962
-281.07771
-686.85756
-835.06503
-27.658039
426.40314
1259.2888
1070.7168
798.45738
587.18909
484.2791
1227.2147
1041.3807
775.98765
571.02227
471.40566
1177.4363
996.68938
742.08419
546.90281
452.2427
1123.2908
948.05931
705.47119
521.07875
431.78808
1084.9163
913.59383
679.3935
502.49966
417.05073
277.61291
219.95625
156.40331
111.23526
88.124006
274.56531
217.56059
154.71415
110.03975
87.178761
269.85819
213.85483
152.10321
108.19921
85.729211
264.81411
209.86963
149.28671
106.21355
84.167144
261.22783
207.03657
147.28183
104.79592
83.049494
22.038445
17.463021
12.420824
8.8398414
7.009682
21.809327
17.282844
12.294353
8.7511233
6.9399933
21.457338
17.005261
12.098533
8.6133109
6.8319068
21.08162
16.709405
11.890181
8.4667203
6.7167448
20.812212
16.497746
11.741765
8.3629701
6.6356947
-321.9676
-676.67244
-701.55273
67.974386
458.68923
-329.57873
-670.02881
-673.40707
76.181923
462.73014
-348.12952
-660.20199
-623.48726
97.248
463.46947
-355.61632
-644.69053
-573.28464
116.49142
456.44247
-361.35885
-631.81241
-536.89115
126.20949
444.66604
833.41989
694.86951
516.45068
386.6628
325.12845
789.49461
657.42781
489.15628
367.25264
309.6387
724.67041
602.77335
449.40167
339.23581
287.48369
661.54847
549.4617
410.48839
311.66054
265.64361
619.7959
514.41391
384.93411
293.41531
251.12731
238.77486
189.32978
134.77238
95.954658
76.075652
234.93142
186.30125
132.63887
94.451464
74.891472
229.44972
181.96384
129.56512
92.276917
73.176614
224.14721
177.77029
126.5873
90.161753
71.503419
220.60675
174.97814
124.61146
88.760439
70.39481
19.124982
15.172231
10.814338
7.7190228
6.1378645
18.837739
14.946111
10.655901
7.6092432
6.0535918
18.423579
14.620176
10.427252
7.4504363
5.9313539
18.015826
14.299809
10.203426
7.2958247
5.8127281
17.741893
14.08468
10.053442
7.192707
5.7341888
-390.48577
-516.78698
-339.09134
117.83684
344.81681
-393.41439
-494.13514
-310.82967
111.41543
324.20704
-391.5772
-459.7688
-273.1258
98.243364
289.91453
-390.17014
-425.04358
-238.2299
84.125745
252.97702
-387.79986
-399.99737
-215.4928
74.746783
227.93424
393.8242
327.66109
249.88422
197.4556
174.92714
360.93534
300.66888
230.38755
183.57709
163.9026
315.40634
263.4905
203.60148
164.49966
148.74217
273.41902
229.28539
178.97171
146.94104
134.77695
246.93841
207.75665
163.43784
135.83938
125.93454
201.50195
159.85484
113.87464
81.138263
64.363846
198.69663
157.62651
112.28669
80.006814
63.465279
194.78635
154.52149
110.06898
78.419959
62.202333
191.11477
151.59549
107.9702
76.917348
61.007168
188.72242
149.68902
106.60827
75.941236
60.225895
16.252594
12.913158
9.2360358
6.6335104
5.3130792
16.027418
12.734235
9.1090066
6.5456193
5.2466734
15.707564
12.480486
8.9301001
6.4210745
5.1500009
15.398169
12.235844
8.7556021
6.2954328
5.0494943
15.1946
12.070616
8.6338232
6.2081023
4.9813503
-317.31789
-278.23957
-132.73378
14.348564
94.376297
-302.89116
-261.57693
-126.23554
5.4178889
75.353772
-279.98794
-237.80739
-117.998
-7.8721459
49.508756
-256.02486
-215.89239
-111.09024
-20.143072
26.720431
-237.31231
-201.25475
-105.91662
-25.998028
13.128474
123.35633
107.39486
90.892651
83.582346
84.007514
107.62004
94.773781
81.659149
76.885617
78.611079
87.100576
77.956091
69.516861
68.036516
71.291461
69.537145
63.643474
58.591929
59.52038
64.156124
58.650267
54.743135
51.681125
54.379716
59.97065
175.76281
139.24473
99.000174
70.415704
55.766593
173.57132
137.47257
97.678553
69.385297
54.899377
170.098
134.60977
95.477503
67.740253
53.588785
166.03032
131.21755
92.99144
65.876533
51.95362
162.74944
128.67225
90.902993
63.940023
50.26545
13.946043
11.059226
7.8794804
5.6399648
4.5143385
13.668834
10.820655
7.7051113
5.5224771
4.4248352
13.205358
10.453213
7.4396399
5.3145063
4.2382561
12.668431
9.9775328
7.0105559
4.9263955
3.8876993
12.026657
9.3555858
6.4767004
4.5186965
3.5668069
624.77682
986.64841
1276.6795
1274.4761
1166.7228
616.65415
993.83613
1304.1213
1313.2634
1206.7819
604.1251
999.80399
1343.0285
1367.0498
1261.9817
591.69982
1000.6642
1377.4257
1414.1693
1311.6954
581.19575
999.24216
1399.0287
1443.5743
1343.9349
-281.07771
-686.85756
-835.06504
-27.658051
426.40312
-273.18305
-687.68325
-857.03626
-30.672593
417.50961
-275.09782
-682.29632
-865.54868
-54.661784
402.42787
-265.07012
-670.71077
-880.12926
-99.961451
382.09557
-272.36055
-668.17901
-879.52275
-126.19888
374.76167
574.34421
998.79716
1407.4571
1457.6999
1359.2221
560.40041
987.07741
1423.0024
1484.4542
1388.8131
551.74855
984.93995
1439.9593
1518.9174
1426.212
545.10991
989.60659
1453.7863
1545.0979
1454.9618
536.06389
984.58607
1463.6214
1560.1311
1472.3554
533.90134
983.66519
1465.2199
1567.3526
1480.9885
522.50124
974.67114
1474.1084
1581.0343
1495.7769
507.49804
965.96563
1483.5329
1597.2556
1513.4109
516.94896
973.57935
1487.7112
1603.9928
1521.1251
526.86951
976.89986
1486.8837
1604.46
1522.0878
-260.68716
-651.78822
-906.01385
-195.71506
323.36664
-259.58387
-648.27475
-897.68165
-192.38372
317.15355
-272.81585
-650.63014
-893.21549
-203.15285
311.55982
-259.23536
-641.33451
-897.65951
-212.44288
309.34164
-264.06675
-637.77707
-898.64542
-235.27061
312.74231
446.26772
378.46599
315.98081
290.7028
293.05284
456.44563
386.46576
321.62486
294.69725
296.21056
469.79482
397.01565
329.09932
300.00767
300.41345
480.95675
405.90864
335.45615
304.53298
303.98357
487.64176
411.20459
339.20574
307.17568
306.05882
490.68953
413.5653
340.85081
308.32824
306.96555
496.23741
417.85317
343.80152
310.37178
308.56906
502.2747
422.58611
347.14234
312.72019
310.41299
505.44703
425.15157
349.00196
314.06016
311.47261
506.2343
425.80238
349.44031
314.37503
311.72617
1396.5952
1198.4207
898.01787
658.16133
540.45597
1411.8066
1212.788
909.25156
666.15086
546.76442
1429.5904
1228.982
921.64866
674.83335
553.56582
1437.3061
1236.626
927.81116
679.29045
557.13215
1438.3879
1237.9759
929.1148
680.38716
558.017
291.41944
230.83919
164.07651
116.64223
92.379022
292.84496
231.96701
164.87911
117.21187
92.827983
294.47759
233.2465
165.7774
117.84308
93.324224
295.41284
233.9807
166.2873
118.19702
93.600419
295.62946
234.15774
166.4142
118.28569
93.669052
526.86951
976.89986
1486.8837
1604.46
1522.0878
516.94896
973.57935
1487.7112
1603.9928
1521.1251
507.49804
965.96564
1483.5329
1597.2556
1513.4109
522.50124
974.67115
1474.1084
1581.0343
1495.7769
533.90134
983.66519
1465.2199
1567.3527
1480.9885
536.06389
984.58607
1463.6214
1560.1311
1472.3554
545.10992
989.60659
1453.7863
1545.0979
1454.9618
551.74855
984.93996
1439.9593
1518.9174
1426.212
560.40042
987.07742
1423.0024
1484.4542
1388.8131
574.34422
998.79717
1407.4571
1457.6999
1359.2222
-266.92881
-653.31662
-905.57194
-193.73407
329.52562
-258.72474
-656.66053
-906.47089
-166.51544
337.89538
-268.55974
-669.76487
-901.10191
-138.77384
360.46421
-263.10544
-668.64319
-890.86406
-117.79134
368.65508
-267.37742
-667.33334
-881.85175
-125.19209
365.60529
506.2343
425.80239
349.44032
314.37505
311.72619
505.44704
425.15159
349.00198
314.06019
311.47265
502.27473
422.58614
347.14238
312.72025
310.41306
496.23744
417.85321
343.80159
310.37187
308.56917
490.68957
413.56536
340.85088
308.32835
306.96568
487.64181
411.20465
339.20583
307.17579
306.05897
480.9568
405.90871
335.45625
304.53311
303.98374
469.79489
397.01574
329.09944
300.00784
300.41366
456.44571
386.46587
321.625
294.69744
296.2108
446.26782
378.46611
315.98097
290.70303
293.05311
1388.3691
1190.7098
891.80032
653.7379
537.02427
1369.7198
1173.4942
878.46122
644.18327
529.47742
1340.6081
1145.9145
856.8051
628.56924
516.94559
1304.233
1111.8557
830.20976
609.60862
501.93566
1274.9602
1084.8257
809.45473
594.9849
490.43519
83.13512
65.840809
46.786543
33.254741
26.33632
83.078777
65.797899
46.757157
33.233536
26.318815
82.837283
65.609201
46.625215
33.14072
26.245702
82.396555
65.262294
46.381285
32.969771
26.111833
81.996223
64.947475
46.160404
32.815233
25.990986
81.772104
64.770907
46.035974
32.727503
25.921885
81.280248
64.381957
45.76029
32.532305
25.767827
80.433123
63.716127
45.291698
32.201976
25.507729
79.413343
62.916617
44.732435
31.810393
25.200369
78.640552
62.308651
44.305318
31.51096
24.965775
290.61307
230.20201
163.62496
116.32228
92.126681
288.78607
228.77151
162.62219
115.61552
91.568651
285.62836
226.28717
160.87868
114.3926
90.608462
281.89944
223.33742
158.79345
112.92401
89.455039
279.09617
221.12283
157.22699
111.81832
88.584823
581.19576
999.24218
1399.0287
1443.5743
1343.935
591.69983
1000.6642
1377.4257
1414.1694
1311.6955
604.12512
999.80401
1343.0286
1367.0498
1261.9817
616.65417
993.83616
1304.1213
1313.2634
1206.7819
624.77684
986.64844
1276.6795
1274.4761
1166.7228
626.26329
981.14252
1261.6395
1254.1301
1145.9418
630.31711
972.29694
1226.587
1212.0694
1103.4389
640.59262
957.10572
1174.7865
1148.5524
1040.3239
643.34799
932.96123
1119.638
1081.8151
974.92984
638.5747
911.10616
1079.8445
1035.3703
929.0018
-289.79566
-684.29485
-821.85942
-25.610996
430.88627
-289.12682
-684.62757
-811.94941
-6.923905
432.37996
-297.74298
-686.55436
-786.39945
37.538061
450.53274
-300.5255
-684.1098
-757.92923
62.565451
463.32703
-312.86549
-680.67365
-719.95913
65.143008
458.37143
440.76853
374.17577
312.95298
288.57593
291.38481
429.39662
365.19838
306.66135
284.16898
287.92598
412.39882
351.77556
297.13546
277.42814
282.6124
394.29349
337.51985
287.02647
270.24761
276.93094
381.24431
327.21063
279.76108
265.11754
272.88275
374.33197
321.78614
275.93714
262.43692
270.77871
360.63259
310.93369
268.25222
257.0071
266.50194
340.97183
295.40947
257.22972
249.17733
260.31029
320.8875
279.59383
246.05878
241.2806
254.0746
306.92487
268.57467
238.2937
235.80761
249.76068
1064.5095
895.83551
665.7714
492.72097
409.30856
1023.0746
859.26806
638.50494
473.26258
393.80775
961.85646
805.89783
598.91288
445.2854
371.61925
899.25413
751.4501
558.51095
416.65063
348.91729
855.88417
713.8653
530.60332
396.734
333.11663
78.231196
61.985111
44.07649
31.349693
24.839129
77.395958
61.324744
43.608635
31.018484
24.57775
76.113958
60.314142
42.894597
30.513402
24.179106
74.731101
59.226422
42.12935
29.974697
23.755085
73.739338
58.445407
41.57989
29.588716
23.452101
73.221637
58.037103
41.292063
29.386139
23.292861
72.195062
57.226855
40.719228
28.98137
22.973788
70.691286
56.04214
39.883121
28.390919
22.508513
69.158209
54.833741
39.031435
27.791245
22.036987
68.099963
53.998394
38.441783
27.376033
21.710835
259.35774
205.56342
146.23949
104.05718
82.466086
255.58117
202.59405
144.15033
102.58395
81.304156
250.08981
198.25822
141.08847
100.42451
79.603519
244.55863
193.88773
137.99149
98.231724
77.873657
240.737
190.87356
135.85987
96.72257
76.681919
6.2131909
4.9299171
3.5195666
2.5235939
2.0188208
6.1532649
4.8830596
3.4868869
2.5009561
2.0014667
6.0588332
4.8093986
3.4359416
2.4660695
1.9749247
5.9568564
4.7296814
3.3811528
2.429336
1.9474165
5.8842787
4.6728361
3.3416902
2.4028222
1.9281981
20.670997
16.386726
11.663798
8.3084439
6.5932356
20.390844
16.166375
11.508834
8.1994279
6.5075961
19.980328
15.843443
11.282062
8.0405633
6.383272
19.563225
15.516154
11.053928
7.8831532
6.2620482
19.273637
15.288995
10.895866
7.7751747
6.1805902
633.83314
898.54017
1057.8567
1010.9347
905.97416
627.35418
870.08316
1012.5616
961.27243
858.84652
614.0593
827.90423
945.22981
888.3322
789.68496
594.4566
782.05888
877.29718
816.5299
722.39283
576.73704
748.10476
830.35988
768.20571
677.32135
564.70763
730.4776
805.84886
743.63903
655.1595
543.13375
693.60954
758.43863
695.71623
611.3422
507.64121
638.40017
688.98053
627.26653
549.17249
468.77357
581.4163
620.27317
561.27624
490.05692
440.81086
541.88367
574.55884
517.94678
451.2134
-368.65275
-624.36763
-518.61789
129.50373
438.4541
-376.58346
-607.6593
-482.31743
130.76018
426.42146
-381.37516
-579.13758
-434.75248
129.86106
402.42609
-390.26602
-549.80061
-388.5207
126.55469
377.40985
-391.41086
-528.05739
-355.34996
120.99355
357.10932
299.79188
262.95527
234.30793
232.99451
247.54986
286.08407
252.06545
226.56156
227.49397
243.20402
266.48363
236.59973
215.59143
219.69853
237.0293
247.18802
221.41407
204.88249
212.13483
231.05348
234.34322
211.25217
197.70317
207.06729
227.05705
227.95771
206.19236
194.09555
204.50926
225.0424
215.76036
196.51213
187.19903
199.58965
221.14008
198.61683
182.95257
177.56885
192.73205
215.69439
182.42827
170.14324
168.46813
186.25967
210.55795
171.96509
161.84749
162.5603
182.04741
207.20993
598.81587
497.06714
372.2658
284.41256
243.97205
558.43903
463.30904
347.84545
267.07751
230.18634
501.17902
415.87579
313.50841
242.70147
210.83894
446.83613
371.04756
281.12486
219.68771
192.56615
411.36782
342.00139
260.20838
204.7981
180.75254
67.561784
53.573102
38.140675
27.163223
21.543294
66.515919
52.748194
37.55706
26.749755
21.216651
64.998885
51.552606
36.713481
26.154241
20.747303
63.51426
50.379383
35.883946
25.568812
20.286406
62.528957
49.599444
35.330654
25.177235
19.977973
62.038132
49.211339
35.055973
24.983991
19.827125
61.08881
48.46207
34.525251
24.607208
19.528796
59.733182
47.391889
33.768432
24.071747
19.106154
58.439459
46.366201
33.039881
23.555619
18.698894
57.596324
45.696871
32.563181
23.216204
18.42976
218.81946
173.57089
123.61997
88.060396
69.842041
215.36105
170.8381
121.68962
86.69799
68.767532
210.52272
167.00174
118.96097
84.760545
67.236365
205.95762
163.38373
116.38471
82.924992
65.780285
202.98026
161.02783
114.71038
81.73173
64.832846
17.608919
13.982502
9.9869246
7.1546022
5.713159
17.346237
13.775185
9.8414264
7.0539775
5.6361139
16.973189
13.48136
9.6351049
6.910574
5.5257424
16.612613
13.19714
9.435299
6.7717347
5.4189525
16.372774
13.007516
9.3024948
6.6802133
5.3489899
425.73956
521.70504
551.447
496.38672
432.13676
395.44329
481.79223
507.03609
455.27542
396.1118
350.35389
424.06252
444.62877
397.97654
345.87068
305.10509
367.85125
385.66154
344.83295
299.5542
274.32778
330.95338
347.59218
311.00405
270.31444
259.32972
312.8088
329.05359
294.51326
256.0724
230.64827
278.62768
294.32676
263.78811
229.53953
190.51608
231.59197
246.991
222.33879
193.98096
152.52291
188.06964
204.09184
185.15317
162.16879
127.85033
160.36701
177.41816
162.15316
142.41292
-384.85116
-387.41545
-203.99948
69.844904
215.48562
-377.39553
-364.77119
-184.76484
60.270306
191.60759
-360.58431
-333.90135
-163.36054
45.994515
158.48726
-341.05772
-305.71397
-147.21654
30.665967
126.11513
-325.42908
-287.30583
-137.19821
19.615301
104.54743
166.79973
157.75362
159.64127
179.96152
205.54924
157.02008
149.99709
154.11439
176.00715
202.39456
143.56361
139.31031
146.47829
170.52427
198.00551
131.16141
129.44752
139.40183
165.41852
193.89608
123.29817
123.18683
134.89715
162.14552
191.23443
119.48303
120.14793
132.69229
160.52132
189.91756
112.37942
114.45469
128.5528
157.48827
187.43337
102.7465
106.72582
122.91042
153.27482
183.90913
94.01837
99.685264
117.6543
149.24235
180.49656
88.562516
95.148179
114.23087
146.66648
178.24823
234.11836
197.34813
155.93746
130.45892
121.64225
210.1775
177.9429
141.95909
120.46836
113.67117
178.09377
151.85793
123.12281
106.9566
102.86478
149.42417
128.60126
106.27634
94.800319
93.104453
131.67654
114.22144
95.880915
87.321657
87.050844
57.179317
45.366136
32.32612
23.045818
18.294562
56.382729
44.733183
31.874311
22.723864
18.039224
55.261033
43.841698
31.238664
22.270174
17.678293
54.197555
42.994916
30.629375
21.831464
17.329336
53.499008
42.431787
30.223135
21.543804
17.102073
53.141573
42.15057
30.027348
21.400184
16.981786
52.475194
41.618364
29.635708
21.11147
16.75114
51.509776
40.833039
29.060874
20.697684
16.420835
50.520253
40.043354
28.492316
20.273577
16.067337
49.868127
39.510881
28.06462
19.943341
15.809443
187.55019
148.76022
105.93411
75.446881
59.82709
185.31362
146.96022
104.6273
74.50425
59.075802
182.11958
144.396
102.77398
73.164392
57.997518
179.0275
141.91076
100.95091
71.814151
56.895569
176.92411
140.17829
99.647656
70.862898
56.151656
15.084924
11.982294
8.57312
6.1666849
4.9482295
14.882088
11.822424
8.4574267
6.0800165
4.8766223
14.587164
11.58199
8.2774776
5.9471435
4.7703586
14.266978
11.321083
8.0907383
5.8145159
4.6629905
14.042634
11.150554
7.9662245
5.7123474
4.5718737
116.21349
146.97908
164.32451
151.08589
133.16355
94.03541
122.38125
140.19659
130.5681
115.74837
64.390691
89.855951
108.89681
103.7185
92.949056
38.697107
60.8136
81.055986
80.503195
73.456055
22.566212
43.274138
64.780313
66.253676
61.107197
14.502116
33.991077
56.651775
60.505718
57.952697
6.0268942
21.313623
41.785406
45.574771
41.177225
-13.048169
3.0482371
25.44586
32.610743
33.757102
-12.970987
-2.5138663
9.8204104
14.05801
12.536807
-12.126472
-0.18575166
10.834833
20.536174
28.088875
-227.13998
-193.4678
-102.54628
-29.518134
6.5747312
-206.58454
-178.84262
-96.754535
-36.966976
-2.3945676
-174.98331
-154.22188
-85.225999
-36.145001
-16.749429
-131.40836
-110.69834
-70.722069
-39.979524
-20.347855
-74.976776
-48.953206
-19.400367
-5.6878606
-12.405681
85.863161
93.040208
112.6856
145.31542
176.98588
80.978937
89.031676
109.47052
142.62671
174.59205
74.330853
83.258565
104.79324
138.77216
170.95138
67.790878
77.953405
100.42302
134.48507
166.64971
64.006707
74.267681
96.814957
131.23645
163.28272
61.923098
71.450083
93.993641
128.96333
161.04996
56.876129
68.509707
91.758743
125.2564
157.19382
47.69323
57.922884
80.738753
114.97169
145.3532
37.238217
47.199462
67.690169
98.432259
129.357
20.748851
25.723858
42.696855
70.61157
91.973877
55.806876
51.536716
50.083065
53.319605
58.343915
39.435412
38.847329
39.936969
45.334942
52.132273
34.077774
33.11313
33.716178
38.038954
43.923672
11.357855
11.745332
17.060151
25.837005
32.67599
25.220158
19.677004
18.899466
23.579231
22.76255
49.490426
39.167669
27.826301
19.803316
15.705801
48.717285
38.57182
27.409119
19.473451
15.409109
47.552326
37.606357
26.628255
18.846073
14.890322
45.999395
36.244406
25.601933
18.119291
14.30473
44.539628
35.180243
24.880074
17.48505
13.661593
43.940581
34.642376
24.256242
16.821307
13.047301
42.174448
32.744481
22.460287
15.373138
11.890205
35.438617
27.174925
18.557329
12.820609
10.01791
29.779991
23.243847
16.279364
11.444032
8.99334
23.041837
18.14747
12.750489
8.953195
7.0317289
160.33912
126.33381
88.818406
62.700442
49.567746
157.10646
123.54968
87.030933
61.20928
47.889679
144.68116
113.12718
78.030709
53.129768
40.627582
129.9015
98.305006
65.158907
43.793507
33.849825
90.415871
68.597404
47.105032
33.331669
26.203474
11.453382
8.883543
6.1536133
4.312313
3.4155166
10.438937
8.1186947
5.6662569
4.004145
3.1852715
8.8443073
6.9527612
4.9139621
3.4987642
2.7900432
7.9557213
6.2543191
4.4024247
3.1152155
2.4743853
6.2110749
4.8892469
3.4573113
2.4623909
1.9655616
