FiniteElementSpace
FiniteElementCollection: L2_2D_P4
VDim: 2
Ordering: 0

-0.26505506
-0.064985524
0.24612995
-0.23336092
-1.0647132
-0.25864939
-0.17114353
0.1672323
-0.30522572
-1.156276
-0.19783671
-0.087033172
0.18322147
-0.19354297
-1.2006078
-0.13950082
-0.021595643
0.1840575
-0.13983055
-1.1181126
-0.24431832
0.15594262
0.20776339
-0.082705662
-0.89453641
0.24308313
1.1995789
1.778552
-0.40994293
-5.6466886
0.34949962
1.2458488
1.6388488
-0.63433527
-6.4902039
0.45511537
1.2350636
1.5670199
-0.86874428
-7.0798939
0.41477363
1.232835
1.5717596
-1.146054
-7.6170366
0.35470056
1.2632691
1.595684
-1.2538135
-7.8096653
-58.061242
-55.606908
-52.22658
-48.911437
-46.555592
-58.324162
-55.790733
-52.258459
-48.658171
-46.078657
-58.631346
-56.096033
-52.406208
-48.577025
-45.825984
-58.819675
-56.219774
-52.404918
-48.475776
-45.635168
-58.419917
-55.923774
-52.254959
-48.285303
-45.339947
-0.33481476
-0.020105091
0.28645223
-0.19502409
-0.59326676
-0.18780757
-0.039285561
0.20111182
-0.13735707
-0.85531369
-0.16537307
-0.10549449
0.15674099
-0.10098942
-0.99400585
-0.26841152
-0.14805954
0.21574792
-0.26568748
-0.85174905
-0.32721845
-0.075274531
0.21820678
-0.25931235
-0.66542736
0.32859243
1.442677
1.6855761
-2.1193291
-8.7801966
0.57516338
1.316469
1.6756769
-2.1349155
-8.8711591
0.75445612
1.1929695
1.684753
-1.7790876
-8.4466061
0.65412181
1.2277335
1.6696395
-1.499931
-8.0999453
0.54494615
1.2904633
1.6820638
-1.2770847
-7.6293196
-43.407211
-40.319988
-36.303569
-32.547867
-29.952854
-39.739722
-36.796826
-32.746525
-28.999321
-26.45955
-35.111868
-32.402136
-28.357028
-24.468709
-21.861487
-31.534028
-28.792143
-24.692798
-20.524643
-17.70281
-30.524188
-27.691237
-23.612258
-19.465961
-16.573423
-0.24522957
0.037725042
0.20732209
-0.23537939
-1.0781576
-0.10873444
0.041580166
0.15021205
-0.30016886
-1.3890571
-0.16731292
-0.085943839
0.16629511
-0.30183911
-1.3131546
-0.25673739
-0.058554504
0.15339076
-0.42149073
-1.2660761
-0.18304598
-0.019761711
0.15932652
-0.47613939
-1.5555931
0.11700924
1.2592223
2.1864911
-0.15208945
-5.1408201
0.075035969
1.1550733
2.2548561
-0.05485568
-4.9004269
0.089706614
1.1667436
2.2407648
0.037519323
-4.4446687
0.13616178
1.202056
2.2113756
0.17759638
-3.8486051
0.19681848
1.1238825
2.2509672
0.47506596
-2.980286
-32.06741
-29.029127
-24.8577
-20.779767
-17.950559
-32.437519
-29.472603
-25.3945
-21.475222
-18.756955
-32.651873
-29.647224
-25.637166
-21.787898
-19.185485
-32.483138
-29.203411
-25.116512
-21.502811
-19.112506
-32.269133
-29.448388
-25.675116
-22.067794
-19.558122
-2.7241002
-0.59420686
2.2473032
4.7511876
6.2591445
-4.1441641
-2.0034922
0.93377821
3.6032996
5.2548299
-5.5565349
-3.5261937
-0.69253892
1.9666347
3.6718407
-6.270389
-4.3654429
-1.7154052
0.77937042
2.3998533
-6.792303
-4.9123281
-2.3204982
0.083534551
1.6305969
-0.11862986
0.009478873
0.11838767
-0.63920746
-1.2081596
-0.14637733
0.093609302
0.052778944
-0.48394774
-0.97073593
-0.041147463
-0.0074753681
0.1318242
-0.45101185
-1.417891
-0.063359702
-0.02200506
0.1445662
-0.26712653
-1.0136242
-0.23120465
0.13532012
-0.031731271
-0.45026563
-0.83894683
0.48815013
1.1503934
2.315051
1.9429073
-0.44270967
0.53554778
1.137817
2.3722271
2.0531201
-0.13134077
0.53386057
1.196387
2.371471
2.1819691
0.098042296
0.55355925
1.2122998
2.2313537
2.3126426
0.59429257
0.69461167
1.1596279
2.0801005
2.2977966
0.97377558
-24.85295
-21.939283
-18.418157
-15.294451
-13.312244
-22.931513
-19.484225
-15.582008
-12.513797
-10.654319
-20.381061
-16.908359
-12.950656
-9.8471495
-7.9507301
-19.588288
-16.689251
-13.046912
-9.7332952
-7.5822674
-20.265805
-17.66412
-14.306925
-10.862876
-8.492096
-6.6826157
-5.6684287
-4.0562598
-2.2367447
-0.9268803
-5.3205286
-4.8972904
-3.9787345
-2.7070979
-1.6593171
-1.5923037
-1.5016498
-1.6754119
-1.8550494
-1.663382
1.8074082
2.2788578
1.9654576
0.9322182
0.27770436
2.6940155
3.6503261
4.1687124
3.6592748
2.8265343
-0.13367488
0.066832517
0.009548339
-0.34615897
-0.50507856
0.005654158
0.064188477
0.033637384
-0.6603771
-0.76239773
-0.012643496
0.30399146
-0.34220153
-1.3900526
-0.60961748
0.014151624
-0.054508186
-0.32143687
-0.25555926
0.88053914
0.045042272
-0.29782086
-0.097395367
0.51091455
1.2687296
-0.023546422
1.1390639
1.7085482
1.8166458
1.4036032
-0.11075449
1.0642749
1.6050155
1.6681372
1.3938685
-0.20219464
1.0485674
1.5532996
1.3823241
1.1590249
-0.30473498
0.98849592
1.5886993
1.219549
0.77515831
-0.41328058
0.79506873
1.543083
1.2342297
0.53440999
-29.154145
-26.983822
-24.186736
-21.141626
-18.998369
-30.042926
-27.936196
-24.659964
-21.512334
-19.794564
-30.915158
-27.944815
-24.053064
-21.69589
-20.594847
-30.826179
-26.758247
-23.580729
-21.935685
-20.881602
-30.428463
-26.528891
-23.807858
-22.197363
-21.157967
-6.0832017
-3.1596687
1.4181931
5.7783756
8.2476097
-8.4592129
-5.6678601
-1.0914847
3.7338725
6.8070261
-11.233816
-8.8800679
-4.8223322
-0.056150687
3.4694123
-13.391823
-11.498873
-8.0438939
-3.7008342
-0.29081509
-14.471969
-12.852977
-9.8280283
-5.848164
-2.6527899
-1.3773974
1.7753351
-0.31184828
-0.26945653
1.0170481
-0.032876834
0.66035342
-0.10355214
-0.0032459468
-0.059305813
0.15812225
0.17093846
0.023551381
-0.037921259
-0.30234276
0.10340295
0.028928598
0.082756303
0.40065918
-0.16423417
0.14029897
-0.10372674
0.11387279
0.50930143
-0.30840547
-0.8899996
0.017356948
0.96077292
1.5030588
1.4857075
-1.120078
-0.19550411
0.79184527
1.4337482
1.7644135
-1.3280468
-0.61915585
0.34071343
1.0839879
1.5775727
-1.4691007
-0.87501038
0.02236543
0.56433519
0.82317483
-1.8895488
-1.0241081
0.20317748
0.96858638
1.6636075
-27.131715
-25.73016
-23.735375
-22.973971
-21.484826
-22.87816
-19.947438
-19.035912
-19.071981
-18.636527
-20.621031
-18.111326
-16.213612
-15.531784
-15.536063
-18.720479
-16.921831
-13.819727
-12.666811
-12.083414
-15.056188
-12.15899
-11.254682
-9.5579924
-8.418907
-9.7635286
-8.866958
-8.2340019
-7.7976864
-7.2535213
-8.2244104
-6.7666351
-5.4144122
-4.855155
-4.6754706
-7.0428498
-4.8410655
-2.5131883
-1.2357736
-0.79393009
-6.1335258
-3.7594738
-1.3053631
0.75006596
1.8771398
-4.2687893
-3.3219155
-1.0280617
1.6183142
3.0931221
-0.022898243
-1.992805
-2.2004702
0.10273086
0.18009311
-0.097154517
-1.9235965
-2.0942703
0.22117637
0.063320177
-0.049491502
-1.8608244
-2.0120906
0.32501584
0.044157018
-0.24568846
-1.8179681
-2.0066742
0.31679696
0.13449386
-0.27237706
-1.8340091
-1.9191386
0.38925403
0.15405985
-0.19099925
-0.015794325
0.16287337
-0.47433894
-1.5549999
-0.24303323
-0.080913651
0.15517693
-0.42677233
-1.2751862
-0.16983948
-0.076317764
0.16811469
-0.29951287
-1.3361327
-0.10970277
0.018431949
0.14668647
-0.31007498
-1.4111618
-0.2425993
0.10615026
0.22374772
-0.22281495
-1.1744236
-0.21670699
-1.8512629
-1.8817081
0.48872015
0.11185533
-0.28818476
-1.8236712
-1.8931944
0.46733379
0.071283394
-0.29417262
-1.7660543
-1.8539399
0.40971478
0.11347264
-0.36481784
-1.6374709
-1.9180069
0.37086067
0.1695448
-0.50017208
-1.5023906
-1.9120772
0.37081567
0.2283276
-0.60371564
-1.5342365
-1.8458547
0.34404311
0.24209038
-0.4969777
-1.6250327
-1.7757097
0.22256484
0.27163671
-0.42916402
-1.6328376
-1.7157053
0.12597693
0.34885963
-0.5035851
-1.5901572
-1.7845004
0.22061897
0.35032174
-0.61059746
-1.4775773
-1.8834112
0.39446901
0.3025915
-0.32084241
-0.048317986
0.26961848
-0.22462988
-0.81933431
-0.24972649
-0.1942326
0.2021403
-0.23627341
-0.9194024
-0.16422471
-0.086483739
0.15710567
-0.08846477
-0.99169299
-0.19389415
-0.067982167
0.20170467
-0.12717406
-0.8773118
-0.29911722
-0.023215535
0.24537537
-0.16592465
-0.68455596
-10.321047
-17.850505
-30.303189
-45.463579
-56.273415
-11.665867
-19.324715
-31.826185
-46.500728
-56.706683
-12.591516
-20.279642
-32.353812
-46.820703
-57.163986
-13.031712
-20.298348
-31.624845
-46.294798
-57.450287
-12.843035
-19.655859
-30.596685
-45.054792
-56.748716
-12.93652
-19.702882
-30.596022
-44.749095
-55.664786
-13.385635
-20.059688
-30.928117
-44.537564
-54.104552
-13.231349
-19.791558
-29.992443
-42.069149
-50.979961
-13.151814
-19.623598
-28.493997
-38.457101
-46.926245
-12.866913
-19.182636
-27.015209
-35.692969
-43.931216
0.38527881
1.2255728
1.640693
-1.2993267
-7.9667962
0.52639715
1.1824388
1.7308615
-1.5366509
-8.5279912
0.62065663
1.1767883
1.8014857
-1.9459756
-8.954466
0.48871278
1.3069876
1.7807006
-2.1883771
-9.12538
0.31968184
1.4318102
1.7177803
-2.091431
-8.7974161
-57.267502
-54.823797
-51.017033
-46.96969
-43.993233
-55.27574
-52.725968
-48.838104
-44.710354
-41.73791
-52.275088
-49.669282
-45.738192
-41.693099
-38.873269
-48.368641
-45.634152
-41.557355
-37.577336
-34.814209
-45.295807
-42.255756
-38.223134
-34.387187
-31.713778
-0.64136444
-1.4858769
-1.877152
0.41753336
0.29750365
-0.47631331
-1.6235851
-1.8043149
0.29058569
0.3796582
-0.38274983
-1.6837046
-1.7570198
0.22304789
0.46396859
-0.51331971
-1.6434503
-1.810164
0.28808684
0.4443064
-0.65466184
-1.548083
-1.8641836
0.31925944
0.40491911
-0.59705389
-1.5127949
-1.9102087
0.28907778
0.38294721
-0.43302601
-1.6526736
-1.8419571
0.19270834
0.2212415
-0.33058369
-1.7789882
-1.7297946
0.080237386
0.028471224
-0.39008464
-1.7705018
-1.8401453
0.13601158
-0.10347211
-0.27323199
-1.8196972
-1.8972679
0.26616715
-0.062292398
-0.25631987
0.085087988
0.20177136
-0.085485824
-0.79870415
-0.12685121
0.04408954
0.18746051
-0.12236764
-1.1024641
-0.19821668
-0.11021901
0.17432375
-0.21765242
-1.0740355
-0.26705636
-0.13211006
0.17844361
-0.31890268
-1.1290768
-0.2577556
-0.071871675
0.22593801
-0.23283866
-1.0670919
-12.818105
-19.056568
-26.420319
-34.324007
-42.121894
-12.876306
-19.025006
-25.596733
-31.809723
-38.428734
-12.54486
-18.449585
-24.346444
-28.938995
-34.017429
-12.381783
-18.054995
-23.46978
-27.049935
-30.914446
-11.914441
-17.577248
-22.882709
-26.048536
-29.866849
-11.758808
-17.407436
-22.743329
-25.971346
-29.911958
-11.748317
-17.472023
-22.711676
-25.90257
-29.352341
-11.296281
-17.162589
-22.718511
-25.860356
-29.039218
-10.496888
-16.570812
-22.840276
-26.578555
-30.07195
-9.3362262
-15.543774
-22.568356
-27.367165
-31.213483
0.53173426
1.310589
1.706578
-1.2193826
-7.5347775
0.55123577
1.3235652
1.7918597
-1.1904564
-7.4893794
0.55312793
1.370688
1.9220298
-0.93139341
-7.0189048
0.32948367
1.3822148
2.0326356
-0.65727841
-6.3898897
0.12344091
1.3324612
2.127044
-0.32098456
-5.4845812
-28.648281
-26.174747
-22.691128
-19.361191
-17.10952
-25.223491
-22.898034
-19.617859
-16.486619
-14.40201
-20.596605
-18.252477
-15.085273
-12.259259
-10.440476
-16.32864
-13.825949
-10.570383
-7.8299888
-6.1440337
-15.147338
-12.542139
-9.054904
-5.9651524
-4.0577437
-15.35467
-12.669196
-9.0082815
-5.6921791
-3.6441534
-14.231071
-11.532448
-7.8915118
-4.6408774
-2.6036314
-13.786387
-11.066268
-7.3346492
-3.9388213
-1.8039093
-14.905325
-12.149271
-8.2908564
-4.6765868
-2.3594966
-16.026437
-13.26601
-9.3889475
-5.7471613
-3.3738757
-30.556909
-27.763577
-23.781123
-19.71374
-16.807425
-29.757715
-26.8692
-22.709207
-18.564034
-15.680381
-29.446216
-26.503523
-22.339164
-18.160047
-15.244195
-30.554891
-27.582229
-23.420402
-19.270586
-16.365531
-31.657306
-28.722138
-24.532053
-20.364347
-17.477921
-0.27390813
-1.8299401
-1.9283123
0.202396
0.032315158
-0.26346654
-1.8142624
-2.0211678
0.13905734
0.10416799
-0.098368209
-1.8700844
-2.0455954
0.17979992
0.11432255
-0.14977559
-1.9065265
-2.1109357
0.12476018
0.17448393
-0.025691538
-1.9362349
-2.2059189
0.02750306
0.30701643
0.043649843
-1.9721156
-2.2215585
-0.098547221
0.34738663
-0.14113215
-1.9906158
-2.2597222
-0.27732215
0.29756214
-0.086989184
-2.0445146
-2.3548245
-0.49760275
0.20066755
-0.15315656
-2.1131706
-2.3564781
-0.81116691
0.044240137
-0.30795242
-2.184529
-2.3568703
-1.1003734
-0.084436192
-0.19508215
0.0057531
0.16363398
-0.39687295
-1.3341823
-0.12782045
0.028852639
0.13326209
-0.4368788
-1.3353795
-0.11684639
-0.023405165
0.12389278
-0.52108623
-1.4593304
-0.20118688
-0.0018123553
0.12696641
-0.50544371
-1.230253
-0.090948261
-0.046912082
0.17646091
-0.66248359
-1.4908712
-8.8288829
-15.067763
-22.515028
-27.760484
-31.717921
-8.4181696
-14.776363
-22.607498
-28.365961
-32.195535
-7.9671805
-14.37621
-22.131924
-28.364043
-32.320039
-7.3446899
-13.576685
-21.016191
-27.747094
-32.189783
-6.1378619
-12.215834
-19.685247
-26.818157
-31.697281
-5.5813724
-11.660096
-18.906077
-26.270877
-31.62544
-5.2511474
-11.124519
-18.226868
-25.553406
-30.672858
-4.6639988
-10.304584
-17.447681
-23.746499
-28.18978
-3.9348357
-9.3763115
-16.207505
-21.222399
-25.500712
-3.0739095
-8.3375326
-14.867578
-19.311907
-23.882034
0.28596472
1.0217024
2.2793127
0.71071249
-2.48577
0.29699397
0.99721215
2.2977069
1.0064805
-2.09336
0.3481713
1.0614346
2.3323537
1.2968098
-1.7396189
0.46501865
1.1146482
2.3444275
1.5967638
-1.3194626
0.48550396
1.1470931
2.323429
1.8395329
-0.81202762
-16.538222
-13.834486
-9.9707602
-6.2812704
-3.8849026
-17.373167
-14.762757
-11.085259
-7.5885397
-5.2844668
-17.908102
-15.468891
-12.0459
-8.7917953
-6.6329633
-17.905269
-15.628739
-12.409092
-9.3165006
-7.277393
-18.297598
-16.00274
-12.788084
-9.7559043
-7.7779012
-18.386498
-16.046085
-12.799791
-9.7934804
-7.8580275
-17.932628
-15.731288
-12.63237
-9.678841
-7.7207047
-16.695283
-14.780399
-12.051302
-9.3779708
-7.5639342
-15.19144
-13.485206
-11.205459
-9.0632645
-7.6330173
-13.540028
-12.051627
-10.216684
-8.5897453
-7.4626075
-32.174847
-29.527233
-25.897475
-22.15156
-19.582266
-30.948894
-28.11132
-24.718343
-21.421688
-19.095921
-28.886435
-25.921373
-22.664384
-19.733804
-17.702007
-26.858456
-24.300624
-21.183909
-18.075167
-16.08886
-25.671848
-23.117696
-19.662
-16.389554
-14.420706
6.9552406
8.1642918
9.5721075
10.546211
10.964543
6.0309341
7.4069223
9.0712902
10.312201
10.919294
4.4941387
5.9973549
7.9160125
9.4536573
10.266411
3.1962985
4.6878418
6.6942499
8.445424
9.4552886
2.3898131
3.819721
5.783884
7.594951
8.7272581
-6.8929389
-5.0721919
-2.5954157
-0.29498683
1.2099066
-6.7521019
-4.9675291
-2.5588152
-0.38070402
0.98022263
-6.6604331
-4.9387439
-2.5313278
-0.33148812
1.0494586
-6.9091097
-5.4069068
-3.1428489
-0.93404887
0.54888941
-6.8558544
-5.6534175
-3.8041611
-1.8241347
-0.39321296
-0.17471933
-2.2414573
-2.3792394
-1.3118535
-0.1473043
-0.26817529
-1.9936561
-2.4329458
-1.6876864
-0.33110554
-0.42814394
-1.6382562
-2.6267758
-1.9388107
-0.35286924
-0.19062906
-1.6496898
-2.7962098
-2.2078622
-0.23456985
-0.2055451
-1.7708745
-2.837938
-2.4714709
-0.19821035
-0.39305198
-1.6035987
-2.8692072
-2.638375
-0.30647596
-0.24018289
-1.3871663
-2.9062405
-2.8490507
-0.5091823
-0.090100833
-1.2092506
-3.0239759
-2.9595891
-0.57616306
-0.1499665
-0.88286749
-3.2021565
-2.8514994
-0.61031714
0.026055935
-0.86091649
-3.329367
-2.613143
-0.65763454
-0.032030249
0.02991703
0.063784494
-0.67903197
-1.4992144
-0.011223816
0.040022394
0.1198692
-0.54791528
-1.2098826
-0.14717931
0.14748431
-0.031856145
-0.39554777
-0.56810546
0.034498236
-0.037334853
0.08413191
-0.29672529
-0.99044081
-0.041736244
0.094607074
0.0039606207
-0.5516944
-1.0836593
-2.498174
-7.7716866
-14.355358
-18.548473
-23.032629
-1.8384229
-7.2519061
-13.908514
-17.305839
-21.089069
-1.3610509
-6.639837
-13.294051
-16.030184
-18.836251
-0.82465272
-5.8824883
-12.596175
-15.596805
-18.092484
-0.2703353
-5.2319141
-11.964882
-15.536189
-18.5024
0.019171869
-4.8607511
-11.717366
-15.617644
-18.813023
0.34816136
-4.4095529
-11.275179
-15.907908
-20.03707
0.47713082
-4.0471394
-10.734201
-16.552833
-22.208116
0.52425249
-3.6747636
-10.339641
-17.297129
-24.182604
0.61186545
-3.313361
-9.9260371
-17.606107
-25.552515
0.80255899
1.1489866
1.9514666
2.2712004
1.1144691
0.73309321
1.2608178
1.8187953
2.1407295
1.3649407
0.65485619
1.3473199
1.866704
1.920693
1.3357976
0.45010148
1.29741
1.8827116
1.849858
1.2754261
0.10811724
1.2202615
1.7663064
1.8435225
1.3728094
-12.45013
-11.117901
-9.5778873
-8.1910532
-7.2018611
-9.8350972
-8.5479445
-7.04856
-5.9238986
-5.4612168
-7.0557116
-5.4543446
-3.4625123
-2.1038111
-1.6778207
-6.5525268
-4.5813958
-1.933116
0.25630998
1.3721682
-7.3506716
-5.244587
-2.3549849
0.37763502
2.0186836
-7.8531287
-5.5594769
-2.5047904
0.21113292
1.8492877
-9.8952857
-7.5109655
-4.0301205
-0.65070691
1.4621506
-13.415937
-11.024803
-7.2395263
-3.3049869
-0.64455857
-16.401779
-14.059492
-10.467328
-6.6767569
-3.9112322
-17.582989
-15.606283
-12.526734
-8.9822022
-6.2933226
-20.895933
-18.559984
-15.084172
-11.424992
-9.0600715
-22.539932
-20.095753
-16.572982
-13.300815
-11.092203
-24.792865
-22.442109
-19.477337
-16.653342
-14.554464
-27.094869
-25.12004
-22.395093
-19.560254
-17.508556
-28.668106
-26.565036
-23.647127
-20.730008
-18.640017
2.5956337
3.8586077
4.9666968
4.9546138
4.3131674
2.4381733
4.1392518
5.9546623
6.7512048
6.632011
0.67592268
3.0811616
5.9933685
7.9871658
8.7159801
-2.4223586
0.5260857
4.5124338
7.6830743
9.2407569
-4.8563677
-1.8289635
2.6539531
6.6012904
8.7378502
0.15584187
-1.099879
-3.3529711
-2.5148696
-0.67861382
0.23903901
-1.1146995
-3.3352018
-2.4046883
-0.68105097
0.52797204
-1.1242976
-3.3060707
-2.269388
-0.73305633
0.63946394
-1.5239423
-3.2750088
-2.118353
-0.86643928
0.53025026
-1.8231459
-3.2152369
-2.010813
-1.0179525
0.43893352
-1.6626992
-3.1211583
-2.0124181
-1.0780529
0.07519227
-1.883289
-3.1039513
-1.977508
-1.075431
-0.84934579
-2.4345309
-3.062215
-2.0438657
-1.1161916
-1.6305892
-2.2286241
-2.758788
-2.3275081
-1.2166916
-0.91897832
-1.9334528
-2.6915609
-2.4401697
-1.2883401
0.13505354
0.26190553
-0.021620961
-0.12503554
0.66397768
0.0093584181
0.15014466
-0.271969
0.065406619
0.99414673
0.15872449
-0.70897261
-0.10839753
0.9989787
0.43013293
0.52362868
-0.44379513
0.7804763
0.48516761
-1.4487811
-0.18794025
1.2942298
0.63634464
-0.47351525
0.087871481
0.72177047
-3.0952072
-9.6682895
-17.607854
-26.113973
0.91174687
-2.6867052
-9.2841148
-17.621505
-26.650834
0.9356014
-2.1389668
-8.6330035
-17.466317
-27.214818
0.70248462
-1.6344499
-7.8152936
-16.841923
-27.088078
0.54921846
-1.2037776
-7.1646836
-16.126995
-26.670346
0.45683485
-1.0912349
-6.8084906
-15.693214
-26.008074
0.40264663
-1.1916405
-6.34663
-14.750799
-25.485546
0.84187118
-0.95024743
-5.7708827
-13.595152
-23.016289
1.4466362
-0.66424603
-5.5166194
-13.432481
-23.49635
1.2249305
-0.38029888
-5.5653985
-15.749239
-26.48317
-0.47418912
0.66192929
1.4484712
1.3047212
0.50417823
-0.57174914
0.45767079
1.3409999
1.4723842
0.72139526
-0.52945759
0.26949053
1.1807472
1.515903
1.1048373
-0.59837358
0.15231821
1.0678754
1.4762567
1.4590525
-0.77611961
0.076407858
1.0175013
1.4961544
1.5767438
-18.077055
-16.383376
-13.565706
-10.173818
-7.5068715
-19.108857
-17.592774
-15.056976
-12.094976
-9.7666438
-19.957222
-18.640675
-16.495379
-14.131544
-12.302292
-20.311447
-19.250489
-17.591818
-15.722689
-14.241981
-20.720955
-19.811049
-18.282388
-16.535365
-15.201229
-21.025089
-20.154376
-18.548375
-16.799876
-15.516351
-21.733338
-20.673119
-19.046714
-17.423932
-16.211234
-22.097613
-20.556782
-18.590368
-17.054867
-16.055813
-22.110229
-19.790914
-16.934508
-14.807065
-13.74061
-21.38832
-18.927196
-15.662518
-12.825386
-11.373029
-30.068062
-26.68478
-23.876654
-22.464317
-21.435366
-30.012415
-26.387474
-24.172773
-22.984462
-22.072512
-28.703244
-26.367384
-25.095212
-24.016091
-22.762148
-29.42747
-28.472335
-27.140234
-25.285451
-23.28745
-28.989674
-28.253361
-26.947352
-24.910876
-22.742828
-14.801263
-13.290065
-10.613306
-7.0853948
-3.9723182
-15.512347
-14.057918
-11.681638
-8.726916
-6.1135085
-15.47365
-14.349548
-12.495162
-10.133689
-8.1405269
-13.305383
-12.642876
-11.592942
-9.97804
-8.508477
-10.884526
-10.148236
-9.4934125
-8.7115195
-7.8326153
-0.35449135
-1.847173
-2.8291431
-2.3209702
-1.4005183
-0.58566885
-1.568107
-2.5835904
-2.3313971
-1.5692126
-0.75500942
-1.401042
-2.0342378
-2.2115499
-1.731523
-0.67136146
-0.97655166
-1.4499605
-1.8755752
-1.7104555
-0.35981612
-0.50804115
-1.122651
-1.5124976
-1.8935711
-0.25109742
-0.33980916
-1.1044125
-1.5722796
-1.8587624
0.067642957
0.10461389
-0.88769488
-1.83677
-1.9329445
-0.25603005
-0.15065243
-0.37404323
-0.44056109
-0.1502679
-0.62949825
-0.67696863
-0.45929764
-0.066965301
0.74177413
0.32155873
0.28744354
0.38540467
0.94451956
0.95548692
-0.043549862
0.12241009
-0.0069837019
0.10274701
-0.39544816
0.026016054
0.43069862
0.087671878
0.20169776
-0.24482431
0.11394104
0.0095892115
0.17419295
0.47334708
-0.15618235
-0.099182162
-0.090974661
0.11816345
0.040220924
-0.34364624
-0.015728362
0.17843014
0.24367027
0.36698385
0.27452801
1.059606
-0.081111696
-5.4808952
-16.397248
-26.128271
1.729377
0.3778835
-4.5277898
-12.843154
-22.015159
2.0277539
0.81652957
-3.2490124
-9.534018
-17.666768
1.2162791
0.89993435
-1.7338551
-7.6878273
-14.843072
1.4549548
1.4520891
-1.118836
-7.1289625
-15.769831
2.8789049
2.3417283
-1.2858252
-4.6240987
-9.5815491
1.6932241
3.0460369
0.50937858
-5.7068269
-4.10674
0.43646868
-0.42398795
3.1599115
0.99848985
-1.5776856
0.051695578
2.4728429
-2.1914599
-1.568068
0.95703667
0.29443734
2.3800464
-0.76405446
-3.553931
0.23019489
-2.1133871
-1.9861405
0.18293578
1.8143828
1.9647817
-1.5980384
-0.2084159
0.015711111
0.044803759
0.89536798
-0.10292236
-0.32149204
0.49192747
0.51938528
0.20588105
0.99771021
2.0506041
-0.66940801
-2.0021516
-0.5468619
0.85779999
2.1260877
-0.84220735
-2.6334867
-0.12969128
-20.329017
-18.450664
-15.198014
-12.111522
-10.469641
-18.306461
-17.029268
-14.314819
-11.156195
-9.1236916
-15.244406
-14.717089
-13.030636
-10.261767
-8.1025298
-12.386687
-12.192653
-11.228769
-9.4840282
-7.5506819
-8.8928736
-9.2983699
-9.3505833
-7.7633356
-5.4929863
-6.4302155
-7.1044204
-6.4617029
-4.1486516
-4.6708716
-3.5100302
-4.1353279
-6.2340453
-7.5617205
-6.8028939
3.1130538
2.3572605
4.8217275
4.7926478
2.4389514
7.8789392
8.8860148
1.9762245
-0.0016556847
3.4550974
2.8369156
2.1830705
-2.3290517
-2.4190125
0.66188141
-10.866891
-8.1702874
-6.5954738
-6.6513356
-6.8870138
-2.5664719
-3.5277756
-2.3090217
-1.5473937
-3.1798379
-7.3514315
-10.752985
-5.7777892
1.5374034
3.4286985
-4.5111515
0.30729699
3.6372371
8.647451
8.0222607
4.792397
1.241438
4.9285646
4.4533313
4.337365
-5.366606
-4.5873912
-1.2780035
2.2647007
3.7878336
-5.8822032
-4.0620413
-0.96948825
3.1001027
5.6281946
1.5003839
1.0700609
3.1210687
5.2111056
5.9471355
4.9441665
5.8998658
5.680566
6.8898409
8.7717501
2.0213716
6.306642
8.3268906
8.5665218
4.4734403
-0.06198856
-0.20527527
-0.16646196
-0.044985546
-0.358215
0.23660422
0.71875392
0.54002635
0.21514658
-0.13547216
-0.19659945
0.060527572
0.28571232
-0.15143041
0.35566234
-0.96361956
-1.1834519
-0.1342542
-0.4915225
0.35852715
-0.53172192
-1.9874903
-0.14093241
-0.45384101
0.10110537
1.2071438
1.3741515
0.47061425
0.51081415
2.4842026
1.08358
1.0970945
0.40474124
0.58939961
2.5867701
0.95465813
0.6857516
0.31821151
0.67832819
2.2806866
0.82930886
0.37746604
0.29091422
0.79164681
2.0005829
0.88438176
0.24693884
0.31833384
0.8530485
1.5234869
46.965094
40.248843
32.76829
26.597132
22.472102
47.419049
40.409383
31.8907
24.337748
19.798542
47.48274
38.53197
27.946492
20.416619
16.603487
47.529886
36.805714
27.240577
20.250924
15.765078
49.399707
41.379539
30.631589
20.817956
15.220862
0.43706762
0.90661722
0.13502193
0.32895319
-0.18556124
1.1222332
2.8152682
0.34068097
1.0065654
-0.25713357
-0.070832685
-0.24460754
0.065692157
0.13158216
0.12776688
-0.85929745
-1.8460206
-0.12064223
-0.90257587
0.26116786
-0.20461761
-0.49990281
-0.052748038
-0.37541497
0.18369192
0.13043029
0.15757048
0.04295767
-0.088937556
0.073053936
0.10088539
0.041389898
-0.1385007
-0.1981031
-0.1752666
-0.39252248
-0.21127115
-0.29138032
-0.25806521
-0.40512154
-0.93039508
-0.45521419
-0.30671193
-0.26686414
-0.846148
-1.1321289
-0.64152837
-0.25000855
-0.30247485
-1.1198484
21.15017
17.898326
19.415928
19.447288
20.013269
6.2404375
18.238866
15.674426
17.965998
18.832289
-15.41843
4.6988069
11.930475
11.612602
12.978403
-25.585575
-12.316368
2.4522891
7.4935989
7.5587951
-28.525918
-20.502396
-7.8047861
2.2490402
5.3207325
0.24550195
0.73727322
0.19813913
0.14831277
0.22465444
0.7392911
0.8495197
0.013409686
0.13378908
-0.026820602
0.44054014
0.020732046
-0.098632566
0.27205288
0.19335253
0.071426628
-0.0038259108
-0.15798263
0.10052152
0.46884357
0.36623665
0.2769739
-0.0042296667
0.076813891
0.36425328
-1.0149949
-1.0915422
-0.39233383
-0.67604676
-2.2991056
-1.1852581
-1.0630914
-0.39574019
-0.87485097
-2.4341105
-1.4767785
-1.0223547
-0.46597994
-1.1212849
-2.4575316
-1.6215738
-1.1113831
-0.54563439
-1.124995
-2.5317226
-1.7004554
-1.2374219
-0.5617319
-0.90140591
-2.3116672
-30.706662
-23.690042
-15.49152
-9.5564361
-6.2743412
-28.865085
-22.491088
-14.830783
-8.5419723
-4.801181
-27.8883
-21.879242
-15.01709
-9.3378586
-5.8254881
-27.134005
-21.103479
-14.188895
-8.7429738
-5.5592209
-25.414211
-19.8709
-12.866853
-7.3954852
-4.1943157
8.4117445
9.7149781
10.861428
11.392469
11.529199
8.6880241
10.081397
11.655258
12.580332
12.883911
8.2248504
9.7414883
11.621974
13.066939
13.761067
7.428703
8.922897
10.813596
12.403276
13.294736
7.1465261
8.5203591
10.220547
11.600406
12.429906
0.69973978
0.33317422
-0.0066227443
0.6577097
1.4940854
0.65204896
0.60037336
-0.096160612
0.95422258
2.3326838
0.9067289
0.26425657
0.070676615
1.2646408
2.1265721
0.78710064
0.26368572
0.03516554
1.5929107
2.7870343
0.4694106
0.64011405
-0.15306885
1.3922833
3.3085084
-1.770806
-1.1062932
0.14960541
0.34006553
-1.2374395
-1.4069583
-0.79085603
0.33909121
0.57983541
-0.84884289
-0.70163852
-0.041358635
0.75754518
0.80151599
-0.37464338
0.17344485
0.74717691
1.3550316
1.1821094
0.20248042
0.68584825
1.2517392
1.8568565
1.5701711
0.65532067
-20.232927
-17.270175
-12.929789
-8.6792046
-5.8724768
-21.877233
-19.069214
-15.129206
-11.34355
-8.8289205
-24.326369
-21.69519
-18.177639
-14.756415
-12.357976
-27.214301
-24.83969
-21.29834
-17.445457
-14.780369
-29.908656
-27.523272
-23.480949
-19.145857
-16.295632
7.3250314
9.2275817
12.044562
14.192607
14.924592
5.7994795
7.7798705
10.578933
13.121528
14.534593
2.782165
5.1784913
8.2014383
10.755928
12.44407
0.17996264
2.5829724
5.790006
8.5812982
10.245289
-0.88996673
1.2385832
4.2178629
7.1398094
9.005282
0.46398047
0.42031991
0.20840903
1.4295377
3.2955783
0.70666886
0.51471291
0.21123303
0.91435131
2.4816468
0.6268495
0.90807278
-0.23565286
-0.024305237
1.8213629
0.54290492
0.22503327
-0.13031393
1.2780416
3.0019395
0.61359422
-0.036053003
0.25005709
2.1847379
3.0544105
3.6825088
3.7219812
3.9547394
3.542916
2.9509165
3.7845239
3.9701246
4.2207325
3.8279502
3.0109619
3.8459693
4.1184083
4.3175655
4.2108381
3.2742574
3.9571424
4.1914452
4.0554055
4.228925
3.5655169
3.9937467
4.25537
3.8111806
4.041063
3.7197495
-33.674847
-30.094138
-25.608593
-21.531039
-18.809473
-32.615047
-28.8855
-24.412119
-20.196289
-17.292772
-30.3378
-26.458252
-21.527458
-17.088412
-14.21171
-27.630108
-23.523054
-17.950313
-13.157905
-10.265324
-25.776023
-21.703117
-16.225507
-10.893148
-7.5549647
-6.9518868
-5.2736654
-1.8852551
2.5451832
5.7059459
-5.4890856
-4.1561121
-1.8637331
1.5313088
4.5928372
-2.4620254
-1.2174629
0.31308803
2.0191461
3.9121038
1.6111315
2.7138078
4.145981
5.2476382
5.9646821
5.0515675
6.1336603
7.3458574
8.2786539
8.8323931
-0.53516546
2.9790464
0.38972273
1.2124488
3.019027
0.89333387
1.6336119
0.56586236
1.2160313
1.7234878
0.57445639
0.79289297
0.53840991
0.9748867
1.4499325
0.5271952
0.53661486
0.49930575
1.4856445
1.7389755
0.60065588
0.47096948
0.47889447
1.5581543
1.6997946
3.8485582
3.6052713
3.5249535
3.1253672
3.6155576
4.1654666
3.7369661
3.4550703
3.0242986
2.9943701
4.6408329
4.0628372
3.6809719
3.3307801
2.6403046
4.6511931
4.0982533
4.1808597
4.0798907
3.630732
4.2166103
3.8629529
4.229544
4.4247197
4.3629557
-11.121325
-9.7457379
-6.4870397
-3.9828846
-1.1176404
-10.199775
-6.314883
-5.0014937
-3.5276029
-1.6257887
-2.1559915
1.7340891
3.3988933
1.1997579
1.3519971
7.2706415
12.51035
6.7695058
8.0511331
4.8371066
13.662342
12.560977
9.760193
13.866305
11.549133
18.353753
21.191007
25.327125
29.34092
31.781
17.93578
20.579188
24.564466
28.820331
31.853289
17.517623
19.817098
23.374716
27.272605
30.228674
17.41938
19.595344
22.638125
25.920095
28.149397
18.201987
20.335336
22.386871
25.408542
27.176053
1.0109068
-0.097855803
0.37023251
1.7976489
2.3984587
1.0884431
-0.21178979
0.35288824
1.7653017
2.0934584
0.98965157
-0.24761502
0.39073225
1.4767866
1.6529446
1.1562021
-0.17998982
0.43385211
1.1780608
1.3381257
1.0458225
-0.07530426
0.38392533
1.0441939
1.2625107
-0.35831648
-0.30308675
0.018193365
-0.085097307
-0.41651616
-0.11140251
0.085319152
0.17040142
-0.10724812
-0.46620428
-0.42726654
-0.030529284
0.074385764
-0.2697223
-0.20725899
-0.71006553
-0.80787901
-0.040964569
-0.075689546
-0.055042531
-0.23766575
-1.094621
-0.33580075
-0.1278003
-0.24947613
0.89195281
-0.056370305
0.37496371
0.99849804
1.1693297
0.87613666
-0.11691243
0.42932865
0.95625097
0.82433278
0.41441839
-0.13846467
0.48015239
0.83976361
0.48948626
-0.079508972
-0.18388638
0.54647987
0.64980494
0.31944184
0.14718064
-0.2506184
0.49586157
0.58486336
0.11489776
0.42704083
-0.17221636
0.41317709
0.57416241
-0.080284237
0.4701228
-0.043553477
0.29228216
0.49121785
-0.19855497
0.12403983
0.014860935
0.11298928
0.24544703
0.069731254
-0.27991819
0.076594232
-0.049071161
-0.050392632
0.30775818
-0.05666702
0.035928725
-0.1530418
-0.12891558
0.11182156
0.015566066
0.12155882
-0.015926011
0.17367726
-0.024345246
0.73330056
2.2412819
0.26458351
0.69327395
-0.10885862
0.038551721
-0.063055918
-0.056938878
-0.14552569
-0.069839629
-1.0670778
-2.137354
-0.24642175
-0.86595768
0.10618921
-0.61786905
-2.0283212
0.022314268
-0.52564416
0.13506911
4.2530118
5.3101906
7.9354037
16.963533
38.134725
4.1741523
5.1676106
7.6313655
16.702426
38.816076
3.6288858
4.7008061
7.0713273
15.190433
37.514321
2.8021635
4.0280313
6.5029069
13.220829
35.715667
2.1579299
3.3411087
5.9566336
11.99063
35.130456
1.8796668
3.1644079
5.7357025
11.885472
37.062568
1.348928
2.9577923
5.059527
11.763228
36.994824
1.1394804
2.4725814
3.9385961
10.070639
31.830369
0.96241261
1.5328464
2.7559962
7.535499
26.415757
0.52930872
0.6699452
1.6899229
5.5794193
18.883883
0.94268617
0.17759613
0.37332121
0.82624147
1.3660013
0.79688729
0.16055545
0.4844065
0.75759248
1.0505531
0.40320769
0.21200382
0.5105202
0.55084012
0.60498652
0.010056941
0.21980618
0.35649958
0.19767512
0.39176627
-0.029081267
0.19258046
0.15660911
-0.013544719
0.13556854
50.316145
40.667992
28.498879
18.764663
14.086137
48.580784
35.61855
21.923741
15.100443
14.145802
48.010385
30.571478
18.271002
17.516049
18.446429
38.888221
19.956775
18.410139
19.888139
19.105098
22.412913
17.69727
19.837354
19.759425
19.921685
0.2796871
-0.0047192971
-0.20440118
-0.095592818
-0.18669047
0.33326735
-0.014803618
-0.19832097
-0.18336848
-0.41686663
-0.075191731
-0.020155111
-0.1006321
-0.41881933
-0.33834647
-0.40062126
-0.045141819
-0.065387963
-0.53066852
-0.32554377
-0.31800902
0.0056881041
-0.11733018
-0.52571637
-0.55613055
-0.056981091
0.054542524
-0.19075121
-0.47953504
-0.74461778
0.10907227
0.02094752
-0.27111055
-0.47816787
-0.88711032
-0.43168573
0.13899856
-0.32663953
-0.77025457
-0.71484511
-1.0237495
0.28633592
-0.47114302
-1.0905173
-0.60145685
-0.9817059
0.16569847
-0.52441598
-1.2063894
-0.87572293
0.59574643
1.1758138
0.062653233
0.50775086
-0.16857797
1.1619818
1.5589755
0.11699487
0.75881208
-0.57794526
0.20676939
-0.16198012
-0.39809184
0.15396668
-0.31286036
-0.25880686
-0.57336245
-0.47735229
-0.25270988
0.072239679
0.064273148
0.15525717
0.12526532
0.080488602
0.25136143
0.18822838
0.4501399
1.1630749
4.6428878
13.641707
-0.3139657
-0.23547752
0.26193244
2.9079275
3.4078562
-0.68753356
-1.0541428
-0.84960527
-0.072207774
-7.9681017
-1.043328
-1.7826219
-2.270981
-2.8341971
-16.272752
-1.5542848
-2.2103574
-3.2798699
-4.3173595
-17.837205
-1.7656277
-2.3914135
-3.5012335
-4.9405734
-17.547929
-2.2400757
-2.9557932
-3.8248729
-6.5711484
-20.62974
-2.987076
-3.4719392
-4.3988812
-9.2402408
-24.818958
-3.6000138
-4.0645223
-5.109837
-10.786196
-26.338973
-3.8082126
-4.3683764
-5.2603002
-10.690996
-25.45845
-1.1259952
-0.7905388
-0.22901055
-0.36182386
-1.2452386
-1.183602
-0.96026114
-0.26344343
-0.42236169
-1.8335756
-1.2523921
-1.0391726
-0.3346786
-0.50966719
-2.2800999
-1.1309175
-1.0614411
-0.37258344
-0.60895727
-2.5609883
-1.021244
-1.0763515
-0.38802726
-0.63182087
-2.3870408
20.584459
21.086252
22.134271
22.949743
23.539709
18.145869
19.762555
21.217835
22.423818
22.985858
13.502003
14.783574
16.827377
18.415973
19.384587
8.1401639
9.3149886
10.827959
12.101185
13.152016
5.3915419
6.385489
7.6227808
8.6055524
9.3666762
4.8951584
5.3093619
6.7974157
7.9967049
8.5255083
2.2247657
4.2822448
5.5266369
6.5155826
7.194611
-1.6597721
1.2975205
4.2548435
5.8166789
6.4691896
-4.4973157
-1.3991682
2.5081942
5.5077766
6.9017556
-5.3241996
-1.7249113
2.2238189
5.4708795
7.366554
-29.214424
-20.51065
-11.271101
-1.2792332
4.173476
-29.878377
-19.140631
-10.352614
-4.1656295
0.11221652
-32.271877
-23.889804
-13.811974
-6.7327805
-3.2112009
-32.7805
-26.279429
-18.311171
-10.995559
-6.4382961
-31.898588
-24.884125
-17.51668
-11.59051
-7.4876652
-1.0037017
0.11211038
-0.52632227
-1.2724384
-1.0895488
-1.1357747
0.21708335
-0.58360755
-1.4243294
-1.2721829
-1.0671434
0.27736865
-0.48342714
-1.6557539
-1.5624213
-1.1796321
0.26091457
-0.29463043
-1.839303
-1.9192558
-1.0262649
0.18891521
-0.22284349
-1.7901381
-2.2329449
-1.0239399
0.15189447
-0.18203179
-1.7285531
-2.3164839
-1.2380234
0.14578161
-0.079795379
-1.7204804
-2.4089997
-1.1644934
0.15091682
0.059984417
-1.6917232
-2.5535569
-1.0722287
0.10452805
0.3809574
-1.6703229
-2.501852
-0.97694989
0.048456536
0.60943841
-1.6064285
-2.4177034
0.43428899
0.38114584
0.054322162
0.29661977
0.5512903
0.66399055
0.4694927
-0.035324848
0.37439961
0.66643543
0.66060487
0.24342913
-0.095528595
0.44229345
0.70435509
0.41718512
0.21935124
-0.017619999
0.5741463
1.194242
0.69762538
0.1344314
0.10949187
0.55706244
1.0533109
-3.8578889
-4.4538682
-5.2655129
-10.701743
-24.882126
-3.9138357
-5.023424
-5.6566317
-10.709622
-23.772082
-3.9379622
-5.689538
-5.7605104
-9.9758183
-23.184261
-4.1532986
-6.1234077
-5.7067595
-9.0487163
-22.699265
-3.8569123
-6.1576763
-6.0672805
-8.2359101
-20.394809
-3.7182704
-6.1366461
-6.4690912
-8.2301849
-18.768909
-3.7397995
-6.3469
-6.9045157
-8.5602005
-17.836946
-3.4481624
-6.529977
-7.3856718
-8.77727
-16.863213
-2.9415275
-6.5850487
-8.5417672
-9.3191289
-16.119595
-2.3458764
-6.136989
-9.6558023
-10.301698
-15.831188
-1.8707898
-1.313545
-0.544057
-0.78989741
-2.0852411
-2.119495
-1.4125251
-0.50002311
-0.62804639
-1.7962303
-2.2421706
-1.3588444
-0.35077655
-0.43347201
-1.5797251
-2.1817537
-1.2398665
-0.10201305
-0.17960236
-1.5199431
-1.9722218
-1.1529346
0.06686152
0.12386916
-1.3982347
-4.7411907
-1.4223515
2.8052577
5.8612566
7.5591335
-3.135959
-0.44049247
3.0916257
6.1599493
7.9152381
-4.160664
-1.1096656
2.5519175
5.5465261
7.3586534
-4.1042901
-1.5254663
1.9394102
4.9054832
6.6230973
-2.7181646
-0.51292214
2.3226338
4.918706
6.4374459
-1.9558711
0.4523194
3.0497058
5.1477514
6.500683
-1.2620262
1.4745787
4.6776546
6.837791
7.9300151
-2.2344341
0.60476191
4.5019235
7.8128737
9.5712664
-3.2134439
-0.77892081
2.7243789
6.2432046
8.5546468
-3.73405
-1.308715
1.86877
4.8140267
6.8607308
-23.765155
-17.803732
-11.636403
-6.4043803
-3.2539067
-21.811816
-16.803334
-11.127165
-6.0993797
-2.8052581
-20.067118
-16.045648
-11.203219
-6.6805342
-3.7054958
-19.016369
-15.579612
-11.269094
-7.0738437
-4.4309859
-19.321442
-16.262522
-11.979347
-7.8341763
-5.0657933
11.546018
11.558056
11.43787
11.052743
10.657855
12.956342
12.983558
12.859789
12.54776
12.169496
14.018908
14.344731
14.433278
14.22323
13.952958
13.679989
14.325757
14.868378
14.916881
14.746959
12.84344
13.566083
14.394665
14.830596
14.763791
7.2124622
8.5183175
10.055449
11.331199
12.069474
8.4326736
9.2747526
10.339199
11.251838
11.764249
10.248861
11.206183
11.959168
12.216503
12.323751
9.6217882
11.533801
13.344579
13.897179
13.849824
7.9630325
10.135666
12.890918
14.474642
14.800203
-0.83009069
0.035892126
0.66700062
-1.4564311
-2.4545904
-0.68184814
0.43886698
0.77542008
-1.3266482
-2.0992208
-0.38772138
1.0571419
1.0534435
-1.2797239
-1.2480847
0.32255458
1.13787
1.4417756
-0.86468508
-0.65250416
0.6813466
1.1140238
1.6136309
-0.27309454
-0.27193029
0.73839823
1.3151356
1.6927472
-0.031364375
0.1601473
1.1631045
1.6922323
1.9183348
0.35962498
0.83282227
1.7651736
2.1733076
2.0826095
1.0287242
1.8168245
2.1502235
2.8019483
2.1705847
1.6557168
3.0155504
2.524632
3.0410099
2.2140797
2.0624004
3.5801383
0.85702796
0.44551613
-0.0030033442
1.1647355
2.7779138
0.86986578
0.52515373
0.079493576
1.2650104
3.2065892
0.49313565
0.70450032
-0.0077098125
1.4434003
4.2742754
0.79258579
0.26293933
0.19050404
1.4904865
3.4553489
0.66703278
0.44252227
0.15989081
1.25353
2.9526786
-2.0317743
-5.8366643
-10.115542
-11.059112
-16.277532
-1.6847719
-5.6466363
-10.746354
-12.742414
-17.987804
-1.3501312
-5.4884731
-11.407417
-15.607327
-20.94197
-0.6738453
-5.1334926
-12.089647
-18.581323
-24.32691
-0.24347899
-4.584668
-12.078215
-20.388386
-26.851211
-0.007888606
-4.3140187
-11.834883
-20.97661
-28.292406
0.53987159
-3.9610328
-11.532754
-21.637514
-30.436487
1.2434533
-3.3593034
-10.734875
-21.389373
-32.066016
2.0378246
-2.4722504
-9.6905959
-19.998025
-31.694858
2.4497204
-1.5703176
-8.7374528
-18.956719
-30.525683
0.87475075
1.4802579
2.1494662
1.8252419
0.96879396
1.4304821
1.8433286
2.6517828
2.3996014
1.5866001
2.2329995
2.4344122
3.1798436
3.0182949
2.312129
2.9724053
3.1139439
3.5591591
3.2528492
2.7763858
3.4756107
3.5351175
3.8105346
3.4138975
2.9498764
-4.5375101
-2.0071072
1.4363813
4.4820931
6.3536801
-7.5689833
-5.0846138
-1.2370629
2.552441
4.789006
-11.1203
-8.6355707
-4.8454739
-0.98287809
1.5427114
-13.467816
-10.888745
-7.1505258
-3.4955915
-1.0558917
-14.881482
-12.1873
-8.2665864
-4.4478387
-2.0306264
-16.185739
-13.375784
-9.3514477
-5.248961
-2.5822547
-18.041031
-15.308621
-11.327389
-7.1601136
-4.2610757
-19.298582
-16.83946
-13.313869
-9.5948988
-6.7597957
-19.336799
-16.994015
-13.80077
-10.829551
-8.658007
-18.381836
-16.060698
-12.896742
-10.105604
-8.324004
-31.387937
-28.644905
-24.394629
-20.370704
-17.654603
-33.536036
-30.602184
-26.380703
-22.250727
-19.44343
-35.544079
-32.051467
-27.390417
-23.26963
-20.617839
-35.598251
-31.66183
-26.999321
-23.073798
-20.560805
-34.394737
-30.740161
-26.323836
-22.224993
-19.582083
-1.3229901
0.93172141
3.8592862
6.582285
8.3647264
-2.8281022
-0.16274529
3.144212
5.800013
7.4101558
-5.2360288
-2.2491698
1.811641
5.0815331
6.8228397
-7.3835116
-4.5328534
0.00047184031
4.2674518
6.5609685
-7.4334721
-5.3251833
-1.4043033
3.1956681
6.09167
2.693152
2.9811291
2.2403974
2.2670273
3.6190293
3.0443431
3.1128357
2.3869438
2.6186616
3.6709854
3.6734321
3.4324517
2.5470187
3.1224204
3.6640552
3.9115467
3.3973519
2.6623662
3.5144348
3.6993498
3.6988637
3.3445281
2.7620935
3.6395664
3.7329949
3.5941113
3.4933681
2.914403
3.5900824
3.7819974
3.0743011
3.3982357
3.1631931
3.6351016
3.5522903
1.5906101
2.7842119
3.491656
3.7828673
3.329198
0.66862335
2.6729627
3.917397
3.8654293
3.7918131
1.5505814
2.8176314
3.9163912
4.1071508
4.2264847
0.68835339
0.64756237
0.25583942
1.3350428
1.9543824
0.47313167
0.49673778
-0.089044903
1.4417807
2.2589172
0.70328534
-0.58850451
0.16455466
2.8158265
1.5576845
1.1701685
0.40268176
1.1664215
2.4526593
-0.77814258
0.77557069
2.5610669
1.0462416
0.94130567
1.2869505
2.5990203
-1.1154856
-8.1607639
-18.331075
-29.838453
2.8140034
-0.48568223
-7.1303236
-16.927856
-28.767002
2.9665922
0.2575992
-5.8759141
-15.716697
-27.350242
3.2501571
1.0616832
-4.7909177
-14.934132
-25.490363
3.5698397
1.9506083
-3.8235122
-14.436515
-24.418991
3.8100278
2.3851459
-3.3321388
-13.577408
-23.179566
4.1359474
2.9613791
-2.0999166
-12.196173
-21.637838
4.2751748
3.665146
-0.18596252
-9.5698086
-20.525533
4.1797617
3.9930277
1.0032697
-5.5729267
-15.418921
3.6946399
4.0118813
1.4826139
-5.4157068
-11.107176
3.9461287
4.2533165
3.7524758
3.9470854
3.9516099
3.8733967
4.0870382
3.6707571
3.6856764
4.1405168
3.7496753
3.8494136
3.6324285
3.4577084
3.780014
3.6810409
3.6948305
3.6287477
3.4376036
3.6140413
3.75874
3.6285796
3.5907119
3.2361906
3.727795
-17.495462
-15.258369
-12.223147
-9.4590709
-7.7388942
-15.896321
-13.395591
-10.422692
-7.8944379
-6.2924518
-12.833711
-10.327337
-7.1029161
-4.547799
-3.1355144
-8.9426837
-6.5063786
-3.264107
-0.52316428
0.98949729
-6.1268473
-3.4359722
-0.15315845
2.6673433
4.3360783
-4.7309827
-1.9488373
1.5098609
4.4166156
6.1540795
-2.6458521
0.74805973
4.9331617
8.1874824
10.023605
0.050805137
3.5352098
8.366151
12.496362
14.876959
1.789884
5.1461531
9.8374092
14.307575
17.180143
2.0750046
5.5642723
10.098473
14.335478
17.22366
-24.859533
-21.440715
-15.601772
-9.8856817
-6.4114657
-23.884051
-19.984638
-13.977793
-8.1782402
-4.451976
-22.242368
-18.247693
-12.088292
-5.8898184
-1.8333307
-19.086949
-15.491017
-9.9012181
-3.9334882
0.005725025
-13.913825
-10.461817
-6.7155528
-2.847532
0.46316823
6.944057
8.1675855
9.3625672
10.147044
10.497231
10.869389
12.273832
13.627416
14.317855
14.499044
15.984715
17.826593
19.852461
21.049765
21.337635
18.605335
21.125174
24.274376
26.719655
27.743356
18.677146
21.489037
25.418117
28.976496
30.883264
2.0249875
2.8028807
3.7518405
4.3587593
4.2118577
2.1747583
2.5430479
3.6695646
4.6267225
4.2661454
2.0531381
2.4077422
3.6796984
4.7860037
4.6739947
1.9553234
2.611456
3.8355665
4.7206154
5.0382722
2.0609394
2.8156845
3.8425153
4.5444144
4.6887464
1.9174936
2.7498399
3.8245065
4.0889348
3.7589805
1.9943834
2.3926066
3.55483
4.1062506
4.3884482
1.8233323
1.5994567
1.994396
2.7337606
3.1333042
1.1741263
1.3571773
1.307643
1.236203
0.40186515
0.95712616
1.4777506
1.997907
1.7486083
1.248729
0.36773873
0.73199809
0.35928942
0.73949645
1.58686
0.43701666
1.184988
0.57977071
0.66315093
2.1786792
0.37305519
0.61476176
0.65305006
0.80529932
1.7892385
0.41805952
0.26410719
0.10384742
0.33971784
0.76570718
0.51995054
0.72138475
0.51923026
0.41547712
0.71679275
3.7914632
3.8357985
1.9460491
-4.7857917
-10.903003
3.6721559
3.6374455
2.383778
-0.72553867
-9.9821694
3.3085922
2.9554868
2.4266415
2.2387201
0.96334739
3.6505314
3.0137027
2.5855881
2.4857
2.8213482
4.0951473
4.7324468
2.8800674
3.1711192
10.548409
2.3982833
3.676859
4.6623165
0.87484479
14.839885
4.3422065
2.4655605
3.068081
7.9564221
7.8608048
2.7129168
1.9725676
2.6665724
0.57506847
14.406853
2.5366283
1.3578613
-4.8284148
1.4954467
6.1254814
2.2016768
0.11974882
-2.3349899
0.86166098
-0.65214398
2.9453804
2.8142211
3.777364
3.2916413
2.9695192
4.774814
4.9359045
4.8265057
5.4917053
4.1535774
2.7308293
4.6430296
6.6566511
3.7668186
3.1772303
0.80243088
-0.24311187
-3.0359473
0.86392871
2.0162337
0.60150283
-1.3473603
-3.9250262
-0.2961524
1.5278998
1.0157687
5.1489081
10.333052
14.183983
16.9141
-0.61810169
3.0629469
9.3259793
14.136342
16.529235
2.3343058
3.3086548
7.031481
13.104295
16.336127
5.8571443
8.1405085
8.3202761
11.49075
16.426007
12.764125
13.0938
12.303041
11.006092
16.190038
19.502668
19.142426
16.303698
13.136542
15.680775
5.4249292
8.4398363
14.623449
12.592167
16.503285
12.008054
25.873678
34.419206
20.968942
26.208956
7.1269702
9.2835545
17.393721
20.714889
22.135345
1.1963743
-2.808864
-2.8467706
6.914548
9.3986456
15.719006
14.484112
17.68993
21.485282
21.691568
10.206679
10.417975
11.705384
14.126646
10.891607
17.05162
9.907172
11.886776
12.921784
14.870446
14.519566
13.414332
12.174849
8.4530117
6.5776342
5.1386062
2.8024685
1.2952162
2.6579224
2.3345071
19.002449
21.210048
21.097679
24.011946
26.886284
17.831084
21.382271
23.367893
25.500806
26.108548
24.33338
23.179549
21.375077
23.788611
25.651309
23.405907
26.116032
26.799964
25.567473
25.942888
8.2550521
12.109795
15.892684
22.887995
25.943014
