FiniteElementSpace
FiniteElementCollection: L2_2D_P4
VDim: 1
Ordering: 0

-0.75711784
-1.015074
-0.84424749
-0.77991019
-1.1494211
-0.64155422
-0.55298163
-0.40622932
-0.66327132
-1.1966884
-0.67169499
-1.2135985
-1.1975997
-1.4243011
-2.9516414
-0.7720817
-1.8308762
-1.1298084
-1.577683
-3.6605615
-0.70687376
-1.2899899
-0.80759084
-1.7274015
-3.2659713
-0.76239636
2.0846582
6.1584808
0.29266099
-2.140151
-2.42906
-0.10531511
4.2320459
-2.4143335
-4.032627
-5.8718549
-9.2808816
-12.471893
-8.396017
-7.8600578
-9.4377583
-10.433572
-9.8616064
-11.233638
-10.047315
-7.7581295
-8.5697794
-10.25209
-9.1504847
-8.2322291
-3.4498966
-2.2670754
-1.8310355
-3.0004184
-2.2584174
-15.602647
-14.981685
-13.618927
-11.40703
-11.057182
-26.580965
-16.828942
-12.856366
-17.976741
-25.463377
-14.740176
-13.394205
-17.421983
-28.521152
-28.4423
-23.265644
-22.208055
-35.472676
-41.045523
-36.743154
-30.605313
-43.26114
-51.998245
-60.907831
-69.06729
-46.542587
-50.579336
-54.56803
-59.687109
-68.066967
-46.649191
-45.208292
-49.902078
-60.566693
-68.708916
-39.830899
-42.621202
-50.636347
-60.737852
-66.943715
-37.92428
-41.265395
-49.333957
-58.875927
-64.10664
-0.99111952
-3.1308137
-1.7190185
-2.2375523
-2.9920023
-1.5957514
-0.92972441
-1.9488772
-4.0115421
-0.31444261
-1.0619232
0.22607071
-0.73462597
-4.5265485
-2.5560747
-0.78251103
-0.97765318
-0.38551904
-2.5297457
-2.5258307
-1.0243982
-0.94550541
-0.78317663
-2.7375903
-2.4344973
-8.1760394
-7.4542956
-7.1199714
-6.636075
-7.0561172
-7.3855668
-6.9041003
-6.7956578
-6.4117584
-6.2642705
-6.4928729
-6.2838202
-6.2894097
-5.7354963
-5.5994084
-5.6599796
-5.8266685
-5.5845459
-5.1431544
-5.5710184
-5.1880227
-5.5564411
-5.0264593
-4.9799583
-5.3241826
19.821127
14.618819
9.44872
5.6946284
2.2491206
25.957493
21.527044
15.728524
9.6909404
5.2580957
30.158669
25.98524
19.196889
12.338283
7.787463
31.64438
27.515391
20.999827
14.747336
10.858837
32.039233
28.851386
22.967388
17.203715
13.7317
-22.164795
-24.91952
-28.678457
-32.788397
-35.715288
-17.984568
-20.666211
-24.718896
-28.878215
-31.651915
-12.421199
-15.275976
-19.430646
-23.406308
-26.08458
-7.7519113
-10.651448
-14.60854
-18.387957
-20.99538
-5.0055529
-7.7038352
-11.45167
-15.229705
-17.809167
-0.91119667
-0.61974685
-0.41423384
-2.4862668
-4.0606222
-1.0750165
-0.42026914
-0.45649763
-2.4722912
-4.198102
-0.78070786
-0.88995351
-0.20332735
-1.961644
-4.2706357
-1.1881645
-0.76084551
-0.1844472
-2.2017023
-4.0911994
-1.0904081
-0.72337941
-0.14039645
-2.4473916
-4.2701101
-0.54214611
-1.5852912
-2.7967203
-2.8294512
-2.4423218
0.33051673
-0.29506701
-2.2144462
-2.7026841
-2.1078575
1.9957427
1.368423
-1.7375531
-2.6627946
-1.6232304
3.699448
2.2222501
-1.3937057
-2.1076604
-1.0762027
4.5208018
2.3549957
-0.96926291
-1.4420184
-0.6265825
43.061682
38.317973
32.525554
27.407477
24.228521
45.180437
40.331884
34.424689
29.378792
26.206444
46.525557
42.170265
36.625309
31.713401
28.493503
46.946245
43.03836
37.925296
33.101733
29.897049
47.387366
43.418372
38.402854
33.762194
30.676892
8.2691647
5.8519183
2.3016532
-1.2283681
-3.5980657
9.9260761
7.449975
3.9556239
0.48374303
-2.0751693
12.01862
9.6004311
6.0576801
2.1623729
-0.77840132
13.78117
11.264859
7.193453
2.8206293
-0.090981336
14.637487
11.75235
7.2923388
3.0600684
0.46667347
-21.160804
-24.226697
-28.812176
-33.613563
-36.945337
-19.556847
-22.530162
-26.965023
-31.542084
-34.929383
-17.388109
-20.153069
-24.415246
-29.126286
-32.662727
-15.393587
-18.124484
-22.456107
-27.008168
-29.961378
-14.295637
-17.045581
-21.23063
-25.245836
-27.750763
-1.06369
-0.15573975
-0.17574614
-1.1164973
-1.0797168
-0.71377476
-0.23358579
-0.019807539
-1.1134862
-1.3462635
-1.007554
-0.34743683
0.12357356
-0.95989378
-1.162091
-0.97664228
-0.70529267
0.09890617
-0.85066624
-1.4012897
-0.6248196
-0.74139088
-0.013313856
-0.69613749
-1.2571916
4.3964722
3.8191906
1.9912642
0.37940526
0.78202644
4.5610877
3.8383404
1.8676295
0.5067848
1.0294817
4.3791926
3.6412261
1.7575331
0.71750458
1.429271
3.8212981
3.5308988
1.7586584
0.70834325
1.7267465
3.3670987
3.4528807
1.7174718
0.57293528
1.8777225
53.218116
47.523175
40.940698
35.425048
31.936982
55.045117
49.847749
43.448582
37.821578
34.215806
55.470129
50.945743
45.00488
39.493726
35.781284
54.522283
49.649791
43.377917
37.672442
33.884338
54.650407
48.757036
41.974352
36.016969
32.274968
16.078378
13.666177
10.263741
7.0045378
4.7527537
16.894312
14.356034
10.816565
7.3918968
5.0886456
16.902038
14.290417
10.665873
7.2849769
5.0970207
15.773542
13.200363
9.7332665
6.5412547
4.393886
14.811475
12.317084
9.0033562
5.766973
3.5805651
-8.0317946
-10.336079
-13.616921
-16.839176
-19.067363
-7.7016561
-9.8646162
-12.876225
-15.864846
-17.990577
-7.4021121
-9.2732774
-11.988967
-14.768246
-16.731428
-7.1359225
-8.8334255
-11.235172
-13.584642
-15.204458
-7.0506208
-8.5292678
-10.542734
-12.501875
-13.863155
5.1092268
3.2611759
1.5710977
0.47845625
-0.16441073
2.8016265
1.8433733
0.93129992
0.17134303
-0.39206158
1.8734072
1.5716924
1.0858831
0.53120379
0.17158742
2.6582369
2.3769049
2.0246366
1.826406
1.7956714
3.19712
2.9597789
2.8326205
2.886687
2.9236919
-3.5199183
-3.9611771
-4.6282619
-5.3802967
-5.9814459
-2.7897847
-3.0183648
-3.370054
-3.8328315
-4.2178182
-0.53500612
-0.43805823
-0.43711194
-0.51178862
-0.55005863
2.704474
2.8705575
3.1361883
3.4504937
3.6401835
4.6139965
4.9901106
5.5949334
6.1560225
6.5087975
6.6933593
7.4073966
8.599678
9.8271807
10.61517
6.5453263
7.3048985
8.4708231
9.5818233
10.166794
5.7498429
6.4224953
7.5350294
8.7302492
9.4571952
3.7193792
4.377129
5.4862546
6.7519953
7.5832176
1.9951038
2.5977675
3.6645682
5.0066709
6.0031543
24.981153
26.821861
29.224643
31.772738
33.894417
23.710746
25.951898
28.897663
31.945948
34.605504
17.476893
19.58365
23.446199
27.421894
30.322677
12.722842
14.013389
17.331761
21.210406
23.66314
12.009909
12.763491
14.694895
17.663839
19.758418
-1.4444137
-2.0632324
-2.7603816
-2.6439953
-1.969074
-1.6191727
-2.0621207
-2.2926089
-2.4603983
-1.679393
-2.9662326
-3.1318234
-4.057085
-5.2752807
-6.0654382
-3.5104271
-4.3896353
-6.5630468
-8.0863814
-8.775513
-3.3745185
-4.6492806
-6.8587764
-8.4604687
-8.6690159
-3.6907518
-4.8628985
-6.9455375
-9.1853207
-9.9682998
-3.3240593
-4.6289909
-7.1491896
-9.6628356
-10.95135
-3.2530808
-4.1384944
-7.3128366
-10.043939
-10.605196
-3.6676349
-4.201459
-7.4224457
-10.05766
-9.7433687
-3.5324084
-4.5694435
-7.6784729
-9.7035718
-9.1404848
-0.97548138
-1.0598314
-0.8674463
-2.1965284
-3.2152884
-0.8967512
-1.1706201
-1.1507792
-2.298865
-3.1375386
-0.97415048
-1.4505515
-1.4346963
-2.4947777
-3.207939
-1.3775428
-2.2440044
-1.120114
-2.5907231
-3.5666053
0.13584867
-3.4866637
-0.87772712
-2.40978
-4.8356825
-2.9477015
-0.40778624
2.5038722
-0.94888006
0.19834949
-4.3322705
-3.3712281
1.1717324
-3.6074239
-7.9247858
-6.8097292
-4.9091317
-7.295535
-5.9304659
-20.541054
-10.186949
-6.4239573
-7.1221733
-14.733057
-14.283808
-7.5281758
-9.1590436
-9.9490769
-8.2153199
-23.839232
-10.007825
-11.11149
-7.8420852
-9.9968584
-21.300985
-9.1022091
-8.3476118
-7.4731599
-7.5155975
-7.7371012
-8.1294518
-7.9507227
-6.7063038
-5.4114314
-5.2169133
-7.987102
-8.0865154
-5.410857
-1.4094281
9.3296483
-7.7365
-7.3369842
-4.0747123
3.7438581
14.327789
-9.5062703
-9.7430535
-10.583414
-10.645666
-10.493943
-10.469986
-10.232085
-10.485806
-10.113596
-9.2779796
-10.512554
-9.9152715
-9.2128124
-8.2768762
-7.1808844
-9.4713367
-8.6771028
-7.8693941
-7.0312877
-6.8448761
-8.6141542
-7.7799947
-7.2916111
-6.7416428
-7.1774018
-1.2527739
3.0819641
0.65979293
-17.086089
-24.937446
-11.666017
-17.011074
-36.199885
-41.28177
-42.687036
-28.302751
-36.358685
-53.648377
-48.196412
-48.958027
-28.034277
-27.920409
-33.484493
-40.041656
-40.843889
-34.132131
-34.459086
-31.282276
-33.421565
-36.490388
-24.932448
-25.216271
-25.501507
-32.036544
-33.794602
-15.362076
-16.985517
-21.955759
-28.057649
-30.551226
-7.0371339
-11.143747
-17.31177
-22.698338
-27.591182
-3.6193144
-7.6110834
-13.105803
-19.680241
-25.029581
-1.2960316
-4.4503329
-10.64075
-18.000942
-22.326554
-26.661896
-24.177288
-21.156552
-31.303722
-28.974125
-15.66467
-22.563932
-13.964126
-16.472395
-17.350051
-3.7561937
-7.2231777
-6.7011525
-4.2605174
-5.7075493
10.781338
6.1488396
4.8808246
2.2625507
-1.4454726
14.635379
12.343519
7.7767874
3.6486604
0.4699445
-70.967749
-75.07984
-82.137851
-90.44232
-95.959509
-73.052963
-78.107659
-86.596838
-95.236224
-99.714304
-72.009279
-77.518702
-85.144663
-92.128377
-95.833584
-69.282335
-73.800937
-79.745479
-84.755185
-87.409584
-65.985256
-69.648578
-74.318882
-78.150639
-80.806489
-64.005043
-67.211819
-71.240038
-75.0651
-78.093275
-58.725517
-61.361188
-65.371899
-69.556653
-72.402766
-50.643436
-53.439333
-57.679589
-61.771194
-64.596828
-43.558568
-46.572886
-50.621028
-54.594473
-57.46469
-39.330209
-42.123098
-46.02559
-50.042937
-52.759853
-35.000001
-40.095036
-50.047203
-58.761042
-62.333045
-33.012438
-39.007358
-48.066701
-54.461617
-57.156816
-30.704313
-36.236898
-42.672614
-46.828798
-49.246065
-27.34807
-31.422373
-35.76335
-39.299834
-42.086192
-24.08565
-27.143851
-30.899574
-34.813168
-37.823255
-2.9229604
-4.6963437
-7.9811541
-9.2929502
-8.8861971
-1.4531051
-4.7287405
-8.1744512
-8.5789798
-7.9784292
-1.8746346
-5.073285
-7.834835
-7.7619643
-6.6569185
-3.8034186
-6.0187431
-7.1695665
-6.8755237
-5.9585941
-4.7149254
-6.2357567
-6.5998687
-6.2974283
-5.5235519
-4.7483575
-6.196563
-6.3804293
-5.8901819
-5.0995255
-4.7932369
-6.3581475
-5.9595992
-5.1073189
-4.6984801
-4.578989
-6.1095155
-5.1527833
-3.9570829
-3.7060793
-4.1060299
-5.3897854
-4.0803948
-2.1734689
-1.92934
-3.7422367
-4.998065
-3.0511382
-0.70056255
-0.87707445
-1.0089983
-0.013276162
-0.78091703
-3.9390554
-4.0032319
-0.89842783
-0.26339845
-0.26131059
-2.8476306
-3.895558
-0.93621026
-1.1156443
0.0026085724
-1.1996079
-2.8643045
-0.99444768
-0.70488032
-0.4722448
-2.0172761
-3.4258687
-0.71847419
-0.57164979
-0.49157802
-2.5185277
-4.1740197
-7.2952365
-6.8439478
-3.4331762
4.8929493
14.832982
-6.8532541
-6.0196722
-2.5542302
5.0036138
19.378218
-5.8129797
-5.0627651
-1.2689543
10.665222
27.431639
-5.1848001
-4.4878404
0.74555859
14.726689
28.77311
-4.8676529
-4.2318739
2.4681729
16.473172
28.837203
-4.6610913
-3.9382356
3.3559381
17.367659
29.762556
-4.5182332
-2.8739432
5.080414
18.13918
30.706217
-4.0558108
-1.1991844
6.9969459
19.424276
33.197221
-3.3640783
0.39618571
8.415757
21.043653
36.221238
-2.66368
1.4226396
9.3346763
22.841064
38.324727
-4.982532
-5.3595791
-4.7940788
-4.9009023
-4.887439
-4.5598525
-4.8754217
-4.459986
-4.6995658
-4.4117849
-3.4515505
-4.0089294
-4.1046987
-4.339594
-3.8184981
-1.747921
-2.953398
-3.745553
-3.7214067
-3.0351608
-0.80729112
-2.1098845
-3.2121535
-3.1264368
-2.5906124
0.72310169
-3.0604205
-9.7916298
-16.696078
-20.518897
3.139327
-1.3867917
-8.0150606
-13.598343
-16.562099
5.5761968
1.465057
-3.7792129
-8.1460651
-10.942797
9.0586389
5.753116
1.3106942
-3.1084952
-6.2144875
12.046488
8.8594813
4.1926343
-0.48796982
-3.5539557
13.259226
10.094696
5.3843036
0.74853846
-2.1628207
15.530478
12.392723
7.7596379
3.3920658
0.62929273
18.302803
15.205614
10.823181
6.7302093
4.0198097
20.360298
17.477747
13.452052
9.5219777
6.8416982
21.854105
19.104003
15.175789
11.254155
8.6118898
32.504298
28.963821
23.778162
18.30131
14.824553
33.702996
29.855774
24.948458
20.245122
17.082282
36.41179
32.010553
27.1264
22.867367
19.88495
39.896961
34.956045
29.536993
24.939599
21.863589
42.045679
37.281996
31.389014
26.44518
23.33127
-37.172925
-39.917052
-43.824441
-47.75491
-50.372439
-33.061971
-35.744716
-39.587165
-43.400608
-46.069692
-27.444394
-30.045408
-33.738013
-37.45357
-40.195281
-22.304525
-24.784784
-28.335734
-32.113092
-34.998771
-19.073895
-21.464507
-24.99353
-28.956222
-31.956736
-17.522257
-19.865965
-23.470673
-27.579872
-30.524633
-14.627621
-17.053192
-20.823529
-24.848022
-27.734708
-10.977351
-13.43546
-17.165759
-21.278607
-24.481745
-7.7214479
-10.157371
-14.096787
-18.605612
-21.877581
-5.7367614
-8.3067205
-12.599806
-17.253801
-20.356538
-3.5451464
-6.1517416
-9.8989245
-13.734582
-16.28855
-0.7301542
-3.3656364
-7.2360748
-11.010601
-13.425293
2.6502072
-0.026419157
-3.7909303
-7.333285
-9.726872
5.4844034
2.9306081
-0.57563518
-4.0454268
-6.4906257
7.3128897
4.9154972
1.4382524
-2.1097317
-4.5314498
-32.019491
-35.302848
-40.585264
-46.119197
-50.066445
-29.378189
-32.781979
-37.990217
-43.437712
-47.471139
-26.173673
-29.509429
-34.598594
-40.036794
-43.979087
-23.50202
-26.763682
-31.727737
-36.864309
-40.456137
-21.92015
-25.091998
-29.811562
-34.647865
-38.06415
-3.49291
-4.8972992
-2.4430215
-0.059058857
-0.69295704
-2.9732467
-4.4005462
-1.5943302
0.89663965
-0.0088073741
-2.3007857
-3.5338897
-0.85408207
2.1408608
1.5729665
-1.527328
-2.8903942
-0.21059791
3.4045141
3.3876786
-0.99049836
-2.3822092
0.2831977
4.0991501
4.5213928
-0.80496838
-2.0536618
0.4194474
4.3691135
5.0638018
-0.22608821
-1.7739352
0.8371562
4.9976088
5.6366714
0.68770769
-1.55237
1.6443413
5.5605798
5.700172
1.1561927
-1.1177463
2.1661312
5.5522833
5.3873066
1.3558681
-0.76050105
2.3222532
5.2910005
5.1233598
-0.71263248
-0.83845674
-0.010036164
-2.4549566
-4.2641132
-1.1793808
-0.3216633
-0.084365935
-2.3845621
-3.1002884
-1.3037149
-0.36394324
-0.11009913
-2.0265139
-2.3697934
-0.94532934
-0.80498942
0.027411563
-1.6882681
-2.619038
-1.040819
-0.45571878
-0.061082838
-1.2669782
-1.5691955
-2.2671512
1.9805141
9.909275
23.722542
39.156501
-1.6740756
2.8724113
11.049174
24.88377
40.230828
-0.87394601
3.7460569
12.528006
26.315491
41.270489
-0.33701963
4.6515269
13.959546
27.466998
42.02485
0.21337424
5.3506983
14.747588
28.218832
42.485458
0.66153229
5.7791133
15.223055
28.76673
42.672795
1.4184037
6.3509357
15.824131
29.449074
43.204624
1.9148193
6.4941122
16.010254
29.895199
44.06598
1.8691416
6.6489631
16.139485
30.267368
45.331817
1.896086
6.9659514
15.898431
30.116196
46.587
4.707346
2.3434869
-0.6663926
-1.1223826
-0.31716494
4.7047221
2.5313171
-0.0098936437
-0.70820932
0.235334
4.4162653
3.0725657
1.043506
-0.20039892
0.62232727
4.2651548
3.5518865
1.8313959
0.23274619
0.69826582
4.3010733
3.7210666
2.0134012
0.39074507
0.72058063
22.765874
20.000164
16.034863
12.108292
9.5197487
24.689223
21.7926
17.671773
13.751466
11.192195
26.899262
23.892297
19.748035
15.856095
13.293581
28.347476
25.443618
21.39872
17.563809
15.040444
29.170439
26.281932
22.302261
18.571105
16.001834
29.448988
26.663481
22.847644
19.042427
16.265958
30.264859
27.523046
23.459836
19.147337
16.043535
30.504967
27.458037
22.862602
18.31782
15.377443
29.621218
26.39765
22.032478
18.171066
15.766849
29.572708
26.654102
22.815154
19.235355
16.829897
47.738143
43.721428
38.671283
34.008863
30.928869
48.170473
44.109209
39.086118
34.567241
31.667887
48.876488
44.598207
39.476841
35.025345
32.043865
50.022959
45.081354
39.57245
34.688978
31.321494
51.750804
46.135663
40.038638
34.614673
31.141179
-4.8455804
-7.5925107
-12.031621
-16.590217
-19.624306
-3.5182606
-6.499451
-10.924354
-15.213664
-18.097111
-2.2944379
-5.2000923
-9.280677
-13.228077
-15.968411
-1.4616083
-4.0645639
-7.7184955
-11.417205
-14.048715
-0.7820988
-3.1756771
-6.6860175
-10.397932
-12.994409
-0.36596383
-2.7391703
-6.323415
-9.9860046
-12.456016
0.25744195
-2.1067412
-5.5362202
-8.9713206
-11.476268
1.3187492
-0.87601586
-4.1636775
-7.6095602
-10.012508
2.5690272
0.38344658
-2.9089065
-6.1281396
-8.2125627
3.3672095
1.0938304
-2.1318105
-5.109037
-7.1606118
14.771406
11.70662
7.2831196
3.2960843
0.84219008
14.455818
11.439917
7.4276379
3.8362841
1.4595116
13.981482
11.418111
7.9853721
4.6888665
2.4423768
14.601642
12.372047
9.1176835
5.8499336
3.6556415
15.629608
13.296254
9.8864317
6.6291706
4.4608358
-13.751755
-16.521677
-20.523658
-24.154117
-26.639597
-12.818427
-15.390244
-18.836733
-22.29088
-25.056864
-11.168364
-13.336184
-16.628346
-20.349281
-23.095222
-9.2644095
-11.447166
-14.945438
-18.569939
-21.003572
-8.2851507
-10.621312
-14.030251
-17.344131
-19.645474
1.4992106
-0.65740009
2.3642673
5.1409502
4.9120885
1.6107696
-0.44041016
2.3838162
4.7204804
4.8305513
1.5168977
-0.20668026
2.3775072
4.2387742
5.1316438
1.3297601
-0.050857837
2.3133657
3.9499327
5.2385083
1.0670943
0.13528669
2.307364
3.5863084
4.985076
2.1429334
7.3980479
15.848851
30.215241
47.819597
2.6509775
7.9422444
15.933199
30.925196
49.391145
3.0062784
7.6123641
15.463735
30.536381
49.209993
3.394167
7.1714004
14.78415
29.534692
48.34458
3.6759952
6.8352704
13.898551
28.488555
48.065639
3.8987912
6.9988884
13.709821
28.312454
48.757119
4.4997852
7.2863788
13.027677
27.838116
50.049807
4.709685
6.9389635
11.192583
25.443854
49.650099
4.4069276
6.522418
9.8666594
22.892068
48.041479
3.979239
5.9633023
8.9540697
20.832263
46.16458
3.170332
3.4347253
1.6447059
0.51494448
2.0597711
3.1917408
3.2267809
1.4134445
0.54827464
2.27286
3.241672
2.5580823
1.0515543
0.74304204
2.1011796
2.7687303
1.7760256
0.74740332
0.91290025
1.8255821
2.1891957
1.3550083
0.57321262
0.9107309
1.8290097
30.328835
27.416722
23.467396
19.773848
17.307448
32.527823
29.369563
25.038122
20.942557
18.230093
33.943397
30.478186
25.670877
21.178053
18.292937
32.029966
28.575899
23.919733
19.773352
17.106972
30.544394
27.277015
23.116395
19.094842
16.24274
30.708574
27.580712
23.112853
18.664926
15.758993
31.006742
27.349962
22.231102
17.627445
14.793699
29.321896
25.297207
20.205671
15.698539
12.830332
26.157943
22.484679
17.303387
12.7493
10.136434
24.700161
19.993969
14.450288
10.534329
8.16512
55.578891
49.57135
42.351291
36.287708
32.499246
56.61047
50.604786
43.336321
36.982198
32.919884
57.06966
50.924793
43.091757
36.076381
31.530073
56.487747
49.281447
40.423977
32.843528
28.227729
56.015401
48.054631
38.704629
31.333282
26.882868
3.5985543
1.3320462
-1.7471062
-4.7113574
-6.8809047
3.9566204
1.8421377
-1.1749757
-4.3057909
-6.5634714
4.0235579
1.9162692
-1.2253888
-4.3452296
-6.407073
3.2943998
1.1399255
-1.8078277
-4.5149066
-6.2691276
2.5260837
0.57657306
-2.0944872
-4.6215922
-6.2587543
2.1744767
0.26207217
-2.38266
-4.7543124
-6.2426761
1.3956264
-0.36150158
-2.6403163
-4.5936548
-5.8097608
0.55611388
-0.8164853
-2.4562465
-3.8479251
-4.7452298
-0.13665394
-0.99014801
-2.0860144
-3.144181
-3.9030343
-0.34249249
-1.0461128
-2.0439844
-2.9791448
-3.571961
14.418044
11.969688
8.5112731
5.2631352
3.173909
13.449311
10.893962
7.4434058
4.3237301
2.3447482
11.459832
9.0293232
5.8922287
3.0713931
1.3409995
8.9815977
6.8210571
3.8998759
1.5645966
0.35792882
6.8658268
4.5387531
2.1529633
0.72834309
0.012010245
-6.9599882
-8.2900484
-10.117197
-11.888395
-13.119711
-6.3770431
-7.4559476
-8.9940693
-10.506384
-11.53505
-5.1891384
-6.0580487
-7.2913707
-8.4958865
-9.3477955
-4.2853014
-4.9720368
-5.8873195
-6.8657999
-7.6538202
-3.8291875
-4.2959887
-5.0356356
-5.9182186
-6.6170199
22.440521
18.090973
13.470597
9.203346
6.36257
18.807803
15.064822
9.8901786
5.5354939
3.4661408
14.255865
9.5562748
4.6231494
2.4980288
2.0580887
7.512398
4.0340012
3.167338
3.164876
2.8172508
3.3381659
3.8664319
3.9593506
3.461798
3.2208463
3.5339935
3.6463025
3.6142231
3.597182
3.4303567
3.708903
3.5290711
3.6608266
3.6177915
3.4729635
4.0021855
4.3509877
4.4645447
4.4817987
4.5933114
4.8764123
4.9290287
5.3630623
5.9088968
6.3268369
4.2691511
4.5188391
5.3748725
6.1673503
6.7537934
-0.49734931
-1.1561039
-2.0576121
-2.8465042
-3.308578
-0.67358502
-1.1904312
-1.8407374
-2.3606633
-2.6602989
0.03448602
-0.2162398
-0.48666977
-0.62082568
-0.59569235
1.8088252
1.8307106
1.918989
2.2386726
2.5569171
2.9655133
3.0438794
3.440119
4.0575192
4.4369669
3.2665895
3.4561351
4.1588806
4.8918395
5.378946
4.6332519
5.5277421
6.7264446
7.7299843
8.4732013
8.3450386
9.6267145
11.125681
12.626504
13.760108
11.908727
12.874005
15.019191
17.492773
19.201823
12.149314
13.738007
17.082381
20.440084
22.496307
3.2943956
3.1042539
3.0841516
3.1744454
3.2236857
3.4077349
3.41816
3.564499
3.8527488
4.2952198
4.7375761
5.0200649
5.516588
6.4944541
7.6340597
6.5841977
7.0183957
8.0636385
9.7114379
11.209964
7.0140928
7.628212
8.886028
10.429591
11.605939
5.6815853
6.2630389
7.0788952
7.8098494
8.3024372
8.8888289
9.6478669
10.682248
11.616187
12.288645
14.363285
15.407934
16.741138
18.088358
19.154769
20.061531
21.437234
23.309777
25.323668
26.908054
23.540897
25.193681
27.522613
30.003487
31.960112
11.308771
13.419299
17.258192
21.060123
23.583409
10.649476
12.478481
15.45295
19.004378
22.141953
9.769495
10.717296
12.280836
14.370697
16.484147
7.9720855
8.7785272
10.122793
11.446906
12.280751
6.5116394
7.5054881
9.0208755
10.599771
11.563076
5.9435833
6.9955461
8.4252956
9.9406398
11.09107
5.886033
6.9484374
8.4803691
9.9415874
10.933471
6.6778385
7.6722058
9.2745062
10.978344
12.106563
6.8081717
7.7533006
9.3235945
11.183851
12.574895
6.4175319
7.367951
8.8693681
10.558047
11.924134
1.3676382
1.9901148
3.004386
4.3218315
5.3971299
1.5377317
2.20417
3.2448335
4.4419145
5.3816508
2.8685993
3.4288804
4.2928448
5.35928
6.211792
1.9813456
3.1509402
4.3912106
5.5247161
6.3586917
-0.0087235354
1.9094544
3.762403
5.0840653
5.9563306
