FiniteElementSpace
FiniteElementCollection: L2_2D_P4
VDim: 1
Ordering: 0

-0.24212431
-0.066633509
0.23410859
-0.18205861
-0.9596357
-0.23282684
-0.16870531
0.15852283
-0.25023347
-1.0496468
-0.17991046
-0.085206861
0.1707715
-0.14504667
-1.071847
-0.12407086
-0.025032357
0.17256938
-0.099849184
-1.0016686
-0.22100584
0.1448964
0.19421541
-0.047681198
-0.79766328
0.19783605
1.1823753
1.6170871
-0.66117316
-5.8324862
0.27074572
1.2229801
1.4993773
-0.92861568
-6.6142436
0.38247488
1.190213
1.4443266
-1.1723757
-7.170136
0.4090096
1.1734338
1.4311785
-1.4359256
-7.7154287
0.40561609
1.2081213
1.4298108
-1.5378629
-7.9285587
-54.42881
-51.924757
-48.494425
-45.14981
-42.781546
-54.739411
-52.186077
-48.612929
-44.961243
-42.339618
-55.005539
-52.475458
-48.775134
-44.909247
-42.118883
-54.584423
-51.969776
-48.125978
-44.175898
-41.327624
-53.642328
-51.170553
-47.492418
-43.501241
-40.554418
-0.30448733
-0.023134792
0.2664357
-0.15236157
-0.51127139
-0.16793928
-0.040386464
0.18530396
-0.095250684
-0.75720648
-0.14706311
-0.1028695
0.14337381
-0.063327208
-0.88868575
-0.24253151
-0.14496549
0.2004603
-0.21849111
-0.75093147
-0.29862671
-0.076484388
0.20341496
-0.21274926
-0.57150801
0.29723909
1.3620796
1.5859698
-2.424376
-8.9361531
0.50853157
1.2769034
1.5631775
-2.4418358
-8.9665103
0.67242222
1.1977291
1.5349561
-2.0776041
-8.4684241
0.59479519
1.2277499
1.4815755
-1.7776297
-8.0676337
0.50954404
1.2542691
1.4854596
-1.5328364
-7.6117183
-39.493813
-36.521516
-32.603247
-28.965757
-26.450114
-36.717295
-33.806625
-29.923863
-26.317286
-23.851536
-32.366594
-29.818218
-26.025726
-22.499465
-20.165146
-28.062529
-25.734649
-22.145711
-18.610376
-16.29558
-26.373402
-24.019494
-20.604493
-17.138102
-14.736947
-0.22427422
0.031692617
0.19720578
-0.18133763
-0.97722476
-0.096324038
0.035248429
0.14479711
-0.2398174
-1.2617835
-0.15409553
-0.085248785
0.16084625
-0.24452726
-1.1863122
-0.23572314
-0.058954793
0.14933201
-0.35981501
-1.1565416
-0.16519471
-0.023176669
0.15592418
-0.40444155
-1.4442214
0.10661785
1.2175475
1.997861
-0.3892653
-5.2711017
0.063190648
1.095144
2.0753669
-0.26751704
-5.0687087
0.075687623
1.0678657
2.0872683
-0.16915435
-4.6653154
0.12003172
1.0886627
2.0694323
-0.039445707
-4.0753758
0.17848656
1.0268011
2.1003614
0.24211468
-3.1776262
-26.732418
-24.094976
-20.476255
-16.94744
-14.534114
-27.249608
-24.589141
-20.983184
-17.576288
-15.230128
-27.422148
-24.672476
-21.071222
-17.64329
-15.349864
-27.184548
-24.211981
-20.490865
-17.224234
-15.116212
-27.233377
-24.623362
-21.078321
-17.807429
-15.607184
-1.8337548
-0.13676658
2.0630512
3.9087516
4.957421
-2.8270716
-1.111474
1.1674833
3.1477642
4.3171332
-3.8112468
-2.174096
0.057185061
2.0753898
3.3156708
-4.372547
-2.8424758
-0.74941691
1.172653
2.3900216
-4.8635803
-3.3578899
-1.3340169
0.49034814
1.6362006
-0.10894257
0.007227516
0.11925379
-0.56861117
-1.1139284
-0.13381931
0.085825842
0.059290083
-0.42492997
-0.87141444
-0.035329239
-0.0084255262
0.13522325
-0.39602154
-1.2891464
-0.058325133
-0.019489128
0.14463943
-0.21985161
-0.90212155
-0.22095458
0.13155163
-0.025469843
-0.37689016
-0.7172439
0.44068379
1.0695249
2.1317758
1.6135697
-0.6557585
0.56819156
1.0470039
2.1280862
1.7482782
-0.38004894
0.61577771
1.1198075
2.0749892
1.8699178
-0.20338993
0.57143588
1.1330344
1.9539603
1.984021
0.24132987
0.62825861
1.0567943
1.8286922
1.9748364
0.61687705
-22.906619
-20.313774
-17.169819
-14.379914
-12.683415
-21.29835
-18.187868
-14.67831
-11.943049
-10.36568
-18.832893
-15.479737
-11.596221
-8.6897394
-7.0962011
-17.349339
-14.359873
-10.726106
-7.7520115
-5.9809297
-17.337342
-14.60418
-11.433939
-8.5472899
-6.5978784
-6.4415105
-5.4346605
-3.8046872
-2.0520045
-0.81850954
-5.8545023
-5.2541086
-4.1715569
-2.8570428
-1.8479409
-2.6886701
-2.7476415
-3.0019435
-2.8941719
-2.4907118
1.0097483
0.86838562
-0.055404805
-0.99719885
-1.3522787
2.4256448
2.8138677
2.4682546
1.3691994
0.49662174
-0.12817069
0.06496125
0.020353001
-0.28613931
-0.4680939
0.0066215485
0.057972425
0.050618241
-0.59899571
-0.76915225
-0.012798726
0.28662941
-0.30297023
-1.3393878
-0.6943042
0.0074059398
-0.038491894
-0.29902008
-0.27700833
0.79919001
0.032859299
-0.264049
-0.10360429
0.4344707
1.1793821
0.071891706
1.0136049
1.4185555
1.4746433
1.0621169
-0.067042843
0.92996333
1.3277847
1.3752186
1.1017822
-0.19699783
0.91323774
1.2629772
1.1256508
0.94194081
-0.2783751
0.88216025
1.3039354
0.94522979
0.59093783
-0.35120911
0.71879819
1.3119829
0.93775138
0.348345
-25.864361
-23.874071
-21.125874
-18.007484
-15.89895
-27.04445
-24.993096
-21.652317
-18.579249
-16.968944
-28.122805
-25.127222
-21.331446
-19.131485
-18.076315
-28.223688
-24.181153
-21.275597
-19.743416
-18.738953
-27.980541
-24.251402
-21.780873
-20.37487
-19.482465
-3.7845108
-1.1996082
2.8129004
6.3092167
8.0492495
-5.7531912
-3.1770471
0.82358879
4.7918683
7.1542852
-8.7334705
-6.3020431
-2.3375305
1.9254318
4.8069481
-11.271879
-9.2921516
-5.6785028
-1.3460799
1.8103652
-12.388336
-10.709031
-7.71822
-3.7224901
-0.48538604
-1.3780946
1.7332839
-0.30180239
-0.31906201
0.95800727
-0.048671524
0.62717831
-0.11740047
-0.044215824
-0.018329858
0.14637987
0.14494036
0.0041080566
-0.0023688092
-0.12142503
0.097044997
0.012744395
0.084956117
0.41217268
-0.071637791
0.13202764
-0.11012215
0.11961142
0.48718351
-0.30734363
-0.66273874
0.087565827
0.87060227
1.3204045
1.2431788
-0.87885518
-0.084870975
0.72202728
1.254418
1.5312042
-1.0519279
-0.44742663
0.33925142
0.94768176
1.3785433
-1.2047403
-0.68250103
0.078701148
0.49821736
0.69436825
-1.6405478
-0.83755289
0.2409524
0.87771881
1.4893459
-24.688713
-23.336928
-21.326512
-20.534694
-19.045798
-20.679974
-17.861391
-16.956065
-16.931532
-16.496709
-18.594444
-16.386069
-14.743103
-14.011241
-13.93474
-17.019168
-15.563195
-12.813977
-11.741518
-11.196578
-13.76773
-11.007265
-10.133097
-8.4810989
-7.4860213
-7.9361384
-6.9576269
-5.9785912
-5.3321153
-4.9899865
-6.7557992
-5.2928631
-3.8149825
-2.9605117
-2.6166186
-5.9467383
-3.8863915
-1.7317871
-0.44053712
0.11682625
-5.3265205
-3.1471087
-0.90677847
0.98151814
2.0207057
-3.6813479
-2.9809096
-0.85641081
1.578487
2.8597186
-0.055204283
-1.7736133
-2.0538783
0.059902219
0.34428897
-0.12523099
-1.7268793
-1.9517371
0.15165094
0.23930318
-0.069901552
-1.68496
-1.871597
0.24719541
0.17546982
-0.24246195
-1.6576791
-1.8758539
0.26953038
0.18958119
-0.26025839
-1.675548
-1.7966866
0.3691095
0.16472715
-0.1718601
-0.020366939
0.15971475
-0.40200999
-1.4603281
-0.22243622
-0.080654076
0.15095526
-0.36332274
-1.1863579
-0.15608947
-0.07622815
0.16247684
-0.24080873
-1.2230746
-0.096384525
0.012223842
0.14130345
-0.24762151
-1.2845162
-0.22363327
0.099425094
0.21107523
-0.16656593
-1.0546897
-0.21605146
-1.6851546
-1.7606388
0.46957322
0.11004769
-0.28845617
-1.6601339
-1.7700321
0.45003407
0.074022857
-0.28041453
-1.6126725
-1.7310937
0.39316074
0.15631934
-0.34682465
-1.4918646
-1.8006024
0.34567542
0.26576086
-0.48731658
-1.3667005
-1.7955821
0.33507534
0.3418265
-0.58727825
-1.4019755
-1.7317397
0.3161569
0.3491294
-0.48454862
-1.4925361
-1.6671292
0.1992657
0.38786373
-0.41880488
-1.5020443
-1.6084933
0.10337183
0.49264383
-0.49181779
-1.4573452
-1.6746368
0.1987487
0.5139232
-0.59628137
-1.3471182
-1.7679152
0.36680778
0.44675935
-0.29222079
-0.050399315
0.25165442
-0.17915312
-0.71664354
-0.22506045
-0.18874168
0.18677641
-0.19020906
-0.81045479
-0.14622149
-0.084239899
0.14371056
-0.052174213
-0.87856197
-0.17346614
-0.067725638
0.18602185
-0.087272421
-0.77187777
-0.27139551
-0.026204997
0.22751613
-0.12557027
-0.59424858
-10.243064
-17.169419
-28.690398
-42.748958
-52.810722
-11.442545
-18.501457
-30.025396
-43.742978
-53.318653
-12.230516
-19.330836
-30.442672
-43.923017
-53.674541
-12.625758
-19.262004
-29.578501
-42.968162
-53.335498
-12.490235
-18.614841
-28.400329
-41.337232
-52.114873
-12.605808
-18.659882
-28.245634
-40.790731
-50.781725
-13.051036
-18.955478
-28.247801
-40.180878
-48.953879
-12.919968
-18.626655
-27.061778
-37.591174
-46.033869
-12.797553
-18.296794
-25.511868
-34.369885
-42.568891
-12.520581
-17.766911
-24.133348
-32.093506
-39.975976
0.44199767
1.1775693
1.4625996
-1.5803581
-8.0621331
0.58814442
1.1275167
1.5416795
-1.8073758
-8.5751755
0.66220808
1.0927669
1.6393952
-2.2160307
-9.0224798
0.48958378
1.2005181
1.6650018
-2.4770441
-9.2474733
0.30298
1.3346415
1.6230992
-2.3905363
-8.9617704
-52.223545
-49.803557
-46.067332
-42.085874
-39.155882
-49.993967
-47.466427
-43.665508
-39.670866
-36.794681
-47.29047
-44.751952
-40.943942
-37.007132
-34.254234
-43.971573
-41.325013
-37.341617
-33.41017
-30.67142
-41.170793
-38.195554
-34.221679
-30.458407
-27.81554
-0.62524856
-1.354758
-1.7639414
0.39658946
0.41506121
-0.46624471
-1.4874788
-1.68887
0.2868823
0.4338562
-0.37135019
-1.5491388
-1.6381236
0.23522928
0.44564093
-0.48891033
-1.5120549
-1.6916646
0.30521382
0.41972328
-0.62233975
-1.4212485
-1.7461859
0.33543708
0.42600725
-0.56431238
-1.3832847
-1.7941113
0.3022187
0.43864273
-0.39950554
-1.5194237
-1.7336026
0.20576408
0.34976821
-0.31657016
-1.6400682
-1.6225954
0.090897168
0.17955933
-0.39373198
-1.6125648
-1.7323622
0.14856165
0.0020890294
-0.26876842
-1.6527691
-1.7889595
0.28281042
0.0080109785
-0.23204768
0.075997184
0.18907117
-0.052249539
-0.7048625
-0.11275059
0.038499463
0.17540741
-0.083543607
-0.98136448
-0.1799367
-0.10756079
0.16195501
-0.166797
-0.94782251
-0.2408715
-0.13152562
0.16911428
-0.26270289
-1.0322645
-0.2347242
-0.074076944
0.21569137
-0.18338042
-0.9812161
-12.463147
-17.632489
-23.533169
-30.780065
-38.332817
-12.4343
-17.610624
-22.591411
-28.012235
-35.145985
-12.094954
-17.158311
-21.258731
-24.697512
-30.647756
-11.932699
-16.830893
-20.389364
-22.473392
-26.842862
-11.490105
-16.417779
-19.940061
-21.43218
-25.288969
-11.340398
-16.25628
-19.853907
-21.307727
-25.179858
-11.283902
-16.250002
-19.705389
-21.084181
-24.512652
-10.846058
-16.024474
-19.599783
-20.770535
-23.981647
-10.120575
-15.544117
-19.740625
-21.31224
-24.685952
-9.079194
-14.611274
-19.647649
-22.016971
-25.494381
0.50659443
1.2505534
1.5075944
-1.4685802
-7.5380057
0.5570707
1.2220087
1.5980303
-1.4309059
-7.4835779
0.57168338
1.2662084
1.7367654
-1.1874719
-6.9913921
0.33091715
1.3162727
1.8496074
-0.92699064
-6.3884015
0.11560935
1.287183
1.9393648
-0.57402538
-5.5754731
-25.192875
-22.796103
-19.394986
-16.149405
-13.964337
-22.65299
-20.391265
-17.211835
-14.172424
-12.134966
-19.039615
-16.980163
-14.160471
-11.560517
-9.8693379
-15.186467
-13.201637
-10.583875
-8.3192461
-6.9301572
-13.565119
-11.426357
-8.6189693
-6.2612798
-4.859341
-13.327454
-11.069252
-8.093466
-5.5218576
-3.9789897
-12.073488
-9.8260118
-6.8365077
-4.2129169
-2.5983362
-11.330197
-9.0444718
-5.9535777
-3.1994306
-1.5059783
-12.024217
-9.6742308
-6.4459207
-3.509674
-1.6760298
-12.875529
-10.556388
-7.3237394
-4.315645
-2.3751826
-26.258317
-23.87402
-20.503785
-17.046395
-14.563461
-25.332289
-22.84265
-19.274591
-15.737752
-13.291108
-24.824423
-22.252241
-18.629613
-15.041687
-12.564295
-25.5626
-22.95862
-19.350057
-15.773838
-13.276797
-26.306844
-23.776978
-20.161845
-16.560321
-14.096155
-0.2447494
-1.6733
-1.8194775
0.22388
0.097858337
-0.22919787
-1.6695507
-1.8975483
0.15163553
0.16216912
-0.10090881
-1.7308429
-1.8885094
0.16693944
0.1752649
-0.18302133
-1.750783
-1.9285106
0.095691519
0.23113901
-0.073007385
-1.7533651
-2.011627
-0.0027220914
0.35307389
0.0036172103
-1.7796367
-2.0182381
-0.1302443
0.39840462
-0.17187057
-1.7571883
-2.0559091
-0.31286841
0.35536222
-0.077973083
-1.7612785
-2.1613389
-0.49563952
0.22913932
-0.083856019
-1.8416117
-2.1649854
-0.7582676
0.065805425
-0.22793057
-1.9474013
-2.1467004
-1.0454768
-0.017956654
-0.17842063
0.0001221834
0.16149
-0.32627612
-1.2278183
-0.11465669
0.022345376
0.13470078
-0.373087
-1.266983
-0.10568474
-0.026766152
0.12775634
-0.46172523
-1.4056028
-0.1876587
-0.0037561373
0.12867668
-0.4455467
-1.1612314
-0.083696992
-0.044853837
0.17388394
-0.58752341
-1.3910439
-8.6293402
-14.184999
-19.605248
-22.320532
-25.95448
-8.3095322
-13.948092
-19.758713
-23.096118
-26.633753
-7.893903
-13.540147
-19.511716
-23.55205
-26.946224
-7.2604509
-12.758177
-18.607564
-23.257328
-26.836068
-6.1173992
-11.569322
-17.471354
-22.623962
-26.627279
-5.5823892
-11.104284
-16.843168
-22.307142
-26.858333
-5.2585377
-10.613428
-16.245641
-21.947973
-26.519697
-4.7409864
-9.8444321
-15.562932
-20.698061
-24.90379
-4.1089704
-8.9868333
-14.449751
-18.709561
-22.987602
-3.3130038
-8.0751812
-13.271626
-17.057422
-21.778328
0.27004239
0.93591508
2.1297334
0.45707096
-2.6676922
0.30426649
0.92182881
2.1459343
0.72333804
-2.2722968
0.33157036
1.0299243
2.142736
0.98317043
-1.8976748
0.39322946
1.1013327
2.1403979
1.2565952
-1.4633428
0.40679574
1.0980674
2.1417121
1.4901186
-0.98537935
-13.342109
-11.043767
-7.7868441
-4.7241381
-2.7696274
-14.028765
-11.769807
-8.6284501
-5.672134
-3.7570688
-14.235713
-12.123235
-9.2033798
-6.4734088
-4.6899794
-14.067576
-12.106474
-9.387141
-6.8391686
-5.1860355
-14.489279
-12.504842
-9.7945339
-7.2665161
-5.6540832
-14.497924
-12.460504
-9.7449356
-7.2453572
-5.6999673
-14.492136
-12.491737
-9.6905324
-7.1305417
-5.5515567
-14.306172
-12.491635
-9.8826108
-7.4273481
-5.8256954
-13.778152
-12.188528
-10.055251
-7.9930419
-6.551991
-12.602999
-11.27889
-9.5691033
-7.9467002
-6.84517
-27.434784
-24.941204
-21.457425
-17.955618
-15.585812
-26.780389
-24.117221
-20.856553
-17.726757
-15.559651
-25.632921
-22.878891
-19.815688
-17.105468
-15.235476
-24.307648
-21.980476
-19.219962
-16.417672
-14.595457
-23.530261
-21.309416
-18.232577
-15.203231
-13.39042
5.421753
6.1879316
6.9640602
7.3669524
7.4567769
4.8479235
5.7537097
6.7571075
7.3817826
7.6025595
3.8945239
4.9166507
6.1298538
6.9831985
7.3512681
2.9769556
4.0507051
5.4168111
6.4969767
7.0407195
2.1942134
3.2315231
4.6225897
5.8469466
6.5566449
-4.9684872
-3.5698831
-1.6494029
0.12759598
1.2371253
-4.7959464
-3.4003231
-1.6061165
-0.070785667
0.88585493
-5.0200946
-3.5367302
-1.6211626
0.0051322794
0.95454647
-5.7936778
-4.3512633
-2.3386433
-0.4541866
0.66262234
-6.297664
-5.1630666
-3.338685
-1.4407999
-0.20509419
-0.11982064
-2.032653
-2.154959
-1.2616311
-0.059182954
-0.21422312
-1.7933606
-2.1580403
-1.6420788
-0.25630487
-0.37283058
-1.3791976
-2.2659499
-1.9093564
-0.32875786
-0.15200142
-1.3375437
-2.3952516
-2.1562243
-0.26087528
-0.16721158
-1.4676523
-2.4313845
-2.3658245
-0.25325018
-0.376908
-1.3109304
-2.446358
-2.4951778
-0.34587452
-0.19032083
-1.0647051
-2.459698
-2.6311877
-0.51396396
0.013745176
-0.89793352
-2.5413482
-2.7116242
-0.53664393
-0.12543242
-0.63242761
-2.6499557
-2.6834844
-0.55539029
0.017537373
-0.55449941
-2.7308464
-2.5134811
-0.6162885
-0.0241716
0.026283972
0.071807507
-0.59837252
-1.3730454
-0.005622637
0.034568333
0.12687575
-0.46765254
-1.1074962
-0.14088761
0.13924602
-0.019154939
-0.30052078
-0.46223751
0.035371496
-0.035193592
0.094359931
-0.23359079
-0.90635268
-0.036049237
0.089969397
0.018378255
-0.50093714
-1.0482932
-2.7718674
-7.5799184
-12.818876
-16.399168
-21.139295
-2.1780443
-7.0551124
-12.428546
-15.18317
-19.276974
-1.738099
-6.4879064
-11.875825
-13.625414
-16.776617
-1.2196303
-5.8304015
-11.292701
-12.986992
-15.560293
-0.66414638
-5.2597943
-10.815487
-12.931139
-15.590264
-0.35285453
-4.9283025
-10.653128
-13.033895
-15.671902
0.019614066
-4.4871641
-10.34567
-13.328319
-16.505417
0.20695395
-4.106292
-9.9419011
-14.077929
-18.617332
0.25680686
-3.7365734
-9.6651716
-15.102661
-20.81444
0.33689683
-3.3928308
-9.3626834
-15.645622
-22.344572
0.70859775
1.0168033
1.710537
1.9548814
0.77547119
0.58344514
1.0742799
1.5528861
1.8316848
1.0460092
0.52153526
1.1241377
1.5332994
1.5964222
1.0387753
0.44931869
1.1033361
1.536399
1.4933921
0.95763273
0.20731296
1.0697774
1.4612107
1.4808404
1.0263135
-11.953157
-10.729893
-9.2012877
-7.8276934
-6.9149677
-9.6539355
-8.4798817
-7.2992538
-6.5697175
-6.1256581
-6.3807314
-5.1594705
-3.8536597
-3.0832165
-2.7885779
-5.1583306
-3.5573518
-1.4517238
0.14691903
0.81983951
-5.6301429
-3.7314549
-1.1312164
1.0041952
2.050038
-5.8961027
-3.892631
-1.312439
0.8517512
2.1093979
-7.1805126
-5.1203129
-2.1807636
0.53091676
2.1545728
-10.145697
-7.9766027
-4.5724892
-1.1563035
1.0398213
-13.153023
-10.942976
-7.6748627
-4.2300315
-1.7068372
-14.438688
-12.528876
-9.6504978
-6.4860895
-4.0790943
-17.58055
-15.193348
-12.172627
-9.1351017
-6.9940824
-18.862137
-16.679744
-13.548616
-10.394783
-8.24525
-21.144259
-18.955862
-15.942713
-13.107776
-11.173425
-23.549575
-21.551881
-18.834582
-16.164805
-14.227776
-25.190159
-23.168422
-20.490844
-17.646499
-15.508561
2.6682002
3.4151937
3.5931625
2.7594956
1.7910606
2.8845678
4.0665449
5.0657822
4.9980805
4.2722669
2.0774117
3.876182
5.8700646
6.9310551
6.9987735
-0.37479446
2.1163051
5.1861296
7.3318426
8.2190785
-2.7440823
0.013940285
3.849952
6.8308046
8.197733
0.15394408
-0.74370923
-2.7585091
-2.4026031
-0.64888597
0.21544472
-0.72642895
-2.7449532
-2.2423487
-0.66827662
0.53937222
-0.69222057
-2.7385977
-2.0391577
-0.68572325
0.69482578
-1.1478585
-2.7452958
-1.846139
-0.74800464
0.58980559
-1.4937068
-2.6913124
-1.7211156
-0.86238055
0.47837859
-1.3291538
-2.5775788
-1.7166496
-0.9148132
0.16881309
-1.5076533
-2.5518954
-1.6507294
-0.91138463
-0.63983556
-2.0626088
-2.52615
-1.6529232
-0.90276924
-1.437368
-1.9836705
-2.225495
-1.8683121
-0.95600932
-0.86046622
-1.7319838
-2.1377801
-1.9553841
-1.0401283
0.12221794
0.25743305
-0.035281046
-0.1740266
0.59667106
0.006520056
0.14326978
-0.26726672
0.062797158
0.98597341
0.14651399
-0.67979544
-0.10202886
1.0110622
0.53331006
0.49223248
-0.45435793
0.74718762
0.51083571
-1.2311611
-0.17665129
1.2363103
0.62687603
-0.47778915
0.16311106
0.42428616
-3.1882423
-9.1590874
-15.761295
-23.010152
0.59729485
-2.8218456
-8.8309976
-15.964194
-23.929909
0.70121092
-2.2968299
-8.304807
-16.073253
-24.796767
0.55525727
-1.7896922
-7.6100761
-15.67786
-24.773709
0.42611911
-1.3525174
-6.9874784
-15.030045
-24.406289
0.33144441
-1.2250764
-6.6335425
-14.675029
-23.846982
0.21661474
-1.2986844
-6.191723
-13.805807
-23.480579
0.58901553
-1.0689885
-5.6520986
-12.771884
-21.271078
1.1677936
-0.80298054
-5.439473
-12.835483
-22.1568
0.96354152
-0.54917758
-5.4050754
-14.886272
-24.715932
-0.39243973
0.60171698
1.2452066
1.0073281
0.28341915
-0.48210509
0.44021316
1.1729968
1.1869523
0.45088457
-0.41980971
0.28971573
1.0528758
1.2610199
0.80401722
-0.42891524
0.19443697
0.96604868
1.259171
1.1651892
-0.54566774
0.13397086
0.92401472
1.3014024
1.3087355
-15.055493
-13.415972
-10.54078
-7.2855579
-4.9739864
-16.333593
-14.809553
-12.236777
-9.2777747
-7.0038904
-17.419539
-16.164013
-14.164971
-11.814073
-9.8698351
-18.219759
-17.283723
-15.685274
-13.714903
-12.149402
-19.130231
-18.277189
-16.646819
-14.677635
-13.202578
-19.610683
-18.751903
-17.128588
-15.300384
-13.848714
-20.169122
-19.05849
-17.390549
-15.69065
-14.536865
-20.165939
-18.453251
-16.266383
-14.564694
-13.701998
-19.853035
-17.361957
-14.390659
-12.186675
-11.126613
-18.952032
-16.5238
-13.382285
-10.689585
-9.2834813
-27.675883
-24.524138
-22.002147
-20.867245
-19.966713
-27.844222
-24.522149
-22.596424
-21.524298
-20.571397
-26.847669
-24.803237
-23.615057
-22.405709
-20.958159
-27.794962
-26.850338
-25.401394
-23.338467
-21.133309
-26.918443
-26.146876
-24.74725
-22.623069
-20.353061
-12.975364
-11.250923
-8.4776361
-4.9485707
-1.9070434
-13.938434
-12.488772
-9.8397795
-6.5980269
-3.9485551
-13.311498
-12.414187
-10.713884
-8.3667391
-6.2871024
-10.711198
-10.04757
-9.2264448
-8.1264974
-6.9059555
-8.7494123
-7.8566425
-7.0391006
-6.4818473
-5.9821664
-0.41134367
-1.6183842
-2.2732136
-1.842164
-1.1450534
-0.59240788
-1.3765532
-2.1187298
-1.8378329
-1.2424543
-0.62357155
-1.2700107
-1.7106739
-1.768118
-1.378392
-0.63423994
-0.93702198
-1.1995809
-1.5365765
-1.4285774
-0.42390303
-0.50290796
-0.90698576
-1.2477228
-1.6587996
-0.27911502
-0.32510481
-0.9119351
-1.316014
-1.6314508
0.060950987
0.097423365
-0.77199673
-1.6442031
-1.749504
-0.25520483
-0.16072324
-0.34417491
-0.39631814
-0.1114923
-0.61887104
-0.65526716
-0.43809294
-0.066415234
0.69814637
0.29601296
0.2670457
0.36102635
0.90024059
0.91260592
-0.050544518
0.11582479
-0.0080450215
0.078754897
-0.3761112
0.016770145
0.41198722
0.078300623
0.1666046
-0.21703456
0.10514407
0.00015238785
0.16227766
0.45280083
-0.13275663
-0.08888661
-0.086677291
0.11070796
0.040374781
-0.33140048
-0.01055125
0.17417332
0.22797919
0.33355603
0.25065017
0.80743147
-0.27350947
-5.2843278
-15.367206
-24.030105
1.4704008
0.1469376
-4.380326
-11.909323
-19.974974
1.7710051
0.57959016
-3.1658824
-8.8304792
-16.019234
1.0410029
0.71241436
-1.7637816
-7.2373652
-13.523984
1.2472316
1.2193168
-1.1175755
-6.6713706
-14.550712
2.6017378
2.0313392
-1.2535867
-4.3289808
-9.1592138
1.4297088
2.6323676
0.24567329
-5.9371212
-4.1076212
0.44636021
-0.53287239
2.8469684
0.76914693
-1.7328893
0.10649751
2.2200839
-2.4456231
-1.5365995
0.8019441
0.26639717
2.149875
-0.8844784
-3.4436694
0.025333173
-1.8816798
-1.7612227
0.22012216
1.6814737
1.7854931
-1.4312012
-0.12234725
0.068008099
0.012645598
0.74040906
-0.05194133
-0.20374204
0.53356933
0.49891155
0.20308823
0.92546857
1.8461503
-0.60567652
-1.7917443
-0.5018658
0.78547812
1.921279
-0.79454332
-2.4431681
-0.11507067
-17.918649
-16.127078
-13.094332
-10.269307
-8.6606257
-16.203877
-15.021667
-12.533754
-9.5893247
-7.6379108
-13.643163
-13.143819
-11.620872
-9.0406348
-6.9802343
-11.447672
-11.172737
-10.224124
-8.5766189
-6.6926994
-8.1045918
-8.5918536
-8.6311178
-7.129667
-4.8596129
-5.435148
-6.2118945
-5.6616368
-3.979362
-4.6936501
-3.331448
-3.8133773
-5.7454141
-6.827488
-6.0505424
2.3442334
1.967458
4.6878358
4.3127535
2.067764
7.5358646
8.0081878
0.66677409
-0.79714587
2.3622676
2.4397759
1.9202709
-2.3696164
-2.3704534
0.43418783
-10.158207
-7.4610709
-5.8363974
-5.7492867
-5.8053278
-2.3782386
-3.4346439
-2.520583
-1.6819138
-3.1299323
-7.3546959
-11.166839
-6.7083788
0.77692467
2.8654937
-5.0689841
-0.63404333
3.0726105
8.5164769
7.7302838
4.5577405
1.2410059
4.708551
4.4331856
4.1855077
-5.2812307
-4.3794171
-1.3089311
1.9853253
3.4429664
-5.2543939
-3.6256001
-0.81912254
2.7179452
4.7954214
1.3635813
1.0422239
2.7734998
4.424724
5.0297646
3.6196127
4.5736044
4.52631
5.673934
7.1193004
1.2961996
4.663342
6.3261201
6.4251335
2.9867754
