FiniteElementSpace
FiniteElementCollection: L2_2D_P4
VDim: 2
Ordering: 0

1.2307032
1.1560616
1.1300928
1.3308459
1.6270062
1.4110362
1.2488035
1.0222115
0.97789838
1.1508822
1.8217033
1.6438101
1.2969267
0.94675215
0.82106479
1.9396189
1.8321153
1.5552096
1.1684111
0.89212004
1.5998647
1.5630539
1.3302855
0.98570181
0.75365573
5.9954542
7.3007296
9.5168432
12.060017
13.956045
5.289695
6.4890212
8.5493275
11.008651
12.913985
4.0501589
5.2095766
7.187296
9.5223003
11.344352
2.532007
3.5611707
5.4394619
7.6902927
9.4472443
1.9417228
2.7660973
4.4296307
6.6494799
8.4082301
23.987396
25.212004
27.029334
28.84404
30.07519
23.253881
24.520339
26.411921
28.321577
29.628938
22.250267
23.607812
25.627499
27.669551
29.077786
20.943552
22.459157
24.713675
26.97447
28.523565
19.919562
21.52209
23.945718
26.398683
28.067214
35.905342
36.539477
36.918207
36.741497
36.365529
35.734924
36.389303
37.071145
37.296091
37.048385
35.84254
36.554434
37.299791
37.553091
37.310905
36.145646
36.973301
37.798397
38.103951
38.006002
35.988688
36.849401
37.816858
38.321865
38.366946
-0.89232867
-0.98377971
-1.147129
-1.3511756
-1.557238
-0.87379606
-0.83708412
-0.71136524
-0.55516189
-0.51509768
-1.2446584
-1.1257183
-0.73742297
-0.028882566
0.55540358
-1.8732689
-1.7617933
-1.3530693
-0.41267979
0.54993713
-2.2831131
-2.1900852
-1.8485877
-1.0428055
-0.19553435
-4.2850135
-4.4281831
-3.7543592
-1.7237836
0.2680509
-2.8257339
-3.5644261
-4.445398
-4.4355907
-3.4754441
1.1567625
0.54794904
-0.81421273
-2.6281315
-3.8173046
5.2103947
4.9636363
4.2916514
3.1619216
2.0661073
7.9367192
8.0212654
7.4509351
6.2086526
4.9585614
14.486488
16.541724
19.221823
21.866565
23.765152
10.795333
13.7399
17.813213
21.373368
23.610179
3.8031035
7.4356366
12.935729
18.284878
21.665189
-1.053709
1.8538042
7.0217198
12.827762
17.027212
-1.8591444
-0.2188953
3.8163123
9.0394856
13.140902
35.521487
37.306743
39.639138
41.513043
42.473096
35.526148
37.373031
39.874656
42.022602
43.199973
36.05924
37.910244
40.431829
42.680536
44.002098
36.974208
39.138109
41.888522
44.241092
45.661829
37.009027
39.685863
42.9767
45.62209
47.099965
-1.2032241
-2.4142507
-3.5180739
-4.0381759
-4.1551804
0.36817771
-1.3439287
-3.1005122
-4.0168314
-4.2831907
2.9168468
0.95226328
-1.5810785
-3.3999679
-4.1594315
4.9853274
3.4064061
0.63220742
-2.0348129
-3.4050364
5.9563167
4.6925009
2.0174103
-0.82751587
-2.4407436
-2.9265225
-0.70337453
2.7196533
6.3017138
8.7839604
-4.1618571
-2.2515317
0.94321631
4.4915127
6.9947123
-5.1715191
-3.4614672
-0.69975114
2.3912719
4.7153135
-5.6545939
-4.1182388
-1.6384694
1.1540451
3.2351928
-5.5964873
-4.2655838
-2.0103257
0.63764706
2.6211059
20.670531
21.509348
22.691483
24.089812
25.366417
20.307355
21.892385
23.765092
25.468465
26.726759
18.520011
20.595579
23.381361
25.8554
27.45058
17.040915
19.090008
22.079965
24.95999
26.846836
16.277069
18.381192
21.322984
24.323494
26.343021
37.048514
39.892375
44.521202
49.549946
53.067104
38.217339
40.824992
44.991618
49.528103
52.784405
38.377755
40.770245
44.54452
48.630952
51.578268
38.003381
40.181167
43.624062
47.373773
50.108215
37.96279
40.030139
43.261493
46.771693
49.336911
4.7174112
5.9759702
7.0960622
6.5871474
5.1331808
4.2380951
5.3523626
6.6948882
7.0453114
6.3104808
4.2616714
4.9666418
6.0938715
7.0423417
7.2086832
5.1863481
5.4892785
6.1106364
6.8590382
7.3157253
6.2332833
6.4549576
6.7405233
7.0214369
7.2761135
0.82636929
1.7333985
2.8386503
3.9527387
4.79493
2.3921937
3.3798091
4.6851148
5.9079462
6.6713467
4.240152
5.3524765
6.9178829
8.4984923
9.5175187
5.6454918
6.8581652
8.6197642
10.412214
11.67382
6.6634729
7.8906219
9.7715175
11.703053
12.991113
14.098631
16.234772
19.596155
23.081904
25.431615
14.547194
16.621693
19.826603
23.216942
25.601429
15.369575
17.402178
20.612788
23.88604
26.202841
17.090482
18.505014
21.528439
25.066291
27.349389
19.591087
20.305686
22.27543
25.717167
28.426713
39.017977
41.423268
44.58334
47.128924
47.708552
39.572516
42.056632
45.287953
46.674851
45.825801
40.715316
42.835081
45.027587
44.071039
41.142796
41.578903
42.927509
42.197676
38.20972
34.08546
41.2372
41.308704
38.444737
32.923565
28.535297
23.988595
25.80421
27.80711
29.077954
29.564409
22.078425
24.016818
26.390946
27.997766
28.612981
19.215556
21.238179
23.872922
25.86314
26.804612
16.744691
18.76286
21.471339
23.660637
24.819625
15.54708
17.542725
20.332991
22.677293
23.932714
12.868378
14.683982
17.612315
20.771415
22.940162
10.966146
12.789643
15.717086
18.85071
21.016628
8.7095698
10.346121
13.031453
16.012878
18.146382
7.1066852
8.5294058
10.916706
13.660635
15.696104
6.4365696
7.7856418
10.046115
12.615472
14.53491
33.274888
33.851007
34.338282
34.522327
34.320632
33.49709
34.165868
34.961694
35.550132
35.862485
33.134019
34.026225
35.120322
35.988627
36.484287
31.835678
32.95289
34.455833
35.668509
36.243741
30.991818
32.1356
33.660111
34.969059
35.786301
29.814968
30.449858
31.296132
32.187537
32.898625
28.928119
29.815656
31.129666
32.350828
33.119017
27.267826
28.372833
30.012084
31.591654
32.630668
25.374708
26.544335
28.270188
30.029028
31.240058
24.50179
25.68325
27.439163
29.183313
30.382124
32.957654
32.38082
31.366592
29.328732
26.110006
34.537401
33.423095
31.543871
28.969117
25.793189
35.349728
33.934233
31.298472
28.015187
24.823613
35.889683
34.711649
32.062606
28.323556
24.924294
35.828324
34.846341
32.660839
28.991789
25.159727
34.11995
33.987084
33.864066
33.577691
33.183276
36.007116
36.172885
36.079873
35.575797
34.932181
36.695773
36.978277
37.033443
36.567107
35.844714
36.442873
36.760156
37.005254
36.829277
36.302641
36.201146
36.779848
37.035418
36.694241
36.17111
-0.15648046
0.20138227
0.64089079
0.97657388
1.1453755
-0.61205413
-0.38546342
-0.13824971
0.03488947
0.11669335
-0.69678466
-0.60953331
-0.59778359
-0.7032925
-0.84379328
-0.53715066
-0.47461124
-0.53405787
-0.73684489
-0.94896661
-0.60280222
-0.4815028
-0.52257757
-0.7135627
-0.87332179
1.8257978
2.2986133
3.1927093
4.375866
5.3963301
1.3121421
1.7298921
2.5838907
3.7381522
4.7258193
0.82810236
0.9904599
1.5910962
2.6028341
3.5171465
0.77816486
0.67531164
0.84049521
1.4314591
2.100764
0.65586411
0.54150732
0.59375503
1.0301081
1.590024
0.5394129
0.4143447
0.41725623
0.78241882
1.3014356
-0.081800744
-0.14214921
-0.054520261
0.29342868
0.72623322
-1.7303986
-1.7100428
-1.5064952
-1.0488311
-0.56041608
-2.7893592
-3.0879614
-3.3061107
-3.121937
-2.7052512
-2.1897967
-2.6572213
-3.3615153
-3.948009
-4.1241442
1.2148469
1.2879115
1.178733
0.87392908
0.63527475
0.14877009
0.22392943
0.25474994
0.12967428
-0.015365324
-0.92609877
-1.0674253
-1.3098475
-1.5703216
-1.7013804
-1.0660034
-1.2936744
-1.7195621
-2.2359051
-2.6098403
-0.95653792
-1.1128496
-1.3487229
-1.6563406
-1.9694904
14.948818
16.940638
19.736631
22.083753
23.380568
13.919738
15.898564
18.722242
21.204603
22.61577
12.331122
14.336525
17.289098
19.972986
21.544292
10.413926
12.450061
15.530705
18.398199
20.145188
9.3261694
11.258559
14.296575
17.249648
19.082573
8.7129865
10.657926
13.682396
16.653566
18.489771
7.351071
9.223893
12.241484
15.275165
17.232907
6.1683
7.8554302
10.631245
13.571099
15.521202
4.7166385
6.6087503
9.4642617
12.390564
14.373391
3.0545628
5.1050945
8.2853596
11.650233
13.894766
1.6506974
2.4394471
3.9595986
6.0423074
7.7826771
1.0230274
1.7943428
3.2472447
5.0298577
6.4957021
-0.24595342
0.50946084
2.0008383
3.8999016
5.3739722
-2.3945306
-1.647874
-0.16905741
1.9364328
3.7527338
-4.0934269
-3.6631987
-2.2321589
0.072670297
1.9994719
30.681828
31.802142
33.31213
34.675617
35.507547
30.276849
31.481129
33.096903
34.513092
35.354674
29.78301
31.106103
32.89794
34.474951
35.419435
29.300138
30.759317
32.761209
34.564399
35.652834
28.895437
30.445775
32.542713
34.398753
35.50121
28.599733
30.27274
32.549451
34.571073
35.785171
27.81906
29.61807
32.130616
34.433486
35.861182
26.643855
28.567632
31.279278
33.818365
35.441907
25.490677
27.545098
30.484805
33.271763
35.058928
24.80604
26.857312
29.868957
32.798489
34.699983
19.326854
20.948579
23.407224
25.944126
27.710609
18.129725
19.811224
22.377285
25.023063
26.876039
16.433963
18.185976
20.874275
23.674479
25.6412
15.265339
16.927984
19.556339
22.38709
24.432499
14.867659
16.534417
19.066867
21.788497
23.767689
36.10457
35.236034
33.114823
29.349533
25.356959
36.756626
35.73706
33.352176
29.671056
26.002818
37.036828
36.085812
33.890338
30.449413
26.941463
37.865465
37.266549
35.489955
32.069624
28.337859
38.305631
37.828244
36.380634
33.205235
29.25663
39.017563
38.597114
37.172245
33.889315
29.876512
40.119039
39.675257
38.182907
35.031227
31.282725
40.764692
40.451346
39.182139
36.419988
32.979798
41.825491
41.888862
41.191524
38.854509
35.462332
42.363537
42.699495
42.3558
40.359166
36.818999
36.336326
37.270675
38.318321
38.936803
39.058914
36.527861
37.696647
39.051627
39.91525
40.139448
36.21551
37.592966
39.247215
40.356443
40.723114
35.918738
37.483632
39.448825
40.934327
41.604703
35.611322
37.292576
39.454039
41.161894
42.014769
-0.67510035
-0.52620676
-0.5404492
-0.70020494
-0.83721884
-1.1674518
-0.83890338
-0.77730064
-0.85698422
-0.87567267
-2.471111
-1.8682647
-1.428201
-1.3394689
-1.3007979
-3.3798008
-2.9318622
-2.2836843
-1.9813394
-1.928285
-3.1742765
-3.183407
-2.780456
-2.3973927
-2.3056162
-2.7789115
-3.0525407
-2.9513397
-2.6198443
-2.5132846
-1.3117958
-2.2240367
-2.9698612
-3.0038493
-2.8619419
1.5401269
0.21761666
-1.6255263
-2.8190959
-3.1269678
4.0371327
3.011444
0.93211242
-1.3076074
-2.4813981
5.0904614
4.5036535
2.8417925
0.44843064
-1.2323942
-1.708391
-2.122633
-2.8672523
-3.6320476
-4.1053368
-0.53969612
-0.64942184
-1.108682
-1.8735271
-2.4888157
0.83788373
1.4159352
1.8951144
1.739902
1.3894422
1.1426338
2.3799178
4.0009256
5.060844
5.2616201
0.38199845
1.8089503
4.4105135
6.8370767
7.7820539
-0.15963584
1.2210348
3.907023
6.7069718
8.2545006
-0.95131169
0.15283938
2.3204009
5.0341925
7.2353121
-2.0923801
-1.3176084
0.21291415
2.064949
3.3087959
-3.2128755
-2.7023635
-1.7545044
-0.93762177
-0.89956267
-3.8866337
-3.5625975
-3.048368
-2.7673434
-2.5790428
-2.5274784
-2.4707229
-2.1538099
-1.4117885
-0.58215177
-2.8595513
-2.8676865
-2.6589057
-2.0202738
-1.320162
-3.1765519
-3.281198
-3.2646079
-2.8811139
-2.4019532
-2.8294237
-3.2919146
-3.6372756
-3.618608
-3.3903517
-1.9078947
-2.8385529
-3.648681
-3.9814423
-3.9465555
1.3243203
3.6833757
7.4844408
11.14074
13.364618
-2.6885933
-0.41035189
3.7147579
7.3967511
9.4548501
-4.3123608
-4.630885
-3.2697941
-0.1400733
2.3570471
1.2396959
-0.91589188
-3.3958023
-3.5052786
-2.241298
4.2060067
2.4015709
-0.87971736
-2.2400959
-2.1634933
5.2755183
3.3913748
0.29144121
-1.4228964
-1.4422821
9.2865541
7.6328543
5.2450743
3.4504489
2.6849829
14.09908
13.933369
12.844277
11.436333
10.68448
13.785533
15.592295
17.215363
17.723231
17.723736
11.458935
13.919806
16.869622
18.910756
19.817021
8.6940988
9.1061782
8.9337488
7.7859139
6.2025526
8.330046
9.8749723
11.031622
10.899102
9.9834283
4.2660789
6.9292568
10.453567
12.944094
13.883595
-0.39566964
2.1458784
6.1861198
10.18678
12.682184
-1.9442021
0.2184773
3.6894399
7.4729806
10.115634
24.743007
26.719788
29.66986
32.608712
34.563935
24.720077
26.781802
29.711712
32.592107
34.54878
23.283634
26.193542
29.869106
33.047179
35.067269
19.176448
23.239188
28.631459
33.143383
35.757266
15.407554
19.882089
26.340759
32.099322
35.472043
13.695178
18.111677
24.801314
31.143619
34.995531
11.786585
15.734565
22.154657
28.834134
33.260933
14.209375
16.770958
21.523199
27.215984
31.464453
20.712923
22.211651
25.207766
29.191809
32.511241
24.937617
26.308829
28.773974
31.911704
34.563691
-1.2735986
-0.2421831
2.8745293
7.7067841
11.614208
2.5070772
2.6114583
3.7739728
6.8586383
9.9850316
10.43569
10.224218
10.465576
11.524312
13.084277
17.729121
17.809466
18.263411
19.140135
20.099957
20.174979
20.814102
21.818938
23.122581
24.300169
42.835768
43.270723
43.147107
41.096068
37.48492
43.673764
44.28354
44.383386
42.616432
39.411137
44.560929
45.409106
45.935492
44.740634
41.774073
46.282882
47.355862
48.289888
47.446665
44.599118
47.721578
48.875221
50.05636
49.39492
46.682094
48.703533
49.883806
51.030961
50.506924
47.860223
50.608217
52.053761
53.354999
52.959964
50.328632
52.762409
54.967397
56.948541
56.759599
53.921645
54.168915
57.144434
60.139217
60.227316
56.885719
54.616994
57.925195
61.573986
61.679961
57.845468
36.765928
39.823609
43.500163
46.437805
48.056541
35.404088
39.274778
44.011683
47.718607
49.770609
33.668035
37.938796
43.775979
48.757485
51.586329
34.349761
38.07553
43.74325
49.24062
52.676655
36.066313
39.170824
44.165632
49.435926
52.987862
5.4413353
5.1012133
3.6614422
1.3195759
-0.42910833
5.9104106
5.9661922
4.9854542
2.9484974
1.2686956
5.853544
6.4502908
6.3584234
5.2263152
3.8584113
4.7315715
6.0249901
6.9896041
6.7382375
5.7281224
3.325918
5.1465092
6.8717463
7.1538917
6.455919
2.4767009
4.4678229
6.546834
7.2199396
6.804041
0.60513353
2.7717278
5.4876961
7.088719
7.2922692
-1.5606948
0.34898867
3.2892651
5.7979584
6.9083849
-1.958559
-0.79768339
1.475834
3.984865
5.526558
-1.170571
-0.51262197
1.0332134
3.1106777
4.5108368
-4.1078989
-3.8844043
-3.5678972
-3.3696615
-3.3664598
-4.354875
-4.3506951
-4.2998053
-4.3352379
-4.5250685
-4.4193561
-4.667179
-4.9051398
-5.2171938
-5.4963174
-3.8699011
-4.4584773
-5.0361027
-5.5221086
-5.8962237
-3.115386
-4.0426333
-4.8979871
-5.4835822
-5.8362599
-2.5672138
-3.6846637
-4.7156889
-5.3540128
-5.6646861
-1.3802106
-2.6797962
-4.0503272
-4.8760269
-5.2294092
0.29164414
-1.1792716
-2.8405503
-3.8302922
-4.1362017
2.0156952
0.37721815
-1.3013023
-2.1453496
-2.1551117
3.268495
1.5292686
-0.1127783
-0.66862323
-0.38402864
6.404671
5.1906243
2.6489017
-0.11730372
-1.7991022
7.0801185
6.1524866
3.9530757
1.2648079
-0.53925341
7.1730803
7.1001804
5.6900304
3.1259253
1.1707188
6.1871682
7.074787
6.9022573
4.9520738
2.9939641
5.182415
6.4348813
7.1715344
6.0896456
4.3527969
10.08329
12.635205
16.036394
18.760062
20.13046
8.248019
10.671537
14.142078
17.399101
19.391164
5.9640915
8.4525685
11.946676
15.260067
17.443268
4.3550716
6.6813191
10.257874
13.737225
15.969144
3.6596763
5.773314
9.1681553
12.748836
15.128214
3.4047092
5.5179806
8.7638121
12.230115
14.67406
3.0280352
5.0337736
8.1934365
11.530167
13.883741
3.1577241
4.854537
7.7012692
10.88077
13.163454
3.9025068
5.3648283
7.8001466
10.65439
12.822951
4.7128045
6.0422005
8.2789707
10.867691
12.855891
-5.4059258
-4.0959952
-2.0356717
0.42246688
2.3577082
-4.9980419
-3.7289012
-1.7943711
0.38115763
2.0789689
-3.9031029
-2.7923599
-1.0477388
0.90775438
2.367098
-1.8576143
-1.0133815
0.3046584
1.9186471
3.2027319
-0.015252545
0.77764138
1.8544658
3.0963377
4.1234777
26.119838
27.678213
30.252446
33.252739
35.683171
27.427691
28.956784
31.566682
34.594695
36.944302
28.249208
29.807648
32.249035
35.03551
37.207278
27.803104
29.643221
32.27978
34.964652
36.942104
27.321545
29.262358
32.112363
34.973396
36.936718
27.096263
29.063509
31.921437
34.85679
36.920284
26.806851
28.809139
31.723716
34.667078
36.778769
26.672625
28.741032
31.77183
34.773964
36.817763
26.68582
28.869859
31.975757
35.152012
37.353637
26.618867
29.011549
32.301875
35.421491
37.684746
15.901927
18.186825
21.146458
24.027664
26.066533
15.096581
17.496082
20.805931
23.798893
25.780249
14.343384
16.683572
20.153892
23.490826
25.62686
13.96497
16.259787
19.682116
23.155658
25.521926
13.951696
16.21139
19.616167
23.019528
25.387453
54.721863
58.078043
61.937055
61.954571
57.921477
54.399763
57.606165
61.625401
61.407084
57.038569
53.116334
55.938754
59.207136
58.053322
53.392826
51.565988
54.038614
56.08681
53.575495
48.593088
50.723894
52.953739
54.036657
50.509966
45.321835
50.445194
52.501214
53.033846
49.001442
43.762536
50.159515
51.74896
51.041687
45.984625
40.67276
49.851509
50.492964
47.786998
41.415652
36.176466
49.118755
48.401621
43.694247
36.525526
31.730471
47.968268
46.155398
40.281301
32.985022
28.661439
37.968079
40.041909
43.207529
46.626151
49.126511
37.872757
40.041258
43.267653
46.599388
48.966794
37.899466
40.061756
43.391461
46.858182
49.002284
38.423282
40.540332
43.718349
47.14335
48.877023
38.861517
41.169493
44.244157
47.194481
48.294425
-0.56664882
-0.045904459
1.0870829
2.804564
4.1044423
0.43220642
0.90107528
1.5667205
2.5354849
3.5941858
1.5556586
2.1027806
2.7963449
3.3306013
3.8803771
2.6145296
3.2178691
4.1206957
4.8129121
5.1052413
3.1568594
3.8168949
4.7214006
5.6454045
6.1417307
3.4163147
4.0741372
4.8804672
5.8188733
6.411994
3.8837065
4.5521334
5.4243336
6.2302365
6.8333271
3.9239577
4.7542895
5.7022647
6.6227239
7.2413784
4.6585652
4.7312935
5.0415136
5.5372382
5.9086898
0.51713162
1.1178203
2.2146169
3.2002892
3.9861111
4.0460802
2.2026886
0.56432455
0.10565211
0.42178809
5.502097
3.7167411
1.8635567
1.4103791
1.8967113
6.9230407
5.4680945
3.5104712
3.1200959
3.7515921
7.3886307
6.667252
5.1493684
4.4942704
5.1094256
7.4550973
7.4918606
6.4336226
5.3380974
5.9546115
7.5726338
7.9804171
7.1238087
5.8642042
6.5039051
8.2213222
8.3703375
8.2000948
6.9323156
7.4035181
9.2923283
9.4540034
9.4742354
8.4263361
8.5117839
9.2329607
10.087829
10.684203
9.4914071
9.9956377
8.1796235
9.208943
10.189203
11.719331
9.5365935
6.625937
6.9567032
7.194934
7.3656586
7.4335167
7.1032925
7.5832809
8.0098535
8.1162944
8.2805724
7.5110764
8.0512376
8.703126
9.0567501
9.2723435
6.1535409
6.6422755
7.3946967
8.2504917
8.8189113
4.2577216
4.8245939
5.8656476
6.768337
7.7105776
5.2589589
6.4026391
8.5610348
11.167009
13.069883
7.0279457
7.7857132
9.3320081
11.619213
13.527661
9.9686322
10.717685
11.674995
12.987509
14.450333
12.309395
13.510885
14.955883
15.968642
16.618187
13.629168
14.874745
16.680368
18.356391
19.240747
14.377543
15.715331
17.466242
19.120412
20.229718
15.656056
17.152594
19.241862
21.114867
22.264112
16.18581
17.984209
20.678254
23.25597
24.850958
14.741638
16.310736
18.953859
21.905872
24.13547
12.890985
13.842201
16.077736
18.930301
21.076648
7.3104786
8.4209261
10.238066
12.29135
13.69326
8.0637992
9.2185818
11.149015
13.294891
14.865936
8.9785188
9.9179231
11.547528
13.654697
15.321161
10.561574
10.942299
11.840977
12.992867
14.058865
9.2089011
10.297743
11.110264
12.009942
12.581722
26.635109
29.01171
32.451952
35.733648
37.899423
26.809229
29.210815
32.730894
36.198952
38.48733
27.417779
29.806232
33.377682
37.00029
39.482191
28.544504
30.861547
34.413612
38.094761
40.429254
29.634125
31.951041
35.363317
38.841064
40.77151
29.916034
32.500286
35.866423
38.993828
40.337026
30.98476
33.651934
37.077429
38.713845
38.454491
32.667334
34.465644
35.695768
34.124924
31.520488
31.997469
31.53919
29.622147
25.901348
22.503999
30.078448
28.916705
24.471812
18.453293
14.278273
20.759241
21.656304
23.251262
25.902681
28.563038
22.84657
23.929575
25.537948
27.606086
29.669045
25.585345
26.928235
28.762771
30.60702
31.952902
25.279206
27.301089
29.62828
31.139442
31.785022
22.319262
24.883384
28.232918
30.260079
30.455175
47.0811
44.694714
38.37527
31.138463
27.063038
44.662276
41.185617
34.2598
27.469702
23.957247
39.200706
34.688479
27.892786
22.329342
19.671779
31.809547
27.397816
21.82042
17.738943
15.86805
26.393405
22.607161
18.162481
15.004776
13.577653
23.77767
20.392243
16.468313
13.714535
12.503698
19.13227
16.477864
13.471214
11.420584
10.580423
13.25311
11.586779
9.7514451
8.5696675
8.1549729
8.8115081
7.8334022
6.7602709
6.1579103
6.0610663
6.2425176
5.6195555
4.9111461
4.5155931
4.5113651
40.400882
39.693937
35.841351
29.967627
25.740731
37.720734
35.305148
30.073356
24.281064
20.709623
29.964478
26.499658
21.219613
16.663829
14.264199
20.74277
17.368049
13.480858
10.753251
9.4009434
12.673519
10.926954
8.9426733
7.4664522
6.6387337
5.0547717
4.5619011
3.6726981
2.8880757
2.6487305
5.3004183
4.8052355
3.8472791
2.8054362
2.2459759
5.43563
4.9853651
4.125924
3.0169594
2.215121
5.0364799
4.574697
3.7760879
2.7558989
1.9303932
4.4507129
4.0192404
3.1827192
2.1461604
1.3345623
3.1843565
3.382456
3.8110986
4.7102008
5.5504963
2.1394521
2.4088198
2.878603
3.6536881
4.5263126
1.1695265
1.3482883
1.8043668
2.5074959
3.1770991
-0.21282015
0.11155877
0.60607147
1.3657338
2.0693102
-2.1368745
-1.4635548
-0.55197876
0.18984276
1.1227731
3.212743
5.4607177
8.669349
10.995018
12.170636
4.097537
6.3255902
9.5107072
12.442059
14.073783
4.7634923
7.117177
10.360579
13.416244
15.417509
5.2649746
7.6906835
11.198691
14.491564
16.583098
5.6294594
8.0636763
11.625558
15.157505
17.445459
16.309279
16.322153
16.407128
16.209432
15.495818
17.990364
18.138364
18.004684
17.876408
17.642627
21.21378
21.256946
21.016536
20.189478
19.402354
24.111809
24.26341
23.976817
23.087649
22.219228
25.791878
26.076311
25.819451
24.982699
24.190179
0.32707846
0.018353682
-0.44377574
-0.70944322
-0.88531028
0.38597845
-0.038980882
-0.515018
-0.75748109
-0.81342273
1.2826461
0.55054979
-0.083192168
-0.32240326
-0.33152934
2.9170164
1.9112556
0.90971688
0.63597131
0.72605775
4.2780382
3.171404
1.8806609
1.3008627
1.3433569
-1.6653655
-2.2585756
-3.5092125
-5.9385333
-9.7022279
-0.93403525
-1.1173419
-1.7481785
-2.7319403
-4.2159771
-0.35549331
-0.39680327
-0.42894932
-0.9572404
-0.34036251
-0.2560729
-0.86895993
-1.2672938
-0.99952722
-0.84154426
-0.90416785
-2.1844643
-2.9835074
-3.2856984
-3.0390001
-11.534345
-7.2613929
-0.73620241
5.8610329
10.234198
-16.419107
-13.235098
-7.0227516
0.25365557
5.4181675
-19.226456
-17.837459
-14.438643
-8.8873213
-3.8221268
-17.102422
-16.253516
-14.975432
-12.9437
-10.429998
-15.214775
-14.563671
-13.280435
-11.711724
-10.197606
34.895795
37.241879
39.523073
40.491801
40.383212
34.101681
37.478768
41.03606
42.945237
43.366355
30.265561
35.332387
41.320002
45.189967
46.636035
23.714521
29.88749
38.412642
45.334135
48.484219
18.907102
25.31617
34.48387
43.192947
48.113496
7.1603414
7.7163781
8.0565141
7.401705
6.6736037
7.3218654
7.5134897
8.1893024
8.1775785
7.7145248
9.0233257
8.2520745
8.19229
8.6568818
8.7756763
12.048872
10.736087
9.3007033
9.1456791
9.5238748
14.350939
13.133728
10.984854
9.8764918
10.059147
7.4736522
8.7838782
10.580575
12.352355
13.417083
8.4527591
9.7095034
11.65786
13.502883
14.591219
10.400799
11.474169
13.290422
15.321062
16.629009
12.612597
13.697186
15.296959
17.196774
18.647393
14.281688
15.354985
16.97025
18.740779
20.059953
20.052467
20.688584
19.617912
18.272567
18.12478
19.058946
21.416866
23.733322
24.09823
23.811015
20.510291
21.48139
24.404186
27.506981
29.017193
24.130137
24.140592
25.017645
27.669392
30.171905
26.224033
26.907892
27.104791
28.17804
30.074872
23.651383
26.558991
32.317855
39.278756
44.166589
29.331093
31.811259
36.747039
43.058237
47.690047
35.69423
38.046592
42.470969
48.169003
52.625804
40.268647
42.389442
46.487485
51.895616
56.29895
42.976414
44.954822
48.626364
53.750419
58.101422
27.604637
26.717321
24.996212
24.024763
22.982016
28.612229
28.508271
27.108914
25.752476
25.362082
28.2408
29.145078
29.246493
27.96832
27.595543
25.966526
27.456391
29.231471
29.398211
28.575738
23.687884
25.558552
27.835559
29.213972
29.093594
24.80133
26.209076
28.377964
30.65348
32.147628
26.131299
27.495139
29.669766
32.132778
33.844862
27.872742
29.171209
31.252243
33.735382
35.613576
29.026587
30.373825
32.475009
34.88051
36.785621
29.179364
30.673891
32.957995
35.399592
37.303233
38.511462
39.603993
41.102111
42.186747
42.820369
40.907158
41.839944
43.340277
44.702676
45.405789
44.609173
45.519648
46.79642
48.170251
49.171619
48.111549
49.331429
50.670524
51.772033
52.692313
49.998665
51.598531
53.405563
54.575985
55.202451
50.748432
53.710512
58.629804
62.829402
62.265049
53.050961
55.486626
59.398235
61.653403
59.235923
56.714139
58.426541
60.174308
57.844981
52.645351
59.800014
60.238152
58.392136
51.707696
44.627225
60.981479
60.033203
55.111455
46.45299
38.967806
-0.93857124
-1.7826235
-3.7537232
-6.1193526
-8.366439
2.0713215
1.5823386
-0.027185416
-2.8560066
-5.7173873
5.4303511
5.3797434
4.3899233
1.5518294
-1.6543781
6.6797905
7.0296629
6.7439694
4.7348653
1.66935
6.2927657
6.8638462
7.0121535
5.5911079
3.0566108
0.28687329
-0.12106859
-0.53112361
-0.69328881
-0.81562171
2.7009855
2.3285916
2.1367945
2.1837201
2.1763568
4.699104
4.5622854
4.6957516
5.1202291
5.408321
4.5802853
4.6372271
5.0346013
5.8158827
6.3880014
3.7431194
3.8464376
4.2856372
5.2325027
5.9545411
0.93745595
1.7111391
3.1824762
3.7754527
2.1999574
1.9354274
3.7247112
5.1315027
6.0442766
6.4561185
5.6589224
6.5955216
8.2743027
9.6327545
10.355128
10.16194
10.737996
11.491637
12.350582
12.942728
12.275981
13.534528
14.265395
14.529119
14.81215
-8.6824989
-7.8941517
-6.4115623
-3.0705907
-0.28466808
-6.2357538
-4.2956049
-2.3561458
-0.74099784
0.82460466
-2.1367345
-0.31229352
2.465999
4.4930644
5.3434979
1.2570217
3.3915547
5.898876
8.2667481
9.6591686
2.6651534
5.0982562
7.8155705
9.9869183
11.476241
-1.0421345
-1.8297945
-2.9007554
-3.6234727
-3.8270061
4.2224735
3.0690337
1.4170691
-0.44868995
-1.3248168
8.3713818
7.0723806
5.6570028
3.8261119
2.7121631
11.502778
10.248892
8.840682
7.5126232
6.3794552
13.414626
12.261905
10.678465
9.5297149
8.3893778
1.2345105
1.6542051
1.3436335
0.39953145
-0.5402697
6.3756682
6.0118164
5.9710327
5.5734978
4.7564762
10.818728
11.06226
10.203975
9.4461161
8.8349496
13.067166
13.833324
13.942111
12.853511
11.898919
15.075729
15.342226
15.870135
15.072993
13.829388
4.5108187
4.5707666
4.5709709
4.4161695
4.2330231
3.8225395
3.8243193
3.7564246
3.5951079
3.4139376
3.1900144
3.0717212
2.8392264
2.5877341
2.2713184
3.0179755
2.7227278
2.2263273
1.6921592
1.2784184
3.3244223
2.8323214
2.0335898
1.2056734
0.63815419
2.6515652
2.7146875
2.7652479
2.8465243
3.0433409
2.0686157
1.9028723
1.8804907
1.9389751
2.0118644
1.8581249
1.2912893
0.91986084
1.0210257
1.1364771
1.5158084
0.73360169
-0.23851141
-0.65088677
-0.4031534
0.89363986
0.14735056
-1.0113766
-2.1186889
-2.3693729
0.69493983
-0.10627527
-1.3756671
-2.7216852
-3.4585792
0.12966573
-0.58217457
-1.7121235
-3.099567
-4.2919392
-0.29243365
-0.95559359
-1.8248558
-2.8285022
-3.790135
-0.12642016
-0.61937911
-1.4979252
-2.2296025
-2.8587462
-0.57619452
-0.38699178
-0.89846116
-1.4338975
-1.9151641
4.1017889
3.7176262
2.8813394
1.841104
1.1008068
3.3195229
3.1155195
2.4551021
1.3584366
0.52120767
2.1043764
1.9947324
1.6104325
0.81227086
0.08536269
1.0976363
0.89671226
0.51221528
0.17067824
-0.013548482
0.49758512
0.20547553
-0.23509272
-0.50919543
-0.61425585
5.8809462
6.4949611
6.8125307
5.6916672
3.4515774
4.9943202
5.7031703
6.2122787
5.6472662
4.1135616
3.6889416
4.6404574
5.5242318
5.3850083
4.5371986
2.3774678
3.4112155
4.9081014
5.3862316
4.8415483
1.5626452
2.446737
4.058047
5.3517783
5.1795042
0.75061289
1.8112478
3.4683048
4.9040381
5.2866754
-1.61085
-0.32128993
1.727659
3.5436306
4.5533921
-6.507867
-5.1996673
-2.9151095
-0.48109076
0.88999769
-11.86063
-10.96535
-9.2779228
-6.9669568
-4.925251
-13.928394
-14.501924
-13.366933
-12.075693
-10.350898
-3.5323329
-2.9849977
-1.5397167
-0.41613436
0.18093037
-4.9301561
-5.5687153
-4.9286281
-3.1149566
-2.1581215
-4.4509186
-6.2196897
-8.3853383
-8.4638325
-7.0950211
-3.154668
-4.0288098
-6.9665351
-10.975664
-12.230654
-2.4781734
-3.043593
-4.3653948
-8.241325
-12.573629
12.752898
14.099307
15.326315
15.716715
15.898111
14.703955
15.734264
17.088786
17.860276
17.980953
16.379626
17.978627
19.624374
20.685549
21.126606
17.587993
19.47715
21.795068
23.3278
23.913005
18.504907
20.377367
22.920594
24.857582
25.623464
18.858751
20.864053
23.391417
25.508409
26.549566
19.815956
22.021706
24.744217
26.922452
28.131954
20.534802
23.281469
26.708553
29.374628
30.785508
18.169201
22.115814
27.105437
31.007589
33.0862
14.264616
18.947715
25.439469
30.812536
33.61704
5.780295
8.3233173
11.875922
15.34011
17.70049
5.4357575
8.2572617
12.314167
16.131684
18.61231
2.1197533
5.5828952
10.739776
15.770745
18.9968
-3.6945736
-0.030694702
5.6893261
11.746737
16.022778
-8.6253453
-4.5908285
1.4315039
7.5408438
11.92712
14.925472
13.766341
11.902148
10.402039
9.3471341
17.293628
16.033634
13.861486
11.887688
10.861127
19.029471
17.971509
16.151157
14.136948
12.816043
21.75606
20.808503
19.227993
16.902869
14.890959
23.7616
22.578505
20.807573
18.454646
16.140081
25.379183
24.111955
22.066112
19.467668
17.139242
28.225169
26.907493
24.631603
21.496608
18.831275
31.377972
29.876547
27.53276
24.262607
21.211913
35.440657
34.183716
31.96289
28.438796
24.836221
38.387671
37.126552
34.86159
31.136505
26.736129
26.85075
27.24087
27.313022
26.652826
25.817969
28.653939
29.343225
29.752183
29.441571
28.741129
31.366951
32.256388
32.852294
32.546912
31.859933
33.947248
35.267254
36.363605
36.392974
35.819503
34.81409
36.72108
38.492925
39.049239
38.692587
3.6357314
3.1025809
2.1297338
1.1215166
0.51098586
4.518111
3.8106
2.5792938
1.3953987
0.71230365
5.9188582
5.5702296
4.2594416
2.6357096
1.6861009
6.2564141
6.5976588
6.1648428
4.7213355
3.4506649
6.1039827
6.6965911
6.9711576
6.1365996
4.9339489
5.9164194
6.5416504
7.0871559
6.6419098
5.6491835
5.3949943
6.1335509
7.0410684
7.3363136
6.9446148
5.0945472
5.621545
6.4713374
7.2355554
7.5968845
5.9806467
6.0678997
6.3114808
6.7923832
7.2405013
7.1153718
7.0394247
6.7574827
6.7534896
6.9930389
-0.91194251
-0.88457212
-1.2156778
-1.4666666
-1.4761016
-0.79452038
-0.9023445
-1.0744145
-1.0993167
-0.97600391
-0.11371249
0.012557581
-0.22722916
-0.23757207
-0.34536226
0.93133199
1.4309836
0.87786756
0.30530683
0.01231782
1.4066606
2.018956
2.2294479
1.4723009
0.20176844
1.5909991
2.1662567
2.9867663
2.5618754
1.0359391
2.1030968
2.4159339
3.5455445
4.2845053
3.9635997
3.2294835
2.9874461
3.6885396
5.2263301
6.108419
4.6859604
4.1819421
4.0738099
4.9026758
5.898128
5.7703163
5.2845211
4.9897142
5.4270539
6.2640318
4.9714396
3.8537439
2.486672
1.6518846
1.5627386
6.4033022
5.1792911
3.6688977
2.6158119
2.2271758
7.6100817
6.9889374
5.4837666
4.157649
3.4988007
7.5428629
7.8301651
7.0891722
5.8065534
5.0116965
7.2184336
7.8134023
7.8457859
6.9111523
6.1082221
-12.04608
-14.999696
-15.447276
-13.440426
-13.196519
-5.9399592
-10.607536
-16.247686
-17.471055
-17.00902
0.37037503
-1.2622943
-7.9847824
-16.970607
-19.412131
-0.49943709
-1.3627737
0.23128916
-7.1145398
-16.765826
-2.210989
-2.5681512
-2.079293
-6.4186941
-13.097618
-0.51438716
-1.2531545
-3.4473823
-9.5508928
-12.562606
7.5735616
0.30787982
-1.8299287
-6.0453039
-7.2115068
8.9142568
9.6444736
8.4222549
5.028135
2.9883043
10.017126
11.341433
14.304151
15.166813
14.135256
13.762172
12.343606
13.880924
17.228091
18.659756
0.13823426
-1.1619656
-2.1286193
-0.68467974
0.11791077
3.6745194
2.9686108
1.8636336
2.6111733
8.1072187
6.5438489
7.0996884
7.2430882
6.5003136
7.4306611
6.5113351
8.046317
9.9443662
10.785503
10.45782
6.8517769
8.1924174
10.286934
12.315544
13.52483
12.466085
17.024891
23.806615
30.050197
33.465426
8.0747244
13.138573
20.448378
27.558936
32.065054
-0.94916874
4.9621646
13.607373
21.904461
27.477317
-8.6734273
-4.0817561
4.6453545
14.265464
20.54627
-9.2401131
-6.7846295
-0.60470986
8.5429565
15.4863
-8.8239745
-6.7020028
-1.8169994
5.9537944
12.714605
-7.1038382
-5.3938497
-1.9005182
3.6307883
9.0849947
-1.502657
-0.48332962
1.8338181
5.3607296
8.836397
7.4585813
7.6816939
8.9563862
11.618717
14.236602
14.828102
14.835279
15.624664
17.408831
19.454526
-13.250493
-12.515524
-11.889997
-10.931951
-9.705572
-7.499576
-7.8893288
-8.5293897
-8.371143
-7.6705004
1.6886688
0.18577337
-1.2105234
-2.0390804
-1.873788
13.246072
11.348756
9.3476298
8.0403408
7.4717547
18.755739
18.305869
16.76903
15.620637
15.037763
40.172572
39.062173
36.686277
32.677107
28.180708
43.28923
42.476743
40.335327
35.974994
31.292621
47.033683
46.83975
45.266086
40.860192
35.457879
49.631608
50.819938
50.715663
46.824847
40.869262
49.957459
52.470636
53.746199
50.433728
44.529102
49.577759
53.021839
55.234179
52.187326
46.29925
47.449
52.417236
57.236906
55.88521
49.937041
44.057871
49.969052
57.485594
59.350194
54.337508
43.506658
48.760179
56.094506
59.660858
56.76924
45.130621
50.19941
56.048291
57.620438
56.115717
16.300914
23.112883
32.608504
41.570797
47.224502
12.324627
19.067623
28.962953
38.288918
44.479507
11.091735
16.478029
25.662617
35.030831
41.074286
15.846852
19.621503
26.717592
35.097277
40.86484
20.797251
24.08043
30.200217
37.326695
42.520528
7.7478264
7.7886594
7.3385899
6.9658647
7.0123743
8.7340265
9.126405
8.7599796
7.8550287
7.415108
10.319219
10.875234
11.127887
10.44048
9.5251643
12.933081
13.118006
13.461499
13.426669
12.6652
15.437858
15.356292
15.193441
15.157518
14.791034
16.725516
16.689434
16.243502
15.956937
15.780233
19.151838
19.348585
18.880076
18.012298
17.646201
21.755129
22.447565
22.702107
21.858445
20.881211
22.457835
23.863789
25.185596
25.522409
24.787162
21.700257
23.732651
25.807234
26.909317
27.078615
6.3459089
5.8358038
5.5481595
6.1362678
6.9212681
7.409418
6.9583502
6.7473056
7.2118234
7.9645693
8.7109335
8.5330587
8.5031376
9.067873
9.8819529
9.6859242
9.8987073
10.211356
11.090202
12.058385
10.270409
10.754628
11.374287
12.474064
13.669937
10.595868
11.15138
11.96702
13.216809
14.546616
11.619081
12.000826
13.104999
14.748211
16.34822
14.16549
13.948996
14.962805
17.050193
19.010092
17.750945
16.797684
17.265007
19.474799
21.590363
20.504642
19.125746
19.119888
21.206033
23.22268
15.488793
14.449697
12.147683
10.522946
10.447406
17.463973
16.853608
14.907326
12.542143
11.699171
20.460192
19.938525
18.859699
16.548712
14.694612
24.097642
23.04406
22.083865
20.719411
18.707611
26.683489
25.489715
23.973179
23.042872
21.602716
14.269603
14.60273
13.786689
16.336289
19.195324
14.940179
16.252992
16.727286
16.786986
17.885742
17.240452
18.041107
19.473612
20.29808
20.440434
19.39133
20.672204
21.885495
23.105376
23.91827
20.704423
22.276664
23.849066
24.809646
25.608635
21.519474
22.895119
24.873688
26.036306
26.519591
23.236942
24.481762
26.462225
28.159122
28.901299
26.091057
27.231962
28.971554
30.802217
31.997998
29.364622
30.420865
31.983826
33.597406
34.737625
31.711949
32.76499
34.260605
35.822813
36.861108
15.232783
16.255327
17.811463
19.576101
20.859666
17.119809
18.233165
19.723735
21.362483
22.591933
19.889191
21.14116
22.824286
24.427852
25.521103
22.51553
23.856515
25.800751
27.683244
28.840363
24.105292
25.493641
27.579805
29.730537
31.111379
18.230309
18.359947
19.110867
20.687227
22.485208
23.738986
23.861743
24.782246
26.52108
28.265153
29.526417
30.277364
31.336737
32.958237
34.622186
31.393206
33.438837
35.698621
37.757269
39.348779
31.393143
34.1251
37.508525
40.145388
42.01153
31.437711
34.032663
38.014198
41.159578
43.091045
32.854976
34.47269
38.23247
42.39074
44.901231
36.490765
37.243035
39.42329
43.226277
46.349395
40.054913
41.055986
42.449758
44.725992
47.394613
42.182109
43.372606
45.091355
46.967266
48.618546
26.898651
27.972754
28.569646
29.191981
30.400069
29.089194
29.800843
31.006382
31.811805
32.363639
32.507272
33.088543
34.087303
35.328478
36.164756
35.369418
36.465739
37.478416
38.500473
39.498384
37.346105
38.557246
39.923713
40.885743
41.637544
46.485251
51.423558
56.651687
56.227765
54.767657
49.712733
54.413754
58.226156
53.352994
50.407914
54.673487
58.991526
59.741382
48.44303
41.843905
58.63671
62.449691
58.975889
42.458346
33.304497
60.404409
63.670312
57.108906
37.981501
28.116911
61.057454
63.948349
55.761439
35.772631
25.714623
61.948678
63.48746
52.574364
31.530995
21.609096
62.946276
61.169679
46.686894
25.819104
16.906901
62.638349
57.062136
39.934416
20.969454
13.31649
61.011359
53.23445
35.225011
18.180339
11.493098
44.166086
46.270197
49.812379
54.536574
58.804343
46.13123
48.562409
52.265406
56.556504
60.118052
47.877026
50.766994
55.213768
59.98513
62.453131
49.078823
52.35599
57.165844
62.271393
63.900383
49.898633
53.243405
58.258422
62.816244
63.272641
21.109328
23.261552
25.850811
27.256456
27.651591
19.97185
21.965552
24.891856
27.12337
28.220585
18.295543
19.941775
22.479595
25.165317
27.33692
17.037384
18.346119
20.243831
22.433515
24.824432
16.459982
17.541021
19.12396
20.803961
22.644966
16.309606
17.145629
18.654588
20.170857
21.585897
15.681871
16.228245
17.400521
18.673092
19.763712
15.41465
15.807054
16.503338
17.211783
17.661039
13.819173
13.586693
13.055184
12.749797
12.815024
10.804579
9.7019211
8.3863012
7.6843012
7.9056018
21.914779
20.421175
20.207981
22.125253
23.959451
24.6505
23.072125
22.298493
23.766036
25.36695
27.535823
26.432908
25.258219
25.926026
27.366721
28.689909
28.648738
28.199865
27.908433
28.745556
28.638393
29.154408
29.714083
29.034132
28.853698
28.508635
29.15546
29.86458
29.056443
28.674842
28.22453
28.357185
30.322358
30.151335
28.643442
24.094295
25.756091
27.911578
27.940667
27.615528
18.235232
20.145821
23.759457
24.913125
25.472201
12.730457
13.813275
15.827305
20.607012
24.518631
22.566728
24.318613
26.819438
28.391807
28.845387
20.577488
21.87145
24.22536
26.325051
28.30232
18.092569
18.637708
19.650111
21.567209
22.970996
12.929828
13.32188
14.274736
15.88046
17.443334
8.1408425
8.6126086
9.8018933
10.988332
11.727035
32.837585
33.997896
35.475487
36.970172
38.033144
34.678402
36.178212
37.93929
39.406606
40.404893
36.573457
38.480368
41.000936
42.990451
44.070068
37.810665
39.879607
42.971997
45.813315
47.415351
38.357344
40.515083
43.828638
47.074986
49.104817
38.509095
40.702252
44.089412
47.5596
49.797228
38.590932
40.825097
44.422215
48.192092
50.781087
38.151167
40.312645
44.08517
48.198379
51.072671
35.649676
37.600073
41.141643
45.515892
48.774268
31.688266
33.083753
36.66227
41.437327
44.882983
29.107534
30.540074
33.009666
35.552602
37.401328
28.772477
30.433824
32.913482
35.648047
37.57337
28.050746
29.65561
32.240972
35.053902
37.16771
27.139901
28.379367
30.558731
32.873626
34.590063
25.944091
26.900769
28.077831
29.647966
31.058723
43.30466
44.495002
46.288249
48.280728
49.846045
45.717999
46.696951
48.591553
50.720255
52.319978
49.571463
50.292656
51.901462
54.107656
55.814021
53.280284
54.1404
55.478826
57.464427
59.042157
55.676984
56.700404
58.086274
59.599512
60.732647
56.933434
57.904188
59.413779
60.710238
61.014334
59.86458
60.61177
61.49192
61.831331
60.802481
63.649194
64.270291
63.797547
60.916259
57.355413
64.93043
65.08687
62.68259
56.735891
51.398234
62.091987
62.026305
59.444733
53.482275
47.528562
50.787224
52.502617
54.524571
55.979401
56.619954
52.053378
54.267576
56.83339
58.704718
59.597222
52.601751
55.529887
59.208076
61.846072
63.138783
50.46761
53.920022
58.79742
62.681759
64.376436
46.627802
50.257599
55.238842
59.366685
61.40466
59.60756
50.938385
32.89526
16.905729
10.812103
55.971698
46.016677
28.548383
14.809725
9.6268356
48.778978
38.37378
23.030019
12.451947
8.2152364
40.573605
31.134478
18.687328
10.648755
7.209478
35.081833
26.806228
16.369348
9.6468923
6.7146897
32.503476
24.858603
15.346186
9.2089853
6.4875373
28.072621
21.61922
13.678628
8.500908
6.1503424
23.057052
18.039043
11.889431
7.809112
5.9007967
19.704042
15.7341
10.872626
7.5911008
6.0148736
18.353386
14.938905
10.728806
7.8055037
6.3581152
60.794693
59.179436
53.020695
43.632949
36.222854
59.71579
56.343896
48.133923
38.122869
31.312906
55.115404
49.725085
40.381247
31.163571
25.62307
48.606801
42.648676
33.880962
26.213766
21.769162
44.445118
38.689995
30.704853
24.004354
20.14491
