FiniteElementSpace
FiniteElementCollection: L2_2D_P4
VDim: 1
Ordering: 0

38.326475
15.356155
8.7238969
5.9051864
5.1560441
38.597186
15.251982
9.126028
6.1910445
5.4073995
37.013067
14.956667
9.5176142
6.5176362
5.6304871
33.79647
14.546825
9.6923253
6.7101109
5.7045289
31.101139
14.18869
9.6783349
6.7527188
5.6855511
1.5716219
1.316899
1.0339171
0.83208955
0.72936864
1.6789119
1.4133879
1.1173502
0.90560106
0.79742257
1.835439
1.5615854
1.2542466
1.0323949
0.9182379
1.9992674
1.7263812
1.4187609
1.1943644
1.0773392
2.1239646
1.8566267
1.5547286
1.3338328
1.2173756
0.80032751
0.79631117
0.7886055
0.77810025
0.76836578
0.69174579
0.67858622
0.66127152
0.64408232
0.63146425
0.58196567
0.55626532
0.52549906
0.49993949
0.48402595
0.51878851
0.48113679
0.43758036
0.40355904
0.38380736
0.49829968
0.45221259
0.39957621
0.35894467
0.33584803
0.18861148
0.15391223
0.11462942
0.085210526
0.069297599
0.15960321
0.13027374
0.096957979
0.072347446
0.059238688
0.12734533
0.10410252
0.07762701
0.057918907
0.047404069
0.10483584
0.085828399
0.064069441
0.047851097
0.039191831
0.093959586
0.076806041
0.057355168
0.043009087
0.035374674
17.485012
11.163838
8.0584531
5.8455622
4.8051353
16.025931
10.60215
7.6869394
5.6011295
4.6031636
14.038136
9.7007083
7.0816058
5.2122195
4.3153439
12.218552
8.7463913
6.4219179
4.776119
4.0023922
11.095769
8.099983
5.9645666
4.4579377
3.7557115
3.6776155
3.5291684
3.353055
3.214127
3.1293523
4.2443899
4.1313557
3.9954403
3.8768953
3.7978483
5.3949261
5.3408462
5.2526568
5.1555962
5.0850058
7.0884593
7.1041588
7.1076027
7.0817989
7.0368455
8.6930391
8.823167
8.9654929
9.0129017
8.985877
0.69991431
0.58071518
0.44747869
0.34503883
0.28914116
0.80301219
0.66047193
0.49751636
0.37987615
0.3203108
1.0161507
0.83174488
0.63022248
0.48449923
0.40527878
1.3482099
1.113575
0.83438475
0.61166632
0.4889639
1.6790748
1.3450608
0.9426309
0.65481745
0.51369548
0.090916595
0.075306419
0.056633602
0.04213781
0.034259817
0.10135686
0.082356667
0.060342878
0.044029042
0.035501616
0.11186814
0.089104322
0.064068813
0.046399837
0.037412047
0.11837255
0.094198211
0.068007592
0.049639746
0.040274303
0.12444209
0.09928743
0.071907008
0.052673053
0.042882332
5.7507907
4.4595627
3.3099944
2.4918441
2.0879492
5.1047305
3.991962
2.9775712
2.2516555
1.8894209
4.2950428
3.4017101
2.5617814
1.9578206
1.6545917
3.6439309
2.9279508
2.2378958
1.7399511
1.4876188
3.2890015
2.6750819
2.0735709
1.636997
1.4138162
2.7317686
2.7244287
2.7006754
2.6621459
2.6290661
2.2505951
2.2329325
2.2044504
2.1691459
2.1396385
1.7184621
1.6940642
1.6595844
1.6243338
1.5977692
1.3480069
1.3186095
1.2799351
1.2429049
1.217131
1.1677702
1.1347017
1.0929722
1.0559737
1.0315508
0.58335043
0.47701349
0.36173039
0.28036346
0.23641069
0.50260473
0.41659129
0.31835147
0.24688952
0.21020603
0.41347956
0.3479869
0.27422591
0.21946642
0.19018409
0.35756346
0.30710175
0.24997705
0.20816833
0.18605469
0.3362599
0.29422992
0.245974
0.21003795
0.19121651
0.094537552
0.084125319
0.071386556
0.060841083
0.054646336
0.092156079
0.082957646
0.072354075
0.063956158
0.058991947
0.098321233
0.090580383
0.081352718
0.073978585
0.069642771
0.11314812
0.10694315
0.099153344
0.092380448
0.088092013
0.12912477
0.12353524
0.11651489
0.11020069
0.105983
2.7210072
2.4650011
2.1916504
1.9836374
1.8698402
2.93531
2.7091676
2.4625785
2.2712267
2.1641114
3.4549344
3.2599444
3.0432299
2.8722328
2.7731463
4.2771167
4.1075351
3.9133259
3.7537871
3.6574552
5.065762
4.9123844
4.7296194
4.5702316
4.4680364
0.97265607
0.9116288
0.83992267
0.78429969
0.7534656
1.0779883
1.0069772
0.92445606
0.8615633
0.82681732
1.317401
1.2274859
1.1240307
1.0452636
1.0020607
1.6798197
1.5644085
1.4305584
1.3307973
1.2780637
2.0153556
1.87484
1.7184539
1.6041958
1.5410842
0.50052256
0.48198378
0.46061226
0.44418731
0.43502468
0.59341597
0.57590496
0.55534832
0.53936668
0.53042357
0.78018772
0.76252839
0.74194623
0.72616273
0.7173813
1.0457464
1.02736
1.0059914
0.98918377
0.97946386
1.2890634
1.2697194
1.2461291
1.2266108
1.215029
0.3984653
0.39319881
0.38479018
0.37512311
0.36751634
0.49348544
0.48780899
0.47845729
0.46710637
0.4578065
0.67733282
0.67031378
0.65875131
0.64468468
0.63286603
0.9326514
0.92381757
0.90869726
0.89016261
0.87501363
1.1607768
1.1511945
1.1341681
1.1116648
1.0922591
0.48309336
0.4736669
0.49163147
0.5546693
0.62862128
0.50376187
0.47985729
0.47974239
0.51966127
0.56998841
0.55080078
0.50967731
0.48164374
0.48846632
0.51340129
0.61407638
0.55660791
0.50483401
0.4864444
0.49127127
0.66530259
0.59907676
0.53475036
0.50192782
0.49477605
0.92702096
0.77824834
0.62522098
0.53166905
0.49321455
1.0568677
0.88135963
0.69762645
0.57805966
0.52234327
1.2442941
1.0333234
0.80662774
0.65278401
0.57798213
1.4188805
1.1815914
0.92185922
0.74053887
0.64944119
1.5315458
1.2806214
1.0030553
0.8060134
0.70546472
2.4408863
2.4258933
2.3762904
2.2826903
2.1871569
1.9611278
1.9453974
1.8989379
1.8197252
1.7435274
1.4263325
1.4109261
1.3719863
1.3104767
1.2520433
1.0423677
1.028248
0.99642059
0.94770975
0.90254568
0.84720642
0.83246514
0.80282147
0.76110819
0.72358899
2.2642819
2.340521
2.4110061
2.4412881
2.4441623
1.8348823
1.8882066
1.9399936
1.9635338
1.9648934
1.3644123
1.3947385
1.4224838
1.4331614
1.4308387
1.0364564
1.0481293
1.0565928
1.0547077
1.0476409
0.87299287
0.87313426
0.86988709
0.86188494
0.85301684
0.16592936
0.13378571
0.097610745
0.071769358
0.05821773
0.13682874
0.11189024
0.082330678
0.059523447
0.047130669
0.10473638
0.085173096
0.06295653
0.045992083
0.036464125
0.081743897
0.066464963
0.04869405
0.035324313
0.028060346
0.068545784
0.056274027
0.041564587
0.029943355
0.023514209
0.50619931
0.40763291
0.30099443
0.2257821
0.18493306
0.42121279
0.34201044
0.25137849
0.1853735
0.15147055
0.321053
0.26112824
0.19364209
0.14344267
0.11651906
0.24664968
0.20069322
0.14871168
0.11071965
0.090629384
0.20716802
0.1690334
0.12527494
0.092738508
0.07576091
174.66853
184.30424
162.80071
99.596428
50.094772
177.00676
183.03552
151.90538
87.717893
44.003833
176.18051
174.75054
132.89592
71.03531
36.125711
171.22695
159.9038
111.97848
56.392021
29.730093
164.99549
146.88516
97.574773
47.966337
26.211783
4.3955149
3.5932357
2.650974
1.9485321
1.5949539
4.6157449
3.7770444
2.7842377
2.0441546
1.6765484
4.8481764
3.9639755
2.9210929
2.1490829
1.768885
4.9711596
4.0533326
2.9885788
2.2112159
1.8282357
4.993789
4.0654473
3.001753
2.2323985
1.8533464
4.9589164
4.0337817
2.9809505
2.2233689
1.8504725
4.9078889
3.9918619
2.9599706
2.224535
1.8651441
4.7664526
3.887435
2.9059695
2.2153693
1.8840436
4.5758385
3.7468677
2.8308531
2.2008011
1.9077883
4.4282637
3.6375708
2.7698391
2.1868334
1.929055
29.61629
13.931562
9.5980197
6.7213546
5.6344338
26.848368
13.501146
9.4430731
6.6610274
5.5461374
23.155672
12.786876
9.0747149
6.4708714
5.3550222
20.070735
12.00841
8.6079012
6.2031758
5.1158753
18.328555
11.473334
8.2679644
5.990706
4.9320128
0.68667447
0.61871415
0.54992876
0.51070184
0.49856128
0.7512393
0.67687588
0.59805213
0.54730224
0.52552857
0.8685989
0.787437
0.69707696
0.63165043
0.59722692
1.02618
0.94056046
0.84086899
0.76185414
0.71522672
1.1660306
1.0778745
0.97216856
0.88455417
0.82971558
1.2420256
1.1545277
1.0479301
0.95690179
0.89839896
1.4339194
1.3464157
1.2361377
1.135856
1.0676768
1.8076202
1.7193463
1.6017904
1.4873649
1.4042592
2.3274795
2.2408892
2.1174086
1.9854941
1.884032
2.7952827
2.7114458
2.5866528
2.4411005
2.3202931
2.1806365
1.9200307
1.6255868
1.4090394
1.2940512
2.3391233
2.0907777
1.8087618
1.5986223
1.4852859
2.640352
2.4157429
2.1583773
1.9643569
1.857328
3.064483
2.8718892
2.6485721
2.4745006
2.3747314
3.4524289
3.2910799
3.095928
2.9353437
2.840457
0.76198656
0.7473407
0.71896947
0.68033938
0.64583057
0.62442108
0.60982924
0.58380738
0.54963335
0.52002558
0.47595085
0.46014651
0.43519907
0.40590715
0.38194185
0.374413
0.35681171
0.33169782
0.30527954
0.28513941
0.32522556
0.30625499
0.2809563
0.25557942
0.23688925
0.30437541
0.28505607
0.2589578
0.23358738
0.21564188
0.27606696
0.25400512
0.22587277
0.20061863
0.18374913
0.25262821
0.22660457
0.19528826
0.16874733
0.15189188
0.25081521
0.21981486
0.18227756
0.15178033
0.13387462
0.2619954
0.22409158
0.18065588
0.1482304
0.13019728
0.49099981
0.44090281
0.38320462
0.33939319
0.3154354
0.49436133
0.43451044
0.36664787
0.31621066
0.28874719
0.52707858
0.45140828
0.36616846
0.30253635
0.26805005
0.59531818
0.49942227
0.39011281
0.31029307
0.26886801
0.66263433
0.54708134
0.42152284
0.33247463
0.28422882
0.062223145
0.050730519
0.037768539
0.027656754
0.021818758
0.053390637
0.043480247
0.03199
0.023304681
0.018517092
0.042767676
0.034989486
0.025876465
0.018797754
0.014852891
0.03537998
0.028926973
0.021465868
0.015702891
0.012445878
0.032018726
0.026216661
0.019358348
0.014099848
0.011204173
0.030175703
0.024725092
0.018305526
0.013310616
0.010542421
0.028044257
0.022969915
0.01712212
0.012629691
0.01009937
0.027084144
0.022395133
0.016871344
0.012521212
0.010041345
0.028738631
0.023724671
0.017715458
0.012969983
0.010300766
0.030495951
0.024816775
0.01821316
0.013207118
0.010469174
0.088548168
0.072536337
0.054368603
0.040797739
0.033482731
0.082639716
0.067831698
0.050785521
0.037977816
0.031115218
0.078631278
0.064380934
0.048157376
0.036204836
0.029888679
0.079925407
0.065849947
0.049986245
0.038126738
0.031653827
0.086021525
0.071646173
0.054621232
0.041245837
0.033810322
160.52877
139.5295
90.374352
44.157717
24.608165
150.14334
124.55548
77.190253
37.755647
21.902315
130.77675
102.2068
60.439319
30.335123
18.546661
108.45957
81.13836
46.999706
24.632445
15.702306
92.965249
68.31045
39.659928
21.457222
13.999475
85.339587
62.355032
36.369442
19.970726
13.165365
71.688016
52.183534
30.844809
17.399868
11.699887
55.140703
40.319124
24.358304
14.215305
9.8184576
42.434155
31.310499
19.311676
11.605009
8.2055697
35.571571
26.394181
16.496112
10.096946
7.2390812
4.317729
3.5563171
2.72929
2.1754201
1.9321297
4.1502557
3.4303439
2.6655865
2.1779641
1.9764186
3.9176233
3.2825588
2.6214189
2.228255
2.0970646
3.6624258
3.1432901
2.6397109
2.3826561
2.3323321
3.4508096
2.9999288
2.6174049
2.5246702
2.5955868
3.3137095
2.8900742
2.5384282
2.4681829
2.5506494
3.0530122
2.6578633
2.2937682
2.1382701
2.1405773
2.6376323
2.2665914
1.9005427
1.7206544
1.6993531
2.2436589
1.9172167
1.5942114
1.4259174
1.3876559
2.0194012
1.7296869
1.4363175
1.2700625
1.2242743
10.523822
7.7428957
5.7073319
4.2735329
3.6046833
9.5052195
7.089591
5.2369795
3.9335758
3.3199602
8.1289849
6.1617759
4.5613238
3.4270675
2.8778491
6.8904303
5.287838
3.9150757
2.935338
2.4537092
6.1296462
4.736986
3.5099355
2.6352895
2.2052331
3.0846532
2.9965526
2.8594103
2.7058663
2.581192
3.7556091
3.6705402
3.5272678
3.3507025
3.2047318
5.0465493
4.9667467
4.8240721
4.6260013
4.4426115
7.002201
6.9109196
6.7196157
6.4569676
6.2263444
8.9538207
8.8543077
8.605352
8.2226853
7.8935396
8.9408896
8.8440567
8.5980196
8.2173522
7.8891718
6.9553425
6.8745157
6.6944943
6.4395181
6.2125617
4.9515082
4.8933298
4.7739771
4.5916847
4.4157681
3.6166587
3.563673
3.4549342
3.301591
3.1665035
2.9195938
2.8700643
2.7743177
2.6484819
2.536681
8.6506211
8.7894408
8.941472
8.9957148
8.9721432
6.9124091
6.9655002
7.0104402
7.0140343
6.9840092
5.0304668
5.0539123
5.0517604
5.0159765
4.9765909
3.7039072
3.7060734
3.6982458
3.6710989
3.638526
3.0261856
3.0172609
2.9964004
2.9681364
2.9394883
0.26506971
0.22613077
0.18315778
0.15059956
0.13166816
0.29473306
0.25214155
0.20186078
0.16120019
0.13736366
0.36914546
0.30681044
0.2320978
0.17438389
0.14313852
0.43577166
0.34692801
0.2490526
0.18032035
0.14552821
0.45396454
0.35857395
0.25643323
0.18549806
0.14946191
0.45117386
0.3561267
0.25441073
0.18384016
0.14803741
0.4264928
0.33858611
0.24194337
0.17440347
0.14046927
0.34990604
0.28935292
0.21705444
0.1617735
0.13233637
0.26443518
0.22442503
0.17774097
0.14082722
0.11984221
0.22620157
0.19036693
0.15179788
0.12394755
0.10867295
1.6736219
1.3404181
0.93889311
0.65172976
0.510947
1.3301082
1.0979715
0.82156241
0.60088978
0.47929481
0.9795338
0.79997761
0.60383656
0.46208209
0.38503337
0.74776316
0.61212488
0.45682991
0.34485997
0.2884276
0.63177918
0.52059873
0.39627827
0.30049475
0.24831814
0.030720693
0.024891045
0.018211036
0.013208636
0.010492289
0.031758309
0.02565148
0.018780434
0.01368587
0.010917023
0.033533243
0.027200589
0.020102431
0.014825813
0.01193331
0.03624871
0.029614497
0.022143031
0.016548539
0.013454661
0.03869083
0.03176523
0.023963868
0.018095189
0.014823816
0.039146491
0.032291387
0.024549195
0.018692888
0.015403933
0.039689703
0.033184793
0.025750455
0.020016864
0.016723109
0.041757677
0.035645912
0.028547973
0.022892152
0.019512783
0.045785741
0.039996977
0.033072054
0.02731204
0.023717604
0.049647541
0.044205095
0.037420964
0.031510347
0.027682223
0.12414429
0.099230126
0.072116462
0.053065185
0.043360123
0.1192768
0.095892266
0.070557813
0.052761961
0.043653788
0.11479673
0.093673796
0.07041106
0.053916041
0.045447351
0.10700347
0.090600425
0.07138996
0.05692338
0.049203945
0.099077198
0.086812638
0.071736502
0.059605284
0.052761322
32.448169
24.152097
15.199158
9.3821977
6.7699559
27.195325
20.377136
12.986437
8.1527107
5.9660301
21.041135
15.924044
10.341974
6.6555102
4.9684996
16.35997
12.509475
8.2900541
5.4753222
4.1696805
13.841819
10.663094
7.1710428
4.8277174
3.7320311
12.705947
9.8284817
6.6637186
4.5337462
3.5334951
10.83861
8.4622392
5.8425384
4.0674696
3.2260128
8.7603024
6.9529137
4.9515513
3.5828728
2.9264369
7.3263776
5.9371493
4.393247
3.3282227
2.8115127
6.6505963
5.4870914
4.1897046
3.2865637
2.843715
1.9115872
1.6347359
1.3506783
1.1926367
1.1509187
1.7309809
1.482347
1.2279539
1.0812596
1.0336955
1.5222313
1.3124415
1.0924296
0.95735614
0.90738833
1.377102
1.1994735
1.0095751
0.88765657
0.83709014
1.3160579
1.157879
0.98680465
0.87272223
0.82143478
1.2923788
1.1445231
0.98244006
0.87170274
0.8204401
1.2859712
1.1531164
1.0048848
0.89972317
0.84747551
1.348107
1.233973
1.1023281
1.0021754
0.94702491
1.5134523
1.413342
1.2925463
1.1926234
1.1318341
1.6996087
1.6053304
1.487721
1.3850811
1.3184814
3.1257553
2.5597219
2.0002088
1.5929094
1.384474
2.8812033
2.3949743
1.9077566
1.5517115
1.36777
2.6558497
2.2655697
1.8662797
1.5715847
1.4171378
2.5968301
2.2804925
1.9502998
1.7039235
1.5726382
2.6590617
2.3829945
2.0918563
1.873011
1.7540979
2.6097467
2.5689843
2.4904227
2.375767
2.2692648
2.1220563
2.0840983
2.0125653
1.915037
1.8292625
1.5823649
1.5493651
1.4904381
1.4142043
1.3480166
1.2033825
1.1755595
1.1280538
1.0676863
1.0163277
1.0186336
0.99243953
0.94960522
0.89798832
0.85516136
0.94143261
0.91631122
0.875807
0.82802314
0.78858536
0.82538126
0.80199336
0.76568636
0.72366171
0.68978369
0.72497779
0.7022483
0.66907243
0.63337821
0.60587481
0.69696385
0.67359179
0.64150832
0.60954337
0.5862554
0.71692396
0.69253552
0.6606079
0.62980358
0.60796493
1.091091
1.0572976
1.0148872
0.97811844
0.95425467
0.98279108
0.94592803
0.90071567
0.8621144
0.8378151
0.89799212
0.85529337
0.80400448
0.76222877
0.73727846
0.89419085
0.84368672
0.78402846
0.73697011
0.70985425
0.93754246
0.88007256
0.81315833
0.76076614
0.73084905
0.2159946
0.18183067
0.14366276
0.11679177
0.10301226
0.19429221
0.16751012
0.13608727
0.11224168
0.099545831
0.17730813
0.15612575
0.13217822
0.11410753
0.10413326
0.17621155
0.15948202
0.1400727
0.12550795
0.11762121
0.18311314
0.16946278
0.15312482
0.14022008
0.13304838
0.188964
0.17613273
0.16151598
0.15000717
0.14332349
0.20880088
0.1975802
0.18439622
0.17415813
0.16832763
0.25394648
0.24480657
0.23382163
0.22488387
0.21958998
0.32425472
0.31632767
0.30666401
0.2985079
0.29343837
0.39058353
0.38318367
0.37387022
0.36579378
0.36063292
0.32906155
0.29071254
0.24719075
0.21455294
0.19688596
0.32734156
0.29481476
0.25774017
0.23020495
0.2154546
0.34956533
0.32361447
0.29386149
0.27147804
0.25938118
0.40437156
0.38285413
0.357976
0.33914268
0.32889148
0.46343652
0.4437608
0.42116715
0.40413355
0.3948211
0.051722014
0.046583908
0.039966726
0.034003279
0.030049419
0.056578905
0.052179646
0.046076417
0.040065989
0.035819091
0.067532141
0.063597178
0.057829226
0.051614649
0.04686868
0.085945002
0.081793688
0.075452409
0.068281575
0.062589288
0.10377841
0.09932863
0.092212243
0.083906163
0.07719884
0.11442057
0.10990868
0.10244632
0.093477508
0.086158046
0.13999204
0.13497603
0.12650898
0.11604805
0.10732907
0.1903828
0.18426679
0.17360033
0.16011751
0.14871627
0.26094763
0.2533378
0.23969068
0.22200201
0.20690228
0.32471427
0.31554896
0.2991829
0.27795343
0.25957719
0.13953987
0.13407448
0.12713173
0.12086052
0.11665415
0.16505125
0.16009082
0.15340218
0.14696006
0.1424338
0.2166877
0.21199009
0.20531613
0.19839702
0.19324904
0.29067166
0.28586718
0.27866747
0.27068087
0.26444797
0.35782397
0.35269627
0.34486833
0.33604216
0.3288874
6.3903357
5.3232834
4.130933
3.3000419
2.8922589
6.0654342
5.1575873
4.1441689
3.4351893
3.0840629
5.9863301
5.2631072
4.450893
3.8726438
3.5799874
6.399448
5.7994015
5.1195857
4.6317544
4.3834496
6.9590323
6.4137001
5.8071488
5.3783073
5.1601704
7.3198199
6.8136783
6.2532449
5.8517393
5.6422824
8.3594117
7.9087507
7.3973707
7.0184596
6.8154786
10.569665
10.164165
9.6928249
9.3342551
9.138585
13.874244
13.478429
13.033849
12.701518
12.515962
17.007577
16.63913
16.220957
15.904886
15.72806
1.8171412
1.725977
1.6093008
1.5042553
1.4346565
2.1139884
2.0259634
1.9093931
1.7976388
1.7191161
2.7254087
2.6378054
2.5143342
2.3865118
2.2903344
3.6100998
3.5192289
3.3807439
3.2256445
3.1047762
4.4163958
4.3178359
4.1677062
3.9917273
3.8462034
4.9102404
4.8028221
4.6354846
4.4474275
4.2949331
6.0689807
5.957356
5.7698052
5.540791
5.3546076
8.3171341
8.1811409
7.9561798
7.6735134
7.4292576
11.617757
11.426586
11.102149
10.716375
10.403774
14.809033
14.592643
14.18298
13.638542
13.197442
5.5510291
5.4012403
5.2222403
5.066018
4.9636225
6.7255089
6.5745375
6.3903537
6.2288531
6.1236846
9.049918
8.8964838
8.6983727
8.5118301
8.3843464
12.433397
12.283014
12.077982
11.86611
11.706133
15.646112
15.498674
15.29333
15.075896
14.906675
0.73922506
0.71434377
0.68130218
0.65029343
0.62916104
0.81073145
0.7827293
0.74734927
0.71631575
0.69616061
0.98260774
0.94968749
0.90994165
0.8764589
0.85551746
1.2547632
1.2145729
1.1655262
1.1256299
1.1023676
1.5117507
1.4616531
1.4038134
1.360404
1.336309
1.6617234
1.609527
1.5512866
1.5069403
1.4812946
2.0374417
1.9792561
1.9103227
1.8547213
1.8223158
2.7836869
2.6989221
2.5973178
2.5187085
2.476001
3.8024621
3.6822393
3.5486441
3.4535773
3.4047845
4.7100153
4.5786282
4.43588
4.3349279
4.2828157
2.2174569
2.069801
1.9003869
1.7671729
1.6935631
2.7016856
2.5199462
2.3081684
2.1522495
2.0720718
3.6441252
3.403861
3.1367116
2.9402774
2.8327324
5.0171794
4.7082854
4.3368821
4.0389252
3.8742065
6.3351945
5.8975544
5.3669491
4.9826736
4.7915837
0.43077052
0.42352845
0.41442223
0.40644991
0.40130076
0.52627487
0.51910676
0.51000749
0.50185418
0.49645461
0.71329985
0.70610089
0.69651465
0.68730483
0.68086382
0.97486672
0.96656996
0.9553973
0.94458897
0.93689564
1.2095473
1.1995955
1.1863515
1.1739256
1.1653921
1.3501672
1.3395566
1.3252648
1.3115619
1.3020705
1.6807317
1.6690979
1.6531116
1.6370044
1.6252556
2.3226313
2.3099223
2.2921428
2.2734012
2.2589349
3.2435906
3.2296664
3.2101514
3.1894778
3.1733397
4.1126663
4.0976232
4.0765163
4.0541469
4.0367294
1.4371771
1.4159257
1.3898411
1.3685159
1.3560639
1.7820523
1.7560554
1.7251525
1.7009283
1.6871795
2.4391344
2.4075159
2.3716514
2.3446679
2.3296352
3.3707517
3.3359814
3.2969415
3.2676246
3.2512274
4.249803
4.2124493
4.1703145
4.1386203
4.1209074
0.36314288
0.35330779
0.33519683
0.31161347
0.29146753
0.45247756
0.44073222
0.41918141
0.3906453
0.36602602
0.62589955
0.61027018
0.58169084
0.54407479
0.51131785
0.86628771
0.84644037
0.80882178
0.75836579
0.71494003
1.0809676
1.0567556
1.0130517
0.95314253
0.89925687
1.2133963
1.1847401
1.1331573
1.0679214
1.0110814
1.5191961
1.487793
1.4267936
1.3441813
1.2735591
2.1067666
2.0644392
1.9873751
1.8826592
1.7885445
2.9738102
2.9085778
2.7913309
2.6463227
2.5263549
3.820745
3.7451338
3.5936085
3.3855579
3.2156311
1.2969763
1.2866156
1.2690158
1.2461593
1.2257502
1.6188286
1.6054295
1.582979
1.5556269
1.5327213
2.2507185
2.2327517
2.2005728
2.1597858
2.1261095
3.1640597
3.1433182
3.1041745
3.0503008
3.0022889
4.0267693
4.0045438
3.9629564
3.9054738
3.8531001
