FiniteElementSpace
FiniteElementCollection: L2_2D_P3
VDim: 1
Ordering: 0

0.034613022
0.050620265
0.041681283
0.10465566
0.024866021
0.040761465
0.035507557
0.10360359
0.024903476
0.038350052
0.035351745
0.096523067
0.039965252
0.045182267
0.037429338
0.092239374
0.34146176
0.31500069
0.27230625
0.22284802
0.33730814
0.31227173
0.26375819
0.22472771
0.32797418
0.31391466
0.25033912
0.2306909
0.32896139
0.31049702
0.24928386
0.22945025
0.61221398
0.62604057
0.63241787
0.6405289
0.62535813
0.63054421
0.64143388
0.6478371
0.63088796
0.63956414
0.64596176
0.65267024
0.63538809
0.63747994
0.64763092
0.6514495
0.054811286
0.066094192
0.039055953
0.093405669
0.020747611
0.038616484
0.033742785
0.088685634
0.025590689
0.041414788
0.032835479
0.088136677
0.048218429
0.050422293
0.038858841
0.095697409
0.32763775
0.31503881
0.25170155
0.22031314
0.33534863
0.31282174
0.25664842
0.21449517
0.34502634
0.30279826
0.26177798
0.21533535
0.33497196
0.30691031
0.25364363
0.22305511
0.65789843
0.66384329
0.66881557
0.67457244
0.65377198
0.65970894
0.667317
0.67244683
0.66394338
0.66675888
0.67277466
0.67969503
0.63948622
0.65011703
0.66272682
0.66707775
0.035007099
0.043514294
0.03715067
0.10824314
0.026296607
0.036159495
0.040403929
0.11066346
0.025179467
0.038519866
0.040092526
0.11677457
0.028914115
0.038437092
0.043329814
0.11888735
0.34752974
0.31788498
0.27546573
0.22380097
0.34957706
0.33241468
0.27493152
0.22956953
0.35260251
0.3426561
0.27409818
0.24594562
0.3663116
0.33953099
0.28558263
0.25954531
0.61006367
0.61774105
0.62913446
0.63555468
0.59840659
0.60643766
0.61435341
0.62165444
0.57273552
0.57885251
0.59128501
0.59958497
0.55406775
0.57609393
0.58399858
0.59286074
0.66749839
0.67616036
0.68745692
0.69625248
0.65658952
0.66508612
0.67705691
0.68649441
0.64078821
0.65012446
0.66213521
0.67163351
0.63157411
0.64117445
0.65343176
0.66251691
0.022506952
0.034640379
0.049276624
0.14800535
0.020812535
0.031969669
0.052080224
0.13159552
0.017661584
0.032097394
0.052561985
0.13720274
0.01581585
0.033263839
0.051799208
0.13861998
0.38640478
0.39009559
0.34312939
0.29048183
0.40770331
0.40179011
0.34750283
0.3145762
0.43325316
0.41778205
0.3627392
0.31905032
0.4330245
0.43948785
0.3853762
0.32196435
0.49884611
0.50781329
0.51648235
0.5253646
0.48298227
0.48444009
0.49267284
0.50254888
0.45965559
0.4609887
0.46931288
0.47902068
0.45123083
0.45517701
0.46499153
0.47154879
0.56959994
0.58173345
0.59565685
0.60806094
0.55572076
0.56935729
0.58560152
0.59685747
0.53612268
0.55047049
0.56993873
0.58426163
0.52489247
0.5389659
0.55729666
0.57270109
0.012593885
0.029152253
0.06671787
0.11078435
0.012574151
0.030922703
0.057954711
0.10892674
0.0086334142
0.0285579
0.072692637
0.11179491
0.010058199
0.036112272
0.065635782
0.096932673
0.51803025
0.51482341
0.47090105
0.41521006
0.53296177
0.53858332
0.49425223
0.41649523
0.54179741
0.55943287
0.52553671
0.43854139
0.54322252
0.56722012
0.5303465
0.46448862
0.40802248
0.42618987
0.4370609
0.45158936
0.42242384
0.42379996
0.43659258
0.44706689
0.41527435
0.42608642
0.43478332
0.44920365
0.43221417
0.40786846
0.4313308
0.44598452
0.5018615
0.51748803
0.53755377
0.55239792
0.49887608
0.51240714
0.53264845
0.54807897
0.49709128
0.50933463
0.5270086
0.54302674
0.49780785
0.5089337
0.52512569
0.53833012
0.015513027
0.024266954
0.04579774
0.064559987
0.0069483509
0.026672522
0.045394388
0.075054651
0.0087218699
0.024360114
0.035390639
0.057546086
0.006519303
0.022860459
0.027445665
0.048132836
0.43546034
0.49294294
0.49373603
0.45545376
0.38966101
0.44628042
0.47310118
0.45956505
0.30708031
0.36352598
0.41307992
0.41776543
0.24516038
0.29020478
0.32428683
0.3272939
0.34585007
0.38491198
0.38466659
0.39791139
0.26738792
0.28129707
0.3667654
0.38547236
0.21118689
0.31956573
0.32167444
0.36076567
0.22794381
0.206801
0.3062015
0.28695523
0.49595661
0.50787239
0.51504138
0.51669121
0.49222519
0.4979382
0.50546307
0.47481214
0.47187026
0.46640255
0.38564567
0.26759905
0.40096624
0.33996278
0.21745828
0.13384836
0.15739548
0.26105305
0.33707544
0.37012724
0.14928773
0.26201895
0.33171965
0.36188335
0.14983173
0.25407092
0.32190698
0.34009219
0.14935868
0.24844183
0.3148597
0.33403137
0.028921779
0.039871482
0.043427932
0.1194836
0.025016092
0.03800811
0.040255042
0.11766832
0.026369908
0.0362515
0.040743982
0.11120706
0.03367648
0.041358465
0.03679804
0.10727051
0.14914479
0.24671183
0.31278419
0.33393358
0.14436283
0.24407935
0.30787953
0.32597511
0.14388328
0.24149859
0.30185384
0.31889752
0.14830423
0.23673354
0.30518238
0.31484292
0.14648857
0.23700262
0.30625796
0.31642788
0.14285741
0.23517991
0.30494431
0.31839922
0.14353832
0.23506419
0.29969778
0.32390848
0.14827904
0.23626255
0.29624582
0.31747626
0.051062349
0.061087716
0.038831585
0.096433713
0.023524667
0.039169027
0.033383181
0.087889223
0.022970952
0.041598445
0.034351406
0.088119152
0.045200716
0.053920045
0.038825317
0.08897833
0.22269525
0.27707035
0.43141565
0.57952544
0.22019607
0.29207405
0.45101701
0.58687681
0.22076388
0.28867699
0.46330293
0.596302
0.2209623
0.28788464
0.46615426
0.5865088
0.21641897
0.29781914
0.47074414
0.59582939
0.21393281
0.31664545
0.48342372
0.61355237
0.21695096
0.31412905
0.48848886
0.62744932
0.21803713
0.30532434
0.50100021
0.6269661
0.32780949
0.30686365
0.25436276
0.2273477
0.32220851
0.29824793
0.26606443
0.21315738
0.31463941
0.30102867
0.26598683
0.20815333
0.32518922
0.31000828
0.25625186
0.21662775
0.61850862
0.63792777
0.6519751
0.65999688
0.65577013
0.6570778
0.66598336
0.67163412
0.65657434
0.66480256
0.6713048
0.67798346
0.66471015
0.6671043
0.67589572
0.67716323
0.1458912
0.23767432
0.29434285
0.31861438
0.14429768
0.23685892
0.29286246
0.31780698
0.14365102
0.23636737
0.29813714
0.30984232
0.14774763
0.23597047
0.30099703
0.31576813
0.14860943
0.23513573
0.30160412
0.3226387
0.14544626
0.23895194
0.3014542
0.33303781
0.14629635
0.24178501
0.31008646
0.33108929
0.15163457
0.24286812
0.32136236
0.32519615
0.046847461
0.051971097
0.039115607
0.090316351
0.023833533
0.036596987
0.033918856
0.097474852
0.025497837
0.042036858
0.035676159
0.10271554
0.033421829
0.045590677
0.040795413
0.10630162
0.21476861
0.30608648
0.50115629
0.62397854
0.21533694
0.30855486
0.49323039
0.62488735
0.21891827
0.30682526
0.48702199
0.62663356
0.22207284
0.29384782
0.47094333
0.61820425
0.22436839
0.28564083
0.46425271
0.59676911
0.21383723
0.29224403
0.45923744
0.5874093
0.21283582
0.29752489
0.44313643
0.5715588
0.21838196
0.28620377
0.42385505
0.57361988
0.32871792
0.3096544
0.25063693
0.22286924
0.33061919
0.31010413
0.25203204
0.23227696
0.33813242
0.31124881
0.26235294
0.22908305
0.34139322
0.31622556
0.26980219
0.22756661
0.67669402
0.68064003
0.68717665
0.69267661
0.67585666
0.68228884
0.69119144
0.69780779
0.68239639
0.6889513
0.69869446
0.706345
0.67037672
0.67742214
0.68653491
0.69342585
0.65641787
0.66306008
0.67356315
0.68166976
0.65024441
0.65692463
0.66727
0.67375422
0.64931266
0.65861481
0.66949097
0.67721687
0.64459922
0.65152687
0.66234606
0.66967892
0.64084058
0.64203691
0.65112669
0.65448013
0.62610332
0.63213568
0.63817314
0.64545309
0.61758133
0.62587211
0.63744622
0.64523478
0.61424762
0.623864
0.63227061
0.64027976
0.15019511
0.24644879
0.32233292
0.32804893
0.15021972
0.25318643
0.31686768
0.33597451
0.14885661
0.26443493
0.31719499
0.3541895
0.15858065
0.26423842
0.33138564
0.35893149
0.14674758
0.27165654
0.33387196
0.36362648
0.15549184
0.27262828
0.35053529
0.35810519
0.15388342
0.28172872
0.36179052
0.38564198
0.16227578
0.28467577
0.37703208
0.39526301
0.028668141
0.037415348
0.043064363
0.12740338
0.025267195
0.034603052
0.044551412
0.12104426
0.022443171
0.034824446
0.046494848
0.12931048
0.023928461
0.033686964
0.047708815
0.12482466
0.22377911
0.27503248
0.42506882
0.57126888
0.2272187
0.26811391
0.4249013
0.56995557
0.22152272
0.25955409
0.41759957
0.54948097
0.2183012
0.25321554
0.40483431
0.52481405
0.22293663
0.25128423
0.39110262
0.52830833
0.23487722
0.24909536
0.39200752
0.5365041
0.2469808
0.24716836
0.38818433
0.51397122
0.25070886
0.24852579
0.36125992
0.48974111
0.37139339
0.34270989
0.29533078
0.2629694
0.39062735
0.35224819
0.31049105
0.25562916
0.38114414
0.3727097
0.32643063
0.25501552
0.38561553
0.38235952
0.33819132
0.2736169
0.63948302
0.64677212
0.65572926
0.66320198
0.62583396
0.63367471
0.64408751
0.65194863
0.60457671
0.61388338
0.62625161
0.63578806
0.59713587
0.60535144
0.61699993
0.62622063
0.59282264
0.60107767
0.61239426
0.62132736
0.57167139
0.58073418
0.59449795
0.60590922
0.54672925
0.55608973
0.57010474
0.58234216
0.53638726
0.54496398
0.55753966
0.56807456
0.57322586
0.5746908
0.58369279
0.58893461
0.55608483
0.55610339
0.56037335
0.56732502
0.51868473
0.52586074
0.53536719
0.54254431
0.5108946
0.5138946
0.5242646
0.53121107
0.70098244
0.71087814
0.72357481
0.7336581
0.69070759
0.69958897
0.71246295
0.72346545
0.67706877
0.68690538
0.69939741
0.70905644
0.66748245
0.67764404
0.69150304
0.70187737
0.62616882
0.63577634
0.64855501
0.65744632
0.61231162
0.62406494
0.63910806
0.6494412
0.58941446
0.60177234
0.61908226
0.63220748
0.5745135
0.5851111
0.59945907
0.61268403
0.16395988
0.28994161
0.38175677
0.40197116
0.1648103
0.29438787
0.40769887
0.40643415
0.17137688
0.30160038
0.42807891
0.41949004
0.17139098
0.30927207
0.43564694
0.44470272
0.17479734
0.3113509
0.44561709
0.45764333
0.17279476
0.3153145
0.4588097
0.48751057
0.17471733
0.31808211
0.48024716
0.49579572
0.16921666
0.31676582
0.49212356
0.5161413
0.017725697
0.031314178
0.058231247
0.12786982
0.01413134
0.031275995
0.056417505
0.13023449
0.014172738
0.028346373
0.065047479
0.12280613
0.012293236
0.031981608
0.058869043
0.11784426
0.25826178
0.2469206
0.35658842
0.4745622
0.2673054
0.25511897
0.33776435
0.46316329
0.28995639
0.26674039
0.32422141
0.43689787
0.30908634
0.27433586
0.30786819
0.4203133
0.31592604
0.27279975
0.30463991
0.40548756
0.32761734
0.27784233
0.29390437
0.40613279
0.36675391
0.28383071
0.28816008
0.40176715
0.38572144
0.30196235
0.2797498
0.39068292
0.43810748
0.44922958
0.40023744
0.32650784
0.4714295
0.46842941
0.41569612
0.36104817
0.52008974
0.49032492
0.43658518
0.4009813
0.5112145
0.50755334
0.45758025
0.41804268
0.52938774
0.53884896
0.55193075
0.56300984
0.50892036
0.52063598
0.53647285
0.54878625
0.48442342
0.4969327
0.51454786
0.5285039
0.47788464
0.4877155
0.50392986
0.51727389
0.4758066
0.48634515
0.50078262
0.51384572
0.47161937
0.48252256
0.49783647
0.51012624
0.45975286
0.47246574
0.48991733
0.50388676
0.45775704
0.46711111
0.48361363
0.49720597
0.4469254
0.45357934
0.4624206
0.47222174
0.4445589
0.4448513
0.45571515
0.46493848
0.42673441
0.43111692
0.44382713
0.45453282
0.41924442
0.42135567
0.4414073
0.4489275
0.52113759
0.53565417
0.55346527
0.56610986
0.51715087
0.53111387
0.54928672
0.56174136
0.51124605
0.52595318
0.54393324
0.55702817
0.50552706
0.52033963
0.53990456
0.55464581
0.16776607
0.30904888
0.49867496
0.52265436
0.16452911
0.29093541
0.50118563
0.52751369
0.15474422
0.27425787
0.48417027
0.5240855
0.14495394
0.25691697
0.46189867
0.52490768
0.13944736
0.2565844
0.44345359
0.52200285
0.1251087
0.23529425
0.40898549
0.50669697
0.13702389
0.21324021
0.36027206
0.46815494
0.13903143
0.18766955
0.32340244
0.4192118
0.0099367174
0.04056033
0.053924472
0.088462111
0.0072204589
0.028108873
0.056510418
0.095252764
0.010665445
0.046547527
0.049501578
0.095595937
0.0072544046
0.042192097
0.034465313
0.12790837
0.39524235
0.31166919
0.28394893
0.3860923
0.39859417
0.33726668
0.28266253
0.39317613
0.40792623
0.35419542
0.29539336
0.3931584
0.41178763
0.34998889
0.30203763
0.38471223
0.4268232
0.33585575
0.30800023
0.38141757
0.43134068
0.34126813
0.3037451
0.36107502
0.45196919
0.36029777
0.31716358
0.34666817
0.43186267
0.39347148
0.29861573
0.3306262
0.54496357
0.56424517
0.53299797
0.46614481
0.53431363
0.54488812
0.52337467
0.47449019
0.49899962
0.52864202
0.50449258
0.4764904
0.46444625
0.50857224
0.49895017
0.46383128
0.45472084
0.46710377
0.48118287
0.49463618
0.45455427
0.46561937
0.48051135
0.49194347
0.4536033
0.46622936
0.48010596
0.49132337
0.45593567
0.46531391
0.4812649
0.49100254
0.45246609
0.4681954
0.48167537
0.49219693
0.44717733
0.46455395
0.48292596
0.49314484
0.43412103
0.45751536
0.48207627
0.49603605
0.41584325
0.44146346
0.47543767
0.49202827
0.36968521
0.40128773
0.42547006
0.44473446
0.39548952
0.39241095
0.41437611
0.43617737
0.34955409
0.37746254
0.4044535
0.42239973
0.38017624
0.38629306
0.39395436
0.41032166
0.49678301
0.50865666
0.52493145
0.53807261
0.4988343
0.50837398
0.52351443
0.5362664
0.50072178
0.50980093
0.52134892
0.5324195
0.50069132
0.5092403
0.51882092
0.52408907
0.11797672
0.18051584
0.30150549
0.40091502
0.10815643
0.16258218
0.26804418
0.34810437
0.11124649
0.14146746
0.22106472
0.2858029
0.089490812
0.12426002
0.18166761
0.21395751
0.078903233
0.11047258
0.1554355
0.18888353
0.067636772
0.079004948
0.10134718
0.12458848
0.031190251
0.045193904
0.053928854
0.062674603
0.020229804
0.026363819
0.035321294
0.037522101
0.0072557973
0.02714745
0.025700952
0.0449139
0.0039507607
0.019463276
0.023069575
0.033364509
0.0044706517
0.01156124
0.013027267
0.017244176
0.0072560888
0.010490569
0.011239933
0.015042157
0.44900338
0.39074512
0.32296847
0.34599293
0.43722554
0.38235747
0.34664112
0.28038574
0.41176677
0.36828491
0.30033303
0.42864417
0.32249283
0.33045996
0.26358001
0.18291644
0.26376312
0.21691392
0.36889298
0.11009429
0.19038568
0.17489234
0.15018076
0.24457374
0.086178574
0.11914098
0.031202741
0.054866416
0.025714633
0.013881524
0.021832488
0.040918517
0.20906908
0.26479776
0.28340342
0.27790121
0.14888639
0.16932439
0.19399517
0.19258763
0.054803883
0.094836995
0.083797777
0.073505714
0.022812101
0.020596999
0.024228604
0.025048955
0.40669912
0.42997766
0.4709217
0.49178472
0.40233771
0.42162321
0.46847114
0.48474873
0.3812183
0.41173286
0.45366306
0.4751664
0.3147951
0.35453163
0.40129985
0.39108347
0.28050378
0.30180457
0.32268748
0.37315036
0.17214843
0.23947695
0.26731976
0.20145186
0.079415885
0.10977632
0.12171027
0.22045559
0.0075277681
0.014211309
0.029174449
0.011186145
0.11723918
0.19461198
0.14619612
0.22219399
0.040036287
0.086377875
0.14396402
0.17074782
0.097501236
0.11012075
0.099213766
0.060954159
0.0028671879
0.0055780174
0.0068668766
0.0065737227
0.31206372
0.25771348
0.15197066
0.095977563
0.22246146
0.15240148
0.083840519
0.060030385
0.12605414
0.079668622
0.05459809
0.046461864
0.037286088
0.071414199
0.048764203
0.045476613
