FiniteElementSpace
FiniteElementCollection: L2_2D_P3
VDim: 1
Ordering: 0

0.63836689
0.64833661
0.65507195
0.65844695
0.63762411
0.64577847
0.65645242
0.66323516
0.62877538
0.63915973
0.65223008
0.66095951
0.61594829
0.62535731
0.64035044
0.65345367
0.6144544
0.58406405
0.5319364
0.48677267
0.63247786
0.60511093
0.55632868
0.5104062
0.65783074
0.63550811
0.59166093
0.54693706
0.66922708
0.65906588
0.61657694
0.56970158
0.32465804
0.2108561
0.048372012
0.014330309
0.31221814
0.16764088
0.036351846
0.012087601
0.27043938
0.1128815
0.024204648
0.010014197
0.21692591
0.07860037
0.017781387
0.0090135245
0.0080054727
0.0080020668
0.0079996247
0.0080007491
0.0080111654
0.0080012759
0.0080000069
0.0080003177
0.008014238
0.0079998104
0.0080007754
0.0079989584
0.0080075739
0.0080002554
0.0080002929
0.0079996136
0.46966607
0.47445021
0.49300896
0.51244177
0.4316527
0.43657076
0.43764895
0.44410578
0.40197434
0.39416152
0.38778911
0.38435629
0.42915277
0.39043126
0.36748511
0.35732933
0.6428282
0.67121155
0.69153584
0.69242134
0.56632173
0.60178008
0.65138312
0.67526634
0.39479768
0.44022314
0.50365089
0.54708197
0.29471308
0.29083201
0.30324356
0.32273778
0.037980397
0.014780071
0.0082374414
0.008050159
0.024059589
0.011283676
0.0079918945
0.0081037694
0.014960158
0.0091168584
0.0079678756
0.0080600942
0.010987758
0.0085300586
0.0079350805
0.0080737306
0.0080053514
0.007999282
0.0080005553
0.0079992533
0.0080012236
0.0079998235
0.0080002195
0.0079996217
0.0080004207
0.0079997538
0.0080002613
0.0079995515
0.0079983097
0.0080003833
0.0079998593
0.0080000241
0.51412203
0.51589964
0.49242396
0.4477185
0.5105923
0.52428432
0.52075569
0.48967765
0.50922499
0.52227569
0.5384113
0.53049846
0.50987473
0.51843994
0.53705367
0.54963029
0.2753178
0.26474324
0.25257692
0.14222952
0.26150358
0.2533033
0.14736147
0.062182874
0.21588324
0.13938904
0.048817018
0.020739518
0.12839478
0.062212674
0.021433697
0.011351046
0.0080936434
0.0079794858
0.0080156622
0.0079775568
0.0080052864
0.0080007001
0.0080002469
0.0079997986
0.0079847062
0.0080012258
0.0079998811
0.007999186
0.0079898011
0.008004681
0.0079970795
0.0080047726
0.0080009088
0.0079997855
0.0080001276
0.007999888
0.0079998875
0.008000061
0.0079999715
0.0080000347
0.0080002568
0.0079999413
0.0080000368
0.0079999536
0.0079995862
0.0080001032
0.0079999395
0.0080000697
0.51056617
0.52174676
0.49131636
0.35996355
0.50149788
0.4838125
0.33305259
0.19580233
0.41837932
0.2910355
0.14581324
0.086082799
0.25281778
0.15122585
0.079296863
0.056126987
0.0090044132
0.0080888269
0.0080048651
0.0079798925
0.00799607
0.0079965095
0.0080007817
0.0079971624
0.0080220743
0.0080072422
0.0079999178
0.0080003007
0.0079633031
0.0080038044
0.0079947834
0.0080068605
0.0080002306
0.007999989
0.0080000506
0.0079998716
0.0080003739
0.0079999893
0.0080000133
0.0079999835
0.007999987
0.0079999808
0.0080000128
0.0079999842
0.0079997353
0.0080000767
0.007999953
0.0080000505
0.0080000399
0.0079999892
0.008000007
0.0079999903
0.0079999917
0.0080000025
0.0079999984
0.0080000025
0.0080000057
0.0079999984
0.0080000011
0.0079999984
0.0079999923
0.0080000024
0.0079999985
0.008000002
0.42154054
0.38355046
0.35903594
0.32329144
0.42996087
0.386699
0.35952691
0.31061097
0.43886532
0.39403785
0.36052639
0.29674885
0.45456874
0.4041614
0.36483535
0.28283872
0.57019565
0.53875657
0.48789378
0.44450582
0.57836137
0.54311278
0.49218794
0.450258
0.58814948
0.55625521
0.50492522
0.46124356
0.59900077
0.56769322
0.52074627
0.47717332
0.015890312
0.008676688
0.008005874
0.0080450518
0.01422435
0.0084491073
0.0080118835
0.0080295926
0.012235432
0.0082223871
0.0080324907
0.0079918615
0.010959528
0.0080986774
0.0080411322
0.0079685612
0.33135397
0.32462429
0.10874816
0.027378875
0.33801248
0.29476382
0.092353095
0.0234381
0.3301188
0.26538497
0.070636674
0.018749827
0.3285232
0.23028359
0.055885883
0.015719281
0.0079986659
0.0079999342
0.0080000415
0.0080004456
0.0079961531
0.0080006407
0.0079996436
0.008000851
0.0079978058
0.0080003255
0.0079998156
0.0080005495
0.0079979365
0.0080003772
0.0079997896
0.0080004522
0.007962141
0.0080059979
0.0079970477
0.008004202
0.0079605569
0.0080088457
0.0079954296
0.008007206
0.0079815824
0.0080055229
0.0079974495
0.008004035
0.0079945144
0.0080047999
0.0079980293
0.0080032592
0.56703312
0.58002301
0.59414435
0.6042556
0.53760743
0.54988481
0.56762636
0.58209514
0.49363043
0.50306948
0.51794034
0.53152721
0.46839023
0.47206913
0.4785191
0.48519736
0.65917403
0.65298689
0.64045966
0.62554687
0.66482612
0.66579116
0.65813061
0.64277472
0.66446181
0.66728047
0.67024338
0.66540304
0.65986942
0.67012219
0.66839712
0.66669192
0.64760833
0.66446965
0.68099252
0.67902293
0.6472861
0.6557897
0.66792951
0.67754597
0.6126241
0.6316908
0.65378147
0.66858571
0.56591421
0.59267503
0.62527399
0.64493708
0.61095743
0.62348399
0.63578443
0.64353018
0.58909642
0.60427614
0.62591503
0.64072931
0.54074453
0.55819039
0.58263071
0.60318362
0.48948572
0.50320403
0.52657958
0.54817547
0.46291801
0.41120703
0.36740341
0.27620183
0.48664444
0.43071573
0.37750514
0.25886401
0.52112636
0.46065574
0.3948388
0.23218499
0.5466464
0.49067576
0.41140878
0.20765715
0.56562515
0.50769985
0.41882521
0.19377787
0.59378394
0.53984306
0.42957224
0.16782767
0.62981186
0.593358
0.42438645
0.13362793
0.66610925
0.62430668
0.38660101
0.11021106
0.67134189
0.66121826
0.63453785
0.59305939
0.68033594
0.67495451
0.6553609
0.62025633
0.67331704
0.68152622
0.67693251
0.65191976
0.65796042
0.67366531
0.68034223
0.68030361
0.010353736
0.0080557355
0.0080438825
0.0079590286
0.0094327095
0.0080033442
0.0080405387
0.0079547443
0.0086278703
0.0079857468
0.0080280565
0.0079622617
0.0082907189
0.0079926693
0.0080150787
0.0079787822
0.0081867735
0.0079969017
0.0080102884
0.0079852036
0.0080927982
0.008000334
0.0080056025
0.0079912413
0.0080534974
0.0079985065
0.0080052678
0.0079904115
0.0080246628
0.0079991488
0.008003697
0.0079917909
0.18579589
0.06387146
0.015241575
0.0086592339
0.13005491
0.04267904
0.011856638
0.008237708
0.075293026
0.025297622
0.0094037667
0.0080417182
0.047953869
0.01757914
0.008491034
0.008047762
0.0079994042
0.0080001567
0.007999938
0.0080002216
0.0079995722
0.0080001332
0.0079999602
0.0080001043
0.0080004508
0.0079999663
0.0080000654
0.0079998796
0.0080001188
0.0080000103
0.0080000306
0.0079999321
0.0080000666
0.0080000118
0.0080000222
0.0079999789
0.0079996634
0.0080000808
0.007999967
0.0080000924
0.0079998792
0.0080000599
0.0079999781
0.0080000574
0.0080000837
0.00800003
0.0080000008
0.0079999784
0.0080055012
0.0080002093
0.0080002337
0.0079997652
0.0080028615
0.0080005178
0.0079999213
0.0080003729
0.0080046197
0.0079999711
0.0080001988
0.0079999335
0.0080044938
0.0079998301
0.0080002754
0.0079996386
0.45387539
0.45354803
0.45828863
0.46546819
0.46094658
0.44057622
0.43099213
0.43027282
0.48984671
0.47649814
0.45148008
0.41180804
0.49227677
0.49276084
0.47095644
0.44179814
0.49172915
0.49334178
0.48879039
0.46998672
0.48412097
0.49526482
0.4995691
0.48858586
0.47338995
0.48526168
0.49993314
0.50822328
0.4701151
0.48152416
0.49563834
0.50554248
0.52216397
0.5488545
0.58952002
0.62952991
0.45227059
0.47367388
0.51205307
0.54109473
0.37864131
0.37263098
0.37611254
0.39575777
0.35950624
0.32814751
0.31773892
0.27430558
0.34320431
0.3308966
0.29397995
0.30639688
0.33310368
0.31554609
0.28563388
0.29229325
0.33775381
0.30844918
0.28725008
0.27911981
0.3884745
0.33525182
0.28513038
0.27249106
0.44824071
0.4046061
0.36161889
0.34676125
0.47749403
0.44641635
0.38154376
0.33426759
0.50644195
0.48869556
0.43649932
0.37824395
0.51194746
0.5077388
0.47730758
0.43236553
0.65882367
0.62903701
0.35871149
0.0973938
0.683633
0.63799256
0.2846177
0.08037404
0.57409624
0.49022157
0.18137871
0.058618256
0.28348752
0.24427072
0.11806205
0.046590706
0.24079318
0.12502577
0.02992356
0.011599776
0.26022117
0.11345981
0.023699197
0.010389853
0.21436676
0.075033442
0.016834598
0.0088108163
0.12617491
0.041649613
0.011776086
0.0083268581
0.27967275
0.30522689
0.28128904
0.24487111
0.29559487
0.29010701
0.29529167
0.28079548
0.2869051
0.28873435
0.29103298
0.27355084
0.27346847
0.27380056
0.28080597
0.19840385
0.008018867
0.0079968552
0.0080044553
0.0079910974
0.0079658581
0.0080067788
0.0079980248
0.0080002661
0.0079718911
0.0080042306
0.0079990846
0.008000639
0.0079620167
0.0080084798
0.0079955388
0.0080042565
0.0080199445
0.0079958062
0.0080026778
0.0079965624
0.0080026788
0.0080013588
0.0079996436
0.0079999901
0.0080133566
0.0079984515
0.0080011855
0.0079987454
0.0079892228
0.008003656
0.0079980649
0.0080022086
0.010708535
0.008144641
0.0080576425
0.007941101
0.0086224079
0.0080674276
0.007997862
0.0079982156
0.0083004863
0.0079620206
0.0080286763
0.0079657083
0.0080249687
0.0080290397
0.0079861241
0.0080167905
0.0080003046
0.0079999737
0.0080000284
0.0079999516
0.0080002087
0.0079999848
0.0080000258
0.0079999318
0.0080002534
0.0079999631
0.0080000376
0.007999932
0.0080000296
0.0080000072
0.0080000111
0.0079999533
0.0080001174
0.0079999793
0.0080000158
0.0079999832
0.0079999935
0.008000006
0.0079999991
0.0079999979
0.0080000541
0.007999991
0.0080000069
0.0079999903
0.0079998934
0.0080000234
0.0079999881
0.0080000075
0.0080014939
0.0079997146
0.0080001995
0.0079997532
0.0080001074
0.0080000758
0.0079999759
0.0080000133
0.0080005264
0.0079999046
0.0080000755
0.0079999061
0.0079987454
0.0080003278
0.0079998055
0.0080002016
0.46988702
0.4806509
0.4924439
0.50561255
0.46829653
0.4798664
0.49453066
0.5044328
0.46649975
0.47661056
0.49243854
0.50395846
0.46727858
0.47716018
0.48952211
0.50312737
0.46585547
0.4780036
0.49219927
0.50157889
0.46589068
0.47719677
0.49214484
0.50327875
0.46745264
0.47835482
0.49319718
0.50401877
0.46975555
0.47845368
0.49301089
0.50444929
0.41410021
0.33731556
0.28294745
0.27120368
0.4537771
0.38969929
0.30982115
0.24775323
0.51533575
0.45613809
0.35372136
0.20996548
0.54508336
0.50674763
0.38186323
0.17200112
0.55308027
0.53132323
0.37999492
0.14980897
0.55710765
0.53589635
0.30865025
0.10968904
0.51961891
0.37601169
0.16409805
0.070381239
0.37153533
0.21090253
0.093904111
0.053930561
0.50900951
0.52202744
0.53277805
0.54581535
0.50994043
0.52220274
0.53698443
0.55001568
0.51122464
0.52411648
0.54365566
0.54727361
0.51192148
0.52447263
0.53075757
0.45277074
0.085355752
0.029586506
0.010109087
0.0080757929
0.037561483
0.015663688
0.0084389691
0.0080550808
0.014339144
0.0091248337
0.0079687608
0.0080444196
0.0093993041
0.0081237255
0.0080136775
0.0080004269
0.0085206361
0.0080080748
0.0080113661
0.007981973
0.0080362978
0.0079928594
0.0080048881
0.0079949067
0.0080101211
0.0080027432
0.0079999261
0.0079993907
0.0079841086
0.0079988376
0.0079996199
0.0080009337
0.087642747
0.040279953
0.014988933
0.0094767684
0.040777689
0.019162676
0.0097237529
0.0081676521
0.016560547
0.010170227
0.0080760458
0.0080223975
0.010516363
0.0083797075
0.0080083123
0.0080140242
0.0080136326
0.0079972172
0.0080016832
0.0079981657
0.0079995704
0.0080003821
0.0079998648
0.0080001209
0.0080013146
0.0079996082
0.0080002611
0.0079996203
0.0079964219
0.0080009145
0.0079994718
0.0080006808
0.0080015344
0.0079996094
0.0080002684
0.0079996201
0.0079997092
0.0080001106
0.0079999382
0.0080001007
0.008000286
0.0079999374
0.0080000481
0.0079999281
0.0079997425
0.0080000732
0.0079999515
0.0080000713
0.0080068752
0.0079991953
0.0080009992
0.0079981728
0.0080019403
0.0080000875
0.0080000016
0.0080002018
0.0080006391
0.0079997941
0.0080002035
0.0079996023
0.0079994343
0.0080001377
0.0079998983
0.0080002577
0.00800005
0.0079999855
0.008000007
0.0080000023
0.0079999793
0.0080000063
0.0079999973
0.0080000022
0.008000025
0.0079999949
0.008000003
0.0079999969
0.0079999627
0.0080000094
0.0079999953
0.0080000032
0.0080000293
0.007999993
0.008000004
0.0079999964
0.0079999914
0.0080000021
0.0079999988
0.0080000013
0.0080000052
0.0079999988
0.0080000007
0.0079999993
0.0079999922
0.0080000022
0.0079999988
0.008000001
0.0080002606
0.0079999351
0.008000041
0.00799995
0.0079999315
0.0080000181
0.0079999892
0.0080000144
0.0080000447
0.0079999901
0.0080000069
0.0079999913
0.007999944
0.0080000161
0.0079999904
0.0080000116
0.47091677
0.48014722
0.49174076
0.50434025
0.46921951
0.48104564
0.49112979
0.49790577
0.46666878
0.47624918
0.48666349
0.46100074
0.46089029
0.46546378
0.42614378
0.31988182
0.45218615
0.44898614
0.351562
0.23109918
0.39195933
0.31936724
0.18944633
0.11834191
0.19513924
0.13907427
0.082606576
0.059136967
0.070612566
0.067398854
0.054916088
0.048381779
0.27534228
0.14969788
0.072278024
0.05054876
0.1434349
0.082784092
0.052162791
0.045837728
0.068381963
0.051419342
0.045180382
0.045107349
0.05040822
0.045758454
0.045124608
0.044932339
0.046881657
0.045163628
0.044994608
0.044942797
0.045057149
0.04497058
0.045007828
0.045011153
0.045022105
0.045017911
0.044997688
0.044998335
0.044925431
0.044966481
0.045006327
0.044972942
0.17754926
0.10681397
0.062505359
0.049756894
0.092585122
0.06360329
0.048449409
0.045418443
0.05281453
0.046669486
0.044893682
0.0450717
0.046305999
0.045266434
0.045085379
0.04480977
0.0080101223
0.0080011882
0.008000257
0.0079994434
0.0080032411
0.0079995592
0.0080003218
0.0079993288
0.0079996076
0.008000091
0.0080000163
0.008000063
0.0079964365
0.0080008374
0.0079994557
0.0080005468
0.0080030618
0.0079993543
0.0080004337
0.0079995056
0.0079992624
0.0080001658
0.0079998982
0.0080001353
0.0080005519
0.0079998832
0.0080000806
0.0079999031
0.0079992657
0.008000199
0.0079998726
0.0080001505
0.0080434277
0.0079947072
0.0080051506
0.0079936609
0.0079943114
0.0080012444
0.0079990088
0.0080013872
0.0080037225
0.0079991507
0.0080007414
0.0079990392
0.0079958089
0.0080016041
0.007998931
0.0080012372
0.0080001401
0.0079999568
0.0080000315
0.0079999497
0.0079999941
0.0080000094
0.0079999944
0.0080000107
0.0080000163
0.0079999934
0.0080000047
0.0079999923
0.0079999654
0.0080000118
0.0079999926
0.0080000105
0.0080000267
0.0079999919
0.0080000052
0.0079999923
0.0079999919
0.0080000022
0.0079999986
0.0080000022
0.0080000057
0.0079999986
0.0080000009
0.0079999986
0.0079999909
0.0080000023
0.0079999986
0.0080000019
0.008000246
0.0079999364
0.0080000402
0.0079999537
0.0079999276
0.0080000178
0.0079999892
0.0080000141
0.0080000553
0.0079999879
0.0080000084
0.0079999905
0.0079999099
0.0080000225
0.0079999856
0.0080000157
0.0080000065
0.0079999984
0.008000001
0.0079999989
0.0079999984
0.0080000004
0.0079999998
0.0080000003
0.0080000011
0.0079999997
0.0080000002
0.0079999998
0.0079999986
0.0080000004
0.0079999998
0.0080000002
0.0080000011
0.0079999997
0.0080000002
0.0079999998
0.0079999997
0.0080000001
0.008
0.0080000001
0.0080000002
0.008
0.008
0.008
0.0079999998
0.008
0.008
0.0079999999
0.0080000053
0.0079999984
0.008000001
0.0079999985
0.0079999985
0.0080000004
0.0079999997
0.0080000004
0.0080000009
0.0079999997
0.0080000002
0.0079999997
0.0079999987
0.0080000004
0.0079999997
0.0080000004
