FiniteElementSpace
FiniteElementCollection: L2_2D_P3
VDim: 1
Ordering: 0

0.043682674
0.044256034
0.051441918
0.080826574
0.028845903
0.069176499
0.1212679
0.13243653
0.030496874
0.12149252
0.24277091
0.35351909
0.045427147
0.16956821
0.33053858
0.45228931
0.098987311
0.13756381
0.14850574
0.11770633
0.39905294
0.47096325
0.49904662
0.49039526
0.9729613
1.1074428
1.1652621
1.092173
1.5077667
1.4957932
1.4798319
1.3896922
0.024671292
0.034099557
0.050539376
0.053620355
0.042776539
0.048757215
0.045963821
0.045135576
0.038680434
0.04532091
0.047827983
0.045999031
0.077533856
0.050110429
0.046658303
0.044265444
0.044871274
0.045040903
0.044971252
0.045032603
0.045030299
0.044990138
0.04500837
0.044989505
0.044975917
0.045014872
0.044995329
0.045008595
0.04503358
0.044983554
0.045010523
0.044988258
0.063803839
0.31976277
0.60805476
0.88116036
0.07328942
0.32822892
0.62685841
0.92030821
0.059747661
0.34483561
0.62225157
0.95863679
0.060570418
0.35501891
0.6311902
0.93610368
2.6109392
2.7296095
2.5811204
2.2767113
2.7814974
2.9452702
2.8490328
2.5155229
2.9608304
3.2025362
3.2222434
2.8908082
3.1047649
3.3875539
3.5087124
3.2422409
0.046846798
0.044759182
0.04535456
0.044577667
0.044378895
0.04517828
0.044926475
0.045141532
0.045078544
0.044920956
0.045077639
0.044914771
0.044500213
0.045080201
0.044963127
0.045074599
0.045010575
0.044998768
0.045000344
0.044999935
0.044996452
0.045000884
0.044999911
0.045000072
0.045003322
0.044999605
0.045000269
0.044999903
0.044994655
0.04500153
0.044999301
0.045000527
0.059115364
0.29354127
0.5908543
0.90894673
0.065695405
0.26127786
0.61136731
0.87088289
0.059306177
0.25060064
0.58483201
0.89521015
0.074385238
0.24616872
0.58327007
0.84157732
3.1129364
3.6950415
4.3398174
4.8030734
3.2455735
3.7431892
4.407715
4.8945131
3.2440435
3.8334626
4.5992334
5.2455469
3.0787272
3.8310763
4.7716396
5.3818671
0.045580302
0.04484127
0.045110203
0.044889419
0.059554991
0.046028167
0.045084113
0.045010172
0.10020604
0.054829021
0.044998317
0.045329787
0.15290044
0.069948884
0.045931893
0.045163714
0.045006688
0.044999632
0.045000513
0.044998581
0.04499748
0.045000247
0.045000076
0.045000038
0.045001656
0.044999564
0.045000522
0.044999418
0.045018993
0.044998254
0.045001835
0.044997759
0.045000039
0.044999998
0.045000001
0.044999994
0.045000038
0.044999994
0.045000007
0.04499999
0.045000017
0.045
0.045000002
0.044999996
0.045000016
0.045000004
0.045000002
0.044999999
0.084229022
0.18860217
0.5559592
0.77576591
0.078016503
0.19081085
0.54660104
0.77086772
0.090285727
0.17488644
0.54137313
0.72905289
0.097788408
0.18169873
0.52496282
0.73239037
3.124518
3.6183165
4.6625863
4.8800983
3.1093451
3.709842
4.5992203
4.8746756
3.0798145
3.7349721
4.4151569
4.6098267
3.1379708
3.805789
4.2701591
4.2705534
0.74215311
0.35050791
0.099885083
0.052261778
0.9281103
0.51137217
0.14314258
0.060753925
1.1324821
0.78823059
0.23889225
0.082887318
1.2072377
1.0139749
0.36116582
0.1147085
0.045034629
0.045001402
0.045002306
0.044996173
0.04504282
0.045004244
0.045001713
0.04499766
0.044949723
0.045022114
0.044991277
0.045013871
0.044814603
0.045041401
0.04497884
0.045031796
0.04500025
0.044999999
0.045000019
0.044999968
0.045000095
0.045000033
0.044999999
0.045000018
0.044999249
0.04500016
0.044999921
0.045000132
0.044998885
0.045000198
0.044999908
0.045000126
0.044987629
0.044973463
0.045024046
0.04495755
0.045163072
0.044957717
0.0450372
0.044936372
0.045356646
0.044947642
0.045047677
0.044922288
0.045504409
0.04494076
0.045053126
0.044918453
0.04500239
0.044999854
0.045000194
0.044999713
0.045001999
0.045000074
0.045000099
0.044999876
0.045000343
0.04500042
0.044999873
0.045000249
0.045000124
0.045000435
0.044999874
0.045000232
0.045818675
0.044937743
0.045063913
0.044902252
0.045783802
0.044937053
0.045064333
0.044905395
0.045687257
0.044938728
0.045058669
0.044912743
0.045585949
0.044939062
0.04505361
0.044919496
0.044998244
0.045000695
0.044999713
0.045000491
0.044998113
0.045000789
0.044999665
0.045000553
0.044998368
0.045000652
0.044999731
0.045000448
0.044999882
0.045000382
0.044999892
0.045000224
0.072509479
0.065947469
0.085160165
0.11606948
0.18391064
0.25847117
0.2953973
0.28722428
0.44505162
0.67790627
0.95634045
1.0750996
0.56828862
0.86721764
1.2399377
1.3280357
0.66439596
1.0167386
1.4401474
1.6650038
0.82631965
1.2254141
1.7418427
1.9158952
0.97943748
1.4698136
1.9844018
2.2230566
1.0693086
1.5886609
2.1283997
2.3931458
0.057732459
0.18618452
0.39914181
0.51331244
0.073814196
0.22483224
0.46979185
0.6384311
0.062892203
0.29001718
0.55789075
0.77605537
0.07838407
0.30336363
0.61842019
0.82454267
0.14040624
0.12600762
0.26242994
0.16851736
0.55198818
0.52382297
0.37091376
0.23604306
1.0233495
1.1383471
1.1306057
1.4352819
1.5212733
1.3416233
1.4939073
0.9016798
1.5083117
1.5014774
1.4647374
1.2620521
1.7068612
1.634772
1.5687666
1.7014676
1.8922531
1.7311372
1.6523291
1.5768864
2.0203202
1.812271
1.6601647
1.6829607
1.6354624
1.7040241
1.6220951
1.6280035
1.9744425
1.9902591
1.9087705
1.7648174
2.2900863
2.3580341
2.2036666
2.0043182
2.5269464
2.6010023
2.4490125
2.1766924
0.045960274
0.045266704
0.044906215
0.045166628
0.045860239
0.045151949
0.045071101
0.044963832
0.045469845
0.045171286
0.045016734
0.045040346
0.045311252
0.044979764
0.045061251
0.044949619
0.044992537
0.045071434
0.044981969
0.045055719
0.045086231
0.045027795
0.045014154
0.044991271
0.045111997
0.04500024
0.045008532
0.045002052
0.044752603
0.045066541
0.044968356
0.045023266
0.058884919
0.051309632
0.045776458
0.044887477
0.042216138
0.048527594
0.044923242
0.045602274
0.047164126
0.044740206
0.045339981
0.044679311
0.041724969
0.046352884
0.04437912
0.045639896
0.044982247
0.045005068
0.044996548
0.045003955
0.045005833
0.044998456
0.045001146
0.04499857
0.044995497
0.045001891
0.044999272
0.045001223
0.045007804
0.044996854
0.045001704
0.044997885
0.044991956
0.045002559
0.044998593
0.045001788
0.04500302
0.044999483
0.045000572
0.044999363
0.04499856
0.045000616
0.044999708
0.045000456
0.045002089
0.04499933
0.045000477
0.044999374
0.044958726
0.045016097
0.044991978
0.045011494
0.045016207
0.044998647
0.045003212
0.044996653
0.044995032
0.045002467
0.044998999
0.045002025
0.044997086
0.044999852
0.045000728
0.044998212
1.0931421
1.6330498
2.1835018
2.502628
1.1397838
1.6798066
2.2896346
2.6343174
1.1451057
1.722959
2.4031056
2.7824992
1.1056134
1.702181
2.494842
2.8899466
1.1021244
1.66199
2.5043223
2.9808786
1.1075259
1.6284217
2.411363
3.0186531
1.095564
1.6445902
2.3497347
2.8244793
1.0822014
1.6562663
2.4104071
2.8208089
0.063188827
0.33873212
0.62350757
0.95563705
0.052584072
0.3318425
0.6329687
0.94657635
0.064012125
0.30546178
0.63024755
0.87755415
0.063878065
0.27843657
0.63147267
0.85102681
2.117353
1.8418357
1.6839236
1.6028644
2.2912975
1.9497669
1.6987153
1.669213
2.6265231
2.1387748
1.7639796
1.6626919
2.9444341
2.35982
1.8379142
1.7071551
3.1535957
2.5013995
1.899655
1.7200367
3.5706151
2.8435594
2.0491407
1.7899005
4.1920144
3.4414612
2.3663922
1.9752679
4.6839425
4.0089078
2.7529438
2.1978814
3.179495
3.4820534
3.6665924
3.4335499
3.3170034
3.7171815
3.9456262
3.8295522
3.209456
3.8092524
4.3572368
4.3573548
3.1061198
3.632624
4.416616
4.7725977
0.045316668
0.044938534
0.045039902
0.044964862
0.044925771
0.045022133
0.044989062
0.045011161
0.045058755
0.04498786
0.045008979
0.044992197
0.044932985
0.04502221
0.04498827
0.04501102
0.045046695
0.044990878
0.045007356
0.044991866
0.045002098
0.045004477
0.04499842
0.045002318
0.044997651
0.0450057
0.044998723
0.04500252
0.045044777
0.044995481
0.045004677
0.044992807
0.044849646
0.044911083
0.045062262
0.044940415
0.044764438
0.044963778
0.045034073
0.044984975
0.044614084
0.044918151
0.045040246
0.044995031
0.045411221
0.04487057
0.045090288
0.044911666
0.044998702
0.045000523
0.044999711
0.045000474
0.045000395
0.04499991
0.0450001
0.044999835
0.044999869
0.045000073
0.04499996
0.045000084
0.04500004
0.044999957
0.045000046
0.044999891
0.045000145
0.045
0.044999997
0.045000049
0.045000033
0.044999996
0.045000012
0.044999976
0.044999975
0.045000022
0.044999992
0.045000025
0.045000371
0.044999952
0.045000043
0.044999947
0.045004888
0.044998965
0.045000646
0.044999424
0.044998845
0.045000251
0.044999913
0.045000039
0.044999343
0.045000098
0.045000019
0.045000065
0.045004152
0.044999255
0.04500059
0.044999281
0.044999939
0.045000021
0.044999987
0.04500002
0.045000023
0.044999995
0.045000005
0.044999993
0.044999982
0.045000006
0.044999996
0.045000006
0.045000035
0.044999993
0.045000006
0.044999993
1.0421806
1.6655489
2.4282532
2.8544257
1.0395495
1.6135537
2.4275022
2.8833011
1.0068514
1.5879137
2.291862
2.9249236
0.99683384
1.5803478
2.3018875
2.7526899
0.9774105
1.594119
2.3396622
2.7491631
0.96374582
1.5924997
2.3440867
2.8161814
0.96979807
1.5275471
2.3742278
2.7660022
0.93184406
1.4920631
2.3753473
2.8345986
0.063263554
0.22617119
0.58048721
0.85818668
0.066427591
0.21947644
0.56919818
0.80297508
0.077561777
0.19875596
0.57266086
0.75747221
0.079440925
0.19882142
0.54601042
0.80250395
4.9600096
4.3277232
3.035615
2.4043924
5.2323038
4.8776168
3.6358644
2.4313647
5.4131012
5.49172
4.2397861
2.1442298
5.6700803
5.8374084
4.4699576
1.915154
5.7962446
5.9865667
4.5215504
1.835319
5.7201148
5.9100486
4.5476854
1.847723
5.4056107
5.2553588
4.140847
1.7024714
5.2447727
4.9847581
3.7016232
1.559007
3.0177812
3.6844735
4.7285332
5.4893654
3.0721844
3.6077561
4.5577179
5.2613055
3.0576291
3.6483374
4.5738074
5.1488185
3.0642208
3.5856394
4.5863193
5.1047249
0.045048306
0.045004728
0.045001925
0.04498825
0.044950303
0.045016476
0.044994639
0.045008362
0.044900474
0.045013838
0.044997582
0.045002173
0.045145894
0.044975352
0.045024692
0.044961774
0.04521124
0.044983246
0.045022602
0.044965606
0.045359005
0.044993365
0.045022349
0.044976117
0.045624494
0.045013805
0.045023917
0.044978376
0.046451067
0.045002758
0.045061465
0.044927068
0.18308598
0.080704167
0.047050045
0.045077929
0.25999518
0.11110996
0.051430966
0.045101357
0.43673369
0.18385812
0.064727628
0.046426654
0.62997357
0.28451211
0.084541644
0.049524832
0.045000668
0.044999959
0.04500004
0.044999896
0.045000107
0.044999983
0.045000036
0.044999954
0.045000253
0.044999988
0.045000033
0.044999957
0.045000821
0.045000017
0.045000053
0.044999948
0.044999867
0.045000207
0.04499993
0.045000076
0.044998388
0.045000378
0.044999853
0.045000219
0.0449985
0.045000305
0.04499994
0.045000002
0.04500131
0.044999849
0.045000299
0.044999441
0.045014396
0.04499979
0.04500079
0.044998965
0.045004611
0.04500267
0.044999371
0.04500197
0.044996813
0.045004742
0.044998723
0.045002335
0.045019359
0.045001815
0.045001566
0.04499742
0.044999927
0.045000021
0.044999992
0.04500001
0.044999887
0.045000021
0.044999995
0.045000005
0.045000034
0.044999999
0.045000012
0.044999977
0.045000308
0.044999969
0.045000035
0.044999945
0.9505495
1.4769786
2.3475713
2.8464797
0.9343326
1.4763187
2.3112345
2.7994128
0.91857632
1.433905
2.3398602
2.7080343
0.88449681
1.4464985
2.2774324
2.8415254
5.2101845
4.6456676
3.4932716
1.5150601
4.7819787
4.3849845
3.028971
1.5291202
4.3905894
4.0223387
2.6549473
1.4992715
4.1236063
3.6915833
2.4810944
1.4984758
3.9627338
3.5318112
2.3813963
1.4647345
4.0547562
3.1736501
2.1782708
1.4923846
3.816129
3.0423779
1.9677835
1.501921
3.6729926
3.0060396
1.9117283
1.4208101
3.2419654
3.8171452
4.2259288
4.1730116
3.2304933
3.7936082
4.2204939
3.9421643
3.103457
3.7960964
3.9888962
4.0031933
3.1159354
3.7518683
3.8037984
3.8533565
0.047375865
0.044994365
0.045094558
0.044885072
0.050625423
0.045075718
0.045158946
0.044826429
0.059954228
0.045758521
0.045162797
0.044908904
0.073715703
0.047348095
0.045053325
0.045130657
0.084508129
0.048833097
0.044970593
0.045268863
0.11187724
0.05352594
0.044753438
0.045553461
0.16563085
0.064203394
0.044593462
0.04576597
0.2200881
0.076180616
0.044734864
0.045829743
1.2636866
1.1380112
0.44868084
0.13835872
1.2868965
1.257719
0.62457827
0.19695432
1.3545842
1.3389522
0.8829232
0.30627905
1.4314301
1.4325349
1.089031
0.41295239
0.0450017
0.044999928
0.045000287
0.044999466
0.04500042
0.045000261
0.045000145
0.04499972
0.044991321
0.045001785
0.044999167
0.045001258
0.044982611
0.04500282
0.04499847
0.045002116
0.044981881
0.045002677
0.044998592
0.045001881
0.044986457
0.045001675
0.04499939
0.045000305
0.045005449
0.044998892
0.04500143
0.044996999
0.045018734
0.044997631
0.045002453
0.044995653
0.044755574
0.045046284
0.044976121
0.045035618
0.044692315
0.045045103
0.044976619
0.045031346
0.044764452
0.045020069
0.044993769
0.044999805
0.044884627
0.044992499
0.045011745
0.04497243
0.044999048
0.045000167
0.044999928
0.045000072
0.044999969
0.045000069
0.045000015
0.044999929
0.045001624
0.044999912
0.045000129
0.044999783
0.045002209
0.044999856
0.045000179
0.044999728
0.25259779
0.083964405
0.044950487
0.045810705
0.32747627
0.10236553
0.04573819
0.045721788
0.43735412
0.13110118
0.047580516
0.045575669
0.52203479
0.15470886
0.049516287
0.045446967
0.56568764
0.16727046
0.050634342
0.045379455
0.63629031
0.18880157
0.052755136
0.04527584
0.70695079
0.21014322
0.054992175
0.045159871
0.72468449
0.21644101
0.055783939
0.045117407
0.045024411
0.044997259
0.04500299
0.044994971
0.045032596
0.044997668
0.04500313
0.044994932
0.045036559
0.044998507
0.04500235
0.044996975
0.045035174
0.044999443
0.045002074
0.044997405
0.045034623
0.044999775
0.045001976
0.044998115
0.045030727
0.045001475
0.045000769
0.045000191
0.045032507
0.045002273
0.04500062
0.04499929
0.04503633
0.045001989
0.045000989
0.044999503
0.045582273
0.044938337
0.045054705
0.04491593
0.04568415
0.044939544
0.045056443
0.044916953
0.045781348
0.044936617
0.045063814
0.044908839
0.045817998
0.044936669
0.045065015
0.044901823
0.044999671
0.045000465
0.04499984
0.045000307
0.044998448
0.04500069
0.044999671
0.0450006
0.044998926
0.045000692
0.044999743
0.045000408
0.04499881
0.04500061
0.044999783
0.045000344
0.04503636
0.04500211
0.045000733
0.045000412
0.045035036
0.045002173
0.045000433
0.045000367
0.045033758
0.045001385
0.045000639
0.045000263
0.045032907
0.044999744
0.045001862
0.04499806
0.045030768
0.044999762
0.045001839
0.044997744
0.045034967
0.044998726
0.045002123
0.044997389
0.045033989
0.044997098
0.045003403
0.044994626
0.045024756
0.044996839
0.045003209
0.044994826
0.045501647
0.044943441
0.045050368
0.044925369
0.04535427
0.044949293
0.045046863
0.044924696
0.045158315
0.044958833
0.045036703
0.044935905
0.04498517
0.044973584
0.045023106
0.044958555
