FiniteElementSpace
FiniteElementCollection: L2_2D_P3
VDim: 1
Ordering: 0

0.030929358
0.048327367
0.037217839
0.093748802
0.022155922
0.039066623
0.031387274
0.091993844
0.021971311
0.036846647
0.031274783
0.085371393
0.035723413
0.04302933
0.033398419
0.081104764
0.30409014
0.28264766
0.24632254
0.20168008
0.2995336
0.2858098
0.23707419
0.20340645
0.29579328
0.28700224
0.22433264
0.20518793
0.29398559
0.28114781
0.22447171
0.20001376
0.58560116
0.59775201
0.60308303
0.61045433
0.59851963
0.60243387
0.6115442
0.61711467
0.6024038
0.61106252
0.61735379
0.62388498
0.61985448
0.6180059
0.62541708
0.62855026
0.048382743
0.062552258
0.035112158
0.083129773
0.018092147
0.036796103
0.030021361
0.078758466
0.022477693
0.039608184
0.028826577
0.077388499
0.042568857
0.048153444
0.03490334
0.085038983
0.29151937
0.28114938
0.23113537
0.19267364
0.3015759
0.27978351
0.23046091
0.19406093
0.31120198
0.27442136
0.23273616
0.1969118
0.30114831
0.27866821
0.22863841
0.19740102
0.64009444
0.64453758
0.64853675
0.65505763
0.62298598
0.6287978
0.6373699
0.64320799
0.62385858
0.62788286
0.63546669
0.64316673
0.61594348
0.62956369
0.63796123
0.64450418
0.031733847
0.041533349
0.032687511
0.096417277
0.023695628
0.034671948
0.035749682
0.099468476
0.02284935
0.03687184
0.035197435
0.1054175
0.02646636
0.036633366
0.038241292
0.1061645
0.31457611
0.28749609
0.2484504
0.20310197
0.32203133
0.2927622
0.25088718
0.20539022
0.31498789
0.30621271
0.24929176
0.21569091
0.3219509
0.3094047
0.25765471
0.22716148
0.57582757
0.58362031
0.59442386
0.60052191
0.57137916
0.57925906
0.58590636
0.59260428
0.55201042
0.55370027
0.56314003
0.56968856
0.52064064
0.54038679
0.54861637
0.5575623
0.63514253
0.64443507
0.65693539
0.66723249
0.62597404
0.63396913
0.64558089
0.65484271
0.60789506
0.61695985
0.62917005
0.63929494
0.59723504
0.6061534
0.61841482
0.6284042
0.021117923
0.032794066
0.042760469
0.13541863
0.019703698
0.030112126
0.045262891
0.11705005
0.016751093
0.030059103
0.045401479
0.12321943
0.015051299
0.030962366
0.044157829
0.12256573
0.35441025
0.35064681
0.31288811
0.25667943
0.36385082
0.35975652
0.31756289
0.27708366
0.39017264
0.37079068
0.32788651
0.28776365
0.40002224
0.39079095
0.33717918
0.2932372
0.4740317
0.48244734
0.49006245
0.49797467
0.46669846
0.46965002
0.47418552
0.48156905
0.44018133
0.43926784
0.45051984
0.45880541
0.41791254
0.42573022
0.43910109
0.44675032
0.53919595
0.54899134
0.560443
0.5684701
0.52941452
0.54089554
0.55512589
0.56283887
0.50915351
0.52281554
0.53985019
0.55328216
0.49538833
0.50890975
0.52762186
0.54282541
0.011841903
0.026454474
0.058043699
0.098290097
0.011786661
0.02794286
0.050059382
0.095758839
0.0080820194
0.025428667
0.064651881
0.0989187
0.0093218252
0.032376335
0.057644353
0.08532949
0.46715093
0.45238018
0.40135203
0.35682733
0.46773596
0.46214769
0.41852734
0.35766099
0.46553583
0.47505473
0.44119545
0.36842893
0.46197666
0.47916295
0.44642941
0.38602698
0.38180299
0.39635671
0.40767869
0.42179225
0.3957709
0.40204428
0.41316651
0.4201864
0.39347877
0.40378337
0.41036093
0.42374719
0.40142532
0.37637034
0.39816453
0.41523071
0.47349851
0.48729604
0.50448125
0.5162408
0.46998502
0.48282857
0.50093724
0.51473757
0.46819955
0.47972063
0.49637329
0.51086856
0.47051699
0.47991954
0.49489308
0.50743501
0.014394532
0.021128844
0.041702534
0.057221653
0.0062974525
0.023642387
0.040613793
0.064032377
0.0077671993
0.021689491
0.030816297
0.049460424
0.0057298701
0.020056877
0.023899449
0.043786581
0.37951977
0.41750301
0.41044677
0.37826981
0.34059924
0.38267454
0.39544144
0.37968836
0.26873602
0.31361837
0.34566436
0.34812234
0.21474088
0.25192987
0.27306806
0.27578774
0.32330321
0.35980246
0.35692409
0.36868765
0.2509112
0.26261774
0.33854654
0.35467896
0.18899
0.30290113
0.30136042
0.33284082
0.23193854
0.2159444
0.31039102
0.29409576
0.46525997
0.48283617
0.49803722
0.50783421
0.46363808
0.47726843
0.49315491
0.4997369
0.45862131
0.46923359
0.48035694
0.47085741
0.45191889
0.44346243
0.42315717
0.34041635
0.14413979
0.23783785
0.31132269
0.32541493
0.13561286
0.24003966
0.30105232
0.32509913
0.13654625
0.23098754
0.28892558
0.30540116
0.13495613
0.22618169
0.2859073
0.30136289
0.026457732
0.03798521
0.038307926
0.10709883
0.022713395
0.036377819
0.035357005
0.10583011
0.02374016
0.034764193
0.036064296
0.099628845
0.030587437
0.039476022
0.032376421
0.094821605
0.13644238
0.22378862
0.28607425
0.29889289
0.13099485
0.22277698
0.28124283
0.29077192
0.1300381
0.2199574
0.27433726
0.28997941
0.13447186
0.21580565
0.27686579
0.2879598
0.13249779
0.21687872
0.27840982
0.28855142
0.1293625
0.21570847
0.279221
0.28493072
0.12975875
0.21429776
0.27447455
0.28412504
0.13377999
0.21552733
0.26996918
0.28427448
0.045132435
0.058166219
0.034799171
0.085966022
0.020604126
0.037521393
0.029489299
0.076997775
0.020131404
0.039582919
0.030571176
0.077857682
0.039929987
0.051112106
0.034888676
0.078658827
0.20065141
0.2712331
0.41622968
0.55518422
0.20101325
0.28625571
0.43498406
0.55538036
0.20738292
0.28169011
0.44970247
0.57186217
0.21099976
0.27800283
0.44962887
0.57797529
0.20455793
0.28742616
0.45674067
0.5813723
0.19413221
0.30975752
0.46898788
0.57390324
0.1978039
0.306979
0.47340216
0.59548253
0.20689406
0.29423591
0.47783835
0.61273525
0.29176709
0.27727628
0.22812972
0.20062448
0.28925295
0.26889287
0.23690865
0.19753394
0.28687451
0.27122718
0.24054355
0.19186195
0.29284511
0.27768525
0.23604914
0.19006198
0.59990946
0.61935356
0.62832709
0.63525701
0.61424953
0.61552525
0.62498927
0.63343748
0.62350738
0.63079824
0.63798193
0.64466084
0.64420415
0.64723418
0.65527012
0.66044135
0.13133468
0.2174411
0.26778916
0.2901529
0.12963163
0.21621422
0.26631001
0.29111061
0.13030598
0.21656647
0.27020044
0.28302726
0.1342909
0.21576713
0.27410306
0.28636448
0.13496555
0.21461888
0.27581209
0.29061048
0.13136819
0.21769971
0.27583251
0.30119169
0.13236161
0.22038098
0.28316224
0.30133579
0.1382408
0.2217155
0.29194558
0.29009248
0.04172604
0.049447911
0.034895058
0.07957265
0.021027128
0.035179671
0.029993011
0.086544491
0.022734015
0.040259962
0.031528027
0.091065346
0.029836681
0.043582977
0.036453673
0.094479121
0.20457176
0.29662885
0.47730954
0.60805705
0.20002687
0.3016946
0.47391187
0.59550593
0.20046414
0.30177126
0.46852861
0.58778141
0.20890628
0.2856646
0.45262489
0.59524507
0.21361622
0.27836457
0.44898016
0.5873657
0.20394654
0.2828123
0.44501054
0.56224764
0.19514623
0.28795276
0.43255729
0.5443003
0.19514104
0.27908423
0.41419027
0.54529481
0.29774556
0.27966802
0.22710599
0.19514106
0.2949871
0.27991408
0.22649319
0.20453327
0.29877303
0.28324358
0.23349632
0.20978404
0.30741051
0.28809338
0.24053446
0.20886038
0.65850436
0.66478665
0.67260501
0.67840127
0.64673845
0.65347684
0.66272735
0.66949669
0.64722632
0.65511513
0.66438242
0.67195173
0.6477255
0.6526234
0.66076495
0.66843412
0.63706519
0.64392798
0.65274259
0.65986156
0.61924098
0.62458169
0.63429483
0.64224433
0.61245393
0.62030746
0.63041347
0.63922362
0.60808055
0.61480913
0.62523461
0.63350427
0.62566783
0.62434298
0.63015506
0.63475778
0.59620622
0.60303345
0.61025335
0.61594634
0.5882925
0.59394132
0.6024378
0.60916037
0.58192489
0.58927074
0.59707008
0.60435806
0.13730741
0.22414763
0.29099903
0.29040813
0.13623233
0.23026354
0.28650013
0.30236033
0.1349181
0.2412122
0.28758411
0.32458819
0.14450293
0.24029473
0.29936872
0.32275517
0.13277197
0.24902305
0.29869257
0.33179867
0.14128021
0.24861036
0.31246185
0.32614149
0.14050825
0.25690605
0.32813276
0.33771451
0.1469209
0.25863427
0.34246971
0.34229392
0.026345267
0.035721462
0.037790017
0.11491238
0.023262809
0.033033451
0.038948651
0.10836504
0.02083806
0.033164048
0.040547963
0.11719812
0.022478807
0.03190567
0.041498049
0.1115723
0.19974206
0.26892724
0.41132006
0.54182686
0.20477837
0.26044457
0.40635731
0.54227671
0.2069435
0.24987823
0.40118831
0.53114916
0.20573345
0.23989455
0.39365468
0.50521389
0.20797736
0.23649446
0.37797066
0.5005882
0.21413387
0.23458657
0.37923848
0.50419486
0.21999301
0.23607855
0.37045777
0.49037862
0.22346417
0.23499055
0.34516445
0.47054581
0.32508771
0.3131122
0.26250471
0.23505166
0.34916457
0.31829787
0.27368541
0.23492954
0.35341142
0.33016458
0.29352434
0.23220187
0.35771551
0.34154813
0.30875164
0.24267512
0.6050043
0.61291549
0.62315651
0.63075878
0.5963157
0.60403416
0.61448007
0.62208049
0.57414182
0.58244335
0.59388045
0.60307538
0.56178975
0.5704977
0.58272679
0.59209265
0.56129386
0.56916308
0.58007408
0.58870998
0.55263002
0.56027533
0.5715281
0.57946286
0.523814
0.53231052
0.54498938
0.55605115
0.50783458
0.51666313
0.52866582
0.53823345
0.52993697
0.53606167
0.54990776
0.55693601
0.53077282
0.53681024
0.54147644
0.54899265
0.502927
0.50604754
0.51376266
0.52008496
0.4852647
0.48514844
0.495432
0.50220159
0.6722863
0.68076139
0.68962575
0.6968059
0.65984364
0.67010462
0.68242205
0.69067723
0.64503238
0.65476344
0.66817712
0.67884824
0.6330888
0.64569967
0.66019853
0.67037145
0.59321017
0.60148355
0.61457306
0.62457107
0.58346172
0.59199487
0.60006522
0.60858665
0.56255714
0.57367571
0.58577296
0.59137079
0.5439665
0.55461721
0.56649053
0.5767123
0.15033641
0.26435855
0.34539018
0.35181833
0.14947874
0.26858655
0.36190629
0.36667021
0.15682723
0.27442043
0.38351954
0.38362744
0.15763911
0.27805171
0.39177821
0.40059493
0.16037678
0.28030283
0.39748783
0.40623829
0.15782332
0.2829313
0.41073663
0.43248965
0.1586076
0.28545395
0.42578778
0.45861781
0.1548015
0.28548909
0.43431338
0.45367242
0.016692087
0.029155487
0.050200007
0.11344911
0.013326586
0.028990287
0.048278794
0.11737308
0.013358712
0.026057398
0.055922816
0.10836813
0.011577144
0.029204126
0.050316847
0.10431861
0.22852764
0.23030374
0.34294984
0.4553423
0.23443909
0.23454088
0.32823247
0.43860921
0.25281023
0.24271821
0.31631153
0.41497766
0.26933034
0.24926197
0.29943162
0.40274977
0.28224252
0.24573363
0.29843315
0.38513087
0.28530993
0.25102215
0.28620069
0.38068564
0.31333327
0.25652211
0.27798867
0.38535236
0.33488008
0.26603451
0.26678846
0.3818678
0.40094435
0.40265905
0.34907938
0.28961302
0.40494574
0.42251489
0.36956923
0.30937978
0.44407647
0.43889998
0.38276885
0.3442309
0.46373778
0.44962586
0.39078461
0.35947952
0.50165453
0.51116305
0.52393758
0.53378295
0.48633478
0.49611224
0.5109345
0.52291651
0.463
0.47306611
0.4882651
0.50144476
0.45316503
0.46191243
0.47612958
0.48829295
0.44924175
0.45924012
0.47193393
0.48363421
0.44620783
0.45566433
0.46867825
0.47908236
0.4357515
0.44783265
0.46313425
0.47489369
0.4298135
0.44071521
0.45727197
0.46957659
0.41716609
0.42561236
0.43597639
0.44575908
0.41799555
0.4200412
0.43086251
0.44037398
0.40359474
0.40549879
0.41818007
0.43022934
0.39896768
0.39459948
0.4112
0.42007107
0.49048822
0.50381204
0.52219035
0.53732388
0.48538603
0.49684872
0.51229613
0.52652523
0.4809768
0.49295199
0.5068615
0.51846026
0.47698724
0.48987325
0.50465542
0.51432165
0.15242708
0.27930518
0.44063335
0.44932655
0.14845413
0.26412793
0.44074142
0.46200307
0.13948483
0.24525352
0.42622951
0.45741346
0.12989082
0.2277407
0.40818273
0.45087139
0.1221719
0.22808504
0.39052129
0.44961915
0.10769745
0.20819854
0.36340331
0.43564283
0.12275359
0.18898279
0.32152861
0.406784
0.12674329
0.16560129
0.28835229
0.36757439
0.0091860968
0.035981969
0.046993251
0.075624352
0.0066284963
0.025145755
0.050694296
0.080401499
0.0096776993
0.042490978
0.043323218
0.079504043
0.0064353776
0.039386637
0.028951531
0.11862504
0.34467606
0.27083228
0.27000849
0.37558406
0.35069261
0.29184041
0.27005532
0.36802474
0.35226759
0.30937494
0.27611786
0.35427133
0.34875809
0.30639318
0.27593178
0.35020171
0.35848346
0.2935771
0.27969488
0.35047254
0.35744358
0.28794934
0.27045125
0.33159195
0.37591774
0.30542588
0.2809646
0.31753721
0.36675518
0.3306328
0.26168063
0.30745299
0.46254036
0.47654709
0.44937781
0.38795295
0.45533921
0.46093609
0.44036793
0.39276687
0.42783613
0.44375669
0.41992482
0.39796572
0.40240693
0.42793653
0.41363171
0.38711189
0.42555034
0.43893132
0.45384437
0.4669322
0.42662001
0.43690055
0.45179964
0.46319563
0.42756194
0.43923518
0.45244991
0.46298803
0.42651658
0.43827819
0.45479039
0.46440218
0.41879253
0.43778527
0.45548389
0.46661832
0.40823389
0.42787137
0.45180409
0.46630381
0.39356777
0.41702574
0.4451317
0.46409503
0.38667644
0.40367775
0.43112335
0.45841534
0.34559888
0.36918954
0.38921999
0.41004599
0.36330403
0.35820387
0.37670538
0.39684235
0.32550899
0.34861579
0.36855475
0.38363765
0.35139687
0.35108468
0.36405947
0.37726673
0.47114714
0.48078028
0.4944635
0.50744774
0.47322225
0.48350676
0.49566336
0.50620038
0.47162528
0.48491868
0.49825935
0.50743394
0.46933039
0.48312978
0.49881788
0.50786916
0.10718407
0.15964112
0.26807347
0.35211188
0.099541636
0.14501398
0.23701426
0.30651364
0.10183911
0.12766439
0.19442709
0.25152603
0.08193045
0.11146249
0.16014408
0.18754354
0.071657335
0.09920885
0.13739406
0.1661128
0.061336585
0.070393109
0.090293166
0.1114594
0.028866549
0.041943778
0.049755624
0.058017798
0.018590987
0.024830236
0.033487622
0.035165067
0.006569831
0.024630286
0.022478272
0.040749876
0.0035486848
0.017227944
0.020734361
0.029520778
0.0040349257
0.010581959
0.011618457
0.015373573
0.0066423134
0.0097528037
0.010221458
0.013568378
0.37581404
0.32473095
0.28181907
0.31890756
0.35693609
0.30661434
0.29313233
0.26437014
0.34165534
0.29081392
0.24958336
0.33221918
0.2752751
0.27378919
0.21629708
0.18204505
0.22351056
0.17847349
0.31047819
0.1133353
0.16670392
0.14900902
0.13036269
0.21069082
0.078638802
0.1027047
0.030589664
0.05136084
0.02332076
0.013027463
0.0197984
0.036227832
0.18532824
0.23361192
0.2433772
0.23161552
0.13410425
0.1510006
0.16914121
0.17020175
0.049778607
0.082981574
0.074616983
0.066325294
0.021162082
0.018909862
0.022338024
0.023091902
0.37642097
0.39338318
0.42917002
0.45858193
0.37272611
0.38639512
0.41615357
0.44717705
0.34713031
0.37422822
0.40516084
0.44668245
0.32034696
0.34955059
0.39964891
0.41881156
0.28865312
0.31872905
0.35413731
0.43224652
0.15782235
0.23787462
0.30089903
0.26266408
0.071479321
0.093223862
0.10797789
0.24724977
0.0066381761
0.012448558
0.021326403
0.0081689151
0.1154577
0.19794483
0.14439901
0.22609431
0.040577543
0.082657184
0.12582446
0.15961876
0.10263159
0.10264328
0.10644562
0.061330476
0.0026208262
0.0050929803
0.0061663356
0.0052288115
0.39459298
0.40421051
0.34500298
0.25133419
0.31361061
0.28633735
0.19622644
0.12741015
0.1945316
0.14414556
0.090845756
0.063835219
0.027445736
0.082956561
0.063822323
0.051083054
