FiniteElementSpace
FiniteElementCollection: L2_2D_P3
VDim: 1
Ordering: 0

0.044997266
0.045000505
0.044999613
0.045000498
0.04500095
0.044999831
0.045000144
0.044999822
0.04499939
0.045000171
0.044999916
0.045000136
0.04500104
0.044999685
0.04500017
0.044999743
0.04499997
0.045000006
0.044999995
0.045000006
0.04500001
0.044999998
0.045000002
0.044999998
0.044999993
0.045000002
0.044999999
0.045000001
0.045000012
0.044999997
0.045000002
0.044999997
0.045000001
0.045
0.045
0.045
0.045
0.045
0.045
0.045
0.045
0.045
0.045
0.045
0.045
0.045
0.045
0.045
0.045
0.045
0.045
0.045
0.045
0.045
0.045
0.045
0.045
0.045
0.045
0.045
0.045
0.045
0.045
0.045
0.04499974
0.045000073
0.044999958
0.045000052
0.045000081
0.044999985
0.045000012
0.044999984
0.044999948
0.045000014
0.044999992
0.045000011
0.04500008
0.044999979
0.045000014
0.044999984
0.044999997
0.045000001
0.044999999
0.045000001
0.045000001
0.045
0.045
0.045
0.044999999
0.045
0.045
0.045
0.045000001
0.045
0.045
0.045
0.045
0.045
0.045
0.045
0.045
0.045
0.045
0.045
0.045
0.045
0.045
0.045
0.045
0.045
0.045
0.045
0.045
0.045
0.045
0.045
0.045
0.045
0.045
0.045
0.045
0.045
0.045
0.045
0.045
0.045
0.045
0.045
0.045
0.045
0.045
0.045
0.045
0.045
0.045
0.045
0.045
0.045
0.045
0.045
0.045
0.045
0.045
0.045
0.045
0.045
0.045
0.045
0.045
0.045
0.045
0.045
0.045
0.045
0.045
0.045
0.045
0.045
0.045
0.045
0.045
0.045
0.045
0.045
0.045
0.045
0.045
0.045
0.045
0.045
0.045
0.045
0.045
0.045
0.045
0.045
0.044999999
0.045
0.045
0.045
0.045000001
0.045
0.045
0.045
0.045000001
0.045
0.045
0.045
0.045
0.045
0.045
0.045
0.045
0.045
0.045
0.045
0.045
0.045
0.045
0.045
0.045
0.045
0.045
0.045
0.045
0.045
0.045
0.045
0.008
0.008
0.008
0.008
0.008
0.008
0.008
0.008
0.008
0.008
0.008
0.008
0.008
0.008
0.008
0.008
0.045000001
0.045
0.045
0.045
0.045
0.045
0.045
0.045
0.045
0.045
0.045
0.045
0.045000003
0.045
0.045
0.045
0.045
0.045
0.045
0.045
0.045
0.045
0.045
0.045
0.045
0.045
0.045
0.045
0.045
0.045
0.045
0.045
0.008
0.008
0.008
0.008
0.008
0.008
0.008
0.008
0.008
0.008
0.008
0.008
0.008
0.008
0.008
0.008
0.045000004
0.045
0.045
0.045
0.045000002
0.045
0.045
0.045
0.045000001
0.045
0.045
0.045
0.045000003
0.045
0.045
0.045
0.0080000001
0.008
0.008
0.008
0.008
0.008
0.008
0.008
0.0080000001
0.008
0.008
0.008
0.0080000001
0.008
0.008
0.008
0.008
0.008
0.008
0.008
0.008
0.008
0.008
0.008
0.008
0.008
0.008
0.008
0.008
0.008
0.008
0.008
0.044999716
0.045000053
0.044999958
0.045000053
0.045000097
0.044999982
0.045000016
0.044999981
0.044999934
0.045000018
0.04499999
0.045000014
0.045000114
0.044999967
0.045000019
0.044999973
0.044999894
0.045000031
0.044999984
0.045000023
0.045000034
0.044999994
0.045000005
0.044999994
0.044999977
0.045000006
0.044999996
0.045000004
0.045000039
0.044999989
0.045000007
0.044999992
0.044999091
0.045000278
0.044999851
0.045000203
0.045000324
0.04499994
0.04500005
0.044999945
0.044999796
0.045000056
0.044999966
0.045000042
0.045000339
0.044999905
0.04500006
0.044999933
0.044999997
0.045
0.045
0.045
0.045000001
0.045
0.045
0.045
0.044999999
0.045
0.045
0.045
0.045000001
0.045
0.045
0.045
0.044999999
0.045
0.045
0.045
0.045
0.045
0.045
0.045
0.045
0.045
0.045
0.045
0.045
0.045
0.045
0.045
0.044999989
0.045000003
0.044999998
0.045000002
0.045000003
0.044999999
0.045000001
0.044999999
0.044999998
0.045000001
0.045
0.045
0.045000004
0.044999999
0.045000001
0.044999999
0.044999999
0.045
0.045
0.045
0.045
0.045
0.045
0.045
0.045
0.045
0.045
0.045
0.045
0.045
0.045
0.045
0.045
0.045
0.045
0.045
0.045
0.045
0.045
0.045
0.045
0.045
0.045
0.045
0.045
0.045
0.045
0.045
0.045
0.045
0.045
0.045
0.045
0.045
0.045
0.045
0.045
0.045
0.045
0.045
0.045
0.045
0.045
0.045
0.045
0.045
0.045
0.045
0.045
0.045
0.045
0.045
0.045
0.045
0.045
0.045
0.045
0.045
0.045
0.045
0.045
0.045
0.045
0.045
0.045
0.045
0.045
0.045
0.045
0.045
0.045
0.045
0.045
0.045
0.045
0.045
0.045
0.045
0.045
0.045
0.045
0.045
0.045
0.045
0.045
0.045
0.045
0.045
0.045
0.045
0.045
0.045
0.044999969
0.045000009
0.044999995
0.045000006
0.045000009
0.044999998
0.045000001
0.044999998
0.044999994
0.045000002
0.044999999
0.045000001
0.04500001
0.044999997
0.045000002
0.044999998
0.044999992
0.045000002
0.044999999
0.045000001
0.045000002
0.045
0.045
0.045
0.044999998
0.045
0.045
0.045
0.045000003
0.044999999
0.045
0.044999999
0.045
0.045
0.045
0.045
0.045
0.045
0.045
0.045
0.045
0.045
0.045
0.045
0.045
0.045
0.045
0.045
0.045
0.045
0.045
0.045
0.045
0.045
0.045
0.045
0.045
0.045
0.045
0.045
0.045
0.045
0.045
0.045
0.044999999
0.045
0.045
0.045
0.045
0.045
0.045
0.045
0.045
0.045
0.045
0.045
0.045
0.045
0.045
0.045
0.045
0.045
0.045
0.045
0.045
0.045
0.045
0.045
0.045
0.045
0.045
0.045
0.045
0.045
0.045
0.045
0.045
0.045
0.045
0.045
0.045
0.045
0.045
0.045
0.045
0.045
0.045
0.045
0.045
0.045
0.045
0.045
0.045
0.045
0.045
0.045
0.045
0.045
0.045
0.045
0.045
0.045
0.045
0.045
0.045
0.045
0.045
0.045
0.045
0.045
0.045
0.045
0.045
0.045
0.045
0.045
0.045
0.045
0.045
0.045
0.045
0.045
0.045
0.045
0.045
0.045
0.045
0.045
0.045
0.045
0.045
0.045
0.045
0.045
0.045
0.045
0.045
0.045
0.045
0.045
0.045
0.045
0.045
0.045
0.045
0.045
0.045
0.045
0.045
0.045
0.045
0.045
0.045
0.045
0.045
0.045
0.044999998
0.045000001
0.045
0.045
0.045000001
0.045
0.045
0.045
0.045
0.045
0.045
0.045
0.045000002
0.045
0.045
0.045
0.044999999
0.045
0.045
0.045
0.045
0.045
0.045
0.045
0.045000001
0.045
0.045
0.045
0.045
0.045
0.045
0.045
0.045
0.045
0.045
0.045
0.045
0.045
0.045
0.045
0.045
0.045
0.045
0.045
0.045
0.045
0.045
0.045
0.045
0.045
0.045
0.045
0.045
0.045
0.045
0.045
0.045
0.045
0.045
0.045
0.045
0.045
0.045
0.045
0.045
0.045
0.045
0.045
0.045
0.045
0.045
0.045
0.045
0.045
0.045
0.045
0.045
0.045
0.045
0.045
0.045
0.045
0.045
0.045
0.045
0.045
0.045
0.045
0.045
0.045
0.045
0.045
0.045
0.045
0.045
0.045
0.045
0.045
0.045
0.045
0.045
0.045
0.045
0.045
0.045
0.045
0.045
0.045
0.045
0.045
0.045
0.045
0.045
0.045
0.045
0.045
0.045
0.045
0.045
0.045
0.045
0.045
0.045
0.045
0.045
0.045
0.045
0.045
0.045
0.045
0.045
0.045
0.045
0.045
0.045
0.045
0.045
0.045
0.045
0.045
0.045
0.045
0.045
0.045
0.008
0.008
0.008
0.008
0.008
0.008
0.008
0.008
0.008
0.008
0.008
0.008
0.008
0.008
0.008
0.008
0.008
0.008
0.008
0.008
0.008
0.008
0.008
0.008
0.008
0.008
0.008
0.008
0.008
0.008
0.008
0.008
0.044999993
0.045000001
0.044999999
0.045000001
0.045000003
0.045
0.045000001
0.044999999
0.045000013
0.044999999
0.045000001
0.044999998
0.045000004
0.045
0.045
0.045
0.044999999
0.045000001
0.045
0.045000001
0.044999991
0.045000002
0.044999999
0.045000001
0.044999986
0.045000003
0.044999999
0.045000001
0.044999983
0.045000004
0.044999999
0.045000001
0.045
0.045
0.045
0.045
0.045
0.045
0.045
0.045
0.045
0.045
0.045
0.045
0.045
0.045
0.045
0.045
0.045
0.045
0.045
0.045
0.045
0.045
0.045
0.045
0.045
0.045
0.045
0.045
0.045
0.045
0.045
0.045
0.045
0.045
0.045
0.045
0.044999999
0.045
0.045
0.045
0.045
0.045
0.045
0.045
0.045
0.045
0.045
0.045
0.045
0.045
0.045
0.045
0.045
0.045
0.045
0.045
0.045
0.045
0.045
0.045
0.045
0.045
0.045
0.045
0.045
0.045
0.045
0.045
0.045
0.045
0.045
0.045
0.045
0.045
0.045
0.045
0.045
0.045
0.045
0.045
0.045
0.045
0.045
0.045
0.045
0.045
0.045
0.045
0.045
0.045
0.045
0.045
0.045
0.045
0.045
0.045
0.008
0.008
0.008
0.008
0.008
0.008
0.008
0.008
0.008
0.008
0.008
0.008
0.008
0.008
0.008
0.008
0.008
0.008
0.008
0.008
0.008
0.008
0.008
0.008
0.008
0.008
0.008
0.008
0.008
0.008
0.008
0.008
0.008
0.008
0.008
0.008
0.008
0.008
0.008
0.008
0.008
0.008
0.008
0.008
0.008
0.008
0.008
0.008
0.045
0.044999999
0.045000002
0.044999997
0.044999976
0.045000003
0.044999999
0.045000001
0.044999992
0.045000002
0.045
0.045
0.045000023
0.044999997
0.045000004
0.044999994
0.045000013
0.044999998
0.045000003
0.044999996
0.045000003
0.045000001
0.045000001
0.044999998
0.045000015
0.045
0.045000002
0.044999996
0.04500004
0.044999995
0.045000005
0.044999991
0.045
0.045
0.045
0.045
0.045
0.045
0.045
0.045
0.045
0.045
0.045
0.045
0.045
0.045
0.045
0.045
0.045
0.045
0.045
0.045
0.045
0.045
0.045
0.045
0.045
0.045
0.045
0.045
0.045
0.045
0.045
0.045
0.045000002
0.045
0.045
0.045
0.045000001
0.045
0.045
0.045
0.045000001
0.045
0.045
0.045
0.045000004
0.045
0.045
0.045
0.045
0.045
0.045
0.045
0.045
0.045
0.045
0.045
0.045
0.045
0.045
0.045
0.045
0.045
0.045
0.045
0.045
0.045
0.045
0.045
0.045
0.045
0.045
0.045
0.045
0.045
0.045
0.045
0.045
0.045
0.045
0.045
0.045
0.045
0.045
0.045
0.045
0.045
0.045
0.045
0.045
0.045
0.045
0.045
0.045
0.045
0.045
0.045
0.008
0.008
0.008
0.008
0.008
0.008
0.008
0.008
0.008
0.008
0.008
0.008
0.008
0.008
0.008
0.008
0.008
0.008
0.008
0.008
0.008
0.008
0.008
0.008
0.008
0.008
0.008
0.008
0.008
0.008
0.008
0.008
0.008
0.008
0.008
0.008
0.008
0.008
0.008
0.008
0.008
0.008
0.008
0.008
0.008
0.008
0.008
0.008
0.045000032
0.044999997
0.045000004
0.044999992
0.045000018
0.045
0.045000003
0.044999995
0.045
0.045000002
0.045
0.044999999
0.045000015
0.044999997
0.045000003
0.044999995
0.045000014
0.044999998
0.045000003
0.044999995
0.044999983
0.045000003
0.044999999
0.045
0.044999983
0.045000002
0.044999999
0.045
0.044999998
0.045
0.045000001
0.044999998
0.044999904
0.045000017
0.045000006
0.044999979
0.044999621
0.045000074
0.044999967
0.04500004
0.044999598
0.045000067
0.044999969
0.04500004
0.044999818
0.045000033
0.044999991
0.045000009
0.045
0.045
0.045
0.045
0.045
0.045
0.045
0.045
0.045
0.045
0.045
0.045
0.045
0.045
0.045
0.045
0.008
0.008
0.008
0.008
0.008
0.008
0.008
0.008
0.008
0.008
0.008
0.008
0.008
0.008
0.008
0.008
0.008
0.008
0.008
0.008
0.008
0.008
0.008
0.008
0.008
0.008
0.008
0.008
0.008
0.008
0.008
0.008
