FiniteElementSpace
FiniteElementCollection: L2_2D_P3
VDim: 1
Ordering: 0

0.044999975
0.045000005
0.044999998
0.045000002
0.044999979
0.045000004
0.044999999
0.045000001
0.044999991
0.045
0.045
0.044999999
0.04499999
0.045000002
0.045
0.045000001
0.045
0.045
0.045
0.045
0.045
0.045
0.045
0.045
0.045
0.045
0.045
0.045
0.045
0.045
0.045
0.045
0.008
0.008
0.008
0.008
0.008
0.008
0.008
0.008
0.008
0.008
0.008
0.008
0.008
0.008
0.008
0.008
0.008
0.008
0.008
0.008
0.008
0.008
0.008
0.008
0.008
0.008
0.008
0.008
0.008
0.008
0.008
0.008
0.045
0.045000001
0.045
0.045
0.045000003
0.045
0.045
0.045
0.045000003
0.045
0.045
0.045
0.045000001
0.045
0.045
0.045
0.045
0.045
0.045
0.045
0.045
0.045
0.045
0.045
0.045
0.045
0.045
0.045
0.045
0.045
0.045
0.045
0.008
0.008
0.008
0.008
0.008
0.008
0.008
0.008
0.008
0.008
0.008
0.008
0.008
0.008
0.008
0.008
0.008
0.008
0.008
0.008
0.008
0.008
0.008
0.008
0.008
0.008
0.008
0.008
0.008
0.008
0.008
0.008
0.044999999
0.045000001
0.045
0.045000001
0.045000002
0.044999999
0.045000001
0.044999999
0.044999997
0.045000001
0.044999999
0.045000001
0.045000013
0.044999996
0.045000003
0.044999996
0.0079999999
0.008
0.008
0.008
0.008
0.0079999999
0.008
0.008
0.0079999999
0.008
0.008
0.008
0.0080000001
0.0079999999
0.008
0.008
0.008
0.008
0.008
0.008
0.008
0.008
0.008
0.008
0.008
0.008
0.008
0.008
0.008
0.008
0.008
0.008
0.008
0.008
0.008
0.008
0.008
0.008
0.008
0.008
0.008
0.008
0.008
0.008
0.008
0.008
0.008
0.008
0.044999948
0.045000022
0.044999988
0.045000015
0.045000027
0.044999991
0.045000006
0.044999992
0.044999977
0.045000017
0.044999992
0.04500001
0.04500004
0.044999983
0.045000008
0.044999986
0.0079999997
0.0080000001
0.008
0.0080000001
0.0080000001
0.008
0.008
0.008
0.0079999998
0.008
0.008
0.008
0.0080000003
0.0079999999
0.0080000001
0.0079999999
0.008
0.008
0.008
0.008
0.008
0.008
0.008
0.008
0.008
0.008
0.008
0.008
0.008
0.008
0.008
0.008
0.008
0.008
0.008
0.008
0.008
0.008
0.008
0.008
0.008
0.008
0.008
0.008
0.008
0.008
0.008
0.008
0.045
0.045
0.045
0.045
0.045
0.045
0.045
0.045
0.045
0.045
0.045
0.045
0.045
0.045
0.045
0.045
0.045
0.045
0.045
0.045
0.045
0.045
0.045
0.045
0.045
0.045
0.045
0.045
0.045
0.045
0.045
0.045
0.008
0.008
0.008
0.008
0.008
0.008
0.008
0.008
0.008
0.008
0.008
0.008
0.008
0.008
0.008
0.008
0.008
0.008
0.008
0.008
0.008
0.008
0.008
0.008
0.008
0.008
0.008
0.008
0.008
0.008
0.008
0.008
0.008
0.008
0.008
0.008
0.008
0.008
0.008
0.008
0.008
0.008
0.008
0.008
0.008
0.008
0.008
0.008
0.008
0.008
0.008
0.008
0.008
0.008
0.008
0.008
0.008
0.008
0.008
0.008
0.008
0.008
0.008
0.008
0.044999973
0.045000037
0.044999986
0.045000021
0.044999991
0.045000027
0.04499999
0.04500002
0.045000093
0.045000008
0.045000001
0.045000002
0.045000087
0.045000007
0.045000002
0.045
0.044999999
0.045
0.045
0.045
0.045
0.045
0.045
0.045
0.045000001
0.045
0.045
0.045
0.045
0.045
0.045
0.045
0.044999999
0.045
0.045
0.045
0.044999999
0.045
0.045
0.045
0.044999999
0.045
0.045
0.045
0.044999999
0.045
0.045
0.045
0.044999985
0.045000003
0.044999999
0.045000002
0.044999987
0.045000003
0.044999999
0.045000002
0.044999996
0.045000001
0.045
0.045000001
0.044999997
0.045000002
0.045
0.045000001
0.045
0.045
0.045
0.045
0.045
0.045
0.045
0.045
0.045
0.045
0.045
0.045
0.045
0.045
0.045
0.045
0.045
0.045
0.045
0.045
0.045
0.045
0.045
0.045
0.045
0.045
0.045
0.045
0.045
0.045
0.045
0.045
0.045
0.045
0.045
0.045
0.045
0.045
0.045
0.045
0.045
0.045
0.045
0.045
0.045
0.045
0.045
0.045
0.008
0.008
0.008
0.008
0.008
0.008
0.008
0.008
0.008
0.008
0.008
0.008
0.008
0.008
0.008
0.008
0.008
0.008
0.008
0.008
0.008
0.008
0.008
0.008
0.008
0.008
0.008
0.008
0.008
0.008
0.008
0.008
0.008
0.008
0.008
0.008
0.008
0.008
0.008
0.008
0.008
0.008
0.008
0.008
0.008
0.008
0.008
0.008
0.008
0.008
0.008
0.008
0.008
0.008
0.008
0.008
0.008
0.008
0.008
0.008
0.008
0.008
0.008
0.008
0.008
0.008
0.008
0.008
0.008
0.008
0.008
0.008
0.008
0.008
0.008
0.008
0.008
0.008
0.008
0.008
0.008
0.008
0.008
0.008
0.008
0.008
0.008
0.008
0.008
0.008
0.008
0.008
0.008
0.008
0.008
0.008
0.045000104
0.044999993
0.045000007
0.044999993
0.045000083
0.044999993
0.045000007
0.044999991
0.045000029
0.044999996
0.045000004
0.044999994
0.045000012
0.045000001
0.045000002
0.044999997
0.045000017
0.044999996
0.045000003
0.044999995
0.044999981
0.045000003
0.045
0.045
0.045000008
0.044999999
0.045000002
0.044999998
0.044999964
0.045000008
0.044999997
0.045000003
0.045
0.045
0.045
0.045
0.045
0.045
0.045
0.045
0.045
0.045
0.045
0.045
0.045
0.045
0.045
0.045
0.045
0.045
0.045
0.045
0.045
0.045
0.045
0.045
0.045
0.045
0.045
0.045
0.045000001
0.045
0.045
0.045
0.045000002
0.045
0.045
0.045
0.045000001
0.045
0.045
0.045
0.045000001
0.045
0.045
0.045
0.045
0.045
0.045
0.044999999
0.045
0.045
0.045
0.045
0.045
0.045
0.045
0.045
0.045
0.045
0.045
0.045
0.045
0.045
0.045
0.045
0.008
0.008
0.008
0.008
0.008
0.008
0.008
0.008
0.008
0.008
0.008
0.008
0.008
0.008
0.008
0.008
0.008
0.0079999999
0.0080000001
0.0079999999
0.008
0.008
0.008
0.008
0.0079999999
0.008
0.008
0.008
0.008
0.0079999999
0.008
0.008
0.008
0.008
0.008
0.008
0.008
0.008
0.008
0.008
0.008
0.008
0.008
0.008
0.008
0.008
0.008
0.008
0.008
0.008
0.008
0.008
0.008
0.008
0.008
0.008
0.008
0.008
0.008
0.008
0.008
0.008
0.008
0.008
0.008
0.008
0.008
0.008
0.008
0.008
0.008
0.008
0.008
0.008
0.008
0.008
0.008
0.008
0.008
0.008
0.008
0.008
0.008
0.008
0.008
0.008
0.008
0.008
0.008
0.008
0.008
0.008
0.008
0.008
0.008
0.008
0.008
0.008
0.008
0.008
0.008
0.008
0.008
0.008
0.008
0.008
0.008
0.008
0.008
0.008
0.008
0.008
0.008
0.008
0.008
0.008
0.008
0.008
0.008
0.008
0.008
0.008
0.008
0.008
0.008
0.008
0.008
0.008
0.045000017
0.044999994
0.045000003
0.044999998
0.044999985
0.045000003
0.045
0.044999999
0.045000011
0.045
0.045000001
0.045000003
0.044999965
0.045000007
0.045000001
0.044999992
0.04500002
0.045
0.044999996
0.045000009
0.045000006
0.044999992
0.04500001
0.044999987
0.044999988
0.045000023
0.044999986
0.045000024
0.045000062
0.044999976
0.045000027
0.044999932
0.044999999
0.045
0.045
0.045000001
0.045000001
0.045
0.045
0.045
0.044999999
0.045
0.045
0.045000001
0.045000003
0.044999999
0.045000001
0.044999999
0.044999996
0.045000001
0.044999999
0.045000001
0.045000002
0.044999999
0.045
0.045
0.044999997
0.045000001
0.045
0.045000001
0.04500001
0.044999997
0.045000002
0.044999998
0.044999983
0.045000006
0.044999996
0.045000005
0.045000011
0.044999997
0.045000003
0.044999997
0.044999984
0.045000007
0.044999996
0.045000005
0.045000056
0.044999986
0.04500001
0.044999986
0.008
0.008
0.008
0.008
0.008
0.008
0.008
0.008
0.008
0.008
0.008
0.008
0.008
0.008
0.008
0.008
0.008
0.008
0.008
0.008
0.008
0.008
0.008
0.008
0.008
0.008
0.008
0.008
0.008
0.008
0.008
0.008
0.0079999999
0.008
0.008
0.008
0.008
0.008
0.008
0.008
0.0079999999
0.008
0.008
0.008
0.0080000003
0.0079999999
0.0080000001
0.0079999999
0.008
0.008
0.008
0.008
0.008
0.008
0.008
0.008
0.008
0.008
0.008
0.008
0.008
0.008
0.008
0.008
0.008
0.008
0.008
0.008
0.008
0.008
0.008
0.008
0.008
0.008
0.008
0.008
0.008
0.008
0.008
0.008
0.008
0.008
0.008
0.008
0.008
0.008
0.008
0.008
0.008
0.008
0.008
0.008
0.008
0.008
0.008
0.008
0.008
0.008
0.008
0.008
0.008
0.008
0.008
0.008
0.008
0.008
0.008
0.008
0.008
0.008
0.008
0.008
0.008
0.008
0.008
0.008
0.008
0.008
0.008
0.008
0.008
0.008
0.008
0.008
0.008
0.008
0.008
0.008
0.008
0.008
0.008
0.008
0.008
0.008
0.008
0.008
0.008
0.008
0.008
0.008
0.008
0.008
0.008
0.008
0.044999988
0.04500007
0.044999967
0.045000054
0.044999999
0.044999973
0.045000025
0.044999958
0.045000095
0.045000104
0.044999969
0.04500006
0.045000013
0.044999882
0.045000038
0.044999893
0.045000787
0.045000076
0.045000062
0.044999921
0.044997938
0.045000358
0.044999776
0.045000306
0.045002339
0.044999821
0.045000357
0.044999705
0.04499185
0.045000003
0.044999428
0.045001101
0.04499999
0.045000003
0.044999998
0.045000002
0.045000005
0.044999999
0.045000001
0.044999999
0.044999995
0.045000002
0.044999999
0.045000001
0.045000008
0.044999997
0.045000001
0.044999999
0.044999996
0.045000003
0.045
0.045
0.04499999
0.045000002
0.044999999
0.045000002
0.045000019
0.044999999
0.045000004
0.044999996
0.04499991
0.045000002
0.044999992
0.045000026
0.045000022
0.045000021
0.044999998
0.045000001
0.044999844
0.045000025
0.044999985
0.045000022
0.045000193
0.044999989
0.04500003
0.044999974
0.04499915
0.045000002
0.044999942
0.045000117
0.008
0.008
0.008
0.008
0.008
0.008
0.008
0.008
0.008
0.008
0.008
0.008
0.008
0.008
0.008
0.008
0.008
0.008
0.008
0.008
0.008
0.008
0.008
0.008
0.0080000001
0.008
0.008
0.008
0.0079999997
0.008
0.008
0.0079999998
0.0079999998
0.0080000001
0.008
0.008
0.0079999998
0.008
0.008
0.008
0.0080000003
0.008
0.0080000001
0.0079999999
0.0079999978
0.008
0.0079999998
0.0080000004
0.008
0.008
0.008
0.008
0.008
0.008
0.008
0.008
0.008
0.008
0.008
0.008
0.008
0.008
0.008
0.008
0.008
0.008
0.008
0.008
0.008
0.008
0.008
0.008
0.008
0.008
0.008
0.008
0.0079999999
0.0080000001
0.008
0.008
0.008
0.008
0.008
0.008
0.008
0.008
0.008
0.008
0.008
0.008
0.008
0.008
0.0080000002
0.0079999999
0.008
0.0080000001
0.008
0.008
0.008
0.008
0.008
0.008
0.008
0.008
0.008
0.008
0.008
0.008
0.008
0.008
0.008
0.008
0.008
0.008
0.008
0.008
0.008
0.008
0.008
0.008
0.008
0.008
0.008
0.008
0.008
0.008
0.008
0.008
0.008
0.008
0.008
0.008
0.008
0.008
0.008
0.008
0.008
0.008
0.008
0.008
0.008
0.008
0.008
0.008
