FiniteElementSpace
FiniteElementCollection: L2_2D_P3
VDim: 1
Ordering: 0

0.23588854
0.22902891
0.22246053
0.21908271
0.23541284
0.22843889
0.22136938
0.21801814
0.23305006
0.22586189
0.21814765
0.2132676
0.23175245
0.22363676
0.21396789
0.20889364
0.22802724
0.23141591
0.23667216
0.24104889
0.22458306
0.22906448
0.23506857
0.24036825
0.21726552
0.22182061
0.22920493
0.23445481
0.21182613
0.21798948
0.22288293
0.22892661
0.26345644
0.26566086
0.26878704
0.26661783
0.26091508
0.26236555
0.26432576
0.26663963
0.25780642
0.2596021
0.26216134
0.26368855
0.2540424
0.25650256
0.2587828
0.26101245
0.2495176
0.2397028
0.22010814
0.19908269
0.25745273
0.24894702
0.23068716
0.20904245
0.26318868
0.25782479
0.24481627
0.22748222
0.26643593
0.26376436
0.25529042
0.24161756
0.2114325
0.20738852
0.20402456
0.20403335
0.20684831
0.20527543
0.20630135
0.20687095
0.20328961
0.20163048
0.20675539
0.21154288
0.20232611
0.19887218
0.20212468
0.20946293
0.19656137
0.19824347
0.20656925
0.21016615
0.20481421
0.20453844
0.20560526
0.21032503
0.21648537
0.21547541
0.20990856
0.20916694
0.22936951
0.22311226
0.22050463
0.21846254
0.23680793
0.22900875
0.23816402
0.24247438
0.23641268
0.24203216
0.24082935
0.24283168
0.25076646
0.25076819
0.25029142
0.24716221
0.23238845
0.25804039
0.25839795
0.26837636
0.26080686
0.26289485
0.26752564
0.26739869
0.25720176
0.25924316
0.26469829
0.26288355
0.25395206
0.25518741
0.26033621
0.24194285
0.25102575
0.25062573
0.25409408
0.19067537
0.16503691
0.16369663
0.1714906
0.17655179
0.17592402
0.16567774
0.16322098
0.17059039
0.19435289
0.17858587
0.16300532
0.16622323
0.21246164
0.18883761
0.16697826
0.16405521
0.21413351
0.2090933
0.21492455
0.22127951
0.19964766
0.20645866
0.2116355
0.21613885
0.19558463
0.19774028
0.20299473
0.20749733
0.19106343
0.19555255
0.20026626
0.20378146
0.23301279
0.2327556
0.23184123
0.2369478
0.23997265
0.23931762
0.23980455
0.23752561
0.23280771
0.23807428
0.23901385
0.24194893
0.22611924
0.23283369
0.23918134
0.23825533
0.2421368
0.18131025
0.050366456
0.01692688
0.24127743
0.14964248
0.035700718
0.012705745
0.22595442
0.10099887
0.023066418
0.010075849
0.18350905
0.067243568
0.016434098
0.0089387057
0.28171128
0.27745417
0.23553592
0.20017887
0.25038913
0.26309034
0.25396639
0.22194303
0.18823762
0.21123874
0.23677271
0.23499801
0.14014809
0.16982971
0.1920321
0.20623959
0.1830369
0.18533521
0.18951272
0.1930134
0.18160309
0.18456638
0.18823412
0.19138541
0.17549274
0.18068783
0.1860988
0.18924433
0.16204112
0.17127407
0.18045477
0.18634738
0.21129115
0.21608907
0.21993572
0.22043414
0.20798838
0.20883104
0.21470269
0.19069882
0.20057681
0.19851547
0.14232782
0.077066641
0.17916159
0.13423128
0.060313246
0.029800245
0.015170329
0.0092418794
0.0079728681
0.0080623755
0.0099182303
0.0081672473
0.0079994737
0.0080055311
0.0081045033
0.007985298
0.0080122446
0.0079861947
0.0080327736
0.0080094445
0.0079943419
0.0080052851
0.27327214
0.27600906
0.2808956
0.28338676
0.26334354
0.26715316
0.27127565
0.2735823
0.24977048
0.25464221
0.26089313
0.26573855
0.24584073
0.25159482
0.25841855
0.26257253
0.26013846
0.26399057
0.26821414
0.27146913
0.24462053
0.24993939
0.25651205
0.26114609
0.22991012
0.23492404
0.24163455
0.24679329
0.22534413
0.23024174
0.23736498
0.2433512
0.26487764
0.25544904
0.23479344
0.21164514
0.26766147
0.26028917
0.24924104
0.23922316
0.26546028
0.26274423
0.25490913
0.24417808
0.26798083
0.26455131
0.25952668
0.25406394
0.27770226
0.27264443
0.27030977
0.26387184
0.27519945
0.27509278
0.27206449
0.27042658
0.26695744
0.26782259
0.26883259
0.26656282
0.26508869
0.26616846
0.26565641
0.26862311
0.16512219
0.14456061
0.07869634
0.014282295
0.15985137
0.13714477
0.082939852
0.016142924
0.16641013
0.14164263
0.089023872
0.017789656
0.17651087
0.15243754
0.093427096
0.017800799
0.21447696
0.2087625
0.19100893
0.17161619
0.23511141
0.21875629
0.19488488
0.17313089
0.23771802
0.22531951
0.20355314
0.18086929
0.24967123
0.23554241
0.21163291
0.18984619
0.2530857
0.246943
0.23963022
0.23390466
0.2466166
0.24220545
0.23530432
0.23028609
0.23707
0.23213209
0.22559664
0.2193819
0.23358694
0.22862039
0.21982637
0.21466821
0.21847624
0.21782842
0.22149516
0.22590139
0.21668309
0.21540734
0.21788462
0.22225854
0.21181075
0.20961157
0.21074734
0.21511097
0.20704094
0.20371976
0.20198398
0.20773806
0.20405571
0.19872011
0.19764911
0.19951075
0.2048541
0.1979638
0.19144492
0.19125988
0.20964426
0.20432699
0.19450718
0.19327089
0.20168396
0.19947053
0.19693514
0.19666239
0.23139
0.22504702
0.21509021
0.20733101
0.22858549
0.22364272
0.21654752
0.20921379
0.22114882
0.21600591
0.21174603
0.21008013
0.21391714
0.20930093
0.20660864
0.20320971
0.24416944
0.24916142
0.25572697
0.26165204
0.2430473
0.24804053
0.25428481
0.25877361
0.2373246
0.24299729
0.25025489
0.25571782
0.2325624
0.23894536
0.24547046
0.25120146
0.23078653
0.23583681
0.24412855
0.24916243
0.22281241
0.23120902
0.24014909
0.24675681
0.2108555
0.21942856
0.23065122
0.23890746
0.20774537
0.21184636
0.22390286
0.23184651
0.20270118
0.21051467
0.22245275
0.22797551
0.19427468
0.20005478
0.20901805
0.2179967
0.19385116
0.19620862
0.20141241
0.20665015
0.19847898
0.20128046
0.20630966
0.20799305
0.26596947
0.265638
0.26074933
0.25344486
0.26716239
0.26642153
0.26435992
0.26047811
0.26473844
0.26682438
0.26688856
0.26470785
0.26162447
0.26343807
0.26643596
0.26728988
0.26138597
0.26332009
0.26560007
0.26710952
0.25750344
0.26004394
0.26312664
0.26530133
0.25375683
0.25649839
0.26041362
0.26314981
0.25037155
0.25292422
0.25594754
0.25966724
0.25189284
0.25362335
0.25723995
0.25961091
0.24845547
0.25120907
0.25409906
0.25643837
0.24378402
0.24582514
0.24942151
0.25210648
0.23165626
0.24070915
0.24589281
0.24924616
0.18528772
0.15919079
0.096638895
0.017544207
0.19276376
0.16932575
0.10351707
0.017508228
0.21200026
0.19016783
0.10914461
0.016925962
0.22659309
0.20743847
0.10838201
0.01576802
0.23499356
0.21836712
0.10626398
0.015183645
0.24865627
0.23327907
0.096236225
0.014006577
0.26183174
0.23782191
0.073906905
0.01221121
0.26684833
0.21462707
0.054590269
0.010825805
0.26672961
0.26462748
0.25899913
0.24864892
0.26657121
0.26709166
0.26400169
0.25780134
0.26466437
0.2666216
0.26790253
0.26549513
0.26173081
0.26467077
0.26844241
0.26781536
0.23008157
0.22806002
0.22023462
0.21169334
0.21709073
0.21981475
0.21877331
0.21016391
0.20170498
0.20441773
0.20826635
0.20839685
0.18988128
0.19214466
0.19607396
0.20015287
0.18197386
0.18534226
0.18933042
0.19452771
0.1864831
0.17890913
0.17668844
0.18344652
0.2089614
0.18934711
0.17286702
0.16737414
0.22626198
0.20914835
0.18449659
0.16931318
0.20368884
0.19941318
0.19535773
0.19497831
0.20662932
0.21001039
0.20988704
0.20763401
0.21336525
0.21557882
0.21463404
0.21724508
0.21417124
0.21968928
0.23409692
0.2228902
0.20804455
0.22052815
0.22114414
0.23573181
0.20376886
0.21013165
0.22012323
0.2298094
0.19467849
0.2012023
0.20967229
0.20865757
0.18484443
0.1943463
0.20371768
0.21552516
0.19764795
0.19730873
0.19824015
0.20696054
0.18649032
0.19223453
0.19377777
0.19973075
0.17004588
0.17864481
0.185909
0.19080126
0.16458039
0.16768345
0.17764493
0.18156495
0.21287799
0.22216131
0.22786064
0.22585108
0.21414887
0.220346
0.21991863
0.23727436
0.20834589
0.21761169
0.23908824
0.2508404
0.21166599
0.2123721
0.21426338
0.23315313
0.21637601
0.21413739
0.23471988
0.21585394
0.22928006
0.21606004
0.22662438
0.23659212
0.2297093
0.24274308
0.23244109
0.23412757
0.23553753
0.22914291
0.23000115
0.22767776
0.23490301
0.23131832
0.2267355
0.21597459
0.2238973
0.22852453
0.23498229
0.22780221
0.22214564
0.22942074
0.23284126
0.24127428
0.20321679
0.21110942
0.22336699
0.22650022
0.24654906
0.25139586
0.25643269
0.25857244
0.24245975
0.24531889
0.25033194
0.25463394
0.24783387
0.24640389
0.24792209
0.25050467
0.26336441
0.25981721
0.25239931
0.24951426
0.27042388
0.26966348
0.26372018
0.25594527
0.27812408
0.28556072
0.28176024
0.26830554
0.26749228
0.27899853
0.28910225
0.28016821
0.25066266
0.25765133
0.26378863
0.25715751
0.2475494
0.24907022
0.26337579
0.26730008
0.23737096
0.24434723
0.258056
0.26996868
0.23575626
0.24194179
0.25455539
0.26288591
0.2310053
0.23304494
0.23728659
0.24531676
0.2668126
0.19157195
0.045075021
0.010184658
0.25757162
0.13595332
0.030227391
0.0090781738
0.19288809
0.072457893
0.017631905
0.0080652958
0.1224828
0.041589318
0.012260324
0.0077829903
0.091101047
0.030785224
0.010506948
0.0078360617
0.049182353
0.018168727
0.0086557
0.008061568
0.022040735
0.010746427
0.0079719691
0.0081105695
0.013852925
0.0087436421
0.0079738984
0.0079757946
0.25573356
0.25409862
0.24489795
0.15209672
0.26043276
0.25548234
0.19814616
0.086181576
0.26988045
0.24125604
0.1046822
0.036953089
0.25557262
0.20190227
0.061764328
0.021173126
0.2354454
0.21695598
0.18938168
0.17288123
0.25855239
0.23679936
0.20679126
0.18765504
0.28014805
0.26495813
0.2359502
0.20993438
0.28854947
0.28248577
0.25692009
0.22845757
0.29390484
0.2891585
0.26832443
0.24421863
0.28736624
0.29799488
0.28904532
0.26623423
0.25557949
0.27711731
0.29675869
0.29045194
0.2175896
0.241671
0.27197654
0.28863366
0.18061095
0.19003128
0.20098388
0.20247773
0.17609823
0.18504089
0.1929231
0.19896749
0.17049947
0.17721562
0.18624798
0.19206658
0.16644283
0.17317997
0.18156777
0.18916627
0.16510584
0.17075105
0.17981364
0.18689716
0.16452031
0.16854257
0.17752782
0.18369424
0.16978116
0.17100469
0.17635286
0.18134241
0.1797347
0.1732459
0.17534577
0.18072454
0.2280174
0.19803494
0.17276766
0.16485134
0.24983425
0.21950201
0.18410469
0.16697515
0.27917297
0.2531179
0.20429983
0.17672543
0.28885783
0.27002547
0.22643857
0.18898072
0.22675531
0.23362156
0.2417227
0.23974738
0.21839146
0.22542974
0.23326202
0.23620747
0.21030395
0.21496109
0.22410584
0.23112626
0.20560822
0.21020343
0.2160739
0.22169478
0.20411898
0.20821725
0.21437261
0.21937159
0.20175797
0.20544917
0.21090869
0.21522169
0.19859737
0.2028704
0.2080354
0.21203635
0.19621167
0.20047234
0.20636576
0.2095798
0.19041078
0.1933864
0.19831658
0.20181629
0.18682447
0.19069328
0.19561025
0.19972074
0.1844581
0.18765224
0.19222929
0.19621961
0.18300853
0.18599386
0.19039442
0.19410132
0.24059078
0.24710904
0.25325857
0.24542977
0.23802069
0.2396498
0.24394761
0.24197521
0.24102841
0.24015479
0.24177213
0.24114256
0.24328781
0.24195566
0.24113734
0.22935504
0.23928864
0.24316006
0.24234214
0.21222917
0.23794872
0.23751171
0.2398793
0.15311151
0.23300333
0.23665322
0.16880557
0.069786205
0.22705529
0.20536847
0.087379568
0.033595911
0.22233007
0.22890974
0.23680411
0.23962396
0.21779811
0.22305963
0.23117857
0.23657554
0.21420151
0.21809735
0.22409938
0.23026103
0.21228661
0.21628297
0.22065499
0.22481496
0.011781211
0.0083228269
0.0080041553
0.0079312506
0.0097731825
0.0080361527
0.008035671
0.007890195
0.0086649641
0.0079870997
0.0080286107
0.0079242355
0.0082574944
0.0079865291
0.008013947
0.007962237
0.008151983
0.0079945374
0.0080088391
0.0079782299
0.0080631039
0.0079965204
0.0080043822
0.0079890675
0.0080219909
0.0079960707
0.0080035629
0.0079934157
0.0079807486
0.0080013802
0.007999228
0.0080029548
0.15241289
0.052556678
0.01382578
0.0085574114
0.093104136
0.031572776
0.010480672
0.0081475271
0.040521568
0.015998876
0.0084544673
0.0080344576
0.020773394
0.010621822
0.0080066348
0.0080736582
0.19424868
0.22687836
0.25520425
0.27093375
0.1538997
0.1715751
0.20487028
0.23859932
0.12284487
0.12921482
0.14986042
0.18171629
0.11114555
0.11541542
0.11581581
0.12918865
0.10124737
0.10424725
0.10953152
0.11009906
0.082330938
0.082717527
0.085529494
0.09340551
0.062638704
0.055447055
0.051447033
0.047838161
0.025084518
0.018937679
0.01270856
0.01323678
0.18702337
0.17437279
0.17351349
0.18078573
0.19246447
0.17907972
0.17559032
0.1804434
0.21068017
0.19396138
0.17241409
0.17526871
0.21276848
0.19974997
0.16178411
0.16935648
0.20252821
0.19747707
0.16563988
0.15837881
0.14507882
0.17372885
0.15232996
0.12688112
0.078911926
0.10259668
0.11117977
0.086570309
0.027250823
0.027440203
0.042883522
0.036444083
0.12013497
0.13706072
0.16305228
0.18167399
0.094785272
0.10576465
0.12011966
0.15445718
0.049410235
0.050190174
0.058082626
0.067552102
0.013148475
0.015923882
0.019398358
0.023371695
0.19517834
0.19945516
0.20547707
0.20997113
0.1931833
0.19672935
0.20190867
0.20619243
0.19083356
0.19394573
0.19764726
0.19951186
0.18738024
0.18911266
0.19122472
0.18642292
0.18506363
0.18645343
0.18448947
0.17276461
0.16780288
0.17263924
0.14237942
0.08920831
0.086297845
0.077039875
0.045799318
0.026396876
0.018456525
0.016737956
0.01344902
0.011448084
0.15165337
0.16257345
0.17430468
0.18156613
0.12806666
0.14081522
0.15503604
0.16390894
0.070584914
0.076064471
0.083318833
0.08521749
0.01751234
0.020203371
0.019089406
0.01902469
0.22198259
0.16213356
0.057101122
0.02289397
0.15470786
0.076515755
0.025512482
0.012544562
0.051824302
0.024495553
0.011154547
0.0084767208
0.021008967
0.012122781
0.0084610425
0.0080113594
0.014257153
0.009722006
0.0080962631
0.0080331268
0.0091390453
0.0081427462
0.0079874246
0.008005535
0.0079715381
0.0080007915
0.0080117491
0.0079952054
0.0080322437
0.0079709022
0.0079824092
0.0080016133
0.14821464
0.087633565
0.03638084
0.019107145
0.064845099
0.034017945
0.015812816
0.010425098
0.019564132
0.012247345
0.0086785166
0.0080576209
0.010762023
0.0087603113
0.0080906205
0.0080602767
0.0079710953
0.0080044771
0.0079972556
0.0080059446
0.0079906986
0.0080028821
0.0079983911
0.0080027378
0.0080058674
0.0079992854
0.0080005226
0.007999093
0.0079975965
0.0080005114
0.0079996612
0.008000491
0.0080017668
0.0079996185
0.0080002574
0.0079996695
0.007999321
0.0080001427
0.0079999185
0.0080001152
0.0080002662
0.0079999545
0.0080000287
0.0079999748
0.0079997379
0.0080001005
0.0079999544
0.0079999602
0.0079987157
0.0079924839
0.008003582
0.0079965681
0.0079938625
0.0080027445
0.0079987619
0.0080014183
0.0080032403
0.0079987247
0.0080005952
0.007999404
0.0079977735
0.008002124
0.0079991733
0.0080005887
