FiniteElementSpace
FiniteElementCollection: L2_2D_P3
VDim: 1
Ordering: 0

0.0038563046
0.0060627928
0.0054094476
0.00670249
0.0022149297
0.0059938795
0.0056873612
0.0068261391
0.001824297
0.0076106316
0.011008261
0.013957617
0.0033390676
0.013381822
0.0088589698
0.019762304
0.012984398
0.010062646
0.013120743
0.013528813
0.02664152
0.033814974
0.032856835
0.03350278
0.066459816
0.068616563
0.066628057
0.069006162
0.077769528
0.093797482
0.087789585
0.077946216
0.0014477589
0.0023607976
0.0033540539
0.0023524657
0.13456805
0.086796626
0.076667535
0.045648383
0.033751336
0.059939741
0.06257061
0.063449637
0.10044563
0.10933393
0.084645024
0.12296969
0.0070534461
0.02397996
0.051165054
0.053405334
0.069686547
0.1032449
0.086394366
0.084931072
0.12268043
0.12332867
0.12047603
0.1071685
0.13923922
0.13337174
0.12735943
0.12648225
0.0027828141
0.024535624
0.0098773698
0.061828082
0.0052756859
0.022736606
0.020194406
0.023225549
0.0039351865
0.011059505
0.030289848
0.041509616
0.0055595888
0.017221702
0.019516538
0.02982717
0.13665498
0.13622524
0.12745355
0.12129663
0.14380127
0.14310506
0.13498566
0.12611668
0.15477725
0.15044832
0.14181209
0.12785704
0.16298186
0.15783105
0.14445842
0.13213713
0.20367606
0.19530228
0.20421128
0.19620458
0.19973196
0.20977626
0.21012222
0.21401898
0.21802996
0.21083937
0.21840341
0.2229032
0.21209977
0.2273635
0.22614185
0.23543926
0.19933774
0.2158272
0.24720779
0.27274981
0.2402015
0.25677943
0.27791876
0.29689256
0.27041858
0.28451814
0.30194168
0.31679297
0.27919655
0.29329689
0.30970511
0.32042471
0.0076991197
0.01660447
0.016958682
0.044954908
0.0089302376
0.015466364
0.021275805
0.043398958
0.0089310975
0.017706492
0.018413376
0.052045569
0.011424885
0.017913568
0.019574967
0.048721271
0.19618425
0.18285634
0.15804287
0.14269358
0.19480443
0.18464666
0.16195927
0.14299004
0.19576579
0.1876334
0.16811359
0.14462533
0.1927217
0.1898802
0.17162093
0.13827084
0.29034331
0.2816469
0.28730072
0.29050957
0.30038774
0.29658001
0.29659404
0.30026025
0.31631944
0.31238926
0.31161646
0.31287009
0.31892453
0.32126241
0.32096305
0.32277463
0.32377082
0.33233076
0.34533001
0.35396648
0.33259438
0.34098394
0.3496628
0.35663971
0.33937488
0.34626263
0.35627936
0.36449876
0.34563784
0.35358548
0.36478039
0.37183287
0.38729578
0.39794324
0.41311211
0.42285295
0.39334626
0.40457464
0.41742942
0.42783577
0.40449113
0.41299307
0.42635589
0.43660998
0.41027473
0.41988716
0.43169023
0.43915917
0.014175655
0.021727127
0.018825433
0.049180917
0.012764859
0.022740222
0.018871348
0.05214909
0.013816096
0.022994198
0.018566502
0.047639096
0.015089099
0.024680664
0.018214782
0.048799765
0.17389535
0.18290757
0.15099855
0.123385
0.16726743
0.18017673
0.14445469
0.12077805
0.16899106
0.17134204
0.14087024
0.1181026
0.16552162
0.1659453
0.13740864
0.11953207
0.34800376
0.35294943
0.35751309
0.36210823
0.36910864
0.36314063
0.36641151
0.36854893
0.38105435
0.38474976
0.38405972
0.38812442
0.39078484
0.38932939
0.3944988
0.39720867
0.3851225
0.39121882
0.39966905
0.40752474
0.3922733
0.39940047
0.40979595
0.41758294
0.41035313
0.41658359
0.4245845
0.43074747
0.41891732
0.42426138
0.43177006
0.4386815
0.44221389
0.45162014
0.46088272
0.4680764
0.44939207
0.45689433
0.46799881
0.47694699
0.46274069
0.47072544
0.48129244
0.48866478
0.47077099
0.4780897
0.48755095
0.49399992
0.46433945
0.46972101
0.47755056
0.4825811
0.47033057
0.47575962
0.4817504
0.48627725
0.48001165
0.48409638
0.48916246
0.4926836
0.48988994
0.49367237
0.49727915
0.50065568
0.50791486
0.51250593
0.51843957
0.52287422
0.50909276
0.51521528
0.52218076
0.52771941
0.5166952
0.52066247
0.52566859
0.52975735
0.51590871
0.51931857
0.52451371
0.52723962
0.40177796
0.40308516
0.40494426
0.40410013
0.36653774
0.36572697
0.36523472
0.36571619
0.33796602
0.32587601
0.32274929
0.31956715
0.3391866
0.32840983
0.31767356
0.30676826
0.40218584
0.40075916
0.3978525
0.39506512
0.36096612
0.35876265
0.35526064
0.35134308
0.31301869
0.31092133
0.30747064
0.30496689
0.28139779
0.2786101
0.27654996
0.27547613
0.010375873
0.016005558
0.022977349
0.022622766
0.016892393
0.02587954
0.029236681
0.034453453
0.031282498
0.033430854
0.042160449
0.053159305
0.037679664
0.048927398
0.060793621
0.06782201
0.041617094
0.056967027
0.069735321
0.077939862
0.038650202
0.06589379
0.083559265
0.10067806
0.046306187
0.069768043
0.10178303
0.11756556
0.049135687
0.078470289
0.11221732
0.12968095
0.0023858444
0.0098290944
0.011988455
0.022371955
0.003673736
0.0090600832
0.012361835
0.022829452
0.003269168
0.011564689
0.017359524
0.023999132
0.0083447167
0.0093143088
0.023302156
0.022150026
0.012479904
0.0081495847
0.011537966
0.018266431
0.040852102
0.03860856
0.023679793
0.02858484
0.064933757
0.054164537
0.056718313
0.099595884
0.079883926
0.056481815
0.10992143
0.086150048
0.091479366
0.093561432
0.075718791
0.093831507
0.10602027
0.084087487
0.092710373
0.11365174
0.10307618
0.087002197
0.11079155
0.14389155
0.10957939
0.097134939
0.12944225
0.1761793
0.088010176
0.094954511
0.091545657
0.094964399
0.10330298
0.11002519
0.10998097
0.10758101
0.12423293
0.12556138
0.11996812
0.11414043
0.1336828
0.13269318
0.12447163
0.11669479
0.0033854934
0.0047943232
0.0045610087
0.002128689
0.035952391
0.062413765
0.051137846
0.054406593
0.07698491
0.11963863
0.12914303
0.12189724
0.12913938
0.12047172
0.14108079
0.13715419
0.14282715
0.14995933
0.14484247
0.15057586
0.14559905
0.15790129
0.1604751
0.1589091
0.1753394
0.17257083
0.17061429
0.16967086
0.18095831
0.18757232
0.18345238
0.18321978
0.11771442
0.10083572
0.1495353
0.13369112
0.10825701
0.14671642
0.12793246
0.14383678
0.1724831
0.13406691
0.16684863
0.16221799
0.14805445
0.20993673
0.17004707
0.19048988
0.036481029
0.030883221
0.01937069
0.020035443
0.083637813
0.074604771
0.072599255
0.070266507
0.10359081
0.11059435
0.11595715
0.12664041
0.12970453
0.13406578
0.15002907
0.16484991
0.13976952
0.14807122
0.16323554
0.20799027
0.15881312
0.17798385
0.21577982
0.26035264
0.21179728
0.2474105
0.28993154
0.32687056
0.267635
0.29400725
0.33190584
0.36007127
0.15090156
0.13916235
0.13557007
0.13669535
0.15590703
0.15186362
0.15017406
0.15555801
0.16883139
0.17074342
0.17836515
0.19441202
0.18513768
0.19212888
0.21426435
0.24746674
0.055699584
0.082724898
0.11576935
0.13879219
0.048972382
0.088860124
0.12875723
0.14472347
0.050126659
0.093549486
0.13913131
0.1487078
0.056744838
0.10674601
0.14384537
0.16013696
0.061989943
0.10141268
0.15101228
0.16234429
0.072502637
0.10620646
0.15883
0.172941
0.082455957
0.11171487
0.16584041
0.17633196
0.085345419
0.11643618
0.16645352
0.18565925
0.0057841694
0.015334281
0.024771559
0.037923179
0.0052554486
0.012178182
0.028208081
0.049879844
0.0076681255
0.015103758
0.017667702
0.038477063
0.0078496487
0.01450007
0.022631722
0.042296065
0.10696409
0.10605742
0.12392886
0.17842606
0.11957736
0.11034318
0.13510338
0.18307504
0.12572381
0.12053017
0.15003363
0.19392635
0.13507191
0.12239373
0.15987125
0.23069936
0.13423599
0.12483597
0.16393963
0.23540277
0.1303952
0.12626872
0.17756314
0.24985743
0.12856643
0.13111021
0.1958573
0.26079677
0.13043051
0.13498992
0.20974438
0.2744642
0.17149227
0.16037187
0.1440053
0.13313224
0.17766279
0.16535743
0.14821743
0.13794817
0.18308301
0.17593874
0.15611307
0.14231417
0.1906212
0.18162455
0.15823783
0.14165616
0.19864381
0.19470106
0.19496722
0.19441236
0.21100393
0.21560102
0.22347455
0.23196543
0.22878594
0.23755247
0.25325506
0.26458321
0.23618945
0.24859142
0.26162346
0.27333916
0.24404576
0.25274087
0.26689979
0.27550543
0.25244503
0.26392855
0.27773297
0.28822093
0.27179181
0.27873139
0.2888796
0.29811478
0.28708894
0.29512674
0.3062561
0.31483146
0.25061318
0.22786222
0.23267193
0.23579206
0.25581962
0.25162871
0.24461003
0.25029726
0.27516866
0.27053536
0.27058044
0.26936904
0.27484038
0.28127159
0.28229209
0.28798209
0.28497866
0.30953978
0.34596243
0.36134332
0.30997494
0.33106214
0.35113452
0.36379003
0.32480648
0.33730446
0.3550268
0.36887089
0.32720187
0.34285021
0.36274438
0.37249783
0.33417488
0.34975614
0.36227579
0.37265764
0.34083176
0.35140564
0.36540401
0.37583975
0.34733681
0.35866185
0.3713693
0.37972864
0.35446799
0.36355641
0.37423926
0.38363013
0.28275535
0.29426589
0.3103791
0.3243082
0.29251102
0.30360756
0.32190142
0.3358408
0.30391441
0.31730034
0.33148404
0.34124375
0.31968792
0.32762811
0.3384371
0.34915859
0.37871852
0.38942896
0.4032975
0.41265415
0.38194992
0.3913815
0.40288963
0.41132128
0.38466681
0.39245011
0.40498191
0.41487991
0.3880673
0.39681203
0.41055332
0.42163985
0.090313468
0.1170154
0.17073888
0.19069873
0.092274197
0.12663719
0.16949189
0.20171059
0.09015109
0.12264847
0.17920478
0.19882681
0.092222277
0.13020134
0.1784891
0.20179994
0.091091713
0.12966705
0.17902007
0.20232642
0.091668909
0.13172163
0.17756028
0.19636269
0.087498293
0.13006386
0.17790647
0.19164402
0.084235969
0.13077514
0.17766699
0.191731
0.010133993
0.01973671
0.017746801
0.052986486
0.011188063
0.019360087
0.019044414
0.05653565
0.012885158
0.019919711
0.01996527
0.052311059
0.01335636
0.022139673
0.019238559
0.061687128
0.12732754
0.14137032
0.21346418
0.28326148
0.12925899
0.14367515
0.22636839
0.29264697
0.12701523
0.14542213
0.23332086
0.30380511
0.12574438
0.14811762
0.23970862
0.31547379
0.12375178
0.15148464
0.24817741
0.32036549
0.12383782
0.15454701
0.25722222
0.33167621
0.12500901
0.15953929
0.26184822
0.33516959
0.12735297
0.16554152
0.26911118
0.33548556
0.18928972
0.19142883
0.16974474
0.13461975
0.19189464
0.19196961
0.1636341
0.13177501
0.18859235
0.18834813
0.15797791
0.13097357
0.1786945
0.18345047
0.15501518
0.12559845
0.29577512
0.30150338
0.31278236
0.32036602
0.30225363
0.30935425
0.31908312
0.32761869
0.3152928
0.32010158
0.32840207
0.33540917
0.32345547
0.3283781
0.33564779
0.34216285
0.3289925
0.33314349
0.34044017
0.34657929
0.33936896
0.34391942
0.35151419
0.35860735
0.35576246
0.3607947
0.36805006
0.37284101
0.36439873
0.36849174
0.37445362
0.37868091
0.32720647
0.32357673
0.32514956
0.32636267
0.33776454
0.33351423
0.33439117
0.33755534
0.35121302
0.35281631
0.35096232
0.35413645
0.35201874
0.35111438
0.35867934
0.36247196
0.35718423
0.36534282
0.37779568
0.38408549
0.36146638
0.36976813
0.37968069
0.38796999
0.36903335
0.37755341
0.38962018
0.39938337
0.37636403
0.38557239
0.39744303
0.40604182
0.38125547
0.39047242
0.4022402
0.41067135
0.39084027
0.398347
0.40868375
0.41613427
0.4003699
0.4074833
0.41801469
0.42659993
0.40738637
0.41529167
0.42643725
0.43325118
0.35066569
0.35862185
0.36748172
0.37560854
0.36270723
0.37088215
0.38009947
0.38685446
0.37541703
0.38101588
0.38936284
0.39646361
0.38133532
0.38745832
0.39641131
0.4033807
0.4154207
0.42290812
0.43362478
0.44219219
0.42054948
0.42900034
0.43974021
0.44869652
0.43112751
0.43827558
0.44973284
0.4588306
0.43641824
0.44572049
0.45713692
0.46512971
0.082558365
0.12795025
0.17778481
0.18898543
0.078656264
0.13066168
0.17362008
0.18344817
0.077486328
0.1266002
0.16994738
0.17263783
0.072393075
0.12586113
0.16739084
0.16877661
0.12853638
0.17126618
0.27637913
0.34470618
0.12988347
0.18139065
0.29122301
0.35992144
0.13116006
0.18758377
0.29522543
0.37132496
0.12940719
0.19329
0.2955097
0.37531389
0.12936604
0.20351377
0.30311583
0.37969565
0.13537859
0.21509054
0.31908896
0.38582237
0.13878061
0.21848667
0.33041947
0.39610696
0.13982426
0.22038703
0.33730281
0.41188847
0.16750666
0.16295608
0.13408087
0.1215735
0.16782925
0.15876834
0.13023148
0.12031611
0.16134407
0.1571742
0.12657487
0.1197612
0.15664171
0.15342864
0.12674594
0.11729836
0.36463001
0.3698907
0.37635054
0.38183266
0.37114202
0.37557829
0.38270184
0.38873061
0.38923668
0.39388421
0.40093282
0.40695093
0.40059125
0.40453591
0.41123947
0.41637523
0.40272313
0.40807802
0.41481214
0.41991655
0.41413982
0.4184588
0.4243736
0.42894627
0.42569333
0.43016715
0.43624498
0.44137594
0.43814176
0.44266667
0.44926969
0.45453595
0.38926065
0.39590225
0.39754328
0.40198616
0.40244778
0.40350329
0.40864312
0.41132279
0.41288422
0.41748502
0.41982419
0.42413274
0.42890276
0.42706145
0.43316236
0.43499723
0.41205098
0.42051422
0.42935712
0.43724072
0.42092696
0.42765659
0.43766324
0.44547164
0.43378486
0.44131796
0.45158712
0.45856223
0.44321497
0.45049872
0.45851572
0.46630893
0.4464303
0.45352706
0.46249189
0.46842116
0.45375621
0.46012648
0.46902628
0.47596209
0.46672452
0.47378648
0.48279648
0.48953578
0.48014041
0.48625503
0.49330963
0.49942862
0.42279409
0.42798696
0.4364113
0.44320997
0.43165619
0.43726956
0.4448103
0.45065178
0.44441482
0.44981653
0.45738887
0.46338153
0.45741881
0.46317463
0.47113652
0.47759002
0.47185368
0.47896325
0.48906681
0.49614945
0.47939994
0.48649568
0.49479186
0.50124339
0.4931363
0.49924089
0.50811181
0.51550077
0.50302168
0.51011736
0.51809937
0.52368005
0.44679457
0.45049545
0.45611031
0.46107888
0.45603936
0.45961035
0.46422994
0.46816139
0.46566335
0.46845627
0.47317397
0.47732425
0.47395711
0.47943807
0.48507077
0.48899423
0.47510277
0.47874733
0.48440771
0.48751422
0.46917008
0.47229738
0.47572679
0.47822184
0.43943165
0.44268648
0.447122
0.44992414
0.41013064
0.41539318
0.42256791
0.42554747
0.48603099
0.49097485
0.49875545
0.50477985
0.48821843
0.49363461
0.50032803
0.50583515
0.49546605
0.50014552
0.50787713
0.51374491
0.50230785
0.50665159
0.51072989
0.51459206
0.50017106
0.50228573
0.50746958
0.51002496
0.48542455
0.48930535
0.4931319
0.49603313
0.46050986
0.46080082
0.46147365
0.46227491
0.42444662
0.42427472
0.42393289
0.42372208
0.48982258
0.4910239
0.4944668
0.49831931
0.47845212
0.4801506
0.48194927
0.48399659
0.45205832
0.45530296
0.4589616
0.46012586
0.42527367
0.42520743
0.42453963
0.42403363
0.51187931
0.51416523
0.51800996
0.5200042
0.49747442
0.50046277
0.50385335
0.50496669
0.46271984
0.46344493
0.46430435
0.46514541
0.42374645
0.42360898
0.42276755
0.42040159
0.4035779
0.40342948
0.40342255
0.40258402
0.36711325
0.36639539
0.36401562
0.36139888
0.31627033
0.3153432
0.31512797
0.31339774
0.29829797
0.29582622
0.29021922
0.2829175
0.30538958
0.29544419
0.28234091
0.27328177
0.30845475
0.29763837
0.28404922
0.27381643
0.31916279
0.30819994
0.29341044
0.2818397
0.32727792
0.31488766
0.29840821
0.2857905
0.34427614
0.33632349
0.32221199
0.31132067
0.34539847
0.33598567
0.32380585
0.31345331
0.35973484
0.34994537
0.33591692
0.32473425
0.36712865
0.35680916
0.34407556
0.33314464
