FiniteElementSpace
FiniteElementCollection: L2_2D_P3
VDim: 1
Ordering: 0

0.93042183
0.93963996
0.96234315
0.93035112
0.9240298
0.93262451
0.95670932
0.86913394
0.91384573
0.92471789
0.94651008
0.73180347
0.90911348
0.91942106
0.91620994
0.58751799
0.04622071
0.044991734
0.045054728
0.044934868
0.045745712
0.044998368
0.04503468
0.044962316
0.045469671
0.044983832
0.045030536
0.044963122
0.045342021
0.044968704
0.045034268
0.044950674
0.0079995027
0.008000156
0.007999952
0.008000033
0.0079992485
0.0080001993
0.0079999106
0.0080001223
0.0079994786
0.0080001631
0.0079999217
0.008000123
0.0079999651
0.0080000738
0.0079999742
0.0080000423
0.0080000039
0.0079999996
0.0080000007
0.0079999985
0.0079999984
0.0080000001
0.0080000002
0.0079999994
0.007999992
0.0080000011
0.0079999994
0.0080000008
0.0079999932
0.0080000011
0.0079999994
0.0080000009
0.87066373
0.75596735
0.29625887
0.11023537
0.83953887
0.57357901
0.18456472
0.075807953
0.67702832
0.32910951
0.1005322
0.054151847
0.46695392
0.19710574
0.068348338
0.047665523
0.044803993
0.045039508
0.044979537
0.045028156
0.044955115
0.045020981
0.044991311
0.045013166
0.045036498
0.045002085
0.045001506
0.04499808
0.045016305
0.045001103
0.045000836
0.044998152
0.0079996837
0.0080000371
0.0079999767
0.0080000277
0.0079997812
0.0080000344
0.00799998
0.0080000263
0.007999991
0.0080000011
0.0080000014
0.0079999956
0.0080000129
0.0080000027
0.0079999996
0.0079999993
0.0079999995
0.0080000001
0.008
0.008
0.0079999989
0.0080000002
0.0079999999
0.0080000002
0.0080000002
0.008
0.008
0.008
0.008
0.008
0.008
0.008
0.054663999
0.045855259
0.045030113
0.044990585
0.046931747
0.044954203
0.045069992
0.044922304
0.045070648
0.045008466
0.045007795
0.044989933
0.045064021
0.044966773
0.045010512
0.044983887
0.0079986556
0.0080002606
0.0079998622
0.0080001547
0.0080001787
0.0080000305
0.0079999953
0.0080000184
0.0079999939
0.0080000088
0.0079999986
0.0079999988
0.0080001589
0.0079999799
0.008000013
0.0079999878
0.0080000022
0.0079999993
0.0080000006
0.0079999992
0.0079999974
0.0080000005
0.0079999997
0.0080000004
0.0080000009
0.0079999998
0.0080000002
0.0079999997
0.0079999985
0.0080000003
0.0079999998
0.0080000003
0.0080000001
0.008
0.008
0.008
0.008
0.008
0.008
0.008
0.008
0.008
0.008
0.008
0.008
0.008
0.008
0.008
0.045002078
0.044999441
0.045000519
0.044999407
0.044999952
0.045000514
0.045000078
0.04500011
0.04499948
0.045000606
0.045000013
0.045000375
0.045005549
0.044998881
0.045001002
0.044998691
0.0080000029
0.0079999996
0.0080000004
0.0079999994
0.0080000025
0.0079999997
0.0080000003
0.0079999998
0.0079999948
0.0080000011
0.0079999997
0.0080000011
0.0080000224
0.0079999951
0.0080000032
0.0079999956
0.0080000001
0.008
0.008
0.008
0.008
0.008
0.008
0.008
0.008
0.008
0.008
0.008
0.0080000002
0.0079999999
0.008
0.008
0.008
0.008
0.008
0.008
0.008
0.008
0.008
0.008
0.008
0.008
0.008
0.008
0.008
0.008
0.008
0.008
0.04505242
0.045006669
0.045001453
0.044996058
0.04504809
0.045006134
0.045000764
0.044997356
0.045035632
0.045005315
0.045000913
0.044997988
0.045016821
0.045006995
0.044998936
0.045002079
0.050868675
0.045017838
0.045181622
0.044789487
0.049341984
0.044981101
0.045154631
0.044815369
0.047609297
0.044969763
0.045109478
0.044863244
0.046610534
0.044983231
0.045071611
0.044911472
0.0080000346
0.0080000068
0.0080000047
0.0079999884
0.0080000263
0.0080000108
0.008000002
0.0079999907
0.0080000325
0.0080000013
0.0080000068
0.0079999837
0.0080000115
0.0080000027
0.0080000045
0.0079999869
0.0080003211
0.0080000798
0.0080000324
0.0079999069
0.0080001649
0.0080001321
0.008
0.0079999365
0.0080001256
0.0080000866
0.0080000118
0.0079999416
0.0079997139
0.0080001332
0.0079999741
0.0079999888
0.008
0.0080000001
0.008
0.008
0.0080000002
0.0080000001
0.008
0.0079999999
0.0080000007
0.008
0.0080000001
0.0079999999
0.0080000011
0.0079999999
0.0080000001
0.0079999997
0.0080000049
0.0080000006
0.0080000003
0.0079999996
0.0080000045
0.0080000006
0.0080000002
0.0079999995
0.0080000106
0.0079999988
0.008000001
0.0079999984
0.0080000088
0.007999999
0.008000001
0.0079999981
0.85194511
0.86694566
0.88432714
0.89780833
0.84435793
0.85900133
0.87955555
0.89511449
0.83286587
0.84986196
0.87122709
0.8880787
0.81260089
0.83611526
0.86198211
0.87631837
0.78742165
0.33533724
0.086792878
0.048860925
0.67181259
0.26164015
0.072293838
0.04693929
0.49826961
0.18049888
0.058444831
0.045569079
0.36889705
0.13252116
0.051560976
0.04525412
0.30718162
0.11212471
0.04906694
0.045255553
0.21097841
0.082931065
0.046161801
0.045436975
0.12623597
0.059995493
0.044834478
0.045575828
0.087402258
0.050984055
0.044809623
0.045401555
0.90469307
0.91589231
0.88133208
0.50492306
0.90103095
0.91104948
0.77131638
0.35856738
0.88955758
0.89405011
0.55000716
0.2117363
0.87833204
0.82514725
0.37492649
0.13783513
0.045007261
0.045007786
0.044997997
0.045004008
0.044996373
0.045008577
0.044996732
0.045006435
0.0450022
0.045006366
0.044997455
0.045004599
0.045015712
0.045002628
0.044999589
0.045000258
0.045022372
0.045000698
0.045000756
0.044997954
0.045024151
0.044998359
0.045002109
0.044995653
0.045005003
0.044999261
0.045001093
0.044998144
0.044990404
0.045001154
0.044999616
0.045001204
0.045259902
0.044966496
0.045034079
0.044945853
0.045055212
0.044978216
0.045023458
0.044955675
0.04480517
0.045017851
0.044994785
0.04499899
0.044765915
0.045038375
0.044981024
0.045024044
0.007999988
0.0080000069
0.0080000004
0.0079999952
0.0079999283
0.0080000163
0.0079999934
0.0080000063
0.0079999164
0.0080000201
0.0079999894
0.0080000158
0.0079999594
0.0080000137
0.007999993
0.0080000115
0.0079999881
0.0080000092
0.0079999957
0.0080000078
0.0080000331
0.0080000007
0.0080000009
0.0079999997
0.0080000316
0.0079999978
0.0080000023
0.0079999962
0.0080000057
0.0079999993
0.0080000008
0.0079999983
0.0080002182
0.0080000258
0.0080000039
0.0079999934
0.0080004571
0.0079999617
0.0080000429
0.0079999243
0.0080001571
0.0079999738
0.0080000259
0.0079999443
0.0079998202
0.0080000134
0.0079999948
0.0079999979
0.008000001
0.0079999999
0.0080000001
0.0079999997
0.0080000005
0.0079999999
0.0080000001
0.0079999998
0.0079999997
0.008
0.008
0.008
0.0079999996
0.008
0.008
0.0080000001
0.0079999996
0.0080000001
0.008
0.0080000001
0.0079999998
0.008
0.008
0.0080000001
0.008
0.008
0.008
0.008
0.0080000001
0.008
0.008
0.008
0.0079999949
0.008000001
0.0079999995
0.0080000008
0.0079999991
0.0080000004
0.0079999998
0.0080000004
0.0080000016
0.008
0.0080000001
0.0079999999
0.008000001
0.0079999999
0.0080000001
0.0079999998
0.80264953
0.82330274
0.85293604
0.86913299
0.79478349
0.81395246
0.83819498
0.84980991
0.78902576
0.80204579
0.82581811
0.79094467
0.78116965
0.79211502
0.80752721
0.64618696
0.78346309
0.78938461
0.77643026
0.53298656
0.76604202
0.77973653
0.63189004
0.32463541
0.74098387
0.68495328
0.34234033
0.1492464
0.68674319
0.47921334
0.18368971
0.085622558
0.073671482
0.048286086
0.044917383
0.045242417
0.057221201
0.045726677
0.045098646
0.044941546
0.047822196
0.044946219
0.045113154
0.044870403
0.045648472
0.044978827
0.045031604
0.044953563
0.045337893
0.044976875
0.04502516
0.044952477
0.045119013
0.0449801
0.045017861
0.044971839
0.044906224
0.045005705
0.044998634
0.04500823
0.044873298
0.045025533
0.044986017
0.045026419
0.3597839
0.14858553
0.058561651
0.046102122
0.20575066
0.090291864
0.048707967
0.045215199
0.098570202
0.056349449
0.045033771
0.045334735
0.063769614
0.047576829
0.044925108
0.045169503
0.044986265
0.045002081
0.044998873
0.045002463
0.044992143
0.045001682
0.044999153
0.045001738
0.045000198
0.045000262
0.044999998
0.045000061
0.045000972
0.045000058
0.045000093
0.044999767
0.0080004027
0.0079999606
0.0080000321
0.0079999454
0.0080002039
0.0080000029
0.0080000069
0.0080000006
0.0080001569
0.0079999753
0.0080000203
0.0079999613
0.0079997627
0.0080000433
0.0079999738
0.0080000341
0.0080061029
0.0079991566
0.0080005904
0.0079991009
0.0080030634
0.00799955
0.0080003463
0.0079995021
0.0079986284
0.0079999965
0.0080000301
0.0079998211
0.0079966544
0.0080005684
0.0079996479
0.008000473
0.0079999888
0.0080000017
0.0079999991
0.0080000011
0.0079999874
0.0080000023
0.0079999986
0.008000002
0.0080000027
0.0079999999
0.0080000002
0.0079999995
0.0080000001
0.0080000003
0.008
0.008
0.0080000001
0.008
0.008
0.0080000001
0.0079999971
0.0080000007
0.0079999996
0.0080000006
0.0080000013
0.0079999999
0.0080000001
0.0079999999
0.0079999987
0.0080000003
0.0079999998
0.0080000001
0.0080000344
0.0079999973
0.0080000023
0.0079999983
0.0079999895
0.0080000038
0.0079999979
0.0080000041
0.0080000237
0.0079999973
0.0080000021
0.0079999972
0.0079999812
0.0080000035
0.0079999979
0.0080000022
0.008
0.008
0.008
0.008
0.0079999999
0.008
0.008
0.008
0.008
0.008
0.008
0.008
0.008
0.008
0.008
0.008
0.008
0.008
0.008
0.008
0.008
0.008
0.008
0.008
0.008
0.008
0.008
0.008
0.008
0.008
0.008
0.008
0.0079999999
0.008
0.008
0.008
0.0079999997
0.0080000001
0.008
0.008
0.008
0.008
0.008
0.008
0.0079999999
0.008
0.008
0.008
0.61420622
0.3591436
0.13185831
0.067701856
0.3961333
0.19226176
0.076605075
0.051137068
0.17239802
0.087197213
0.050480026
0.045345135
0.091923938
0.057362163
0.045585931
0.045202344
0.070450475
0.050520564
0.04501233
0.045194907
0.051171092
0.045616942
0.044986526
0.045009818
0.045210739
0.044973513
0.045047663
0.044960255
0.045182452
0.045007205
0.044975286
0.045011498
0.044967208
0.045014817
0.044993242
0.0450098
0.045021937
0.045000899
0.045000593
0.044999135
0.045003422
0.045000686
0.044999828
0.045000157
0.045008099
0.044998793
0.045000846
0.044998835
0.044998761
0.045000372
0.044999901
0.044999938
0.04499803
0.045000346
0.044999843
0.045000263
0.045000391
0.04500001
0.045000025
0.045000005
0.044999694
0.045000037
0.044999985
0.045000042
0.044898564
0.045014308
0.044995986
0.045005058
0.044980675
0.045008657
0.044995878
0.045005028
0.0450137
0.044998831
0.045001419
0.044998753
0.044997276
0.04500133
0.044999098
0.045001019
0.0079999424
0.008000009
0.0079999962
0.0080000016
0.0079999836
0.0080000054
0.0079999973
0.0080000046
0.008000002
0.0079999998
0.0080000004
0.0079999991
0.0080000016
0.0080000007
0.0079999996
0.0080000014
0.0080000073
0.0079999988
0.0080000009
0.0079999983
0.007999998
0.0080000005
0.0079999998
0.0080000003
0.0080000005
0.0079999999
0.0080000001
0.0079999999
0.0079999992
0.0080000002
0.0079999999
0.0080000002
0.0079999844
0.0080000017
0.0080000014
0.0079999912
0.0079999564
0.0080000073
0.0079999955
0.0080000051
0.0080000045
0.0079999996
0.0080000008
0.0079999993
0.0079999929
0.0080000008
0.007999999
0.008000001
0.0080000006
0.0079999999
0.0080000001
0.0079999999
0.0079999998
0.0080000001
0.008
0.008
0.0080000002
0.008
0.008
0.008
0.0079999998
0.0080000001
0.008
0.008
0.0080000001
0.008
0.008
0.008
0.008
0.008
0.008
0.008
0.008
0.008
0.008
0.008
0.008
0.008
0.008
0.008
0.0080000011
0.0079999998
0.0080000002
0.0079999998
0.0079999999
0.0080000001
0.008
0.008
0.0080000001
0.008
0.008
0.008
0.0079999999
0.008
0.008
0.008
0.008
0.008
0.008
0.008
0.008
0.008
0.008
0.008
0.008
0.008
0.008
0.008
0.008
0.008
0.008
0.008
0.008
0.008
0.008
0.008
0.008
0.008
0.008
0.008
0.008
0.008
0.008
0.008
0.008
0.008
0.008
0.008
0.008
0.008
0.008
0.008
0.008
0.008
0.008
0.008
0.008
0.008
0.008
0.008
0.008
0.008
0.008
0.008
0.044924557
0.044984686
0.045011904
0.0449942
0.044995451
0.04501252
0.04499779
0.045003519
0.045012989
0.045002314
0.045002301
0.045001719
0.045044048
0.044998162
0.045005681
0.04499225
0.044915448
0.04501617
0.044989565
0.045017375
0.045107758
0.044992933
0.045012527
0.044981009
0.044807854
0.045029288
0.044980075
0.045033471
0.045340889
0.045039731
0.045020195
0.044902989
0.045000193
0.044999994
0.045000014
0.044999984
0.045000145
0.045000012
0.045000029
0.044999977
0.044999905
0.045000079
0.044999994
0.045000078
0.045000782
0.044999819
0.045000144
0.044999789
0.044998608
0.04500029
0.044999801
0.045000248
0.04500124
0.044999829
0.045000195
0.044999765
0.044997732
0.045000458
0.044999661
0.045000361
0.04500505
0.045000068
0.04500056
0.04499787
0.04498798
0.045002252
0.044998553
0.045002099
0.045010996
0.044998583
0.045001547
0.044997842
0.044979264
0.045003884
0.044997593
0.04500375
0.045044228
0.045002728
0.045003127
0.044989134
0.0080000002
0.0079999999
0.0080000001
0.0079999999
0.0080000003
0.008
0.0080000001
0.008
0.0079999997
0.0080000002
0.008
0.0080000001
0.0080000021
0.0079999995
0.0080000003
0.0079999995
0.0079999958
0.0080000007
0.0079999994
0.0080000006
0.0080000033
0.0079999996
0.0080000004
0.0079999994
0.0079999939
0.0080000011
0.0079999993
0.0080000011
0.0080000129
0.0080000009
0.0080000008
0.007999997
0.0079999645
0.0080000068
0.0079999946
0.0080000058
0.0080000292
0.0079999954
0.0080000041
0.0079999945
0.0079999445
0.0080000114
0.0079999929
0.0080000099
0.008000142
0.0080000098
0.0080000077
0.0079999711
0.008
0.008
0.008
0.008
0.008
0.008
0.008
0.008
0.008
0.008
0.008
0.008
0.008
0.008
0.008
0.008
0.008
0.008
0.008
0.008
0.008
0.008
0.008
0.008
0.008
0.008
0.008
0.008
0.008
0.0080000001
0.008
0.008
0.0079999995
0.0080000001
0.0079999999
0.0080000001
0.0080000004
0.008
0.008
0.008
0.0079999994
0.0080000001
0.0079999999
0.0080000001
0.0080000015
0.008
0.0080000001
0.0079999997
0.008
0.008
0.008
0.008
0.008
0.008
0.008
0.008
0.008
0.008
0.008
0.008
0.008
0.008
0.008
0.008
0.008
0.008
0.008
0.008
0.008
0.008
0.008
0.008
0.008
0.008
0.008
0.008
0.008
0.008
0.008
0.0079999999
0.008
0.008
0.008
0.008
0.008
0.008
0.008
0.008
0.008
0.008
0.008
0.008
0.008
0.008
0.008
0.008
