FiniteElementSpace
FiniteElementCollection: L2_2D_P3
VDim: 1
Ordering: 0

0.045535877
0.044975309
0.045038092
0.044947749
0.045393449
0.044964211
0.045040214
0.044936441
0.045146426
0.04497096
0.045030509
0.044944237
0.044913766
0.044997126
0.045010636
0.044972384
0.044997663
0.045000891
0.044999607
0.045000607
0.044999643
0.045000578
0.04499978
0.045000386
0.04500182
0.045000118
0.045000049
0.044999955
0.045002286
0.044999884
0.045000177
0.044999713
0.0079999894
0.0080000015
0.0079999991
0.0080000012
0.0079999922
0.0080000012
0.0079999993
0.0080000011
0.0079999971
0.0080000007
0.0079999996
0.0080000007
0.008000001
0.0080000002
0.008
0.0080000001
0.008
0.008
0.008
0.008
0.008
0.008
0.008
0.008
0.008
0.008
0.008
0.008
0.008
0.008
0.008
0.008
0.045039559
0.045005493
0.04500049
0.044999417
0.045031231
0.045001587
0.045001478
0.044998152
0.045003501
0.045002962
0.044999297
0.045001426
0.045017451
0.044999214
0.045001249
0.044998601
0.044999977
0.04500003
0.044999994
0.045000009
0.045000086
0.045000002
0.045000009
0.044999977
0.044999818
0.045000035
0.044999982
0.04500002
0.044999929
0.04500001
0.044999995
0.045000009
0.0079999997
0.0080000001
0.008
0.0080000001
0.0080000004
0.0079999999
0.008
0.0079999999
0.008
0.008
0.008
0.008
0.008
0.008
0.008
0.008
0.008
0.008
0.008
0.008
0.008
0.008
0.008
0.008
0.008
0.008
0.008
0.008
0.008
0.008
0.008
0.008
0.044999085
0.045000366
0.044999823
0.04500016
0.045000007
0.045000099
0.044999989
0.045000058
0.045000327
0.045000034
0.045000002
0.045
0.045000528
0.044999852
0.045000115
0.044999839
0.0079999983
0.0080000004
0.0079999997
0.008
0.0079999996
0.0079999999
0.008
0.0079999999
0.0079999993
0.0080000002
0.0079999998
0.0080000002
0.008000003
0.0079999992
0.0080000004
0.0079999994
0.008
0.008
0.008
0.008
0.008
0.008
0.008
0.008
0.008
0.008
0.008
0.008
0.008
0.008
0.008
0.008
0.008
0.008
0.008
0.008
0.008
0.008
0.008
0.008
0.008
0.008
0.008
0.008
0.008
0.008
0.008
0.008
0.044998322
0.045000618
0.044999679
0.045000417
0.045000984
0.044999787
0.045000197
0.044999793
0.044998874
0.045000449
0.04499979
0.045000287
0.045004004
0.044998937
0.045000717
0.044999194
0.0079999923
0.0080000021
0.0079999987
0.0080000014
0.0080000037
0.007999999
0.0080000006
0.0079999993
0.0079999952
0.0080000013
0.0079999992
0.0080000009
0.0080000139
0.0079999961
0.0080000022
0.0079999973
0.0079999999
0.008
0.008
0.008
0.0080000001
0.008
0.008
0.008
0.0079999999
0.008
0.008
0.008
0.0080000001
0.008
0.008
0.008
0.008
0.008
0.008
0.008
0.008
0.008
0.008
0.008
0.008
0.008
0.008
0.008
0.008
0.008
0.008
0.008
0.045000016
0.045000011
0.045000022
0.044999969
0.044999821
0.045000031
0.045
0.045000009
0.044999805
0.045000012
0.045000003
0.045000009
0.044999655
0.045000063
0.044999968
0.045000073
0.044997367
0.045000781
0.044999803
0.045000076
0.044996297
0.045001018
0.0449996
0.045000459
0.044996128
0.045001058
0.044999579
0.045000542
0.044996659
0.045001041
0.044999555
0.045000636
0.0080000009
0.0079999999
0.0080000001
0.0079999998
0.0080000005
0.008
0.0080000001
0.0079999999
0.0080000005
0.0079999999
0.0080000001
0.0079999999
0.0079999998
0.008
0.008
0.008
0.0080000013
0.0079999996
0.0080000007
0.0079999985
0.0079999962
0.0080000006
0.008
0.0079999994
0.0079999976
0.0079999999
0.0080000003
0.0079999994
0.0079999913
0.0080000011
0.0079999994
0.0080000007
0.008
0.008
0.008
0.008
0.008
0.008
0.008
0.008
0.008
0.008
0.008
0.008
0.008
0.008
0.008
0.008
0.0080000001
0.008
0.008
0.008
0.0080000001
0.008
0.008
0.008
0.0080000001
0.008
0.008
0.008
0.008
0.008
0.008
0.008
0.15737738
0.065209447
0.044785021
0.045680253
0.10810115
0.054022105
0.044744964
0.045531609
0.070380561
0.047143812
0.045030175
0.045118982
0.055445576
0.045347611
0.045164174
0.044861619
0.045012236
0.045004359
0.044999348
0.045001669
0.045025012
0.045001081
0.045001229
0.044998366
0.045029366
0.044998007
0.045002772
0.044995361
0.045018813
0.044997835
0.045002487
0.044995456
0.045008533
0.044998777
0.045001641
0.044996601
0.044990463
0.045001174
0.044999792
0.044999646
0.044984342
0.045002682
0.044998605
0.045001788
0.044994034
0.045001491
0.044999353
0.04500086
0.044811487
0.045014895
0.044997793
0.044992913
0.044726522
0.045040334
0.0449799
0.045024415
0.044835848
0.045039169
0.044980027
0.045029171
0.044993561
0.045015468
0.044994704
0.045008401
0.044999629
0.045000076
0.044999959
0.045000088
0.044999741
0.045000057
0.044999968
0.045000068
0.044999964
0.045000029
0.044999987
0.045000025
0.045000115
0.045000004
0.045000003
0.04499999
0.045000138
0.044999995
0.045000009
0.044999979
0.045000073
0.044999995
0.045000007
0.044999985
0.04499995
0.04500001
0.044999995
0.04500001
0.04499996
0.045000008
0.044999995
0.045000009
0.045001878
0.044999867
0.045000169
0.044999705
0.045000401
0.044999989
0.045000058
0.044999872
0.044999153
0.045000154
0.044999919
0.045000105
0.044999545
0.045000101
0.044999949
0.045000073
0.0079999995
0.008
0.008
0.008
0.0079999995
0.0080000001
0.008
0.008
0.0079999996
0.0080000001
0.008
0.008
0.0079999999
0.008
0.008
0.008
0.0080000001
0.008
0.008
0.008
0.0080000001
0.008
0.008
0.008
0.0079999999
0.008
0.008
0.008
0.0079999999
0.008
0.008
0.008
0.0080000022
0.0079999999
0.0080000002
0.0079999998
0.0080000014
0.0079999999
0.0080000001
0.0079999998
0.0079999986
0.0080000003
0.0079999999
0.0080000002
0.0079999989
0.0080000002
0.0079999999
0.0080000002
0.008
0.008
0.008
0.008
0.008
0.008
0.008
0.008
0.008
0.008
0.008
0.008
0.008
0.008
0.008
0.008
0.008
0.008
0.008
0.008
0.008
0.008
0.008
0.008
0.008
0.008
0.008
0.008
0.008
0.008
0.008
0.008
0.008
0.008
0.008
0.008
0.008
0.008
0.008
0.008
0.008
0.008
0.008
0.008
0.008
0.008
0.008
0.008
0.05091543
0.045032388
0.045162708
0.044826046
0.046608428
0.044934285
0.045082703
0.044898875
0.045272509
0.044989831
0.045019261
0.044976774
0.04515997
0.044969334
0.045024426
0.044962444
0.044994277
0.04499161
0.045011669
0.044976954
0.044852048
0.045018913
0.044991374
0.045008278
0.044934716
0.045020864
0.044989935
0.045014165
0.045043189
0.044998523
0.045002965
0.044995994
0.044999103
0.045000649
0.044999885
0.04500006
0.045000073
0.04500035
0.044999998
0.044999887
0.044998517
0.045000505
0.044999778
0.045000329
0.045000188
0.045000177
0.044999935
0.045000138
0.045001017
0.044999996
0.045000052
0.044999865
0.045000522
0.04499995
0.045000055
0.044999897
0.04499952
0.045000086
0.044999952
0.045000082
0.045000137
0.044999973
0.045000017
0.044999978
0.045014049
0.044998621
0.045001453
0.044997659
0.044999049
0.044999848
0.045000366
0.044999219
0.044992349
0.045001487
0.044999194
0.045001046
0.045001606
0.044999901
0.045000197
0.044999774
0.044999994
0.045000002
0.044999999
0.045000002
0.045000016
0.044999998
0.045000002
0.044999996
0.044999994
0.045
0.045
0.045
0.044999997
0.045
0.045
0.045000001
0.0080000012
0.0079999999
0.0080000001
0.0079999999
0.0080000007
0.008
0.0080000001
0.0079999999
0.0079999994
0.0080000001
0.008
0.0080000001
0.0079999999
0.008
0.008
0.008
0.0080000181
0.0079999982
0.0080000016
0.0079999973
0.00800001
0.0079999989
0.0080000009
0.0079999986
0.0079999888
0.0080000017
0.0079999988
0.0080000014
0.0080000022
0.0079999995
0.0080000002
0.008
0.0079999999
0.008
0.008
0.008
0.008
0.008
0.008
0.008
0.008
0.008
0.008
0.008
0.008
0.008
0.008
0.008
0.008
0.008
0.008
0.008
0.008
0.008
0.008
0.008
0.008
0.008
0.008
0.008
0.008
0.008
0.008
0.008
0.008
0.008
0.008
0.008
0.008
0.008
0.008
0.008
0.008
0.008
0.008
0.008
0.0079999999
0.008
0.008
0.008
0.008
0.008
0.008
0.008
0.008
0.008
0.008
0.008
0.008
0.008
0.008
0.008
0.008
0.008
0.008
0.008
0.008
0.008
0.008
0.008
0.008
0.008
0.008
0.008
0.008
0.008
0.008
0.008
0.008
0.008
0.008
0.008
0.008
0.008
0.008
0.008
0.008
0.008
0.008
0.008
0.008
0.008
0.008
0.008
0.008
0.008
0.008
0.008
0.045006819
0.045002895
0.044999442
0.045000935
0.045008951
0.045000431
0.045000472
0.044999646
0.045003683
0.044999834
0.045000397
0.044999265
0.044998068
0.044999873
0.045000283
0.04499948
0.044993481
0.045001661
0.04499909
0.045001213
0.045001883
0.044999743
0.045000395
0.044999551
0.044997871
0.045000999
0.044999569
0.045000693
0.045007609
0.044997708
0.045001698
0.044997765
0.044999915
0.045000021
0.044999994
0.045000006
0.044999982
0.045000001
0.045000004
0.045000003
0.044999987
0.045000009
0.044999998
0.045000004
0.045000113
0.044999975
0.045000018
0.044999975
0.044999902
0.045000028
0.044999986
0.045000017
0.045000055
0.044999989
0.04500001
0.044999991
0.044999933
0.045000023
0.04499999
0.045000013
0.045000235
0.044999942
0.045000037
0.044999959
0.044999214
0.045000207
0.044999886
0.045000144
0.045000341
0.044999926
0.045000071
0.04499992
0.044999548
0.045000169
0.044999921
0.045000115
0.0450016
0.044999585
0.045000284
0.044999627
0.008
0.008
0.008
0.008
0.0080000001
0.0079999999
0.0080000001
0.0079999999
0.0079999999
0.008
0.008
0.008
0.0080000003
0.0079999999
0.008
0.0079999999
0.0079999997
0.0080000001
0.0079999999
0.0080000001
0.0080000002
0.008
0.008
0.008
0.0079999998
0.0080000001
0.0079999999
0.0080000001
0.0080000007
0.0079999998
0.0080000001
0.0079999999
0.0079999971
0.0080000007
0.0079999995
0.0080000005
0.0080000015
0.0079999996
0.0080000002
0.0079999997
0.0079999978
0.0080000005
0.0079999997
0.0080000004
0.0080000066
0.0079999981
0.0080000011
0.0079999987
0.008
0.008
0.008
0.008
0.008
0.008
0.008
0.008
0.008
0.008
0.008
0.008
0.008
0.008
0.008
0.008
0.008
0.008
0.008
0.008
0.008
0.008
0.008
0.008
0.008
0.008
0.008
0.008
0.008
0.008
0.008
0.008
0.008
0.008
0.008
0.008
0.008
0.008
0.008
0.008
0.008
0.008
0.008
0.008
0.0080000001
0.008
0.008
0.008
0.008
0.008
0.008
0.008
0.008
0.008
0.008
0.008
0.008
0.008
0.008
0.008
0.008
0.008
0.008
0.008
0.008
0.008
0.008
0.008
0.008
0.008
0.008
0.008
0.008
0.008
0.008
0.008
0.008
0.008
0.008
0.008
0.008
0.008
0.008
0.008
0.008
0.008
0.008
0.008
0.008
0.008
0.008
0.008
0.008
0.008
0.008
0.008
0.044989797
0.045003647
0.044998097
0.04500258
0.045006811
0.044998546
0.045001459
0.044998562
0.044992825
0.045003134
0.044998717
0.045002106
0.045026643
0.044992395
0.045005415
0.04499409
0.044978091
0.045008816
0.04499596
0.045004889
0.045003411
0.044998718
0.045001037
0.044998992
0.044998482
0.045002168
0.045001317
0.045002136
0.045001083
0.044974625
0.045008156
0.044990703
0.044999751
0.045000081
0.044999959
0.045000044
0.04500014
0.04499997
0.045000025
0.044999982
0.044999851
0.045000054
0.044999974
0.045000026
0.045000503
0.044999869
0.045000083
0.044999934
0.044999524
0.04500015
0.044999939
0.045000042
0.045000093
0.044999974
0.045000017
0.045000006
0.04499994
0.045000037
0.045000011
0.04499999
0.045000158
0.044999734
0.045000065
0.045000038
0.044996269
0.045001309
0.044999376
0.045000749
0.045000728
0.044999796
0.045000156
0.044999855
0.044999602
0.045000361
0.045000074
0.045000289
0.045001219
0.044997314
0.045000907
0.044998933
0.0079999992
0.0080000002
0.0079999998
0.0080000002
0.0080000004
0.0079999999
0.0080000001
0.0079999999
0.0079999996
0.0080000001
0.0079999999
0.0080000001
0.0080000014
0.0079999996
0.0080000003
0.0079999997
0.0079999987
0.0080000004
0.0079999998
0.0080000002
0.0080000002
0.0079999999
0.0080000001
0.0079999999
0.0079999998
0.0080000001
0.008
0.0080000001
0.0080000005
0.0079999992
0.0080000003
0.0079999994
0.0079999865
0.0080000043
0.0079999979
0.0080000025
0.0080000022
0.0079999989
0.0080000004
0.0079999994
0.0079999973
0.0080000014
0.0079999999
0.0080000009
0.0080000113
0.0079999926
0.0080000026
0.0079999966
0.008
0.008
0.008
0.008
0.008
0.008
0.008
0.008
0.008
0.008
0.008
0.008
0.008
0.008
0.008
0.008
0.008
0.008
0.008
0.008
0.008
0.008
0.008
0.008
0.008
0.008
0.008
0.008
0.0079999998
0.0080000001
0.008
0.008
0.0079999998
0.0080000001
0.0079999999
0.008
0.0080000001
0.008
0.008
0.008
0.0079999999
0.008
0.008
0.008
0.0080000004
0.0079999998
0.0080000001
0.0080000001
0.008
0.008
0.008
0.008
0.008
0.008
0.008
0.008
0.008
0.008
0.008
0.008
0.008
0.008
0.008
0.008
0.008
0.008
0.008
0.008
0.008
0.008
0.008
0.008
0.008
0.008
0.008
0.008
0.008
0.008
0.008
0.008
0.008
0.008
0.008
0.008
0.008
0.008
0.008
0.008
0.008
0.008
0.008
0.008
0.0080000001
0.008
0.008
0.008
