FiniteElementSpace
FiniteElementCollection: L2_2D_P3
VDim: 1
Ordering: 0

0.0037967108
0.0059837618
0.005316876
0.0065717771
0.0021940342
0.005898263
0.0055821983
0.0066667439
0.0017917345
0.0074542711
0.010825765
0.01367119
0.0032738998
0.013174126
0.0086644288
0.019465244
0.012809019
0.009883796
0.012929932
0.013329783
0.026186945
0.03297227
0.03207337
0.032868287
0.065132264
0.067076207
0.064883788
0.067259331
0.075821596
0.091353415
0.085413158
0.075773738
0.0014275924
0.0023066538
0.0032988917
0.0022940667
0.13594516
0.085573438
0.076465778
0.045099323
0.033519079
0.059024684
0.061198496
0.061921534
0.10073839
0.10739371
0.082706977
0.11934118
0.0068623603
0.02326752
0.049023078
0.050144702
0.067075522
0.099359908
0.082822436
0.081239363
0.11925073
0.11963872
0.11629291
0.10286014
0.13555583
0.12995787
0.12322679
0.12166011
0.0027239143
0.024248202
0.0095919888
0.061188141
0.0051894989
0.022358047
0.01973323
0.022662636
0.0038807897
0.010824564
0.029806202
0.040579283
0.0054853754
0.016863341
0.019100381
0.029169703
0.13247555
0.13202637
0.12348719
0.11737002
0.1394874
0.13875754
0.13080486
0.12217493
0.15033982
0.14598345
0.13746896
0.12402446
0.1582949
0.15328616
0.14015604
0.12864466
0.19952488
0.19142442
0.19950237
0.19013672
0.19658131
0.20655344
0.20644439
0.20892899
0.21529034
0.20780724
0.21503795
0.21899796
0.2097089
0.22479233
0.22308313
0.23215152
0.19077139
0.20384707
0.23237455
0.25961509
0.22887877
0.24853756
0.27204906
0.28991923
0.26474782
0.27854174
0.29640489
0.31172573
0.27559991
0.28846264
0.30666683
0.31683386
0.0076195115
0.016358454
0.016456256
0.044012272
0.0088423178
0.01525611
0.020689749
0.042182454
0.0088378352
0.017477267
0.017945586
0.051059334
0.01130385
0.017698127
0.01908871
0.047593448
0.19093022
0.1779002
0.15435073
0.13941401
0.1897707
0.1800256
0.15857134
0.13988898
0.19144219
0.1833524
0.16475182
0.14144796
0.18892379
0.18581344
0.16778468
0.13564882
0.28794026
0.27877215
0.28370651
0.28653628
0.29810969
0.29408137
0.2935935
0.29695007
0.31388415
0.30998286
0.3091639
0.31030427
0.31621953
0.31853446
0.31846882
0.32056732
0.31992612
0.32786685
0.34054902
0.34955376
0.32920209
0.33687472
0.3458728
0.35317995
0.33677807
0.34337535
0.35330441
0.36157987
0.34280694
0.35070677
0.36168689
0.36909672
0.38293432
0.39288354
0.40800679
0.41811207
0.39021423
0.4006588
0.41298901
0.42399811
0.40025871
0.40875929
0.4214668
0.43174945
0.40585644
0.41605894
0.42723886
0.43439582
0.013981443
0.021507258
0.018423713
0.048147032
0.012580377
0.02251715
0.01848011
0.051013895
0.01359978
0.022775852
0.018191098
0.046499425
0.014843703
0.024443456
0.017861987
0.047532376
0.17127298
0.17965111
0.14822322
0.12102107
0.16518676
0.17678125
0.14177219
0.11858479
0.16641523
0.16831821
0.13819144
0.11638311
0.16205243
0.16345053
0.13479932
0.11785011
0.34589948
0.34996728
0.35406308
0.3582982
0.36657468
0.36076888
0.36361103
0.36563393
0.37711802
0.38145428
0.38100365
0.38489412
0.38709299
0.38546874
0.39082191
0.39335968
0.3810428
0.38717324
0.39603769
0.40368504
0.38871583
0.39594895
0.40593687
0.4131373
0.40600786
0.41216736
0.41989593
0.42568948
0.41477973
0.41982136
0.42764021
0.43474483
0.43746707
0.44591153
0.45646191
0.46384642
0.44595984
0.45278774
0.46321903
0.47260724
0.4582469
0.46633144
0.47719383
0.48428496
0.46415391
0.47155575
0.48072778
0.48779263
0.46089404
0.46623673
0.47329332
0.47768309
0.46685717
0.47130927
0.47666101
0.48115819
0.47693572
0.48027047
0.48530661
0.48876188
0.48573811
0.48888852
0.49196365
0.49514279
0.50148687
0.50767956
0.51371923
0.51822586
0.50411556
0.51001819
0.51731426
0.52274081
0.51178503
0.51622873
0.5208952
0.52226917
0.5100766
0.51387396
0.51726301
0.51752133
0.39605001
0.39702567
0.39840102
0.39695513
0.35949054
0.3590684
0.35921842
0.36052183
0.32173247
0.31884594
0.316221
0.31069437
0.32607764
0.31809478
0.30708366
0.29370261
0.39545965
0.39372951
0.39053709
0.38767629
0.3549409
0.35282145
0.34924267
0.3451242
0.30830183
0.30634009
0.3032671
0.30105962
0.27684614
0.27483143
0.27332185
0.27245508
0.010209185
0.015793464
0.022725202
0.022336296
0.016608322
0.025538914
0.028806408
0.033945167
0.030607605
0.032781707
0.041255481
0.052064193
0.036982033
0.047978544
0.059390402
0.06606905
0.040603595
0.055971632
0.068104565
0.076042539
0.037456448
0.064549952
0.081646064
0.097985181
0.04527761
0.06820914
0.099430084
0.1140341
0.04771395
0.077125662
0.10927357
0.1256946
0.0023290615
0.0096165043
0.01169157
0.021940016
0.0036000341
0.0088624221
0.012047868
0.022204488
0.0032133487
0.011329016
0.017085191
0.02348828
0.0082201075
0.0090928129
0.022903983
0.021590785
0.012268412
0.0080289127
0.011385022
0.017974577
0.040061708
0.037665863
0.023366341
0.027870228
0.063276667
0.052670212
0.055546627
0.098112192
0.077584413
0.054894244
0.10699701
0.085654982
0.088616454
0.091008532
0.073604074
0.090812764
0.10277095
0.081703437
0.090371049
0.11098245
0.099664349
0.084445511
0.10836002
0.14040106
0.10625316
0.094312927
0.12691339
0.17222699
0.085845933
0.092389604
0.088929675
0.092289823
0.10042901
0.10682801
0.10664573
0.10436506
0.12056479
0.12167807
0.11624349
0.1106647
0.12968378
0.12856332
0.12064422
0.11287685
0.0033110578
0.0046629989
0.0043820387
0.0020441992
0.035527876
0.063347769
0.050436754
0.05216474
0.075332733
0.11618359
0.12449805
0.11831294
0.12486215
0.11716201
0.13778551
0.13267458
0.13939485
0.14636539
0.14077243
0.14709894
0.14121393
0.15349293
0.15621663
0.1545279
0.1704097
0.16753184
0.16576691
0.16468077
0.17526991
0.18198284
0.17739517
0.17701213
0.11528898
0.097892662
0.14554028
0.13000954
0.10499881
0.14225226
0.12422624
0.13968249
0.16875784
0.1304163
0.16213225
0.15737055
0.14398954
0.2051121
0.16453297
0.18461527
0.034065731
0.02860401
0.018107024
0.018616191
0.080012922
0.070877718
0.06852016
0.065866865
0.099042365
0.10485921
0.10946919
0.11922863
0.12435864
0.12848967
0.14192059
0.15251971
0.13442703
0.14196
0.15368457
0.19345084
0.15184132
0.16739892
0.20114875
0.24433034
0.19984618
0.23377786
0.27480962
0.31074111
0.25267338
0.28203407
0.3198116
0.35140168
0.14683006
0.13522253
0.13083341
0.13155751
0.15152898
0.14686323
0.14460311
0.14891732
0.16353105
0.16432523
0.17093704
0.18511659
0.17862524
0.18457017
0.20254674
0.23208342
0.054054796
0.081321858
0.11252458
0.13473511
0.047921657
0.086747341
0.12534125
0.14022607
0.049239812
0.091531713
0.13502928
0.14418729
0.055364661
0.1044296
0.13952865
0.15577437
0.060828132
0.098867025
0.14673347
0.15797821
0.071250466
0.10325304
0.15441568
0.16775332
0.081167497
0.10896195
0.16064394
0.17135869
0.083807891
0.11360133
0.16137991
0.18144498
0.0057121652
0.015026
0.024200154
0.037282487
0.0051953782
0.011948609
0.027521054
0.048989504
0.0075821875
0.014858475
0.017147582
0.037554014
0.0077658849
0.014275803
0.022037388
0.041323403
0.10363997
0.10301681
0.12156899
0.17535103
0.11598524
0.10745782
0.13283719
0.18041307
0.12240773
0.11754325
0.14776223
0.19160989
0.13163726
0.11954092
0.15755286
0.22893569
0.13066024
0.12219364
0.16169373
0.23245516
0.12697332
0.12363316
0.17572576
0.24706438
0.12510571
0.12881987
0.19369464
0.25827092
0.12718224
0.13286286
0.20769485
0.27216183
0.16654589
0.15571698
0.13988375
0.12969687
0.1727494
0.16074031
0.14429477
0.13434082
0.17839197
0.17121437
0.15204242
0.13869898
0.18564115
0.17651336
0.15435383
0.13820734
0.19263383
0.18853191
0.18805339
0.18741788
0.20531751
0.2093551
0.21430802
0.22243291
0.22466376
0.23313842
0.24845818
0.25899504
0.23279443
0.24498868
0.25857012
0.27042862
0.24059838
0.24889308
0.26198137
0.27134635
0.24950571
0.26076731
0.273407
0.28347105
0.26815144
0.27502364
0.2849506
0.29421139
0.28211393
0.2906946
0.30042196
0.30974019
0.24843277
0.2254389
0.22986639
0.23261303
0.25302753
0.24900744
0.24186526
0.24722384
0.27189041
0.26694828
0.2668414
0.2654762
0.27223483
0.27807165
0.2783355
0.28353293
0.27454061
0.29974354
0.33727604
0.35590648
0.3011163
0.32451064
0.34614309
0.35840082
0.32019995
0.33267019
0.34908501
0.36336612
0.32261824
0.33742544
0.35920395
0.36848936
0.32809272
0.3446796
0.35875807
0.36784053
0.33660384
0.34731349
0.3604504
0.37078289
0.34370902
0.35408963
0.36754703
0.37626657
0.35098815
0.36072364
0.37064744
0.37882957
0.27880545
0.29132241
0.30685628
0.32001373
0.28803184
0.29882547
0.31622409
0.33010656
0.30043387
0.31320631
0.32803264
0.33780238
0.31535448
0.32395081
0.33378639
0.34429591
0.37476633
0.38468814
0.39766992
0.40749907
0.3758774
0.38620912
0.39751338
0.40648539
0.3801719
0.38821981
0.40115006
0.41166543
0.38313513
0.39187696
0.40560721
0.41630312
0.088831867
0.11406875
0.16588993
0.18638079
0.090718818
0.12374466
0.16492085
0.19656082
0.088530911
0.11952959
0.17491795
0.19377065
0.090615455
0.12722305
0.17391561
0.19738842
0.089548418
0.12657966
0.17465486
0.19787254
0.090176404
0.12876539
0.17368328
0.19311638
0.086008143
0.12725074
0.17450174
0.18890957
0.082767974
0.12799852
0.17454873
0.18857513
0.010025537
0.01949834
0.017320775
0.05194773
0.011057625
0.019145361
0.018598485
0.055356898
0.012724819
0.019713259
0.019526114
0.051222742
0.013182491
0.021907925
0.018824256
0.060350104
0.12441584
0.13932166
0.21168139
0.28113173
0.12658661
0.14181559
0.22445992
0.29077702
0.12472022
0.14361664
0.23146071
0.30100082
0.12329275
0.14662839
0.23839088
0.31301805
0.12141509
0.14997527
0.24661113
0.3182853
0.12183899
0.15336079
0.25492001
0.32884751
0.12336038
0.1584881
0.25988561
0.33151183
0.12568503
0.16444793
0.26763255
0.33328065
0.18623506
0.18743492
0.16579074
0.13216785
0.18855809
0.18798301
0.160001
0.12947123
0.18516276
0.1843013
0.15527775
0.12834287
0.1757489
0.18009631
0.15214432
0.123054
0.29160664
0.29795216
0.30929487
0.31645234
0.29893044
0.30600006
0.3157117
0.32417641
0.31259223
0.31742648
0.32580121
0.33293216
0.32138367
0.32636306
0.33338322
0.33942028
0.32653714
0.33058703
0.33778883
0.34413327
0.336936
0.34158658
0.34921249
0.356274
0.35278276
0.35757118
0.36418325
0.36905789
0.36047614
0.36408874
0.36964569
0.37421792
0.32480266
0.32112064
0.32265737
0.32391271
0.3348514
0.33102209
0.33187518
0.33506169
0.34684322
0.34898847
0.34783939
0.35114462
0.34832891
0.34691819
0.35472192
0.3585187
0.35344956
0.36086794
0.37218687
0.37997991
0.35785574
0.36621656
0.37607877
0.38454395
0.36599239
0.37420245
0.38653235
0.39615489
0.37308009
0.38206368
0.3946354
0.40179349
0.37800684
0.38651212
0.39733182
0.40525637
0.38680391
0.39368561
0.40437936
0.41254986
0.39623406
0.40371948
0.41391881
0.42161827
0.40339429
0.41079949
0.42101366
0.42841452
0.34843548
0.35597224
0.36511428
0.37316758
0.36044031
0.36714425
0.37576852
0.38311822
0.37185153
0.37769405
0.3859333
0.3926023
0.37718134
0.38323705
0.39218156
0.39940735
0.41049583
0.41886525
0.42822194
0.43698431
0.41657551
0.42470576
0.43506645
0.44498585
0.42530302
0.43409458
0.44522477
0.45354619
0.43297929
0.44142295
0.45243877
0.46085897
0.081046105
0.12512617
0.17475915
0.1853581
0.07732638
0.12791357
0.1707188
0.1796848
0.076203341
0.12405481
0.16731693
0.16945382
0.071084743
0.12335371
0.16495046
0.16626753
0.12689194
0.17040359
0.27489721
0.34294493
0.12837864
0.180598
0.28916409
0.35752764
0.12957343
0.18676576
0.29339245
0.36756723
0.12787426
0.19250443
0.294361
0.37229364
0.1279882
0.20255572
0.30189414
0.37682241
0.13441672
0.21382319
0.31803909
0.3828181
0.13837419
0.21716682
0.32922216
0.39381666
0.13916613
0.21937447
0.33608012
0.41008532
0.16399015
0.16060044
0.13147426
0.12009754
0.1644671
0.15650888
0.12776013
0.11875799
0.15861396
0.15459354
0.12443373
0.11795298
0.15444179
0.15063006
0.12465178
0.11553986
0.36070922
0.36574888
0.37220988
0.37783559
0.36810789
0.37242975
0.37934923
0.38517677
0.38595249
0.39035901
0.3972496
0.402958
0.39667741
0.40056902
0.40737527
0.41241169
0.39900312
0.40403983
0.4104829
0.41540242
0.41008321
0.41403673
0.41977569
0.42445144
0.42170787
0.42601674
0.43211055
0.43721682
0.43441821
0.43876163
0.44517163
0.45045738
0.38591983
0.3923678
0.3940792
0.39835975
0.39816723
0.39983174
0.40494489
0.40743348
0.40874229
0.41381488
0.41626392
0.42029553
0.42650538
0.42408252
0.42966133
0.43135346
0.40779866
0.41598348
0.42510987
0.43225039
0.41675116
0.42299958
0.43283059
0.44169017
0.4297712
0.43758465
0.44709873
0.4538358
0.4385397
0.44436205
0.45256529
0.45988179
0.4413121
0.44790785
0.45806828
0.46503321
0.44921127
0.45584778
0.46389277
0.47045097
0.46314458
0.46970454
0.47831186
0.48494288
0.47573436
0.48187819
0.48839992
0.4937479
0.41818904
0.42333829
0.43138665
0.43800239
0.42724682
0.43288078
0.44023824
0.44594686
0.44018587
0.445625
0.45333128
0.45960945
0.45340141
0.45944763
0.4669636
0.47282695
0.46829746
0.47424577
0.48338274
0.48981477
0.47439421
0.4813323
0.48951516
0.49684131
0.48815598
0.49422134
0.5039206
0.51164135
0.49681686
0.50489655
0.51419908
0.51788129
0.44305144
0.44677569
0.45267906
0.45769865
0.45210674
0.45554214
0.46023123
0.46444169
0.46244194
0.46546408
0.47045532
0.47438417
0.47175713
0.47634681
0.48123496
0.48524321
0.47137141
0.47517338
0.48090122
0.48335172
0.46322497
0.46640613
0.46914174
0.47113788
0.43463679
0.43688937
0.44011097
0.44319781
0.4049312
0.40970617
0.41585335
0.41808954
0.48067543
0.48499364
0.49240947
0.49800019
0.48276894
0.48762745
0.49438695
0.5006773
0.49110397
0.49493344
0.50278768
0.50913004
0.49622469
0.5010692
0.50584214
0.50911213
0.49397642
0.49622128
0.50128593
0.50405466
0.47928802
0.48289906
0.48679229
0.48978033
0.45418545
0.4545093
0.45510682
0.45576744
0.41791588
0.41771377
0.41757357
0.41733688
0.48523848
0.4857569
0.48875579
0.49197566
0.47147345
0.47330605
0.47571839
0.47790432
0.44556339
0.44902804
0.45290427
0.45373694
0.41782231
0.41873769
0.41836446
0.41802943
0.50602104
0.50891449
0.51039484
0.50900539
0.49105993
0.49358793
0.49599624
0.49456708
0.45615999
0.45665499
0.4570764
0.45719197
0.4171804
0.41671493
0.41528999
0.41245708
0.39742497
0.39762481
0.39721842
0.3959415
0.36080051
0.3597358
0.35768784
0.35540793
0.31042538
0.31085858
0.31049491
0.30859284
0.29218932
0.2905853
0.28240443
0.27797275
0.29568032
0.28610322
0.27372983
0.26725921
0.29772406
0.28760909
0.27487781
0.26465347
0.30805454
0.29747359
0.28335617
0.27274127
0.31561099
0.30356196
0.28759598
0.27534843
0.33375593
0.32418458
0.31097995
0.30026693
0.33321338
0.32475516
0.31279958
0.30291633
0.34771452
0.33763421
0.32402569
0.31319677
0.35536106
0.34574496
0.33251933
0.32159475
