FiniteElementSpace
FiniteElementCollection: L2_2D_P3
VDim: 1
Ordering: 0

0.09205989
0.077109425
0.085001717
0.15419089
0.059246312
0.16521711
0.29196906
0.34723641
0.064855541
0.27504431
0.61264552
0.79465975
0.10974666
0.34335296
0.80493764
0.98099864
0.18654127
0.33096981
0.34424124
0.22720646
0.81155545
0.79843053
0.85266485
0.89615366
1.4433975
1.6335084
1.5630176
1.4493877
1.8135869
1.6093917
1.5690651
1.6154998
0.060703449
0.070428094
0.045676287
0.047469998
0.051858251
0.049220844
0.046425186
0.044002681
0.038759441
0.046880335
0.044471461
0.045844993
0.052369652
0.043876806
0.046184558
0.043582618
0.044815991
0.045024459
0.044979087
0.045031478
0.045054887
0.044991421
0.045008164
0.04499042
0.044954219
0.045010145
0.04499419
0.045007558
0.045052829
0.044989978
0.045007441
0.044991177
0.146128
0.63762844
1.34983
1.5568178
0.15666111
0.65059472
1.3986357
1.5922248
0.14471451
0.67251774
1.4096453
1.6578616
0.13444216
0.68762563
1.4105931
1.6915554
2.4636747
2.1643272
1.823851
1.6818621
2.7057667
2.3266741
1.8867493
1.7081057
3.0849509
2.6115211
2.0073336
1.7468741
3.4281964
2.8954349
2.1373837
1.7964114
0.044583182
0.045136408
0.044915777
0.045119408
0.045106842
0.044977626
0.045021443
0.044963579
0.044990409
0.045025167
0.044989671
0.045018099
0.045146937
0.04498136
0.045019525
0.044967564
0.044990223
0.045002914
0.044998489
0.04500166
0.045002959
0.044999398
0.045000423
0.04499955
0.044998046
0.045000515
0.044999719
0.045000338
0.045002809
0.044999121
0.0450005
0.044999438
0.126532
0.66512133
1.3055195
1.7322249
0.14288569
0.63683836
1.358706
1.6866761
0.12182052
0.62794528
1.3132678
1.7376115
0.14490746
0.59847662
1.3090589
1.6619334
5.0426221
4.8082788
3.4045152
2.3563137
5.4333987
5.3340088
3.9262096
2.6364877
5.9870502
6.0776206
4.7761021
3.1531106
5.8151153
6.5517492
5.5584637
3.6967082
0.045100262
0.045044751
0.04499271
0.045013401
0.045056043
0.045060848
0.044988119
0.045019805
0.044924491
0.045094826
0.044974896
0.045037284
0.044791399
0.045114429
0.0449685
0.045041327
0.044999285
0.045000171
0.044999909
0.045000116
0.045000015
0.044999969
0.045000034
0.044999951
0.044999764
0.045000029
0.044999997
0.044999987
0.045000509
0.044999896
0.045000077
0.044999889
0.044999996
0.045000001
0.045
0.045
0.045000002
0.045
0.045
0.045
0.045
0.045
0.045
0.045
0.045000002
0.045
0.045
0.045
0.14990436
0.50843869
1.2438551
1.5338069
0.13193825
0.53050811
1.1982425
1.592993
0.14916518
0.48678618
1.2267118
1.4575284
0.1529378
0.51865788
1.1751078
1.5711964
6.5071581
7.6237566
8.2544348
7.0339628
6.2021163
7.2856501
8.7630095
8.0481355
6.4416086
7.0718658
8.5743757
9.0474469
6.281271
7.3081395
8.7593821
9.2274647
0.044357128
0.045076957
0.044999428
0.044983618
0.044355129
0.045036192
0.045016157
0.044962294
0.044388349
0.044997034
0.04503349
0.044943796
0.044363976
0.044984029
0.04504657
0.044919737
0.045001413
0.045000216
0.045000002
0.045000041
0.045001288
0.045000344
0.04499993
0.045000161
0.044999533
0.045000653
0.044999748
0.045000422
0.04499918
0.045000716
0.044999773
0.045000291
0.044999992
0.045000002
0.045
0.045
0.044999997
0.045
0.045000001
0.044999998
0.044999987
0.045000002
0.045
0.045
0.044999998
0.045
0.045000001
0.044999998
0.045002108
0.04500024
0.045000361
0.044999191
0.045007894
0.044999971
0.045000748
0.044998607
0.045001162
0.045001411
0.04499993
0.044999744
0.044995761
0.045001901
0.044999445
0.045000661
0.045000084
0.04499999
0.045000009
0.044999986
0.045000088
0.044999992
0.045000009
0.044999987
0.045000004
0.045000004
0.044999999
0.045000004
0.044999934
0.045000016
0.044999991
0.045000016
0.044985018
0.045002748
0.044998676
0.045002014
0.044982799
0.045003288
0.044998361
0.045002458
0.044986802
0.045002915
0.044998737
0.045001905
0.044994769
0.045001604
0.044999489
0.045000797
0.044999925
0.045000014
0.044999993
0.045000011
0.044999899
0.045000022
0.044999987
0.045000023
0.044999916
0.045000016
0.044999992
0.045000014
0.044999946
0.045000012
0.044999994
0.045000011
0.12996718
0.12018513
0.13958065
0.18090712
0.44365254
0.55966028
0.62972778
0.65068111
0.9667047
1.2244303
1.3523485
1.5092097
1.2265542
1.558848
1.6669211
1.6584128
1.383642
1.7347368
1.8106382
1.9056604
1.5842711
1.9366857
2.0662479
2.029954
1.7440269
2.1769802
2.337495
2.2776676
1.8577745
2.3387665
2.5621936
2.4591669
0.13204121
0.37505229
0.95313269
1.1218571
0.14852024
0.45500239
1.1309404
1.2517754
0.15021554
0.55808464
1.2765559
1.4322451
0.15329679
0.60251349
1.3391111
1.5054873
0.27881534
0.38891545
0.62501056
0.35212521
0.93395389
1.0292083
0.89411352
0.87039327
1.4513741
1.5942483
1.6430779
1.5096616
1.5808691
1.5661243
1.5081224
1.8680177
1.6247428
1.5906169
1.6581503
1.5071181
1.6297927
1.6339108
1.6169263
1.646872
1.6504918
1.6235071
1.6293788
1.6042264
1.6408453
1.6333081
1.6104451
1.6484852
1.7841666
1.7686293
1.6551211
1.609953
2.0044735
1.8625408
1.7136605
1.6517609
2.1797296
1.9868447
1.7570228
1.6658365
2.36658
2.0924267
1.7961893
1.6818616
0.043889466
0.045209324
0.044839981
0.045277567
0.045517362
0.044963101
0.04507148
0.044907263
0.044686915
0.045124334
0.044941386
0.045081749
0.045592599
0.044880255
0.045090322
0.044893982
0.044617189
0.045126601
0.044936759
0.045075182
0.045135442
0.044975964
0.045018481
0.04497818
0.044915766
0.045020599
0.044988261
0.045015313
0.045123374
0.044962865
0.045021341
0.044974651
0.041451228
0.046147995
0.04441405
0.045765015
0.045597704
0.044776658
0.045163762
0.044790323
0.044406399
0.045212608
0.044885852
0.045158417
0.045706148
0.04481045
0.045140542
0.044809108
0.044980172
0.045002452
0.0449978
0.045003232
0.045005642
0.044999131
0.045000837
0.044999046
0.044995941
0.045000889
0.04499949
0.045000666
0.045004731
0.044998972
0.04500071
0.04499907
0.044996248
0.045000908
0.044999453
0.045000645
0.045001118
0.044999907
0.04500011
0.044999874
0.044999312
0.045000148
0.044999921
0.045000095
0.045001102
0.044999728
0.045000162
0.044999823
0.044963693
0.045009454
0.044994978
0.045006113
0.045011599
0.044997956
0.045001562
0.044998172
0.044992355
0.045002041
0.044998944
0.045001303
0.045012101
0.044996217
0.045002139
0.044997635
1.8921087
2.4290612
2.6773459
2.5945569
1.9805898
2.5759822
2.9250785
2.8440464
2.0672623
2.7604493
3.2567173
3.2324673
2.1164255
2.8881929
3.5104277
3.5519382
2.1505887
2.9451645
3.6444773
3.7270034
2.1762695
3.0513476
3.8799764
4.0522714
2.2209159
3.1655405
4.1692508
4.4659046
2.2131456
3.2415076
4.401074
4.7543974
0.14527664
0.67533204
1.4117432
1.6947021
0.12614382
0.68299893
1.3960469
1.7546892
0.14591699
0.66162561
1.3806069
1.7225318
0.1468022
0.64759955
1.3443665
1.6726541
1.6593265
1.623075
1.6274799
1.6000504
1.6606337
1.6300068
1.6193612
1.6233236
1.6835558
1.6312473
1.6224247
1.6151027
1.7040372
1.6370829
1.6199482
1.6214042
1.723555
1.6384645
1.6224674
1.613934
1.7644262
1.6473451
1.6213141
1.6169771
1.8510503
1.6652918
1.6213761
1.6161973
1.9503916
1.689421
1.6208371
1.6179768
3.6200126
3.0729079
2.2250455
1.827129
4.0018784
3.4540347
2.4289903
1.9092845
4.4916282
4.0385838
2.7943163
2.0651796
4.8629562
4.5337918
3.1675871
2.2393179
0.044915225
0.045025892
0.044985083
0.045018309
0.045026757
0.044994454
0.045004056
0.04499502
0.044985621
0.045004334
0.044997435
0.045003469
0.04502304
0.04499435
0.045003736
0.044995219
0.044988279
0.045003982
0.044997638
0.045003432
0.045002722
0.044999348
0.04500058
0.044999219
0.044995622
0.045001267
0.04499939
0.045001029
0.044998788
0.044999844
0.045000291
0.044999529
0.045034475
0.045024648
0.044991969
0.045013527
0.045104486
0.045010698
0.045003662
0.044995627
0.045111681
0.045025278
0.044998271
0.045005105
0.045125908
0.045031073
0.044999368
0.045002384
0.044999192
0.045000237
0.044999885
0.045000111
0.045000238
0.044999962
0.045000025
0.044999972
0.044999843
0.045000037
0.044999982
0.045000022
0.045000261
0.044999923
0.045000042
0.044999957
0.044999776
0.045000061
0.044999969
0.045000032
0.045000068
0.044999987
0.045000009
0.044999991
0.04499995
0.045000011
0.044999995
0.045000006
0.04500008
0.044999976
0.045000013
0.044999985
0.044997767
0.045000647
0.044999638
0.045000434
0.045000541
0.044999867
0.045000097
0.044999887
0.044999415
0.045000141
0.044999925
0.045000104
0.045000424
0.044999808
0.04500011
0.044999854
0.044999988
0.045000003
0.044999999
0.045
0.045000004
0.045
0.045
0.045
0.044999998
0.045
0.045
0.045
0.045000006
0.044999999
0.045000001
0.044999999
2.102746
3.2906203
4.517238
4.9154413
2.0776359
3.1864888
4.7443509
5.3038122
2.1086467
3.1192753
4.6348749
5.5671385
2.1090857
3.1821319
4.6180233
5.5203171
2.1387191
3.1993125
4.6790497
5.5522973
2.1073137
3.2263884
4.7205243
5.6504667
2.1274744
3.1243534
4.7455234
5.7465127
2.0676562
3.1122736
4.5661736
5.9080376
0.12623905
0.56948362
1.2565902
1.6672048
0.12700878
0.5869685
1.2396338
1.6586009
0.14464947
0.542717
1.280778
1.5555892
0.13956938
0.56328603
1.2130392
1.6703494
2.0203913
1.7072423
1.6209973
1.6184886
2.1886106
1.7550638
1.6212536
1.6227054
2.5146531
1.8569704
1.6255589
1.6299445
2.8721191
1.9803405
1.6351354
1.6366
3.1108401
2.0667408
1.6444141
1.6400609
3.6335896
2.2755393
1.6715972
1.6468538
4.4696152
2.6498804
1.7352686
1.6554536
5.2274052
3.0347165
1.812719
1.6644315
5.849692
6.6048752
6.0304854
4.025701
6.0040526
6.729669
6.773372
4.7461574
6.3742191
7.1381802
7.4545142
5.7452688
6.5301538
7.5368162
7.8868141
6.5857552
0.044991316
0.045001756
0.044999037
0.045001319
0.044990276
0.045001041
0.044999566
0.045000474
0.044983506
0.045001745
0.044999072
0.04500098
0.04498631
0.045000421
0.044999907
0.044999688
0.044988225
0.044999876
0.04500022
0.044999098
0.044993028
0.044998915
0.045001019
0.044997498
0.045006583
0.044997382
0.045001907
0.044996706
0.045018296
0.044995752
0.045002966
0.044995714
0.04471863
0.045122988
0.044966348
0.045042015
0.044583129
0.045123658
0.044968483
0.045037258
0.044454587
0.045106422
0.044980157
0.045016961
0.044369284
0.045095886
0.044986397
0.045001311
0.044999938
0.045000018
0.044999992
0.045000009
0.045000034
0.044999995
0.045000005
0.044999995
0.04500001
0.045000003
0.045
0.045
0.045000054
0.044999995
0.045000005
0.044999995
0.045000052
0.045000003
0.045000002
0.044999999
0.045000057
0.045000002
0.045000002
0.044999999
0.044999974
0.045000019
0.044999992
0.045000014
0.044999972
0.045000025
0.044999991
0.045000014
0.045000783
0.044999896
0.045000089
0.044999867
0.045001659
0.044999864
0.045000121
0.044999839
0.045001476
0.045000035
0.04500005
0.044999969
0.045001597
0.045000079
0.045000053
0.044999946
0.044999999
0.045000001
0.045
0.045
0.044999999
0.045000001
0.045
0.045
0.044999992
0.045000001
0.045
0.045000001
0.044999993
0.045000001
0.045
0.045
2.1391654
3.1136918
4.5508574
5.5989498
2.1141141
3.1484779
4.6311839
5.4677319
2.0885303
3.1321296
4.6480698
5.6469558
1.9443369
3.1543871
4.5882939
5.7381486
5.6947534
3.2815393
1.8677373
1.6710777
6.6718794
3.8467293
2.0004155
1.6926164
7.8791868
4.7070901
2.2392026
1.7425128
8.4918508
5.4070175
2.4712409
1.8054909
8.8800773
5.8012084
2.6127698
1.8511846
9.5522543
6.5613959
2.9084901
1.9540387
10.347699
7.5794582
3.3700121
2.1525319
10.740868
8.3598917
3.7966382
2.3434685
6.4461736
7.2214229
8.8689632
9.4964026
6.2634796
7.4519061
8.8877689
9.9008784
6.0848289
7.3957076
8.9583412
10.230418
6.2023828
7.078961
8.8171957
10.13696
0.045026027
0.044995679
0.045003137
0.044995555
0.045033554
0.044996247
0.045003205
0.044995467
0.045037083
0.044998287
0.045002077
0.044997886
0.045047502
0.044999941
0.045001815
0.044998078
0.045046344
0.04500011
0.045001944
0.04499817
0.045034979
0.045002977
0.045000545
0.045000629
0.045041367
0.045003874
0.045000394
0.045001774
0.045042993
0.045006737
0.044999061
0.045002686
0.044385498
0.044955094
0.045059695
0.044912136
0.044508141
0.044911151
0.045062367
0.044919599
0.044559763
0.044885145
0.045069092
0.044902972
0.044710164
0.044861192
0.045089144
0.044885171
0.044999919
0.045000034
0.044999989
0.045000015
0.044999866
0.04500003
0.04499999
0.045000011
0.044999722
0.045000064
0.044999972
0.045000036
0.044999804
0.045000042
0.044999987
0.045000009
0.044999877
0.045000019
0.045000003
0.044999993
0.044999858
0.045000006
0.045000007
0.044999982
0.044999728
0.04500004
0.044999989
0.045000001
0.044999844
0.045000033
0.045000003
0.044999975
0.04499903
0.045000775
0.044999804
0.045000262
0.044997681
0.045001081
0.044999652
0.045000428
0.044996713
0.045001207
0.044999537
0.045000614
0.044996385
0.04500118
0.044999623
0.045000385
0.045000008
0.044999999
0.045000002
0.044999998
0.045000015
0.044999998
0.045000002
0.044999997
0.045000006
0.045
0.045000001
0.044999998
0.045000018
0.045
0.045000002
0.044999997
0.045092501
0.045001828
0.045003943
0.044993615
0.045192592
0.044992949
0.045012203
0.04498057
0.045177509
0.045001076
0.045007803
0.044989015
0.045119308
0.045013955
0.045000388
0.045000599
0.04510122
0.045017837
0.044998326
0.045003712
0.045036963
0.045028781
0.0449905
0.045017289
0.044969887
0.045035784
0.044985352
0.045026027
0.044950901
0.045038393
0.044985026
0.045024615
0.045000524
0.044999924
0.045000085
0.044999846
0.045000737
0.044999936
0.045000096
0.044999834
0.045000176
0.045000023
0.045000015
0.044999976
0.044999647
0.045000107
0.044999949
0.045000091
0.044999557
0.045000088
0.044999966
0.045000074
0.044998914
0.045000202
0.044999905
0.045000151
0.044998723
0.045000225
0.044999887
0.045000172
0.044999047
0.045000141
0.044999931
0.045000113
0.044995319
0.045001515
0.04499956
0.04500071
0.044987036
0.045002885
0.044998747
0.045001919
0.044982984
0.045003217
0.044998403
0.045002382
0.044985343
0.045002641
0.044998756
0.04500188
0.044999949
0.045000011
0.044999995
0.04500001
0.044999913
0.045000017
0.044999991
0.045000015
0.044999903
0.045000021
0.044999987
0.045000022
0.044999936
0.045000011
0.044999994
0.045000009
0.044998983
0.045000151
0.044999922
0.045000128
0.044998687
0.045000225
0.044999884
0.045000177
0.04499895
0.045000187
0.044999912
0.045000144
0.044999534
0.045000087
0.044999964
0.045000078
0.044999597
0.045000112
0.044999944
0.045000098
0.045000196
0.04500002
0.045000017
0.044999974
0.045000714
0.044999941
0.045000093
0.044999839
0.045000654
0.044999913
0.045000095
0.044999829
0.044995291
0.045001976
0.044999376
0.045000762
0.045001429
0.045001396
0.044999935
0.044999718
0.045007555
0.044999996
0.045000723
0.044998643
0.045003602
0.045000042
0.045000507
0.044998937
