FiniteElementSpace
FiniteElementCollection: L2_2D_P3
VDim: 1
Ordering: 0

0.0099728606
0.034629094
0.100935
0.16716577
0.0096297616
0.034787321
0.095266848
0.16722883
0.009247848
0.032210019
0.095036867
0.1565425
0.0094041674
0.030844182
0.091320491
0.15706933
4.2364092
4.8340349
5.5558511
6.0956363
4.2201485
4.8207515
5.5824595
5.9807422
4.1429007
4.7828705
5.5509201
6.0574725
3.9948363
4.6825142
5.4940446
6.0312046
0.17012523
0.15109143
0.15028607
0.14938463
0.17945067
0.15326976
0.14985168
0.14987095
0.18982345
0.15635823
0.14932502
0.150615
0.19701671
0.1588347
0.14898424
0.15104893
0.0086261293
0.030991232
0.087249264
0.14977622
0.008775759
0.03051685
0.088669117
0.15186838
0.009256589
0.030782246
0.089922716
0.15296674
0.0095430864
0.031155149
0.091608525
0.15318655
3.951481
4.5553313
5.3420289
5.8592117
3.9512073
4.6628475
5.3226446
5.831515
4.009782
4.7178392
5.2965459
5.7989517
4.0174017
4.6346992
5.3789257
5.9719592
0.21461071
0.16517443
0.14848408
0.15170518
0.2130316
0.16459598
0.14851866
0.15163729
0.20791651
0.16265084
0.14864744
0.15142299
0.20120282
0.16033023
0.14882181
0.15121448
0.010098603
0.036479792
0.098957199
0.1790942
0.010504042
0.036819718
0.10623001
0.1815469
0.010734344
0.040366152
0.10827042
0.20413129
0.011432813
0.040127535
0.11582487
0.19891495
4.1896394
4.8641714
5.568227
6.2230788
4.1739681
4.9586746
5.78217
6.2814602
4.313261
5.1099374
5.8559024
6.3539534
4.4765668
5.1301872
5.8679938
6.4000797
0.16614341
0.15026054
0.15050716
0.14912199
0.15647607
0.14938578
0.15055001
0.14911079
0.14993431
0.14949951
0.15029253
0.14961931
0.14877753
0.14979581
0.15016769
0.14980287
0.14999998
0.15000259
0.14999973
0.15000006
0.15001484
0.15000046
0.15000114
0.14999755
0.15000102
0.15000139
0.15000032
0.14999892
0.14999158
0.15000239
0.14999937
0.15000075
0.014433339
0.056904393
0.14349876
0.26944393
0.01565949
0.059585935
0.15837005
0.27592962
0.016193693
0.068055601
0.16864271
0.30931289
0.017071759
0.069165857
0.1813941
0.33158597
4.88743
5.7131581
6.1586264
5.8376791
4.9968597
5.6677928
6.0334186
5.5327824
5.0304477
5.5336642
5.8658482
5.1092027
5.042243
5.5534006
5.6784609
4.7239054
0.14839076
0.15010282
0.15004114
0.14990302
0.14849052
0.15016306
0.15000956
0.1499624
0.14865775
0.15025665
0.14995991
0.15003052
0.14890233
0.15030484
0.14993221
0.15007153
0.15000208
0.15000081
0.14999986
0.15000026
0.15000263
0.1500006
0.1499999
0.15000029
0.15000507
0.14999996
0.15000018
0.14999984
0.15000314
0.14999985
0.15000019
0.14999978
0.026331303
0.10939554
0.26709261
0.47008984
0.029169062
0.12365811
0.29302901
0.5248363
0.030485187
0.1411851
0.33609877
0.59578899
0.036418215
0.15388854
0.37363563
0.63613802
4.8891174
4.9203168
4.1536776
3.4159144
4.7369056
4.6589261
3.8712267
3.2410823
4.5073061
4.3023124
3.5628031
3.0696371
4.3021748
4.0373971
3.3728571
2.9719161
0.15018158
0.15012309
0.14998527
0.15002388
0.1502273
0.15009668
0.149987
0.15002676
0.15027256
0.1500461
0.15000673
0.14999323
0.15010464
0.15008064
0.14997556
0.15004273
0.15000172
0.14999935
0.15000038
0.14999949
0.14999816
0.15000041
0.14999977
0.15000032
0.15000194
0.14999954
0.15000034
0.14999958
0.14999246
0.15000211
0.14999876
0.15000152
0.06077721
0.22274528
0.56633931
0.87420002
0.066494819
0.23859733
0.60597459
0.92102147
0.076507915
0.23829886
0.63808318
0.93548771
0.080365173
0.23825885
0.6312961
0.95038025
3.4125277
3.2026355
2.9136998
2.7814828
3.2432125
3.0945388
2.8656974
2.7604496
3.0732304
2.9587533
2.8106791
2.7380142
2.8433289
2.8520078
2.7361517
2.6861649
0.151824
0.14946891
0.15036714
0.14947565
0.14835873
0.15057931
0.14970356
0.1504262
0.15167548
0.14941918
0.15043774
0.14941736
0.14035422
0.15314521
0.14851043
0.15195334
0.1500398
0.14998717
0.15000727
0.14999169
0.14997566
0.15000691
0.14999631
0.15000467
0.15003702
0.14999269
0.15000541
0.14999355
0.14988617
0.15003234
0.14998326
0.1500225
0.45659072
1.0533947
2.6096358
3.7728097
0.44337319
1.0281934
2.5555125
3.6535142
0.42616802
0.97797378
2.5074388
3.5466795
0.40205484
0.95598087
2.4331155
3.6072768
0.01139837
0.040169546
0.11574369
0.19871882
0.010730628
0.040364231
0.10823332
0.20421007
0.010479171
0.036837702
0.10623731
0.18181372
0.010098786
0.036380189
0.098963614
0.17934253
0.40432158
0.94003804
2.4153036
3.5865585
0.39963371
0.92683154
2.367462
3.5172515
0.39922608
0.8987715
2.3315799
3.376556
0.38308939
0.87257182
2.316175
3.3411239
0.38011926
0.87408381
2.2836018
3.3857782
0.37409163
0.88185403
2.253909
3.3853579
0.3791927
0.86767387
2.2550673
3.3514985
0.37633187
0.86004725
2.2708714
3.3036263
0.0094876628
0.031644162
0.091119219
0.15231055
0.0092890009
0.030639504
0.090081912
0.15329302
0.0087211695
0.030722795
0.088603206
0.15120269
0.0086793115
0.030312006
0.087900669
0.15116619
6.6403882
6.5328252
4.7365443
3.2942917
6.4677592
6.5889321
4.9082645
3.2664022
6.348685
6.6405084
5.0944317
3.2547103
6.4359944
6.7095337
5.2110264
3.2429679
6.4652281
6.7070402
5.2714417
3.2189744
6.3082501
6.7229525
5.3570743
3.1955416
6.3168832
6.6872632
5.4096215
3.1765532
6.3162003
6.7011149
5.4242084
3.184001
4.0928522
4.61261
5.3897141
5.9550718
4.0595469
4.6990038
5.3031254
5.8341905
3.9389372
4.6539667
5.3302458
5.8335836
3.9098647
4.5560261
5.3316221
5.8690381
0.20113795
0.16023607
0.14883856
0.15116908
0.20769746
0.16258911
0.14865195
0.15142041
0.2131887
0.16463701
0.14852615
0.15163736
0.21454321
0.16520207
0.1484742
0.15173725
0.37973869
0.8580511
2.2736196
3.2659329
0.37785629
0.86852107
2.2526697
3.3460806
0.3748264
0.88100354
2.2545702
3.4161831
0.37839033
0.87576018
2.2824607
3.4075508
0.38462243
0.87336623
2.3187928
3.3120723
0.39780419
0.89899036
2.3340392
3.3582165
0.39964382
0.92850568
2.3595962
3.5191025
0.4025441
0.94299961
2.4083333
3.5727825
0.0093722854
0.031420533
0.090825418
0.15661785
0.0092935304
0.032087403
0.094907106
0.15727696
0.0096162741
0.034826296
0.09530477
0.16718132
0.010027094
0.03442303
0.10117512
0.16739613
6.3148032
6.7002935
5.4259939
3.1843263
6.3001968
6.6935188
5.4105316
3.181036
6.3454472
6.7183443
5.3571162
3.1897686
6.4772294
6.7039602
5.2709608
3.210388
6.4320639
6.7114924
5.2068084
3.2494256
6.3464933
6.6357486
5.0955299
3.2483624
6.4795365
6.5890742
4.9068369
3.2727556
6.6533911
6.5280671
4.7329889
3.2704446
4.0228732
4.6698955
5.4985642
6.0683346
4.159301
4.7761771
5.5509874
6.0699679
4.1952175
4.8491206
5.5651341
5.9835743
4.2193776
4.8561767
5.5618125
6.0780769
0.14929655
0.15013334
0.14994472
0.15006425
0.14932768
0.15013326
0.14994024
0.15007175
0.14936817
0.15013872
0.14993915
0.1500752
0.14938124
0.1501524
0.14993384
0.15008908
0.14939845
0.15016758
0.14992024
0.15011479
0.14963825
0.15012565
0.14994402
0.15008349
0.14994142
0.15009134
0.14996671
0.15005178
0.15020124
0.1500488
0.14999124
0.15001494
0.19703383
0.15884678
0.14898355
0.15107606
0.18999046
0.15638095
0.14933129
0.15058536
0.17934269
0.15328911
0.14984025
0.1498856
0.17086001
0.15116269
0.15028157
0.14938453
0.40299508
0.9562807
2.4276507
3.5932712
0.4264514
0.9777432
2.5066092
3.5340667
0.44348453
1.0281467
2.5539364
3.6588488
0.45614465
1.0541856
2.6046504
3.7809361
0.45568552
1.0851908
2.6545078
3.8897287
0.49259759
1.1248829
2.7345005
3.9546273
0.5219294
1.1920806
2.8314044
3.9908103
0.55123062
1.2292298
2.8832491
4.1008337
0.011905422
0.044087548
0.11611952
0.2118353
0.012543283
0.045480844
0.12593869
0.21251139
0.012768044
0.050810416
0.13192838
0.2402851
0.014029296
0.051558385
0.14131267
0.24628399
6.7157165
6.4604514
4.6180705
3.2862233
6.7851502
6.2506346
4.3747171
3.3292723
6.6375608
5.8829391
4.0415957
3.2481441
6.4750104
5.57145
3.8051495
3.1242012
6.3962289
5.4000251
3.6893981
3.0544323
6.3001724
5.0785509
3.4881123
2.9456889
5.9426058
4.6223048
3.2544235
2.8427246
5.5537931
4.2675523
3.1028515
2.7905502
4.4421681
5.1794657
5.900999
6.3913862
4.6118929
5.2812169
5.8619622
6.3804515
4.6689156
5.3277691
6.1563959
6.3075628
4.7485213
5.5878611
6.2604213
6.0071409
0.15036059
0.15001585
0.15000968
0.1499858
0.15041746
0.14998671
0.15002553
0.14996096
0.15015415
0.15000622
0.15000648
0.14999153
0.15006824
0.15001789
0.14999618
0.15000847
0.15010935
0.15001116
0.14999994
0.15000231
0.1500892
0.15000569
0.150001
0.15000129
0.15009527
0.1499976
0.15000479
0.14999535
0.15008935
0.14999363
0.15000598
0.14999298
0.14866461
0.14975805
0.1501922
0.14974655
0.14868068
0.14984682
0.15014074
0.14981063
0.1485017
0.14993191
0.15010834
0.14983699
0.14842446
0.15004821
0.15007208
0.14987629
0.14999979
0.15000017
0.14999996
0.15000007
0.15000142
0.14999989
0.15000014
0.14999976
0.15000093
0.14999984
0.15000015
0.14999975
0.14999976
0.15000003
0.15000002
0.14999997
0.14999457
0.15000187
0.14999949
0.15000038
0.14999499
0.15000224
0.14999917
0.15000113
0.1499986
0.15000166
0.14999948
0.15000076
0.15000013
0.15000127
0.14999967
0.15000052
0.55565801
1.2626076
2.9203473
4.2241647
0.59221234
1.3197219
3.0828616
4.4137332
0.6327661
1.4230815
3.251208
4.495187
0.66885787
1.4970075
3.3413656
4.4831415
0.68519955
1.5345274
3.385599
4.5318394
0.7283661
1.6012539
3.4798142
4.670208
0.78333957
1.7202596
3.6885101
4.8086393
0.83683044
1.8498133
3.7832579
4.6576794
0.019106584
0.076920814
0.19184587
0.34105314
0.019212051
0.084021943
0.2076885
0.38534337
0.022786813
0.094780553
0.23652558
0.41810815
0.023896329
0.10684718
0.25024942
0.46097811
5.3375766
4.0944163
3.0334048
2.7721796
4.9602706
3.8041131
2.9258332
2.7489205
4.488125
3.4864419
2.8230838
2.7332392
4.1447308
3.2844447
2.7698455
2.7264285
3.9686218
3.1922953
2.749076
2.7235709
3.6807699
3.0477159
2.7234873
2.7174747
3.3809572
2.9132244
2.7074522
2.7096188
3.2066508
2.8434929
2.7032072
2.7038212
5.0196285
5.6196756
5.5006669
4.5251277
5.2157756
5.5872509
5.1320966
4.1654504
5.132925
5.2959987
4.6547492
3.7693355
4.9497799
5.0531672
4.3194601
3.5255678
0.15008706
0.14999048
0.1500076
0.14999033
0.15005403
0.1499921
0.15000598
0.14999121
0.15002101
0.14999286
0.15000555
0.14998988
0.14999835
0.14999518
0.15000331
0.14999405
0.14998527
0.14999688
0.15000218
0.14999577
0.14996576
0.15000154
0.14999929
0.1499997
0.14997006
0.15000218
0.14999913
0.15000049
0.14997082
0.15000484
0.14999727
0.15000357
0.14904669
0.15031444
0.14992151
0.15009061
0.14940065
0.15029654
0.14992154
0.15010395
0.14984254
0.15021668
0.14994947
0.15007435
0.15006104
0.15016558
0.14996478
0.15005603
0.15000273
0.1499997
0.15000025
0.14999968
0.15000088
0.14999995
0.15000009
0.14999985
0.15000066
0.14999983
0.15000015
0.14999979
0.14999823
0.15000044
0.14999976
0.1500003
0.8854539
1.9123895
3.757698
4.6197507
0.96094901
1.9988805
3.7482322
4.528313
1.0501634
2.1029965
3.7302236
4.3762982
1.1206496
2.1805352
3.6921869
4.2284056
1.1564688
2.2182517
3.6617005
4.1416317
1.22822
2.2803485
3.585599
3.9646123
1.3189304
2.3405447
3.4572205
3.7174273
1.381981
2.3713634
3.3378434
3.5392528
0.036992305
0.16445777
0.39579715
0.66290388
0.042982188
0.17871205
0.43649502
0.71852563
0.052091895
0.20018235
0.49786637
0.78738814
0.055593148
0.21963921
0.53907011
0.84804327
3.1295118
2.8157592
2.7019701
2.7023524
3.0129097
2.7766565
2.7017736
2.6986531
2.9029232
2.745728
2.7016167
2.6978037
2.846951
2.7306839
2.7029296
2.693879
2.8205131
2.7270797
2.7003943
2.7015479
2.7901187
2.7181203
2.703034
2.6945369
2.7580542
2.7146803
2.6996292
2.7034931
2.7525953
2.706408
2.7080305
2.6787232
4.1871466
3.9043361
3.2862446
2.9333445
3.964572
3.6762982
3.1515085
2.8701523
3.688665
3.4267987
3.0187328
2.8179919
3.4940495
3.2735366
2.9460605
2.7840724
0.1499914
0.14999925
0.15000087
0.14999808
0.1499825
0.15000416
0.14999792
0.1500034
0.15000585
0.14999804
0.1500017
0.14999747
0.14996388
0.15001203
0.14999283
0.1500107
0.1500639
0.14998383
0.15001093
0.14998572
0.14995566
0.15001334
0.14999199
0.15001106
0.1500794
0.1499835
0.15001238
0.14998422
0.14975369
0.15007596
0.1499554
0.15005691
0.15040582
0.14995643
0.15005189
0.14991242
0.14999366
0.15007674
0.14997074
0.15005443
0.15030146
0.14993996
0.15006059
0.14989449
0.1489253
0.15038981
0.14977762
0.15032816
0.15000919
0.14999714
0.15000168
0.14999805
0.14999353
0.1500017
0.14999902
0.15000121
0.15000984
0.14999794
0.15000148
0.14999832
0.14996755
0.15000969
0.1499948
0.15000604
1.4208644
2.3740761
3.2780171
3.4340218
1.4612704
2.374095
3.1410232
3.2882928
1.5012421
2.3241944
2.9467328
3.0629243
1.4549224
2.2506367
2.7257664
2.9284539
1.3946578
2.124852
2.5982657
2.6562267
1.2699931
1.8606674
2.2770047
2.502531
0.78447189
1.1472895
1.3500372
1.3749841
0.31088521
0.38533046
0.43626437
0.47810372
0.076739783
0.23636293
0.58926539
0.88591873
0.064223833
0.22178708
0.53633734
0.81404658
0.054305062
0.16190452
0.33928902
0.48183507
0.068625578
0.078294086
0.13220883
0.25062731
2.7320084
2.7166938
2.6907763
2.7298711
2.7393871
2.7059383
2.7106488
2.6819783
2.7118379
2.7147391
2.6955602
2.7294866
2.6986576
2.6630323
2.7382552
2.5578142
2.7075427
2.606886
2.5789846
2.8528862
2.3646215
2.6744891
2.6959494
2.45773
1.945133
1.8939876
1.7534192
1.7548809
0.37214444
0.8246174
0.97304604
0.37917236
2.9112128
2.6646239
2.6307687
2.7407691
2.3452772
2.6725258
2.5998622
2.3539955
1.6944689
1.6435797
1.7329688
1.9004082
0.30106568
0.56465634
0.64739367
0.32210985
0.15036062
0.14989128
0.15006359
0.14992173
0.14975612
0.15006183
0.14996413
0.1500477
0.15041409
0.14992776
0.15005721
0.14993153
0.14891898
0.15037701
0.14981611
0.15023927
0.15165761
0.14964076
0.15026334
0.14966324
0.14908474
0.1503754
0.14982977
0.15023345
0.15150608
0.14987606
0.15022374
0.14972331
0.14629591
0.15075007
0.14945258
0.1508334
0.16696828
0.14829839
0.15271237
0.14637756
0.13176771
0.15340273
0.14894719
0.15182316
0.15689595
0.16464444
0.15414723
0.14789392
0.11519404
0.18538105
0.14946837
0.15417183
0.15016605
0.14996416
0.15002463
0.1499674
0.14987255
0.15002963
0.14998333
0.15002206
0.15016312
0.1499736
0.150025
0.14997051
0.14945531
0.15008071
0.14993351
0.15009376
