FiniteElementSpace
FiniteElementCollection: L2_2D_P3
VDim: 1
Ordering: 0

0.050165031
0.057204966
0.072253895
0.079524603
0.1204145
0.1218318
0.13970611
0.16889846
0.18834963
0.21000473
0.24108778
0.30026509
0.23290521
0.26696893
0.32075723
0.37061264
0.1673423
0.17579543
0.18051239
0.15383868
0.37398701
0.41262796
0.36851338
0.2908065
0.51032949
0.55778788
0.58172165
0.49163098
0.56830501
0.60229801
0.62684455
0.61072704
0.14959028
0.14993685
0.14987177
0.15007472
0.15032521
0.14991179
0.15011749
0.14992517
0.15951541
0.1511712
0.14993347
0.15002746
0.18383685
0.15906938
0.15008162
0.15032991
0.14999562
0.15000076
0.14999933
0.15000055
0.1500025
0.14999945
0.15000051
0.14999953
0.14999636
0.1500008
0.14999951
0.15000059
0.1499998
0.14999989
0.1500004
0.14999922
0.46915933
0.49218917
0.51132362
0.52191425
0.47620665
0.49052355
0.50761067
0.52030997
0.47137942
0.48624693
0.5029341
0.51193904
0.47044831
0.4804612
0.49168491
0.50196719
0.57737599
0.58781398
0.60371201
0.6150483
0.56899285
0.58265489
0.59916849
0.60898501
0.56272535
0.57518023
0.5895218
0.60205618
0.55744411
0.56838492
0.5851268
0.59791847
0.62757215
0.48801846
0.29234576
0.20870136
0.66409109
0.61692306
0.40695178
0.27030469
0.65858575
0.66804826
0.58644115
0.40683333
0.65235729
0.66356844
0.66401585
0.54280716
0.14975441
0.15002807
0.1499868
0.15001864
0.14998354
0.14998724
0.15000897
0.14997976
0.15037505
0.14995453
0.15004353
0.14995695
0.15223533
0.14992851
0.15008996
0.14984905
0.5408922
0.55330728
0.5680181
0.57810995
0.53599282
0.54843328
0.56466386
0.57389531
0.53199631
0.5464079
0.56113858
0.5690225
0.53259779
0.54478153
0.55740353
0.56656407
0.63306017
0.64665331
0.66331226
0.67258484
0.62963797
0.64355207
0.65916035
0.66793173
0.6259062
0.63930645
0.6537335
0.65980281
0.62253584
0.63659905
0.65003863
0.65383344
0.26907092
0.19034538
0.1522301
0.14978582
0.33797692
0.22334207
0.16117541
0.15027548
0.46795531
0.28857973
0.18085379
0.15230742
0.52472996
0.38563464
0.18413827
0.13970297
0.52712692
0.54021645
0.55354761
0.5564348
0.52673048
0.53899539
0.54972776
0.54908531
0.52442389
0.53448877
0.5410577
0.53470379
0.52114047
0.52942225
0.53324386
0.52307084
0.53679921
0.5190371
0.48034807
0.43542953
0.51545988
0.49243985
0.45399102
0.41442832
0.48671132
0.4614885
0.42527927
0.39607558
0.46629435
0.44381307
0.40840985
0.38149339
0.3857446
0.36740716
0.28518183
0.13509805
0.39059362
0.37056764
0.32541017
0.18071517
0.39571319
0.37044921
0.34380137
0.24938469
0.39306622
0.37053794
0.34799062
0.28908877
0.49567982
0.4932478
0.48241707
0.46128053
0.48535354
0.48141334
0.46920629
0.44719189
0.47037448
0.46549696
0.45393164
0.43267883
0.45442369
0.45077958
0.44028444
0.41903142
0.40446151
0.3860038
0.36462262
0.35033963
0.39433649
0.37834703
0.35922486
0.34394664
0.37772283
0.36625941
0.35093925
0.33810367
0.37852852
0.35713863
0.34883217
0.33776832
0.38594027
0.36564642
0.34428014
0.31717398
0.38111144
0.3646727
0.34219443
0.31645249
0.38187764
0.3619047
0.33863049
0.31103136
0.38199742
0.3697518
0.3455098
0.32052237
0.32086121
0.31183122
0.30071211
0.28667638
0.31683017
0.31781993
0.30928567
0.30168317
0.31887539
0.3238023
0.32565802
0.31701078
0.31225246
0.31844711
0.32610687
0.32351456
0.23613641
0.22772198
0.22463983
0.21724764
0.3499522
0.29021624
0.2761677
0.24425424
0.30176864
0.29671919
0.26563999
0.23851958
0.3752961
0.35053988
0.3219378
0.30586275
0.30197664
0.29285592
0.2789691
0.24743391
0.23632504
0.2256835
0.21958384
0.19832184
0.22644876
0.22026708
0.21511194
0.19289317
0.2553425
0.24893483
0.23458546
0.20943345
0.087916229
0.10311708
0.1509576
0.18414481
0.17459032
0.21341681
0.28668647
0.34425281
0.31296216
0.34716473
0.41656194
0.48116671
0.40091621
0.44632744
0.50171108
0.54782213
0.43116232
0.4798883
0.53605325
0.56637372
0.49894629
0.52980519
0.56074293
0.5812008
0.53025218
0.54638324
0.56426682
0.57605208
0.53105864
0.5399116
0.55720675
0.57350081
0.27053874
0.30744663
0.35811295
0.40056171
0.33740801
0.37153392
0.43006186
0.47517468
0.40906902
0.44958071
0.49386377
0.52107885
0.456645
0.48840282
0.51169085
0.52273412
0.14421544
0.15158676
0.14969979
0.15100173
0.25296004
0.19983593
0.16334273
0.15150041
0.42130965
0.30191949
0.20612064
0.17019327
0.57122276
0.43510923
0.27685478
0.20612604
0.61729576
0.51755548
0.33226286
0.23774836
0.6419423
0.62579072
0.47489367
0.32932316
0.63318507
0.6439974
0.6308228
0.51366865
0.62505198
0.63911967
0.65524527
0.62852105
0.58446103
0.60576844
0.62462287
0.63227808
0.5888014
0.60347824
0.62162078
0.63454401
0.58427746
0.59774503
0.61463051
0.62695264
0.58125093
0.59238227
0.60864407
0.61951503
0.14995001
0.15001108
0.1499914
0.15000694
0.15002824
0.14999335
0.1500061
0.14999456
0.14997093
0.15001841
0.14999142
0.15001047
0.14983186
0.15001609
0.15000014
0.15000086
0.15016782
0.14993934
0.15000693
0.14998415
0.15011108
0.15000757
0.15002659
0.1499728
0.15484427
0.15009476
0.15010018
0.14988496
0.16940945
0.15310994
0.14986395
0.15012182
0.20552168
0.16890453
0.15116453
0.15047525
0.27263266
0.20261585
0.16047816
0.15072645
0.427425
0.29172855
0.19518777
0.16259726
0.57336298
0.41009437
0.24930973
0.18743848
0.14999951
0.1500001
0.14999992
0.15000006
0.15000025
0.14999994
0.15000006
0.14999993
0.14999977
0.15000006
0.14999996
0.15000005
0.15000062
0.14999984
0.15000014
0.14999973
0.14999937
0.15000021
0.14999983
0.15000041
0.15000071
0.14999987
0.1500002
0.14999963
0.14999837
0.15000049
0.14999971
0.15000069
0.14999757
0.15000018
0.15000054
0.14999869
0.15000748
0.14999917
0.15000029
0.14999999
0.15000959
0.15000017
0.15000073
0.14999896
0.15002593
0.15000494
0.14999952
0.15000223
0.14991428
0.15002619
0.14998889
0.15001129
0.52890658
0.54080179
0.55771865
0.57042959
0.52609359
0.53714732
0.55280929
0.5635342
0.5174646
0.52862755
0.54288448
0.55374182
0.50911572
0.52068083
0.53662852
0.55043865
0.50577167
0.51827248
0.5353482
0.54689701
0.50111841
0.51488864
0.53190079
0.54199248
0.49686982
0.51110651
0.52692148
0.53776666
0.49535154
0.50828649
0.52346022
0.53377485
0.62282653
0.63698239
0.65254627
0.65233626
0.61725086
0.63039977
0.64688683
0.65899951
0.60994508
0.62309681
0.63945569
0.65098608
0.60542274
0.61811823
0.63365756
0.64480251
0.60236645
0.61395716
0.63075514
0.64195438
0.59701992
0.61180357
0.62817833
0.63526901
0.59460799
0.60788941
0.62026335
0.63160046
0.59084094
0.60070213
0.61684353
0.62839019
0.55287977
0.56593544
0.5837524
0.59457409
0.55001732
0.56390692
0.5796796
0.58950269
0.54613885
0.55890204
0.57424638
0.58492373
0.54178779
0.55542755
0.57104987
0.58192848
0.18338289
0.15765697
0.14971474
0.15057479
0.22548613
0.17526386
0.15148794
0.15035523
0.32472782
0.22322407
0.16441529
0.15113885
0.44406662
0.28853962
0.18740142
0.15733653
0.51693452
0.33674585
0.20586163
0.16425631
0.63227212
0.45305921
0.25648976
0.18547287
0.68438821
0.61199712
0.36310983
0.23507821
0.68417841
0.67770278
0.47688883
0.29574995
0.64869838
0.66115034
0.67482987
0.6062927
0.64471364
0.65925698
0.67560105
0.66962299
0.64159868
0.65377399
0.66845727
0.67881737
0.63585624
0.64824642
0.66537051
0.67620601
0.14999349
0.15000064
0.14999883
0.15000292
0.15001523
0.14999658
0.15000265
0.14999389
0.15001533
0.15000511
0.14999732
0.15000657
0.150041
0.14999335
0.15001032
0.14997693
0.15005608
0.15002396
0.14998814
0.15002369
0.14994132
0.15001372
0.14999928
0.15000217
0.14966616
0.15008684
0.14995968
0.15010693
0.15020441
0.14986669
0.1500955
0.14988029
0.15513529
0.15005624
0.15019056
0.14979981
0.16708224
0.15180777
0.14997622
0.15000881
0.19843437
0.16153163
0.14949464
0.15087085
0.23930363
0.17765294
0.15141732
0.15114567
0.49302712
0.50567587
0.52117611
0.53175239
0.49062864
0.50363377
0.51925514
0.52817472
0.48817784
0.50092441
0.515064
0.52276213
0.48746416
0.49918021
0.51298511
0.52216165
0.48683619
0.49849003
0.51265039
0.52155573
0.48567785
0.49745337
0.51191829
0.51866022
0.48379625
0.4969098
0.51047988
0.51566943
0.48333765
0.49622693
0.50932658
0.51543817
0.5859357
0.59817673
0.61553752
0.62485461
0.58195402
0.59622272
0.6126851
0.62051245
0.57917006
0.59353145
0.60763357
0.615728
0.57743885
0.58994144
0.60468081
0.61295273
0.57554974
0.58774784
0.60332064
0.61088517
0.57304756
0.58671499
0.60265463
0.60924243
0.57232906
0.58568209
0.59454429
0.58780964
0.56911624
0.58054858
0.57623264
0.55852623
0.53109521
0.54152681
0.55636663
0.56610287
0.52724528
0.53994259
0.55620788
0.56280264
0.52655387
0.54063616
0.55501942
0.56130215
0.52670793
0.53983366
0.55474891
0.56003436
0.68138945
0.68897966
0.54064231
0.33826133
0.67740616
0.68925066
0.63965016
0.43678182
0.67043187
0.68214361
0.68927002
0.57307288
0.66198637
0.67448847
0.6705854
0.61180996
0.65093846
0.65780415
0.65917496
0.56991749
0.61392489
0.58145607
0.54747234
0.47313314
0.51061093
0.4516499
0.4269147
0.4248918
0.44853826
0.40014901
0.40256189
0.45515289
0.62260092
0.63628588
0.64452851
0.6432533
0.61859772
0.62394327
0.62403779
0.61427795
0.59084529
0.58562535
0.56342982
0.52703921
0.55653071
0.54267399
0.50559947
0.45842948
0.14910924
0.15000899
0.1499815
0.14995431
0.15126969
0.14993937
0.1500796
0.14990535
0.14850453
0.14983235
0.15010924
0.14977793
0.14994852
0.14960707
0.1502133
0.14891751
0.046496486
0.040276525
0.04015043
0.039493485
0.054125047
0.042332121
0.039771402
0.040015959
0.066444292
0.046874699
0.039725143
0.040366899
0.083652583
0.052638271
0.040425171
0.040527795
0.43701462
0.26608751
0.1145825
0.061507051
0.41173843
0.3030582
0.13019284
0.066207116
0.37496999
0.35542955
0.18565237
0.087376056
0.40639205
0.37367871
0.2535146
0.11464256
0.48581526
0.49630918
0.50969124
0.51581666
0.48476622
0.49689845
0.51091305
0.51509618
0.48251814
0.4955649
0.50909283
0.51184284
0.4822694
0.4943347
0.50775319
0.50904067
0.48142695
0.49536895
0.5079841
0.50723552
0.48550917
0.49781309
0.508892
0.50656599
0.48769547
0.4982751
0.50574962
0.49827367
0.48480101
0.49281817
0.49829103
0.48947679
0.56611583
0.57545168
0.56376798
0.54077557
0.55776482
0.55811505
0.54560162
0.5217059
0.5406273
0.53605911
0.5174395
0.49068777
0.52797883
0.51925765
0.49851003
0.47101636
0.52050024
0.51103599
0.49039035
0.46279264
0.50623234
0.49545914
0.47199224
0.44374939
0.48547523
0.47309986
0.45188685
0.42506633
0.47046185
0.45832732
0.43323835
0.40912083
0.51985841
0.52845643
0.5298691
0.51627274
0.51863302
0.52288781
0.51914675
0.50261989
0.50932869
0.50968625
0.50156347
0.48202562
0.50008559
0.49852475
0.48860781
0.46749647
0.42320122
0.39938027
0.41442146
0.44743902
0.40210167
0.38104044
0.40478031
0.44699839
0.38780843
0.37197693
0.40584161
0.45303283
0.37766951
0.36824599
0.40868452
0.4528857
0.37569969
0.36721155
0.40807751
0.4551268
0.3689439
0.36615762
0.40808552
0.45335742
0.36065958
0.36439404
0.40750359
0.45266638
0.35866064
0.36175863
0.40564368
0.45011283
0.45677722
0.43605314
0.40554701
0.37842656
0.43955123
0.41700358
0.38877494
0.36762021
0.42278645
0.40481001
0.37835153
0.35768006
0.40900398
0.39261577
0.37278724
0.35321871
0.094773762
0.056759228
0.041096066
0.040511586
0.12350553
0.066554449
0.043292538
0.039667013
0.17534219
0.084914568
0.047741505
0.038677956
0.22398486
0.1042846
0.052470512
0.038483526
0.25051014
0.11674166
0.05544461
0.038613367
0.29167024
0.14415283
0.061830293
0.039616537
0.31920296
0.18469493
0.071671498
0.041110714
0.32553562
0.21469963
0.07996302
0.041943431
0.39415057
0.37015034
0.34789425
0.30244413
0.39075938
0.36947798
0.34917568
0.31437965
0.38884253
0.36843822
0.34823917
0.31842118
0.38629869
0.36723032
0.34590509
0.31818533
0.48164823
0.49076446
0.49643464
0.48478507
0.47970729
0.48672047
0.48851443
0.4751086
0.47212797
0.47622253
0.47543924
0.45953827
0.45962795
0.46292544
0.45997869
0.44472776
0.45242332
0.45431949
0.45180682
0.43336429
0.43298208
0.43158796
0.42714849
0.41309292
0.40039853
0.39799267
0.39233869
0.36852571
0.36942952
0.36218147
0.35264174
0.33091726
0.46548862
0.45472692
0.42807435
0.40255716
0.45129252
0.43947037
0.42021669
0.3954415
0.43803454
0.42586329
0.40315054
0.3758966
0.42450394
0.41477235
0.39772428
0.37750794
0.41130852
0.39763561
0.38111401
0.35528954
0.40222884
0.39508697
0.37664159
0.350911
0.35840813
0.35100769
0.34826372
0.3346647
0.3079931
0.30477018
0.29515234
0.27318949
0.44643487
0.4399534
0.42760127
0.40517142
0.42262653
0.42113247
0.41385304
0.39476575
0.38386076
0.37463724
0.36434739
0.34840663
0.339559
0.32981118
0.31901269
0.30221231
0.35728767
0.36166284
0.4054268
0.44864701
0.35075779
0.35567147
0.39881731
0.4444425
0.34769188
0.35312204
0.39746029
0.4412924
0.34168102
0.34687849
0.39853141
0.44253957
0.36204714
0.36845898
0.41625184
0.46336736
0.33186217
0.35090012
0.41577168
0.47453561
0.36603104
0.37007721
0.40826928
0.51678269
0.23581481
0.26857025
0.32160276
0.36539847
0.35829062
0.36480333
0.35736887
0.35127682
0.33806775
0.33297008
0.34768514
0.32961657
0.3611183
0.35458683
0.31580024
0.33261319
0.25774127
0.25775404
0.26832543
0.22936396
0.32701653
0.22860256
0.08443828
0.042641684
0.32516422
0.24928711
0.092481766
0.043911447
0.32057968
0.26741441
0.10178318
0.044367313
0.32700857
0.2791032
0.10906489
0.046185788
0.33392026
0.28503002
0.11475327
0.047992891
0.36079971
0.30233739
0.1306655
0.052419197
0.3370849
0.29192075
0.15369219
0.056987871
0.2791853
0.26041342
0.15946053
0.056332517
0.40614704
0.38004701
0.35937893
0.32964894
0.42642076
0.41779044
0.40884484
0.37267149
0.43205326
0.43227257
0.40651578
0.35590093
0.30945208
0.36402993
0.32822723
0.29079205
0.35230222
0.34288697
0.33218037
0.31370462
0.33066092
0.32740393
0.32012551
0.30452051
0.31100692
0.31369334
0.31540291
0.30736715
0.29151248
0.2969197
0.30277242
0.29987269
0.2815825
0.28753415
0.29466782
0.29247045
0.26499562
0.2713163
0.27984823
0.28017752
0.25838895
0.2624183
0.2696241
0.26967948
0.26108052
0.26441732
0.27051985
0.2693687
0.26656759
0.26888594
0.27391802
0.27033591
0.25617011
0.25654331
0.25954622
0.25540823
0.2600813
0.25914314
0.25733604
0.25080723
0.26243587
0.26152151
0.26053043
0.25462299
0.29193197
0.28909975
0.29791735
0.30844326
0.31325087
0.31540529
0.36759196
0.44225829
0.32896991
0.3300495
0.35776116
0.36558467
0.33687262
0.34284709
0.38847336
0.45560383
0.23354719
0.22038475
0.23319681
0.25515877
0.23006177
0.21990125
0.24514892
0.22575349
0.25640564
0.25025749
0.22979443
0.21845061
0.30581673
0.28651598
0.2785071
0.24941577
0.24560954
0.22519571
0.14735964
0.055413043
0.21120552
0.2009626
0.13214702
0.053239451
0.20847369
0.19412737
0.13066057
0.053865533
0.21264992
0.19419655
0.13885319
0.056487202
