FiniteElementSpace
FiniteElementCollection: L2_2D_P3
VDim: 1
Ordering: 0

0.006323174
0.017850431
0.056561016
0.1109836
0.0062018987
0.017133035
0.05369176
0.10825461
0.0059254741
0.016258367
0.052662644
0.10193537
0.0064455957
0.015651939
0.050459848
0.10275733
2.8435383
3.331031
3.3974861
3.3982387
2.8016757
3.2340114
3.3537236
3.2992385
2.7474138
3.1522527
3.3360116
3.1936126
2.6863098
3.159367
3.1868273
3.0812259
1.003678
1.0487535
0.85311999
0.43831983
1.0285293
1.0489836
0.91108494
0.50114307
1.023413
1.0502828
0.96205955
0.58252202
1.0200445
1.0458394
0.97655836
0.63806742
0.0059099132
0.016507124
0.049355346
0.096716157
0.005816488
0.015226243
0.049337036
0.097096952
0.0061135777
0.015101247
0.049622205
0.098221864
0.0065505563
0.016072324
0.050224769
0.10236054
2.6833132
3.1186279
3.0820773
2.9033685
2.6845692
3.1139869
3.0626986
3.0405552
2.7297672
3.0536116
3.1322011
3.0900669
2.7219679
3.1063564
3.151212
3.0370639
1.0153657
1.0403898
0.99544845
0.73619693
1.0118987
1.0333052
0.9908577
0.72797274
0.99559604
1.0223139
0.98271489
0.6977903
1.0092039
1.0362243
0.97313399
0.66159451
0.0065018345
0.017924318
0.057274443
0.11288347
0.0064037666
0.018806043
0.060790471
0.11541002
0.0064393827
0.020361501
0.06342726
0.12335119
0.006696552
0.021325658
0.066396532
0.12963543
2.8380741
3.3355527
3.5425254
3.5384445
2.9056037
3.4445789
3.620126
3.6407424
3.0325711
3.5182723
3.7638312
3.7387249
3.0081564
3.5653313
3.8510847
3.9206935
1.0265197
1.047293
0.80539919
0.40421412
0.96573373
0.99911696
0.6993599
0.3473776
0.94749096
0.96238741
0.56319296
0.28538813
0.96069905
0.90842836
0.46038443
0.24573187
0.14968795
0.14997988
0.15002911
0.14993115
0.14937769
0.15005153
0.14998377
0.1500003
0.14920709
0.15011452
0.14994117
0.15007837
0.14937834
0.15011518
0.14994097
0.1500874
0.0078811736
0.029097885
0.085221883
0.17050298
0.0083909754
0.031612635
0.092746458
0.17674809
0.0085901158
0.036533257
0.10025434
0.19580556
0.0088851196
0.039082141
0.10863809
0.2196352
3.1747242
3.6974463
4.3683837
4.7185223
3.2710058
3.7790215
4.4386758
4.8305871
3.3738486
3.8497773
4.5231789
4.9770308
3.3724393
3.9745191
4.6925449
5.1524314
0.60607518
0.38407255
0.20850515
0.15914425
0.48363908
0.30642972
0.18452533
0.15297975
0.35740679
0.23857473
0.16411239
0.14973733
0.29289091
0.20503178
0.15497316
0.14995272
0.1500509
0.1500039
0.15000449
0.14999292
0.14999046
0.15001238
0.14999677
0.15000571
0.15001292
0.15000661
0.1499986
0.15000459
0.15003574
0.14999988
0.15000174
0.14999755
0.013566977
0.064040155
0.16103812
0.30581707
0.015300287
0.075123849
0.17555102
0.33879741
0.015803948
0.089546459
0.19904014
0.3983895
0.019471976
0.098798439
0.21554603
0.43859762
3.7093852
4.1874677
4.7682522
5.0103435
3.8356128
4.3628788
4.7731039
4.7761346
3.9744138
4.3449135
4.5358564
4.4569263
3.9072594
4.2060409
4.3640233
4.1947735
0.15084504
0.14970543
0.15022361
0.14975151
0.14901028
0.14979063
0.15010138
0.14999354
0.1493952
0.149907
0.15008933
0.14995504
0.14958852
0.14977608
0.15015462
0.14985452
0.15001232
0.14999775
0.15000173
0.14999789
0.1499977
0.15000036
0.14999997
0.15000027
0.14999739
0.15000058
0.14999983
0.15000004
0.15001193
0.14999749
0.15000157
0.14999862
0.036426189
0.14485099
0.33411981
0.58380568
0.035883877
0.15836274
0.34539337
0.61385725
0.046108171
0.1523694
0.35144796
0.60595211
0.045055261
0.15251677
0.3537335
0.56332765
3.4955507
3.5893993
3.4664764
3.2295283
3.3017871
3.3866604
3.2545893
3.0738786
3.0223014
3.054029
2.9825216
2.8439999
2.6860869
2.7710149
2.6960941
2.6954912
0.14218755
0.15337161
0.14841403
0.15160358
0.15336754
0.14950982
0.15077436
0.14922128
0.14631861
0.15848264
0.14995584
0.15141992
0.15645007
0.16688805
0.15084579
0.1501416
0.14999256
0.14999961
0.15000187
0.1499954
0.14998722
0.15000633
0.14999743
0.1500052
0.1500416
0.14999652
0.15000824
0.14999141
0.14989381
0.15004132
0.1499794
0.15002948
0.28507475
0.68541202
1.7433197
2.5879336
0.28108624
0.66888775
1.7139919
2.5409154
0.26910031
0.63602161
1.6663655
2.4253512
0.25205221
0.61601401
1.6094284
2.3855137
0.0066289854
0.021451089
0.066261314
0.12960088
0.0064459255
0.020325302
0.063473441
0.12340587
0.0063748507
0.018806589
0.060940294
0.11483239
0.0065540093
0.017867724
0.057478174
0.11254821
0.24759826
0.61102258
1.6010693
2.3201395
0.24445428
0.60333758
1.5758392
2.34626
0.24249528
0.58457688
1.5498554
2.3169936
0.23235009
0.57011191
1.539248
2.2409257
0.22953411
0.56954904
1.5338769
2.2402112
0.2261107
0.57010488
1.527101
2.2465082
0.22696976
0.56251557
1.5133256
2.2677758
0.22370175
0.55683586
1.5244577
2.2297126
0.0063291021
0.016426722
0.050598644
0.10094041
0.0061993177
0.014989087
0.049587106
0.098699212
0.0057303196
0.01529839
0.049549307
0.096292401
0.0061195894
0.015783396
0.049097647
0.098445108
3.389014
3.0781082
2.4068904
2.3175851
3.2271325
2.9286309
2.3572549
2.3855583
3.0647238
2.7480528
2.3093309
2.3848732
3.0500963
2.778508
2.2268842
2.373766
3.0488653
2.7436704
2.207036
2.40237
2.9864803
2.6230858
2.1892326
2.3954859
2.963448
2.5497305
2.1722552
2.3889458
2.9241142
2.5824516
2.1327999
2.4229157
2.7200381
3.1055953
3.1527506
3.0040829
2.7648987
3.0246591
3.1319875
3.087672
2.714285
3.0488362
3.142393
2.9788197
2.669976
3.1037999
3.11017
2.9071428
1.021701
1.0433384
0.97585636
0.66053278
1.0043745
1.0348667
0.98775326
0.69877717
0.99406401
1.0290235
0.99384137
0.72989247
1.0077193
1.0378379
0.9951993
0.73627689
0.2255145
0.55463645
1.5278237
2.2112207
0.22630507
0.5618593
1.5176039
2.2723643
0.22709988
0.56996896
1.5237142
2.2473389
0.22890111
0.57017381
1.5253276
2.2547405
0.23473475
0.56844122
1.53544
2.2637221
0.24306603
0.5820036
1.5560807
2.3312044
0.24558623
0.60170352
1.581568
2.3409
0.2474024
0.61049931
1.6003309
2.3366502
0.00628176
0.016160989
0.050718941
0.10163675
0.0059888916
0.016227648
0.052422876
0.10223211
0.0061585392
0.017154187
0.053664797
0.10790461
0.0064597065
0.017710964
0.056621018
0.11105402
2.9364485
2.5832232
2.1302192
2.4119446
2.8662641
2.5960053
2.160118
2.3910945
2.9389306
2.6486997
2.1872166
2.4061293
3.0843602
2.7141876
2.2011343
2.4063659
3.1555716
2.7275911
2.2310283
2.3665027
3.161509
2.7081974
2.3155352
2.3787479
3.2294147
2.9212881
2.36149
2.3690995
3.3395104
3.1106608
2.3961635
2.3396736
2.7047879
3.1407268
3.1898686
3.0847007
2.7611543
3.1108609
3.3152385
3.2518337
2.8270523
3.1960015
3.3484337
3.3485614
2.837188
3.2922231
3.4578239
3.3336726
0.55880605
0.28835828
0.169498
0.14824862
0.54926665
0.28453468
0.16857198
0.14828782
0.51854545
0.272734
0.16576375
0.14850291
0.48449598
0.25972921
0.1627547
0.14881367
0.46362052
0.25183038
0.16095868
0.14907523
0.42145285
0.23584757
0.15756465
0.14960908
0.36312296
0.21480008
0.15351052
0.15052951
0.32141812
0.19976615
0.15112001
0.15129873
1.0172639
1.0504288
0.97379033
0.63969394
1.0161607
1.055274
0.96760448
0.58379424
1.0304621
1.0533736
0.91300065
0.50169121
1.0241199
1.0610977
0.85436973
0.43798168
0.25235915
0.61603586
1.607428
2.3853756
0.26862956
0.63739222
1.6610918
2.3961119
0.28130165
0.66946522
1.7113376
2.5065647
0.28456721
0.68783857
1.7409224
2.5966586
0.28910657
0.70044318
1.7783677
2.6104596
0.30933157
0.72407575
1.8654829
2.5948255
0.32909208
0.77213115
1.927988
2.7073496
0.34433771
0.80061039
1.9902456
2.817571
0.0070274747
0.02160732
0.068770678
0.13034004
0.0071152994
0.023170568
0.073463772
0.13793544
0.0070871428
0.026004187
0.078627311
0.15264426
0.0076161853
0.02724285
0.082935099
0.16325866
3.3169074
3.164301
2.4205644
2.3643434
3.6027852
3.1891562
2.5045364
2.3999552
3.7950543
3.2856174
2.710657
2.3907183
3.7766775
3.5252639
2.9350706
2.3803016
3.9629058
3.6578195
3.0316512
2.4047962
4.250596
3.9530671
3.1662907
2.3760138
4.5068662
4.2430605
3.455294
2.4135681
4.7070365
4.486697
3.8109027
2.4240014
2.9967032
3.5806987
3.9204405
3.9252976
3.0806449
3.5896106
4.0918617
4.1125256
3.1357822
3.6802601
4.2881653
4.4166039
3.1577281
3.7068683
4.3704643
4.5676904
0.3005485
0.19246314
0.15017282
0.15163317
0.26545016
0.18011539
0.14905106
0.15193498
0.22694914
0.16702783
0.14870042
0.15177206
0.20297032
0.15942632
0.14910708
0.15111788
0.19199343
0.15641528
0.14940823
0.15072123
0.17601472
0.15254777
0.14999156
0.14998702
0.16201538
0.15039813
0.15029176
0.14960936
0.15565692
0.1500383
0.15021398
0.14972204
0.91597787
0.83966687
0.40934909
0.22794252
0.90593018
0.72205746
0.33380433
0.20093291
0.78658305
0.5453912
0.26361377
0.17672837
0.67392099
0.43373267
0.22428266
0.16429683
0.15004725
0.14999375
0.15000638
0.14998852
0.15001271
0.14999756
0.15000351
0.14999245
0.1499659
0.15000436
0.14999846
0.15000078
0.14995543
0.15000661
0.14999666
0.15000439
0.14952548
0.15010464
0.14994681
0.15007916
0.14987606
0.15005613
0.14997775
0.15003527
0.15011178
0.15001005
0.1500048
0.14999358
0.1500833
0.15000481
0.15000529
0.1499908
0.35074959
0.82557402
2.0349769
2.855155
0.37782482
0.87859758
2.115883
2.8871677
0.40512706
0.95125594
2.1942997
2.9796106
0.42712595
0.99838464
2.2445378
3.0202579
0.44503561
1.0266708
2.2539064
3.0716329
0.4775906
1.0833913
2.3386638
3.257351
0.52493471
1.1730768
2.516502
3.3018386
0.56296009
1.2559977
2.5956309
3.3413229
0.010319161
0.043723635
0.11283434
0.22306204
0.010163175
0.047614899
0.12199007
0.25235924
0.011915291
0.054430298
0.13853784
0.27423368
0.01272861
0.063120846
0.1469161
0.30550508
4.8153902
4.6783821
3.9603807
2.442805
5.0182392
4.9316326
4.3331227
2.5647934
5.2812891
5.3805162
4.6487223
2.7109482
5.3999271
5.4964544
4.6895608
2.7057159
5.3645104
5.4455468
4.6737566
2.7812565
5.2734187
5.3097967
4.5697073
3.0095308
5.2297389
5.0114972
4.217266
3.3131359
5.1066234
4.7069414
3.8342953
3.3257571
3.4412744
4.1048293
4.7448934
5.1439199
3.63784
4.1759363
4.7121698
5.1318441
3.7213526
4.1813873
4.6761378
4.9940134
3.6813037
4.2071342
4.6813496
5.0003938
0.15362713
0.15001998
0.1501511
0.14981421
0.15159664
0.15003686
0.15005866
0.14994645
0.15087867
0.14997681
0.15005745
0.14993693
0.15050221
0.14996092
0.15005489
0.14991316
0.1503763
0.14993373
0.15006427
0.14989992
0.14974318
0.15003519
0.14999323
0.15000561
0.14986553
0.15004209
0.14998638
0.15002113
0.15012415
0.15001366
0.15000426
0.14996957
0.26197472
0.19072906
0.1523544
0.15028198
0.21531615
0.16929032
0.14960854
0.15107018
0.17033649
0.15313087
0.14973021
0.15026738
0.15085195
0.14971646
0.15021451
0.149734
0.15005019
0.14999515
0.15000491
0.14999412
0.15000398
0.14999903
0.15000125
0.14999863
0.14999361
0.15000062
0.15000019
0.1500001
0.15001735
0.14999918
0.15000125
0.14999638
0.59449018
1.2914325
2.619037
3.3460163
0.6413601
1.3608029
2.6622314
3.4271304
0.70930931
1.4533652
2.8043604
3.6360149
0.75778237
1.5540622
2.9405368
3.6569626
0.79003655
1.6209025
2.9691532
3.6116379
0.86738205
1.7186028
2.9677499
3.5691808
0.95000619
1.806149
2.9595168
3.4956208
0.99816205
1.8615484
2.9270903
3.4124214
0.020114929
0.10863524
0.23041635
0.44928725
0.022776779
0.11697067
0.25128003
0.50262035
0.029437518
0.12973115
0.28718189
0.54982147
0.03077561
0.1409202
0.31294265
0.58130727
4.9558483
4.5161902
3.6444923
3.1995935
4.6691676
4.1566284
3.3598533
3.0313143
4.275056
3.7418572
3.1034831
2.8679606
3.9883545
3.4840423
2.9720215
2.800674
3.8368487
3.3718713
2.9151407
2.7880146
3.5965959
3.1879519
2.8449929
2.7433864
3.3246549
3.0215045
2.7804658
2.7512052
3.175714
2.9205131
2.7659156
2.6794287
3.8701502
4.1500849
4.2606729
4.0623424
3.7901006
4.0335169
4.063529
3.8059463
3.6799198
3.8546967
3.7871863
3.5144476
3.5584212
3.691673
3.5757025
3.3153352
0.15013191
0.14998518
0.15001419
0.14997858
0.14998844
0.15001611
0.14999591
0.15000758
0.15000919
0.15001087
0.14999641
0.15000533
0.15011459
0.14997772
0.15001816
0.14997999
0.14983177
0.15005619
0.14997043
0.15002754
0.15014922
0.14996915
0.15002285
0.1499802
0.14981116
0.15005651
0.14997211
0.15002847
0.15080485
0.14984347
0.15010165
0.14991021
0.14874087
0.15020165
0.14990866
0.15018605
0.15017049
0.14980142
0.15019629
0.14978238
0.14845336
0.15045129
0.14981541
0.15036221
0.15445005
0.14941715
0.15088402
0.14891623
0.14998671
0.15000381
0.14999828
0.15000126
0.1500084
0.14999901
0.15000067
0.14999977
0.14999098
0.15000225
0.14999978
0.15000017
0.15002698
0.14999687
0.15000086
0.14999986
1.0260027
1.8743167
2.9074167
3.3313622
1.0419701
1.8707484
2.8262879
3.2022123
1.0293398
1.7633119
2.6525887
2.9394123
0.95748295
1.6297158
2.3770565
2.6940371
0.89840464
1.5002834
2.1665372
2.3373624
0.80671262
1.309971
1.8477894
2.0151455
0.45700946
0.73388061
0.87335774
0.88379501
0.19281028
0.23519776
0.28305207
0.30530492
0.041108072
0.15213637
0.32506342
0.53502589
0.037125923
0.13127691
0.28954813
0.47740225
0.030942796
0.087615049
0.18023584
0.25306686
0.035047309
0.04831045
0.084040734
0.14655862
3.0884427
2.8923159
2.7420954
2.7592904
2.969249
2.8119196
2.7341793
2.6412719
2.7847853
2.715217
2.6447317
2.807044
2.5709274
2.5656392
2.5341168
2.1831256
2.6856004
2.3583595
2.5806408
1.6515449
1.8228323
2.1553959
2.0914842
2.3606427
1.4691694
1.3046177
1.1310062
0.70169753
0.16649455
0.3347239
0.33519049
0.16044674
2.6120622
2.5594079
2.555158
2.5239204
1.8130968
2.0640727
2.1366758
1.9267944
1.1221717
1.3257742
1.3473429
1.343135
0.16034454
0.23785069
0.28734083
0.15859567
0.14935839
0.15017183
0.14991816
0.15005986
0.1502844
0.150001
0.15002166
0.15000531
0.15022044
0.15007143
0.15003623
0.14997769
0.14994758
0.15018796
0.14995087
0.15014341
0.15080199
0.14994814
0.15015597
0.14987112
0.15108804
0.15045174
0.15003534
0.15010325
0.15238848
0.15036638
0.15019498
0.14990599
0.15103666
0.15084374
0.14966311
0.15043061
0.18954008
0.16325919
0.15354322
0.14903279
0.13065053
0.15119523
0.15589577
0.15149191
0.12285102
0.15483638
0.15400756
0.15235425
0.051496109
0.094351325
0.14044926
0.15808594
0.15008576
0.14995789
0.15002694
0.1499699
0.14993772
0.15003818
0.14998799
0.15002202
0.15007834
0.14997466
0.1500215
0.14997311
0.14966352
0.15010548
0.14992582
0.1500834
