FiniteElementSpace
FiniteElementCollection: L2_2D_P3
VDim: 1
Ordering: 0

0.58950397
0.60519794
0.62116352
0.61757865
0.58837893
0.60367207
0.62092599
0.62169808
0.58806247
0.60356696
0.62092345
0.62360683
0.58862065
0.60401115
0.62267226
0.6266359
0.68309122
0.68901641
0.68118011
0.64991817
0.6912741
0.70154192
0.69953408
0.6727095
0.69782121
0.7121942
0.71804045
0.6992244
0.70290174
0.71516695
0.72479989
0.71295371
0.15148464
0.074770657
0.044537437
0.039764143
0.12766766
0.067098132
0.042878732
0.039864609
0.10113888
0.058436744
0.0411694
0.040147103
0.0850744
0.053006943
0.040304641
0.040359502
0.040022223
0.039999672
0.040001243
0.039998864
0.040024679
0.039998451
0.040001854
0.03999778
0.040021532
0.039997739
0.040002066
0.03999709
0.040011163
0.039998554
0.040001404
0.039997637
0.53044324
0.54482335
0.56316627
0.58137243
0.50556329
0.51375311
0.52579286
0.52891309
0.51518715
0.49984682
0.48881545
0.48656019
0.54533081
0.53056816
0.49348833
0.46690398
0.69338138
0.71546513
0.73416342
0.73555385
0.67623146
0.702841
0.7378126
0.7045328
0.54092398
0.59859996
0.65794564
0.56791242
0.44976327
0.43019694
0.45662759
0.35622196
0.047936255
0.041025819
0.039975817
0.039980859
0.044216678
0.040376024
0.04003467
0.039896963
0.041914145
0.039958468
0.04012324
0.039790976
0.040622545
0.040209692
0.039955245
0.039980701
0.03999611
0.040000553
0.039999868
0.040000019
0.039996601
0.040001159
0.039999496
0.040000794
0.040004432
0.040000003
0.040000157
0.03999994
0.03999908
0.040001024
0.039999523
0.040000454
0.61174221
0.63027227
0.64048658
0.62452003
0.61930126
0.63369009
0.65589662
0.65921428
0.63346188
0.64527163
0.66317908
0.67843042
0.64350758
0.66005521
0.67646785
0.68554726
0.32466567
0.20862958
0.093923263
0.058624551
0.22156936
0.12478128
0.064748078
0.047405128
0.11832311
0.07208423
0.047199154
0.040850599
0.078290402
0.054014914
0.0417857
0.039972941
0.040014524
0.039985532
0.040012245
0.039983005
0.039986533
0.040012014
0.039993725
0.040010306
0.040032581
0.039994286
0.040004737
0.0399931
0.039985425
0.040005282
0.039996624
0.040005223
0.040001745
0.039999558
0.040000261
0.039999689
0.039999298
0.040000154
0.039999913
0.04000011
0.040000413
0.039999911
0.040000058
0.03999993
0.039999394
0.040000165
0.039999903
0.040000113
0.65617288
0.56959276
0.37130816
0.26091361
0.54370079
0.39658434
0.2552691
0.19583363
0.32805399
0.24167472
0.17995015
0.15809665
0.22726715
0.18370075
0.15647709
0.15036107
0.039866787
0.040016005
0.039993819
0.040016897
0.040014613
0.04002147
0.039992803
0.04000941
0.040060171
0.039992493
0.040005298
0.039994465
0.03998929
0.04000232
0.039998951
0.040000672
0.040000975
0.039999727
0.040000206
0.039999628
0.039999483
0.040000101
0.039999935
0.040000102
0.040000149
0.039999969
0.040000026
0.039999959
0.039999748
0.040000067
0.039999956
0.040000061
0.040000068
0.039999982
0.040000012
0.039999984
0.039999984
0.040000004
0.039999997
0.040000004
0.04000001
0.039999997
0.040000002
0.039999997
0.039999987
0.040000004
0.039999998
0.040000003
0.59419959
0.55583244
0.54335948
0.33172931
0.60342441
0.56538465
0.54441277
0.31785885
0.61850822
0.58388072
0.54884073
0.30153067
0.63766163
0.60489239
0.5519656
0.28594726
0.6625727
0.65895108
0.63468808
0.5920969
0.66287942
0.65999874
0.64181047
0.60204985
0.66914381
0.66999035
0.65406725
0.61728131
0.67695527
0.68247208
0.67237404
0.63758444
0.040371868
0.040019236
0.040019617
0.039965084
0.040505657
0.039990314
0.040031752
0.039956108
0.040404609
0.039998606
0.040024064
0.039961303
0.040370674
0.039983467
0.040030988
0.039949378
0.24597258
0.1071787
0.051723011
0.040722743
0.2239191
0.09846191
0.049907835
0.0402262
0.1905507
0.087490602
0.047388187
0.039875757
0.16520464
0.079077657
0.045500545
0.039732939
0.040000722
0.040000184
0.040000038
0.040000016
0.039998324
0.040000518
0.039999795
0.040000515
0.039999004
0.040000379
0.039999852
0.040000355
0.039999624
0.040000275
0.039999899
0.040000264
0.040022221
0.040000838
0.04000166
0.039998399
0.040011373
0.040003296
0.039999575
0.040001563
0.040012631
0.040002547
0.03999988
0.040000648
0.040020509
0.040000403
0.040000927
0.03999911
0.53731193
0.55380561
0.57042252
0.57271747
0.53190776
0.54813598
0.56520149
0.57183355
0.50927708
0.52658
0.54697965
0.55532267
0.50030233
0.51224464
0.52389333
0.53022052
0.63861339
0.65436416
0.67114844
0.66494378
0.64249084
0.65861455
0.67462342
0.67148445
0.64292151
0.66034812
0.67890791
0.67924667
0.64500434
0.65708059
0.67575459
0.68391813
0.64295406
0.66440666
0.67762235
0.67686265
0.64259674
0.65918352
0.67956788
0.68248889
0.64006893
0.65866885
0.67878555
0.68811823
0.62749162
0.65135073
0.67575855
0.6811392
0.58983025
0.60440097
0.61933421
0.62404032
0.58846813
0.6047488
0.62272139
0.62629479
0.57147087
0.59236864
0.6156947
0.62505482
0.54453975
0.56157303
0.58840079
0.60522794
0.64964472
0.61882703
0.55201382
0.27789015
0.67188196
0.6466384
0.54462983
0.26090185
0.70167485
0.68134572
0.51374497
0.23700013
0.72156903
0.70169513
0.47227404
0.21786029
0.72949125
0.70651921
0.44492074
0.20852906
0.74170131
0.69700088
0.38844148
0.19213407
0.75486038
0.63114514
0.31532657
0.17322944
0.73722938
0.5396876
0.26699385
0.16137803
0.69810978
0.71829596
0.72875246
0.71896777
0.69861314
0.71620221
0.73501727
0.72986285
0.70374934
0.71860398
0.73575956
0.74239005
0.69839165
0.7201559
0.74351188
0.74100803
0.040283646
0.039988856
0.040025807
0.03995316
0.040177321
0.039989666
0.04002231
0.039954367
0.040015302
0.039999148
0.040012662
0.03996744
0.039899505
0.040014751
0.039999691
0.03998786
0.039847392
0.040023473
0.03999421
0.039997816
0.039803874
0.040034746
0.039985759
0.040012453
0.039844952
0.040033862
0.039985507
0.040016448
0.039909651
0.040028411
0.039987575
0.040016168
0.077794028
0.050552045
0.040008849
0.040438926
0.066563311
0.046744238
0.039722495
0.040465136
0.055889754
0.043271467
0.039740656
0.040299955
0.050085135
0.041655378
0.039865112
0.040126381
0.039999775
0.040000324
0.039999878
0.040000239
0.040000581
0.040000114
0.040000004
0.039999984
0.040001215
0.039999971
0.040000103
0.039999753
0.040001195
0.039999909
0.04000014
0.039999654
0.040001029
0.039999902
0.04000013
0.039999709
0.040000651
0.039999936
0.040000104
0.03999978
0.040000232
0.039999962
0.040000074
0.039999864
0.039999757
0.040000029
0.040000025
0.039999949
0.040006417
0.039998887
0.040001127
0.039998067
0.039997907
0.039999949
0.040000465
0.039998953
0.039993796
0.040000742
0.039999891
0.039999876
0.039991566
0.040001613
0.039999279
0.040000763
0.50715813
0.50640233
0.50893245
0.51715457
0.5229872
0.52126315
0.50240317
0.49323986
0.53353088
0.54314127
0.54085095
0.52403133
0.53717669
0.54635871
0.55733458
0.55020364
0.53801649
0.55213201
0.56417804
0.56612441
0.54046838
0.55482536
0.57283966
0.58098687
0.54882906
0.56285956
0.58069704
0.5910627
0.5558587
0.56962778
0.58865593
0.60084992
0.59946926
0.62896949
0.66678446
0.69268325
0.5451626
0.57524287
0.62025495
0.64145883
0.48566038
0.48149736
0.49485495
0.53232787
0.4748842
0.442797
0.44638749
0.43242904
0.46430387
0.44945126
0.42795126
0.49694607
0.47148404
0.45005834
0.42632937
0.47148399
0.53581059
0.47702192
0.43630204
0.4430791
0.59621658
0.53501078
0.47584972
0.40889349
0.5706595
0.55010222
0.50512742
0.46992447
0.58602524
0.58396525
0.55119378
0.50197335
0.60146523
0.61183443
0.6016919
0.56575147
0.60763659
0.62098639
0.62868417
0.60724983
0.71138129
0.48309778
0.24509584
0.15591317
0.63081141
0.38693321
0.2104858
0.15045984
0.45829635
0.28148919
0.17909398
0.14651398
0.30187602
0.22377299
0.16238449
0.14200618
0.12534211
0.069100799
0.043690878
0.039346047
0.098571217
0.058303011
0.041351124
0.040385064
0.070432138
0.048402803
0.039997539
0.040276251
0.055496192
0.043305376
0.039653363
0.040433036
0.39501755
0.38993206
0.31987659
0.17684021
0.38419818
0.36519804
0.30077834
0.14463211
0.37883784
0.35224285
0.1931761
0.092261944
0.34840139
0.27013143
0.1188287
0.067862958
0.039984899
0.040013934
0.039995525
0.040005884
0.040034037
0.040009587
0.039997879
0.04000357
0.040106987
0.039991489
0.040008183
0.03998843
0.040014517
0.040009092
0.0399966
0.040000324
0.040075586
0.039984306
0.040008581
0.03999158
0.039987057
0.040003491
0.039998234
0.04000199
0.04001976
0.039995991
0.040002608
0.039996623
0.039970712
0.040006882
0.039996058
0.040004394
0.041640627
0.039851191
0.040127578
0.039842847
0.039877246
0.040081946
0.03996893
0.040036037
0.040023877
0.039961602
0.040025745
0.039965546
0.039691664
0.040082819
0.039951629
0.040056968
0.040000077
0.039999943
0.040000056
0.039999937
0.039999595
0.040000061
0.039999975
0.04000008
0.039999897
0.040000043
0.03999998
0.040000062
0.03999971
0.040000096
0.039999957
0.040000025
0.039999997
0.039999994
0.039999992
0.040000083
0.039999868
0.040000031
0.039999986
0.040000018
0.040000131
0.039999978
0.040000015
0.039999983
0.039999838
0.040000039
0.039999982
0.039999999
0.040003081
0.039999323
0.040000343
0.039999783
0.039999027
0.040000342
0.039999831
0.040000239
0.040001754
0.039999673
0.040000207
0.039999741
0.039997847
0.040000541
0.039999695
0.040000314
0.56013233
0.57400399
0.59022697
0.60170775
0.57188264
0.58412555
0.60028439
0.61107877
0.58418903
0.59810276
0.61422802
0.62576865
0.59115297
0.60556369
0.62244818
0.6314729
0.59671223
0.60972652
0.62836965
0.64094582
0.60746333
0.61912124
0.63759864
0.65284492
0.62383334
0.63276485
0.64803172
0.66168843
0.63564264
0.64356625
0.6544233
0.66256978
0.615652
0.56323346
0.49099201
0.38854751
0.65482678
0.61352395
0.53197288
0.34066343
0.68893017
0.67121949
0.49675829
0.26927713
0.695142
0.64178205
0.39345618
0.22020046
0.68611259
0.57748901
0.33453973
0.20119048
0.59638175
0.41651372
0.24769997
0.17262843
0.38022289
0.26122433
0.18235848
0.15478239
0.26237508
0.19756575
0.1586891
0.15181937
0.64621511
0.66178709
0.68412492
0.69453441
0.66248754
0.67545444
0.69354237
0.66160141
0.66832248
0.68195512
0.62469725
0.46577195
0.66732583
0.63916176
0.45787635
0.31531662
0.049821712
0.041718316
0.039881695
0.040097776
0.043207464
0.040156327
0.040035876
0.039967404
0.040198593
0.03997607
0.040033503
0.039947285
0.040145773
0.040014198
0.039993005
0.040011367
0.039951776
0.039996569
0.040006851
0.039982027
0.039979555
0.040010689
0.039995608
0.040008067
0.040031049
0.040000914
0.040000635
0.039998805
0.039988277
0.040002566
0.039998897
0.040001459
0.064996135
0.048346954
0.040445247
0.040145109
0.05037066
0.042252713
0.039905574
0.040065831
0.041453768
0.040001574
0.040055751
0.039923983
0.039678512
0.040100518
0.039954357
0.040032004
0.040014097
0.039995949
0.040002446
0.03999695
0.039993035
0.04000168
0.039999054
0.0400013
0.04000413
0.039999173
0.040000573
0.039999265
0.039995696
0.040001224
0.03999927
0.040000915
0.040003463
0.039999234
0.040000535
0.039999277
0.039999275
0.040000187
0.039999885
0.040000175
0.040000204
0.039999923
0.040000058
0.03999992
0.03999951
0.040000149
0.039999902
0.040000129
0.040014614
0.039996595
0.040002742
0.039995121
0.039995591
0.040000801
0.039999509
0.040001022
0.040000156
0.040000093
0.04000005
0.03999983
0.039998949
0.040000412
0.039999713
0.040000531
0.040000165
0.039999962
0.040000022
0.039999982
0.039999945
0.040000013
0.039999994
0.040000006
0.040000037
0.039999992
0.040000005
0.039999996
0.039999937
0.040000016
0.039999991
0.040000007
0.04000005
0.039999988
0.040000007
0.039999994
0.039999986
0.040000004
0.039999998
0.040000002
0.040000009
0.039999998
0.040000001
0.039999999
0.039999987
0.040000004
0.039999998
0.040000002
0.040000466
0.039999891
0.04000007
0.039999916
0.039999885
0.04000003
0.039999982
0.040000024
0.040000057
0.039999983
0.040000011
0.039999986
0.039999903
0.040000029
0.039999983
0.04000002
0.64224159
0.65023568
0.65833793
0.66114653
0.65265969
0.65554198
0.65982059
0.60705883
0.65561856
0.64400861
0.52797519
0.39137569
0.61526787
0.5197867
0.35466369
0.26145138
0.5456124
0.42399037
0.28586423
0.21968837
0.37082342
0.27954876
0.20466259
0.17268231
0.22578037
0.18615094
0.15906672
0.15144864
0.18174944
0.16032529
0.1508451
0.15036061
0.22276106
0.1773199
0.15304814
0.1502532
0.17667173
0.1566127
0.14980277
0.1501115
0.15278669
0.1498129
0.1501592
0.14982767
0.15038417
0.15028266
0.1499053
0.15002995
0.15001617
0.14987386
0.15002945
0.14997829
0.14993895
0.15002584
0.15000032
0.15000652
0.1500205
0.14999189
0.1499987
0.15000009
0.14999965
0.15001622
0.15000309
0.14998686
0.19575316
0.16711818
0.15184884
0.15037547
0.16262227
0.15255304
0.14986523
0.15006578
0.14980396
0.14985872
0.15012958
0.14997783
0.15038891
0.14973135
0.1498027
0.14993968
0.039997468
0.039998142
0.04000085
0.039998607
0.039993901
0.040001721
0.039999115
0.040001148
0.040002561
0.039999517
0.040000311
0.039999666
0.039998463
0.04000071
0.039999665
0.040000416
0.040001181
0.039999556
0.040000229
0.039999671
0.039999785
0.040000102
0.039999951
0.040000082
0.040000071
0.039999958
0.040000026
0.039999967
0.039999986
0.040000081
0.039999975
0.040000024
0.040005631
0.039999264
0.040000591
0.039999149
0.039998083
0.040000067
0.039999977
0.040000206
0.039999981
0.040000359
0.039999953
0.040000083
0.040001506
0.039999816
0.040000229
0.039999557
0.040000312
0.039999915
0.04000006
0.039999911
0.039999929
0.040000019
0.039999987
0.040000023
0.040000036
0.03999999
0.040000008
0.039999987
0.039999947
0.040000015
0.039999989
0.040000016
0.040000034
0.039999991
0.040000007
0.03999999
0.039999992
0.040000002
0.039999999
0.040000003
0.040000005
0.039999999
0.040000001
0.039999999
0.039999993
0.040000002
0.039999999
0.040000001
0.040000192
0.039999951
0.040000034
0.039999955
0.039999954
0.040000013
0.039999992
0.040000012
0.040000025
0.039999993
0.040000005
0.039999994
0.039999964
0.040000015
0.039999991
0.040000007
0.040000011
0.039999997
0.040000002
0.039999998
0.039999997
0.040000001
0.04
0.040000001
0.040000002
0.04
0.04
0.04
0.039999998
0.040000001
0.04
0.04
0.040000002
0.04
0.04
0.04
0.04
0.04
0.04
0.04
0.04
0.04
0.04
0.04
0.04
0.04
0.04
0.04
0.040000008
0.039999998
0.040000002
0.039999998
0.039999998
0.040000001
0.04
0.040000001
0.040000001
0.04
0.04
0.04
0.039999999
0.040000001
0.04
0.040000001
