FiniteElementSpace
FiniteElementCollection: L2_2D_P3
VDim: 1
Ordering: 0

0.14999757
0.150019
0.14999451
0.15000942
0.15001455
0.15001388
0.14999657
0.15000694
0.15005907
0.15000248
0.15000283
0.14999662
0.15007271
0.14999558
0.15000639
0.14999006
0.14999939
0.15000011
0.14999997
0.15
0.14999907
0.15000018
0.14999992
0.1500001
0.14999938
0.15000016
0.14999992
0.15000012
0.14999986
0.15000008
0.14999996
0.15000007
0.040000002
0.04
0.04
0.039999999
0.04
0.04
0.04
0.04
0.039999998
0.04
0.04
0.04
0.039999998
0.04
0.04
0.04
0.04
0.04
0.04
0.04
0.04
0.04
0.04
0.04
0.04
0.04
0.04
0.04
0.04
0.04
0.04
0.04
0.14997854
0.15000464
0.14999786
0.15000286
0.14999859
0.15000148
0.14999982
0.14999992
0.14999809
0.15000107
0.14999977
0.15000016
0.14999615
0.15000126
0.14999944
0.15000084
0.14999989
0.15000002
0.14999999
0.15000002
0.15
0.15
0.15
0.15
0.15000004
0.14999999
0.15
0.14999999
0.14999998
0.15
0.15
0.15
0.04
0.04
0.04
0.04
0.04
0.04
0.04
0.04
0.04
0.04
0.04
0.04
0.04
0.04
0.04
0.04
0.04
0.04
0.04
0.04
0.04
0.04
0.04
0.04
0.04
0.04
0.04
0.04
0.04
0.04
0.04
0.04
0.14999959
0.15000013
0.14999995
0.15000006
0.15000018
0.14999999
0.15000003
0.14999997
0.14999985
0.15000008
0.14999998
0.15000003
0.15000076
0.14999984
0.15000012
0.14999985
0.039999998
0.04
0.04
0.04
0.04
0.04
0.04
0.04
0.039999999
0.04
0.04
0.04
0.040000003
0.039999999
0.04
0.039999999
0.04
0.04
0.04
0.04
0.04
0.04
0.04
0.04
0.04
0.04
0.04
0.04
0.04
0.04
0.04
0.04
0.04
0.04
0.04
0.04
0.04
0.04
0.04
0.04
0.04
0.04
0.04
0.04
0.04
0.04
0.04
0.04
0.14999643
0.15000106
0.14999937
0.15000073
0.15000244
0.14999952
0.15000041
0.14999958
0.14999702
0.15000088
0.14999951
0.15000064
0.15001103
0.14999722
0.15000178
0.14999781
0.039999982
0.040000005
0.039999997
0.040000003
0.040000011
0.039999997
0.040000002
0.039999998
0.039999985
0.040000004
0.039999998
0.040000003
0.040000052
0.039999987
0.040000008
0.03999999
0.04
0.04
0.04
0.04
0.04
0.04
0.04
0.04
0.04
0.04
0.04
0.04
0.040000001
0.04
0.04
0.04
0.04
0.04
0.04
0.04
0.04
0.04
0.04
0.04
0.04
0.04
0.04
0.04
0.04
0.04
0.04
0.04
0.15000011
0.14999999
0.15000001
0.14999998
0.1500001
0.14999999
0.15000001
0.14999997
0.15000009
0.14999999
0.15000001
0.14999998
0.15000005
0.14999999
0.15000001
0.14999998
0.15000072
0.14999996
0.15000011
0.1499998
0.15000025
0.15000005
0.15000006
0.14999985
0.15000041
0.14999994
0.15000007
0.14999985
0.14999977
0.15000003
0.15000001
0.14999994
0.04
0.04
0.04
0.04
0.04
0.04
0.04
0.04
0.04
0.04
0.04
0.04
0.04
0.04
0.04
0.04
0.040000003
0.04
0.04
0.04
0.040000003
0.04
0.04
0.039999999
0.040000004
0.04
0.040000001
0.039999999
0.040000003
0.04
0.04
0.039999999
0.04
0.04
0.04
0.04
0.04
0.04
0.04
0.04
0.04
0.04
0.04
0.04
0.04
0.04
0.04
0.04
0.04
0.04
0.04
0.04
0.04
0.04
0.04
0.04
0.04
0.04
0.04
0.04
0.04
0.04
0.04
0.04
0.15015915
0.14994497
0.15006123
0.14988131
0.14956081
0.15003339
0.14999654
0.14997891
0.14933445
0.15011249
0.14994109
0.15007765
0.1496494
0.15009057
0.14995478
0.15006598
0.14999125
0.15000275
0.14999888
0.15000136
0.14999247
0.15000254
0.14999887
0.15000165
0.14999877
0.15000142
0.14999948
0.15000087
0.15000348
0.1500004
0.15000005
0.14999998
0.15000538
0.14999995
0.15000031
0.14999951
0.15000481
0.14999965
0.15000044
0.14999925
0.14999953
0.15000015
0.14999999
0.14999992
0.1499978
0.1500004
0.14999978
0.15000029
0.15006657
0.14999403
0.15000698
0.14998798
0.15002277
0.14999679
0.15000433
0.14999131
0.14996499
0.15000491
0.14999789
0.1500018
0.14996406
0.15000637
0.14999671
0.15000441
0.15000003
0.14999999
0.15000001
0.14999999
0.14999997
0.15
0.15
0.15
0.14999994
0.15000001
0.14999999
0.15000001
0.14999996
0.15000001
0.15
0.15000001
0.14999998
0.15000001
0.15
0.15000001
0.15000001
0.15
0.15
0.15
0.15000001
0.15
0.15
0.15
0.14999999
0.15
0.15
0.15
0.15000014
0.15000004
0.14999999
0.15000002
0.15000036
0.14999999
0.15000002
0.14999997
0.15000007
0.15
0.15000001
0.14999999
0.14999986
0.15000002
0.14999999
0.15000002
0.04
0.04
0.04
0.04
0.04
0.04
0.04
0.04
0.04
0.04
0.04
0.04
0.04
0.04
0.04
0.04
0.04
0.04
0.04
0.04
0.04
0.04
0.04
0.04
0.04
0.04
0.04
0.04
0.04
0.04
0.04
0.04
0.039999999
0.04
0.04
0.04
0.04
0.04
0.04
0.04
0.04
0.04
0.04
0.04
0.04
0.04
0.04
0.04
0.04
0.04
0.04
0.04
0.04
0.04
0.04
0.04
0.04
0.04
0.04
0.04
0.04
0.04
0.04
0.04
0.04
0.04
0.04
0.04
0.04
0.04
0.04
0.04
0.04
0.04
0.04
0.04
0.04
0.04
0.04
0.04
0.04
0.04
0.04
0.04
0.04
0.04
0.04
0.04
0.04
0.04
0.04
0.04
0.04
0.04
0.04
0.04
0.14989058
0.15005604
0.14997667
0.15003489
0.15010313
0.15001066
0.15000254
0.14999682
0.15003284
0.15000737
0.15000028
0.15000005
0.15000964
0.15000741
0.14999804
0.15000382
0.15004175
0.15000005
0.15000245
0.14999692
0.15002642
0.14999736
0.15000307
0.14999497
0.14998488
0.15000227
0.14999914
0.15000071
0.14998901
0.15000225
0.14999886
0.15000174
0.1499985
0.15000032
0.14999984
0.15000023
0.15000004
0.15000008
0.14999999
0.15000001
0.14999998
0.15000002
0.15000001
0.14999997
0.14999954
0.15000008
0.14999996
0.15000005
0.14999985
0.15000003
0.14999999
0.15000004
0.15000006
0.15000001
0.15
0.15
0.15000003
0.15
0.15000001
0.14999999
0.14999994
0.15000001
0.15
0.15000001
0.15000026
0.15000048
0.1499999
0.15000021
0.15000232
0.14999997
0.15000015
0.14999982
0.14999978
0.15000012
0.14999999
0.14999998
0.14999905
0.15000017
0.14999992
0.15000011
0.14999999
0.15
0.15
0.15
0.15
0.15
0.15
0.15
0.15
0.15
0.15
0.15
0.15
0.15
0.15
0.15
0.04
0.04
0.04
0.04
0.04
0.04
0.04
0.04
0.04
0.04
0.04
0.04
0.04
0.04
0.04
0.04
0.039999992
0.040000001
0.04
0.04
0.039999999
0.04
0.04
0.04
0.040000001
0.04
0.04
0.04
0.039999998
0.04
0.04
0.04
0.04
0.04
0.04
0.04
0.04
0.04
0.04
0.04
0.04
0.04
0.04
0.04
0.04
0.04
0.04
0.04
0.04
0.04
0.04
0.04
0.04
0.04
0.04
0.04
0.04
0.04
0.04
0.04
0.04
0.04
0.04
0.04
0.04
0.04
0.04
0.04
0.04
0.04
0.04
0.04
0.04
0.04
0.04
0.04
0.04
0.04
0.04
0.04
0.04
0.04
0.04
0.04
0.04
0.04
0.04
0.04
0.04
0.04
0.04
0.04
0.04
0.04
0.04
0.04
0.04
0.04
0.04
0.04
0.04
0.04
0.04
0.04
0.04
0.04
0.04
0.04
0.04
0.04
0.04
0.04
0.04
0.04
0.04
0.04
0.04
0.04
0.04
0.04
0.04
0.04
0.04
0.04
0.04
0.04
0.04
0.04
0.14999786
0.15000113
0.14999965
0.15000053
0.1500035
0.14999984
0.15000036
0.14999961
0.14999824
0.15000081
0.14999978
0.15000031
0.15000636
0.14999854
0.15000101
0.14999854
0.14999204
0.15000239
0.14999862
0.15000162
0.15000445
0.14999901
0.15000084
0.14999908
0.14999461
0.15000173
0.14999907
0.1500013
0.15002044
0.14999443
0.15000367
0.14999555
0.14999996
0.15000001
0.15
0.15
0.15000001
0.15
0.15
0.15
0.14999999
0.15000001
0.15
0.15
0.15000008
0.14999998
0.15000001
0.14999999
0.14999988
0.15000003
0.14999998
0.15000001
0.15000008
0.14999999
0.15000001
0.14999999
0.14999992
0.15000002
0.14999999
0.15000001
0.15000033
0.14999992
0.15000005
0.14999995
0.14999892
0.15000029
0.14999983
0.15000019
0.15000066
0.14999987
0.15000011
0.14999988
0.1499992
0.15000021
0.14999988
0.15000015
0.15000302
0.14999926
0.15000048
0.14999945
0.04
0.04
0.04
0.04
0.04
0.04
0.04
0.04
0.04
0.04
0.04
0.04
0.04
0.04
0.04
0.04
0.04
0.04
0.04
0.04
0.04
0.04
0.04
0.04
0.04
0.04
0.04
0.04
0.040000001
0.04
0.04
0.04
0.039999995
0.040000001
0.039999999
0.040000001
0.040000003
0.039999999
0.04
0.039999999
0.039999996
0.040000001
0.039999999
0.040000001
0.040000014
0.039999996
0.040000002
0.039999998
0.04
0.04
0.04
0.04
0.04
0.04
0.04
0.04
0.04
0.04
0.04
0.04
0.04
0.04
0.04
0.04
0.04
0.04
0.04
0.04
0.04
0.04
0.04
0.04
0.04
0.04
0.04
0.04
0.04
0.04
0.04
0.04
0.04
0.04
0.04
0.04
0.04
0.04
0.04
0.04
0.04
0.04
0.04
0.04
0.04
0.04
0.04
0.04
0.04
0.04
0.04
0.04
0.04
0.04
0.04
0.04
0.04
0.04
0.04
0.04
0.04
0.04
0.04
0.04
0.04
0.04
0.04
0.04
0.04
0.04
0.04
0.04
0.04
0.04
0.04
0.04
0.04
0.04
0.04
0.04
0.04
0.04
0.04
0.04
0.04
0.04
0.04
0.04
0.04
0.04
0.04
0.04
0.04
0.04
0.04
0.04
0.1499696
0.1500084
0.14999509
0.15000572
0.15002076
0.14999605
0.1500036
0.14999633
0.14997257
0.15000766
0.14999591
0.15000538
0.15009492
0.14997533
0.15001595
0.14998019
0.14988635
0.15003428
0.14998194
0.1500251
0.15006828
0.14998523
0.1500101
0.14998581
0.14990185
0.15002607
0.14998609
0.15002118
0.15029726
0.14993482
0.15004281
0.14993558
0.1499996
0.15000011
0.14999994
0.15000006
0.15000027
0.14999995
0.15000004
0.14999996
0.14999967
0.15000009
0.14999995
0.15000006
0.1500012
0.1499997
0.15000018
0.14999981
0.14999855
0.15000039
0.1499998
0.15000021
0.15000079
0.14999983
0.15000012
0.14999988
0.14999892
0.15000028
0.14999985
0.15000015
0.15000321
0.14999929
0.15000046
0.14999934
0.1499863
0.15000385
0.14999796
0.15000277
0.15000737
0.14999842
0.1500011
0.14999845
0.14998937
0.15000277
0.14999855
0.15000221
0.15003095
0.14999315
0.15000448
0.14999327
0.039999998
0.04
0.04
0.04
0.040000001
0.04
0.04
0.04
0.039999999
0.04
0.04
0.04
0.040000005
0.039999999
0.040000001
0.039999999
0.039999994
0.040000002
0.039999999
0.040000001
0.040000003
0.039999999
0.04
0.039999999
0.039999995
0.040000001
0.039999999
0.040000001
0.040000014
0.039999997
0.040000002
0.039999996
0.039999936
0.040000017
0.039999991
0.040000012
0.040000033
0.039999992
0.040000005
0.039999993
0.039999952
0.040000011
0.039999993
0.040000009
0.040000146
0.03999997
0.040000019
0.039999972
0.04
0.04
0.04
0.04
0.04
0.04
0.04
0.04
0.04
0.04
0.04
0.04
0.04
0.04
0.04
0.04
0.04
0.04
0.04
0.04
0.04
0.04
0.04
0.04
0.04
0.04
0.04
0.04
0.039999999
0.04
0.04
0.04
0.039999999
0.04
0.04
0.04
0.040000001
0.04
0.04
0.04
0.039999999
0.04
0.04
0.04
0.040000003
0.039999999
0.04
0.04
0.04
0.04
0.04
0.04
0.04
0.04
0.04
0.04
0.04
0.04
0.04
0.04
0.04
0.04
0.04
0.04
0.04
0.04
0.04
0.04
0.04
0.04
0.04
0.04
0.04
0.04
0.04
0.04
0.04
0.04
0.04
0.04
0.04
0.04
0.04
0.04
0.04
0.04
0.04
0.04
0.04
0.04
0.04
0.04
0.04
0.04
0.04
0.04
