FiniteElementSpace
FiniteElementCollection: L2_2D_P3
VDim: 1
Ordering: 0

0.1502027
0.14992293
0.15006527
0.14990374
0.14994878
0.15003001
0.14997982
0.15003621
0.14999185
0.1499884
0.15002593
0.14997931
0.15006258
0.14993185
0.14993384
0.15007622
0.15000497
0.1499986
0.15000088
0.14999867
0.14999816
0.15000052
0.14999977
0.15000046
0.15000173
0.14999962
0.15000026
0.14999969
0.14999611
0.15000092
0.14999937
0.15000071
0.15000006
0.14999998
0.15000001
0.14999998
0.14999998
0.15000001
0.15
0.15000001
0.15000002
0.14999999
0.15
0.15
0.14999996
0.15000001
0.14999999
0.15000001
0.15
0.15
0.15
0.15
0.15
0.15
0.15
0.15
0.15
0.15
0.15
0.15
0.15
0.15
0.15
0.15
0.31251973
0.22663182
0.17030195
0.1533309
0.4646218
0.31838278
0.20908698
0.16946236
0.66283685
0.52309325
0.3152957
0.22265846
0.69555585
0.66939822
0.46041026
0.30416467
0.15003819
0.14999788
0.15000238
0.14999639
0.14997202
0.15001487
0.14999355
0.15000935
0.14982604
0.15002483
0.14998905
0.1500107
0.15009591
0.14993456
0.15004436
0.14994168
0.15000001
0.15000001
0.15
0.15000001
0.14999981
0.15000003
0.14999999
0.15000001
0.1500003
0.14999997
0.15000002
0.14999998
0.15000131
0.14999991
0.15000009
0.14999992
0.15
0.15
0.15
0.15
0.15
0.15
0.15
0.15
0.15
0.15
0.15
0.15
0.15
0.15
0.15
0.15
0.20715994
0.16482086
0.14952315
0.15099473
0.2599129
0.18681703
0.15238426
0.15044889
0.37406708
0.23859083
0.1656154
0.15057903
0.50060755
0.3034553
0.18620501
0.15500601
0.14999796
0.14999966
0.15000067
0.1499982
0.15003066
0.14999749
0.15000267
0.14999603
0.15001885
0.15000455
0.14999959
0.15000137
0.15002321
0.15000721
0.14999991
0.15000023
0.15000011
0.14999999
0.15000001
0.14999998
0.14999991
0.15000002
0.14999999
0.15000002
0.1499998
0.15000003
0.14999999
0.15000002
0.15000001
0.14999999
0.15000001
0.14999999
0.75626356
0.74401352
0.46310623
0.26731389
0.75309837
0.76653266
0.5699517
0.32402911
0.74878626
0.76640737
0.68911984
0.4186247
0.74578781
0.76287396
0.74498937
0.50180607
0.14941853
0.15007942
0.14996416
0.15003887
0.14958312
0.15002355
0.15000215
0.14997385
0.15019394
0.14993147
0.15006782
0.14987761
0.15063036
0.14991417
0.15008488
0.14987154
0.039999825
0.039999969
0.040000037
0.039999908
0.040001025
0.039999859
0.040000131
0.039999757
0.040001811
0.039999869
0.040000155
0.039999753
0.040000475
0.040000203
0.039999957
0.040000075
0.74105704
0.75638396
0.77768965
0.74484829
0.73862188
0.75401742
0.77401426
0.75646387
0.73437486
0.75075275
0.76890076
0.75950324
0.73273097
0.74906741
0.76805156
0.76025055
0.15292271
0.15000842
0.15012432
0.14985363
0.15439345
0.14997459
0.15019837
0.14971404
0.15673565
0.15004903
0.15025368
0.14963823
0.15885549
0.15001303
0.1503936
0.14940041
0.039998649
0.040000402
0.039999938
0.039999947
0.040001353
0.040000065
0.040000196
0.039999457
0.040000381
0.040000572
0.039999993
0.039999772
0.040007373
0.039998954
0.040001026
0.039998451
0.73817253
0.75503444
0.77515957
0.76598569
0.74017555
0.75783201
0.7765677
0.76572339
0.73664483
0.75429073
0.77440728
0.76413744
0.73011916
0.7470063
0.76767977
0.75948104
0.048875201
0.040457177
0.040226356
0.039586625
0.048489869
0.041238848
0.03990672
0.040147033
0.047829526
0.041009395
0.039992772
0.039938179
0.046968559
0.040889055
0.039978949
0.039998588
0.04003193
0.039997315
0.040002428
0.039997089
0.039981868
0.04000362
0.039998026
0.040002381
0.04000056
0.039999969
0.04000051
0.039999183
0.039986781
0.040002281
0.039998888
0.040001041
0.15003907
0.1499874
0.15000795
0.14998835
0.14998476
0.1500047
0.14999781
0.15000414
0.15001307
0.14999627
0.1500026
0.1499972
0.14997485
0.15001034
0.14999171
0.15000749
0.15004127
0.14998786
0.15001428
0.14998766
0.14997676
0.15001412
0.14998713
0.1500123
0.14992191
0.15000069
0.15001283
0.14999021
0.1503845
0.14990633
0.14999994
0.1500068
0.15053145
0.15031187
0.15008474
0.1498269
0.15674487
0.1504163
0.14996644
0.15010277
0.19329752
0.16424192
0.15076951
0.1501805
0.25768621
0.19693927
0.15933939
0.15091503
0.15000056
0.14999985
0.15000009
0.14999986
0.1499998
0.15000006
0.14999997
0.15000005
0.15000019
0.14999996
0.15000003
0.14999997
0.14999959
0.15000011
0.14999994
0.15000007
0.15000033
0.14999992
0.15000005
0.14999994
0.1499999
0.15000003
0.14999999
0.15000001
0.15000024
0.14999999
0.15000002
0.14999999
0.14999976
0.15000003
0.14999999
0.15000004
0.15000523
0.14999915
0.15000066
0.14999928
0.14999554
0.15000067
0.14999957
0.15000039
0.1500052
0.14999973
0.15000054
0.14999951
0.15000173
0.14999994
0.14999987
0.15000058
0.15000001
0.15
0.15
0.15
0.15
0.15
0.15
0.15
0.15
0.15
0.15
0.15
0.15
0.15
0.15
0.15
0.15
0.15
0.15
0.15
0.15
0.15
0.15
0.15
0.15
0.15
0.15
0.15
0.15
0.15
0.15
0.15
0.15000003
0.14999999
0.15000001
0.14999999
0.15
0.15
0.15
0.15
0.15
0.15
0.15
0.15
0.14999999
0.15
0.15
0.15
0.15
0.15
0.15
0.15
0.15
0.15
0.15
0.15
0.15
0.15
0.15
0.15
0.15
0.15
0.15
0.15
0.15
0.15
0.15
0.15
0.15
0.15
0.15
0.15
0.15
0.15
0.15
0.15
0.15
0.15
0.15
0.15
0.15
0.15
0.15
0.15
0.15
0.15
0.15
0.15
0.15
0.15
0.15
0.15
0.15
0.15
0.15
0.15
0.15092059
0.15017162
0.15005053
0.14988914
0.15861846
0.15051336
0.1500406
0.14999123
0.19343654
0.16200071
0.1499374
0.15046472
0.25014302
0.1877165
0.15441517
0.15030075
0.29645338
0.21031455
0.16083443
0.15041543
0.42353935
0.27691164
0.18409945
0.15642291
0.6303085
0.42883243
0.2449463
0.18107309
0.71300218
0.5841061
0.32791207
0.21861048
0.15000155
0.1499999
0.15000008
0.14999987
0.14999492
0.15000097
0.14999949
0.15000057
0.14999974
0.14999974
0.15000025
0.14999957
0.15002827
0.1499972
0.15000249
0.14999709
0.14998745
0.15000545
0.14999723
0.15000418
0.15005422
0.14999839
0.15000342
0.1499956
0.14995898
0.15002742
0.14998876
0.15001647
0.1496851
0.15006145
0.1499685
0.15003759
0.15039746
0.15002122
0.14998491
0.15001081
0.15175812
0.14985835
0.15013624
0.1498446
0.16443047
0.15131649
0.15001017
0.1499572
0.18810063
0.15783005
0.14950525
0.15064268
0.14999999
0.15
0.15
0.15
0.15
0.15
0.15
0.15
0.15
0.15
0.15
0.15
0.15000004
0.14999999
0.15000001
0.15
0.14999978
0.15000004
0.14999998
0.15000002
0.15000016
0.14999998
0.15000001
0.14999998
0.14999947
0.15000009
0.14999995
0.15000006
0.14999993
0.14999998
0.15000002
0.14999997
0.14999728
0.15000056
0.1499997
0.1500004
0.15000181
0.14999989
0.15000018
0.14999973
0.14999131
0.15000173
0.1499991
0.15000117
0.14998567
0.15000145
0.14999922
0.15000072
0.15
0.15
0.15
0.15
0.15
0.15
0.15
0.15
0.15
0.15
0.15
0.15
0.15
0.15
0.15
0.15
0.15
0.15
0.15
0.15
0.15
0.15
0.15
0.15
0.15
0.15
0.15
0.15
0.15
0.15
0.15
0.15
0.14999999
0.15
0.15
0.15
0.15000001
0.15
0.15
0.15
0.14999997
0.15000001
0.15
0.15
0.15000002
0.15
0.15
0.14999999
0.71999765
0.65524903
0.38898599
0.24786414
0.71903634
0.72614357
0.53179921
0.32656899
0.71633127
0.73233807
0.69800786
0.48405383
0.71039204
0.72801884
0.7450922
0.62185918
0.7079495
0.72557521
0.74759807
0.68029664
0.7039992
0.72261625
0.74367754
0.73788688
0.70060183
0.71762443
0.73872131
0.74850184
0.69636988
0.71372565
0.73481632
0.74417517
0.14961115
0.15004463
0.1499795
0.15001942
0.15000665
0.14997002
0.15002868
0.14994709
0.15049656
0.14995052
0.1500504
0.14993344
0.15149661
0.14993343
0.15008989
0.14989456
0.15310549
0.14991488
0.15015243
0.14980497
0.16012011
0.15025186
0.15023984
0.14968323
0.17870813
0.15379631
0.1497477
0.15027984
0.20143211
0.16054152
0.14916766
0.15109088
0.5746648
0.34950624
0.20179783
0.15992024
0.69366763
0.45867038
0.24216376
0.17458328
0.7564715
0.62075328
0.32243819
0.20635477
0.75834053
0.7147653
0.40913476
0.24280855
0.15000126
0.14999987
0.15000011
0.14999979
0.15000154
0.15000009
0.15
0.15000008
0.14999808
0.15000075
0.1499997
0.15000041
0.14999907
0.15000052
0.14999999
0.15000003
0.15000155
0.15000037
0.15000018
0.14999975
0.14999727
0.15000151
0.14999957
0.1500009
0.14997401
0.1500048
0.14999751
0.15000528
0.14997332
0.15000363
0.14999841
0.150004
0.15005507
0.1500053
0.15000257
0.14999517
0.15007659
0.1500147
0.15000023
0.15000038
0.14974979
0.15007233
0.14996687
0.15004795
0.14944866
0.15009563
0.14995315
0.15006096
0.15000001
0.15
0.15
0.15
0.14999999
0.15
0.15
0.15
0.15
0.15
0.15
0.15
0.15000001
0.15
0.15
0.15
0.040000017
0.039999998
0.040000002
0.039999995
0.039999999
0.040000001
0.04
0.039999999
0.03999994
0.04000001
0.039999994
0.040000013
0.039999993
0.040000002
0.040000001
0.039999998
0.040000026
0.039999995
0.04000001
0.039999976
0.039999795
0.040000036
0.039999986
0.04000001
0.03999892
0.040000153
0.039999908
0.040000124
0.039999095
0.040000083
0.039999953
0.040000037
0.69429757
0.71370739
0.73553327
0.74094989
0.69352514
0.71287031
0.73181951
0.73816297
0.68889362
0.70771011
0.72695014
0.73074333
0.68629015
0.70484109
0.72362985
0.72619982
0.68522698
0.70236157
0.72151052
0.7247926
0.68175598
0.69891118
0.71816147
0.71954064
0.67985185
0.69753832
0.71579406
0.71643857
0.68044554
0.69749551
0.71638241
0.71567086
0.21696269
0.165885
0.14908565
0.1513579
0.25342648
0.1795503
0.1499059
0.15137741
0.31706634
0.20482707
0.15379082
0.15045827
0.37839119
0.23017225
0.15930478
0.14973507
0.41477296
0.24577311
0.16312607
0.14961354
0.48721047
0.27882165
0.1718713
0.15010997
0.58165768
0.32861228
0.18599494
0.15246118
0.64570309
0.37053988
0.19846559
0.1554355
0.74535453
0.76039248
0.76167576
0.54646675
0.74241374
0.75702358
0.77597451
0.6228816
0.74115151
0.75565317
0.77904823
0.69762753
0.74129417
0.75623522
0.77887529
0.73312252
0.14998906
0.15000077
0.15000063
0.15000003
0.15002429
0.14999704
0.15000364
0.14999326
0.15006343
0.14999659
0.15000484
0.14998988
0.15004819
0.15000367
0.15000109
0.14999641
0.15003262
0.15000762
0.14999855
0.15000204
0.15000128
0.15001548
0.14999396
0.15001116
0.14997213
0.15002238
0.14999104
0.15001789
0.15001985
0.15001615
0.14999828
0.15000436
0.15083058
0.14991749
0.15008546
0.1498834
0.15109204
0.14995313
0.15007382
0.14991689
0.1515695
0.14999716
0.15006761
0.14994671
0.15228126
0.15000079
0.15010637
0.14986409
0.040000061
0.039999993
0.040000008
0.039999983
0.040000123
0.039999994
0.04000001
0.039999974
0.04000009
0.040000009
0.04
0.039999997
0.039999897
0.040000043
0.039999979
0.040000045
0.039999849
0.04000004
0.03999998
0.040000051
0.039999744
0.040000053
0.039999974
0.040000065
0.039999726
0.040000058
0.039999978
0.040000058
0.040000104
0.039999984
0.040000034
0.039999948
0.039999678
0.040000258
0.039999906
0.040000184
0.039997918
0.040000612
0.039999702
0.040000445
0.039996575
0.040000784
0.039999635
0.040000488
0.039998823
0.040000316
0.039999986
0.039999877
0.67965944
0.6976119
0.71516907
0.71430294
0.67654941
0.69445581
0.7141107
0.71174042
0.67512102
0.69241862
0.71148662
0.70715564
0.67916604
0.69513233
0.71203321
0.70469403
0.68076263
0.69602325
0.71151696
0.70315894
0.6834042
0.6967725
0.71172702
0.70298512
0.67385569
0.68987381
0.70912647
0.70258529
0.668835
0.68663429
0.70741836
0.70143488
0.67452465
0.39345487
0.20555566
0.15725229
0.71623957
0.43543781
0.2190735
0.16107294
0.7484454
0.48464173
0.23618292
0.1661621
0.76338967
0.51618566
0.24813518
0.16930184
0.76901134
0.53100662
0.25376246
0.17194582
0.7789297
0.55414233
0.26321066
0.17366258
0.78637213
0.57469435
0.27139928
0.17792106
0.78822387
0.5789494
0.27305295
0.17236645
0.73169654
0.74801281
0.76816721
0.76059308
0.73340111
0.75103791
0.77100278
0.76269308
0.7358569
0.75327621
0.7738549
0.76550669
0.73656653
0.75352544
0.77493482
0.76631349
0.15001482
0.15001753
0.14999761
0.15000365
0.15008994
0.15000919
0.15000623
0.14998797
0.15009774
0.15001903
0.15000276
0.14999219
0.15025399
0.14998599
0.15002747
0.14995058
0.1499734
0.15005982
0.14997775
0.15003277
0.15028828
0.14999203
0.15002515
0.14995596
0.14996902
0.15004414
0.14998335
0.15001898
0.15088819
0.14989339
0.1500953
0.14980046
0.15928329
0.15034858
0.15020382
0.1497365
0.16169127
0.15011784
0.15046506
0.14929137
0.16176273
0.15061938
0.15015192
0.14980495
0.16420688
0.14916483
0.1509744
0.14832454
0.040000051
0.040000004
0.040000021
0.039999956
0.040000389
0.039999938
0.040000064
0.039999876
0.040000135
0.040000027
0.040000028
0.03999993
0.040000778
0.039999876
0.040000112
0.039999842
0.039999634
0.040000134
0.039999962
0.039999996
0.040000315
0.040000001
0.040000035
0.039999977
0.039999888
0.040000065
0.039999997
0.039999937
0.040000899
0.039999931
0.040000059
0.039999903
0.039994109
0.040001669
0.039999294
0.040000593
0.040006432
0.039999789
0.040000575
0.03999923
0.039996379
0.040000925
0.039999642
0.040000203
0.04002657
0.039998748
0.040001573
0.039997815
0.67069187
0.68955455
0.71113359
0.70470301
0.67861498
0.6950852
0.71418028
0.70688891
0.68392201
0.69797796
0.7137221
0.70573129
0.67906911
0.69424693
0.70971999
0.70168711
0.67662932
0.69221463
0.70855135
0.70140704
0.67563635
0.69198619
0.71022515
0.70521109
0.67978168
0.69736727
0.71773016
0.71523871
0.6857571
0.70330788
0.723026
0.7213556
0.62318869
0.63827067
0.65507439
0.64913314
0.6229033
0.63764005
0.65366563
0.64890625
0.62734292
0.64248897
0.65885759
0.65493945
0.63035329
0.64697881
0.66449337
0.66168411
0.78642505
0.57867599
0.26924585
0.1668473
0.7857824
0.56983898
0.26558427
0.15417163
0.77773025
0.5494509
0.25693294
0.1545002
0.76753638
0.5263596
0.24861622
0.15216457
0.040232959
0.039965452
0.040028057
0.039949944
0.039869671
0.040036896
0.03998156
0.040029097
0.040017074
0.040011447
0.039999479
0.039999921
0.039959441
0.040027569
0.03998801
0.040020796
0.040001114
0.039999891
0.040000097
0.039999933
0.03999888
0.040000205
0.039999921
0.040000087
0.040000554
0.039999907
0.040000098
0.039999892
0.039999526
0.040000121
0.039999965
0.039999984
