FiniteElementSpace
FiniteElementCollection: L2_2D_P3
VDim: 1
Ordering: 0

0.060381863
0.070397214
0.089576584
0.10269425
0.13931544
0.14426695
0.17385432
0.21111981
0.21447611
0.24644246
0.29486791
0.36420393
0.27431022
0.32271733
0.38465745
0.43633298
0.17385957
0.1681792
0.16024141
0.14102715
0.41609379
0.3691571
0.26796419
0.21091473
0.57428026
0.58061808
0.45534699
0.32556858
0.61195827
0.62705162
0.59112066
0.47321103
0.14935453
0.15017485
0.14989262
0.150098
0.15020863
0.14998691
0.15002562
0.14996452
0.1504103
0.14995012
0.15002833
0.1499817
0.15581951
0.15034575
0.15006322
0.14985883
0.14999223
0.15000271
0.14999861
0.1500014
0.15000184
0.14999942
0.15000034
0.14999958
0.14999881
0.15000052
0.14999976
0.15000038
0.15000287
0.14999919
0.1500004
0.14999918
0.49412849
0.50943714
0.52447257
0.53361108
0.4914164
0.50480008
0.5198196
0.53053885
0.48684982
0.49956614
0.51553246
0.52344419
0.48198759
0.49448227
0.50878461
0.51896319
0.58886504
0.60188539
0.62086334
0.63506986
0.58462317
0.59825458
0.61552137
0.62572767
0.57669557
0.58986994
0.60577632
0.61761324
0.57057592
0.58429352
0.60113829
0.61419963
0.45055344
0.30317242
0.1980841
0.16307373
0.59288272
0.42411414
0.25276966
0.18769081
0.67093961
0.60454549
0.37829984
0.2509782
0.67170645
0.671688
0.51457086
0.33496941
0.15006145
0.15000145
0.14999867
0.15000303
0.14986317
0.15003425
0.14998582
0.15001632
0.14981423
0.15001334
0.14999436
0.15000324
0.15016199
0.14994817
0.15007035
0.14991259
0.55513261
0.56836929
0.58332905
0.59386814
0.55089135
0.56390481
0.58011917
0.59066678
0.5458375
0.55967657
0.57666266
0.58523697
0.54415822
0.55866239
0.57504662
0.58187842
0.65057896
0.66400937
0.67930327
0.68813831
0.64629742
0.65913044
0.67574964
0.6854636
0.63953221
0.6539687
0.67104302
0.67970977
0.63683874
0.65196481
0.66861125
0.67428894
0.18434978
0.1562047
0.14983841
0.15112738
0.21326298
0.1668909
0.14889942
0.15030581
0.27391714
0.19179457
0.15362219
0.15073767
0.33419116
0.23088528
0.1373248
0.13090969
0.53984701
0.55391732
0.56743599
0.57240449
0.53936209
0.55237804
0.56651052
0.56960376
0.53780918
0.55060079
0.56206371
0.56151144
0.53769391
0.54918842
0.55860091
0.55578055
0.60145366
0.58756609
0.55132776
0.51013196
0.57856465
0.56070513
0.52423035
0.4817586
0.54958776
0.52850963
0.48901257
0.45239362
0.52798446
0.50867079
0.46639556
0.43046703
0.37714095
0.28789086
0.11270425
0.060681875
0.38613195
0.3419363
0.14985768
0.072244357
0.39204162
0.37274813
0.2138359
0.094296478
0.3987038
0.38057493
0.266702
0.11800992
0.5285125
0.5324844
0.52838746
0.51026348
0.52242335
0.52401538
0.51765176
0.49775005
0.51044077
0.50985361
0.50249406
0.48232474
0.49555653
0.4956358
0.48857557
0.46820361
0.4550961
0.43477671
0.40511069
0.37922124
0.44674629
0.42642344
0.39761921
0.37070265
0.42612709
0.41023264
0.3843361
0.36204444
0.4281182
0.40188534
0.3757938
0.35508397
0.39618889
0.37144041
0.35135534
0.26430263
0.39265344
0.37106133
0.35168339
0.28714899
0.39148284
0.3686856
0.34966135
0.30255753
0.38982633
0.37469214
0.35331015
0.31109736
0.34860748
0.33992781
0.32152767
0.30092338
0.3362359
0.33621136
0.32569507
0.31210406
0.3291593
0.33284278
0.33553263
0.32745052
0.3157383
0.32300961
0.33043427
0.3276396
0.23901717
0.23224517
0.23112875
0.22500952
0.36825217
0.30823319
0.29952821
0.263909
0.31874437
0.32017782
0.29406206
0.27597124
0.38309111
0.3623466
0.33992155
0.32835177
0.31716025
0.29972245
0.29297706
0.26950281
0.25926407
0.25930083
0.26351475
0.25055332
0.27176501
0.27011248
0.26812355
0.24731443
0.30964015
0.30387115
0.29428438
0.27456112
0.11612551
0.13486348
0.1928883
0.20416023
0.22812
0.28351182
0.37687947
0.41763998
0.38413057
0.42751384
0.50186829
0.55324831
0.46814907
0.51704303
0.56502577
0.59366673
0.5047565
0.54534175
0.58007898
0.60080053
0.5443985
0.56369459
0.58699197
0.60018358
0.55423252
0.56624418
0.58019943
0.59009859
0.54597145
0.55605143
0.57146318
0.58609065
0.3193781
0.36014872
0.42449296
0.46993469
0.38590609
0.42913435
0.49274684
0.5308024
0.46152343
0.49971628
0.53495271
0.5493894
0.49528514
0.5160888
0.53299207
0.54035931
0.14108381
0.14994389
0.15001135
0.15011965
0.18886177
0.16287434
0.15064055
0.14993062
0.27447786
0.20775729
0.16413921
0.15230555
0.39642401
0.27956918
0.19432605
0.16353805
0.4768976
0.33713144
0.22095337
0.17632493
0.60807361
0.48204566
0.30149699
0.21820178
0.64978486
0.63594637
0.47638812
0.32608144
0.64639919
0.65508263
0.61089828
0.46079571
0.6106484
0.62407663
0.62695152
0.55178668
0.60579142
0.61979671
0.63917846
0.63489538
0.59896562
0.61298537
0.62816121
0.64104101
0.59376158
0.60544328
0.62275387
0.63810106
0.1499333
0.150025
0.1499866
0.15001227
0.1500205
0.14999501
0.15000323
0.14999653
0.15000236
0.1500037
0.14999871
0.15000201
0.15006303
0.14999799
0.15000419
0.14999512
0.14986192
0.15002023
0.14998801
0.1500154
0.14994893
0.15000789
0.14999823
0.14999641
0.15013807
0.1499593
0.15002971
0.14997004
0.15183181
0.14994679
0.15005166
0.14993588
0.16312014
0.15188737
0.15008388
0.15010007
0.19138856
0.16192514
0.15000017
0.15038024
0.26856446
0.19917161
0.15882128
0.15063429
0.37574601
0.25710733
0.17962257
0.15592256
0.14999918
0.15000026
0.14999989
0.15
0.15000022
0.14999993
0.15000004
0.14999995
0.14999981
0.15000006
0.14999997
0.15000005
0.15000036
0.14999988
0.1500001
0.14999984
0.14999934
0.15000017
0.14999986
0.15000032
0.15000072
0.14999985
0.15000018
0.14999958
0.1499994
0.15000029
0.14999979
0.15000057
0.1500002
0.14999968
0.15000068
0.14999816
0.14999171
0.15000161
0.14999911
0.15000156
0.15000552
0.14999901
0.1500008
0.14999852
0.15001049
0.15000081
0.15000018
0.15000095
0.15001666
0.15000222
0.15000191
0.14999708
0.54148986
0.55304335
0.56992641
0.58188129
0.53582183
0.54730578
0.56470334
0.57678109
0.52912881
0.54186453
0.55846511
0.569724
0.52527898
0.53684883
0.55173795
0.5622328
0.52007885
0.53278525
0.54733362
0.55864596
0.51497111
0.52639699
0.54329932
0.5565282
0.50957673
0.52287171
0.54037883
0.5508104
0.50684379
0.52172541
0.53667127
0.54704444
0.64066248
0.65155853
0.64789423
0.54020341
0.63241777
0.64693342
0.66483363
0.64409955
0.62703973
0.64103803
0.65570725
0.66736255
0.62247034
0.63410769
0.65000313
0.66288637
0.61740919
0.63045215
0.64818437
0.6595449
0.61345279
0.62661764
0.64266901
0.65352005
0.60825078
0.62148676
0.63784635
0.64635774
0.60468056
0.62015225
0.63401203
0.6417879
0.56839526
0.58183781
0.59830348
0.61097072
0.56415797
0.57708288
0.59422176
0.60498292
0.55881065
0.57276879
0.58952552
0.60012636
0.55632248
0.57063901
0.58636149
0.5956277
0.15487192
0.15014085
0.15017932
0.14978375
0.16925346
0.15281942
0.1498106
0.15021325
0.21117413
0.16816311
0.15029611
0.15061917
0.26957994
0.19454851
0.15529512
0.15024834
0.31362632
0.21564289
0.16111951
0.15043542
0.42388027
0.2730591
0.18018201
0.15453052
0.59155282
0.39241568
0.22562797
0.17128251
0.67274821
0.51367532
0.28282553
0.19537398
0.66837397
0.6768764
0.5846901
0.39489718
0.66137672
0.67382167
0.6687434
0.52720603
0.6559812
0.66979442
0.6859227
0.65817416
0.65243217
0.66533287
0.6810888
0.68626318
0.14999831
0.15000136
0.14999861
0.15000386
0.14999611
0.14999886
0.15000124
0.14999708
0.15000364
0.15000122
0.14999897
0.15000311
0.15005559
0.14998747
0.15001251
0.14997249
0.14993656
0.15002576
0.14998027
0.15003858
0.15009563
0.14998129
0.15001748
0.14996868
0.14993423
0.15004518
0.14997413
0.15005116
0.15040337
0.14991403
0.1500754
0.14989631
0.15035949
0.14997401
0.14996429
0.1500249
0.15125546
0.14992271
0.15011871
0.14985956
0.15857932
0.15032625
0.15009932
0.14987547
0.17305287
0.1529729
0.15010598
0.14991928
0.50572557
0.51920959
0.53471009
0.54599029
0.50404628
0.51669603
0.53258348
0.54225034
0.50065995
0.51315538
0.5278738
0.53651811
0.49784127
0.51064748
0.52547021
0.53431673
0.49744006
0.51057814
0.52538114
0.53300523
0.49707189
0.50967345
0.52354659
0.53150816
0.49533609
0.50759211
0.52235931
0.52953337
0.49533338
0.50855711
0.52279658
0.52764488
0.60463993
0.61772167
0.62950767
0.63981835
0.59965798
0.61091784
0.62657432
0.63749149
0.5938562
0.60728184
0.62378874
0.63036503
0.59152589
0.60601244
0.61964358
0.62590136
0.58929746
0.60356224
0.61809199
0.62487716
0.58820649
0.60117775
0.61601076
0.62348071
0.58535307
0.59907089
0.61368398
0.61779623
0.58451162
0.59828294
0.60812748
0.60509476
0.54313654
0.55867484
0.57299291
0.57854608
0.54250406
0.55519892
0.56833977
0.57695675
0.53967658
0.55211403
0.56867191
0.57521674
0.53907876
0.55400251
0.56872308
0.57203369
0.68878098
0.5772695
0.32349208
0.2134159
0.69458809
0.66510051
0.41991959
0.25914382
0.68959467
0.6995279
0.56263986
0.34820359
0.68176876
0.69192599
0.63265584
0.41995471
0.67365723
0.67874398
0.62367527
0.40244927
0.6418879
0.60803707
0.54604034
0.34155336
0.56374996
0.50441586
0.46845479
0.36730815
0.51416096
0.46529157
0.45336264
0.3968323
0.63610408
0.65046252
0.66370498
0.66722868
0.63520232
0.64607413
0.65551087
0.64556405
0.62733167
0.62446443
0.60793798
0.57789217
0.61015372
0.60244778
0.5687947
0.52437452
0.14887633
0.15019767
0.14989762
0.15012999
0.15035247
0.14991494
0.1500484
0.14997918
0.14893233
0.1500325
0.15005391
0.14994974
0.14868112
0.14952677
0.15007999
0.15029779
0.039916826
0.04022021
0.039923372
0.039980138
0.041856795
0.039894982
0.040121567
0.039752337
0.043696423
0.040176438
0.040066124
0.039668713
0.048204528
0.040796215
0.040004783
0.039594667
0.26094294
0.10020037
0.056149152
0.045733104
0.24726798
0.12557339
0.059795087
0.044163881
0.334178
0.18531173
0.075989529
0.04905458
0.36395194
0.25262121
0.097527091
0.055706998
0.49478614
0.50804064
0.52204023
0.52723826
0.49656282
0.50877541
0.52153468
0.52659436
0.49629868
0.50783862
0.52189919
0.52522591
0.49259312
0.50633298
0.52147525
0.52347311
0.49309661
0.50707214
0.52073456
0.52286353
0.49567975
0.50914602
0.52380899
0.52473234
0.50106397
0.51430753
0.5253414
0.52144957
0.50160123
0.51118758
0.52066257
0.51665608
0.58504431
0.59593404
0.60340874
0.59762119
0.58050022
0.58955657
0.59269816
0.57925405
0.57275874
0.57816375
0.57192827
0.55101938
0.56533932
0.5660922
0.55549784
0.53204215
0.56140302
0.5609956
0.54760196
0.52285485
0.55376187
0.54924143
0.53157762
0.5035946
0.53727098
0.52917172
0.50968096
0.48238983
0.52293697
0.51329164
0.49189326
0.4639248
0.53780908
0.54951194
0.55750841
0.55181774
0.53897327
0.54864975
0.55478923
0.54559714
0.53615205
0.54377566
0.54473253
0.53016907
0.53120195
0.53608203
0.53367693
0.51673269
0.49566154
0.45507759
0.44369235
0.40401832
0.46735013
0.42738864
0.42786399
0.42749147
0.44221999
0.40792779
0.41957417
0.44509378
0.42241295
0.39562634
0.41654119
0.45264751
0.41653491
0.39324175
0.41906264
0.45853066
0.40491251
0.38683571
0.41676249
0.46086897
0.38885467
0.37963935
0.41728029
0.46293639
0.38694423
0.37667203
0.41658717
0.46213531
0.51911264
0.49768341
0.4610119
0.42581219
0.50086974
0.4773779
0.44066496
0.40792756
0.48035993
0.46067982
0.42640298
0.39321714
0.46289795
0.44330563
0.41670253
0.38869142
0.050723619
0.041576418
0.039822413
0.039804795
0.057773668
0.043585803
0.039642473
0.040093111
0.070709987
0.04788166
0.039689677
0.040517347
0.084501458
0.052554957
0.04020411
0.040648181
0.093446225
0.055556989
0.040668132
0.04068187
0.11353373
0.062213949
0.041970165
0.040193316
0.14580231
0.07286554
0.044353028
0.039268599
0.17359837
0.082295875
0.046549462
0.038558865
0.39980545
0.37768425
0.29159083
0.13345193
0.40147816
0.37732225
0.32588486
0.16689163
0.40000895
0.37578962
0.34656005
0.21551361
0.39964082
0.37387548
0.35111133
0.24949807
0.49985549
0.51088397
0.52075229
0.51375784
0.49842352
0.507825
0.51651429
0.50820187
0.49422129
0.5023378
0.50825671
0.49636042
0.48606857
0.49231671
0.4949293
0.48215564
0.4799865
0.48517187
0.48803216
0.47361479
0.46541416
0.46619842
0.46386096
0.44939757
0.43518461
0.43438536
0.430518
0.40994171
0.39957259
0.39822545
0.38909984
0.36635783
0.51757887
0.50794642
0.48760012
0.45729525
0.50411461
0.49423483
0.47447868
0.44754596
0.48992633
0.47888322
0.45651469
0.42555724
0.47570481
0.46803275
0.45000817
0.42750078
0.46441057
0.45017477
0.43199056
0.40017915
0.44772184
0.44277758
0.42400096
0.39126211
0.39758207
0.38793013
0.38521236
0.3724567
0.33197571
0.32790618
0.31425931
0.28255697
0.48832578
0.48540221
0.47678936
0.45553616
0.46203298
0.46182846
0.4565898
0.43848218
0.42387188
0.41547709
0.40467119
0.38654398
0.37530036
0.36338403
0.34965209
0.32921143
0.38093955
0.37460425
0.41559388
0.46114249
0.3723168
0.36901749
0.41258628
0.45944552
0.36659934
0.36373121
0.40943543
0.45413973
0.36006474
0.3634819
0.40946578
0.44922639
0.38249629
0.38207673
0.4213361
0.46531172
0.35172716
0.37087058
0.43415966
0.48158365
0.3892119
0.38978079
0.43103361
0.53818981
0.23825667
0.27087765
0.33479609
0.37517878
0.39689048
0.40152882
0.38423393
0.36807445
0.37155735
0.36354813
0.3762788
0.3504301
0.40109926
0.39636527
0.3433945
0.35101576
0.2665825
0.26803978
0.27750747
0.2350831
0.18873197
0.087534495
0.047743142
0.038399501
0.21530333
0.097647116
0.050032673
0.038409535
0.24434763
0.110101
0.052959354
0.037813189
0.25998121
0.11885009
0.055078853
0.038076948
0.26414036
0.12369268
0.056673562
0.038367533
0.28437775
0.14329231
0.0619767
0.039865133
0.29577848
0.18999064
0.077087203
0.043350775
0.27987285
0.23368322
0.096881011
0.045477064
0.4063104
0.37866532
0.36000365
0.31436549
0.43688911
0.42047688
0.39680118
0.32601917
0.44468265
0.4378295
0.38967002
0.31959349
0.32218702
0.37198607
0.32816107
0.28904526
0.38190946
0.37835003
0.36558037
0.34152378
0.34946964
0.34806746
0.34458893
0.32752993
0.3195207
0.32268525
0.32516329
0.31713955
0.29808524
0.30210122
0.30676582
0.30346512
0.285436
0.2912394
0.297631
0.29479456
0.27160245
0.27587371
0.28249504
0.28252444
0.26993477
0.27204741
0.27570419
0.27471534
0.27297514
0.27433613
0.27833737
0.27751795
0.27514796
0.27876716
0.28049304
0.27431374
0.27104276
0.26995491
0.26817455
0.26215466
0.27835346
0.27537642
0.271496
0.26296111
0.28095074
0.27853102
0.27401912
0.26607678
0.3093136
0.304381
0.30872654
0.3114365
0.32605699
0.32478065
0.37553886
0.46350776
0.33871258
0.33997902
0.36932667
0.38048544
0.34211707
0.34806535
0.39429151
0.46403603
0.23308497
0.22329593
0.24588408
0.27523391
0.24725377
0.23773127
0.26552594
0.24686623
0.29369975
0.29260754
0.27351247
0.26324125
0.3289368
0.31737798
0.32039059
0.30009309
0.27403021
0.25250428
0.10956651
0.046477928
0.26442538
0.26232386
0.12919802
0.048794862
0.27429956
0.27137463
0.14182067
0.051138818
0.28737489
0.27935547
0.14876979
0.051637252
