FiniteElementSpace
FiniteElementCollection: L2_2D_P3
VDim: 1
Ordering: 0

0.1500302
0.14999428
0.15000407
0.14999383
0.14998929
0.15000264
0.1499985
0.15000208
0.15000725
0.14999858
0.15000106
0.14999858
0.14998756
0.1500034
0.14999815
0.15000245
0.15000031
0.14999994
0.15000004
0.14999994
0.14999989
0.15000003
0.14999999
0.15000002
0.15000008
0.14999999
0.15000001
0.14999999
0.14999987
0.15000003
0.14999998
0.15000002
0.15000001
0.15
0.15
0.15
0.15
0.15
0.15
0.15
0.15
0.15
0.15
0.15
0.15
0.15
0.15
0.15
0.15
0.15
0.15
0.15
0.15
0.15
0.15
0.15
0.15
0.15
0.15
0.15
0.15
0.15
0.15
0.15
0.15000263
0.14999938
0.15000041
0.14999954
0.1499992
0.15000019
0.14999989
0.15000014
0.15000047
0.14999991
0.15000008
0.14999993
0.14999918
0.15000022
0.14999987
0.15000014
0.15000003
0.14999999
0.15
0.15
0.14999999
0.15
0.15
0.15
0.15
0.15
0.15
0.15
0.14999999
0.15
0.15
0.15
0.15
0.15
0.15
0.15
0.15
0.15
0.15
0.15
0.15
0.15
0.15
0.15
0.15
0.15
0.15
0.15
0.15
0.15
0.15
0.15
0.15
0.15
0.15
0.15
0.15
0.15
0.15
0.15
0.15
0.15
0.15
0.15
0.15
0.15
0.15
0.15
0.15
0.15
0.15
0.15
0.15000001
0.15
0.15
0.15
0.15
0.15
0.15
0.15
0.15
0.15
0.15
0.15
0.15
0.15
0.15
0.15
0.15
0.15
0.15
0.15
0.15
0.15
0.15
0.15
0.15
0.15
0.15
0.15
0.15
0.15
0.15
0.15
0.15
0.15
0.15
0.15
0.15
0.15
0.15
0.15
0.14999993
0.15000002
0.14999999
0.15000001
0.14999984
0.15000003
0.14999998
0.15000003
0.15000008
0.15
0.15000001
0.14999998
0.15000035
0.14999998
0.15000003
0.14999996
0.15
0.15
0.15
0.15
0.15
0.15
0.15
0.15
0.15
0.15
0.15
0.15
0.15
0.15
0.15
0.15
0.04
0.04
0.04
0.04
0.04
0.04
0.04
0.04
0.04
0.04
0.04
0.04
0.04
0.04
0.04
0.04
0.14999908
0.15000018
0.14999991
0.15000011
0.14999896
0.15000018
0.14999992
0.1500001
0.14999892
0.15000021
0.14999991
0.1500001
0.1499998
0.15000004
0.15000002
0.14999994
0.15
0.15
0.15
0.15
0.15
0.15
0.15
0.15
0.15000001
0.15
0.15
0.15
0.15000001
0.15
0.15
0.15
0.04
0.04
0.04
0.04
0.04
0.04
0.04
0.04
0.04
0.04
0.04
0.04
0.04
0.04
0.04
0.04
0.1500006
0.14999997
0.15000009
0.14999982
0.15000033
0.15000002
0.15000007
0.14999983
0.14999999
0.15000004
0.15000004
0.14999987
0.14999974
0.15000004
0.15000001
0.14999993
0.040000004
0.04
0.040000001
0.039999999
0.040000004
0.04
0.040000001
0.039999999
0.040000003
0.04
0.040000001
0.039999999
0.040000002
0.04
0.04
0.039999999
0.04
0.04
0.04
0.04
0.04
0.04
0.04
0.04
0.04
0.04
0.04
0.04
0.04
0.04
0.04
0.04
0.15000308
0.14999942
0.15000041
0.14999937
0.14999891
0.15000027
0.14999985
0.15000021
0.15000075
0.14999985
0.15000011
0.14999985
0.14999869
0.15000035
0.14999981
0.15000025
0.15000102
0.14999975
0.15000016
0.1499998
0.14999972
0.15000008
0.14999996
0.15000006
0.15000022
0.14999996
0.15000004
0.14999997
0.14999968
0.15000009
0.14999995
0.15000006
0.15000975
0.14999759
0.15000155
0.14999809
0.14999742
0.15000075
0.14999959
0.15000055
0.15000208
0.14999961
0.15000034
0.14999965
0.14999706
0.15000087
0.14999949
0.1500006
0.15000003
0.14999999
0.15
0.14999999
0.14999999
0.15
0.15
0.15
0.15000001
0.15
0.15
0.15
0.14999999
0.15
0.15
0.15
0.15000001
0.15
0.15
0.15
0.15
0.15
0.15
0.15
0.15
0.15
0.15
0.15
0.15
0.15
0.15
0.15
0.1500001
0.14999997
0.15000002
0.14999998
0.14999997
0.15000001
0.15
0.15000001
0.15000002
0.15
0.15
0.15
0.14999997
0.15000001
0.14999999
0.15000001
0.15
0.15
0.15
0.15
0.15
0.15
0.15
0.15
0.15
0.15
0.15
0.15
0.15
0.15
0.15
0.15
0.15
0.15
0.15
0.15
0.15
0.15
0.15
0.15
0.15
0.15
0.15
0.15
0.15
0.15
0.15
0.15
0.15
0.15
0.15
0.15
0.15
0.15
0.15
0.15
0.15
0.15
0.15
0.15
0.15
0.15
0.15
0.15
0.15
0.15
0.15
0.15
0.15
0.15
0.15
0.15
0.15
0.15
0.15
0.15
0.15
0.15
0.15
0.15
0.15
0.15
0.15
0.15
0.15
0.15
0.15
0.15
0.15
0.15
0.15
0.15
0.15
0.15
0.15
0.15
0.15
0.15
0.15
0.15
0.15
0.15
0.15
0.15
0.15
0.15
0.15
0.15
0.15
0.15
0.15
0.15
0.15000027
0.14999994
0.15000004
0.14999995
0.14999992
0.15000002
0.14999999
0.15000001
0.15000005
0.14999999
0.15000001
0.14999999
0.14999991
0.15000002
0.14999999
0.15000001
0.15000007
0.14999999
0.15000001
0.14999999
0.14999999
0.15000001
0.15
0.15
0.15000002
0.15
0.15
0.15
0.14999997
0.15000001
0.15
0.15000001
0.15
0.15
0.15
0.15
0.15
0.15
0.15
0.15
0.15
0.15
0.15
0.15
0.15
0.15
0.15
0.15
0.15
0.15
0.15
0.15
0.15
0.15
0.15
0.15
0.15
0.15
0.15
0.15
0.15
0.15
0.15
0.15
0.15000001
0.15
0.15
0.15
0.15
0.15
0.15
0.15
0.15
0.15
0.15
0.15
0.15
0.15
0.15
0.15
0.15
0.15
0.15
0.15
0.15
0.15
0.15
0.15
0.15
0.15
0.15
0.15
0.15
0.15
0.15
0.15
0.15
0.15
0.15
0.15
0.15
0.15
0.15
0.15
0.15
0.15
0.15
0.15
0.15
0.15
0.15
0.15
0.15
0.15
0.15
0.15
0.15
0.15
0.15
0.15
0.15
0.15
0.15
0.15
0.15
0.15
0.15
0.15
0.15
0.15
0.15
0.15
0.15
0.15
0.15
0.15
0.15
0.15
0.15
0.15
0.15
0.15
0.15
0.15
0.15
0.15
0.15
0.15
0.15
0.15
0.15
0.15
0.15
0.15
0.15
0.15
0.15
0.15
0.15
0.15
0.15
0.15
0.15
0.15
0.15
0.15
0.15
0.15
0.15
0.15
0.15
0.15
0.15
0.15
0.15
0.15
0.14999998
0.15
0.15
0.15
0.14999991
0.15000002
0.14999999
0.15000001
0.1500001
0.14999999
0.15000001
0.14999999
0.15000008
0.15000001
0.15
0.15
0.14999982
0.15000004
0.14999998
0.15000004
0.14999953
0.15000009
0.14999996
0.15000005
0.15000013
0.15000002
0.15000002
0.14999995
0.15000028
0.15000002
0.15000003
0.14999996
0.15
0.15
0.15
0.15
0.15
0.15
0.15
0.15
0.15
0.15
0.15
0.15
0.15
0.15
0.15
0.15
0.15
0.15
0.15
0.15
0.15
0.15
0.15
0.15
0.15
0.15
0.15
0.15
0.15
0.15
0.15
0.15
0.14999998
0.15
0.15
0.15
0.14999998
0.15
0.15
0.15
0.15000004
0.14999999
0.15
0.14999999
0.15000002
0.15
0.15
0.15
0.15
0.15
0.15
0.15
0.15
0.15
0.15
0.15
0.15
0.15
0.15
0.15
0.15
0.15
0.15
0.15
0.15
0.15
0.15
0.15
0.15
0.15
0.15
0.15
0.15
0.15
0.15
0.15
0.15
0.15
0.15
0.15
0.15
0.15
0.15
0.15
0.15
0.15
0.15
0.15
0.15
0.15
0.15
0.15
0.15
0.15
0.15
0.15
0.15
0.15
0.15
0.15
0.15
0.15
0.15
0.15
0.15
0.15
0.15
0.15
0.15
0.15
0.15
0.15
0.04
0.04
0.04
0.04
0.04
0.04
0.04
0.04
0.04
0.04
0.04
0.04
0.04
0.04
0.04
0.04
0.04
0.04
0.04
0.04
0.04
0.04
0.04
0.04
0.04
0.04
0.04
0.04
0.04
0.04
0.04
0.04
0.14999943
0.15000018
0.14999992
0.15000012
0.14999763
0.15000044
0.14999977
0.15000032
0.14999947
0.15000014
0.15000001
0.14999989
0.15000356
0.14999967
0.15000038
0.14999931
0.15000557
0.14999955
0.1500005
0.14999917
0.15000602
0.14999988
0.15000038
0.14999942
0.15000203
0.1500009
0.1499998
0.15000035
0.14999731
0.15000184
0.14999924
0.1500012
0.14999999
0.15
0.15
0.15
0.14999999
0.15
0.15
0.15
0.15000001
0.15
0.15
0.15
0.15000002
0.15
0.15
0.15
0.15000001
0.15
0.15
0.15
0.14999998
0.15000001
0.15
0.15000001
0.14999995
0.15000001
0.15
0.15000001
0.14999994
0.15000001
0.15
0.15
0.15000039
0.14999999
0.15000002
0.14999997
0.15000017
0.15000004
0.14999999
0.15000003
0.14999965
0.15000012
0.14999994
0.1500001
0.14999922
0.15000017
0.14999991
0.15000013
0.15
0.15
0.15
0.15
0.15
0.15
0.15
0.15
0.15
0.15
0.15
0.15
0.15
0.15
0.15
0.15
0.15
0.15
0.15
0.15
0.15
0.15
0.15
0.15
0.15
0.15
0.15
0.15
0.15
0.15
0.15
0.15
0.15
0.15
0.15
0.15
0.15
0.15
0.15
0.15
0.15
0.15
0.15
0.15
0.15
0.15
0.15
0.15
0.04
0.04
0.04
0.04
0.04
0.04
0.04
0.04
0.04
0.04
0.04
0.04
0.04
0.04
0.04
0.04
0.04
0.04
0.04
0.04
0.04
0.04
0.04
0.04
0.04
0.04
0.04
0.04
0.04
0.04
0.04
0.04
0.04
0.04
0.04
0.04
0.04
0.04
0.04
0.04
0.04
0.04
0.04
0.04
0.04
0.04
0.04
0.04
0.14999466
0.15000229
0.149999
0.15000154
0.14999065
0.15000283
0.14999873
0.15000189
0.14998816
0.1500032
0.14999856
0.150002
0.14999235
0.15000212
0.14999938
0.15000058
0.14999161
0.15000225
0.14999935
0.15000056
0.14999305
0.15000206
0.14999941
0.15000047
0.14999842
0.15000138
0.15000007
0.14999947
0.14999887
0.15000099
0.15000028
0.14999889
0.14999995
0.15000001
0.15
0.15
0.14999997
0.15
0.15
0.14999999
0.14999997
0.15
0.15
0.14999999
0.15000005
0.14999999
0.15000001
0.14999999
0.15000006
0.14999999
0.15000001
0.14999998
0.15000007
0.14999999
0.15000001
0.14999998
0.15000008
0.15
0.15000001
0.14999999
0.15000009
0.15
0.15000001
0.14999999
0.14999983
0.15000005
0.15000002
0.14999993
0.14999978
0.1500001
0.15000001
0.14999991
0.15000033
0.15000002
0.15000006
0.14999987
0.15000078
0.14999992
0.15000011
0.14999981
0.15
0.15
0.15
0.15
0.15
0.15
0.15
0.15
0.15
0.15
0.15
0.15
0.15
0.15
0.15
0.15
0.15
0.15
0.15
0.15
0.15
0.15
0.15
0.15
0.15
0.15
0.15
0.15
0.15
0.15
0.15
0.15
0.15000001
0.15
0.15
0.15
0.15000001
0.15
0.15
0.15
0.15000001
0.15
0.15
0.15
0.15000001
0.15
0.15
0.15
0.04
0.04
0.04
0.04
0.04
0.04
0.04
0.04
0.04
0.04
0.04
0.04
0.04
0.04
0.04
0.04
0.04
0.04
0.04
0.04
0.04
0.04
0.04
0.04
0.04
0.04
0.04
0.04
0.04
0.04
0.04
0.04
0.04
0.04
0.04
0.04
0.04
0.04
0.04
0.04
0.04
0.04
0.04
0.04
0.04
0.04
0.04
0.04
0.14999979
0.15000079
0.15000028
0.14999904
0.14999991
0.1500011
0.15000017
0.14999935
0.14999316
0.15000207
0.1499995
0.15000025
0.14999042
0.15000252
0.14999918
0.15000079
0.14999082
0.15000236
0.14999924
0.15000068
0.14998729
0.15000312
0.14999858
0.15000191
0.14999033
0.15000282
0.14999874
0.15000179
0.14999418
0.15000236
0.14999896
0.15000153
0.14999822
0.15002255
0.14999332
0.15001129
0.14998799
0.15002177
0.14999138
0.15001634
0.1500098
0.15001602
0.14999511
0.1500103
0.15004085
0.15000949
0.14999912
0.15000316
0.15000009
0.14999999
0.15000001
0.14999998
0.15000011
0.14999999
0.15000002
0.14999997
0.15000008
0.14999999
0.15000001
0.14999998
0.15000005
0.15
0.15000001
0.14999998
0.04
0.04
0.04
0.04
0.04
0.04
0.04
0.04
0.04
0.04
0.04
0.04
0.04
0.04
0.04
0.04
0.04
0.04
0.04
0.04
0.04
0.04
0.04
0.04
0.04
0.04
0.04
0.04
0.04
0.04
0.04
0.04
