FiniteElementSpace
FiniteElementCollection: L2_2D_P3
VDim: 1
Ordering: 0

0.0052406838
0.010473575
0.016116193
0.025542792
0.0058296949
0.020620018
0.027476591
0.049820624
0.0065460044
0.029677652
0.043674212
0.071164846
0.0078674942
0.035089383
0.041848667
0.089020887
0.031595007
0.031983056
0.038997423
0.026046553
0.21482739
0.43009663
0.40256437
0.23112671
0.49743233
0.50319052
0.54408198
0.57718062
0.64783426
0.77720013
0.78759826
0.72690997
0.0044485991
0.013848845
0.016116051
0.015205914
0.21319801
0.24938735
0.3236461
0.17972009
0.075204164
0.21387023
0.25661832
0.28970277
0.10971705
0.24673369
0.25769308
0.39720879
0.066717293
0.21133763
0.19148121
0.17556555
0.41474338
0.38510762
0.29400847
0.22811707
0.5913837
0.58086429
0.48833938
0.37302147
0.6666509
0.66627218
0.62094478
0.54708076
0.00330461
0.027326664
0.03168665
0.13591596
0.0040446653
0.025616037
0.039414024
0.082498945
0.0026999802
0.017032488
0.040866347
0.083829863
0.0027756191
0.017805961
0.033500609
0.066631105
1.0404993
1.0828724
1.0534196
1.0093074
1.0745349
1.1013677
1.0606524
1.024237
1.107743
1.1235136
1.0928932
1.0171343
1.1080137
1.1403484
1.1022558
0.99648479
0.4905426
0.58989062
0.55950815
0.5636076
0.45959437
0.52859575
0.54366324
0.54326252
0.47762173
0.50988074
0.51949874
0.53148413
0.42374678
0.48896699
0.50862623
0.52861422
0.61031148
0.6204153
0.63212239
0.63747407
0.59928782
0.60966783
0.61940598
0.62540551
0.5856524
0.59223286
0.60018284
0.60736059
0.57068539
0.57621428
0.58553522
0.59492008
0.0019574683
0.0092534522
0.024246486
0.059530164
0.0019096931
0.0078191309
0.024313482
0.056189776
0.0017427725
0.0071286638
0.020385617
0.051906987
0.0018445155
0.0062910985
0.019345081
0.047889273
1.0618707
1.0560032
0.99153143
0.91615974
1.0108224
1.0364117
0.96478203
0.87802649
0.97565612
0.99600098
0.90622003
0.8179685
0.93702665
0.94068791
0.86177359
0.78753486
0.46671364
0.50139753
0.49853668
0.48818669
0.47020909
0.49692672
0.49285901
0.48248192
0.46318338
0.49637359
0.48659254
0.4749614
0.44218877
0.48031239
0.47765382
0.46694155
0.51789282
0.52837263
0.54058869
0.55027651
0.50959827
0.52020934
0.5337696
0.54348135
0.50003756
0.51068574
0.52574147
0.53566268
0.49360516
0.50657238
0.52346765
0.53289989
0.60878391
0.62647762
0.65025395
0.664005
0.60514063
0.6239876
0.646308
0.65965245
0.60470373
0.62102225
0.64159996
0.6565121
0.60107571
0.61943138
0.64245641
0.6542606
0.0016630485
0.0045791969
0.013397838
0.03650549
0.001583636
0.0043365149
0.012580022
0.035196202
0.0015900543
0.00404744
0.011466553
0.031860189
0.0016303792
0.0038161783
0.010663541
0.031243224
0.78282259
0.79374998
0.73303206
0.65165676
0.77025538
0.76302307
0.71084887
0.63114188
0.7442574
0.72412509
0.67883964
0.6267337
0.68620417
0.69357769
0.64786446
0.60107346
0.45507804
0.48843661
0.47871199
0.46116078
0.4699866
0.49122079
0.48200641
0.46060603
0.4787672
0.50757071
0.49099855
0.46746187
0.47525319
0.50200721
0.48820179
0.46201036
0.49326676
0.50571361
0.52074909
0.52474844
0.49561613
0.50769329
0.52102397
0.52543371
0.49596828
0.50671937
0.52211039
0.52582335
0.49169286
0.50485186
0.52133421
0.52385886
0.59643222
0.61255816
0.63200261
0.64043773
0.59562954
0.61217712
0.63046065
0.63694407
0.59314795
0.60887253
0.62558526
0.6296677
0.5912547
0.60680919
0.62299655
0.6259983
0.50253225
0.51393193
0.52650475
0.52228753
0.50336948
0.51469221
0.52562416
0.51997323
0.50019123
0.51204419
0.5237188
0.51725901
0.50451531
0.51536823
0.52716495
0.52051882
0.58876518
0.60480792
0.62114726
0.61782919
0.58694141
0.60216826
0.61808843
0.61521468
0.58865446
0.60383181
0.62015783
0.616028
0.59231127
0.60720583
0.62367436
0.61962909
0.51121612
0.52151461
0.53543475
0.52583129
0.50571528
0.51552129
0.52852601
0.51912374
0.50709432
0.51832602
0.5309406
0.52270078
0.50851717
0.51960221
0.53339143
0.52623591
0.592444
0.60315084
0.61759552
0.60979128
0.59275952
0.60462454
0.61929267
0.60988314
0.59780463
0.61221137
0.62866298
0.62069416
0.60163547
0.61616287
0.63143383
0.62411522
0.050813885
0.081843882
0.10088366
0.074646918
0.11390614
0.18375581
0.23045059
0.26334529
0.18658557
0.27338699
0.38893526
0.44994266
0.20882202
0.34372238
0.49977221
0.59934126
0.22348732
0.37007295
0.55119909
0.63907667
0.24096378
0.39582167
0.62191359
0.77673213
0.23209632
0.40738257
0.70302498
0.87582311
0.22865517
0.41828004
0.75131913
0.95513013
0.0065532909
0.029104098
0.04182448
0.090641232
0.0066932994
0.027315894
0.044080929
0.090444206
0.0050853082
0.025241454
0.047525478
0.093399029
0.0072354851
0.021055063
0.043742211
0.078354407
0.02285009
0.037946856
0.024682767
0.021094295
0.23852599
0.48755367
0.29794618
0.13316348
0.54054919
0.53500416
0.35904125
0.47123138
0.70544426
0.53648229
0.79075649
0.21327312
0.77887864
0.73957818
0.61797503
0.47014641
0.92185037
0.81372498
0.72984609
0.75479876
0.95535678
0.85461661
0.83027114
0.70209417
0.99232013
0.87567073
0.81654392
0.74865923
0.70906329
0.78194685
0.81584346
0.80201751
0.81539864
0.8988469
0.94072463
0.93774482
0.94487513
1.0160703
1.0268315
0.99399914
1.006832
1.0676032
1.0520153
0.99627455
0.017897904
0.034298162
0.052567192
0.023941342
0.17992833
0.19646321
0.2162253
0.50325526
0.29725639
0.45211609
0.56723045
0.49007009
0.49381001
0.55485866
0.61833157
0.7323821
0.54408714
0.59184656
0.64397986
0.6505703
0.57976732
0.61365729
0.63375411
0.64379697
0.59512747
0.59376919
0.59880198
0.61567043
0.56716587
0.58021093
0.58427204
0.60043788
0.18231047
0.38328036
0.45806798
0.47144158
0.21540651
0.48026663
0.52261347
0.54457961
0.33687165
0.39570167
0.53847077
0.56486287
0.36992093
0.5439616
0.54404195
0.57093753
0.16786534
0.15538042
0.15024538
0.15020168
0.202768
0.17258476
0.15386815
0.15015866
0.31975648
0.24397754
0.18594598
0.16277316
0.48224116
0.36222095
0.24779433
0.19689514
0.5746248
0.45209681
0.30235856
0.22861494
0.65491361
0.61472907
0.45893563
0.33183874
0.65703693
0.66118483
0.64481521
0.54946539
0.64941258
0.65499622
0.66182639
0.65577836
0.70227652
0.67326609
0.651804
0.61160399
0.66119301
0.66327319
0.65340558
0.65877151
0.62985475
0.63855504
0.64721872
0.65467397
0.61032381
0.62798649
0.63849973
0.64684304
0.2303055
0.42909256
0.77178339
0.97889051
0.21765528
0.43714987
0.82598461
1.0270452
0.18469287
0.43793519
0.86913867
1.0616008
0.18700827
0.44330701
0.88427328
1.067063
0.18913802
0.42578082
0.90240877
1.0615432
0.18380797
0.42514568
0.90680383
1.0614883
0.17233802
0.41808034
0.88309188
1.0521116
0.16440404
0.40346194
0.86160674
1.0401696
0.0026104633
0.015553489
0.035609064
0.070568627
0.0021274608
0.012506329
0.035667691
0.071697682
0.0023293698
0.01093359
0.027815044
0.062684245
0.0020416092
0.0093752286
0.027868995
0.058928487
0.98178569
0.89921795
0.78463284
0.74700323
0.99251184
0.8700841
0.84540664
0.80003322
0.95763524
0.82497016
0.7854127
0.82063051
0.95198915
0.81582972
0.81377757
0.84098782
0.93407313
0.83740481
0.79300047
0.86832617
0.94183163
0.82892702
0.8129599
0.8779157
0.92233758
0.79211994
0.80038498
0.90894169
0.87412389
0.74306869
0.79973835
0.92564631
1.1071231
1.1362015
1.096805
0.9921474
1.0886772
1.1231262
1.0862838
0.97890064
1.0941594
1.1098361
1.0374874
0.93950869
1.0982612
1.06728
0.99416102
0.91284036
0.56575429
0.57111383
0.5887972
0.60364255
0.55101423
0.56434398
0.58069657
0.59296235
0.53842955
0.55269928
0.56989675
0.57968329
0.53669611
0.55224539
0.56302844
0.56834389
0.5433288
0.54865073
0.55575774
0.55774747
0.53305045
0.53616103
0.53813688
0.54161497
0.51253315
0.51202317
0.51806762
0.52495076
0.49531134
0.50022776
0.50865176
0.516579
0.4790131
0.50273359
0.52231055
0.53280497
0.46984273
0.51333925
0.5268852
0.53186828
0.46637262
0.50604907
0.51533514
0.5098014
0.44418667
0.49695484
0.50116118
0.49451796
0.64192755
0.64900243
0.65950245
0.66332164
0.62988444
0.63854246
0.65314912
0.66574135
0.61303836
0.6244446
0.6433853
0.65907046
0.601816
0.61484942
0.63553464
0.64915
0.59597541
0.60985942
0.62846577
0.64118442
0.58760101
0.6013686
0.61906205
0.63140346
0.57625927
0.58818398
0.60557609
0.617439
0.5645474
0.57898576
0.5967375
0.6074192
0.56178924
0.56787435
0.5793657
0.58848856
0.54617421
0.55573264
0.56902748
0.5797141
0.53217523
0.54281854
0.55755202
0.56863942
0.52288084
0.53380221
0.54787744
0.55703639
0.65295333
0.6651162
0.68049811
0.69339129
0.63928158
0.65177516
0.66982865
0.68705412
0.62521686
0.63916542
0.66011563
0.67679012
0.6152083
0.6295357
0.65346638
0.6678044
0.16003922
0.39899451
0.84795895
1.0410928
0.15146561
0.38525209
0.8161864
0.99516272
0.14157034
0.35696443
0.75227178
0.92740647
0.13292634
0.33741164
0.7097927
0.87726186
0.12759131
0.32519326
0.68990399
0.87029847
0.12131072
0.30945721
0.65546177
0.84199902
0.11119477
0.29023064
0.61084073
0.77472673
0.10419587
0.27427328
0.57570066
0.71531278
0.0016384567
0.0063140494
0.01769998
0.048772349
0.0016774129
0.0056568491
0.016690919
0.045716687
0.0017167072
0.0050391328
0.015532305
0.041561321
0.0016922084
0.0047765726
0.013901293
0.042187785
0.83026006
0.74137427
0.78793882
0.95344595
0.8042582
0.72866843
0.81079569
0.95274339
0.77058144
0.71395638
0.81610627
0.96084834
0.73294019
0.69027732
0.82921002
0.97497227
0.71476098
0.69034773
0.83452678
0.99747126
0.68968951
0.67603312
0.86579557
1.0174537
0.6693851
0.65797743
0.87751203
1.0633879
0.63407005
0.64196394
0.8646553
1.1026546
0.90753208
0.91853502
0.84448445
0.77115279
0.86900838
0.88421044
0.8214967
0.75578309
0.83162111
0.84208663
0.7893051
0.7196255
0.79337593
0.8121641
0.75447411
0.6708852
0.49314102
0.49577654
0.50453537
0.51069602
0.48580803
0.48927819
0.49637325
0.50206514
0.47896034
0.47974376
0.48601543
0.49152807
0.47050984
0.4718889
0.47940512
0.48492
0.46541344
0.46862036
0.47814838
0.48397305
0.46632997
0.47129825
0.48151275
0.48701622
0.47238767
0.4767167
0.48543718
0.48842464
0.47066429
0.47433899
0.48214491
0.48373363
0.45576095
0.48298586
0.4738261
0.45957339
0.45575488
0.47799808
0.47266937
0.45964196
0.45120805
0.4884756
0.47615568
0.4653885
0.45241073
0.48040776
0.47849806
0.46179954
0.56019548
0.57546015
0.59137594
0.60042987
0.55316118
0.56663313
0.58248253
0.59407646
0.54544732
0.559611
0.57722193
0.59141722
0.54335082
0.55734431
0.57637996
0.58916486
0.54176596
0.55616407
0.57707557
0.59010151
0.54362754
0.55890164
0.57600618
0.58492554
0.54118653
0.5543928
0.57239117
0.58428726
0.53815896
0.55424739
0.57564226
0.58469665
0.49397523
0.50777061
0.52421124
0.53214965
0.49773326
0.51085582
0.52571371
0.53264016
0.49916054
0.51032772
0.52382553
0.53017596
0.4947565
0.50583159
0.52098302
0.52594142
0.60177958
0.61995536
0.64173185
0.6499994
0.59876033
0.6177994
0.63725572
0.64792667
0.599062
0.61608637
0.63511462
0.64530556
0.59822315
0.61590339
0.6337454
0.63997945
0.10258655
0.26467099
0.56174855
0.69584779
0.096135026
0.25414757
0.53150014
0.66973771
0.090798401
0.23483357
0.5028209
0.64218556
0.084973269
0.22398605
0.48498088
0.6277471
0.61894639
0.65074014
0.86897755
1.1281599
0.60143514
0.65683728
0.90035035
1.1420495
0.57428423
0.65102192
0.90518244
1.1631904
0.55830619
0.63869637
0.89898652
1.1656121
0.55454457
0.64063635
0.91031343
1.1928604
0.56273322
0.64763056
0.93042025
1.2240506
0.55042224
0.65201468
0.92293929
1.2480158
0.52863117
0.6556353
0.92106946
1.256928
0.66034281
0.68920441
0.63170086
0.58817956
0.63981968
0.68008005
0.61799653
0.56587912
0.64058715
0.65352877
0.60796337
0.54164852
0.62688941
0.62785359
0.59510005
0.51974574
0.46946937
0.47253546
0.48020035
0.48117778
0.47044308
0.47328172
0.48134714
0.4825455
0.47618241
0.47729608
0.48426034
0.48287069
0.47219615
0.47358062
0.4800192
0.47674007
0.46827616
0.47042065
0.47785317
0.47594492
0.4715836
0.47368157
0.48096702
0.47897227
0.47633914
0.47828654
0.48676274
0.48257627
0.47538907
0.47694764
0.48554937
0.481098
0.4659479
0.49544932
0.48095759
0.45785707
0.4790678
0.49786544
0.4858493
0.45993136
0.48291145
0.50813515
0.49233401
0.46426086
0.48514551
0.50524187
0.49212642
0.46241799
0.53854645
0.55563396
0.57453037
0.58262819
0.5408033
0.55708884
0.57427044
0.58038669
0.54202788
0.55695488
0.57305451
0.57726439
0.54156863
0.55702908
0.57211346
0.57401328
0.54285294
0.55747069
0.57238698
0.57397936
0.54262352
0.55645938
0.57095714
0.57153857
0.54321574
0.5563155
0.5703997
0.56962385
0.54114972
0.55413051
0.5689506
0.56787298
0.4922526
0.50598011
0.52266826
0.52499981
0.49605309
0.50936801
0.52373532
0.52471325
0.50137075
0.51350715
0.52623151
0.52457435
0.50094472
0.51314013
0.52506603
0.52198056
0.59090359
0.60608025
0.62178302
0.62316576
0.58970775
0.60368285
0.62067863
0.62366367
0.58938136
0.60475363
0.62232561
0.62250173
0.58878692
0.6042607
0.62128191
0.62058462
0.47806532
0.47892398
0.48686942
0.48244335
0.47813316
0.48012021
0.48805238
0.48329799
0.47797873
0.47829256
0.48477845
0.47823303
0.4794544
0.48137698
0.48905403
0.4831093
0.48029432
0.48241801
0.48982905
0.48149674
0.47550506
0.47792234
0.48602887
0.47831356
0.48111781
0.48301777
0.49149432
0.48096186
0.49054248
0.49088311
0.49728818
0.48542454
0.54276565
0.55504061
0.56921498
0.56675552
0.54042483
0.55270166
0.5672405
0.56395961
0.54010651
0.55330252
0.5681542
0.56401148
0.5435352
0.55647671
0.57126872
0.56646777
0.54403428
0.55737214
0.57363838
0.56838434
0.5444754
0.55774187
0.57462312
0.56863151
0.54901103
0.56192457
0.57724233
0.56800576
0.55645456
0.56756017
0.57950452
0.56747049
0.50469815
0.51516428
0.52702669
0.51880883
0.50271726
0.51386576
0.52620296
0.51800305
0.50699369
0.51615702
0.52911042
0.52015951
0.5128925
0.52340783
0.536688
0.5271933
0.59506443
0.60971107
0.62719941
0.62173059
0.59710888
0.61173285
0.62804239
0.62087876
0.59761373
0.61050597
0.62519895
0.61596159
0.59535933
0.60591008
0.61991235
0.61143715
0.55486734
0.56572689
0.57710764
0.5646414
0.5474937
0.55929731
0.57351649
0.5638877
0.54923169
0.56150773
0.57635169
0.56939345
0.5512148
0.56503162
0.58053293
0.57428079
0.54827286
0.56144132
0.57698202
0.57229557
0.53939315
0.55432538
0.57114635
0.56726063
0.53887766
0.55142011
0.56751
0.56550669
0.54181833
0.5548098
0.57120116
0.57001668
0.50587181
0.51750399
0.52988007
0.52396623
0.49767925
0.5087044
0.52073005
0.51548334
0.49754199
0.50886303
0.52133975
0.51767481
0.49907502
0.51073092
0.52452957
0.52153554
