FiniteElementSpace
FiniteElementCollection: L2_2D_P3
VDim: 1
Ordering: 0

0.0024981828
0.0055803222
0.0071987197
0.010774748
0.0028946115
0.01057267
0.012661951
0.021807454
0.0031181427
0.012846052
0.021869981
0.032598688
0.0034618579
0.017327679
0.016957336
0.045383232
0.016690095
0.014640365
0.018965781
0.012738906
0.10382896
0.17225968
0.17651296
0.10077112
0.26127138
0.24551347
0.23209455
0.25250625
0.2966404
0.34297156
0.32654015
0.2838842
0.0020315692
0.0045332924
0.0064432278
0.0047643953
0.22358288
0.22415184
0.28206313
0.12559962
0.061692314
0.14589222
0.11808661
0.10585927
0.11292346
0.12417699
0.11767831
0.16341066
0.017088415
0.041695927
0.068907085
0.064715095
0.096791321
0.14364438
0.12570513
0.1124814
0.19132091
0.18663588
0.16019467
0.13982969
0.2259543
0.20616747
0.177847
0.15988293
0.0011152135
0.016230643
0.011311126
0.08683233
0.0017837312
0.012206341
0.017549217
0.029207638
0.001242436
0.0073042387
0.021454311
0.036537481
0.0013555703
0.0073281226
0.015482457
0.029479795
0.41806329
0.41702875
0.39748411
0.37968046
0.43424678
0.43183383
0.41463745
0.39241139
0.45592921
0.45011511
0.42921228
0.40904905
0.46648187
0.46301899
0.43907685
0.4214333
0.2535306
0.30076673
0.27689023
0.25392151
0.28217404
0.30616328
0.29028298
0.26919977
0.29231184
0.29735164
0.28937728
0.27913044
0.25847736
0.30656036
0.2959736
0.29542876
0.22591079
0.22692751
0.23286504
0.24363152
0.2417529
0.24682664
0.2587285
0.27839863
0.27340352
0.28526398
0.30591111
0.32780747
0.30357434
0.31932275
0.33964773
0.35665923
0.0010968841
0.0042730706
0.0092668344
0.025943853
0.0010875395
0.0036995263
0.0097269612
0.021551774
0.001009248
0.0034404075
0.0084762738
0.024694272
0.0010818563
0.0031343624
0.00817981
0.02085099
0.50748678
0.50327353
0.47452611
0.44017481
0.50455849
0.50729312
0.48434878
0.44097558
0.51131115
0.51324204
0.48593294
0.43793184
0.49902719
0.5087389
0.46966772
0.42627483
0.33900643
0.35139349
0.33669962
0.3233841
0.33972884
0.35768585
0.34620812
0.33300906
0.33890057
0.35772002
0.34884645
0.33837116
0.33563825
0.35535399
0.3466229
0.33681227
0.34406273
0.35356951
0.36764014
0.37637973
0.34846847
0.35671726
0.3688531
0.37832127
0.35412653
0.36232146
0.37382049
0.38014291
0.35459929
0.36364504
0.37462335
0.37862135
0.42198729
0.43364238
0.44703119
0.45392911
0.42204026
0.43083872
0.44230528
0.45035767
0.41700009
0.42684944
0.44032651
0.44801202
0.41428021
0.42620308
0.43910049
0.44517254
0.00091039085
0.002469312
0.0060697654
0.016099231
0.0008408789
0.0024005452
0.0056712487
0.015663208
0.00080952786
0.0022731951
0.0052521443
0.013639113
0.0008034328
0.0021736284
0.0048851273
0.012987483
0.44898644
0.46106012
0.41594428
0.37602686
0.43970642
0.45122395
0.40433588
0.3744605
0.42138044
0.43756035
0.39029693
0.36753434
0.38962605
0.42005268
0.37218814
0.35876802
0.34075339
0.36125672
0.34937838
0.33373876
0.34382286
0.35895481
0.35027993
0.33347908
0.34172722
0.36096494
0.34887578
0.33214485
0.34641789
0.36038453
0.34810121
0.32789217
0.34860336
0.35605429
0.36553525
0.36844812
0.35050814
0.357746
0.36688869
0.36910743
0.34929557
0.35712186
0.36738124
0.36910536
0.3482336
0.35726018
0.36779173
0.36775113
0.41453381
0.42438292
0.43519689
0.44058616
0.41302403
0.42363275
0.43524185
0.43889599
0.4122641
0.42293482
0.43402133
0.43615084
0.41207915
0.42203899
0.43162906
0.43104106
0.36280422
0.36975518
0.37611921
0.37110243
0.36650486
0.37285281
0.37778594
0.37116301
0.36565648
0.37117655
0.37624965
0.36807862
0.35758909
0.36193753
0.36472736
0.35599883
0.40181419
0.40501356
0.40403375
0.39201851
0.39836511
0.39962411
0.39686858
0.38351636
0.38736632
0.38685031
0.38273364
0.3681952
0.37301348
0.37303756
0.36871217
0.35338978
0.28744918
0.28935799
0.29213247
0.282889
0.26538098
0.268636
0.27390548
0.26752567
0.24086066
0.24534492
0.25002152
0.24451069
0.22591527
0.22893118
0.23258865
0.22813262
0.28619824
0.28370234
0.27871793
0.26414041
0.27902606
0.27726519
0.27375578
0.25989706
0.27047944
0.27416138
0.27583556
0.26737299
0.25696373
0.26382598
0.26977852
0.2656615
0.025236943
0.045733171
0.060818798
0.040973044
0.062647764
0.10504794
0.12709193
0.14435446
0.091691585
0.13937733
0.20078234
0.23221577
0.10848188
0.18065157
0.24580058
0.27382645
0.1080483
0.20257525
0.26891079
0.3019225
0.097211106
0.21396177
0.3036959
0.34727781
0.11271041
0.21404054
0.34065003
0.37513605
0.10446212
0.23064291
0.35460705
0.39500166
0.0024331819
0.01391348
0.019087409
0.045000464
0.002818507
0.012233173
0.018202266
0.038731494
0.0023081592
0.012009517
0.021939939
0.038228445
0.0035786015
0.0092272671
0.022562359
0.030644604
0.010103054
0.019626537
0.011630154
0.0090197999
0.1045256
0.20087534
0.23301666
0.07237006
0.23511263
0.21573305
0.17402041
0.24702327
0.29852919
0.1986518
0.30435799
0.15205482
0.28013041
0.27850145
0.25674281
0.21662059
0.330257
0.30088425
0.32008331
0.34411548
0.33490596
0.30926262
0.38542202
0.36827146
0.36075982
0.3328659
0.43149156
0.43631799
0.32752108
0.33342388
0.31794935
0.31139577
0.35430469
0.36127051
0.34843952
0.33598061
0.39158469
0.39054336
0.37459577
0.36245322
0.41176757
0.40714435
0.39263393
0.36629502
0.006375661
0.0079810929
0.0083569801
0.0047991267
0.089425133
0.21310048
0.093218257
0.071722994
0.13445603
0.17123111
0.18968814
0.18619173
0.16431547
0.18641164
0.22466894
0.2074485
0.22623597
0.24052063
0.22467761
0.23543091
0.22075255
0.24018954
0.23971682
0.23084041
0.25322176
0.24148262
0.23332607
0.22377985
0.24328733
0.24566523
0.22984015
0.22569
0.083167995
0.15552155
0.19762427
0.18344902
0.093607384
0.19821823
0.20435323
0.21492703
0.19912339
0.17941231
0.231954
0.23233319
0.1436858
0.28217987
0.23236446
0.26624094
0.048523061
0.042693016
0.032598249
0.031634411
0.10072875
0.087042782
0.081223714
0.080943583
0.13232246
0.12874731
0.1299964
0.13523324
0.15644288
0.15333282
0.15554779
0.15593396
0.16470056
0.16599566
0.16681937
0.17138287
0.18436066
0.18898775
0.19779977
0.21224673
0.20729781
0.21885654
0.24288543
0.27008576
0.23436751
0.24863296
0.28760577
0.31077803
0.22335203
0.20373824
0.17908176
0.16699116
0.22162376
0.20386648
0.18768026
0.18394321
0.21774978
0.20890742
0.20456471
0.20616265
0.22227109
0.21880836
0.22164068
0.22979542
0.097870651
0.24331607
0.34790746
0.4156738
0.099052829
0.22441447
0.37703705
0.41885162
0.099250085
0.22766896
0.37904133
0.43521347
0.092415413
0.23144209
0.37766045
0.45926123
0.098294176
0.21373693
0.38976106
0.46003802
0.1013559
0.21004378
0.38813437
0.46400409
0.097972039
0.20801944
0.37665927
0.48141976
0.093416444
0.19906779
0.37370351
0.49222596
0.0013070445
0.0065250435
0.015563228
0.031224206
0.0010964399
0.0052789324
0.01557972
0.033604114
0.0012530174
0.0049213828
0.010826067
0.025752206
0.0011206541
0.0042363603
0.011409243
0.024789892
0.35842859
0.35933765
0.42663525
0.4490246
0.38862386
0.38356593
0.48619627
0.52491859
0.41197693
0.40436575
0.49115645
0.53496251
0.42730463
0.40591698
0.52410882
0.59145229
0.41684911
0.41910414
0.53198716
0.61419797
0.41944301
0.42275667
0.57882989
0.64128341
0.41299737
0.4373204
0.60184662
0.68627116
0.41158388
0.44728596
0.61998304
0.71475294
0.47926898
0.46850495
0.44370976
0.42567254
0.49591953
0.48169107
0.45542118
0.43592732
0.50689652
0.49572089
0.46739645
0.43905929
0.50423035
0.49856266
0.46990479
0.43437818
0.25534637
0.24261332
0.23314784
0.22753104
0.25776786
0.24933673
0.24120915
0.23989869
0.27637882
0.26764401
0.26601496
0.2696568
0.28919207
0.28995537
0.29251562
0.29814351
0.30474324
0.30031699
0.3060939
0.31307186
0.31414468
0.31828915
0.32238854
0.32964167
0.31773817
0.31924113
0.32502758
0.33172153
0.31927699
0.32299261
0.33026064
0.33818178
0.29935417
0.30754972
0.30835342
0.30115924
0.30233046
0.32057525
0.31553694
0.31487063
0.31526361
0.32672563
0.32414923
0.31618475
0.31448862
0.34076952
0.3294377
0.32187282
0.25107097
0.27822085
0.31304626
0.33495068
0.29289772
0.3145558
0.34931017
0.3765439
0.34083934
0.36275027
0.3928444
0.4167877
0.36679458
0.3875311
0.41005729
0.42230604
0.37590251
0.3918057
0.40906064
0.42167692
0.37954339
0.39278455
0.4099086
0.42064504
0.38148383
0.3943308
0.40907058
0.41850927
0.38447418
0.39500279
0.40762897
0.41629914
0.3205942
0.33234684
0.35149502
0.3656101
0.33539712
0.34443467
0.36010788
0.37237345
0.33787406
0.34880867
0.36309554
0.3743216
0.34327439
0.35096374
0.3650166
0.37709232
0.42859752
0.44049585
0.45401683
0.46158763
0.42724123
0.43730658
0.45013157
0.46116437
0.42445713
0.43518858
0.4502836
0.4587603
0.42341655
0.43466669
0.44814893
0.45698626
0.093185207
0.19344739
0.3764253
0.488524
0.088472444
0.1961421
0.36853026
0.49540255
0.080457565
0.178261
0.36716501
0.48208887
0.076383253
0.17644274
0.35361224
0.4847396
0.074865466
0.17141307
0.35237481
0.47878565
0.071926742
0.16701306
0.35303144
0.48149749
0.065816359
0.1573313
0.34331194
0.46036914
0.060392969
0.14844364
0.33192863
0.43322376
0.00096356485
0.0031231729
0.0074775373
0.022079072
0.00097222594
0.0029042199
0.0071437206
0.020810833
0.00097003324
0.0026676375
0.0068830796
0.018751771
0.00094236896
0.0025663237
0.006141124
0.019091956
0.40780034
0.46300069
0.62295647
0.73264152
0.41879758
0.47294848
0.65782116
0.74324921
0.41813774
0.47488046
0.67182254
0.77445911
0.40570167
0.47563985
0.68090091
0.79947669
0.40476744
0.48589798
0.68895816
0.80470325
0.40588489
0.49919031
0.70917646
0.80581589
0.40650559
0.51067548
0.71482339
0.84463242
0.39672237
0.51338594
0.70804952
0.8700729
0.49971707
0.50330549
0.46134912
0.4126674
0.48940799
0.49480093
0.45420169
0.41153816
0.47348156
0.48261104
0.44847135
0.39669214
0.455238
0.46883213
0.4289696
0.37687877
0.32531338
0.32607735
0.33305659
0.33882659
0.33204389
0.3328559
0.33736226
0.34257752
0.34057453
0.34044603
0.34493079
0.34850687
0.33900267
0.34023707
0.34424075
0.34796744
0.33978841
0.34011217
0.34580412
0.34975871
0.33934499
0.34132435
0.34637735
0.34830664
0.3366326
0.33788268
0.3425262
0.34380289
0.33701898
0.33807568
0.34179629
0.34161005
0.34278495
0.36208075
0.35042421
0.33699803
0.33822581
0.35492705
0.3470571
0.33555937
0.33019973
0.35121994
0.34353512
0.33264864
0.34065828
0.35234592
0.34526046
0.33126777
0.38221994
0.39231923
0.40610488
0.41514572
0.38568718
0.39622972
0.40850444
0.41582344
0.38697341
0.39560696
0.40498878
0.41074322
0.38394396
0.39113836
0.40010749
0.40617143
0.38159984
0.38932647
0.39912563
0.40600887
0.37836399
0.38664396
0.39824371
0.40503032
0.3765839
0.38561174
0.39718963
0.40389857
0.37751323
0.3873618
0.39908086
0.40456813
0.35651111
0.36324963
0.37086917
0.37493011
0.35439058
0.36084935
0.36887
0.37190836
0.3508296
0.35790287
0.36585322
0.36875951
0.34880138
0.35533229
0.36446278
0.36838016
0.41459336
0.42516646
0.43827126
0.44647301
0.41333061
0.42477505
0.43865647
0.44494065
0.41336851
0.42447927
0.43613076
0.44156424
0.41413718
0.42450317
0.43568486
0.44181652
0.059797921
0.14393179
0.32794284
0.41935119
0.056479729
0.14138655
0.3218366
0.40254207
0.053558509
0.13328025
0.30628038
0.38595518
0.049053794
0.12803187
0.29652355
0.37428337
0.39615161
0.52779089
0.71340053
0.8799699
0.40038885
0.54463297
0.74320784
0.88167187
0.40397687
0.54568088
0.75435035
0.90863831
0.39626036
0.5501086
0.7488339
0.92479068
0.39708526
0.55705882
0.75843428
0.93561609
0.42089988
0.57366993
0.78196333
0.95239023
0.42737346
0.57275869
0.78982142
0.98819054
0.41360185
0.57130269
0.77940556
1.0065825
0.38604295
0.41659149
0.36539257
0.36013815
0.38512472
0.40902997
0.36025882
0.35776707
0.37595503
0.39402059
0.35473833
0.35261738
0.36617415
0.37735421
0.34685472
0.34213756
0.33813075
0.33830315
0.34141139
0.34083064
0.3396871
0.33972357
0.34313457
0.34212475
0.33777609
0.3377903
0.3413928
0.33996171
0.33517173
0.3352474
0.33976144
0.33756352
0.33649841
0.3371002
0.34062952
0.33837755
0.33938777
0.33947451
0.34340738
0.34092061
0.34324557
0.3440394
0.34894502
0.34536275
0.34706211
0.34680875
0.35168243
0.3471613
0.34273911
0.36152908
0.34872607
0.33006767
0.34698807
0.36152545
0.35142439
0.3315607
0.35247494
0.36891191
0.35605287
0.3351357
0.3606854
0.37372084
0.36160697
0.33826166
0.37738258
0.38724264
0.39932835
0.40461235
0.37900943
0.38950157
0.40025869
0.40296471
0.37983365
0.38953036
0.39922362
0.401301
0.37944474
0.39009437
0.39982272
0.40083373
0.38052164
0.38975681
0.39959661
0.40070413
0.38284672
0.39247933
0.40226938
0.40178529
0.38643223
0.39409616
0.40078128
0.39753637
0.38216711
0.38891002
0.39525917
0.39109229
0.3495161
0.35827843
0.3681457
0.36842025
0.35250001
0.36088088
0.37012708
0.37046083
0.35853556
0.36698927
0.37582886
0.3737032
0.36091743
0.36823167
0.37447126
0.36989589
0.41308655
0.42257275
0.43149725
0.43018784
0.41340945
0.42171666
0.4286464
0.42321384
0.40926773
0.41517095
0.41771693
0.40851568
0.40342401
0.40786711
0.40807546
0.39683107
0.34945451
0.34831492
0.35214236
0.34860875
0.35327271
0.35371916
0.35809165
0.35272946
0.35684872
0.3558654
0.35825002
0.35118793
0.34956083
0.3499071
0.35169352
0.34430954
0.34384998
0.3436133
0.34517881
0.33570217
0.33289625
0.33094802
0.33076127
0.32146745
0.3145222
0.31209799
0.31143179
0.30085898
0.29671131
0.29389899
0.29303413
0.28319852
0.38415276
0.38966588
0.39583392
0.38998296
0.38447034
0.39043415
0.39487083
0.38644589
0.38209083
0.38560662
0.38725463
0.37597485
0.36968086
0.37293313
0.37305534
0.3612527
0.36062577
0.36273899
0.36363965
0.35171285
0.34172798
0.34401464
0.34516992
0.33398871
0.32183075
0.321641
0.31976607
0.30688143
0.30374117
0.30372218
0.30116178
0.28671559
0.34991453
0.35318154
0.35625055
0.34647274
0.33496483
0.3379838
0.33938212
0.32822581
0.31578469
0.31764724
0.31961195
0.30789039
0.29720206
0.2990382
0.3006641
0.28987538
0.36420304
0.36361521
0.35931135
0.34394322
0.34683404
0.34688335
0.34304392
0.32789708
0.31910842
0.31727984
0.31376559
0.29962283
0.29752133
0.29496653
0.28949194
0.27295647
0.29594593
0.29486677
0.29024001
0.2755235
0.27994641
0.28133979
0.28103983
0.26915502
0.25651839
0.2606789
0.2659566
0.25953124
0.23834118
0.24292193
0.24820825
0.24518778
0.22867215
0.23378249
0.24005046
0.23771279
0.21857334
0.22254768
0.22681213
0.22399108
0.22090021
0.22120426
0.22186947
0.21725374
0.22214944
0.22246271
0.22269209
0.21844023
0.22008024
0.22327896
0.22517678
0.21884497
0.21885264
0.21903206
0.21731345
0.21015154
0.22584831
0.224723
0.2223601
0.21480287
0.23037676
0.22885011
0.22488337
0.21666991
