FiniteElementSpace
FiniteElementCollection: L2_2D_P3
VDim: 1
Ordering: 0

0.22843575
0.23049865
0.23338425
0.23303557
0.22628908
0.22803173
0.23029687
0.22984263
0.22296861
0.22361532
0.2240923
0.2213099
0.22335876
0.22227126
0.22090241
0.21783801
0.26659774
0.27494904
0.28372312
0.2839111
0.26620848
0.27413855
0.283084
0.2845089
0.26005058
0.26965227
0.28015996
0.2826789
0.25191601
0.26350271
0.27509444
0.27907104
0.28536479
0.26436639
0.23834118
0.21050756
0.28992857
0.27000459
0.24421163
0.21954441
0.30289197
0.28307533
0.25763036
0.23300296
0.30791687
0.2910856
0.26726698
0.2435458
0.17021959
0.1508529
0.13347131
0.11322884
0.17625281
0.1636002
0.14085734
0.11516377
0.18697535
0.17156083
0.14766342
0.12399946
0.19793437
0.17792551
0.156423
0.13275194
0.22950192
0.23230939
0.23638313
0.23710786
0.23467614
0.23855284
0.24190116
0.24312032
0.23775371
0.24417968
0.25096788
0.2563125
0.2388064
0.24598389
0.25333401
0.25722313
0.25090699
0.25604333
0.26646836
0.26879392
0.25889977
0.26453574
0.26925724
0.27257899
0.27455549
0.27708531
0.27906664
0.28068993
0.33630095
0.3236504
0.32293374
0.30855378
0.31923425
0.28636035
0.27121769
0.25740687
0.31476088
0.30982091
0.28861342
0.27320258
0.32533952
0.31664244
0.30165108
0.28590319
0.32404753
0.32807844
0.30852739
0.30426732
0.26113868
0.25206384
0.23299113
0.20620673
0.2700845
0.26588395
0.2488108
0.2230969
0.28306507
0.28263023
0.27432468
0.25412773
0.29248409
0.29217794
0.2888695
0.2769811
0.22338124
0.23055547
0.24153415
0.25108777
0.22761828
0.22680416
0.2356394
0.24724528
0.24381288
0.23347945
0.23250185
0.24211464
0.26010555
0.24457926
0.23512576
0.23891687
0.29022123
0.27018767
0.25580908
0.24990404
0.27692499
0.27325328
0.26024496
0.2526293
0.27516493
0.26642714
0.25635859
0.25225934
0.2722016
0.26600153
0.25634533
0.25156698
0.25820833
0.25866198
0.26525328
0.2653022
0.26803952
0.26934687
0.27085982
0.26512642
0.26537069
0.270375
0.27457118
0.27344663
0.26402363
0.2704187
0.27788152
0.27719987
0.33426348
0.34970231
0.35720651
0.33234582
0.3096257
0.31963999
0.32592441
0.28904854
0.29622118
0.30280902
0.30964377
0.23967339
0.29588153
0.2998274
0.30060733
0.19289446
0.29592167
0.29365692
0.27295122
0.25577172
0.27158046
0.27640031
0.27462357
0.26304314
0.22192069
0.23543729
0.24907827
0.25098115
0.18621785
0.20309123
0.21394332
0.22188323
0.26056789
0.2599969
0.25630157
0.25632493
0.24332329
0.24719352
0.24805217
0.2526465
0.21520705
0.22020098
0.22574239
0.23497393
0.18590986
0.19396905
0.2000929
0.21076499
0.27305948
0.27505417
0.27811189
0.28007351
0.27704528
0.2795788
0.28244653
0.28510985
0.28051783
0.28454946
0.28775579
0.28826236
0.27848993
0.2845347
0.28738448
0.28673279
0.29236284
0.20011849
0.090234693
0.05677053
0.22113987
0.12431568
0.06465416
0.047141448
0.11298148
0.07084085
0.047498837
0.040998567
0.071402444
0.052120333
0.04161241
0.039939838
0.31616067
0.30947762
0.32427966
0.33158135
0.31368733
0.31287335
0.33072934
0.34431755
0.30333975
0.30527389
0.33002036
0.35341882
0.29658094
0.29976458
0.32704549
0.35357872
0.29584758
0.30226594
0.30947381
0.30659381
0.28825221
0.29677568
0.30538336
0.30399132
0.27374563
0.28243066
0.29193326
0.29212825
0.26776745
0.27622484
0.28492285
0.28601285
0.17492644
0.15695292
0.14300486
0.12185422
0.19607356
0.180869
0.16628896
0.1533536
0.20099096
0.1919948
0.1762072
0.15298176
0.21245004
0.19934954
0.18242375
0.16898882
0.24277442
0.22000371
0.19441456
0.17058931
0.26619969
0.2498416
0.21916862
0.19317689
0.27799946
0.25533143
0.2293751
0.20117025
0.27788345
0.25852929
0.2309365
0.20707149
0.093244264
0.077491597
0.061261643
0.03230492
0.088871013
0.071667154
0.059062504
0.036329279
0.095858082
0.07561422
0.058788267
0.041651332
0.098563298
0.080040194
0.061601647
0.041452715
0.13202504
0.13027817
0.11510737
0.093682461
0.1539575
0.13651579
0.11546762
0.093624125
0.15133672
0.14251065
0.12422022
0.10128155
0.17162936
0.14742414
0.12395631
0.10452949
0.22992861
0.22972311
0.22752612
0.22239828
0.22891393
0.22942222
0.22822765
0.2240163
0.22777517
0.22775151
0.22705593
0.2226088
0.2298368
0.22941516
0.2265013
0.22453606
0.24167183
0.24780674
0.25556719
0.25662257
0.23855186
0.24662028
0.25549476
0.25740439
0.2283085
0.23659242
0.2473905
0.25062899
0.2219603
0.22682038
0.23664857
0.24254423
0.22142574
0.22658116
0.23491619
0.23724834
0.22152998
0.22555107
0.23232193
0.23582714
0.23202586
0.23476847
0.23879019
0.24058324
0.23166973
0.23813252
0.24412913
0.24520945
0.22560065
0.22434367
0.22136908
0.21712724
0.22764241
0.22817681
0.22524846
0.21853849
0.22814525
0.22865046
0.22920206
0.22740013
0.22887009
0.23069479
0.23164024
0.22865402
0.295
0.29938008
0.3266265
0.35702722
0.29481817
0.3006378
0.33105211
0.36396825
0.29259154
0.30029361
0.3357992
0.37530478
0.2890956
0.29773284
0.33565787
0.37929816
0.28693948
0.29499963
0.33434408
0.38075828
0.27779138
0.28826031
0.32788181
0.37961412
0.27291695
0.28068686
0.31790122
0.36818974
0.279425
0.28318964
0.31983567
0.36872185
0.24527082
0.25610835
0.27149002
0.27607404
0.24335038
0.25206096
0.26193535
0.26759521
0.2461478
0.25255666
0.26173609
0.26518698
0.25056965
0.25884589
0.26922464
0.27255693
0.21002229
0.19972369
0.18551908
0.16870222
0.22101322
0.21015152
0.19552348
0.17688472
0.2338345
0.22396661
0.2082502
0.18800004
0.24475025
0.23503228
0.22029764
0.20051023
0.25102162
0.2423689
0.22899862
0.21014905
0.25864002
0.25233965
0.24063755
0.22224913
0.26572929
0.26246774
0.25641135
0.24186865
0.2687683
0.26740033
0.2634926
0.25287796
0.31003646
0.29238805
0.27057842
0.24902117
0.31096559
0.29725431
0.27673743
0.25602698
0.30630126
0.29392185
0.27809991
0.26259383
0.29676019
0.29038115
0.27674033
0.26417882
0.1074963
0.084753691
0.062624825
0.041255713
0.10693795
0.084901368
0.065145637
0.04407714
0.11857198
0.095787028
0.07205967
0.047054669
0.12880548
0.10327791
0.077120481
0.04641582
0.14112566
0.11320448
0.082149606
0.048282414
0.14043412
0.11425832
0.08674045
0.053072228
0.16322389
0.13427605
0.10273912
0.057458048
0.17682825
0.1496519
0.11000329
0.061086847
0.20820903
0.19355665
0.17418243
0.14781784
0.22138372
0.20583904
0.17853831
0.15080053
0.24091656
0.22687155
0.20041477
0.17156319
0.25434783
0.23949233
0.21215414
0.18701592
0.23482569
0.22960303
0.22763157
0.22549111
0.23916738
0.23605841
0.2310809
0.23021042
0.23354943
0.23848815
0.23543726
0.23333283
0.22589624
0.23243016
0.23794255
0.23475705
0.22229549
0.2282001
0.23569797
0.23706679
0.22157634
0.22040574
0.22936305
0.23605237
0.23431862
0.22379301
0.22064887
0.22541155
0.25219178
0.23954308
0.22419203
0.21980133
0.2398357
0.24027626
0.24330925
0.24314723
0.24715227
0.25361883
0.25741547
0.25910221
0.26208022
0.26285416
0.26639775
0.27019678
0.26540215
0.27554096
0.31274839
0.33559323
0.26224354
0.2781807
0.30562088
0.38022751
0.26426613
0.27365648
0.31243218
0.3800209
0.26309819
0.27143691
0.30051764
0.34344749
0.25888747
0.26705247
0.29539369
0.36229925
0.23852401
0.24509004
0.25390786
0.25869679
0.23962724
0.24403928
0.25270554
0.25860491
0.23306255
0.23995638
0.24830877
0.25697479
0.22529174
0.2334573
0.24408381
0.2529603
0.27519883
0.29368322
0.3292517
0.37396536
0.28160058
0.29212426
0.3171915
0.38045568
0.27890689
0.28976058
0.33685929
0.4153759
0.32246581
0.32412181
0.3412785
0.35733939
0.27390181
0.28799625
0.31284535
0.30504047
0.26751444
0.25634806
0.27998394
0.2837439
0.25680925
0.26959096
0.26006633
0.25536317
0.25807589
0.24793156
0.25152368
0.24789818
0.32795804
0.29119336
0.28237077
0.27494765
0.2825456
0.28439859
0.27510429
0.25957081
0.29460954
0.28509278
0.27353819
0.26723539
0.27814376
0.27009841
0.26283457
0.24966083
0.2642412
0.26622245
0.26820405
0.2583747
0.2734575
0.27230613
0.27266242
0.26670561
0.28831206
0.28416195
0.28309612
0.27891831
0.30358679
0.30365889
0.29808276
0.2902761
0.31126543
0.31316761
0.31151078
0.30332056
0.33454206
0.34172031
0.34156058
0.33323864
0.31665733
0.33434466
0.3573009
0.36407505
0.29073187
0.30573667
0.32574336
0.33191305
0.32340977
0.33171664
0.32326433
0.30487713
0.30543092
0.30782169
0.31778825
0.32301859
0.26465945
0.28087189
0.2984241
0.29881036
0.25610625
0.26340827
0.27336158
0.27356349
0.19707995
0.16554247
0.12176575
0.062769465
0.21292621
0.18168103
0.13465287
0.064845766
0.24636041
0.21792407
0.15765964
0.067194422
0.27102848
0.24650597
0.17011063
0.064969692
0.28361784
0.26105074
0.17213461
0.063649288
0.29895892
0.28346179
0.15502249
0.058562693
0.31233612
0.259446
0.10916246
0.05100379
0.31744363
0.19583425
0.081204
0.045494951
0.3055829
0.30153037
0.29775175
0.28660634
0.33236698
0.32500914
0.31499753
0.30170618
0.37363871
0.37137387
0.35134281
0.32043196
0.35295535
0.37072876
0.36698563
0.3353727
0.26338343
0.24824235
0.22877366
0.22214982
0.28447887
0.26649211
0.24501455
0.23298224
0.31257649
0.29560097
0.27278423
0.25095386
0.33006774
0.31644603
0.28820787
0.2653096
0.33552252
0.32523459
0.30058769
0.27975635
0.32944216
0.33176152
0.31876118
0.29818609
0.29668787
0.31221902
0.31950755
0.31288806
0.25742341
0.28200615
0.30091498
0.30161287
0.25813099
0.26663138
0.29360097
0.3431696
0.25394026
0.26309298
0.28737951
0.34266494
0.25005367
0.25846664
0.28225038
0.33447242
0.24593676
0.25590423
0.27864637
0.33276232
0.24676766
0.25328683
0.27741688
0.33171327
0.24808698
0.25328349
0.2752106
0.32982972
0.25104369
0.25445951
0.27373218
0.32628096
0.24975381
0.25553396
0.27255294
0.31871462
0.26980014
0.25168497
0.23944109
0.24123522
0.28438971
0.26649117
0.2477032
0.24506501
0.30453919
0.28618873
0.25833345
0.2495845
0.30551329
0.29331251
0.26818643
0.25209967
0.25395379
0.25700952
0.26522551
0.25709071
0.25222791
0.25408638
0.26055804
0.26091711
0.25322527
0.25284498
0.25989574
0.262558
0.25264069
0.25313751
0.25467466
0.25772476
0.25410288
0.25536046
0.25707614
0.2588143
0.2542358
0.2570016
0.2600424
0.26130482
0.25634921
0.25939959
0.26399287
0.26540955
0.25721179
0.26022997
0.26591217
0.26859685
0.27392551
0.26455461
0.25458442
0.25170555
0.27310458
0.26709896
0.25593166
0.25268677
0.27296508
0.26747939
0.25804539
0.25518144
0.26632431
0.26459365
0.25791833
0.25580852
0.28098997
0.29478607
0.31274438
0.31382468
0.27306034
0.28082817
0.29242656
0.29288141
0.27775458
0.28222373
0.28815591
0.28594336
0.28112931
0.28417344
0.28952589
0.28800605
0.28381296
0.28648651
0.29045223
0.28809889
0.28418979
0.28836243
0.29261293
0.29214073
0.2850565
0.28964179
0.29448413
0.29531414
0.28347208
0.29067839
0.29490807
0.29683184
0.26207324
0.26944859
0.277595
0.28018475
0.2630257
0.26749404
0.27656013
0.28029289
0.26657598
0.26903235
0.27474453
0.2812212
0.27025533
0.27200597
0.27575947
0.2762803
0.30264758
0.16399753
0.070861894
0.043205257
0.24329909
0.12023575
0.057781326
0.040043063
0.17479804
0.086809424
0.048605602
0.03859333
0.13437023
0.071311044
0.04467925
0.039104729
0.11626589
0.064855039
0.043035308
0.039846652
0.089076842
0.055278176
0.040964148
0.04047787
0.065048384
0.046672204
0.039771248
0.040397267
0.053177217
0.042595203
0.039737784
0.040056791
0.29384877
0.30038336
0.28919861
0.16643341
0.29542643
0.30010494
0.24754436
0.12355952
0.29736982
0.29443296
0.16452369
0.083654372
0.29871022
0.24431412
0.11058355
0.064166387
0.24124993
0.26044063
0.28251917
0.29000285
0.21310087
0.2226216
0.24268426
0.26897791
0.18848605
0.19333996
0.20084103
0.22041085
0.16921414
0.17053087
0.17398828
0.18141273
0.16008926
0.15715535
0.16071868
0.16570829
0.13627443
0.13206922
0.13362362
0.13930646
0.10454848
0.090356449
0.084602381
0.083414783
0.051381689
0.042856995
0.033144032
0.033262604
0.25225257
0.25896143
0.27196545
0.31077498
0.25246639
0.24843695
0.25850925
0.29630493
0.24165803
0.24068411
0.2443033
0.26328654
0.22738769
0.23549337
0.21257831
0.23255682
0.22021469
0.21999422
0.1993872
0.21995811
0.15815165
0.1901362
0.17286879
0.17996509
0.10644567
0.12947109
0.12855887
0.14193267
0.056883412
0.054366899
0.078632853
0.090769355
0.17499833
0.17879109
0.19296552
0.20591866
0.13943474
0.14526505
0.14665739
0.17017131
0.085469337
0.085672543
0.089379303
0.095083193
0.033640185
0.037377961
0.045305088
0.051982099
0.25859299
0.26196237
0.26725465
0.27106441
0.25635038
0.26315908
0.27049216
0.27484767
0.24147187
0.25477822
0.26986824
0.27728013
0.21887803
0.23594543
0.25906508
0.2726792
0.20562907
0.2228364
0.24970579
0.26902476
0.1716601
0.1904628
0.21930602
0.24198821
0.11081394
0.12115745
0.13988877
0.15614821
0.050069297
0.052505376
0.062489755
0.069236803
0.17057703
0.1782558
0.18641713
0.1961244
0.13971305
0.14504203
0.15221496
0.16468459
0.099934072
0.099476058
0.10276554
0.1047221
0.057941055
0.060899554
0.0520163
0.052872467
0.28161427
0.2898984
0.29629825
0.29647983
0.28700193
0.28837511
0.29800724
0.26883
0.28985208
0.2936539
0.24403828
0.15057431
0.28270859
0.2515263
0.14431478
0.08839717
0.27100358
0.19846191
0.10669846
0.070462928
0.1697755
0.10891589
0.066609007
0.050918615
0.079848245
0.059291324
0.04560089
0.041148871
0.052248937
0.045406946
0.041025269
0.039959179
0.27675115
0.28647192
0.2867229
0.28156669
0.25404971
0.26942819
0.26775655
0.21050744
0.16360867
0.17240438
0.1371011
0.096295322
0.071069366
0.07166321
0.063247591
0.055719115
0.048701214
0.041267088
0.039889953
0.039841425
0.043006439
0.040103748
0.040048454
0.039796623
0.040206642
0.039965734
0.040026023
0.039957885
0.040117592
0.040001764
0.039999531
0.039992667
0.039968599
0.03999082
0.04000541
0.039997452
0.03996068
0.040010921
0.03999426
0.040008813
0.04001645
0.039997077
0.040001805
0.039997455
0.039993811
0.040003576
0.039998689
0.039999368
0.059223926
0.046541798
0.040394219
0.040148537
0.046042985
0.041204377
0.03990065
0.040081304
0.040165658
0.03989703
0.040058948
0.039959524
0.040251126
0.039987018
0.039940001
0.040013709
