FiniteElementSpace
FiniteElementCollection: L2_2D_P3
VDim: 1
Ordering: 0

1.0216253
0.99899652
1.0010638
0.99894731
1.0093245
0.99967794
1.0004774
0.99945846
1.003584
0.99994974
1.0001808
0.99979877
1.0024243
0.99989571
1.0001647
0.99979452
1.0000043
1.0000028
1.0000003
0.99999837
0.99999738
1.0000033
0.99999977
0.99999926
0.99998608
1.0000047
0.99999824
1.0000022
0.99998829
1.0000043
0.9999981
1.0000028
1.0000001
0.99999999
1
0.99999997
1.0000001
0.99999998
1
0.99999997
0.99999992
1
1
0.99999999
0.99999981
1
0.99999999
1
1
1
1
1
1
1
1
1
1
1
1
1
1
1
1
1
0.99882198
1.0002069
0.99989252
1.0001439
0.99952868
1.000143
0.99993098
1.0001008
1.0002082
1.0000135
1.0000069
0.99999285
1.0000588
1.0000107
1.0000007
0.99999893
0.99999914
1.0000002
1
0.99999989
0.99999672
1.0000006
0.99999966
1.0000005
0.99999985
1.0000001
0.99999997
1
0.99999981
1
0.99999999
0.99999998
1
1
1
1
0.99999998
1
1
1
1
1
1
1
1
1
1
1
1
1
1
1
1
1
1
1
1
1
1
1
1
1
1
1
0.99998296
1.0000041
0.99999804
1.000002
1.0000015
1.0000005
1.0000001
0.99999998
0.9999978
1.000001
0.9999996
1.0000006
1.0000052
0.9999992
1.0000006
0.99999942
0.99999992
1
0.99999999
1
1
1
1
1
0.99999997
1
1
1
1
0.99999999
1
0.99999999
1
1
1
1
1
1
1
1
1
1
1
1
1
1
1
1
1
1
1
1
1
1
1
1
1
1
1
1
1
1
1
1
0.99999374
1.0000026
0.99999875
1.0000017
1.0000036
0.99999924
1.0000008
0.99999918
0.99999681
1.0000019
0.99999931
1.000001
1.0000107
0.99999696
1.0000023
0.99999759
0.99999986
1
0.99999998
1
1.0000001
0.99999998
1
0.99999999
0.99999993
1
0.99999999
1
1.0000002
0.99999994
1
0.99999996
1
1
1
1
1
1
1
1
1
1
1
1
1
1
1
1
1
1
1
1
1
1
1
1
1
1
1
1
1
1
1
1
0.99999666
1.0000008
0.99999974
1.0000006
0.99999786
1.0000006
0.99999979
1.0000004
1.0000007
1
1.0000001
0.99999983
1.0000009
1
1.0000001
0.99999982
0.99995537
1.0000098
0.99999579
1.0000057
0.99996603
1.0000087
0.99999674
1.0000039
0.9999928
1.0000044
0.99999981
0.99999932
1.0000012
1.0000033
1.0000003
0.99999853
0.99999997
1
1
1
0.99999997
1
1
1
0.99999999
1
1
1
1
1
1
1
0.99999961
1.0000001
0.99999997
1.0000001
0.99999969
1.0000001
0.99999997
1.0000001
1
1
1
1
1.0000001
1
1
0.99999999
1
1
1
1
1
1
1
1
1
1
1
1
1
1
1
1
1
1
1
1
1
1
1
1
1
1
1
1
1
1
1
1
3.230842
1.9503755
1.0671849
1.0102032
2.7059717
1.5784556
1.013399
1.008603
2.021856
1.2308805
0.99726997
1.0049296
1.5834574
1.080635
1.000888
1.0014367
1.0002696
1.0000195
1.0000135
0.99997801
1.0001298
1.0000269
1.0000034
0.99999349
1.0000071
1.000034
0.9999919
1.0000137
1.0000378
1.0000231
0.99999538
1.0000096
1.0000775
1.0000128
1.0000007
1.0000007
1.0001298
0.9999953
1.0000102
0.99998408
1.0000725
0.99999119
1.0000099
0.99998162
0.99997067
1.0000024
1.0000008
0.99999581
1.0020097
0.99985242
1.0001756
0.99975573
1.0011187
0.99983136
1.0001651
0.99972992
0.99950759
1.0000022
1.0000335
0.9999038
0.99875537
1.0001707
0.999917
1.0000947
1.000001
1
1.0000001
0.99999976
1.0000008
0.99999992
1.0000002
0.99999973
0.99999901
1.0000002
0.99999996
1.0000001
0.99999834
1.0000003
0.99999982
1.0000004
0.99999874
1.0000003
0.99999985
1.0000003
0.9999996
1.0000002
0.99999992
1.0000002
1.0000005
1
1
0.99999995
1.0000004
0.99999996
1
0.99999991
0.99999384
1.0000032
0.99999872
1.000002
1.0000047
1.0000012
0.99999988
1.0000003
1.0000094
0.9999995
1.0000007
0.99999885
1.0000032
0.99999972
1.0000004
0.99999923
1
1
1
1
1
1
1
1
1
1
1
1
0.99999999
1
1
1
0.99999999
1
1
1
0.99999999
1
1
1
1
1
1
1
1
1
1
1
0.99999985
1
0.99999999
1
0.99999992
1
0.99999999
1
1
1
1
1
1
1
1
0.99999999
1
1
1
1
1
1
1
1
1
1
1
1
1
1
1
1
1
1
1
1
1
1
1
1
1
1
1
1
1
1
1
1
1
1
1
1
1
1
1
1
1
1
1
1
1
1
1
1
1.3995079
1.0373499
1.002797
0.99992203
1.1590179
1.003389
1.0032221
0.99854461
1.0256979
0.9989667
1.001137
0.99900829
1.0044548
0.99978249
1.0002193
0.99975135
1.0018834
0.99986938
1.0001383
0.99983668
1.0005936
0.99990276
1.0000925
0.99986416
0.99950792
1.000038
0.99999092
0.99999073
0.99940902
1.0001296
0.99993399
1.0000888
0.99993596
1.0000086
0.99999618
1.0000036
0.99994429
1.0000105
0.99999467
1.0000068
0.99999792
1.0000026
0.9999995
1.0000004
0.99999744
1.0000016
0.9999996
1.0000003
0.99999588
1.0000015
0.99999939
1.0000015
1.0000004
1.0000008
0.99999967
1.0000006
1.0000033
0.99999974
1.0000003
0.99999944
0.99999836
1.0000002
0.99999988
1.0000002
1.0000434
1.0000106
0.99999949
1.0000034
1.0000621
0.99999892
1.000004
0.9999955
1.0000197
0.9999969
1.0000033
0.99999422
0.99995824
1.0000064
0.99999654
1.0000042
1.0000001
0.99999999
1
0.99999997
0.99999978
1
0.99999998
1
1
1
1
1
1
1
1
1
0.99999993
1
0.99999999
1
0.99999996
1
1
1
1
1
1
1
1
1
1
1
0.99999926
1.0000001
0.99999992
1.0000001
0.99999975
1.0000001
0.99999996
1.0000001
1.0000002
0.99999998
1
0.99999998
0.99999988
1
0.99999999
1
1
1
1
1
1
1
1
1
1
1
1
1
1
1
1
1
1
1
1
1
1
1
1
1
1
1
1
1
1
1
1
1
0.99999999
1
1
1
1
1
1
1
1
1
1
1
1
1
1
1
1
1
1
1
1
1
1
1
1
1
1
1
1
1
1
1
1
1
1
1
1
1
1
1
1
1
1
1
1
1
1
1
1
1
1
1
1
1
1
1
1
1
1
1
1
1
1
1
0.99990374
1.0000681
0.99997253
1.0000338
1.0001142
1.0000035
1.000006
0.99999449
1.0000073
1.0000081
0.99999809
1.0000023
1.0000631
0.99998943
1.0000081
0.99998969
0.99998106
1.0000066
0.99999746
1.0000027
0.99999431
1.0000003
1.000001
0.9999988
0.99999125
1.0000053
0.99999815
1.0000035
1.0000348
0.99999041
1.0000075
0.99998986
0.99999931
1.0000001
0.99999996
1.0000001
1.0000001
0.99999999
1
0.99999996
0.99999973
1.0000001
0.99999998
1
1.0000003
0.99999991
1.0000001
0.99999996
0.99999961
1.0000001
0.99999993
1.0000001
1.0000003
0.99999994
1.0000001
0.99999995
0.99999964
1.0000001
0.99999995
1.0000001
1.0000011
0.99999973
1.0000002
0.9999998
0.99999796
1.0000009
0.99999957
1.0000005
1.0000014
0.99999965
1.0000004
0.99999959
0.9999977
1.0000009
0.9999996
1.0000006
1.0000074
0.99999819
1.0000013
0.99999827
0.99999999
1
1
1
1
1
1
1
1
1
1
1
1
1
1
1
0.99999999
1
1
1
1
1
1
1
0.99999999
1
1
1
1
1
1
1
0.99999995
1
0.99999999
1
1
0.99999999
1
0.99999999
0.99999995
1
0.99999999
1
1.0000001
0.99999996
1
0.99999997
1
1
1
1
1
1
1
1
1
1
1
1
1
1
1
1
1
1
1
1
1
1
1
1
1
1
1
1
1
1
1
1
1
1
1
1
1
1
1
1
1
1
1
1
1
1
1
1
1
1
1
1
1
1
1
1
1
1
1
1
1
1
1
1
1
1
1
1
1
1
1
1
1
1
1
1
1
1
1
1
1
1
1
1
1
1
1
1
1
1
1
1
1
1
1
1
0.99996714
1.000014
0.99999362
1.0000095
1.0000214
0.99999564
1.0000056
0.99999527
0.99998531
1.0000123
0.99999678
1.0000072
1.0000633
0.99998135
1.0000155
0.99998544
0.9999968
1.0000209
0.99999393
1.0000051
0.99995626
1.0000107
0.99999699
1.0000099
1.0001016
0.99998347
1.0000215
0.99998663
0.99970907
0.99991463
1.000004
1.0000225
0.99999896
1.0000004
0.99999983
1.0000002
1.0000006
0.99999988
1.0000001
0.99999993
0.99999951
1.0000002
0.99999991
1.0000001
1.0000016
0.99999955
1.0000003
0.99999979
0.99999878
1.0000005
0.99999986
1
0.99999983
1
1
1.0000001
1.0000008
0.99999993
1.0000002
0.99999978
0.99999721
0.99999921
0.99999986
1.0000011
0.99999203
1.0000039
0.99999844
1.0000016
0.99999641
1.0000009
0.99999991
1.0000008
1.0000088
0.99999929
1.0000018
0.9999991
0.99997247
0.99999158
1.0000004
1.000002
0.99999998
1
1
1
1
1
1
1
0.99999999
1
1
1
1
0.99999999
1
1
0.99999998
1
1
1
1
1
1
1
1
1
1
1
0.99999997
0.99999999
1
1
0.99999984
1.0000001
0.99999997
1
0.99999997
0.99999999
1
1
1.0000001
1
1
1
0.99999983
0.99999991
1
1
1
1
1
1
1
1
1
1
1
1
1
1
1
1
1
1
1
1
1
1
1
1
1
1
1
1
1
1
0.99999999
1
1
1
1
1
1
1
1
1
1
1
1
1
1
1
1
1
1
1
1
1
1
1
1
1
1
1
1
1
1
1
1
1
1
1
1
1
1
1
1
1
1
1
1
1
1
1
1
1
1
1
1
1
1
1
1
1
1
1
1
1
1
1
1
1
1
1
