FiniteElementSpace
FiniteElementCollection: L2_2D_P3
VDim: 1
Ordering: 0

1.0007033
0.99912543
0.99962063
0.99982939
1.0001598
1.0004744
1.0002251
1.0000025
1.0349135
1.0041564
0.99997859
0.99994507
1.18619
1.0542809
1.0037568
1.0008864
1.0000045
1.0000012
1.0000004
0.9999982
0.99999782
1.0000004
0.99999954
1.0000008
0.99999634
1.0000014
1
1.0000003
1.000022
0.99999286
1.0000019
0.99999812
1
1
1
0.99999999
0.99999998
1
1
1
0.99999999
1
1
1
1.0000002
0.99999996
1
0.99999998
1
1
1
1
1
1
1
1
1
1
1
1
1
1
1
1
2.6346959
2.5886559
2.2556642
1.8066558
2.6829444
2.6885954
2.6030862
2.3103082
2.7432474
2.7494273
2.7641991
2.7225009
2.7816554
2.7909214
2.8063948
2.8183912
1.0009322
0.99995218
0.99991782
1.0000449
1.0043546
1.0000035
1.0003082
0.99970306
1.0682159
1.0047818
1.0006181
0.99978616
1.2447192
1.0447847
1.0005851
1.0008427
0.99999803
1.0000003
0.99999983
1
1.0000008
1.0000004
0.99999995
1.0000002
0.99998583
1.0000021
0.99999887
1.0000011
0.99999713
1.0000003
1.0000002
0.99999901
1
1
1
1
0.99999999
1
1
1
1
1
1
1
1
1
1
1
2.9253786
2.5277163
1.6638867
1.1808549
3.0376482
2.8611986
2.1125209
1.4396401
3.1012361
3.0714111
2.6748572
1.9565666
3.1457026
3.1296701
2.9718564
2.4021731
0.99983199
1.0000793
0.99996638
1.0000478
0.99922127
1.0001348
0.99993269
1.0000835
0.99965285
0.99998652
1.0000303
0.99992702
1.0006256
0.99987958
1.0001135
0.99982005
0.99999759
1.0000005
0.99999972
1.0000004
1.0000006
0.99999993
1.0000001
0.99999979
1.0000043
0.99999994
1.0000002
0.99999971
1.0000035
0.99999993
1.0000002
0.99999961
3.3293601
3.3035213
3.2908509
3.3135802
3.36775
3.3393364
3.3255005
3.3535279
3.4126107
3.3839476
3.3657586
3.3956557
3.4457009
3.4140293
3.3922195
3.4278637
1.0584619
0.99954278
1.0017792
0.9987552
1.1335194
1.0036413
1.0026257
0.99888161
1.2936147
1.0258182
1.002374
1.0000898
1.4609558
1.0645546
1.0009
1.0014983
0.99998241
1.000005
0.99999792
1.0000027
0.99992665
1.0000133
0.99999248
1.0000106
0.99987612
1.0000159
0.99999056
1.0000123
0.99990987
1.0000067
0.99999663
1.0000016
3.5549524
3.5131951
3.4867311
3.5428399
3.5716026
3.5313607
3.5057299
3.5652816
3.6010993
3.5607782
3.5326537
3.5933456
3.6313663
3.589668
3.551221
3.6108318
2.3552816
1.4762575
1.0140144
1.0066468
2.5185064
1.5914413
1.0289155
1.0070929
2.6864564
1.7297119
1.0533695
1.0069953
2.790184
1.8291734
1.0737776
1.0074263
1.0001532
0.99998083
1.0000146
0.99997796
1.0001767
0.99998156
1.0000154
0.99997915
1.0001483
0.99999738
1.0000106
0.99998221
1.000258
0.99997783
1.0000216
0.99997961
3.5567736
3.4953628
3.4603908
3.5346092
3.5511102
3.4756247
3.395297
3.417575
3.5772784
3.5021449
3.3964976
3.395806
3.5898613
3.5075537
3.4140606
3.4127984
3.8515167
2.7858881
1.4020394
1.0755685
3.8901273
2.9143177
1.34932
1.0247258
3.6927862
2.6821566
1.3113956
1.0218328
3.6861616
2.5923913
1.2566982
1.0144961
1.0013421
0.99970517
1.0001803
0.99985268
0.99986398
1.0000709
0.99996801
1.0000466
1.0001754
0.99998481
1.000018
0.99998439
0.99990334
1.0000429
0.99997576
1.0000287
1.0000151
1.0000403
1.0000041
0.99998146
1.0000332
0.99998563
0.99999667
1.000007
0.99988403
1.0000475
1.0000017
1.0000041
1.0000434
0.99975824
1.0000545
0.99999185
1.001117
1.000122
0.99977197
1.0000017
1.0056864
1.0001765
1.000477
0.99979527
1.0975685
1.0148512
1.0000196
1.0001896
1.3435984
1.102577
1.0061172
1.0011741
1.3492549
1.1289979
1.0166736
1.0023524
1.8035292
1.4312618
1.1096472
1.0202768
2.3840476
2.0532951
1.5095693
1.1956159
2.5931227
2.4613263
1.9959971
1.5459683
1.0000003
1.0000002
0.99999995
0.9999999
0.99999974
1
0.99999999
1
0.99999988
1.0000001
0.99999997
1.0000001
1.000002
0.99999949
1.0000003
0.9999997
0.99999892
1.0000004
0.9999997
1.0000002
0.99999877
1.0000004
0.99999987
1.0000002
0.99999532
1.0000007
0.99999969
1.0000001
1.0000386
0.99999481
1.0000046
0.99999578
0.99998067
1.0000121
0.99999764
1.0000003
1.0000583
0.99999545
1.0000015
1.0000011
0.99975214
1.000057
0.99997902
1.0000205
1.0001415
0.99982327
1.0000871
0.99991924
1
1
1
1
1
1
1
1
1
1
1
1
1
1
1
1
0.99999998
1
1
1
1
1
1
1
1
1
1
1
1
0.99999999
1
1
0.99999981
1
0.99999997
1
0.99999996
1
1
1
1.0000001
1
1
0.99999999
1.000002
0.99999977
1.0000002
0.9999999
1
1
1
1
1
1
1
1
1
1
1
1
1
1
1
1
1
1
1
1
1
1
1
1
1
1
1
1
1
1
1
1
1
1
1
1
1
1
1
1
1
1
1
1
1
1
1
1
1.5596982
1.2102193
1.0228984
1.0027568
2.0648251
1.570511
1.1292293
1.0192358
2.6191387
2.2178255
1.5266604
1.1622719
2.8006936
2.6238063
1.9997458
1.4519379
2.8383584
2.7564835
2.262942
1.6780982
2.8822901
2.870973
2.660352
2.1621561
2.9372371
2.9285445
2.9112469
2.7064309
2.9794839
2.9758753
2.9746048
2.9331942
0.99997333
1.0000052
0.99999528
1.0000041
1.0000959
0.99999837
1.0000056
0.99999499
0.99978804
1.0000583
0.99997163
1.000036
0.9994743
1.0000703
0.99997101
1.0000277
0.99995415
0.99988518
1.0000605
0.99990238
1.0006677
0.99998009
1.0000472
0.99994246
1.0050147
0.99968022
1.000292
0.99967492
1.0318806
1.0000368
1.000891
0.99930267
1.4053728
1.1006882
1.002539
1.0014476
1.8273255
1.3135701
1.0266785
1.0030678
2.4483444
1.8185469
1.182424
1.0242576
2.8060736
2.2921999
1.4587633
1.0995491
1
0.99999999
1
0.99999998
0.99999992
1
0.99999999
1
0.99999976
1
0.99999999
0.99999999
1.0000006
1.0000001
1
0.99999995
1.0000035
0.99999963
1.0000002
0.99999985
0.99999694
1.0000009
0.99999954
1.0000006
1.0000018
1.0000001
1.0000003
0.99999962
0.99999473
1.0000021
0.9999993
1.0000006
1.0000564
0.99999238
1.0000058
0.99999245
1.000014
1.0000062
0.99999803
1.0000036
1.0000989
1.0000025
1.0000049
0.99999487
1.0000744
1.0000292
0.99999457
1.0000067
1
1
1
1
1
1
1
1
1
1
1
1
1
1
1
1
0.99999999
1
1
1
1
1
1
1
1
1
1
1
1
1
1
0.99999999
1
0.99999999
1
1
0.99999969
1
0.99999998
1
1.0000002
0.99999998
1
0.99999996
0.99999982
1
1
0.99999998
3.0112366
3.0018986
2.9999722
2.9950737
3.0561613
3.0441636
3.0422452
3.0580538
3.1161736
3.1042661
3.104225
3.1200101
3.163897
3.1519922
3.1504857
3.1674132
3.1909131
3.1783257
3.1771183
3.1942595
3.2437679
3.2304593
3.2246195
3.2399122
3.3122774
3.293473
3.2811365
3.300835
3.3629068
3.3372283
3.3223011
3.347076
1.0690583
1.0023387
1.0012909
0.99924895
1.2106383
1.0226975
1.0011569
1.0003209
1.5749391
1.1353808
1.0007858
1.0024249
1.9722562
1.3303756
1.0145161
1.0039805
2.2048271
1.4776476
1.0359514
1.0049985
2.6173136
1.8208429
1.1219423
1.0109559
3.0198464
2.3281311
1.3520115
1.0463438
3.1942365
2.6847463
1.6182567
1.1176023
3.1688517
3.1523535
3.072116
2.6235242
3.2123521
3.1931029
3.1786356
2.9573955
3.2689254
3.2486747
3.2394362
3.2037467
3.3085233
3.2839385
3.2722987
3.2866956
0.99997326
1.0000054
0.99999714
1.0000043
0.99996728
1.0000041
0.99999817
1.0000008
1.0000529
0.99999381
1.0000063
0.99999016
1.0000814
0.99999954
1.0000043
0.99999238
1.0000488
1.00001
0.99999759
1.000003
1.0000063
1.0000234
0.9999915
1.0000161
1.00014
1.0000176
1.0000027
0.99999482
1.0001743
1.0000312
1.0000014
0.99999414
1.0010809
0.99986878
1.000121
0.99983849
1.0020059
0.99992575
1.0001244
0.99986318
1.0101446
0.99958333
1.0005086
0.99944742
1.0340414
0.99924646
1.0012528
0.998931
0.99999973
1.0000001
0.99999997
1.0000001
1.0000001
0.99999998
1
0.99999995
1.0000001
1
0.99999999
1
1.0000001
1
1
0.99999998
0.99999957
1.0000001
0.99999994
1.0000001
0.99999917
1.0000002
0.99999992
1.0000002
1.0000004
1
1
0.99999993
0.99999988
1.0000002
0.99999997
1.0000001
0.99999935
1.0000007
0.99999965
1.0000007
0.99999233
1.0000023
0.99999892
1.0000015
1.0000025
1.000001
1.0000002
0.99999927
1.0000011
1.0000021
0.99999975
0.99999991
3.390601
3.3619135
3.3454785
3.3718407
3.435263
3.4055344
3.3903205
3.4178458
3.4944436
3.4629988
3.4409807
3.4706285
3.5427039
3.5046375
3.476163
3.5105683
3.5655728
3.5234983
3.4941611
3.5317623
3.6053811
3.5597358
3.5270323
3.5704041
3.6509673
3.6026519
3.5689018
3.6171242
3.68118
3.6316489
3.5925402
3.6439386
3.2469875
2.8438664
1.7839292
1.1781686
3.3028994
3.0725146
2.1160721
1.3383434
3.3394335
3.2451907
2.5329744
1.626171
3.3641329
3.3118679
2.8003685
1.8842033
3.3769938
3.3350086
2.9188203
2.0269673
3.4012538
3.365397
3.0968574
2.291936
3.429746
3.39317
3.2537334
2.6081951
3.4472561
3.4103565
3.3269938
2.8085351
3.4626043
3.4292209
3.4080344
3.4452533
3.4942182
3.4586513
3.4340926
3.4746183
3.529353
3.4903902
3.4637542
3.510015
3.5476686
3.5069069
3.4786048
3.530764
1.0000267
1.0000675
0.99997922
1.0000373
0.99948668
1.0001544
0.99992686
1.0001485
0.99880979
1.0002144
0.99989209
1.0002521
0.99881432
1.0001222
0.99995221
1.0001651
0.99892992
1.0000821
0.99998089
1.0001129
0.99945557
0.9999822
1.0000509
0.99998422
1.0004051
0.99980819
1.0001585
0.9997715
1.0013825
0.99970046
1.0002566
0.9995961
1.5626126
1.094883
0.99986273
1.0023717
1.7712187
1.1705306
0.99861451
1.0038919
2.0534771
1.3001236
1.0011413
1.0056187
2.2580798
1.4141093
1.0083546
1.0063603
0.99999841
1.0000004
0.99999983
1.0000004
0.9999944
1.000001
0.99999939
1.0000014
0.99999426
1.0000009
0.99999953
1.0000012
1.0000012
0.99999959
1.0000005
0.99999913
1.0000035
0.99999953
1.0000006
0.99999884
1.0000095
0.99999925
1.0000009
0.99999769
1.0000114
0.99999916
1.000001
0.99999764
1.0000121
0.99999918
1.000001
0.9999978
0.99992971
1.0000025
0.9999996
0.99999666
0.99999009
0.99999263
1.0000071
0.99998395
1.0000902
0.99998007
1.0000145
0.9999767
1.0001722
0.99997157
1.0000199
0.99997263
3.6963124
3.6452706
3.6051653
3.6566628
3.7170892
3.6656485
3.6232151
3.6797279
3.7431201
3.6927852
3.652642
3.7181596
3.7642052
3.7199258
3.683222
3.7546021
3.7703829
3.7310368
3.6990757
3.7764992
3.7698285
3.7342849
3.6998933
3.7768686
3.7778504
3.7325285
3.6845587
3.7644006
3.7738747
3.7156477
3.6508036
3.7149724
3.4564053
3.417738
3.3540523
2.9021058
3.4721409
3.4303147
3.3864789
3.035766
3.4903847
3.4424822
3.4110588
3.1704761
3.5002193
3.4523891
3.4231439
3.2310751
3.5028104
3.4539108
3.4367988
3.298493
3.5050712
3.4627661
3.4337956
3.3032623
3.4949946
3.4581998
3.4547894
3.3946859
3.4459063
3.3985702
3.2931955
3.1722141
3.6454314
3.5975108
3.5580773
3.6197985
3.6414158
3.5973139
3.556604
3.6275739
3.6157467
3.5709196
3.5385664
3.6200483
3.5718534
3.5294595
3.4969587
3.573262
1.0013119
0.99975646
1.0002395
0.99956701
1.0020071
0.9997774
1.0002281
0.99958352
1.0023691
0.99992961
1.0002166
0.99958699
1.0036479
0.99977359
1.0003263
0.99943552
1.0010406
0.99977596
1.0002369
0.99941877
1.0046848
0.99998472
1.0002117
0.99966747
0.998708
0.99988101
1.0002545
0.99949529
0.99807281
1.0012328
0.99935061
1.0010931
2.8190206
1.8421955
1.0851046
1.0097647
2.9263642
1.9730567
1.1052722
1.0073233
2.9341688
1.9515087
1.1233466
1.0101478
3.1458479
2.294128
1.1671196
0.978147
1.0000078
1.0000004
1.0000002
0.99999879
1.0000063
1.000001
0.99999982
1.0000002
1.000004
1.0000025
0.99999972
0.99999964
1.0000025
1.0000018
0.99999941
1.0000032
1.0000003
1.0000018
0.99999939
0.99999941
0.99999154
1.0000039
0.99999811
1.0000046
1.0000081
0.99999958
1.0000015
0.99999663
0.99995541
1.0000141
0.99999513
0.99999282
1.0001326
0.9999934
1.0000083
0.99998577
1.0002023
1.0000049
1.0000037
1.0000027
1.0000541
0.9999936
1.000013
0.99998535
0.99920009
1.000226
0.99987104
1.0000875
3.7689832
3.7086355
3.6426288
3.6995282
3.7618874
3.7089594
3.6511272
3.7148839
3.76654
3.7217053
3.6712084
3.7257585
3.7726591
3.7243442
3.6779693
3.732136
3.7645801
3.712287
3.6614063
3.7143406
3.7378549
3.6850239
3.6376302
3.6869627
3.7074099
3.6563239
3.6114197
3.6608865
3.687774
3.6433771
3.5982524
3.6411929
3.9262737
3.8727466
3.8282964
3.905631
3.8919336
3.8389474
3.797527
3.8696009
3.8583139
3.8032533
3.7598218
3.8268683
3.8430685
3.7842388
3.7381255
3.7961502
3.3897048
3.3247604
2.9975182
2.4003462
3.2712322
3.1776871
2.7189776
1.915378
3.2378721
3.1264452
2.7189095
2.0179626
3.2508627
3.1310084
2.7105509
1.8792296
1.0223771
0.99671906
1.0019641
0.99904724
1.006921
1.0002424
1.0001754
0.9997856
1.0029835
0.99984589
1.0002275
0.99977809
1.0040252
1.0000643
1.0001558
0.99981276
1.0000688
0.99998361
1.0000073
1.0000016
0.99997247
1.0000054
0.99999775
1.0000055
1.000008
0.99999912
1.000001
0.99999892
0.99997812
1.0000041
0.99999818
1.0000039
