FiniteElementSpace
FiniteElementCollection: L2_2D_P3
VDim: 1
Ordering: 0

3.0378531
2.2481712
1.5125681
1.2590463
1.6359607
1.2212228
0.99052623
0.71928671
1.2751829
1.3489562
1.1161085
0.96471465
1.9800028
1.6580348
1.2412436
1.0798915
1.0754692
0.94455959
0.91927164
1.4214263
0.36647086
0.29631963
0.28763057
0.45290646
0.41997789
0.46512074
0.47468661
0.45222515
0.44037063
0.4602669
0.46550334
0.47400039
1.8710693
1.1714839
1.2184792
1.0396721
1.6618232
1.3241854
1.1042519
1.1335419
1.7591449
1.2507149
1.5405494
1.7169019
3.4314575
2.6408095
1.8693588
1.9134307
1.1225749
1.3169184
1.2636303
1.1810572
1.6653778
1.6764245
1.62923
1.5045483
1.9200244
1.9837968
2.0989474
2.0538052
2.0369429
2.1449727
2.2568538
2.3143042
4.5281452
3.5023164
2.0042654
1.9059473
5.7113838
3.9221018
2.6300211
1.9918307
5.9767595
3.3351269
3.2195256
2.4520805
8.0066427
4.8902325
3.090823
2.4982944
0.58297854
0.58751704
0.57877853
0.56761345
0.59769081
0.59802376
0.58492477
0.57643969
0.61546778
0.6095462
0.59860421
0.57135329
0.6265835
0.6217069
0.60496321
0.57798363
2.3291493
1.9023093
2.071399
2.1270427
2.2618129
2.1202762
2.1597396
2.2446536
2.4330473
2.2369972
2.3021454
2.3649132
2.6037347
2.4173828
2.4245145
2.4666211
2.4500156
2.5033197
2.5524029
2.5780264
2.5220693
2.5617547
2.5974646
2.6218928
2.6007287
2.631933
2.6620808
2.6839625
2.659114
2.6851143
2.7137133
2.7373758
14.445388
7.5143669
4.591964
4.072754
17.061651
8.0337836
5.2612183
4.5657969
18.612708
9.849917
5.3711356
5.0368891
22.144271
11.059511
5.755356
5.5369905
0.66943455
0.63815139
0.60998632
0.59486806
0.66669281
0.65046371
0.61248654
0.58886835
0.68583636
0.65034147
0.61186506
0.58113933
0.69252709
0.65390597
0.61974921
0.58406807
2.7913114
2.5829093
2.6692133
2.7736723
2.8491608
2.6801228
2.7430382
2.8608275
2.9663206
2.7744915
2.8654692
2.9802941
3.0851182
2.8863383
2.9534734
3.0752988
2.9358857
2.9516821
2.9682119
2.9845692
3.0117159
3.0229022
3.0343013
3.0541203
3.1186371
3.123509
3.1282956
3.147898
3.1965737
3.1950729
3.1970216
3.2207413
2.9990802
2.9993512
2.9996141
3.0085382
3.0608229
3.0529418
3.0489558
3.0613052
3.1397794
3.12576
3.1197674
3.1268582
3.1980178
3.1784858
3.1640148
3.1772286
32.666684
17.14151
7.1517822
7.2150342
31.500648
18.710231
7.4598078
7.7796058
34.942761
20.046234
7.8903887
8.0421007
38.056807
22.768081
8.1938294
8.6713022
0.72186066
0.68084746
0.63978334
0.58319231
0.72915169
0.67361337
0.62951867
0.58791923
0.73657694
0.67528236
0.62918516
0.60554223
0.73529495
0.69381838
0.6370991
0.61604062
3.3969095
3.2320755
3.3433284
3.5248983
3.4785679
3.3189364
3.4440191
3.6392918
3.5863217
3.4256453
3.5596455
3.7839666
3.6559657
3.5006013
3.6593334
3.901158
3.5679895
3.560161
3.5506169
3.5834658
3.6591589
3.6391715
3.6210845
3.6543022
3.7731991
3.7422581
3.7098405
3.7472993
3.8625421
3.8223888
3.7795986
3.8245367
3.4398867
3.4135007
3.3981731
3.4230484
3.4990325
3.4711015
3.4528213
3.4770783
3.5832596
3.5473561
3.5188119
3.5470528
3.6424725
3.5996515
3.5691502
3.6043369
4.1328829
4.0894766
4.0594919
4.1354788
4.1728766
4.1254479
4.089018
4.1745063
4.2402925
4.1816926
4.1359216
4.2237155
4.2764801
4.2202805
4.171651
4.2677023
3.8437846
3.7868584
3.7441773
3.8011582
3.8641591
3.8123014
3.7682008
3.8296934
3.8919568
3.839589
3.7960653
3.8667914
3.9134604
3.8603298
3.8142965
3.8930008
4.3617032
4.301864
4.2208808
4.3201786
4.3226249
4.2687762
4.2040027
4.3139337
4.3013606
4.2445229
4.1902338
4.2987664
4.3033618
4.2458674
4.1892444
4.2878804
3.9518006
3.910856
3.8550716
3.9313787
3.9303601
3.884163
3.830749
3.9136526
3.9256971
3.8704848
3.8179578
3.9025933
3.9331447
3.8757365
3.82558
3.9028454
0.5827043
0.49077337
0.53912263
0.76153642
0.40375527
0.36505483
0.34378972
0.35169579
0.51744055
0.39899596
0.35918578
0.38422742
0.53968791
0.44920574
0.4230291
0.42442273
0.58038514
0.46774578
0.44647076
0.44906692
0.66300899
0.50404845
0.47872811
0.49666381
0.68773441
0.55291737
0.51701433
0.53821218
0.75590931
0.58766839
0.54737535
0.56693109
2.030034
1.6201134
1.321293
1.1305574
2.7149381
1.8313678
1.6175991
1.2586247
2.9248088
2.1806254
1.9769237
1.5588835
4.7623871
2.2930985
2.2184813
1.6082418
1.6254056
0.55930513
1.274846
2.6999039
0.52457797
0.31841836
0.17146355
0.61679288
0.46976915
0.41929403
0.55670621
0.68213911
0.47636036
0.49188955
0.58989696
0.89350363
0.53179332
0.55244079
0.5176112
0.64323793
0.54886657
0.51608495
0.50862697
0.64038808
0.5469491
0.51929988
0.52991688
0.60219686
0.55866255
0.54614068
0.53255795
0.67382334
0.46247296
0.48897078
0.49924392
0.51524753
0.50244169
0.52646706
0.54604172
0.55045527
0.54815483
0.56479101
0.57022412
0.56152459
0.57117637
0.58225664
0.57600337
0.55790391
1.1824456
1.1311027
1.1373671
1.0034191
1.2439432
1.4551336
1.4610832
1.5583096
1.6928324
1.6629244
1.7981758
1.901633
1.9413417
1.87396
1.8801789
1.9722731
1.9373896
1.8824761
1.9300845
2.0093833
1.8834509
1.9237903
2.0091614
2.1283515
1.9901429
2.0504709
2.1606151
2.2622307
2.1011595
2.1731601
2.2810867
2.3602629
4.174806
1.9008409
2.2351328
2.0587169
2.8084158
2.0256225
1.8395453
1.933763
2.4396293
2.1229416
1.9899394
1.9821246
2.7521155
2.1066878
2.0685766
2.0536543
1.1523874
1.0492791
1.0096897
1.0011034
1.4081772
1.2081887
1.0464937
1.0100468
1.9621833
1.7115305
1.3446978
1.1381662
2.3068996
2.1689236
1.7815119
1.4486087
2.3893447
2.3334978
2.0432528
1.6929264
2.4533756
2.4718869
2.3962193
2.1752083
2.5145105
2.5328466
2.5521371
2.5310028
2.5610572
2.5814317
2.5980646
2.6029993
2.084528
2.2001456
2.3280805
2.3778836
2.1769935
2.3051002
2.3963031
2.4377664
2.3144275
2.3987408
2.4683626
2.5017877
2.3955923
2.4663404
2.5219621
2.5524395
0.87374179
0.59174693
0.5747602
0.57501209
0.88816809
0.66732312
0.59848964
0.60414891
0.86307808
0.73266639
0.63925167
0.62040226
1.0078919
0.79494764
0.6742504
0.63623468
1.0700066
0.8174434
0.69320928
0.64243086
1.1811695
0.88658359
0.7233451
0.65407649
1.3546226
0.97786522
0.75601791
0.66894443
1.4439687
1.0550914
0.78639163
0.69310578
8.6508437
4.8623967
3.6713106
2.7828625
9.2910368
4.7659211
4.1878407
3.2454441
12.319819
6.0900411
4.0650168
3.4958213
14.180569
6.6931425
4.779407
3.9072576
0.55598752
0.54619444
0.5119881
0.66036349
0.56370315
0.52889631
0.51508709
0.62682792
0.55403056
0.52630538
0.53634913
0.63532764
0.56092635
0.54136159
0.53727918
0.65636779
0.56534891
0.54349947
0.54729712
0.64208283
0.56737145
0.55195626
0.54134856
0.64676262
0.57497735
0.55025341
0.55048897
0.65665147
0.57890233
0.54765368
0.55853558
0.66213469
0.63064287
0.62444938
0.60353715
0.58175557
0.6343072
0.62684231
0.60796539
0.57370875
0.65378034
0.63563264
0.60614997
0.58017555
0.6754391
0.635901
0.61031144
0.59049122
2.1711735
2.2457994
2.3369107
2.4126631
2.2679614
2.3396057
2.4337236
2.4988973
2.4032532
2.4614344
2.5353556
2.5847833
2.4856572
2.5344136
2.6003465
2.6437837
2.5093751
2.5652357
2.6340114
2.6792586
2.5773391
2.6356016
2.6997494
2.7415655
2.6767143
2.735956
2.7921902
2.8283038
2.7583947
2.8115591
2.8612507
2.8948138
2.6336037
2.374888
2.4254432
2.4862265
2.611416
2.4616537
2.4772744
2.5519122
2.7200685
2.522068
2.5680704
2.6536141
2.8562534
2.610534
2.6368659
2.7417434
2.5871146
2.6054134
2.6225371
2.6329164
2.6299912
2.6468804
2.6630908
2.6754999
2.6915017
2.7082371
2.721329
2.7308139
2.7439948
2.7568767
2.7651319
2.7742583
2.7730375
2.7845926
2.7895557
2.7955823
2.8254778
2.8292189
2.8323931
2.845878
2.888967
2.8896764
2.8959069
2.9106123
2.9413687
2.9430541
2.9509834
2.9679567
2.6923342
2.7143848
2.743555
2.7695112
2.7494489
2.7706007
2.7977787
2.8222717
2.8322341
2.8498231
2.8742566
2.8927558
2.8961474
2.9139974
2.9340388
2.9474769
2.7951894
2.8058397
2.8169088
2.8315307
2.8449195
2.8488023
2.856956
2.8713557
2.907514
2.9139203
2.9242081
2.9339908
2.9656406
2.9714667
2.9712534
2.9791744
1.5193432
1.0961642
0.80310466
0.70506643
1.6371196
1.1500848
0.8268482
0.70120629
1.7831062
1.2357574
0.83847675
0.70848535
1.9004137
1.3016669
0.86437915
0.72612359
1.9416451
1.33532
0.8748466
0.73327349
2.0074625
1.3962433
0.87788781
0.73633103
2.1102736
1.4690963
0.90241243
0.7383901
2.2143539
1.5440267
0.92678316
0.74996896
22.427454
12.134139
5.8460592
5.8212366
24.294399
12.920016
6.23912
6.3878171
27.955348
14.519869
6.6958129
6.6546567
29.805906
16.890505
7.1165281
7.4639607
0.56951411
0.54597966
0.56107111
0.66209882
0.56113401
0.54249444
0.56692926
0.66353229
0.55790191
0.55127319
0.58072795
0.65828416
0.56991986
0.55851122
0.59102899
0.66011205
0.56658236
0.55761398
0.60039738
0.65450408
0.56558788
0.5559264
0.60988852
0.66263463
0.55865716
0.55702393
0.62235202
0.67095332
0.57153617
0.57102051
0.63941182
0.6758435
0.68803172
0.6545388
0.61914443
0.592185
0.68734628
0.65359482
0.62498675
0.58507682
0.69161391
0.66353658
0.63057627
0.58403793
0.7036198
0.67834112
0.63761719
0.58598244
2.7990383
2.8495493
2.8988871
2.9346775
2.8733422
2.9246879
2.9736422
3.0139491
2.9868283
3.0383699
3.0871373
3.127989
3.0744105
3.1273418
3.1701037
3.2130216
3.122356
3.1731854
3.2169656
3.2591668
3.2245243
3.2684523
3.3024739
3.345567
3.349985
3.3855575
3.41171
3.4588475
3.4368907
3.4708715
3.499448
3.5572857
3.0933124
2.8943358
2.9876214
3.1212301
3.1635298
3.0048994
3.0891855
3.2335366
3.3219469
3.1235789
3.2212511
3.3705571
3.4190683
3.2046039
3.3065259
3.4666652
2.9779014
2.9778414
2.9885536
3.0094344
3.0441234
3.0452694
3.0536827
3.0720634
3.1324674
3.1321146
3.1419939
3.1590833
3.2032036
3.2056899
3.2118656
3.222905
3.2467472
3.2466394
3.2444837
3.2542972
3.3267213
3.3168443
3.3047242
3.316773
3.4225678
3.4033232
3.3855935
3.396462
3.4941859
3.4674476
3.4424087
3.4548435
3.2384827
3.2341583
3.2378447
3.2654637
3.3165254
3.3111822
3.3171265
3.3525187
3.4232275
3.4206053
3.4270472
3.4597107
3.5160897
3.510796
3.5069419
3.5414067
3.2272754
3.203659
3.1911372
3.2062461
3.2807777
3.2542051
3.241705
3.2607655
3.3524813
3.3237374
3.3124033
3.3369712
3.4056654
3.3805079
3.3702234
3.393057
2.2415866
1.571401
0.93425133
0.74735955
2.2835246
1.6196957
0.93140084
0.76322249
2.3934599
1.6647088
0.96512955
0.77712845
2.4492566
1.7322379
0.99789078
0.80500697
0.56992551
0.57608831
0.65006079
0.68021687
0.5677963
0.58497191
0.65925711
0.69042791
0.56588212
0.59282759
0.67046973
0.6882466
0.58104365
0.60075854
0.68673819
0.69061493
0.58779564
0.6112088
0.70103381
0.69266118
0.59232576
0.61759636
0.71112799
0.7095925
0.59416819
0.63509717
0.71814686
0.71079988
0.60423816
0.64979976
0.73349519
0.70905185
0.73963937
0.69309131
0.63934169
0.60660677
0.72878732
0.69381387
0.63603356
0.59845244
0.75707786
0.68778915
0.64408607
0.59753225
0.77418468
0.69891642
0.65631625
0.60643697
3.4889269
3.5257551
3.5521596
3.6146317
3.5954743
3.6320424
3.65775
3.7201584
3.7329241
3.7734853
3.7885127
3.8502741
3.8435648
3.873974
3.8810832
3.9563496
3.8750564
3.9108456
3.9249177
4.0004896
3.9425415
3.9778287
3.991136
4.0680453
4.0612927
4.0887327
4.0791736
4.1638933
4.1361281
4.167418
4.1547777
4.2468575
3.6718232
3.5422522
3.6997854
3.9439155
3.7589152
3.6193209
3.7627847
4.0115956
3.8641129
3.7196557
3.8708793
4.1472068
3.919663
3.7695977
3.9381577
4.2238105
3.530303
3.4962816
3.4693985
3.4878819
3.5892427
3.551342
3.5263047
3.5536102
3.6686349
3.629685
3.6091107
3.6474882
3.7337283
3.6958531
3.6764414
3.7190281
3.7660424
3.7268036
3.7063136
3.7511438
3.8338776
3.7931058
3.7638968
3.811291
3.9204351
3.8758817
3.8374462
3.8896397
3.9874087
3.9355893
3.8919229
3.9469446
3.902546
3.8588566
3.8189626
3.8623289
3.9599264
3.9145798
3.8807396
3.93312
4.0361078
3.9919021
3.9642807
4.030496
4.1039028
4.0606045
4.0339865
4.1110945
3.669787
3.6280197
3.5982432
3.6323985
3.7208427
3.6776229
3.6427975
3.6814213
3.7857056
3.7371147
3.6957645
3.7402778
3.8290778
3.7748998
3.7290314
3.7803755
4.1568707
4.194006
4.1894873
4.2740307
4.208135
4.2375489
4.2308864
4.3238756
4.2683351
4.3068745
4.3067546
4.4074463
4.3196807
4.351779
4.3483148
4.4527563
4.3363364
4.3644029
4.3588902
4.47335
4.3324804
4.3638746
4.3567229
4.4803215
4.3845221
4.4129615
4.3941695
4.5312241
4.4150356
4.4529106
4.4446404
4.5888608
4.0078616
3.9587021
3.9120263
3.9684377
4.032858
3.9817795
3.9318844
3.9978464
4.0680681
4.0113072
3.961051
4.0357757
4.0987668
4.0430137
3.9891996
4.0679638
4.1164491
4.0592115
4.0019827
4.0826625
4.1210457
4.0674691
4.00639
4.0916152
4.1223124
4.0686924
4.0114843
4.1136588
4.1182474
4.0644629
4.0178473
4.1349664
4.2922758
4.2377103
4.1889984
4.2894235
4.2878537
4.2394559
4.1946723
4.3071778
4.32005
4.2747066
4.2180505
4.3300793
4.3603546
4.3033051
4.2273779
4.3309342
3.9219462
3.8653027
3.8172386
3.9019385
3.9163101
3.8614798
3.816177
3.9100623
3.9303998
3.883219
3.8387101
3.9331419
3.9555811
3.9142273
3.8600992
3.9385052
4.1076435
4.0550135
4.0127853
4.1309782
4.1080423
4.0578286
4.0056512
4.1116183
4.1139564
4.0638608
4.0095342
4.0992509
4.1161021
4.0645254
4.0136078
4.0952859
4.099211
4.0419786
3.9912375
4.0720011
4.0725453
4.0095458
3.9533037
4.0273422
4.0319002
3.9764599
3.9205778
3.9820735
4.0059772
3.9565112
3.9054369
3.9552047
4.2914949
4.2372102
4.1808182
4.2693597
4.2426206
4.1918892
4.1492246
4.232999
4.1627617
4.1208026
4.0888212
4.1755243
4.130592
4.0880824
4.0575579
4.1343653
