FiniteElementSpace
FiniteElementCollection: L2_2D_P3
VDim: 1
Ordering: 0

3.0575185
2.2496525
1.5342629
1.3086474
1.7952274
1.3424707
1.1278633
0.83785667
1.4293932
1.5687957
1.2731166
1.130924
2.1108793
1.8306627
1.4766146
1.2388773
1.0827305
0.94026377
0.89883361
1.4045483
0.39593961
0.35765364
0.34381968
0.46843517
0.512064
0.56502621
0.59878487
0.56834611
0.552017
0.58620921
0.61639527
0.64886894
1.7148005
1.1692094
1.2195981
1.0835716
1.6030119
1.29086
1.0264393
1.136274
1.6425935
1.2784643
1.6157537
1.7345601
3.2671202
2.4643794
1.7560884
1.6640205
1.0573974
1.0007603
1.0033066
0.9965335
0.9967983
1.0028918
0.99899066
1.0021674
1.0383105
1.0037116
1.0012206
0.99906079
1.0303797
1.0070363
0.99982193
1.001194
4.3682805
3.7685504
2.5915164
2.2448524
5.6060705
4.2816034
3.0760551
2.5633953
5.5430797
3.9682284
3.7022624
2.9116245
7.4580939
5.4083529
3.878817
3.1844862
0.76251614
0.80669818
0.83750586
0.82641948
0.79646681
0.83764906
0.85356464
0.83127049
0.83146875
0.85047099
0.85314367
0.82433636
0.85035187
0.85619071
0.84549362
0.83259599
2.5405863
2.0761663
2.2888651
2.3426356
2.5028606
2.3478598
2.3825415
2.4634939
2.6919411
2.4699665
2.5228337
2.5620644
2.7888069
2.6223738
2.6193427
2.6477047
2.2335732
1.8716407
1.3649437
1.1159924
2.5739743
2.3867967
1.8556239
1.4170715
2.7407472
2.7569763
2.5447691
2.1106092
2.8273137
2.8511777
2.8470401
2.6423148
13.133883
7.5425684
6.0150543
4.7009221
15.59167
7.8315427
6.7411518
5.1373822
17.208147
9.2528407
7.1515325
5.8674849
20.725157
10.258461
7.5138051
6.3132714
0.84590408
0.8365323
0.83453177
0.79536472
0.84706128
0.83816695
0.80483443
0.78359798
0.8559663
0.82028279
0.79299696
0.78414959
0.84506002
0.81932784
0.79828547
0.7653362
2.9573221
2.7411655
2.861796
2.9758737
2.9906544
2.8395408
2.9286076
3.0615858
3.1316199
2.9268916
3.0450315
3.1747098
3.2551642
3.0574432
3.1431089
3.2878633
3.1585611
3.1787101
3.205729
3.228015
3.2420821
3.2620015
3.2806976
3.300741
3.3649121
3.3734166
3.3782599
3.3992964
3.4486043
3.4437445
3.4448426
3.4726435
2.5914142
1.8539298
1.1655821
1.0192968
3.0681973
2.4265466
1.4644455
1.0877434
3.3582744
3.0600826
2.0855029
1.3643474
3.4265555
3.327812
2.6205152
1.7545987
31.806069
15.082303
9.0803787
8.204983
31.136468
16.359744
9.3674946
8.7611486
34.939324
17.422018
9.8345381
9.1488549
38.569225
19.948235
10.076387
9.8016627
0.87502827
0.81927515
0.78875535
0.74774659
0.87777957
0.81596256
0.78612644
0.7548668
0.88362854
0.83990092
0.77874081
0.74919797
0.90711092
0.86751976
0.78753376
0.74844409
3.5724543
3.4066424
3.5307267
3.7262781
3.6548238
3.5067434
3.6444175
3.8571057
3.7643434
3.6057507
3.7554511
3.996898
3.8665388
3.7047093
3.8716817
4.1326959
3.7992044
3.7941718
3.7913701
3.8303465
3.8940649
3.8789551
3.8646757
3.9019049
4.0141881
3.9863354
3.9529351
3.9931055
4.1128945
4.0707991
4.0247576
4.0715903
3.6771899
3.6449839
3.637505
3.5767353
3.73953
3.7056875
3.6873685
3.7003055
3.8218429
3.784795
3.7579594
3.790063
3.8801236
3.8389881
3.8120019
3.8492473
4.3701274
4.3256974
4.2980919
4.3825665
4.4097713
4.3622472
4.3277302
4.4249149
4.4828742
4.4252078
4.3819871
4.4794543
4.5181587
4.4631815
4.4173803
4.5208661
4.0891907
4.0311939
3.9832672
4.04202
4.112897
4.0553762
4.0076374
4.0722455
4.1367567
4.0811697
4.033008
4.1063186
4.1499586
4.092247
4.0445881
4.1298325
4.5924472
4.5370691
4.4635324
4.5770066
4.557969
4.5038428
4.4387834
4.5578414
4.5286255
4.4680081
4.4118548
4.5298862
4.5250354
4.4665015
4.4129041
4.5196719
4.1984564
4.154266
4.0992638
4.1873931
4.1594369
4.1122683
4.0660527
4.1653754
4.139895
4.0808089
4.0348605
4.1360738
4.1505121
4.0880608
4.0363335
4.1280155
0.60909903
0.49079794
0.53558326
0.74716591
0.44147362
0.39184664
0.37366375
0.37688762
0.58253151
0.48541346
0.44726523
0.4744672
0.61361525
0.53874607
0.53205041
0.54503532
0.65511805
0.56324695
0.56627215
0.58091244
0.75171581
0.61056466
0.61064183
0.63631999
0.78931095
0.68922369
0.65737743
0.68748434
0.8976922
0.7421884
0.69556137
0.72032764
2.26289
1.9116488
1.605322
1.323632
2.9652184
2.160937
1.9354767
1.5754903
3.1085342
2.6334444
2.2946294
1.890177
4.8054747
2.8244976
2.6652114
2.026119
1.5576708
0.49879707
1.3252788
2.6581452
0.52515668
0.41493628
0.15597179
0.72905329
0.61064719
0.54762741
0.72467959
0.83906048
0.66561417
0.69695518
0.77500902
0.81619538
0.71651882
0.77432316
0.74677
0.68053089
0.77234595
0.80108176
0.75347543
0.90299743
0.79831981
0.78216208
0.7498282
0.6684169
0.81434774
0.77496955
0.68944184
0.76953358
0.59927969
0.63548393
0.68336023
0.70513035
0.65137805
0.69574874
0.74954276
0.77229834
0.70846366
0.7505969
0.79925485
0.81018735
0.74248872
0.78829182
0.82407052
0.81403626
1.080323
1.1013782
1.1282219
1.0014587
1.2643509
1.4169397
1.148807
1.019565
1.719149
1.5270633
1.2168051
1.0577169
1.6260763
1.4647286
1.2318364
1.0898698
1.6253771
1.5075128
1.2784398
1.0938936
1.82994
1.7068311
1.4568562
1.2274977
2.151343
2.1349909
1.9524348
1.6713116
2.3149127
2.3547657
2.3347342
2.141659
3.856744
1.806682
1.9981324
1.7719107
2.7874712
2.0386237
1.9058806
1.9084752
2.5474099
2.2512553
2.1674111
2.1648338
2.9188056
2.3247045
2.2967558
2.2589708
1.0035889
0.99988703
1.0003722
0.99910948
0.9981672
1.0002849
0.99979583
1.0003264
1.0009984
0.9998506
1.0001433
0.99981072
0.99900864
1.0003276
0.99984926
1.0002362
1.0002649
0.99976585
1.0001225
0.99984956
1.0000863
1.0001796
0.99996668
1.0000424
1.0006065
0.99979225
1.0000987
0.99993378
1.0170662
1.0009303
1.000188
0.99962641
1.0550814
1.0082892
1.0017314
0.99900941
1.1288362
1.0296834
1.0009684
1.0013918
1.4955991
1.218644
1.0361806
1.0040052
1.9699456
1.5944121
1.1935426
1.0480128
1.0011128
0.76429886
0.7229052
0.73490585
1.0933115
0.8384245
0.75845052
0.7758106
1.1648884
0.94071822
0.80084896
0.81514849
1.2731326
1.0149872
0.84697542
0.85024067
1.3369043
1.0532329
0.86864697
0.86592686
1.4512978
1.1244944
0.89909978
0.880048
1.6372276
1.2101799
0.94129794
0.87974502
1.7550255
1.2898378
0.98026354
0.88194533
7.9858029
5.3204233
4.3782159
3.361492
8.2869675
5.2625935
4.9738981
3.7544762
11.256009
6.4022197
5.2351303
4.1564512
12.87769
6.8217763
6.001852
4.5094048
0.79907254
0.77492752
0.66310135
0.77146462
0.81377296
0.77031642
0.67329074
0.75715956
0.81825255
0.77254617
0.68837725
0.75606625
0.81101373
0.76046793
0.67028703
0.76673445
0.80241658
0.73753056
0.66974253
0.75350275
0.78314177
0.71298301
0.6472205
0.74385021
0.77328423
0.72903405
0.63200231
0.74066078
0.77120322
0.7328429
0.62649412
0.73515791
0.85985818
0.86026651
0.84439705
0.83126531
0.86910327
0.86052423
0.84882488
0.8113
0.86559152
0.8531389
0.84454994
0.82321491
0.85445763
0.84057016
0.84685966
0.81295838
2.3773104
2.4201385
2.444455
2.3600231
2.4737421
2.5168099
2.5687342
2.5955076
2.5897505
2.6259305
2.6831343
2.7255443
2.6552058
2.6946048
2.7566597
2.8083328
2.6734411
2.7240085
2.8027511
2.8569018
2.7440982
2.8103985
2.888187
2.9386448
2.8659969
2.9363174
3.0017296
3.0426449
2.9636924
3.0217596
3.0767713
3.1147986
2.8487612
2.558297
2.6121448
2.6506333
2.7808191
2.6275611
2.6426067
2.7205323
2.9019904
2.6772557
2.7416556
2.8352614
3.0306608
2.7755591
2.8214244
2.944064
1.052577
1.0064463
1.0007963
0.99995841
1.2407296
1.0554623
1.0011322
1.001022
1.8284628
1.3663943
1.054224
1.0054967
2.4110494
1.8548486
1.2464913
1.0488434
2.679974
2.1711885
1.4393038
1.1132285
2.9736973
2.7068117
1.9540489
1.3876893
3.1037401
3.0782704
2.6911847
2.0544594
3.1801853
3.1723032
3.0738535
2.6453095
2.8724497
2.8959188
2.9192664
2.8370853
2.9498489
2.9748293
3.0016877
3.0087443
3.0478462
3.0672367
3.0922462
3.1083436
3.1174436
3.1370948
3.1637261
3.1853643
1.0429763
1.0023219
1.0008011
0.99943056
1.1944107
1.0269232
1.0005677
1.000599
1.6961549
1.2203883
1.0100045
1.0022519
2.2750666
1.5826605
1.0786727
1.0078652
1.8179559
1.3264205
1.000371
0.87753811
1.9484577
1.400294
1.0274163
0.87568138
2.0899292
1.5089956
1.0539943
0.88886549
2.2332463
1.5846015
1.0912148
0.90851188
2.2714765
1.635578
1.1016689
0.90887772
2.3754438
1.6968224
1.1030268
0.90430022
2.5195146
1.7736449
1.1139805
0.92758553
2.6232621
1.8476077
1.1565971
0.95081139
20.984441
11.153396
7.6836784
6.6498075
22.801612
11.725988
8.088653
7.1273933
26.573977
12.922912
8.5359216
7.5540548
29.009057
14.99345
9.0032133
8.2833001
0.77567953
0.72052109
0.62483315
0.72689139
0.76285314
0.69817025
0.62312341
0.7221498
0.73667925
0.68200469
0.62985323
0.72598102
0.74096532
0.68182245
0.63780077
0.73342011
0.73932905
0.67662274
0.64583109
0.72923623
0.74509124
0.6730096
0.65160448
0.72714551
0.73719546
0.67608167
0.66374948
0.72963619
0.74152331
0.68001442
0.68617652
0.73633523
0.83907586
0.82403094
0.79137671
0.75616028
0.86178321
0.81707701
0.7727166
0.74179789
0.86800885
0.81447737
0.7650709
0.73825717
0.86462642
0.81765734
0.7823498
0.73845691
3.0057594
3.0615049
3.1160044
3.1560404
3.0767522
3.1345278
3.192078
3.2409544
3.1881154
3.253075
3.3190318
3.3719468
3.2941089
3.3642292
3.4206405
3.4673641
3.3576429
3.4199967
3.4671838
3.5096534
3.4595756
3.5058167
3.5371728
3.5798008
3.5580508
3.5950773
3.6240138
3.677611
3.6353752
3.6757784
3.7140882
3.7822918
3.2475709
3.0552735
3.1897089
3.3480689
3.3110019
3.175736
3.3001565
3.4667642
3.4914635
3.3010184
3.4187346
3.5789626
3.5877068
3.3819501
3.491729
3.6653067
3.2191692
3.2128952
3.1871789
2.9179138
3.29077
3.2896807
3.2984699
3.2380914
3.3841914
3.3857714
3.3903426
3.3948948
3.4553555
3.4525008
3.456245
3.463353
3.491082
3.4911205
3.4903455
3.4970008
3.5657369
3.558354
3.5476661
3.5610457
3.6630285
3.6449936
3.6259446
3.6358971
3.7384765
3.7085078
3.6789472
3.6934259
3.4852857
3.4781304
3.4823241
3.5128375
3.5478165
3.5424119
3.551248
3.5903232
3.6424168
3.6439475
3.6569432
3.6993007
3.7415528
3.742138
3.7465734
3.7876886
3.4593302
3.4076612
2.8814568
2.0139458
3.5173157
3.486461
3.2566962
2.5365106
3.5902769
3.5567933
3.518795
3.147429
3.6414608
3.6160877
3.6070692
3.4664935
2.6985552
1.8832796
1.1709982
0.96135865
2.7735474
1.9307051
1.1756189
0.98631025
2.9075784
2.006811
1.201289
0.9892218
2.9655388
2.0821531
1.2279469
0.98999527
0.72710229
0.67269611
0.69903225
0.73887088
0.70943954
0.66587741
0.71555924
0.74488517
0.71536697
0.66441594
0.73291394
0.75319513
0.72852605
0.67397778
0.74372318
0.76770741
0.72066396
0.6850564
0.75598486
0.76538607
0.69899163
0.69006818
0.7704992
0.77499082
0.70128359
0.69781556
0.78351029
0.77168258
0.74124153
0.69853041
0.79941962
0.77106317
0.92654672
0.858294
0.79701745
0.74234893
0.9353113
0.84825932
0.80323483
0.73949018
0.94978631
0.86310278
0.79766801
0.76234527
0.94891731
0.880266
0.7982062
0.77520284
3.6931359
3.7392507
3.7763142
3.8474349
3.8128186
3.8558556
3.8862597
3.9557024
3.9473825
3.9957099
4.0188137
4.0916163
4.0729015
4.1120515
4.1274567
4.211704
4.114981
4.1558053
4.1747262
4.2577529
4.1826829
4.224057
4.2415945
4.3245806
4.2989958
4.3308942
4.3229705
4.4133726
4.3701561
4.405913
4.3946976
4.4928355
3.8921368
3.7528123
3.9239835
4.1838987
3.9618515
3.8274882
3.9849932
4.254357
4.0713315
3.9234076
4.0906601
4.3868555
4.1326232
3.9784405
4.1570361
4.4627757
3.7725733
3.735763
3.7076002
3.7286724
3.8328449
3.7930044
3.7676202
3.7977777
3.9095195
3.8691394
3.8499784
3.8912532
3.9743288
3.9340047
3.9147862
3.960092
4.0097538
3.9694069
3.9470276
3.9943871
4.0744375
4.0331127
4.0050651
4.0577467
4.1609287
4.1149473
4.0783405
4.1361372
4.2251411
4.175358
4.1327365
4.1940711
4.1552725
4.1082065
4.0629968
4.1107092
4.2093366
4.160723
4.1238164
4.1789565
4.2781254
4.2311376
4.2038652
4.2770435
4.341778
4.2961589
4.2694882
4.3524663
3.9095809
3.869286
3.8402035
3.8761762
3.9628113
3.9189978
3.8839496
3.9253246
4.0266719
3.9760888
3.9320598
3.9793421
4.0703591
4.0128299
3.9643265
4.0199998
4.3900049
4.430356
4.4276205
4.518732
4.4415681
4.4727739
4.465511
4.5652326
4.4996492
4.5408063
4.5440901
4.6563721
4.5535516
4.5905192
4.5938013
4.7051567
4.5809075
4.6076025
4.6047155
4.7297923
4.5854512
4.6168535
4.609107
4.7377429
4.6032813
4.6348871
4.6217595
4.7708576
4.6158441
4.6592843
4.6629073
4.8246161
4.2502402
4.2021091
4.157287
4.2198071
4.2796963
4.2299762
4.1815886
4.2550527
4.3161337
4.2597704
4.2095504
4.2902158
4.3433537
4.2859664
4.230424
4.3142078
4.3553766
4.2975563
4.2374402
4.3198159
4.3540258
4.2975417
4.2318703
4.3196618
4.3590708
4.3066486
4.2469355
4.3536651
4.3583175
4.3073791
4.2620005
4.3853252
4.5393977
4.4818671
4.4301468
4.5387253
4.5328879
4.4801008
4.4312886
4.5503947
4.5495502
4.5037867
4.4503417
4.5757389
4.5894203
4.5378928
4.4655835
4.5795498
4.1478186
4.0868516
4.0372894
4.1307877
4.1336089
4.0752328
4.0316676
4.1368124
4.1593155
4.1101427
4.06507
4.1671611
4.1948632
4.15333
4.099485
4.188364
4.3559649
4.3058544
4.2630224
4.3887838
4.3422119
4.2929754
4.2408552
4.3522156
4.3371019
4.2876257
4.2314499
4.3251226
4.339296
4.2875145
4.2364865
4.3227975
4.3363299
4.2766024
4.2272571
4.3144401
4.3290375
4.2628693
4.2047531
4.2829401
4.294562
4.2354983
4.1762798
4.243003
4.2515586
4.1979941
4.1467155
4.2051543
4.5346517
4.4789378
4.4212041
4.5160828
4.5101974
4.4563102
4.4106922
4.5000125
4.4309384
4.3874871
4.3551402
4.4474064
4.3764173
4.3327128
4.3046106
4.3887478
