FiniteElementSpace
FiniteElementCollection: L2_2D_P3
VDim: 1
Ordering: 0

42.380895
49.226184
41.303856
29.093717
41.648412
50.16059
42.348128
29.920123
43.836356
51.294455
43.506904
31.219406
44.81304
52.915805
44.397393
32.526934
2.7988835
1.8352803
1.1075919
1.0102738
2.9117533
1.9214814
1.1269322
1.0114642
3.0387079
2.012793
1.150283
1.0130781
3.1136146
2.072896
1.1665771
1.0144129
1.0001731
1.0000014
1.0000082
0.9999894
1.0001905
1.0000021
1.0000087
0.99998727
1.0002083
1.0000015
1.0000101
0.99998817
1.0002163
1.0000029
1.0000083
0.99999297
46.022647
54.818112
45.572863
33.302525
44.789015
53.95727
45.343648
32.403567
44.290292
53.73342
44.840978
32.027895
45.754595
53.6382
44.557311
32.444561
3.2808111
2.2087147
1.2050042
1.016426
3.2825976
2.204613
1.2019914
1.0162923
3.2355349
2.1648949
1.1900626
1.0155558
3.1591178
2.1068691
1.175383
1.0147407
1.0002548
1.0000006
1.0000107
0.99999009
1.0002381
1.0000042
1.0000107
0.99998624
1.0002412
1.0000038
1.0000107
0.99998519
1.0002316
1.0000008
1.0000105
0.99998958
40.634566
48.770301
40.921995
29.04692
39.213432
46.623059
39.645157
27.758237
36.829826
44.727941
37.90486
26.348155
37.413076
42.902009
36.435527
25.094102
2.7271968
1.7856735
1.0974488
1.0096629
2.5894993
1.6947831
1.0800185
1.0088199
2.4095417
1.5837181
1.0610812
1.0074872
2.2674372
1.5035423
1.0488331
1.0066206
1.0002064
0.9999935
1.0000115
0.99998541
1.0001676
0.99999839
1.0000063
0.99999565
1.0001499
0.99999135
1.0000106
0.99998642
1.0001312
0.99999656
1.0000079
0.99998907
0.99999935
1.0000001
0.99999996
1
0.99999902
1.0000002
0.9999999
1.0000001
0.99999962
1.0000001
0.99999997
1
0.99999943
1.0000002
0.99999994
1.0000001
28.269481
35.121694
29.283201
20.656561
27.000246
32.952084
27.541772
19.591867
24.544426
30.258312
25.51324
18.026793
23.144193
28.572722
23.757451
16.661593
1.7019779
1.2262485
1.0176479
1.0033669
1.5952285
1.184784
1.0138351
1.0034157
1.4774637
1.1401642
1.0106229
1.0027433
1.3984717
1.1137805
1.0084659
1.0025914
1.0001025
0.99998559
1.0000114
0.99998394
1.0000544
0.99999432
1.000006
0.99999146
1.0000516
0.99999199
1.0000066
0.99999142
1.0000237
0.99999726
1.0000037
0.99999374
1.0000001
1
1
0.99999998
0.99999979
1.0000001
0.99999998
1
1
1
1
0.99999999
0.99999995
1
0.99999999
1
16.79771
19.788924
16.416295
11.390078
15.49664
17.830481
14.885467
10.256748
13.724904
15.622898
12.92175
8.9964089
12.47697
13.941056
11.572273
8.0530733
1.1786733
1.0455442
1.0040444
1.0011023
1.1475484
1.0372844
1.0034186
1.0009347
1.1154415
1.0287272
1.0028043
1.0006526
1.0954821
1.0236199
1.0024169
1.0004581
0.99999936
0.99999907
1.0000015
0.9999979
0.99999168
1.0000013
1.0000008
0.99999775
0.99998673
1.0000027
1.0000003
0.999999
0.99999668
1.0000004
1.0000016
0.999997
1
1
1
0.99999998
1
1
1
0.99999999
0.99999989
1.0000001
0.99999999
1
1.0000002
1
1
0.99999998
8.0683922
8.212814
6.6998993
4.9077787
7.1239308
7.1389891
5.9055533
4.3316722
5.9422515
5.9749306
4.9728207
3.7280447
5.0473044
5.1562939
4.3742961
3.3293559
1.0410399
1.0106697
1.001148
1.0001814
1.0335064
1.0088709
1.0011999
0.99985707
1.0268596
1.0073536
1.0006775
1.0003387
1.0217211
1.0076359
1.0019621
0.99979896
0.99998351
1.000035
0.99997892
1.0000324
1.0000682
0.99996252
1.0000252
0.99996278
0.99986982
1.000066
0.999961
1.0000615
1.0002892
0.99970464
1.0001678
0.99972958
0.99999659
1.0000007
0.99999956
1.0000005
1.0000028
0.99999951
1.0000003
0.99999953
0.9999955
1.000001
0.99999941
1.0000009
1.0000205
0.9999962
1.0000025
0.99999646
11.688117
7.3977409
4.1125067
2.8234089
11.861346
7.7148532
4.2826546
3.0122167
12.38487
7.9589547
4.5416519
3.1974176
12.851331
8.1829368
4.640669
3.3566074
37.413077
42.902009
36.435527
25.094102
36.829825
44.727941
37.90486
26.348155
39.213433
46.623059
39.645157
27.758237
40.634564
48.770301
40.921995
29.04692
13.126969
8.3153233
4.7246487
3.4091031
13.378191
8.493404
4.8573637
3.5593791
13.403522
8.7373422
5.016244
3.6880425
13.404293
8.854988
5.1119669
3.7752047
13.649586
8.8408924
5.1805259
3.7932847
13.953299
8.9735917
5.1794061
3.9169627
13.951125
9.0823807
5.2266523
3.9566702
13.768812
9.1220842
5.2737931
3.9360859
45.754595
53.6382
44.557312
32.444561
44.290292
53.73342
44.840978
32.027895
44.789015
53.95727
45.343648
32.403567
46.022647
54.818112
45.572863
33.302525
1.0037832
0.99999768
1.0001828
0.99950842
1.0042791
1.0000622
1.0001824
0.99942801
1.0047406
1.0000843
1.0002085
0.99934728
1.0050039
1.0000766
1.0002078
0.99933108
1.0052751
1.0000913
1.0002142
0.99937334
1.0056463
1.0001263
1.0002468
0.99924241
1.0059498
1.0001598
1.0001832
0.99937573
1.0060932
1.0001351
1.0002034
0.99933123
3.1591178
2.1068691
1.175383
1.0147407
3.2355349
2.1648949
1.1900626
1.0155558
3.2825976
2.204613
1.2019914
1.0162923
3.2808111
2.2087147
1.2050042
1.016426
1.0002316
1.0000008
1.0000105
0.99998958
1.0002412
1.0000038
1.0000107
0.99998519
1.0002381
1.0000042
1.0000107
0.99998624
1.0002548
1.0000006
1.0000107
0.99999009
13.768812
9.1220842
5.2737931
3.9360859
13.951125
9.0823807
5.2266523
3.9566702
13.953299
8.9735917
5.1794061
3.9169627
13.649586
8.8408924
5.1805259
3.7932847
13.404293
8.854988
5.1119669
3.7752047
13.403522
8.7373422
5.0162439
3.6880425
13.378191
8.493404
4.8573637
3.5593791
13.126969
8.3153233
4.7246487
3.4091031
44.81304
52.915805
44.397393
32.526934
43.836356
51.294455
43.506904
31.219406
41.648412
50.16059
42.348128
29.920123
42.380894
49.226185
41.303856
29.093717
1.0060932
1.0001351
1.0002034
0.99933123
1.0059498
1.0001598
1.0001832
0.99937573
1.0056463
1.0001263
1.0002468
0.99924241
1.0052751
1.0000913
1.0002142
0.99937334
1.0050039
1.0000766
1.0002078
0.99933108
1.0047406
1.0000843
1.0002085
0.99934728
1.0042791
1.0000622
1.0001824
0.99942801
1.0037832
0.99999768
1.0001828
0.99950842
3.1136146
2.072896
1.1665771
1.0144129
3.0387079
2.012793
1.150283
1.0130781
2.9117533
1.9214814
1.1269322
1.0114642
2.7988835
1.8352803
1.1075919
1.0102738
0.99999686
1.0000027
0.99999927
1.0000013
0.9999987
1.0000038
0.99999871
1.0000019
1.0000004
1.0000028
0.99999928
1.0000009
0.99999843
1.0000023
0.99999948
1.0000009
0.99999552
1.000003
0.99999896
1.0000017
0.99999951
1.0000023
0.99999954
1.0000007
1.0000006
1.0000024
0.99999937
1.000001
0.99999859
1.0000029
0.99999898
1.0000017
1.0002163
1.0000029
1.0000083
0.99999297
1.0002083
1.0000015
1.0000101
0.99998817
1.0001905
1.0000021
1.0000087
0.99998727
1.0001731
1.0000014
1.0000082
0.9999894
12.851331
8.1829368
4.640669
3.3566074
12.38487
7.9589547
4.5416519
3.1974176
11.861346
7.7148532
4.2826546
3.0122167
11.688117
7.3977409
4.1125067
2.8234089
11.212706
7.249918
3.9978201
2.7389117
10.668355
6.939476
3.8084187
2.56167
10.101176
6.5385309
3.5173921
2.3544736
9.6209724
6.1996958
3.2822999
2.1969722
35.220229
42.375328
35.424236
25.425147
33.383111
40.101964
34.030915
24.363488
30.52309
38.047236
32.216915
22.602907
30.242522
36.350845
30.394743
21.301237
1.0036644
0.99989531
1.0002765
0.99933512
1.0031225
0.99993492
1.0002244
0.99944137
1.0026694
0.99992882
1.0001628
0.99960388
1.0022579
0.9999209
1.0001883
0.99955741
1.0023437
0.99985311
1.0002061
0.99954801
1.0017839
0.99990534
1.0001443
0.99965585
1.0013884
0.99984952
1.0001761
0.99967252
1.000861
0.99991575
1.0001493
0.99969186
2.1917666
1.4617895
1.0432328
1.0058945
2.0532016
1.3892225
1.0339934
1.005435
1.8818199
1.3056851
1.025029
1.0045195
1.7607863
1.2522704
1.0195593
1.004277
1.0000009
1.0000017
0.99999963
1.0000008
0.99999694
1.0000021
0.99999917
1.0000014
1.0000034
1.0000011
0.99999982
1.0000004
1.0000015
1.0000016
0.99999957
1.0000006
1.0000031
1.0000009
0.99999993
1.0000003
1.0000002
1.0000014
0.9999996
1.0000007
1.0000034
1.0000005
1.0000001
1.0000001
1.0000024
1.000001
0.99999982
1.0000002
1.0001536
0.99998774
1.000012
0.99998537
1.0001082
0.99999507
1.0000072
0.9999922
1.0001108
0.99998936
1.0000094
0.9999882
1.0000727
0.9999962
1.0000055
0.99999068
0.99999998
1
1
0.99999999
0.99999993
1
0.99999999
1
0.99999998
1
1
1
0.99999996
1
1
1
0.99999952
1.0000002
0.99999996
1.0000001
0.9999994
1.0000002
0.99999993
1.0000001
0.99999982
1.0000001
0.99999998
1
0.99999969
1.0000001
0.99999995
1.0000001
9.4762149
5.977826
3.1737472
2.1064809
9.0926336
5.6114341
2.9447366
1.9656821
8.3637286
5.1403127
2.6698788
1.7984668
7.8287048
4.7504337
2.4828593
1.6826451
7.542911
4.5467166
2.3865292
1.6270053
6.9849193
4.1895914
2.2096463
1.5308724
6.2960137
3.7345476
2.0135168
1.4212873
5.7267715
3.427781
1.8697261
1.3573437
22.461025
27.136597
22.913661
15.892993
20.65927
25.317763
21.034557
14.778114
19.049388
22.744737
18.929695
13.100049
17.321724
20.65913
17.351045
11.959946
1.0011124
0.99983648
1.0001716
0.9997041
1.0005862
0.99992172
1.0001087
0.99980733
1.0004002
0.99990096
1.0001193
0.99981838
1.0001156
0.99996842
1.0000825
0.99985682
1.0002337
0.99994065
1.000093
0.99987655
0.99994252
1.0000185
1.000056
0.99994444
0.99995871
0.9999981
1.0000624
0.99995074
0.99989869
1.0000183
1.0000413
0.99995913
1.3634435
1.1010612
1.0078866
1.0020562
1.302117
1.0819774
1.0064009
1.0019717
1.2376254
1.0622743
1.00516
1.0014814
1.1966382
1.050869
1.0043068
1.0013259
1.0000061
0.99999985
1.0000004
0.99999953
1.0000027
1.0000005
1
1.0000001
1.000003
1.0000001
1.0000002
0.99999979
1.0000019
1.0000004
1.0000001
0.99999987
1.0000038
0.99999999
1.0000003
0.99999963
1.0000018
1.0000003
1.0000001
0.9999999
1.0000018
1.0000001
1.0000002
0.99999981
1.0000006
1.0000002
1.0000001
0.99999987
1.0000363
0.9999929
1.0000062
0.99999074
1.0000025
0.99999926
1.0000022
0.9999956
1.0000088
0.99999668
1.0000033
0.99999525
0.9999994
0.99999929
1.0000017
0.99999751
1.0000001
1
1
0.99999999
0.99999997
1
0.99999999
1
1
1
1
0.99999998
1
1
1
0.99999998
5.4810043
3.2613253
1.8066072
1.3227631
4.9927439
2.9751891
1.6888135
1.2708902
4.385364
2.6364674
1.5582288
1.2143514
3.9552934
2.40254
1.473161
1.1790381
3.738771
2.2888515
1.4325756
1.1624471
3.3585941
2.0924397
1.3649489
1.1352296
2.9171168
1.8706339
1.2912409
1.1059351
2.6140008
1.7258022
1.2441116
1.0875322
11.886051
13.080082
10.890515
7.5932703
10.666932
11.600167
9.6557151
6.7844413
9.5906565
9.8808251
8.2000936
5.8306647
8.6142608
8.7806488
7.1862221
5.2131872
0.99994581
1.0000185
1.0000346
0.99997345
0.99989417
1.0000433
1.0000228
0.99999549
0.99992768
1.0000457
1.0000187
0.99999356
0.99998155
1.0000218
1.0000352
0.99995433
0.99997233
1.0000505
0.99999231
1.0000409
1.0000312
1.0000209
1.0000355
0.99994769
1.0000015
1.000062
1.0000001
1.000049
1.0002154
0.99995911
1.0001315
0.99972311
1.0862568
1.0213441
1.0022226
1.0004334
1.0713278
1.0176015
1.0019358
1.0002485
1.055304
1.0138503
1.001593
1.0002011
1.0458008
1.0114814
1.0013986
0.99997273
1.0000004
1.0000002
1.0000001
0.99999981
1.0000009
1.0000002
1.0000001
0.99999981
0.99999995
1.0000004
0.99999996
1
1.0000018
0.99999992
1.0000003
0.99999956
0.99999668
1.000001
0.99999956
1.0000003
1.0000025
0.99999986
1.0000003
0.99999956
0.99999515
1.0000013
0.99999935
1.0000008
1.0000161
0.99999682
1.0000024
0.99999685
0.99999527
1.0000024
0.99999915
1.0000021
1.0000043
0.99999845
1.0000025
0.99999549
0.9999803
1.0000067
0.99999688
1.0000058
1.0000167
0.99998324
1.0000126
0.9999782
0.99999968
1.0000001
0.99999995
1
1.0000002
1
1
0.99999998
0.99999945
1.0000001
0.99999994
1.0000001
1.0000019
0.99999967
1.0000002
0.99999971
2.4632619
1.6576523
1.2215898
1.0792189
2.2198564
1.5392807
1.1853168
1.0645106
1.9313807
1.4151633
1.1470131
1.0501608
1.7451032
1.3344828
1.1252273
1.0453769
1.6384565
1.2847929
1.1159825
1.0381449
1.4803939
1.2180968
1.0802782
1.0168772
1.2027373
1.0476083
1.0032124
0.98180144
0.9989077
0.73619035
0.74766755
0.75044322
4.5181296
4.8012873
4.0583035
3.1200827
3.4464865
4.0674283
3.5138926
2.8355016
3.1054708
3.1668583
2.747438
2.2153186
3.4033022
2.6259947
1.9798169
1.9979309
0.99966437
1.0000343
0.99991634
1.0004026
1.0003509
1.0000457
1.0000494
0.9996948
0.99964469
0.99998808
1.0000126
1.0004025
1.0031374
1.0010656
0.9994786
0.99669442
1.0027024
0.99758387
1.0046673
1.0061497
1.0013271
1.0039487
0.99684786
1.0045121
0.9856971
0.98746455
1.0084109
0.99096146
0.91719195
0.95237773
0.9750141
1.0473206
1.0331067
1.0005842
1.0009225
1.0127556
1.0011325
1.0122792
1.0024252
0.99402019
0.99077905
0.96904414
0.99392609
1.0020275
0.76925538
0.92607167
0.94764036
0.89834362
0.99997309
1.0000067
0.99999586
1.0000052
1.000025
0.99999558
1.0000032
0.99999558
0.99995876
1.0000089
0.99999481
1.0000075
1.0001745
0.99996182
1.0000242
0.99996478
0.99970121
1.0000691
0.9999595
1.0000588
1.0002751
0.99994288
1.0000332
0.99995061
0.99954862
1.0000991
0.99994905
1.0000842
1.0015428
0.99962587
1.0002093
0.99974397
0.99827172
1.000809
0.99959733
1.0005498
1.004522
0.99891897
1.0005772
0.99945788
0.99172328
1.0020324
0.99896792
1.0010388
1.0636821
0.98909323
1.0059487
0.9959703
0.99996718
1.0000063
0.99999614
1.0000055
1.0000264
0.99999512
1.0000028
0.99999561
0.99995894
1.0000081
0.99999596
1.000007
1.000129
0.99996647
1.0000186
0.99997546
