FiniteElementSpace
FiniteElementCollection: L2_2D_P3
VDim: 1
Ordering: 0

1.0894362
1.0217258
1.0023751
1.0012555
1.2777441
1.1014723
1.0130753
1.0009632
1.8205986
1.496169
1.166973
1.0459226
2.242654
1.9528683
1.4917881
1.211988
0.9999957
1.0000263
0.99999033
1.0000041
1.0000243
0.99998346
1.0000074
0.99999521
0.99996477
1.0000419
0.99998649
1.000013
0.99969981
0.99991641
1.0000537
0.99997169
0.99999999
1
0.99999999
0.99999998
1
1
1
1
0.9999998
1
0.99999998
1
1.0000012
0.99999987
1.0000001
0.99999992
1
1
1
1
1
1
1
1
1
1
1
1
1
1
1
1
2.5931008
2.5943632
2.6089014
2.6254684
2.6234278
2.6279826
2.6413734
2.6618895
2.6747813
2.6794426
2.6931442
2.7115225
2.7151465
2.7192489
2.7363335
2.7488091
1.3011426
1.07777
1.0031842
1.0010682
1.6918295
1.2749229
1.0306116
1.0030472
2.2938869
1.7743897
1.2119835
1.0383205
2.627259
2.235575
1.527257
1.154748
1.0000324
0.99999499
1.0000034
0.99999624
1.0000168
1.0000024
1
0.99999985
1.0000836
1.0000061
1.0000021
0.99999955
0.99985345
1.0000635
0.99997308
1.000033
0.99999994
1
1
1
1
1
1
1
0.99999987
1
0.99999999
1
0.99999963
1.0000001
0.99999994
1.0000001
2.9370648
2.9296335
2.924829
2.7714215
2.9799018
2.9733382
2.973515
2.9476132
3.0392792
3.0274278
3.0256491
3.0410717
3.0795526
3.0649627
3.0651337
3.0824709
1.0056513
0.99977934
1.000263
0.99969277
1.0289997
0.99972475
1.0009587
0.99921858
1.1402774
1.0092037
1.0015997
0.99961203
1.3216365
1.0457209
1.0007794
1.0010101
1.0000103
0.99999836
1.0000017
0.99999671
0.99998638
1.0000038
0.99999831
1.0000024
0.99996972
1.0000042
0.99999813
1.0000011
0.99993553
1.0000102
0.99999382
1.0000084
3.2629351
3.2373849
3.222683
3.2455767
3.3001043
3.2720929
3.2542642
3.2812314
3.3494472
3.3162043
3.2966468
3.3290079
3.3822259
3.3477925
3.3287078
3.3651164
2.730096
1.9328233
1.1523165
1.0134916
2.956176
2.2390974
1.2915773
1.0322836
3.1352468
2.6006823
1.5414178
1.0886572
3.2076276
2.8240731
1.7693127
1.1642488
1.0001409
0.99999692
1.0000076
0.99999233
1.0003516
0.99998126
1.0000227
0.99996986
1.0008579
0.99995795
1.0000494
0.99993454
1.0012217
0.99996533
1.0000581
0.99992734
3.4895226
3.4478645
3.4220254
3.4785362
3.5094642
3.4712467
3.4473543
3.5069147
3.5391441
3.4997101
3.4731914
3.5338871
3.5573621
3.5169471
3.4843265
3.544849
3.2967067
3.234516
2.6630451
1.7381431
3.309955
3.2638927
2.796379
1.8878481
3.3279693
3.2913973
2.9298395
2.0468383
3.3305891
3.3130884
2.995757
2.1747258
1.0003607
1.0003376
0.99987953
1.000214
0.99984669
1.0004374
0.99982998
1.000293
0.99933433
1.0004631
0.99983177
1.0002596
0.99901744
1.0005364
0.99981068
1.0002778
3.4104964
3.3656465
3.3259847
3.3918107
3.3193186
3.2558681
3.1884889
3.2232267
3.264344
3.1571251
3.0513261
3.0609685
3.263353
3.16331
3.0444355
3.0345042
4.3718278
4.6814511
4.8056966
3.5536397
4.1905727
4.5017828
4.4746848
4.3726031
4.0752371
4.3032155
4.6563158
4.4815176
4.1795643
4.3328337
4.5534129
4.4065193
1.0075376
0.99929193
1.0005098
0.9995537
1.0024484
1.0000031
1.000149
0.99976187
1.0016099
0.99985105
1.0001776
0.99973883
1.0017083
0.9999395
1.0001433
0.99974343
0.99946264
0.99924155
0.99985304
0.99996936
1.00038
1.0003585
1.0001117
0.99997573
1.0179442
1.0009594
1.000103
0.99985422
1.1176276
1.0256863
1.0009569
1.0005076
1.235421
1.0697391
1.0055133
1.001102
1.6182149
1.2788428
1.0480952
1.0058213
2.2302182
1.827716
1.3120198
1.0885043
2.538259
2.290405
1.7181734
1.3089617
2.3778777
2.1828444
1.7352774
1.3830353
2.4797321
2.4442463
2.1925257
1.8313829
2.5309342
2.5372405
2.5250853
2.385827
2.5653758
2.5790756
2.5925916
2.5846808
0.99999752
1.0000008
0.99999968
1.0000002
1.0000019
0.99999967
1.0000002
0.99999984
0.99999479
1.0000012
0.99999943
1.0000007
1.0000148
0.99999585
1.0000027
0.99999707
0.99998495
1.0000063
0.99999557
1.000004
1.0000562
0.99999418
1.0000057
0.99999446
0.99991882
1.000037
0.99998254
1.0000209
0.99958102
1.0000508
0.99998731
1.0000153
1.0005788
0.99985509
0.999907
1.0000385
1.001143
1.0002068
1.0001625
0.99985882
1.0354186
1.0021078
1.0003265
0.99982014
1.1666124
1.0313541
1.0006051
1.0005442
1
1
1
1
1
1
1
1
1
1
1
1
1
1
1
1
0.99999999
0.99999999
1
0.99999999
0.99999998
1
1
1
0.99999987
1
1
0.99999999
1.0000003
1
1
0.99999995
0.99999872
1.0000001
0.99999988
1
1.0000016
0.99999999
1.0000001
0.99999997
0.99999221
1.0000012
0.99999933
1.0000007
0.99999724
1.0000012
0.99999983
0.99999951
1
1
1
1
1
1
1
1
1
1
1
1
1
1
1
1
1
1
1
1
1
1
1
1
1
1
1
1
1
1
1
1
1
1
1
1
0.99999999
1
1
1
1
1
1
1
1
1
1
1
2.6115031
2.473856
1.9761611
1.5056993
2.6667922
2.6499256
2.4056642
1.964824
2.7142016
2.7130841
2.6911044
2.5062335
2.7463806
2.750984
2.7542372
2.7187031
2.7737992
2.7738055
2.7746007
2.7704108
2.8115663
2.8088359
2.8101645
2.8207781
2.8678151
2.8651782
2.8673893
2.8772929
2.9183726
2.9118048
2.9127439
2.9237717
1.000122
0.99982811
1.0000452
0.99993433
1.0006417
1.0000726
1.0000353
0.99995283
1.010467
0.99965136
1.0004017
0.99962352
1.0631613
1.0038424
1.0008162
0.99958499
1.1282502
1.0142051
1.0007734
1.0001365
1.3568919
1.0770059
1.0007624
1.0014159
1.8619993
1.3243495
1.0256942
1.0032096
2.3131544
1.6656568
1.1124041
1.0120001
2.7274022
2.4519685
1.7539972
1.2745383
2.81314
2.7261182
2.2159389
1.6206408
2.868596
2.8633991
2.6941635
2.2084974
2.9134048
2.9061989
2.8772379
2.6109754
1.0000014
0.99999995
1.0000001
1
0.99999963
1.0000003
0.99999993
1
0.99999921
1.0000006
0.99999984
1.0000003
0.99998584
1.0000026
0.99999858
1.0000014
0.99997566
1.000003
0.99999859
1.0000012
1.000029
0.99999661
1.0000028
0.99999584
1.0000437
1.000002
1.0000015
0.99999913
1.0000332
1.0000108
0.99999918
1.0000027
0.99943891
1.0000996
0.99994885
1.000063
0.99970459
1.000002
1.0000108
0.99996521
1.000562
0.9999062
1.0000809
0.99988978
1.0022481
0.99986249
1.0001407
0.99984655
1
1
1
1
1
1
1
1
1
1
1
1
0.99999994
1
0.99999999
1
1.0000002
0.99999996
1
0.99999992
0.99999995
1
0.99999998
1
0.99999988
1
1
1
0.99999929
1.0000002
0.99999989
1.0000002
0.99999991
0.99999995
1.0000001
0.99999977
1.0000018
0.99999999
1.0000001
0.99999999
0.99999917
1.0000006
0.99999981
1.0000003
0.99999628
1.0000013
0.99999946
1.0000009
2.9443282
2.9364
2.9398437
2.9513478
2.9904699
2.9836715
2.982826
2.9916969
3.0530177
3.0424628
3.0380407
3.0550252
3.1024407
3.086377
3.0856863
3.1038236
3.1300377
3.114019
3.1116072
3.1255995
3.1765444
3.1618088
3.1556821
3.1716358
3.2408171
3.2230615
3.2143458
3.2343831
3.2930789
3.268812
3.2548717
3.2787397
2.5298923
1.8886653
1.2008758
1.0263591
2.8311895
2.3218645
1.4633485
1.0947574
3.0112237
2.7782029
1.9581185
1.3238138
3.0595296
2.9761783
2.3686193
1.6225368
3.0791531
3.034589
2.5672448
1.8153503
3.1136018
3.0929279
2.8586872
2.2010987
3.1589284
3.1352093
3.0726772
2.6656205
3.1903291
3.1638594
3.1442182
2.9311688
3.1005725
3.0886593
3.08657
3.1031988
3.1444526
3.1299153
3.124368
3.1431125
3.2007409
3.1814597
3.1727473
3.1922545
3.2403667
3.2188154
3.2056619
3.2269947
1.0000871
1.0000046
1.0000053
0.99998676
1.0000925
1.0000321
0.99999513
1.0000125
0.99942391
1.000135
0.99993587
1.0000801
0.99906215
1.0001276
0.99994396
1.0000878
0.99919834
1.0000686
0.99998036
1.0000794
1.0000709
0.99991267
1.0000862
0.999892
1.0011856
0.99985969
1.0001331
0.99976591
1.0018759
0.99991581
1.0001153
0.99976625
1.45666
1.0857845
1.0001383
1.0019468
1.7710728
1.2136882
1.0028944
1.0034964
2.2409696
1.4909761
1.0340023
1.0052134
2.577671
1.770673
1.0987131
1.0087797
1.0000022
0.99999957
1.0000004
0.99999936
0.99999858
1.0000004
0.99999981
1.0000003
1.0000007
0.99999972
1.0000002
0.99999957
0.99999507
1.000001
0.9999994
1.0000009
0.99999923
1.0000001
0.99999994
1.0000003
1.0000091
0.99999926
1.0000008
0.99999804
1.000004
1.0000013
0.99999957
1.0000006
0.99999813
1.0000026
0.99999882
1.0000024
0.9999407
1.0000055
0.99999646
1.0000038
1.0000391
0.99998909
1.0000088
0.9999833
1.0001016
0.99998989
1.0000098
0.9999853
1.0001137
0.99999586
1.000007
0.99999217
3.3189738
3.2912537
3.2788011
3.3054174
3.3645405
3.3394316
3.3232768
3.3481066
3.4300101
3.3984223
3.3771578
3.407376
3.4815174
3.4437927
3.4155738
3.4486843
3.5040576
3.4629334
3.4333457
3.4675595
3.5429448
3.4973151
3.4648168
3.5049691
3.584967
3.5365415
3.4977317
3.5426452
3.6112701
3.5608969
3.5226345
3.5750585
3.2064064
3.1787957
3.1656723
3.0323515
3.2363306
3.2076377
3.1927099
3.1581927
3.2753724
3.2436296
3.2240437
3.2427802
3.3033213
3.2699376
3.2498253
3.2806917
3.3167953
3.2841675
3.2632455
3.2973711
3.3377761
3.3033927
3.2840941
3.323787
3.3622424
3.3301611
3.3094559
3.3512978
3.3829891
3.349665
3.326637
3.3702354
3.3987521
3.3658693
3.3445536
3.3805271
3.4285893
3.3919718
3.3681114
3.4085118
3.4576923
3.4207952
3.394531
3.4404112
3.4808242
3.4401501
3.4126286
3.4659003
1.0026335
0.99992635
1.0001265
0.99972545
1.006559
0.99977557
1.000319
0.99932141
1.0233972
0.99928472
1.0009606
0.99824086
1.0521039
0.99920738
1.0017144
0.99729971
1.0746029
0.99966246
1.0021112
0.99691228
1.1298488
1.0027315
1.0026418
0.99666722
1.2256676
1.0133578
1.0026068
0.99734457
1.3100834
1.0279466
1.0020728
0.99846037
3.2310747
2.9207146
1.8959449
1.2169812
3.2597018
3.0577346
2.1311216
1.3361534
3.2802906
3.1681143
2.4064013
1.5171163
3.2933201
3.2163904
2.5834715
1.6650864
0.99999714
1.000003
0.99999864
1.0000028
1.0000071
1.0000021
0.99999973
1.0000005
1.00002
1.0000017
1.0000006
0.9999981
1.0000178
1.0000031
1.0000001
0.99999917
1.000003
1.0000066
0.99999788
1.000004
0.9999758
1.0000109
0.99999525
1.0000107
0.99991141
1.000021
0.99998788
1.0000277
0.99988776
1.0000215
0.99998773
1.00003
1.0013267
0.99999028
1.0000497
0.99994537
1.0013338
1.0000502
1.000025
0.99998843
1.0009948
1.0001794
0.99995877
1.0001035
1.0005939
1.0002687
0.99991466
1.0001642
3.628908
3.5762526
3.5355916
3.5879805
3.6526407
3.599557
3.5579895
3.6157937
3.6808537
3.6295021
3.58993
3.6539881
3.686532
3.6403029
3.6056751
3.67825
3.6925788
3.6540114
3.6248783
3.7007645
3.6928549
3.6582023
3.6259701
3.7042332
3.6838316
3.6389894
3.592292
3.667465
3.6550552
3.5935481
3.5320537
3.600687
3.3927002
3.3596679
3.3345808
3.3812036
3.4142341
3.3778008
3.3496743
3.3966768
3.4315186
3.3911634
3.3612418
3.4195289
3.4342554
3.3954631
3.3675645
3.4268229
3.4374496
3.3982836
3.3715073
3.4486304
3.4370352
3.39887
3.3657263
3.4231204
3.4049901
3.3693466
3.3485034
3.4312485
3.3323105
3.286735
3.1869379
3.2281507
3.5748715
3.5305231
3.4920188
3.5535454
3.5705766
3.5274613
3.4906766
3.5602566
3.5250724
3.4848362
3.4519223
3.5291783
3.457901
3.416586
3.3837755
3.4570561
1.3601075
1.0380519
1.0013789
0.9992916
1.453371
1.0606862
1.0004616
1.0007764
1.5719046
1.0959904
0.99857769
1.0034731
1.6589574
1.1233683
0.99774194
1.0035398
1.6735494
1.1294814
1.0000147
1.0063174
1.7733247
1.1701318
0.99433264
1.0065616
1.7592884
1.1727918
1.0028739
1.0047126
2.3088522
1.4226067
0.96946321
0.99460531
3.3334134
3.2644615
3.021256
2.1967591
3.3465675
3.3558399
3.0881213
2.2937706
3.2834214
3.1370763
2.9768868
2.2934811
3.3929964
3.5124811
3.3093309
2.9125878
0.99986556
1.0000233
0.99998657
1.0000339
0.9998214
1.000033
0.99998081
1.0000464
0.99986698
1.0000192
0.99999225
1.0000253
0.99987292
1.000019
0.99999278
1.0000219
0.9998723
1.0000069
0.99999605
1.0000258
0.99988465
1.0000165
0.99999303
1.0000162
0.99985746
1.000008
0.99999979
1.0000255
0.99994533
1.0000198
0.99999927
0.99996996
0.9988671
1.0004648
0.99981483
1.0002657
0.99889744
1.0005712
0.99978295
1.0002982
0.99782361
1.0005446
0.99980317
1.0003325
1.0008027
1.0004765
0.99988675
1.0000827
3.6203448
3.5556547
3.4875199
3.5506098
3.5342576
3.4732799
3.411693
3.4629433
3.5383189
3.4679633
3.388538
3.4125076
3.570524
3.48709
3.3918374
3.4075553
3.5579316
3.4803402
3.3913538
3.404096
3.5645754
3.4793384
3.3852466
3.3929015
3.5526834
3.4740752
3.3822491
3.3852018
3.5393084
3.4645524
3.3837567
3.3824602
3.8175969
3.7481317
3.6700506
3.7092648
3.8026554
3.735994
3.6663492
3.7055762
3.7714154
3.7074169
3.6438665
3.6820648
3.7445943
3.6840484
3.6271901
3.6619998
3.2556374
3.2071792
2.944919
2.7017712
3.0800495
3.0082546
2.6263232
2.2272924
2.9205583
2.8615104
2.5698178
2.3377175
2.9034789
2.8475653
2.5560993
2.2563258
2.8156874
1.7676075
1.0464979
1.0593521
3.4280311
1.9613852
1.0187842
1.0162389
3.6545785
2.0331347
1.0325505
1.0173042
3.4632623
1.9319542
1.0184465
1.0147913
1.0002946
0.99994523
1.0000373
0.99993546
1.0001162
0.99999605
1.0000089
0.99997593
1.0001538
0.99998511
1.0000187
0.99996083
1.0001265
0.99999053
1.0000121
0.99996376
