FiniteElementSpace
FiniteElementCollection: L2_2D_P3
VDim: 1
Ordering: 0

1.0000605
0.99998856
1.0000081
0.99998766
0.99997856
1.0000053
0.999997
1.0000042
1.0000145
0.99999716
1.0000021
0.99999716
0.99997512
1.0000068
0.99999629
1.0000049
1.0000006
0.99999988
1.0000001
0.99999988
0.99999978
1.0000001
0.99999997
1
1.0000002
0.99999997
1
0.99999997
0.99999974
1.0000001
0.99999996
1
1
1
1
1
1
1
1
1
1
1
1
1
1
1
1
1
1
1
1
1
1
1
1
1
1
1
1
1
1
1
1
1
1.0000053
0.99999876
1.0000008
0.99999908
0.9999984
1.0000004
0.99999979
1.0000003
1.0000009
0.99999983
1.0000002
0.99999986
0.99999837
1.0000004
0.99999973
1.0000003
1.0000001
0.99999999
1
0.99999999
0.99999999
1
1
1
1
1
1
1
0.99999998
1
1
1
1
1
1
1
1
1
1
1
1
1
1
1
1
1
1
1
1
1
1
1
1
1
1
1
1
1
1
1
1
1
1
1
1
1
1
1
1
1
1
1
1
1
1
1
0.99999999
1
1
1
1
1
1
1
1
1
1
1
1
1
1
1
1
1
1
1
1
1
1
1
1
1
1
1
1
1
1
1
1
1
1
1
0.99999986
1
0.99999998
1
0.99999968
1.0000001
0.99999996
1.0000001
1.0000002
1
1
0.99999997
1.0000007
0.99999996
1.0000001
0.99999991
1
1
1
1
1
1
1
1
1
1
1
1
1
1
1
1
1
1
1
1
1
1
1
1
1
1
1
1
1
1
1
1
0.99999815
1.0000004
0.99999982
1.0000002
0.99999791
1.0000004
0.99999983
1.0000002
0.99999783
1.0000004
0.99999982
1.0000002
0.9999996
1.0000001
1
0.99999987
1
1
1
1
1
1
1
1
1
1
1
1
1
1
1
1
1
1
1
1
1
1
1
1
1
1
1
1
1
1
1
1
1.0000012
0.99999993
1.0000002
0.99999965
1.0000007
1
1.0000001
0.99999966
0.99999998
1.0000001
1.0000001
0.99999975
0.99999948
1.0000001
1
0.99999985
1
1
1
1
1
1
1
1
1
1
1
1
1
1
1
1
1
1
1
1
1
1
1
1
1
1
1
1
1
1
1
1
1.0000062
0.99999883
1.0000008
0.99999875
0.99999782
1.0000005
0.9999997
1.0000004
1.0000015
0.99999971
1.0000002
0.99999971
0.99999739
1.0000007
0.99999962
1.0000005
1.000002
0.99999949
1.0000003
0.99999961
0.99999944
1.0000002
0.99999991
1.0000001
1.0000004
0.99999992
1.0000001
0.99999993
0.99999936
1.0000002
0.99999989
1.0000001
1.0000195
0.99999517
1.0000031
0.99999618
0.99999484
1.0000015
0.99999918
1.0000011
1.0000042
0.99999922
1.0000007
0.9999993
0.99999413
1.0000017
0.99999897
1.0000012
1.0000001
0.99999999
1
0.99999998
0.99999998
1
1
1
1
1
1
1
0.99999997
1
1
1
1
0.99999999
1
1
0.99999999
1
1
1
1
1
1
1
0.99999999
1
1
1
1.0000002
0.99999995
1
0.99999996
0.99999994
1
0.99999999
1
1
0.99999999
1
0.99999999
0.99999993
1
0.99999999
1
1
1
1
1
1
1
1
1
1
1
1
1
1
1
1
1
1
1
1
1
1
1
1
1
1
1
1
1
1
1
1
1
1
1
1
1
1
1
1
1
1
1
1
1
1
1
1
1
1
1
1
1
1
1
1
1
1
1
1
1
1
1
1
1
1
1
1
1
1
1
1
1
1
1
1
1
1
1
1
1
1
1
1
1
1
1
1
1
1
1
1
1
1
1
1
1
1.0000005
0.99999987
1.0000001
0.99999991
0.99999985
1
0.99999998
1
1.0000001
0.99999998
1
0.99999999
0.99999982
1
0.99999997
1
1.0000001
0.99999997
1
0.99999998
0.99999997
1
1
1
1
1
1
0.99999999
0.99999993
1
0.99999999
1
1
1
1
1
1
1
1
1
1
1
1
1
1
1
1
1
1
1
1
1
1
1
1
1
1
1
1
1
1
1
1
1
1
1
1
1
1
1
1
1
1
1
1
1
0.99999999
1
1
1
1
1
1
1
1
1
1
1
1
1
1
1
1
1
1
1
1
1
1
1
1
1
1
1
1
1
1
1
1
1
1
1
1
1
1
1
1
1
1
1
1
1
1
1
1
1
1
1
1
1
1
1
1
1
1
1
1
1
1
1
1
1
1
1
1
1
1
1
1
1
1
1
1
1
1
1
1
1
1
1
1
1
1
1
1
1
1
1
1
1
1
1
1
1
1
1
0.99999997
1
1
1
0.99999982
1
0.99999999
1
1.0000002
0.99999999
1
0.99999997
1.0000002
1
1
1
0.99999964
1.0000001
0.99999996
1.0000001
0.99999906
1.0000002
0.99999992
1.0000001
1.0000003
1
1
0.9999999
1.0000006
1
1.0000001
0.99999992
1
1
1
1
1
1
1
1
1
1
1
1
1
1
1
1
1
1
1
1
1
1
1
1
1
1
1
1
1
1
1
1
0.99999995
1
1
1
0.99999997
1
1
1
1.0000001
0.99999999
1
0.99999999
1
1
1
1
1
1
1
1
1
1
1
1
1
1
1
1
1
1
1
1
1
1
1
1
1
1
1
1
1
1
1
1
1
1
1
1
1
1
1
1
1
1
1
1
1
1
1
1
1
1
1
1
1
1
1
1
1
1
1
1
1
1
1
1
1
1
1
1
1
1
1
1
1
1
1
1
1
1
1
1
1
1
1
1
1
1
1
1
1
1
1
1
1
1
1
1
1
1
1
1
0.99999886
1.0000004
0.99999985
1.0000002
0.99999525
1.0000009
0.99999954
1.0000006
0.99999895
1.0000003
1
0.99999977
1.0000071
0.99999935
1.0000008
0.99999862
1.0000111
0.99999909
1.000001
0.99999833
1.000012
0.99999976
1.0000008
0.99999885
1.0000041
1.0000018
0.9999996
1.0000007
0.99999462
1.0000037
0.99999848
1.0000024
0.99999998
1
1
1
0.99999997
1
1
1
1
1
1
1
1
1
1
1
1
1
1
1
0.99999995
1
0.99999999
1
0.99999989
1
0.99999999
1
0.99999987
1
0.99999999
1
1.0000008
0.99999997
1
0.99999994
1.0000003
1.0000001
0.99999998
1.0000001
0.9999993
1.0000002
0.99999988
1.0000002
0.99999845
1.0000003
0.99999983
1.0000003
1
1
1
1
1
1
1
1
1
1
1
1
1
1
1
1
1
1
1
1
1
1
1
1
1
1
1
1
1
1
1
1
1
1
1
1
0.99999999
1
1
1
1
1
1
1
1
1
1
1
1
1
1
1
1
1
1
1
1
1
1
1
1
1
1
1
1
1
1
1
1
1
1
1
1
1
1
1
1
1
1
1
1
1
1
1
1
1
1
1
1
1
1
1
1
1
1
1
0.99998934
1.0000046
0.999998
1.0000031
0.9999813
1.0000057
0.99999745
1.0000038
0.99997633
1.0000064
0.99999712
1.000004
0.99998471
1.0000042
0.99999877
1.0000012
0.99998323
1.0000045
0.99999869
1.0000011
0.99998611
1.0000041
0.99999881
1.0000009
0.99999685
1.0000028
1.0000001
0.99999893
0.99999777
1.000002
1.0000006
0.99999779
0.9999999
1
0.99999999
1
0.99999995
1
1
0.99999999
0.99999994
1
1
0.99999999
1.0000001
0.99999998
1
0.99999997
1.0000001
0.99999999
1
0.99999997
1.0000001
0.99999999
1
0.99999996
1.0000002
0.99999999
1
0.99999997
1.0000002
0.99999999
1
0.99999997
0.99999965
1.0000001
1
0.99999985
0.99999955
1.0000002
1
0.99999981
1.0000007
1
1.0000001
0.99999973
1.0000016
0.99999984
1.0000002
0.99999963
1
1
1
1
1
1
1
1
1
1
1
1
1
1
1
1
1
1
1
1
1
1
1
1
1
1
1
1
1
1
1
1
1
1
1
1
1
1
1
1
1
1
1
1
1
1
1
1
1
1
1
1
1
1
1
1
1
1
1
1
1
1
1
1
1
1
1
1
1
1
1
1
1
1
1
1
1
1
1
1
1
1
1
1
1
1
1
1
1
1
1
1
1
1
1
1
0.99999962
1.0000016
1.0000006
0.99999808
0.99999985
1.0000022
1.0000003
0.99999871
0.99998634
1.0000041
0.999999
1.0000005
0.99998086
1.000005
0.99999837
1.0000016
0.99998166
1.0000047
0.99999848
1.0000014
0.99997458
1.0000062
0.99999715
1.0000038
0.99998067
1.0000056
0.99999748
1.0000036
0.99998837
1.0000047
0.99999791
1.0000031
0.99999796
1.000045
0.99998673
1.0000226
0.99997731
1.0000435
0.99998283
1.0000328
1.0000209
1.0000319
0.99999029
1.0000207
1.0000829
1.0000189
0.9999983
1.0000064
1.0000002
0.99999999
1
0.99999995
1.0000002
0.99999997
1
0.99999994
1.0000002
0.99999998
1
0.99999995
1.0000001
0.99999999
1
0.99999997
1
1
1
1
1
1
1
1
1
1
1
1
1
1
1
1
1
1
1
1
1
1
1
1
1
1
1
1
1
1
1
1
