FiniteElementSpace
FiniteElementCollection: L2_2D_P3
VDim: 1
Ordering: 0

54.303827
32.31828
9.5619419
7.492673
39.401618
29.553554
9.2601242
7.1799467
42.362098
29.704887
9.7628407
6.9156567
55.79425
31.998204
10.539828
7.1866877
0.60890628
0.54824074
0.50216263
0.49832616
0.60707669
0.54450409
0.50213012
0.49882077
0.60950585
0.55282024
0.5035541
0.50983672
0.62652016
0.55988316
0.51647477
0.51344772
3.6536231
3.5002786
3.6397637
3.919565
3.6777822
3.5367784
3.6926587
3.9907694
3.7124829
3.5804923
3.7492362
4.0549398
3.7592432
3.6182346
3.7840984
4.087964
100.30245
41.260326
11.350602
7.5577546
34.71181
29.872316
10.523474
7.201234
44.191429
32.143603
9.9066271
7.0834589
70.58259
32.984588
11.344603
7.4288056
0.63311815
0.56353324
0.5064052
0.54116025
0.61079826
0.55910618
0.4971267
0.53332647
0.61482618
0.55583367
0.50426597
0.5212285
0.62371094
0.55725202
0.51058014
0.51947471
3.6053487
3.4796201
3.6420331
3.9583034
3.5145979
3.3978859
3.5597939
3.8680983
3.431563
3.3140196
3.4583323
3.7296716
3.4251595
3.2899652
3.4266852
3.6908682
50.504596
30.247699
8.6166684
7.0000852
38.496713
26.632509
8.4592698
7.0638491
37.281947
26.282767
7.738946
6.7739532
39.894971
24.633788
7.7515583
6.8705948
0.6055928
0.55649606
0.49597368
0.4914532
0.58964805
0.54971654
0.48625983
0.48232329
0.58163224
0.54211001
0.48334978
0.47933409
0.58021501
0.54477993
0.48952972
0.4825947
3.4302974
3.277662
3.3976748
3.6299459
3.3799203
3.2236201
3.3302075
3.5537275
3.3074218
3.1543181
3.257531
3.451244
3.2259935
3.1112219
3.1922007
3.3793394
3.4179015
3.3487989
3.2839315
3.3098181
3.3597884
3.2923115
3.2323422
3.2568892
3.2838557
3.2182138
3.1561831
3.1744689
3.2326582
3.1672384
3.1003833
3.1130338
29.923711
18.548337
5.9528519
6.3220843
28.031039
16.101816
5.510615
5.4413268
24.611407
14.209443
4.9987579
5.2886756
22.871498
13.193649
4.2584096
4.6251703
0.54910241
0.52165416
0.48073225
0.45034026
0.53150864
0.5089028
0.46870801
0.4397101
0.52064275
0.49544053
0.46607452
0.43258393
0.51303357
0.48963462
0.46506592
0.43559012
2.8698418
2.7018558
2.7604781
2.8767292
2.7988879
2.6407611
2.7013502
2.7885539
2.7171075
2.590947
2.6473918
2.7516123
2.7116201
2.5433275
2.6316681
2.7362956
2.8934317
2.8879174
2.8814693
2.9038031
2.7736234
2.7693728
2.7775848
2.8062476
2.6675717
2.6370156
2.6449102
2.67865
2.6621992
2.6027659
2.5708549
2.5840238
15.093422
6.962571
3.5907529
3.2276067
13.101361
6.1524335
2.8507288
2.753636
10.201352
4.5119621
3.3613504
2.9590292
9.2875138
4.5703828
2.9790525
2.2948784
0.45845904
0.43589727
0.42120737
0.40901059
0.44463211
0.4242753
0.41290906
0.40190026
0.43393063
0.41130565
0.39859857
0.39110627
0.42355562
0.40682933
0.38884975
0.38793596
2.6513702
2.4083113
2.4016344
2.4819127
2.4932932
2.3045028
2.3283714
2.3771044
2.3901718
2.2339752
2.2117118
2.256165
2.3976342
2.1263122
2.1524189
2.176229
2.5551361
2.5537027
2.5182673
2.4747781
2.5102832
2.5141707
2.4991881
2.4700372
2.4277789
2.4505725
2.4616384
2.4527399
2.3555273
2.3818838
2.4165279
2.4312386
4.7685772
1.8757513
1.9193555
1.3058489
2.8359476
1.7219326
1.5797995
1.2576881
2.5103951
1.4951214
1.4355643
1.0582978
1.7969008
1.3917884
1.1175889
0.89509121
0.37867147
0.37642039
0.367614
0.36077364
0.37109406
0.37104225
0.37063437
0.36516918
0.34895926
0.358291
0.36706086
0.37325468
0.33305408
0.34312381
0.34129943
0.3630119
2.2808009
1.7740663
1.6823883
1.7003801
2.1911916
1.797647
1.6728407
1.6074228
2.6445116
1.7348253
1.4574737
1.5460927
3.5290339
1.4986471
1.8733707
1.7409895
1.8746488
1.9023247
1.9436419
1.9761692
1.7876437
1.8214357
1.8532448
1.8764048
1.6795083
1.7199177
1.7639468
1.7790856
1.5918446
1.6388082
1.713328
1.7386562
2.0415683
1.3146614
0.80850325
0.63052753
2.0280666
1.3458697
0.81387613
0.63347536
2.1097048
1.4016149
0.83048792
0.64530605
2.1050942
1.4274921
0.86014802
0.65171156
41.470929
25.019535
7.7446229
6.8891844
36.713425
26.159607
7.7563457
6.7561222
39.239437
26.825185
8.4942229
7.0366784
46.155872
29.454252
8.611282
7.0074463
2.152391
1.4599121
0.86478409
0.65369492
2.1241033
1.4671838
0.87816572
0.65891135
2.1489343
1.493323
0.88100429
0.67635143
2.3087364
1.5124066
0.90740802
0.68311202
2.3374062
1.5359612
0.90668176
0.69005416
2.1755482
1.5352691
0.89507947
0.70236612
2.1964433
1.5480492
0.90117053
0.71244971
2.3732449
1.5517365
0.91918716
0.69399549
85.907992
38.711449
10.751003
7.5408623
37.927472
30.729791
10.202619
6.9817877
41.772426
31.707252
10.467236
7.1240561
69.668857
34.938566
11.828175
7.412529
0.54023284
0.61900069
0.68305683
0.63492421
0.54541346
0.63079012
0.68962026
0.6351354
0.55243236
0.6399855
0.69591884
0.64108838
0.57011401
0.64452578
0.70792626
0.63969604
0.57694778
0.65260977
0.70151942
0.63820636
0.57968621
0.65615902
0.70923954
0.62936667
0.58912815
0.66217088
0.70683445
0.61148048
0.59298178
0.65979343
0.70318117
0.60569366
0.62519723
0.560623
0.51228913
0.51709255
0.61306413
0.56123991
0.50504176
0.5177379
0.6101511
0.56347209
0.49569322
0.52814396
0.63271258
0.56590279
0.50200801
0.533349
3.7448242
3.6180851
3.7859172
4.1001174
3.7270412
3.5882511
3.7523066
4.0660688
3.6751348
3.5477707
3.721575
4.0529903
3.647625
3.5191155
3.6871421
4.0087925
2.3638184
1.5567391
0.92150728
0.69474953
2.1763378
1.5560191
0.8999473
0.70400025
2.1767448
1.5388134
0.90406391
0.69533424
2.313678
1.5369101
0.90768763
0.6863311
2.2943498
1.5133835
0.90858256
0.6860651
2.13911
1.4973302
0.87864785
0.68790548
2.1121517
1.4711919
0.86680627
0.67664756
2.1561631
1.4546271
0.86453874
0.65905377
75.80272
34.698624
10.810839
7.0780778
38.878353
28.804663
9.5774061
6.9637264
41.979406
30.069831
9.2798273
7.13447
48.093117
30.260334
9.549089
7.5968151
0.59161772
0.66478833
0.7018478
0.599895
0.58541244
0.66274698
0.70100985
0.57692575
0.57820889
0.65634829
0.70006286
0.57126453
0.57432702
0.65604606
0.69885725
0.57972231
0.57039386
0.64669626
0.70085738
0.58056888
0.5553021
0.64081658
0.68610005
0.58011852
0.544006
0.63191022
0.68783456
0.58666261
0.54082988
0.61971633
0.68348055
0.5904346
0.6244599
0.55948835
0.51181157
0.51091031
0.60609099
0.5535178
0.49853043
0.5101543
0.60574934
0.5525929
0.49390763
0.50171221
0.61733304
0.55397809
0.49679965
0.498403
3.8402862
3.8704613
3.8623087
3.9845525
3.755161
3.7767495
3.7586541
3.8686763
3.6231388
3.636909
3.620802
3.7159317
3.5854309
3.5840213
3.5593346
3.6457802
3.5951267
3.5927397
3.5598389
3.6283342
3.5765457
3.583839
3.5482259
3.6078887
3.5675877
3.5655667
3.5279192
3.5746282
3.5732926
3.5773782
3.5311048
3.5677513
3.4303112
3.298002
3.4281983
3.693749
3.4019709
3.2668645
3.4048162
3.6670401
3.4094669
3.2712798
3.396192
3.6566233
3.4163054
3.2713201
3.3992776
3.6477585
2.1163103
1.4253576
0.85822099
0.65215636
2.0891478
1.3991209
0.83203415
0.64648393
2.0156832
1.3619404
0.81428115
0.63181848
2.0498078
1.3208015
0.81013227
0.63118652
1.9577918
1.3068025
0.78706996
0.63950629
1.9509659
1.2425149
0.77066955
0.6139588
1.8854269
1.1933118
0.74042763
0.60475844
1.8289565
1.1416318
0.72733788
0.59315505
38.647754
24.85551
7.3013908
6.8083447
34.358536
22.052203
6.7934444
6.4198638
31.392438
20.601189
6.374202
6.3641763
32.060507
18.957074
5.9195233
5.9143773
0.53602871
0.61037738
0.67724828
0.59853247
0.51857835
0.59620977
0.66919081
0.59838888
0.50630341
0.57973184
0.6424267
0.58977314
0.50246729
0.5718429
0.62931028
0.58324492
0.4807484
0.55740785
0.61948595
0.58594899
0.47337885
0.54675114
0.5959718
0.57736079
0.46684237
0.53101216
0.58302951
0.5651878
0.46021739
0.51978276
0.57026911
0.54751245
0.56960122
0.54857218
0.4889487
0.48352716
0.55954243
0.53337568
0.47981797
0.46628638
0.55552932
0.52477233
0.47937107
0.45295495
0.5574602
0.52280229
0.47892845
0.45489069
3.5550563
3.5633123
3.5145822
3.5525203
3.4865222
3.4922914
3.4476373
3.4836818
3.3815934
3.3894935
3.3594891
3.3909132
3.3089001
3.3209201
3.2953228
3.3240327
3.2602319
3.268631
3.2523933
3.2744352
3.1577112
3.1799482
3.1663785
3.2037551
3.0412033
3.0560703
3.0648144
3.1072361
2.9064464
2.9367923
2.9553957
2.996348
3.251228
3.0536522
3.137743
3.313236
3.1639421
2.9503717
3.0394902
3.2084485
2.9793471
2.8169911
2.9267972
3.0771046
2.8730782
2.704229
2.7975356
2.9366076
3.1940524
3.123278
3.0515024
3.065316
3.1515407
3.085938
3.0180538
3.0291809
3.0821368
3.0247543
2.968385
2.9755336
3.0278521
2.9725868
2.9246216
2.9316888
3.201082
3.1420072
3.0751703
3.0829429
3.1280696
3.0784756
3.0214044
3.0311443
3.0443122
3.016202
2.9687279
2.9681018
2.9545693
2.9459553
2.9214782
2.9351563
1.8766871
1.117929
0.71620369
0.58997616
1.7843781
1.0799201
0.67102796
0.58353062
1.7269357
1.001971
0.64774175
0.56307459
1.635664
0.93263762
0.63904254
0.55110879
1.6183492
0.94189062
0.61167323
0.55171641
1.5297378
0.86433369
0.5917411
0.51956631
1.3818561
0.80630959
0.55976177
0.50482802
1.3112795
0.75047817
0.53852892
0.4867181
22.761602
12.15028
4.5519852
4.4997821
19.220899
10.696876
4.0262707
4.3437822
17.955256
8.6469232
3.8629572
3.5290762
15.229016
7.9579166
3.2606339
3.2975871
0.45858941
0.51303036
0.56111943
0.54168486
0.44169609
0.49270393
0.55414084
0.52812932
0.44043773
0.47606814
0.54581742
0.54488465
0.4287817
0.46737906
0.5413283
0.55837474
0.43179479
0.45881007
0.53583993
0.5691131
0.41445011
0.44817911
0.52613513
0.58007746
0.40885367
0.43638698
0.51416542
0.58818657
0.40546864
0.43171426
0.50813877
0.57961093
0.50563603
0.48138744
0.46382262
0.43520093
0.4916093
0.4655741
0.44888894
0.43155693
0.47285367
0.45193932
0.43366942
0.42299447
0.46672328
0.43961189
0.42668277
0.41780502
2.8499606
2.8690121
2.8853899
2.9290365
2.7485137
2.7571657
2.7723704
2.8024087
2.7243043
2.7405089
2.7327385
2.7236742
2.7290944
2.744322
2.7271513
2.7090971
2.6978023
2.7134026
2.7138563
2.7041598
2.6653861
2.6771516
2.6833741
2.6801129
2.5958145
2.6119986
2.6272941
2.6406102
2.537191
2.5571181
2.5729757
2.5953294
2.7486295
2.5859695
2.6367086
2.7248666
2.6817215
2.5212159
2.590739
2.6746878
2.6106898
2.4745187
2.5231885
2.6020786
2.5932952
2.3895928
2.4454547
2.5218965
2.6658298
2.6079549
2.5498708
2.5325174
2.6474725
2.6008333
2.5296865
2.4899494
2.6208403
2.5874799
2.5260169
2.4812807
2.5910059
2.5711556
2.5200295
2.4733016
1.20475
0.72477167
0.52702969
0.47509697
1.1503537
0.68009144
0.50586773
0.44877735
0.95846673
0.60953881
0.48336864
0.43071466
0.84161388
0.58767615
0.45804796
0.42179678
0.79843183
0.57306757
0.45038508
0.41398219
0.65910227
0.52324135
0.4329384
0.40110545
0.63217021
0.50674288
0.40774877
0.4013874
0.70557029
0.44810001
0.40131061
0.38727149
8.5334364
4.4264738
2.5179781
2.0827687
6.503293
2.9710474
2.7043774
1.9999064
5.9231702
3.7254887
2.1689203
1.4710446
4.6607104
3.3391969
1.4709058
1.5135529
0.40058945
0.42417443
0.50047336
0.58433291
0.39005896
0.40950823
0.482137
0.57513265
0.38495348
0.39452013
0.45806055
0.5614079
0.39257558
0.38802113
0.44809064
0.54855477
0.38845826
0.38187443
0.43576073
0.55959554
0.37299136
0.37221776
0.42481358
0.52004697
0.36712536
0.35342287
0.39348246
0.5119277
0.34714731
0.35658512
0.38473991
0.52321715
0.41499359
0.40231285
0.38944657
0.38383231
0.40203366
0.39312487
0.38303558
0.3674175
0.38799879
0.38605655
0.37565413
0.3693832
0.38099429
0.37840097
0.37000961
0.36276952
2.485911
2.5262037
2.5463915
2.557257
2.3882435
2.4296079
2.4788412
2.5100467
2.2672597
2.3147892
2.3751825
2.4164413
2.1968585
2.236945
2.2954507
2.3397976
2.1583382
2.1945066
2.2356127
2.2848499
2.0635207
2.0877475
2.1255859
2.1614355
1.9076094
1.9334845
1.9730451
2.0057263
1.7986396
1.8272399
1.871744
1.9058544
2.3214555
2.1665897
2.1357193
2.1587047
2.1852201
1.9794684
2.0176387
2.042035
1.9619987
1.8488818
1.8663218
1.9177296
2.0433334
1.6334681
1.7735886
1.7683253
2.310944
2.3426174
2.3785461
2.3998437
2.1808738
2.2264536
2.2866421
2.3287729
2.0215614
2.0542473
2.1162599
2.1790618
1.9236642
1.9550221
1.9943975
2.0427512
0.57713169
0.45430673
0.3851944
0.38028069
0.54060747
0.42357323
0.37197062
0.36762477
0.4921019
0.40021117
0.34796813
0.35041729
0.47644979
0.37392047
0.32698701
0.32200099
0.45560063
0.35602364
0.3122212
0.30121317
0.4457677
0.31319344
0.27194235
0.29648477
0.36696687
0.34509105
0.31745559
0.32777634
0.55182944
0.48617399
0.54224927
0.77404888
1.8579183
1.5649241
0.97629186
0.89677627
1.1461632
1.1392538
1.0100674
0.82728536
1.673556
1.1522711
0.88916646
0.58506649
3.1231539
2.2715228
1.4957309
1.2022657
0.35290678
0.3512066
0.39502207
0.52301737
0.34863465
0.33385183
0.36900883
0.47397702
0.37179385
0.33473104
0.36453277
0.44843547
0.3747535
0.40409023
0.3629094
0.49683029
0.31648181
0.3451773
0.41858304
0.81782714
0.33669462
0.30226885
0.41653107
0.5521455
0.5042682
0.23788029
0.14721846
0.50025259
1.6394655
0.57151542
1.364142
2.730709
0.32250387
0.33252462
0.32433316
0.3293405
0.33168266
0.35458517
0.34876729
0.33383062
0.34225041
0.23963449
0.23023065
0.43106631
1.0801273
0.90664191
0.9465303
1.4496425
1.7181043
1.7665169
1.8214327
1.8566975
1.6122261
1.6527503
1.7126687
1.7737279
1.5089521
1.5233003
1.5874108
1.6483713
1.5762408
1.532056
1.4974791
1.5931492
1.6810717
1.5328908
1.5112949
1.4898047
1.4768148
1.4856846
1.483174
1.5435361
1.144672
1.3669
1.362523
1.3524757
1.2453265
1.3444286
1.0273604
0.93614166
2.9502692
2.4108966
1.7771343
1.6687212
1.6775551
1.1365892
1.3463028
1.4978233
1.6216956
1.2012978
0.9846309
1.0475605
1.8631191
1.2395244
1.3262465
1.0665159
1.5450688
1.59044
1.6482754
1.6836062
1.50393
1.5235927
1.6464746
1.6696643
1.4070354
1.448123
1.3925998
1.4271199
0.93893454
1.1352228
1.2889015
1.2287701
