FiniteElementSpace
FiniteElementCollection: L2_2D_P2
VDim: 1
Ordering: 0

1.4421974
1.4427504
1.4435697
1.4421974
1.4427504
1.4435697
1.4421974
1.4427504
1.4435697
1.4438485
1.4440423
1.4437964
1.4438485
1.4440423
1.4437964
1.4438485
1.4440423
1.4437964
1.4431339
1.4422186
1.4420197
1.4431339
1.4422186
1.4420197
1.4431339
1.4422186
1.4420197
1.4421283
1.4425802
1.4432218
1.4421283
1.4425802
1.4432218
1.4421283
1.4425802
1.4432218
1.4435475
1.4439502
1.4440466
1.4435475
1.4439502
1.4440466
1.4435475
1.4439502
1.4440466
1.4435398
1.4423027
1.4418913
1.4435398
1.4423027
1.4418913
1.4435398
1.4423027
1.4418913
1.4419341
1.4423825
1.4429989
1.4419341
1.4423825
1.4429989
1.4419341
1.4423825
1.4429989
1.4433428
1.4438995
1.444258
1.4433428
1.4438995
1.444258
1.4433428
1.4438995
1.444258
1.444043
1.4425447
1.4416687
1.444043
1.4425447
1.4416687
1.444043
1.4425447
1.4416687
1.4415867
1.442088
1.4427272
1.4415867
1.442088
1.4427272
1.4415867
1.442088
1.4427272
1.4431392
1.4438446
1.444359
1.4431392
1.4438446
1.444359
1.4431392
1.4438446
1.444359
1.4444717
1.4430537
1.4412958
1.4444717
1.4430537
1.4412958
1.4444717
1.4430537
1.4412958
1.441101
1.4415695
1.4422935
1.441101
1.4415695
1.4422935
1.441101
1.4415695
1.4422935
