FiniteElementSpace
FiniteElementCollection: L2_2D_P2
VDim: 1
Ordering: 0

1.4430609
1.443113
1.4431798
1.4430609
1.443113
1.4431798
1.4430609
1.443113
1.4431798
1.4432165
1.4432793
1.4432865
1.4432165
1.4432793
1.4432865
1.4432165
1.4432793
1.4432865
1.4431631
1.4430027
1.4429884
1.4431631
1.4430027
1.4429884
1.4431631
1.4430027
1.4429884
1.4430099
1.4430714
1.4431576
1.4430099
1.4430714
1.4431576
1.4430099
1.4430714
1.4431576
1.4432077
1.4432927
1.4433469
1.4432077
1.4432927
1.4433469
1.4432077
1.4432927
1.4433469
1.4432526
1.4430063
1.4429332
1.4432526
1.4430063
1.4429332
1.4432526
1.4430063
1.4429332
1.4429396
1.443016
1.443121
1.4429396
1.443016
1.443121
1.4429396
1.443016
1.443121
1.443184
1.4433014
1.443396
1.443184
1.4433014
1.443396
1.443184
1.4433014
1.443396
1.4433665
1.4430553
1.4428689
1.4433665
1.4430553
1.4428689
1.4433665
1.4430553
1.4428689
1.4428466
1.4429426
1.4430587
1.4428466
1.4429426
1.4430587
1.4428466
1.4429426
1.4430587
1.4431413
1.4433
1.4434364
1.4431413
1.4433
1.4434364
1.4431413
1.4433
1.4434364
1.4434769
1.4431738
1.4427963
1.4434769
1.4431738
1.4427963
1.4434769
1.4431738
1.4427963
