FiniteElementSpace
FiniteElementCollection: L2_2D_P2
VDim: 1
Ordering: 0

2.0742073
3.1389139
3.1978718
2.0742073
3.1389139
3.1978718
2.0742073
3.1389139
3.1978718
3.5909166
3.7180729
3.4946892
3.5909166
3.7180729
3.4946892
3.5909166
3.7180729
3.4946892
3.6244597
3.6739887
3.4676958
3.6244597
3.6739887
3.4676958
3.6244597
3.6739887
3.4676958
3.5926861
3.6396148
3.4389589
3.5926861
3.6396148
3.4389589
3.5926861
3.6396148
3.4389589
3.5685907
3.6202228
3.4254436
3.5685907
3.6202228
3.4254436
3.5685907
3.6202228
3.4254436
3.5590059
3.612923
3.418546
3.5590059
3.612923
3.418546
3.5590059
3.612923
3.418546
3.552822
3.6087607
3.4171499
3.552822
3.6087607
3.4171499
3.552822
3.6087607
3.4171499
3.5527701
3.6101548
3.4193776
3.5527701
3.6101548
3.4193776
3.5527701
3.6101548
3.4193776
3.5553185
3.6115481
3.4177989
3.5553185
3.6115481
3.4177989
3.5553185
3.6115481
3.4177989
3.5526617
3.6090266
3.4180122
3.5526617
3.6090266
3.4180122
3.5526617
3.6090266
3.4180122
3.5539928
3.6117478
3.4211523
3.5539928
3.6117478
3.4211523
3.5539928
3.6117478
3.4211523
3.5571604
3.6140057
3.4201282
3.5571604
3.6140057
3.4201282
3.5571604
3.6140057
3.4201282
3.5544696
3.6104308
3.4195404
3.5544696
3.6104308
3.4195404
3.5544696
3.6104308
3.4195404
