FiniteElementSpace
FiniteElementCollection: L2_2D_P2
VDim: 1
Ordering: 0

3.559016
3.6161624
3.4232168
3.559016
3.6161624
3.4232168
3.559016
3.6161624
3.4232168
3.5569194
3.6121605
3.4208233
3.5569194
3.6121605
3.4208233
3.5569194
3.6121605
3.4208233
3.556516
3.613968
3.4232789
3.556516
3.613968
3.4232789
3.556516
3.613968
3.4232789
3.559111
3.6164317
3.4242924
3.559111
3.6164317
3.4242924
3.559111
3.6164317
3.4242924
3.5575814
3.6116608
3.4199524
3.5575814
3.6116608
3.4199524
3.5575814
3.6116608
3.4199524
3.5556145
3.6133977
3.4232874
3.5556145
3.6133977
3.4232874
3.5556145
3.6133977
3.4232874
3.5594716
3.6167233
3.4245832
3.5594716
3.6167233
3.4245832
3.5594716
3.6167233
3.4245832
3.5588146
3.611762
3.4185478
3.5588146
3.611762
3.4185478
3.5588146
3.611762
3.4185478
3.5538073
3.6122231
3.4230183
3.5538073
3.6122231
3.4230183
3.5538073
3.6122231
3.4230183
3.5597557
3.6182117
3.4243154
3.5597557
3.6182117
3.4243154
3.5597557
3.6182117
3.4243154
3.5585183
3.6133084
3.4170526
3.5585183
3.6133084
3.4170526
3.5585183
3.6133084
3.4170526
3.5510778
3.6087531
3.4225198
3.5510778
3.6087531
3.4225198
3.5510778
3.6087531
3.4225198
3.5612289
3.6196432
3.4220013
3.5612289
3.6196432
3.4220013
3.5612289
3.6196432
3.4220013
