FiniteElementSpace
FiniteElementCollection: L2_2D_P2
VDim: 1
Ordering: 0

0.60840435
0.59903136
0.63269605
0.60840435
0.59903136
0.63269605
0.60840435
0.59903136
0.63269605
0.60868565
0.59903851
0.6321893
0.60868565
0.59903851
0.6321893
0.60868565
0.59903851
0.6321893
0.60809167
0.59860236
0.63227543
0.60809167
0.59860236
0.63227543
0.60809167
0.59860236
0.63227543
0.6083583
0.59906856
0.63278794
0.6083583
0.59906856
0.63278794
0.6083583
0.59906856
0.63278794
0.60870491
0.59909666
0.63234588
0.60870491
0.59909666
0.63234588
0.60870491
0.59909666
0.63234588
0.60804297
0.59838745
0.6320905
0.60804297
0.59838745
0.6320905
0.60804297
0.59838745
0.6320905
0.60822972
0.59907997
0.63293694
0.60822972
0.59907997
0.63293694
0.60822972
0.59907997
0.63293694
0.60889173
0.59905522
0.63241838
0.60889173
0.59905522
0.63241838
0.60889173
0.59905522
0.63241838
0.60822975
0.59818868
0.6314921
0.60822975
0.59818868
0.6314921
0.60822975
0.59818868
0.6314921
0.60745725
0.59911304
0.63067574
0.60745725
0.59911304
0.63067574
0.60745725
0.59911304
0.63067574
0.59237041
0.45310313
0.21278485
0.59237041
0.45310313
0.21278485
0.59237041
0.45310313
0.21278485
0.11916826
0.07369434
0.076386645
0.11916826
0.07369434
0.076386645
0.11916826
0.07369434
0.076386645
