FiniteElementSpace
FiniteElementCollection: L2_2D_P2
VDim: 1
Ordering: 0

1.0433917
0.68958734
0.67695933
1.0433917
0.68958734
0.67695933
1.0433917
0.68958734
0.67695933
0.60288199
0.5822887
0.61953161
0.60288199
0.5822887
0.61953161
0.60288199
0.5822887
0.61953161
0.59734436
0.58915829
0.62408879
0.59734436
0.58915829
0.62408879
0.59734436
0.58915829
0.62408879
0.6023331
0.59462475
0.62940502
0.6023331
0.59462475
0.62940502
0.6023331
0.59462475
0.62940502
0.60658625
0.59801091
0.63208933
0.60658625
0.59801091
0.63208933
0.60658625
0.59801091
0.63208933
0.60840662
0.59922553
0.63307902
0.60840662
0.59922553
0.63307902
0.60840662
0.59922553
0.63307902
0.60909011
0.59962613
0.63330996
0.60909011
0.59962613
0.63330996
0.60909011
0.59962613
0.63330996
0.60920087
0.59964186
0.63321975
0.60920087
0.59964186
0.63321975
0.60920087
0.59964186
0.63321975
0.60908301
0.59957461
0.63325147
0.60908301
0.59957461
0.63325147
0.60908301
0.59957461
0.63325147
0.60913562
0.59949885
0.63302566
0.60913562
0.59949885
0.63302566
0.60913562
0.59949885
0.63302566
0.60887924
0.59931315
0.63287147
0.60887924
0.59931315
0.63287147
0.60887924
0.59931315
0.63287147
0.60877293
0.59928314
0.63292346
0.60877293
0.59928314
0.63292346
0.60877293
0.59928314
0.63292346
0.60884753
0.5991875
0.63259739
0.60884753
0.5991875
0.63259739
0.60884753
0.5991875
0.63259739
