FiniteElementSpace
FiniteElementCollection: L2_2D_P2
VDim: 1
Ordering: 0

0.074997982
0.075005674
0.074997293
0.074997982
0.075005674
0.074997293
0.074997982
0.075005674
0.074997293
0.074999087
0.075001859
0.074998266
0.074999087
0.075001859
0.074998266
0.074999087
0.075001859
0.074998266
0.07500085
0.074999985
0.075000062
0.07500085
0.074999985
0.075000062
0.07500085
0.074999985
0.075000062
0.07499995
0.075000028
0.074999974
0.07499995
0.075000028
0.074999974
0.07499995
0.075000028
0.074999974
0.075000011
0.075000001
0.075
0.075000011
0.075000001
0.075
0.075000011
0.075000001
0.075
0.075
0.075
0.075
0.075
0.075
0.075
0.075
0.075
0.075
0.075
0.075
0.075
0.075
0.075
0.075
0.075
0.075
0.075
0.075
0.075
0.075
0.075
0.075
0.075
0.075
0.075
0.075
0.075
0.075
0.075
0.075
0.075
0.075
0.075
0.075
0.075
0.075
0.075
0.075
0.075
0.075
0.075
0.075
0.075
0.075
0.075
0.075
0.075
0.075
0.075
0.075
0.075
0.075
0.075
0.075
0.075
0.075
0.075
0.075
0.075
0.075
0.075
0.075
