FiniteElementSpace
FiniteElementCollection: L2_2D_P2
VDim: 1
Ordering: 0

1.0434804
0.68969329
0.67684267
1.0434804
0.68969329
0.67684267
1.0434804
0.68969329
0.67684267
0.60257331
0.58185144
0.61927015
0.60257331
0.58185144
0.61927015
0.60257331
0.58185144
0.61927015
0.59722699
0.5891505
0.62417141
0.59722699
0.5891505
0.62417141
0.59722699
0.5891505
0.62417141
0.602474
0.59482308
0.62953513
0.602474
0.59482308
0.62953513
0.602474
0.59482308
0.62953513
0.6064541
0.59755917
0.63164538
0.6064541
0.59755917
0.63164538
0.6064541
0.59755917
0.63164538
0.60808453
0.59910283
0.63315387
0.60808453
0.59910283
0.63315387
0.60808453
0.59910283
0.63315387
0.60931906
0.59998107
0.63347041
0.60931906
0.59998107
0.63347041
0.60931906
0.59998107
0.63347041
0.60931302
0.59934691
0.63257531
0.60931302
0.59934691
0.63257531
0.60931302
0.59934691
0.63257531
0.60850223
0.59930308
0.63334232
0.60850223
0.59930308
0.63334232
0.60850223
0.59930308
0.63334232
0.60946803
0.60011165
0.63340146
0.60946803
0.60011165
0.63340146
0.60946803
0.60011165
0.63340146
0.60901187
0.59928596
0.63233757
0.60901187
0.59928596
0.63233757
0.60901187
0.59928596
0.63233757
0.60682812
0.59820872
0.61572091
0.60682812
0.59820872
0.61572091
0.60682812
0.59820872
0.61572091
0.53387745
0.31271798
0.11396526
0.53387745
0.31271798
0.11396526
0.53387745
0.31271798
0.11396526
