FiniteElementSpace
FiniteElementCollection: L2_2D_P2
VDim: 1
Ordering: 0

0.60806082
0.59824409
0.63183389
0.60806082
0.59824409
0.63183389
0.60806082
0.59824409
0.63183389
0.60803034
0.59907107
0.63302939
0.60803034
0.59907107
0.63302939
0.60803034
0.59907107
0.63302939
0.60892143
0.59905347
0.63228229
0.60892143
0.59905347
0.63228229
0.60892143
0.59905347
0.63228229
0.60671164
0.59196372
0.52875606
0.60671164
0.59196372
0.52875606
0.60671164
0.59196372
0.52875606
0.37665031
0.15714527
0.075313487
0.37665031
0.15714527
0.075313487
0.37665031
0.15714527
0.075313487
0.076039766
0.07501632
0.075014539
0.076039766
0.07501632
0.075014539
0.076039766
0.07501632
0.075014539
0.075003297
0.075005099
0.074998075
0.075003297
0.075005099
0.074998075
0.075003297
0.075005099
0.074998075
0.074998601
0.075002026
0.074998123
0.074998601
0.075002026
0.074998123
0.074998601
0.075002026
0.074998123
0.075000897
0.074999996
0.075000051
0.075000897
0.074999996
0.075000051
0.075000897
0.074999996
0.075000051
0.074999958
0.075000027
0.074999976
0.074999958
0.075000027
0.074999976
0.074999958
0.075000027
0.074999976
0.07500001
0.075000001
0.074999999
0.07500001
0.075000001
0.074999999
0.07500001
0.075000001
0.074999999
0.075
0.075
0.075
0.075
0.075
0.075
0.075
0.075
0.075
0.075
0.075
0.075
0.075
0.075
0.075
0.075
0.075
0.075
